0005 0014 1 1671002900347440 -19.5 -56.5 4.718524903536232 5 
0005 0015 1 1671002900349965 16.25 -57.0 3.693825737228624 5 
0005 0009 1 1671002900351157 -16.25 -58.0 5.405748296509 5 
0005 0003 1 1671002900352133 3.25 -63.0 1.8960002538266525 5 
0005 0013 1 1671002900353270 22.75 -59.0 0.8528933180644165 5 
0005 0000 1 1671002900356239 -22.75 -59.5 5.884350302329319 5 
0005 0005 1 1671002900357426 9.75 -52.0 4.147884050442774 5 
0005 0004 1 1671002900359649 35.75 -62.5 1.4726215563702154 5 
0005 0011 1 1671002900361991 -42.3125 -60.5 4.374913207049849 5 
0005 0006 1 1671002900366511 35.75 -69.0 5.93343768754166 5 
0005 0009 2 1671002900407490 117.125 -62.5 1.4726215563702154 5 
0005 0011 2 1671002900410467 19.5 -59.5 1.7916895602504288 5 
0005 0007 2 1671002900412599 42.3125 -64.0 1.88986433067511 5 
0005 0000 2 1671002900415245 19.5 -63.5 1.5892040962495242 5 
0005 0008 2 1671002900417787 48.8125 -62.0 0.1595340019401067 5 
0005 0005 2 1671002900420535 -65.875 -64.0 3.9453985864418692 5 
0005 0003 2 1671002900421484 -42.3125 -62.0 4.479223900626073 5 
0005 0014 3 1671002900448827 26.0 -65.5 5.620505606812989 5 
0005 0015 3 1671002900453972 6.5 -67.5 5.71868037723767 5 
0005 0005 3 1671002900455533 35.75 -68.0 0.3436116964863836 5 
0005 0015 4 1671002900491570 13.0 -65.5 5.589825991055276 5 
0005 0005 4 1671002900498317 -22.75 -69.5 3.6201946594101133 5 
0005 0014 5 1671002900530313 -52.0625 -68.0 0.944932165337555 5 
0005 0012 6 1671002900555819 13.0 -70.0 3.104777114680538 5 
0005 0014 6 1671002900563235 -94.375 -67.0 3.5588354278946874 5 
0005 0006 6 1671002900566689 136.6875 -72.0 6.2463697682703305 5 
0005 0010 7 1671002900602712 9.75 -66.0 0.4540583132141498 5 
0005 0013 7 1671002900610103 9.75 -67.0 5.651185222570702 5 
0005 0004 7 1671002900611323 17.0625 -70.5 3.153864499892878 5 
0005 0015 8 1671002900638461 29.25 -62.0 0.4049709280018093 5 
0005 0004 8 1671002900639423 -79.75 -69.5 4.276738436625168 5 
0005 0006 8 1671002900642568 136.6875 -68.0 1.4419419406125027 5 
0005 0013 8 1671002900643973 -13.0 -64.0 3.6999616603801666 5 
0005 0014 8 1671002900647030 -29.25 -68.0 5.43029198911517 5 
0005 0011 8 1671002900647983 -152.9375 -69.0 4.847379289718626 5 
0005 0012 8 1671002900651620 136.6875 -69.0 2.5709518004963345 5 
0005 0009 8 1671002900655147 6.5 -63.0 0.42337869745643697 5 
0005 0010 8 1671002900656594 19.5 -58.5 0.28225246497095796 5 
0005 0005 8 1671002900658566 -39.0 -67.0 5.00077736850719 5 
0005 0009 1 1671002900876365 -26.0 -57.5 5.411884219660542 5 
0005 0015 1 1671002900877556 3.25 -57.5 3.693825737228624 5 
0005 0003 1 1671002900880112 35.75 -63.5 1.7732817907958012 5 
0005 0013 1 1671002900881095 32.5 -59.5 0.8160777791551611 5 
0005 0011 1 1671002900883419 35.75 -59.5 4.25833066717054 5 
0005 0005 1 1671002900884860 -13.8125 -52.5 4.154019973594316 5 
0005 0000 1 1671002900892115 16.25 -60.0 6.270913460876501 5 
0005 0006 1 1671002900893320 -39.0 -68.0 6.013204688511713 5 
0005 0004 1 1671002900897419 -16.25 -62.5 1.576932249946439 5 
0005 0014 1 1671002900901006 -22.75 -56.5 4.700117134081604 5 
0005 0011 2 1671002900926649 -6.5 -60.0 1.6873788666742053 5 
0005 0008 2 1671002900929697 107.375 -63.0 6.2463697682703305 5 
0005 0009 2 1671002900933077 35.75 -63.0 1.6014759425526093 5 
0005 0007 2 1671002900934298 -74.8125 -64.0 2.018718716857504 5 
0005 0005 2 1671002900937988 -52.0625 -64.5 4.0558452031696355 5 
0005 0000 2 1671002900942414 29.25 -63.5 1.509437095279471 5 
0005 0003 2 1671002900943361 -19.5 -63.0 4.3933209765044765 5 
0005 0005 3 1671002900980362 -97.625 -67.5 0.4540583132141498 5 
0005 0014 3 1671002900981483 65.0625 -65.5 5.737088146692298 5 
0005 0015 3 1671002900985431 3.25 -67.5 5.675728915176872 5 
0005 0005 4 1671002901021742 68.3125 -70.5 3.5342917352885173 5 
0005 0015 4 1671002901022693 -42.3125 -65.5 5.638913376267617 5 
0005 0014 5 1671002901057660 9.75 -68.5 0.9203884727313847 5 
0005 0006 6 1671002901088911 3.25 -73.0 0.07363107781851078 5 
0005 0012 6 1671002901090743 -65.0625 -70.0 3.11091303783208 5 
0005 0014 6 1671002901095244 -39.0 -68.0 3.2643111166206444 5 
0005 0010 7 1671002901117647 6.5 -67.0 0.39269908169872414 5 
0005 0013 7 1671002901118870 26.0 -67.0 5.681864838328415 5 
0005 0004 7 1671002901120331 192.0 -71.0 2.7979809571034093 5 
0005 0006 7 1671002901143853 -74.8125 -71.5 5.988660995905543 5 
0005 0005 8 1671002901167550 -45.5625 -68.0 4.970097752749477 5 
0005 0009 8 1671002901169636 -3.25 -63.5 0.2086213871524472 5 
0005 0006 8 1671002901171068 -32.5 -67.0 1.6014759425526093 5 
0005 0004 8 1671002901172314 84.625 -70.0 4.074252972624263 5 
0005 0015 8 1671002901173532 -22.75 -62.5 0.4479223900626072 5 
0005 0013 8 1671002901179075 -26.0 -64.0 3.718369429834794 5 
0005 0011 8 1671002901181218 65.0625 -69.0 4.362641360746763 5 
0005 0010 8 1671002901182664 -16.25 -59.0 0.2699806186678728 5 
0005 0014 8 1671002901183630 -39.0 -67.5 5.4671075280244255 5 
0005 0012 8 1671002901190071 -6.5 -69.0 2.761165418194154 5 
0005 0005 1 1671002901406173 -35.75 -52.0 4.154019973594316 5 
0005 0004 1 1671002901409091 87.875 -62.5 1.4358060174609601 5 
0005 0014 1 1671002901412817 16.25 -56.5 4.675573441475434 5 
0005 0011 1 1671002901414306 -13.0 -60.0 4.387185053352934 5 
0005 0006 1 1671002901415269 78.0625 -68.5 5.872078456026235 5 
0005 0003 1 1671002901418599 19.5 -63.0 1.8223691760081417 5 
0005 0015 1 1671002901420493 -6.5 -57.0 3.6876898140770815 5 
0005 0000 1 1671002901421528 0.0 -60.0 0.03681553890925539 5 
0005 0013 1 1671002901422695 9.75 -60.0 0.8528933180644165 5 
0005 0009 1 1671002901425110 -9.75 -58.0 5.368932757599744 5 
0005 0009 2 1671002901455957 -185.5 -62.5 2.018718716857504 5 
0005 0008 2 1671002901459259 48.8125 -62.0 0.02454369260617026 5 
0005 0007 2 1671002901465802 104.125 -64.0 1.7978254834019713 5 
0005 0000 2 1671002901467948 39.0 -62.5 1.4296700943094176 5 
0005 0011 2 1671002901469240 -29.25 -60.0 1.7548740213411735 5 
0005 0003 2 1671002901470190 -39.0 -63.0 4.3933209765044765 5 
0005 0005 2 1671002901473025 -52.0625 -65.5 3.810408277107933 5 
0005 0014 3 1671002901509794 -32.5 -65.5 5.970253226450915 5 
0005 0015 3 1671002901511372 195.25 -67.0 5.043728830567988 5 
0005 0005 3 1671002901513725 -149.6875 -66.5 0.4172427743048944 5 
0005 0005 4 1671002901549854 -120.4375 -70.5 3.9208548938356986 5 
0005 0015 4 1671002901553937 22.75 -65.5 5.681864838328415 5 
0005 0014 5 1671002901577699 29.25 -69.5 0.9878836273983529 5 
0005 0012 6 1671002901610325 208.3125 -69.5 2.730485802436441 5 
0005 0014 6 1671002901611384 9.75 -68.0 3.448388811166921 5 
0005 0006 6 1671002901612802 -39.0 -73.0 0.2454369260617026 5 
0005 0010 7 1671002901637074 22.75 -66.0 0.4908738521234052 5 
0005 0013 7 1671002901641646 -52.0625 -66.5 5.835262917116979 5 
0005 0004 7 1671002901654918 -232.6875 -70.5 3.227495577711389 5 
0005 0006 7 1671002901666138 -97.625 -71.5 6.074563920027139 5 
0005 0009 8 1671002901686271 -29.25 -63.5 0.2699806186678728 5 
0005 0012 8 1671002901689786 -65.0625 -70.0 2.9391071895888885 5 
0005 0014 8 1671002901693683 -42.3125 -68.0 5.381204603902829 5 
0005 0011 8 1671002901696586 -113.875 -69.0 4.853515212870168 5 
0005 0010 8 1671002901698482 22.75 -58.5 0.25157284921324513 5 
0005 0013 8 1671002901699451 29.25 -64.0 3.5342917352885173 5 
0005 0015 8 1671002901701829 9.75 -62.5 0.4172427743048944 5 
0005 0006 8 1671002901704591 65.0625 -67.5 1.5278448647340985 5 
0005 0004 8 1671002901706149 -87.0625 -70.5 4.2031073588066565 5 
0005 0005 8 1671002901710631 -87.875 -67.5 4.9823695990525625 5 
0005 0013 1 1671002901926134 3.25 -60.0 0.8528933180644165 5 
0005 0006 1 1671002901927127 130.1875 -70.0 5.71868037723767 5 
0005 0011 1 1671002901928318 -13.0 -61.0 4.362641360746763 5 
0005 0004 1 1671002901930494 22.75 -63.0 1.4480778637640452 5 
0005 0014 1 1671002901931952 -9.75 -56.0 4.743068596142402 5 
0005 0009 1 1671002901933611 6.5 -57.5 5.3198453723874035 5 
0005 0003 1 1671002901941822 32.5 -63.5 1.7671458676442586 5 
0005 0015 1 1671002901944355 -9.75 -57.0 3.736777199289422 5 
0005 0005 1 1671002901946034 7.3125 -52.0 4.074252972624263 5 
0005 0000 1 1671002901946954 0.0 -60.0 0.0 5 
0005 0009 2 1671002901979407 84.625 -64.0 1.552388557340269 5 
0005 0003 2 1671002901981728 -19.5 -63.0 4.387185053352934 5 
0005 0008 2 1671002901983569 48.8125 -62.5 0.09817477042468103 5 
0005 0007 2 1671002901984846 61.8125 -64.0 1.9512235621905356 5 
0005 0011 2 1671002901985825 -58.5625 -60.0 1.7978254834019713 5 
0005 0000 2 1671002901987056 -71.5625 -62.5 1.5033011721279284 5 
0005 0005 2 1671002901991731 -19.5 -65.0 3.7981364308048478 5 
0005 0005 3 1671002902020599 69.125 -67.0 0.1902136176978195 5 
0005 0015 3 1671002902021835 48.8125 -66.5 5.313709449235861 5 
0005 0014 3 1671002902023281 -65.0625 -66.0 6.000932842208628 5 
0005 0004 3 1671002902025095 121.25 -68.5 0.8160777791551611 5 
0005 0005 4 1671002902049146 -114.6875 -70.0 3.810408277107933 5 
0005 0015 4 1671002902051430 13.0 -66.0 5.6573211457222445 5 
0005 0014 5 1671002902091740 19.5 -68.5 0.9633399347921826 5 
0005 0014 6 1671002902117358 -35.75 -68.0 3.454524734318464 5 
0005 0006 6 1671002902122496 117.125 -72.0 0.0674951546669682 5 
0005 0012 6 1671002902125229 -78.0625 -70.0 3.2397674240144743 5 
0005 0013 7 1671002902162999 -6.5 -67.5 5.780039608753096 5 
0005 0010 7 1671002902169302 16.25 -66.5 0.4724660826687775 5 
0005 0004 7 1671002902184402 21.125 -72.0 3.06182565261974 5 
0005 0006 8 1671002902216184 133.4375 -69.0 1.3499030933393643 5 
0005 0009 8 1671002902217134 -3.25 -63.0 0.5460971604872883 5 
0005 0013 8 1671002902218057 -6.5 -64.0 3.5895150436524004 5 
0005 0015 8 1671002902227456 13.0 -62.5 0.39269908169872414 5 
0005 0010 8 1671002902228403 0.0 -58.5 0.23316507975861744 5 
0005 0004 8 1671002902231697 -6.5 -69.5 4.080388895775806 5 
0005 0014 8 1671002902232649 26.0 -67.5 5.338253141842031 5 
0005 0011 8 1671002902233950 0.0 -70.0 4.601942363656923 5 
0005 0005 8 1671002902236020 45.5625 -67.5 4.804427827657828 5 
0005 0012 8 1671002902250202 65.0625 -68.5 2.724349879284899 5 
0005 0005 1 1671002902470447 -32.5 -52.0 4.049709280018092 5 
0005 0003 1 1671002902471623 -39.0 -63.5 1.8162332528565992 5 
0005 0004 1 1671002902475433 -27.625 -62.0 1.4358060174609601 5 
0005 0009 1 1671002902479258 -9.75 -57.5 5.295301679781233 5 
0005 0006 1 1671002902480434 74.8125 -69.0 5.675728915176872 5 
0005 0013 1 1671002902481328 6.5 -60.0 0.7669903939428205 5 
0005 0011 1 1671002902482234 3.25 -60.5 4.227651051412827 5 
0005 0000 1 1671002902485672 -13.0 -60.0 6.191146459906448 5 
0005 0015 1 1671002902488828 -16.25 -57.0 3.7122335066832517 5 
0005 0014 1 1671002902491277 -48.8125 -56.0 4.749204519293945 5 
0005 0011 2 1671002902518086 52.0625 -60.0 1.5462526341887264 5 
0005 0003 2 1671002902519273 -3.25 -63.0 4.2031073588066565 5 
0005 0009 2 1671002902522128 39.0 -63.0 1.509437095279471 5 
0005 0005 2 1671002902524385 -52.0625 -64.0 3.736777199289422 5 
0005 0007 2 1671002902525564 -65.0625 -63.5 1.9573594853420782 5 
0005 0008 2 1671002902526738 19.5 -62.5 0.0674951546669682 5 
0005 0000 2 1671002902527703 9.75 -63.0 1.368310862793992 5 
0005 0014 3 1671002902578735 74.8125 -65.5 5.902758071783947 5 
0005 0015 3 1671002902580553 19.5 -67.5 5.5284667595398505 5 
0005 0005 3 1671002902583243 34.9375 -67.0 0.521553467881118 5 
0005 0005 4 1671002902618019 -3.25 -69.5 3.730641276137879 5 
0005 0015 4 1671002902619014 22.75 -65.5 5.724816300389213 5 
0005 0014 5 1671002902657885 48.8125 -69.0 0.9817477042468103 5 
0005 0012 6 1671002902686916 110.625 -69.5 2.8838838812250054 5 
0005 0006 6 1671002902688730 48.8125 -71.5 0.1902136176978195 5 
0005 0014 6 1671002902691710 -39.0 -68.0 3.479068426924634 5 
0005 0004 7 1671002902730318 211.5625 -70.0 2.60776733940559 5 
0005 0010 7 1671002902732938 39.0 -66.0 0.1902136176978195 5 
0005 0013 7 1671002902734299 16.25 -68.0 5.681864838328415 5 
0005 0006 7 1671002902740691 -65.0625 -72.5 5.93343768754166 5 
0005 0010 8 1671002902781180 -16.25 -59.0 0.14112623248547898 5 
0005 0009 8 1671002902784014 16.25 -62.5 0.3436116964863836 5 
0005 0005 8 1671002902785050 -52.0625 -68.5 4.755340442445488 5 
0005 0013 8 1671002902787810 29.25 -64.0 3.3440781175906977 5 
0005 0012 8 1671002902790245 -3.25 -68.0 2.816388726558037 5 
0005 0014 8 1671002902793271 -9.75 -67.5 5.375068680751287 5 
0005 0015 8 1671002902794322 6.5 -62.5 0.4111068511533518 5 
0005 0006 8 1671002902798906 -74.8125 -68.0 1.4296700943094176 5 
0005 0011 8 1671002902800242 -91.125 -71.5 4.589670517353839 5 
0005 0004 8 1671002902801190 38.1875 -70.0 3.9638063558964967 5 
0005 0009 1 1671002903018638 9.75 -57.5 5.246214294568893 5 
0005 0003 1 1671002903021576 35.75 -63.5 1.6444274046134073 5 
0005 0014 1 1671002903023246 -3.25 -56.0 4.693981210930062 5 
0005 0004 1 1671002903024705 32.5 -62.0 1.2640001692177683 5 
0005 0005 1 1671002903027759 -16.25 -52.0 4.01902966426038 5 
0005 0006 1 1671002903028736 -87.875 -69.0 5.927301764390117 5 
0005 0000 1 1671002903029715 -13.0 -60.0 6.1850105367549055 5 
0005 0011 1 1671002903037117 -35.75 -60.5 4.239922897715912 5 
0005 0015 1 1671002903041608 -39.0 -57.0 3.7429131224409646 5 
0005 0012 1 1671002903043639 143.1875 -70.5 1.8346410223112268 5 
0005 0013 1 1671002903044588 -3.25 -59.5 0.7363107781851077 5 
0005 0003 2 1671002903067677 -3.25 -63.0 4.09266074207889 5 
0005 0000 2 1671002903068730 -52.0625 -61.5 1.368310862793992 5 
0005 0008 2 1671002903069919 -74.8125 -61.5 0.09203884727313846 5 
0005 0005 2 1671002903071602 19.5 -66.0 3.3195344249845276 5 
0005 0009 2 1671002903076444 -91.125 -62.5 1.6751070203711202 5 
0005 0007 2 1671002903077399 120.4375 -65.0 1.7303303287350031 5 
0005 0011 2 1671002903080951 -9.75 -60.0 1.607611865704152 5 
0005 0015 3 1671002903127498 -16.25 -68.0 5.595961914206819 5 
0005 0005 3 1671002903132617 -42.3125 -67.5 0.7424467013366504 5 
0005 0014 3 1671002903133808 81.375 -65.0 5.8659425328746915 5 
0005 0005 4 1671002903168689 -114.6875 -69.0 3.6017868899554855 5 
0005 0015 4 1671002903172173 13.0 -65.5 5.8659425328746915 5 
0005 0014 5 1671002903210180 -65.0625 -68.5 1.282407938672396 5 
0005 0014 6 1671002903236513 -68.3125 -68.0 3.54042765844006 5 
0005 0006 6 1671002903241968 -143.1875 -72.0 0.521553467881118 5 
0005 0012 6 1671002903243787 -42.3125 -70.5 3.000466421104314 5 
0005 0010 7 1671002903273342 -42.3125 -66.0 0.0859029241215959 5 
0005 0013 7 1671002903278796 26.0 -66.5 5.5714182216006485 5 
0005 0011 8 1671002903317588 -39.0 -69.0 4.381049130201391 5 
0005 0006 8 1671002903318719 74.8125 -69.5 1.1780972450961724 5 
0005 0014 8 1671002903322021 -81.375 -68.5 5.289165756629691 5 
0005 0005 8 1671002903324122 -61.8125 -69.0 4.374913207049849 5 
0005 0013 8 1671002903328280 -78.0625 -63.0 3.7429131224409646 5 
0005 0012 8 1671002903330612 35.75 -69.0 2.5954954931025047 5 
0005 0015 8 1671002903332116 39.0 -62.5 0.3865631585471816 5 
0005 0010 8 1671002903334253 -22.75 -59.5 0.02454369260617026 5 
0005 0009 8 1671002903335264 45.5625 -63.0 6.191146459906448 5 
0005 0004 8 1671002903336225 -9.75 -70.0 3.859495662320273 5 
0005 0013 1 1671002903558081 13.0 -59.5 0.7547185476397354 5 
0005 0015 1 1671002903560203 26.0 -57.0 3.6263305825616556 5 
0005 0005 1 1671002903561317 -9.75 -52.5 4.000621894805752 5 
0005 0004 1 1671002903562295 -30.875 -62.5 1.423534171157875 5 
0005 0003 1 1671002903563500 -58.5625 -63.0 1.7978254834019713 5 
0005 0006 1 1671002903564462 55.3125 -69.0 5.71868037723767 5 
0005 0011 1 1671002903571581 3.25 -60.5 4.28287435977671 5 
0005 0009 1 1671002903573030 -9.75 -58.0 5.264622064023521 5 
0005 0014 1 1671002903574235 22.75 -56.5 4.6878452877785195 5 
0005 0000 1 1671002903575879 -3.25 -59.5 6.22182607566416 5 
0005 0012 1 1671002903578762 71.5625 -71.5 1.8775924843720249 5 
0005 0000 2 1671002903611528 58.5625 -62.5 1.2517283229146832 5 
0005 0008 2 1671002903614278 22.75 -62.0 0.006135923151542565 5 
0005 0007 2 1671002903615317 58.5625 -64.0 1.8039614065535141 5 
0005 0011 2 1671002903617218 84.625 -61.0 1.4664856332186729 5 
0005 0009 2 1671002903618622 29.25 -62.0 1.4358060174609601 5 
0005 0003 2 1671002903619601 -94.375 -63.0 4.270602513473625 5 
0005 0005 2 1671002903621528 -133.4375 -67.0 3.6386024288647407 5 
0005 0015 3 1671002903658706 -71.5625 -67.5 5.792311455056181 5 
0005 0005 3 1671002903660281 -55.3125 -68.0 0.7117670855789375 5 
0005 0014 3 1671002903661638 6.5 -65.0 5.957981380147831 5 
0005 0004 3 1671002903669445 -326.3125 -68.5 1.423534171157875 5 
0005 0015 4 1671002903696359 -6.5 -64.5 5.859806609723149 5 
0005 0005 4 1671002903703216 48.8125 -70.0 3.423845118560751 5 
0005 0014 5 1671002903733618 130.1875 -69.0 0.8222137023067037 5 
0005 0006 6 1671002903756436 -81.375 -72.0 0.3988350048502667 5 
0005 0014 6 1671002903758480 -81.375 -68.0 3.4606606574700063 5 
0005 0012 6 1671002903761729 94.375 -71.5 2.804116880254952 5 
0005 0010 7 1671002903789235 -68.3125 -67.0 0.06135923151542565 5 
0005 0013 7 1671002903798503 -91.125 -65.5 5.681864838328415 5 
0005 0006 7 1671002903805669 104.125 -72.0 5.608233760509904 5 
0005 0004 8 1671002903837174 -29.25 -70.0 3.724505352986337 5 
0005 0010 8 1671002903838139 16.25 -59.5 6.19728238305799 5 
0005 0006 8 1671002903839444 19.5 -69.0 1.1658253987930873 5 
0005 0013 8 1671002903840381 6.5 -63.5 3.5956509668039427 5 
0005 0011 8 1671002903841335 -120.4375 -70.5 4.516039439535327 5 
0005 0014 8 1671002903842480 -16.25 -68.5 5.264622064023521 5 
0005 0005 8 1671002903843699 -29.25 -68.5 4.516039439535327 5 
0005 0009 8 1671002903844880 13.0 -62.5 0.1043106935762236 5 
0005 0015 8 1671002903846285 3.25 -62.0 0.36815538909255385 5 
0005 0012 8 1671002903862535 110.625 -69.0 2.36846633649543 5 
0005 0003 1 1671002904078040 -13.0 -63.5 1.7855536370988863 5 
0005 0013 1 1671002904079262 29.25 -59.5 0.7424467013366504 5 
0005 0000 1 1671002904081583 13.0 -60.5 6.234097921967246 5 
0005 0005 1 1671002904084243 -17.0625 -52.0 4.049709280018092 5 
0005 0011 1 1671002904088340 -22.75 -61.0 4.264466590322082 5 
0005 0014 1 1671002904089529 -9.75 -56.0 4.7307967498393175 5 
0005 0015 1 1671002904091714 -6.5 -57.0 3.6876898140770815 5 
0005 0012 1 1671002904093192 -58.5625 -71.5 1.9144080232812801 5 
0005 0009 1 1671002904094379 0.0 -58.0 5.289165756629691 5 
0005 0004 1 1671002904097199 55.3125 -62.5 1.337631247036279 5 
0005 0006 1 1671002904099608 -3.25 -68.5 5.773903685601553 5 
0005 0007 2 1671002904136332 78.0625 -65.0 1.7303303287350031 5 
0005 0000 2 1671002904148149 94.375 -62.5 1.3008157081270237 5 
0005 0008 2 1671002904149199 35.75 -62.0 6.154330920997192 5 
0005 0011 2 1671002904150204 -3.25 -60.0 1.6444274046134073 5 
0005 0009 2 1671002904153293 6.5 -62.5 1.5892040962495242 5 
0005 0003 2 1671002904154641 -13.0 -62.5 4.0987966652304335 5 
0005 0005 2 1671002904157287 172.5 -65.5 3.184544115650591 5 
0005 0015 3 1671002904198748 -35.75 -67.0 5.675728915176872 5 
0005 0005 3 1671002904200065 -87.875 -67.0 0.6320000846088841 5 
0005 0014 3 1671002904201753 -48.8125 -65.5 6.007068765360171 5 
0005 0004 3 1671002904211377 -32.5 -71.5 0.8283496254582462 5 
0005 0005 4 1671002904242507 -152.9375 -71.0 3.773592738198677 5 
0005 0015 4 1671002904246788 39.0 -65.0 5.724816300389213 5 
0005 0014 5 1671002904275997 42.3125 -69.0 0.9633399347921826 5 
0005 0012 6 1671002904307666 100.875 -70.0 2.718213956133356 5 
0005 0014 6 1671002904314199 32.5 -68.0 3.32567034813607 5 
0005 0006 6 1671002904315431 -9.75 -72.0 0.4111068511533518 5 
0005 0010 7 1671002904340735 -9.75 -66.0 0.09203884727313846 5 
0005 0013 7 1671002904349086 -42.3125 -67.0 5.706408530934585 5 
0005 0004 7 1671002904356359 139.125 -70.5 2.761165418194154 5 
0005 0004 8 1671002904385952 -97.625 -70.0 3.902447124381071 5 
0005 0015 8 1671002904390139 68.3125 -62.0 0.2761165418194154 5 
0005 0013 8 1671002904391360 -16.25 -64.0 3.3624858870453256 5 
0005 0014 8 1671002904392536 -16.25 -68.5 5.270757987175063 5 
0005 0009 8 1671002904393489 -26.0 -63.0 0.006135923151542565 5 
0005 0006 8 1671002904396632 97.625 -68.0 1.1780972450961724 5 
0005 0010 8 1671002904398008 -29.25 -59.5 0.018407769454627694 5 
0005 0012 8 1671002904409143 45.5625 -68.5 2.5402721847386216 5 
0005 0011 8 1671002904410691 -71.5625 -70.0 4.313553975534423 5 
0005 0005 8 1671002904411624 -87.875 -68.0 4.6878452877785195 5 
0005 0011 1 1671002904628347 -29.25 -61.0 4.362641360746763 5 
0005 0013 1 1671002904629724 13.0 -60.0 0.7853981633974483 5 
0005 0004 1 1671002904632469 10.5625 -63.0 1.4603497100671303 5 
0005 0003 1 1671002904633406 -16.25 -63.5 1.8223691760081417 5 
0005 0014 1 1671002904634597 22.75 -56.0 4.71238898038469 5 
0005 0009 1 1671002904635790 3.25 -58.0 5.338253141842031 5 
0005 0000 1 1671002904638870 39.0 -60.0 6.264777537724958 5 
0005 0005 1 1671002904639846 -26.0 -52.0 4.1417481272912315 5 
0005 0015 1 1671002904643987 19.5 -57.0 3.6570101983193686 5 
0005 0006 1 1671002904651229 -123.6875 -69.5 5.957981380147831 5 
0005 0008 2 1671002904678527 19.5 -61.5 0.030679615757712823 5 
0005 0011 2 1671002904681762 42.3125 -60.0 1.6198837120072371 5 
0005 0003 2 1671002904685232 9.75 -63.0 4.246058820867455 5 
0005 0000 2 1671002904686724 -100.875 -63.0 1.576932249946439 5 
0005 0009 2 1671002904689159 -16.25 -62.5 1.6935147898257479 5 
0005 0007 2 1671002904691144 123.6875 -64.5 1.8346410223112268 5 
0005 0005 2 1671002904692514 -39.0 -66.0 3.6140587362585705 5 
0005 0005 3 1671002904726183 68.3125 -67.0 0.25157284921324513 5 
0005 0015 3 1671002904729764 -58.5625 -67.5 5.577554144752192 5 
0005 0014 3 1671002904732668 45.5625 -65.5 6.000932842208628 5 
0005 0015 4 1671002904760134 6.5 -64.5 5.773903685601553 5 
0005 0005 4 1671002904763590 39.0 -70.5 3.448388811166921 5 
0005 0014 5 1671002904800965 91.125 -68.0 0.9019807032767571 5 
0005 0014 6 1671002904830519 61.8125 -68.0 3.2765829629237295 5 
0005 0006 6 1671002904832519 -97.625 -73.0 0.23930100291016002 5 
0005 0012 6 1671002904834687 -9.75 -70.0 2.9391071895888885 5 
0005 0010 7 1671002904880775 -3.25 -66.0 0.09817477042468103 5 
0005 0013 7 1671002904890915 -16.25 -66.0 5.620505606812989 5 
0005 0006 7 1671002904901548 68.3125 -71.5 5.780039608753096 5 
0005 0004 7 1671002904902710 234.3125 -71.0 2.521864415283994 5 
0005 0010 8 1671002904925937 -13.0 -59.5 0.03681553890925539 5 
0005 0004 8 1671002904929729 -62.625 -71.0 3.8410878928656453 5 
0005 0012 8 1671002904932335 74.8125 -68.5 2.5402721847386216 5 
0005 0009 8 1671002904935685 -32.5 -62.5 0.32520392703175593 5 
0005 0015 8 1671002904937162 -26.0 -62.0 0.4663301595172349 5 
0005 0013 8 1671002904941706 -48.8125 -63.5 3.522019888985432 5 
0005 0014 8 1671002904946100 -22.75 -68.5 5.436427912266712 5 
0005 0011 8 1671002904948609 16.25 -70.0 4.417864669110647 5 
0005 0005 8 1671002904949558 -93.5625 -68.0 4.718524903536232 5 
0005 0006 8 1671002904954338 6.5 -69.0 1.3130875544301088 5 
0005 0013 1 1671002905166159 0.0 -59.5 0.859029241215959 5 
0005 0000 1 1671002905169365 13.0 -60.0 6.270913460876501 5 
0005 0015 1 1671002905170639 3.25 -57.0 3.7122335066832517 5 
0005 0003 1 1671002905171561 -3.25 -63.5 1.8714565612204823 5 
0005 0005 1 1671002905174671 -7.3125 -52.0 4.147884050442774 5 
0005 0009 1 1671002905178982 -6.5 -58.0 5.3627968344482015 5 
0005 0006 1 1671002905179944 -3.25 -69.5 5.8045833013592665 5 
0005 0014 1 1671002905182340 13.0 -56.0 4.718524903536232 5 
0005 0004 1 1671002905183217 41.5 -63.5 1.3989904785517047 5 
0005 0011 1 1671002905184648 -32.5 -60.0 4.3503695144436785 5 
0005 0008 2 1671002905218169 -45.5625 -62.0 0.1902136176978195 5 
0005 0009 2 1671002905219093 -39.0 -64.0 1.736466251886546 5 
0005 0003 2 1671002905220295 -3.25 -62.0 4.28287435977671 5 
0005 0011 2 1671002905221503 -35.75 -60.0 1.7241944055834606 5 
0005 0007 2 1671002905224891 94.375 -64.0 1.8285050991596843 5 
0005 0000 2 1671002905229211 35.75 -62.0 1.4542137869155878 5 
0005 0005 2 1671002905231590 87.875 -65.5 3.522019888985432 5 
0005 0005 3 1671002905269566 -69.125 -68.0 0.6933593161243098 5 
0005 0014 3 1671002905271688 113.875 -65.5 5.755495916146925 5 
0005 0015 3 1671002905273590 -166.0 -67.0 5.829126993965437 5 
0005 0004 3 1671002905275881 24.375 -70.0 0.8835729338221293 5 
0005 0015 4 1671002905299454 -42.3125 -65.5 5.884350302329319 5 
0005 0005 4 1671002905302129 -225.375 -70.5 3.847223816017188 5 
0005 0014 5 1671002905337712 -146.4375 -68.5 1.227184630308513 5 
