0005 0008 1 1671005639148256 -126.9375 -68.0 4.626486056263094 1 
0005 0013 1 1671005639150229 -45.5625 -60.5 4.448544284868359 1 
0005 0004 1 1671005639151164 55.3125 -65.0 2.36846633649543 1 
0005 0015 1 1671005639152102 29.25 -57.0 1.9634954084936207 1 
0005 0007 1 1671005639153055 -55.3125 -67.0 0.3374757733348411 1 
0005 0006 1 1671005639157011 -22.75 -64.5 2.086213871524472 1 
0005 0010 1 1671005639158590 120.4375 -62.5 4.76147636559703 1 
0005 0011 1 1671005639162063 -58.5625 -66.5 1.4173982480063325 1 
0005 0004 2 1671005639187504 -90.3125 -62.5 5.123495831538041 1 
0005 0010 2 1671005639192171 -22.75 -62.5 2.1905245651006955 1 
0005 0014 2 1671005639194269 -100.875 -66.5 3.552699504743145 1 
0005 0012 2 1671005639195615 -48.8125 -68.0 6.166602767300278 1 
0005 0005 2 1671005639196785 21.125 -65.0 0.8467573949128739 1 
0005 0006 2 1671005639199699 187.125 -69.0 0.8222137023067037 1 
0005 0009 2 1671005639205583 221.3125 -70.0 1.6996507129772904 1 
0005 0012 3 1671005639237358 -35.75 -62.0 1.6751070203711202 1 
0005 0013 3 1671005639239074 -126.9375 -63.5 5.853670686571607 1 
0005 0004 3 1671005639242817 3.25 -64.0 3.9822141253511245 1 
0005 0011 3 1671005639243785 -58.5625 -66.5 1.5892040962495242 1 
0005 0006 3 1671005639245002 -68.3125 -65.5 1.2333205534600555 1 
0005 0005 3 1671005639247223 9.75 -57.0 4.577398671050753 1 
0005 0014 3 1671005639248177 113.875 -65.0 2.2396119503130363 1 
0005 0007 3 1671005639249540 -104.125 -69.0 3.9515345095934116 1 
0005 0015 3 1671005639252771 -58.5625 -67.0 2.399145952253143 1 
0005 0011 4 1671005639296462 6.5 -55.0 0.47860200582032003 1 
0005 0013 4 1671005639298268 -32.5 -64.0 4.252194744018997 1 
0005 0010 4 1671005639299234 100.875 -70.0 5.424156065963627 1 
0005 0005 4 1671005639300166 68.3125 -65.5 0.803805932852076 1 
0005 0015 4 1671005639302938 -3.25 -59.0 3.902447124381071 1 
0005 0012 4 1671005639304417 -52.0625 -67.0 4.693981210930062 1 
0005 0004 4 1671005639305616 -3.25 -65.0 1.1903690913992575 1 
0005 0007 4 1671005639307761 26.0 -57.0 2.9697868053466014 1 
0005 0014 4 1671005639310720 -81.375 -62.5 4.632621979414636 1 
0005 0008 4 1671005639311783 -29.25 -62.5 3.1661363461959633 1 
0005 0000 4 1671005639312731 126.9375 -72.0 0.9326603190344698 1 
0005 0014 5 1671005639336208 -13.0 -64.0 5.816855147662351 1 
0005 0011 5 1671005639337146 -97.625 -69.0 6.080699843178682 1 
0005 0007 5 1671005639339984 -81.375 -67.0 2.9513790358919736 1 
0005 0005 5 1671005639346566 -17.0625 -63.0 4.2031073588066565 1 
0005 0006 5 1671005639349597 -68.3125 -67.5 1.8960002538266525 1 
0005 0015 5 1671005639351512 22.75 -62.5 1.4051264017032472 1 
0005 0013 5 1671005639354136 -16.25 -69.5 6.12365130523948 1 
0005 0012 5 1671005639362968 -42.3125 -68.5 0.07976700097005335 1 
0005 0007 6 1671005639385949 91.125 -72.5 0.12885438618239387 1 
0005 0006 6 1671005639390220 9.75 -67.0 4.706253057233147 1 
0005 0005 6 1671005639391125 -21.125 -61.0 5.608233760509904 1 
0005 0014 6 1671005639403179 -19.5 -70.0 5.884350302329319 1 
0005 0013 7 1671005639447151 -39.0 -65.5 0.4540583132141498 1 
0005 0015 7 1671005639450694 -58.5625 -70.0 1.8960002538266525 1 
0005 0012 7 1671005639458048 175.75 -65.0 1.859184714917397 1 
0005 0004 7 1671005639459190 21.125 -61.0 0.2270291566070749 1 
0005 0006 7 1671005639463477 -42.3125 -61.5 3.902447124381071 1 
0005 0007 7 1671005639474198 130.1875 -71.0 0.5031456984264903 1 
0005 0014 8 1671005639495839 -48.8125 -66.0 2.945243112740431 1 
0005 0004 8 1671005639498708 42.3125 -60.5 3.3502140407422405 1 
0005 0013 8 1671005639504657 -9.75 -69.5 0.21475731030398976 1 
0005 0006 8 1671005639512156 6.5 -62.0 6.270913460876501 1 
0005 0012 8 1671005639513847 -26.0 -66.5 6.270913460876501 1 
0005 0015 1 1671005639737255 -16.25 -57.0 2.000310947402876 1 
0005 0008 1 1671005639738430 9.75 -69.5 4.2092432819582 1 
0005 0010 1 1671005639739877 -22.75 -62.0 5.019185137961818 1 
0005 0006 1 1671005639742224 19.5 -64.5 2.024854640009046 1 
0005 0013 1 1671005639743687 -19.5 -60.5 4.405592822807561 1 
0005 0007 1 1671005639751734 26.0 -66.5 0.35588354278946877 1 
0005 0004 1 1671005639754972 0.0 -65.0 2.227340104009951 1 
0005 0011 1 1671005639756608 -48.8125 -66.5 1.325359400733194 1 
0005 0012 2 1671005639787303 39.0 -69.0 6.258641614573416 1 
0005 0014 2 1671005639788946 -87.875 -66.0 3.497476196379262 1 
0005 0009 2 1671005639790125 130.1875 -70.0 1.8039614065535141 1 
0005 0005 2 1671005639791595 87.875 -65.0 0.705631162427395 1 
0005 0006 2 1671005639793035 55.3125 -69.5 0.9633399347921826 1 
0005 0010 2 1671005639795457 -3.25 -63.0 2.1782527187976104 1 
0005 0004 2 1671005639799827 -13.0 -62.5 4.97623367590102 1 
0005 0006 3 1671005639837095 68.3125 -66.5 0.8774370106705868 1 
0005 0004 3 1671005639838481 52.0625 -64.0 3.8533597391687304 1 
0005 0015 3 1671005639841231 -42.3125 -67.0 2.356194490192345 1 
0005 0005 3 1671005639842207 -34.9375 -57.5 4.657165672020807 1 
0005 0013 3 1671005639844362 -100.875 -63.5 5.767767762450011 1 
0005 0007 3 1671005639845269 13.0 -69.5 3.7122335066832517 1 
0005 0012 3 1671005639848205 61.8125 -62.0 1.4910293258248433 1 
0005 0011 3 1671005639849129 117.125 -65.5 1.4726215563702154 1 
0005 0014 3 1671005639852836 65.0625 -64.5 2.2886993355253766 1 
0005 0014 4 1671005639896115 -19.5 -63.0 4.534447208989955 1 
0005 0008 4 1671005639898153 0.0 -63.0 2.9206994201342606 1 
0005 0011 4 1671005639899093 19.5 -55.0 0.4111068511533518 1 
0005 0004 4 1671005639900070 17.0625 -64.5 1.141281706186917 1 
0005 0007 4 1671005639901102 0.0 -57.0 2.9513790358919736 1 
0005 0013 4 1671005639903455 0.0 -64.0 4.246058820867455 1 
0005 0012 4 1671005639904424 -22.75 -66.5 4.632621979414636 1 
0005 0015 4 1671005639908614 -42.3125 -59.5 3.9576704327449543 1 
0005 0010 4 1671005639911494 -22.75 -70.5 5.688000761479957 1 
0005 0005 4 1671005639912444 65.0625 -66.0 0.8406214717613314 1 
0005 0000 4 1671005639914358 -29.25 -71.5 1.3314953238847365 1 
0005 0014 5 1671005639939808 61.8125 -63.5 5.730952223540755 1 
0005 0005 5 1671005639940755 -42.3125 -64.0 4.129476280988146 1 
0005 0012 5 1671005639945985 -84.625 -68.5 0.04908738521234052 1 
0005 0013 5 1671005639947151 -35.75 -68.5 6.17273869045182 1 
0005 0015 5 1671005639948260 26.0 -62.0 1.4296700943094176 1 
0005 0007 5 1671005639949213 123.6875 -67.0 2.5770877236478773 1 
0005 0006 5 1671005639950681 -13.8125 -66.5 1.9512235621905356 1 
0005 0011 5 1671005639953897 35.75 -69.0 5.970253226450915 1 
0005 0014 6 1671005639982129 -74.8125 -70.5 6.037748381117884 1 
0005 0005 6 1671005639983075 19.5 -61.0 5.448699758569798 1 
0005 0007 6 1671005639993364 87.875 -72.5 0.25157284921324513 1 
0005 0006 6 1671005639994309 6.5 -66.5 4.718524903536232 1 
0005 0004 7 1671005640016270 -7.3125 -61.0 0.3313398501832985 1 
0005 0006 7 1671005640017192 -26.0 -62.5 4.01902966426038 1 
0005 0012 7 1671005640019460 -32.5 -65.0 2.2396119503130363 1 
0005 0015 7 1671005640026986 198.5625 -71.0 1.509437095279471 1 
0005 0013 7 1671005640031730 -16.25 -65.0 0.5031456984264903 1 
0005 0007 7 1671005640036289 133.4375 -69.5 0.3374757733348411 1 
0005 0014 8 1671005640079093 -42.3125 -66.5 2.9084275738311756 1 
0005 0006 8 1671005640084881 -39.0 -61.5 0.0674951546669682 1 
0005 0004 8 1671005640085856 -27.625 -60.5 3.472932503773092 1 
0005 0013 8 1671005640091216 -91.125 -68.5 0.25157284921324513 1 
0005 0012 8 1671005640092379 35.75 -66.5 6.154330920997192 1 
0005 0006 1 1671005640315894 55.3125 -65.0 1.9205439464328227 1 
0005 0011 1 1671005640316861 81.375 -67.0 1.1351457830353744 1 
0005 0015 1 1671005640320149 -3.25 -57.0 1.9819031779482483 1 
0005 0004 1 1671005640322061 34.9375 -65.0 2.429825568010856 1 
0005 0013 1 1671005640324426 22.75 -60.0 4.356505437595221 1 
0005 0010 1 1671005640327733 -32.5 -62.0 5.086680292628786 1 
0005 0007 1 1671005640330129 -13.0 -66.5 0.5031456984264903 1 
0005 0008 1 1671005640332126 97.625 -70.0 3.877903431774901 1 
0005 0006 2 1671005640358926 -19.5 -68.5 1.0369710126106935 1 
0005 0010 2 1671005640359891 -13.0 -63.0 2.2580197197676637 1 
0005 0012 2 1671005640361053 19.5 -68.0 0.0 1 
0005 0004 2 1671005640362017 -52.0625 -63.0 5.074408446325701 1 
0005 0009 2 1671005640363889 -19.5 -70.5 2.12916533358527 1 
0005 0014 2 1671005640367550 16.25 -67.0 3.3440781175906977 1 
0005 0005 2 1671005640370381 19.5 -65.5 0.8651651643675016 1 
0005 0012 3 1671005640396174 -26.0 -62.5 1.6996507129772904 1 
0005 0013 3 1671005640397836 42.3125 -63.0 5.712544454086128 1 
0005 0011 3 1671005640402120 35.75 -66.5 1.521708941582556 1 
0005 0014 3 1671005640403311 26.0 -65.0 2.356194490192345 1 
0005 0015 3 1671005640404262 -22.75 -67.0 2.337786720737717 1 
0005 0007 3 1671005640405456 -110.625 -68.0 3.9515345095934116 1 
0005 0005 3 1671005640408569 22.75 -57.5 4.6448938257177215 1 
0005 0006 3 1671005640415771 -45.5625 -67.0 1.1167380135807468 1 
0005 0015 4 1671005640455957 -16.25 -59.0 3.9576704327449543 1 
0005 0012 4 1671005640457145 3.25 -67.0 4.651029748869264 1 
0005 0000 4 1671005640458564 -22.75 -71.0 1.3130875544301088 1 
0005 0005 4 1671005640459483 -13.0 -65.0 1.0369710126106935 1 
0005 0013 4 1671005640460926 0.0 -64.0 4.264466590322082 1 
0005 0008 4 1671005640462830 61.8125 -64.5 2.6384469551633027 1 
0005 0004 4 1671005640463787 0.0 -64.5 1.2026409377023426 1 
0005 0011 4 1671005640465662 3.25 -55.0 0.5092816215780329 1 
0005 0007 4 1671005640468455 -3.25 -57.0 3.06182565261974 1 
0005 0014 4 1671005640470322 9.75 -63.5 4.522175362686871 1 
0005 0010 4 1671005640476954 42.3125 -69.5 5.66959299202533 1 
0005 0011 5 1671005640507118 -84.625 -68.0 5.970253226450915 1 
0005 0013 5 1671005640509898 110.625 -68.5 5.970253226450915 1 
0005 0006 5 1671005640512426 81.375 -67.5 1.6444274046134073 1 
0005 0005 5 1671005640514262 87.875 -64.5 3.80427235395639 1 
0005 0015 5 1671005640516242 32.5 -62.5 1.3499030933393643 1 
0005 0012 5 1671005640518059 -32.5 -68.0 6.227961998815704 1 
0005 0007 5 1671005640520184 -13.0 -66.5 2.724349879284899 1 
0005 0014 5 1671005640521105 -16.25 -64.0 5.853670686571607 1 
0005 0007 6 1671005640570142 48.8125 -71.5 0.1595340019401067 1 
0005 0005 6 1671005640574285 22.75 -60.5 5.332117218690489 1 
0005 0014 6 1671005640578250 26.0 -69.5 5.890486225480862 1 
0005 0006 6 1671005640580190 -3.25 -66.0 4.675573441475434 1 
0005 0004 7 1671005640616771 -22.75 -60.5 0.2638446955163303 1 
0005 0006 7 1671005640626083 6.5 -62.0 3.822680123411018 1 
0005 0013 7 1671005640634904 55.3125 -65.5 0.32520392703175593 1 
0005 0012 7 1671005640639576 -6.5 -65.5 2.061670178918302 1 
0005 0007 7 1671005640641859 113.875 -70.5 0.3374757733348411 1 
0005 0015 7 1671005640645573 -211.5625 -72.0 2.172116795646068 1 
0005 0012 8 1671005640688171 -110.625 -66.5 0.018407769454627694 1 
0005 0013 8 1671005640693630 97.625 -68.5 6.19728238305799 1 
0005 0004 8 1671005640699192 -27.625 -61.0 3.3318062712876126 1 
0005 0006 8 1671005640700166 3.25 -61.0 6.080699843178682 1 
0005 0014 8 1671005640702179 -52.0625 -66.0 2.9513790358919736 1 
0005 0011 1 1671005640918419 -22.75 -67.0 1.380582709097077 1 
0005 0004 1 1671005640919622 -90.3125 -64.0 2.773437264497239 1 
0005 0013 1 1671005640923606 39.0 -60.5 4.313553975534423 1 
0005 0007 1 1671005640925928 68.3125 -66.0 0.4111068511533518 1 
0005 0008 1 1671005640927739 -74.8125 -69.0 4.387185053352934 1 
0005 0010 1 1671005640928931 -26.0 -62.5 5.178719139901925 1 
0005 0015 1 1671005640930146 0.0 -57.0 1.9941750242513334 1 
0005 0006 1 1671005640931069 -16.25 -65.0 2.2089323345553233 1 
0005 0012 2 1671005640959502 139.9375 -69.0 5.890486225480862 1 
0005 0004 2 1671005640960489 10.5625 -62.5 5.056000676871073 1 
0005 0006 2 1671005640962419 22.75 -68.0 0.9019807032767571 1 
0005 0010 2 1671005640963941 87.875 -63.5 2.116893487282185 1 
0005 0005 2 1671005640964901 -3.25 -64.5 1.043106935762236 1 
0005 0014 2 1671005640966093 -58.5625 -67.0 3.479068426924634 1 
0005 0009 2 1671005640968309 -221.3125 -69.5 2.5341362615870793 1 
0005 0007 3 1671005640996025 65.0625 -69.0 3.9515345095934116 1 
0005 0004 3 1671005640997045 -107.375 -64.0 4.331961744989051 1 
0005 0013 3 1671005640997994 -19.5 -63.0 5.8045833013592665 1 
0005 0005 3 1671005641000853 -22.75 -57.0 4.890330751779424 1 
0005 0014 3 1671005641002255 84.625 -65.0 2.12916533358527 1 
0005 0012 3 1671005641003417 74.8125 -62.5 1.5953400194010667 1 
0005 0011 3 1671005641005829 3.25 -65.0 1.552388557340269 1 
0005 0010 3 1671005641009694 -6.5 -70.5 3.522019888985432 1 
0005 0006 3 1671005641011641 39.0 -67.0 1.086058397823034 1 
0005 0015 3 1671005641013060 16.25 -67.5 2.435961491162398 1 
0005 0010 4 1671005641062622 -52.0625 -70.5 5.982525072754001 1 
0005 0014 4 1671005641064704 3.25 -63.5 4.577398671050753 1 
0005 0000 4 1671005641066335 123.6875 -71.0 1.3314953238847365 1 
0005 0012 4 1671005641068952 -9.75 -66.5 4.6448938257177215 1 
0005 0008 4 1671005641070340 -3.25 -62.5 3.2213596545598464 1 
0005 0015 4 1671005641072706 -16.25 -59.0 3.9147189706841563 1 
0005 0007 4 1671005641075358 -42.3125 -57.5 3.2336315008629315 1 
0005 0011 4 1671005641077255 -3.25 -55.0 0.607456392002714 1 
0005 0004 4 1671005641079706 -13.8125 -64.0 1.3867186322486196 1 
0005 0005 4 1671005641081118 13.0 -64.5 1.3130875544301088 1 
0005 0013 4 1671005641082578 6.5 -63.5 4.331961744989051 1 
0005 0006 5 1671005641106059 -39.0 -69.0 1.8407769454627694 1 
0005 0012 5 1671005641107003 0.0 -68.0 6.062292073724054 1 
0005 0013 5 1671005641109899 -48.8125 -67.5 6.17273869045182 1 
0005 0015 5 1671005641113216 42.3125 -62.5 1.3499030933393643 1 
0005 0005 5 1671005641115258 62.625 -65.0 3.6447383520162835 1 
0005 0011 5 1671005641118330 -133.4375 -68.5 5.957981380147831 1 
0005 0007 5 1671005641120584 91.125 -66.5 2.5280003384355365 1 
0005 0014 5 1671005641121504 -26.0 -64.0 5.8475347634200645 1 
0005 0014 6 1671005641174738 61.8125 -69.5 5.8659425328746915 1 
0005 0005 6 1671005641177045 -9.75 -60.0 5.086680292628786 1 
0005 0006 6 1671005641180423 61.8125 -66.0 4.534447208989955 1 
0005 0007 6 1671005641183443 97.625 -69.5 0.0 1 
0005 0013 7 1671005641220543 45.5625 -65.0 0.5092816215780329 1 
0005 0004 7 1671005641222013 7.3125 -60.5 0.04908738521234052 1 
0005 0012 7 1671005641226164 -16.25 -65.0 1.8714565612204823 1 
0005 0014 7 1671005641232066 -61.8125 -71.5 5.9088939949354895 1 
0005 0006 7 1671005641234244 45.5625 -62.5 3.650874275167826 1 
0005 0007 7 1671005641251294 48.8125 -71.0 0.09817477042468103 1 
0005 0015 7 1671005641252375 166.0 -71.0 1.4664856332186729 1 
0005 0004 8 1671005641281848 3.25 -60.5 2.890019804376548 1 
0005 0014 8 1671005641287331 42.3125 -66.0 2.730485802436441 1 
0005 0013 8 1671005641289118 -32.5 -68.0 0.2454369260617026 1 
0005 0006 8 1671005641290916 -9.75 -61.0 6.227961998815704 1 
0005 0012 8 1671005641293399 45.5625 -66.0 6.007068765360171 1 
0005 0015 1 1671005641508539 39.0 -57.5 2.0371264863121317 1 
0005 0013 1 1671005641509718 -35.75 -62.5 3.153864499892878 1 
0005 0006 1 1671005641510667 16.25 -63.0 0.8958447801252144 1 
0005 0004 1 1671005641514944 17.0625 -57.0 2.8409324191642074 1 
0005 0010 1 1671005641515865 -3.25 -66.0 3.522019888985432 1 
0005 0005 1 1671005641516798 13.8125 -71.0 0.2086213871524472 1 
0005 0008 1 1671005641517890 -22.75 -67.5 4.1172044346850605 1 
0005 0007 1 1671005641518840 3.25 -68.0 5.393476450205914 1 
0005 0004 2 1671005641545955 -27.625 -63.0 4.516039439535327 1 
0005 0006 2 1671005641547894 -26.0 -59.0 5.64504929941916 1 
0005 0007 2 1671005641552628 -224.5625 -68.0 5.853670686571607 1 
0005 0010 2 1671005641554472 -9.75 -68.0 4.356505437595221 1 
0005 0014 2 1671005641557454 -71.5625 -67.0 3.1354567304382504 1 
0005 0009 2 1671005641559129 16.25 -66.5 1.6382914814618648 1 
0005 0009 3 1671005641586749 -16.25 -56.5 1.9819031779482483 1 
0005 0005 3 1671005641588331 -13.0 -57.0 3.067961575771282 1 
0005 0004 3 1671005641592569 13.8125 -58.5 4.270602513473625 1 
0005 0007 3 1671005641598327 39.0 -65.0 1.1719613219446299 1 
0005 0014 3 1671005641602045 9.75 -64.0 1.662835174068035 1 
0005 0012 3 1671005641607514 -55.3125 -65.5 0.30679615757712825 1 
0005 0000 3 1671005641608477 -19.5 -68.0 3.724505352986337 1 
0005 0001 3 1671005641609908 61.8125 -69.0 2.3009711818284617 1 
0005 0006 3 1671005641611546 -32.5 -68.0 0.705631162427395 1 
0005 0011 3 1671005641621966 -234.3125 -70.0 0.8958447801252144 1 
0005 0004 4 1671005641645904 27.625 -62.5 2.067806102069844 1 
0005 0012 4 1671005641647607 -97.625 -70.0 4.0128937411088375 1 
0005 0008 4 1671005641648570 61.8125 -65.5 2.6323110320117604 1 
0005 0014 4 1671005641652110 -19.5 -63.0 4.454680208019902 1 
0005 0006 4 1671005641653827 -61.8125 -68.0 6.234097921967246 1 
0005 0007 4 1671005641654775 -3.25 -56.0 5.301437602932776 1 
0005 0009 4 1671005641655729 -29.25 -60.5 2.3623304133438876 1 
0005 0015 4 1671005641656887 0.0 -59.5 4.485359823777615 1 
0005 0000 4 1671005641658365 -22.75 -58.5 2.9943304979527716 1 
0005 0005 4 1671005641660528 -13.0 -58.5 0.11658253987930872 1 
0005 0011 4 1671005641665842 84.625 -73.0 1.6751070203711202 1 
0005 0003 4 1671005641668939 -130.1875 -75.0 4.908738521234052 1 
0005 0014 5 1671005641703627 169.25 -69.0 5.252350217720435 1 
0005 0009 5 1671005641707023 -94.375 -65.5 4.608078286808466 1 
0005 0005 5 1671005641708211 123.6875 -66.0 4.4976316700806995 1 
0005 0011 6 1671005641741150 -35.75 -74.5 4.8351074434155406 1 
0005 0005 6 1671005641742579 -6.5 -63.5 4.295146206079795 1 
0005 0015 6 1671005641747607 32.5 -65.0 4.706253057233147 1 
0005 0014 6 1671005641749999 156.1875 -70.5 5.338253141842031 1 
0005 0007 6 1671005641752859 16.25 -69.5 3.816544200259475 1 
0005 0005 7 1671005641790008 142.375 -70.0 2.2089323345553233 1 
0005 0006 7 1671005641796054 9.75 -59.5 0.39269908169872414 1 
0005 0004 7 1671005641799032 81.375 -66.0 1.1535535524900022 1 
0005 0014 7 1671005641801544 -146.4375 -67.0 5.749359992995383 1 
0005 0006 8 1671005641828181 9.75 -61.5 0.8774370106705868 1 
0005 0004 8 1671005641841763 -131.8125 -68.0 6.019340611663256 1 
0005 0005 1 1671005642059696 -9.75 -66.5 4.129476280988146 1 
0005 0007 1 1671005642060665 -45.5625 -68.0 2.5709518004963345 1 
0005 0006 1 1671005642062320 13.0 -67.0 2.662990647769473 1 
0005 0014 1 1671005642063513 -78.0625 -66.5 4.657165672020807 1 
0005 0008 1 1671005642065370 -35.75 -64.0 3.153864499892878 1 
0005 0004 1 1671005642066272 9.75 -53.5 0.8835729338221293 1 
0005 0008 2 1671005642099269 39.0 -63.5 1.3008157081270237 1 
0005 0004 2 1671005642100285 13.8125 -70.0 1.0676506283684062 1 
0005 0006 2 1671005642101189 13.0 -60.5 2.779573187648782 1 
0005 0005 2 1671005642102589 62.625 -68.5 5.559146375297564 1 
0005 0015 2 1671005642105601 107.375 -68.5 4.693981210930062 1 
0005 0014 2 1671005642107852 179.0 -70.5 5.976389149602458 1 
0005 0004 3 1671005642136455 17.0625 -61.0 1.9573594853420782 1 
0005 0006 3 1671005642138286 58.5625 -68.5 5.184855063053467 1 
0005 0005 3 1671005642139994 -3.25 -55.5 1.1965050145508 1 
0005 0015 3 1671005642143118 166.0 -66.0 3.0250101137104846 1 
0005 0000 3 1671005642144051 -97.625 -64.5 1.8653206380689396 1 
0005 0008 3 1671005642145468 -45.5625 -59.5 1.7241944055834606 1 
0005 0014 3 1671005642148907 -6.5 -63.0 0.09817477042468103 1 
0005 0014 4 1671005642176394 19.5 -60.0 5.6941366846315 1 
0005 0000 4 1671005642178465 6.5 -59.5 5.921165841238575 1 
0005 0007 4 1671005642182002 19.5 -59.0 1.41126232485479 1 
0005 0005 4 1671005642182978 26.0 -60.0 3.393165502803038 1 
0005 0015 4 1671005642184186 -35.75 -64.5 4.71238898038469 1 
0005 0008 4 1671005642186526 26.0 -58.5 1.4603497100671303 1 
0005 0006 4 1671005642190596 -107.375 -70.5 3.8533597391687304 1 
0005 0005 5 1671005642227183 -48.8125 -62.5 4.773748211900116 1 
0005 0007 5 1671005642237337 -81.375 -67.0 4.276738436625168 1 
0005 0005 6 1671005642273713 -26.0 -66.0 6.086835766330224 1 
0005 0004 7 1671005642316280 -97.625 -64.0 3.816544200259475 1 
0005 0005 7 1671005642324520 -13.0 -69.0 4.381049130201391 1 
0005 0004 8 1671005642345992 -45.5625 -71.0 1.086058397823034 1 
0005 0006 8 1671005642360153 -13.0 -61.0 3.6876898140770815 1 
0005 0008 1 1671005642580184 42.3125 -64.0 2.7979809571034093 1 
0005 0004 1 1671005642581115 -48.8125 -60.5 4.92714629068868 1 
0005 0014 1 1671005642583227 -143.1875 -69.0 3.6386024288647407 1 
0005 0006 1 1671005642584189 -52.0625 -61.0 5.835262917116979 1 
0005 0007 1 1671005642585763 71.5625 -70.0 0.6135923151542565 1 
0005 0015 1 1671005642586745 -84.625 -70.0 4.356505437595221 1 
0005 0006 2 1671005642616735 -45.5625 -61.0 4.086524818927348 1 
0005 0004 2 1671005642618263 61.8125 -63.5 4.828971520263998 1 
0005 0015 2 1671005642622544 -126.9375 -65.5 5.111223985234957 1 
0005 0015 3 1671005642659031 -16.25 -65.0 3.5465635815916023 1 
0005 0004 3 1671005642661505 19.5 -69.5 4.111068511533518 1 
0005 0000 3 1671005642662696 130.1875 -65.5 0.23316507975861744 1 
0005 0014 3 1671005642664766 -61.8125 -65.5 0.705631162427395 1 
0005 0005 3 1671005642666719 0.0 -65.5 5.878214379177777 1 
0005 0007 3 1671005642669418 81.375 -71.0 5.209398755659637 1 
0005 0014 4 1671005642696404 -19.5 -59.5 5.798447378207723 1 
0005 0015 4 1671005642701161 3.25 -61.5 4.2092432819582 1 
0005 0005 4 1671005642702350 3.25 -62.5 2.2518837966161214 1 
0005 0008 4 1671005642703287 -19.5 -60.0 5.00077736850719 1 
0005 0007 4 1671005642704268 -74.8125 -69.0 0.2761165418194154 1 
0005 0000 4 1671005642705794 48.8125 -65.0 0.21475731030398976 1 
0005 0003 4 1671005642709629 338.5 -75.0 5.5284667595398505 1 
0005 0005 5 1671005642739103 -6.5 -64.5 3.2397674240144743 1 
0005 0005 6 1671005642778813 6.5 -64.0 5.197126909356553 1 
0005 0007 6 1671005642793630 48.8125 -72.5 1.043106935762236 1 
0005 0004 7 1671005642818010 13.8125 -60.5 3.399301425954581 1 
0005 0006 7 1671005642819412 45.5625 -69.0 0.19634954084936207 1 
0005 0004 8 1671005642859170 -55.3125 -70.5 1.5892040962495242 1 
0005 0006 8 1671005642866978 -16.25 -62.0 3.724505352986337 1 
0005 0004 1 1671005643086170 -13.0 -60.5 3.368621810196868 1 
0005 0008 1 1671005643088200 -13.0 -63.0 2.3746022596469727 1 
0005 0015 1 1671005643089153 -74.8125 -67.5 4.135612204139688 1 
0005 0007 1 1671005643091306 6.5 -68.0 0.6810874698212247 1 
0005 0006 1 1671005643092211 39.0 -61.5 5.755495916146925 1 
0005 0014 1 1671005643100344 126.9375 -69.5 3.442252888015379 1 
0005 0015 2 1671005643129337 16.25 -65.0 4.8351074434155406 1 
0005 0006 2 1671005643132568 39.0 -62.0 4.080388895775806 1 
0005 0004 2 1671005643134279 -27.625 -62.5 5.129631754689584 1 
0005 0004 3 1671005643156502 -65.0625 -67.5 4.135612204139688 1 
0005 0014 3 1671005643160115 16.25 -65.5 0.9572040116406401 1 
0005 0015 3 1671005643162268 -162.75 -65.5 3.724505352986337 1 
0005 0005 3 1671005643165428 -87.0625 -64.0 0.1902136176978195 1 
0005 0000 3 1671005643166361 -3.25 -65.0 0.0674951546669682 1 
0005 0015 4 1671005643188386 13.0 -61.0 4.129476280988146 1 
0005 0005 4 1671005643189551 169.25 -66.0 1.748738098189631 1 
0005 0014 4 1671005643190466 -6.5 -60.0 5.66959299202533 1 
0005 0006 4 1671005643192801 13.0 -71.5 0.5706408530934585 1 
0005 0007 4 1671005643194473 6.5 -66.5 0.02454369260617026 1 
0005 0008 4 1671005643196867 -39.0 -61.0 4.773748211900116 1 
0005 0000 4 1671005643199264 52.0625 -65.5 6.1420590746941075 1 
0005 0003 4 1671005643208905 -74.8125 -76.0 5.3627968344482015 1 
0005 0005 5 1671005643242857 73.1875 -65.5 3.7429131224409646 1 
0005 0005 6 1671005643290235 0.0 -67.5 5.884350302329319 1 
0005 0004 7 1671005643334449 0.0 -60.0 3.393165502803038 1 
0005 0006 7 1671005643336496 6.5 -67.0 6.154330920997192 1 
0005 0006 8 1671005643371898 -13.0 -62.5 3.724505352986337 1 
0005 0004 8 1671005643374577 -24.375 -69.5 1.8162332528565992 1 
0005 0004 1 1671005643596221 -39.0 -60.0 3.3379421944391554 1 
0005 0015 1 1671005643597852 13.0 -67.0 3.9699422790480394 1 
0005 0008 1 1671005643599414 35.75 -64.0 2.1598449493429825 1 
0005 0007 1 1671005643602431 100.875 -68.5 0.5460971604872883 1 
0005 0014 1 1671005643604821 6.5 -70.0 3.56497135104623 1 
0005 0006 1 1671005643605754 -13.0 -61.5 5.93343768754166 1 
0005 0015 2 1671005643635915 42.3125 -65.5 4.71238898038469 1 
0005 0006 2 1671005643639074 6.5 -61.0 4.172427743048944 1 
0005 0004 2 1671005643641840 -62.625 -62.0 5.190990986205009 1 
0005 0014 3 1671005643670706 -52.0625 -65.5 1.0062913968529805 1 
0005 0000 3 1671005643671641 55.3125 -64.0 6.234097921967246 1 
0005 0015 3 1671005643672536 -29.25 -65.5 3.448388811166921 1 
0005 0005 3 1671005643676240 -104.125 -63.0 0.17794177139473438 1 
0005 0004 3 1671005643678717 133.4375 -68.5 3.902447124381071 1 
0005 0005 4 1671005643710361 -13.0 -66.5 1.8285050991596843 1 
0005 0015 4 1671005643711809 22.75 -60.5 4.104932588381976 1 
0005 0000 4 1671005643712790 91.125 -65.0 6.154330920997192 1 
0005 0007 4 1671005643713712 58.5625 -67.0 6.191146459906448 1 
0005 0008 4 1671005643714674 3.25 -62.0 4.601942363656923 1 
0005 0014 4 1671005643716816 16.25 -60.0 5.626641529964532 1 
0005 0006 4 1671005643719008 -9.75 -70.5 0.5951845456996288 1 
0005 0004 4 1671005643720057 29.25 -71.0 0.6565437772150544 1 
0005 0005 5 1671005643759315 -71.5625 -66.0 3.9822141253511245 1 
0005 0005 6 1671005643790773 24.375 -67.5 5.878214379177777 1 
0005 0004 7 1671005643829623 17.0625 -59.5 3.3624858870453256 1 
0005 0006 7 1671005643835772 74.8125 -66.5 6.025476534814799 1 
0005 0006 8 1671005643871117 17.0625 -62.5 3.6754179677739964 1 
0005 0004 8 1671005643877638 -22.75 -69.5 1.846912868614312 1 
0005 0006 1 1671005644097171 -48.8125 -62.0 6.013204688511713 1 
0005 0008 1 1671005644099888 48.8125 -63.5 2.0923497946760143 1 
0005 0015 1 1671005644101396 -52.0625 -67.5 4.129476280988146 1 
0005 0004 1 1671005644102965 -30.875 -60.0 3.356349963893783 1 
0005 0014 1 1671005644108856 42.3125 -70.0 3.5281558121369745 1 
0005 0007 1 1671005644111153 -87.875 -68.0 0.7363107781851077 1 
0005 0015 2 1671005644138862 -42.3125 -66.0 4.921010367537137 1 
0005 0006 2 1671005644140451 -45.5625 -61.5 4.23378697456437 1 
0005 0004 2 1671005644142573 45.5625 -61.5 5.006913291658733 1 
