0005 0005 1 1671002978876215 -9.75 -52.0 3.8410878928656453 5 
0005 0013 1 1671002978877934 -16.25 -60.0 0.7424467013366504 5 
0005 0014 1 1671002978880632 -29.25 -55.5 4.7860200582032 5 
0005 0004 1 1671002978881553 -58.5625 -65.5 1.564660403643354 5 
0005 0009 1 1671002978885814 22.75 -60.0 5.399612373357457 5 
0005 0015 1 1671002978889531 22.75 -58.5 3.8288160465625602 5 
0005 0011 1 1671002978891191 -42.3125 -62.0 4.215379205109742 5 
0005 0000 1 1671002978894413 9.75 -62.0 5.939573610693203 5 
0005 0003 1 1671002978897407 65.0625 -64.5 1.761009944492716 5 
0005 0006 1 1671002978899021 -19.5 -71.0 5.270757987175063 5 
0005 0008 2 1671002978930502 -13.0 -67.5 0.18407769454627693 5 
0005 0000 2 1671002978931467 65.0625 -62.5 1.5278448647340985 5 
0005 0011 2 1671002978932629 32.5 -61.0 1.6137477888556946 5 
0005 0009 2 1671002978933834 9.75 -61.0 1.6014759425526093 5 
0005 0007 2 1671002978935299 32.5 -64.0 1.3621749396424494 5 
0005 0003 2 1671002978937736 -39.0 -64.5 4.466952054322987 5 
0005 0005 2 1671002978939537 298.625 -68.0 2.890019804376548 5 
0005 0014 3 1671002978968524 -58.5625 -66.5 6.025476534814799 5 
0005 0004 3 1671002978969530 -78.0625 -70.5 1.3314953238847365 5 
0005 0005 3 1671002978970716 21.125 -67.0 0.28225246497095796 5 
0005 0015 3 1671002978975915 45.5625 -65.0 5.332117218690489 5 
0005 0005 4 1671002979005236 -34.9375 -70.0 3.785864584501762 5 
0005 0015 4 1671002979010869 -22.75 -67.5 5.896622148632405 5 
0005 0014 5 1671002979042929 6.5 -69.5 1.0799224746714913 5 
0005 0014 6 1671002979068696 -91.125 -68.0 3.067961575771282 5 
0005 0006 6 1671002979071227 -185.5 -75.5 5.853670686571607 5 
0005 0015 7 1671002979114167 244.125 -70.5 5.166447293598839 5 
0005 0010 7 1671002979117708 123.6875 -69.5 0.04295146206079795 5 
0005 0013 7 1671002979123100 71.5625 -67.0 5.6573211457222445 5 
0005 0009 7 1671002979124053 84.625 -66.5 1.9205439464328227 5 
0005 0011 8 1671002979155877 3.25 -68.5 4.4976316700806995 5 
0005 0012 8 1671002979157297 81.375 -71.0 2.325514874434632 5 
0005 0014 8 1671002979162119 26.0 -69.5 5.049864753719531 5 
0005 0013 8 1671002979164469 -87.875 -65.0 3.466796580621549 5 
0005 0010 8 1671002979167820 39.0 -61.5 0.04908738521234052 5 
0005 0005 8 1671002979168994 -45.5625 -67.5 4.178563666200486 5 
0005 0015 8 1671002979170185 26.0 -62.0 0.4970097752749477 5 
0005 0004 8 1671002979171515 -13.8125 -69.5 3.0802334220743677 5 
0005 0009 8 1671002979174223 9.75 -63.0 0.1718058482431918 5 
0005 0006 8 1671002979177227 -6.5 -70.5 0.8774370106705868 5 
0005 0003 1 1671002979387777 -16.25 -64.5 1.88986433067511 5 
0005 0000 1 1671002979388968 -48.8125 -61.5 5.970253226450915 5 
0005 0015 1 1671002979390940 -3.25 -58.0 3.859495662320273 5 
0005 0005 1 1671002979392138 6.5 -52.5 3.773592738198677 5 
0005 0014 1 1671002979393543 -35.75 -56.0 4.81056375080937 5 
0005 0013 1 1671002979394733 6.5 -59.5 0.7240389318820226 5 
0005 0009 1 1671002979397390 68.3125 -60.0 5.332117218690489 5 
0005 0011 1 1671002979398340 -78.0625 -61.5 4.2092432819582 5 
0005 0004 1 1671002979399527 17.0625 -66.0 1.3560390164909069 5 
0005 0006 1 1671002979401635 -48.8125 -72.5 5.399612373357457 5 
0005 0003 2 1671002979435889 -97.625 -66.0 4.479223900626073 5 
0005 0011 2 1671002979439577 13.0 -61.5 1.5155730184310134 5 
0005 0007 2 1671002979440671 13.0 -63.5 1.3744467859455345 5 
0005 0008 2 1671002979442102 -32.5 -67.5 0.17794177139473438 5 
0005 0005 2 1671002979444130 84.625 -68.5 3.2090878082567613 5 
0005 0000 2 1671002979445137 16.25 -62.5 1.5462526341887264 5 
0005 0009 2 1671002979446188 3.25 -61.5 1.509437095279471 5 
0005 0014 3 1671002979485951 -91.125 -66.5 5.927301764390117 5 
0005 0015 3 1671002979491347 -117.125 -64.5 5.565282298449106 5 
0005 0005 3 1671002979495367 93.5625 -68.0 0.4970097752749477 5 
0005 0004 3 1671002979496642 62.625 -70.0 1.043106935762236 5 
0005 0005 4 1671002979526001 -35.75 -70.0 3.6386024288647407 5 
0005 0015 4 1671002979529390 -42.3125 -67.0 5.9518454569962875 5 
0005 0014 5 1671002979563353 0.0 -68.0 1.1044661672776617 5 
0005 0006 6 1671002979590766 -221.3125 -75.5 6.068427996875596 5 
0005 0014 6 1671002979593511 -16.25 -68.0 3.031146036862027 5 
0005 0010 7 1671002979628147 117.125 -68.5 6.270913460876501 5 
0005 0009 7 1671002979639007 -71.5625 -66.5 2.2580197197676637 5 
0005 0013 7 1671002979642776 104.125 -66.0 5.700272607783043 5 
0005 0015 7 1671002979644624 100.875 -70.0 5.534602682691394 5 
0005 0005 8 1671002979676849 -114.6875 -67.5 4.264466590322082 5 
0005 0015 8 1671002979678945 9.75 -62.0 0.4724660826687775 5 
0005 0013 8 1671002979680665 -45.5625 -65.0 3.411573272257666 5 
0005 0004 8 1671002979681827 81.375 -69.0 2.82252464970958 5 
0005 0011 8 1671002979687952 81.375 -68.0 4.3074180523828804 5 
0005 0010 8 1671002979689967 -26.0 -61.0 0.04295146206079795 5 
0005 0006 8 1671002979694201 -35.75 -71.5 0.8774370106705868 5 
0005 0012 8 1671002979696835 -74.8125 -70.5 2.4727770300716534 5 
0005 0014 8 1671002979698154 71.5625 -69.0 4.95168998329485 5 
0005 0009 8 1671002979700719 -3.25 -62.5 0.11044661672776616 5 
0005 0014 1 1671002979926817 -9.75 -56.0 4.779884135051658 5 
0005 0005 1 1671002979930098 -7.3125 -52.0 3.834951969714103 5 
0005 0009 1 1671002979932991 -42.3125 -59.5 5.522330836388308 5 
0005 0011 1 1671002979936134 -3.25 -62.0 4.184699589352029 5 
0005 0004 1 1671002979939452 -45.5625 -66.0 1.5033011721279284 5 
0005 0013 1 1671002979940375 -16.25 -60.0 0.7485826244881929 5 
0005 0000 1 1671002979941355 -26.0 -61.5 6.025476534814799 5 
0005 0003 1 1671002979944612 -52.0625 -64.5 1.9696313316451632 5 
0005 0015 1 1671002979945801 -6.5 -58.5 3.8840393549264434 5 
0005 0006 1 1671002979947560 26.0 -72.0 5.240078371417351 5 
0005 0007 2 1671002979980444 -19.5 -63.5 1.4787574795217582 5 
0005 0009 2 1671002979982570 -9.75 -62.0 1.5401167110371838 5 
0005 0000 2 1671002979983634 6.5 -62.0 1.5830681730979816 5 
0005 0003 2 1671002979984841 -136.6875 -63.5 4.663301595172349 5 
0005 0008 2 1671002979986071 149.6875 -68.0 0.1595340019401067 5 
0005 0011 2 1671002979987896 22.75 -61.5 1.5830681730979816 5 
0005 0015 3 1671002980019382 -65.0625 -65.0 5.45483568172134 5 
0005 0005 3 1671002980021664 83.0 -66.0 0.25770877236478773 5 
0005 0014 3 1671002980024090 182.25 -67.0 5.589825991055276 5 
0005 0004 3 1671002980025064 -45.5625 -70.0 1.2333205534600555 5 
0005 0005 4 1671002980059343 -90.3125 -68.5 3.8533597391687304 5 
0005 0015 4 1671002980065808 -3.25 -67.0 5.835262917116979 5 
0005 0014 5 1671002980098631 110.625 -68.5 0.9510680884890975 5 
0005 0006 6 1671002980128468 -266.875 -74.0 5.712544454086128 5 
0005 0014 6 1671002980134939 -6.5 -67.5 3.1661363461959633 5 
0005 0009 7 1671002980170363 172.5 -66.0 1.8100973297050567 5 
0005 0013 7 1671002980177603 6.5 -67.0 5.8475347634200645 5 
0005 0015 7 1671002980188810 -240.875 -71.0 5.957981380147831 5 
0005 0010 7 1671002980194895 19.5 -70.0 0.17794177139473438 5 
0005 0006 7 1671002980195873 -35.75 -73.5 4.92714629068868 5 
0005 0010 8 1671002980216398 19.5 -61.5 0.05522330836388308 5 
0005 0013 8 1671002980223989 -22.75 -65.0 3.6017868899554855 5 
0005 0009 8 1671002980225931 -13.0 -62.0 0.4049709280018093 5 
0005 0005 8 1671002980228893 -10.5625 -68.5 4.154019973594316 5 
0005 0015 8 1671002980229860 9.75 -62.5 0.4908738521234052 5 
0005 0014 8 1671002980233352 -130.1875 -69.0 5.289165756629691 5 
0005 0004 8 1671002980234510 -10.5625 -68.5 2.9391071895888885 5 
0005 0011 8 1671002980235477 -113.875 -69.5 4.7860200582032 5 
0005 0012 8 1671002980236684 133.4375 -70.0 2.172116795646068 5 
0005 0006 8 1671002980237645 -26.0 -71.0 0.7301748550335652 5 
0005 0014 1 1671002980459917 -29.25 -56.0 4.828971520263998 5 
0005 0009 1 1671002980463959 16.25 -59.5 5.577554144752192 5 
0005 0005 1 1671002980464878 -13.8125 -52.5 3.9453985864418692 5 
0005 0000 1 1671002980466053 -3.25 -61.5 6.105243535784852 5 
0005 0006 1 1671002980467938 26.0 -72.0 5.221670601962723 5 
0005 0015 1 1671002980468903 -32.5 -58.5 3.9392626632903265 5 
0005 0003 1 1671002980470477 32.5 -64.5 2.012582793705961 5 
0005 0011 1 1671002980472656 13.0 -61.5 4.289010282928253 5 
0005 0013 1 1671002980473593 19.5 -59.5 0.7915340865489908 5 
0005 0004 1 1671002980475986 0.0 -66.0 1.4726215563702154 5 
0005 0011 2 1671002980509649 22.75 -60.5 1.761009944492716 5 
0005 0000 2 1671002980510825 107.375 -62.0 1.607611865704152 5 
0005 0003 2 1671002980511774 -26.0 -63.5 4.7307967498393175 5 
0005 0009 2 1671002980514175 61.8125 -62.0 1.5401167110371838 5 
0005 0007 2 1671002980516119 84.625 -63.5 1.4603497100671303 5 
0005 0005 2 1671002980517250 65.875 -67.5 3.215223731408304 5 
0005 0008 2 1671002980519019 -9.75 -66.5 0.5154175447295755 5 
0005 0015 3 1671002980561517 -58.5625 -64.5 5.485515297479052 5 
0005 0014 3 1671002980564603 94.375 -66.5 5.651185222570702 5 
0005 0005 3 1671002980565564 -32.5 -66.0 0.17794177139473438 5 
0005 0004 3 1671002980566666 0.0 -69.5 1.1535535524900022 5 
0005 0015 4 1671002980587991 87.875 -66.5 5.681864838328415 5 
0005 0005 4 1671002980593043 -7.3125 -69.0 3.6754179677739964 5 
0005 0014 5 1671002980629111 -35.75 -69.5 1.0676506283684062 5 
0005 0014 6 1671002980663743 -9.75 -67.5 3.000466421104314 5 
0005 0004 6 1671002980664906 65.0625 -73.0 1.7303303287350031 5 
0005 0013 7 1671002980697230 -16.25 -69.0 6.019340611663256 5 
0005 0009 7 1671002980700049 -117.125 -66.5 2.3623304133438876 5 
0005 0004 7 1671002980701222 -170.0625 -70.0 1.7855536370988863 5 
0005 0010 7 1671002980710529 208.3125 -69.0 6.258641614573416 5 
0005 0012 8 1671002980735982 9.75 -71.0 2.448233337465483 5 
0005 0008 8 1671002980737215 9.75 -69.5 1.5401167110371838 5 
0005 0005 8 1671002980738901 -24.375 -68.0 4.227651051412827 5 
0005 0004 8 1671002980741411 -30.875 -69.0 3.08636934522591 5 
0005 0010 8 1671002980743278 -16.25 -61.0 0.20248546400090464 5 
0005 0013 8 1671002980745162 -3.25 -64.5 3.6447383520162835 5 
0005 0014 8 1671002980748325 -78.0625 -68.5 5.098952138931871 5 
0005 0009 8 1671002980750266 -26.0 -62.5 0.5829126993965437 5 
0005 0006 8 1671002980757285 -91.125 -71.0 0.9326603190344698 5 
0005 0015 8 1671002980760215 0.0 -62.0 0.5338253141842031 5 
0005 0011 8 1671002980761155 -9.75 -68.0 4.657165672020807 5 
0005 0006 1 1671002980978848 42.3125 -73.0 5.129631754689584 5 
0005 0011 1 1671002980982329 -39.0 -62.0 4.405592822807561 5 
0005 0000 1 1671002980985674 26.0 -62.0 6.117515382087937 5 
0005 0014 1 1671002980988311 -22.75 -56.0 4.8351074434155406 5 
0005 0004 1 1671002980989769 61.8125 -66.5 1.4480778637640452 5 
0005 0015 1 1671002980990958 9.75 -58.0 3.9208548938356986 5 
0005 0013 1 1671002980991955 26.0 -59.5 0.8897088569736719 5 
0005 0005 1 1671002980993624 -24.375 -52.0 4.061981126321178 5 
0005 0003 1 1671002980994546 61.8125 -64.0 2.116893487282185 5 
0005 0009 1 1671002980995867 -22.75 -59.5 5.712544454086128 5 
0005 0008 2 1671002981025881 139.9375 -66.0 0.3988350048502667 5 
0005 0011 2 1671002981028379 22.75 -60.5 1.8346410223112268 5 
0005 0003 2 1671002981031971 -52.0625 -64.5 5.006913291658733 5 
0005 0007 2 1671002981032907 45.5625 -64.0 1.6505633277649499 5 
0005 0000 2 1671002981034853 65.0625 -62.5 1.8223691760081417 5 
0005 0005 2 1671002981035813 128.5625 -68.0 3.5036121195308043 5 
0005 0009 2 1671002981037035 58.5625 -62.5 1.5707963267948966 5 
0005 0014 3 1671002981066452 -35.75 -66.5 5.798447378207723 5 
0005 0004 3 1671002981068421 62.625 -68.5 1.1351457830353744 5 
0005 0005 3 1671002981071440 -76.4375 -67.5 0.2454369260617026 5 
0005 0015 3 1671002981072366 -58.5625 -65.0 5.460971604872882 5 
0005 0015 4 1671002981104076 -29.25 -67.0 5.884350302329319 5 
0005 0005 4 1671002981111665 -71.5625 -69.0 3.865631585471816 5 
0005 0014 5 1671002981142481 97.625 -68.5 0.9510680884890975 5 
0005 0014 6 1671002981169949 35.75 -67.0 3.000466421104314 5 
0005 0004 6 1671002981174207 55.3125 -72.0 1.607611865704152 5 
0005 0009 7 1671002981206846 61.8125 -66.5 2.061670178918302 5 
0005 0013 7 1671002981209310 -35.75 -68.0 6.019340611663256 5 
0005 0010 7 1671002981211026 97.625 -69.5 0.3620194659410113 5 
0005 0004 7 1671002981220969 114.6875 -69.0 1.6137477888556946 5 
0005 0006 7 1671002981228978 -270.125 -73.5 5.325981295538946 5 
0005 0011 8 1671002981258481 -42.3125 -68.5 4.669437518323892 5 
0005 0004 8 1671002981261593 -7.3125 -69.5 3.018874190558942 5 
0005 0014 8 1671002981263623 13.0 -69.5 5.086680292628786 5 
0005 0006 8 1671002981267632 130.1875 -70.5 0.7853981633974483 5 
0005 0010 8 1671002981268846 0.0 -61.5 0.23930100291016002 5 
0005 0015 8 1671002981270055 13.0 -62.0 0.5092816215780329 5 
0005 0013 8 1671002981272994 6.5 -64.5 3.423845118560751 5 
0005 0009 8 1671002981274356 -61.8125 -62.5 0.4356505437595221 5 
0005 0005 8 1671002981276824 -29.25 -67.5 4.344233591292136 5 
0005 0012 8 1671002981278868 -52.0625 -71.0 2.521864415283994 5 
0005 0006 1 1671002981496791 -276.625 -72.0 5.583690067903734 5 
0005 0013 1 1671002981499089 6.5 -59.5 0.9326603190344698 5 
0005 0003 1 1671002981500323 -45.5625 -65.0 2.3009711818284617 5 
0005 0004 1 1671002981501240 9.75 -66.0 1.6566992509164924 5 
0005 0015 1 1671002981503666 16.25 -58.5 3.9147189706841563 5 
0005 0000 1 1671002981507119 0.0 -61.5 6.2034183062095325 5 
0005 0014 1 1671002981509191 -39.0 -56.0 4.865787059173254 5 
0005 0009 1 1671002981510142 22.75 -59.5 5.577554144752192 5 
0005 0005 1 1671002981511824 -7.3125 -52.0 4.061981126321178 5 
0005 0011 1 1671002981517924 -19.5 -62.0 4.387185053352934 5 
0005 0007 2 1671002981547958 3.25 -63.0 1.6935147898257479 5 
0005 0008 2 1671002981549420 26.0 -67.0 0.4663301595172349 5 
0005 0003 2 1671002981552887 9.75 -64.5 4.865787059173254 5 
0005 0011 2 1671002981554008 65.0625 -61.5 1.761009944492716 5 
0005 0009 2 1671002981556607 48.8125 -62.0 1.705786636128833 5 
0005 0005 2 1671002981557555 -34.9375 -67.5 3.5281558121369745 5 
0005 0000 2 1671002981560149 -3.25 -62.0 1.8960002538266525 5 
0005 0005 3 1671002981600692 30.875 -67.0 0.04908738521234052 5 
0005 0015 3 1671002981609278 -55.3125 -64.5 5.381204603902829 5 
0005 0014 3 1671002981610851 45.5625 -66.5 5.755495916146925 5 
0005 0004 3 1671002981614152 -45.5625 -68.5 1.2087768608538851 5 
0005 0015 4 1671002981636152 -29.25 -67.5 5.829126993965437 5 
0005 0005 4 1671002981646572 -41.5 -70.0 3.816544200259475 5 
0005 0010 4 1671002981648032 -58.5625 -72.0 3.227495577711389 5 
0005 0014 5 1671002981680470 -22.75 -69.0 1.1106020904292042 5 
0005 0006 6 1671002981720980 -222.125 -76.5 5.381204603902829 5 
0005 0004 6 1671002981725184 69.125 -71.5 1.5830681730979816 5 
0005 0014 6 1671002981728831 52.0625 -67.5 3.0372819600135696 5 
0005 0006 7 1671002981756158 45.5625 -73.0 4.878058905476339 5 
0005 0013 7 1671002981758881 22.75 -67.0 5.927301764390117 5 
0005 0010 7 1671002981764091 166.0 -69.0 0.14726215563702155 5 
0005 0004 7 1671002981772502 100.875 -70.0 1.6444274046134073 5 
0005 0009 7 1671002981778022 -65.0625 -65.5 2.1966604882522383 5 
0005 0015 7 1671002981782109 48.8125 -70.0 5.6573211457222445 5 
0005 0004 8 1671002981806526 -21.125 -70.0 3.11091303783208 5 
0005 0005 8 1671002981811205 -65.875 -67.0 4.466952054322987 5 
0005 0009 8 1671002981813618 -3.25 -62.5 0.3865631585471816 5 
0005 0015 8 1671002981814584 13.0 -62.0 0.5276893910326605 5 
0005 0014 8 1671002981816287 26.0 -68.5 5.0682725231741586 5 
0005 0012 8 1671002981817264 0.0 -71.5 2.60776733940559 5 
0005 0010 8 1671002981819674 32.5 -61.0 0.1902136176978195 5 
0005 0013 8 1671002981827059 -100.875 -64.5 3.6140587362585705 5 
0005 0011 8 1671002981828009 -13.0 -68.0 4.589670517353839 5 
0005 0006 8 1671002981828985 9.75 -71.0 0.8897088569736719 5 
0005 0015 1 1671002982049592 -19.5 -58.5 3.9392626632903265 5 
0005 0014 1 1671002982051477 -42.3125 -56.0 4.878058905476339 5 
0005 0013 1 1671002982054323 -3.25 -59.5 0.8774370106705868 5 
0005 0000 1 1671002982056239 61.8125 -62.0 6.062292073724054 5 
0005 0005 1 1671002982057638 -19.5 -52.0 4.061981126321178 5 
0005 0011 1 1671002982059059 -55.3125 -61.5 4.411728745959104 5 
0005 0009 1 1671002982059966 -6.5 -60.0 5.589825991055276 5 
0005 0004 1 1671002982062503 180.625 -66.0 1.3008157081270237 5 
0005 0006 1 1671002982063988 81.375 -71.5 5.197126909356553 5 
0005 0003 1 1671002982069091 52.0625 -64.5 1.9696313316451632 5 
0005 0007 2 1671002982100091 19.5 -63.0 1.6198837120072371 5 
0005 0000 2 1671002982103217 -65.0625 -63.0 2.1659808724945253 5 
0005 0011 2 1671002982104180 19.5 -61.0 1.8223691760081417 5 
0005 0005 2 1671002982106834 -48.8125 -69.0 3.730641276137879 5 
0005 0009 2 1671002982107756 -19.5 -62.0 1.6382914814618648 5 
0005 0008 2 1671002982109785 -48.8125 -69.0 0.2699806186678728 5 
0005 0003 2 1671002982111329 48.8125 -65.0 4.651029748869264 5 
0005 0015 3 1671002982138253 -39.0 -64.5 5.436427912266712 5 
0005 0005 3 1671002982139201 84.625 -67.5 6.240233845118788 5 
0005 0014 3 1671002982142025 237.5625 -67.0 5.522330836388308 5 
0005 0004 3 1671002982143598 -111.4375 -70.5 1.1290098598838318 5 
0005 0005 4 1671002982166399 121.25 -69.0 3.411573272257666 5 
0005 0015 4 1671002982178001 -55.3125 -67.5 5.8475347634200645 5 
0005 0014 5 1671002982211160 6.5 -68.5 1.0737865515199487 5 
0005 0006 6 1671002982240227 -205.0625 -75.5 5.381204603902829 5 
0005 0014 6 1671002982242929 13.0 -68.0 3.067961575771282 5 
0005 0013 7 1671002982287241 32.5 -68.0 5.816855147662351 5 
0005 0010 7 1671002982288476 19.5 -69.5 0.3865631585471816 5 
0005 0009 7 1671002982289429 -32.5 -66.0 2.1659808724945253 5 
0005 0004 7 1671002982310315 39.0 -71.0 1.7119225592803755 5 
0005 0015 7 1671002982323365 149.6875 -72.0 5.64504929941916 5 
0005 0015 8 1671002982357908 35.75 -62.0 0.4908738521234052 5 
0005 0005 8 1671002982358855 -42.3125 -67.5 4.356505437595221 5 
0005 0009 8 1671002982364357 16.25 -62.5 0.2638446955163303 5 
0005 0011 8 1671002982366565 61.8125 -68.0 4.577398671050753 5 
0005 0013 8 1671002982367503 61.8125 -65.0 3.3195344249845276 5 
0005 0012 8 1671002982368469 107.375 -71.5 2.2396119503130363 5 
0005 0014 8 1671002982370346 19.5 -69.0 5.043728830567988 5 
0005 0010 8 1671002982371778 -22.75 -61.0 0.22089323345553233 5 
0005 0006 8 1671002982378889 -6.5 -70.5 0.7915340865489908 5 
0005 0004 8 1671002982381482 -27.625 -68.5 3.018874190558942 5 
0005 0005 1 1671002982598040 -13.8125 -52.5 3.9453985864418692 5 
0005 0013 1 1671002982601179 -16.25 -59.5 0.7853981633974483 5 
0005 0003 1 1671002982602709 9.75 -64.5 1.932815792735908 5 
0005 0009 1 1671002982603960 6.5 -60.0 5.485515297479052 5 
0005 0014 1 1671002982606326 -39.0 -56.0 4.81056375080937 5 
0005 0000 1 1671002982607273 3.25 -62.0 6.031612457966341 5 
0005 0015 1 1671002982608706 -3.25 -58.0 3.9269908169872414 5 
0005 0004 1 1671002982609654 -27.625 -66.5 1.4419419406125027 5 
0005 0011 1 1671002982613169 13.0 -62.0 4.2092432819582 5 
0005 0006 1 1671002982616494 -224.5625 -71.5 5.5100589900852235 5 
0005 0008 2 1671002982647153 9.75 -68.0 0.48473792897186263 5 
0005 0011 2 1671002982648956 39.0 -61.5 1.607611865704152 5 
0005 0009 2 1671002982650760 -16.25 -62.5 1.521708941582556 5 
0005 0003 2 1671002982654403 -32.5 -65.0 4.583534594202296 5 
0005 0000 2 1671002982655892 39.0 -62.5 1.6873788666742053 5 
0005 0007 2 1671002982658106 74.8125 -63.0 1.4173982480063325 5 
0005 0005 2 1671002982659931 -87.0625 -68.5 3.436116964863836 5 
0005 0005 3 1671002982697470 -58.5625 -67.5 0.3374757733348411 5 
0005 0014 3 1671002982701092 -179.0 -66.5 6.1420590746941075 5 
0005 0015 3 1671002982702430 -55.3125 -66.0 5.411884219660542 5 
0005 0004 3 1671002982704228 26.0 -69.5 1.2455923997631406 5 
0005 0015 4 1671002982741179 32.5 -66.0 5.712544454086128 5 
0005 0005 4 1671002982745864 159.5 -69.5 3.3318062712876126 5 
0005 0014 5 1671002982780317 81.375 -68.0 1.0615147052168636 5 
0005 0006 6 1671002982809850 16.25 -73.5 5.424156065963627 5 
0005 0014 6 1671002982813829 -81.375 -68.5 3.472932503773092 5 
0005 0010 7 1671002982851892 -52.0625 -69.5 0.2454369260617026 5 
0005 0013 7 1671002982853577 -3.25 -67.5 5.9518454569962875 5 
0005 0015 7 1671002982857727 61.8125 -70.0 5.387340527054372 5 
0005 0009 7 1671002982868019 117.125 -66.0 1.88986433067511 5 
0005 0010 8 1671002982899925 -13.0 -61.5 0.04295146206079795 5 
0005 0011 8 1671002982903202 -123.6875 -68.5 4.706253057233147 5 
0005 0013 8 1671002982905372 -29.25 -65.0 3.2765829629237295 5 
0005 0004 8 1671002982906860 -21.125 -69.5 2.8777479580734626 5 
0005 0015 8 1671002982907798 45.5625 -62.5 0.39269908169872414 5 
0005 0005 8 1671002982908953 0.0 -67.5 4.25833066717054 5 
0005 0006 8 1671002982909920 26.0 -71.5 0.6872233929727672 5 
0005 0009 8 1671002982912265 91.125 -62.5 0.12885438618239387 5 
0005 0012 8 1671002982915577 87.875 -71.0 2.282563412373834 5 
0005 0014 8 1671002982917856 -6.5 -68.5 5.0253210611133605 5 
0005 0006 1 1671002983136400 -172.5 -71.0 5.338253141842031 5 
0005 0004 1 1671002983137345 17.0625 -66.5 1.0983302441261191 5 
0005 0009 1 1671002983146261 -32.5 -60.5 5.399612373357457 5 
0005 0014 1 1671002983147219 0.0 -56.0 4.749204519293945 5 
0005 0005 1 1671002983148664 -7.3125 -52.5 3.834951969714103 5 
0005 0011 1 1671002983151297 -9.75 -62.0 4.074252972624263 5 
0005 0000 1 1671002983152293 -26.0 -61.5 5.902758071783947 5 
0005 0013 1 1671002983153201 -6.5 -60.0 0.705631162427395 5 
0005 0003 1 1671002983154495 -55.3125 -65.0 1.662835174068035 5 
0005 0015 1 1671002983156438 -26.0 -58.0 3.9392626632903265 5 
0005 0007 2 1671002983187443 29.25 -63.5 1.282407938672396 5 
0005 0011 2 1671002983190051 9.75 -62.0 1.5155730184310134 5 
0005 0003 2 1671002983192167 -26.0 -64.0 4.3503695144436785 5 
0005 0009 2 1671002983196739 78.0625 -62.0 1.2578642460662257 5 
0005 0000 2 1671002983197928 74.8125 -62.0 1.7855536370988863 5 
0005 0008 2 1671002983198848 19.5 -68.5 0.5522330836388308 5 
0005 0005 2 1671002983206269 87.875 -68.5 3.215223731408304 5 
0005 0005 3 1671002983250584 -27.625 -68.5 0.662679700366597 5 
0005 0015 3 1671002983251777 -45.5625 -65.5 5.491651220630596 5 
0005 0014 3 1671002983253209 94.375 -67.0 5.8475347634200645 5 
0005 0004 3 1671002983260512 -13.8125 -68.0 1.3069516312785663 5 
0005 0005 4 1671002983286197 -100.875 -69.5 3.767456815047135 5 
0005 0004 4 1671002983291435 -128.5625 -72.0 0.6258641614573416 5 
0005 0015 4 1671002983295335 94.375 -66.5 5.712544454086128 5 
0005 0014 5 1671002983331937 81.375 -68.0 1.0983302441261191 5 
0005 0014 6 1671002983362053 -26.0 -68.5 3.429981041712294 5 
0005 0006 6 1671002983363482 71.5625 -75.0 5.43029198911517 5 
0005 0010 6 1671002983364391 97.625 -72.5 1.5585244804918115 5 
0005 0010 7 1671002983390803 -78.0625 -68.0 0.05522330836388308 5 
0005 0013 7 1671002983400099 13.0 -66.5 5.810719224510809 5 
0005 0009 7 1671002983401791 -29.25 -67.0 2.0493983326152168 5 
0005 0014 8 1671002983446427 0.0 -68.5 4.963961829597935 5 
0005 0010 8 1671002983447893 22.75 -61.0 6.129787228391022 5 
0005 0006 8 1671002983450190 26.0 -71.5 0.521553467881118 5 
0005 0015 8 1671002983451711 35.75 -62.0 0.36815538909255385 5 
0005 0011 8 1671002983454812 -94.375 -68.5 4.405592822807561 5 
0005 0013 8 1671002983456513 -42.3125 -65.0 3.454524734318464 5 
0005 0009 8 1671002983458958 71.5625 -62.5 6.252505691421874 5 
0005 0004 8 1671002983460851 10.5625 -69.0 2.7120780329818137 5 
0005 0005 8 1671002983463735 -41.5 -69.0 4.031301510563465 5 
0005 0012 8 1671002983467893 -29.25 -70.5 2.1966604882522383 5 
0005 0000 1 1671002983686502 13.0 -61.0 5.822991070813893 5 
0005 0015 1 1671002983688938 0.0 -58.0 3.9147189706841563 5 
0005 0004 1 1671002983693423 94.375 -67.0 0.859029241215959 5 
0005 0003 1 1671002983697773 117.125 -64.5 1.380582709097077 5 
0005 0009 1 1671002983698710 -26.0 -60.0 5.387340527054372 5 
0005 0005 1 1671002983699641 -6.5 -52.0 3.724505352986337 5 
0005 0013 1 1671002983700993 42.3125 -59.5 0.5951845456996288 5 
0005 0011 1 1671002983701956 -29.25 -61.5 4.04357335686655 5 
0005 0014 1 1671002983702905 -26.0 -55.5 4.773748211900116 5 
0005 0006 1 1671002983709839 237.5625 -72.0 4.448544284868359 5 
0005 0000 2 1671002983736948 26.0 -62.0 1.4787574795217582 5 
0005 0009 2 1671002983738751 3.25 -61.5 1.2455923997631406 5 
0005 0008 2 1671002983741090 61.8125 -68.0 0.1349903093339364 5 
0005 0007 2 1671002983743458 74.8125 -64.0 1.1228739367322893 5 
0005 0011 2 1671002983749529 19.5 -61.5 1.4603497100671303 5 
0005 0003 2 1671002983752517 -22.75 -63.5 4.178563666200486 5 
0005 0005 2 1671002983753494 90.3125 -68.0 2.730485802436441 5 
0005 0005 3 1671002983787342 136.6875 -67.0 0.4724660826687775 5 
0005 0004 3 1671002983789395 120.4375 -70.5 1.2701360923693108 5 
0005 0014 3 1671002983790672 156.1875 -66.5 5.706408530934585 5 
0005 0015 3 1671002983792429 -113.875 -65.0 5.602097837358362 5 
0005 0015 4 1671002983819599 0.0 -66.5 5.921165841238575 5 
0005 0005 4 1671002983822847 35.75 -69.5 3.5281558121369745 5 
0005 0004 4 1671002983826970 65.875 -73.0 0.4663301595172349 5 
0005 0014 5 1671002983860221 35.75 -68.0 1.0737865515199487 5 
