0005 0014 1 1671006915526506 -13.0 -60.5 3.2765829629237295 4 
0005 0012 1 1671006915528279 -26.0 -65.0 1.521708941582556 4 
0005 0013 1 1671006915529244 22.75 -60.0 5.111223985234957 4 
0005 0010 1 1671006915530237 -6.5 -61.5 6.013204688511713 4 
0005 0015 1 1671006915536866 -13.0 -62.5 1.5033011721279284 4 
0005 0011 1 1671006915540504 -29.25 -64.5 0.9326603190344698 4 
0005 0012 2 1671006915568587 71.5625 -65.5 1.2333205534600555 4 
0005 0004 2 1671006915569904 -87.875 -65.0 0.2699806186678728 4 
0005 0013 2 1671006915572028 9.75 -61.5 0.380427235395639 4 
0005 0010 2 1671006915573927 -16.25 -64.0 3.2213596545598464 4 
0005 0015 2 1671006915578878 26.0 -67.5 2.6875343403756435 4 
0005 0009 2 1671006915580441 71.5625 -71.0 4.4362724385652745 4 
0005 0006 2 1671006915586224 172.5 -68.0 1.337631247036279 4 
0005 0007 3 1671006915616314 -240.875 -71.0 3.9269908169872414 4 
0005 0005 3 1671006915619333 -3.25 -56.5 2.350058567040802 4 
0005 0006 3 1671006915620579 188.75 -66.5 5.816855147662351 4 
0005 0012 3 1671006915621797 -22.75 -63.0 4.693981210930062 4 
0005 0013 3 1671006915623258 -32.5 -63.5 2.718213956133356 4 
0005 0015 3 1671006915625269 9.75 -65.5 3.9392626632903265 4 
0005 0011 3 1671006915626191 -6.5 -60.0 0.04295146206079795 4 
0005 0009 3 1671006915632463 16.25 -66.5 2.890019804376548 4 
0005 0008 3 1671006915645543 94.375 -68.0 0.6504078540635119 4 
0005 0011 4 1671006915687626 -6.5 -60.5 4.828971520263998 4 
0005 0012 4 1671006915688818 84.625 -69.0 0.9326603190344698 4 
0005 0005 4 1671006915690914 -32.5 -62.5 3.5895150436524004 4 
0005 0007 4 1671006915691895 -68.3125 -68.0 4.601942363656923 4 
0005 0008 4 1671006915694028 9.75 -60.5 0.3190680038802134 4 
0005 0006 4 1671006915695431 58.5625 -66.5 0.35588354278946877 4 
0005 0000 4 1671006915696846 -61.8125 -72.0 5.111223985234957 4 
0005 0014 4 1671006915697910 71.5625 -65.5 0.4908738521234052 4 
0005 0013 4 1671006915700757 -42.3125 -63.5 2.945243112740431 4 
0005 0004 4 1671006915702556 -55.3125 -69.5 5.546874528994478 4 
0005 0005 5 1671006915747679 55.3125 -62.5 2.9759227284981438 4 
0005 0013 5 1671006915749647 45.5625 -66.5 5.203262832508095 4 
0005 0015 5 1671006915751336 68.3125 -64.5 5.64504929941916 4 
0005 0011 5 1671006915762439 6.5 -69.0 1.902136176978195 4 
0005 0005 6 1671006915813650 -117.9375 -72.0 5.019185137961818 4 
0005 0015 6 1671006915814561 -117.125 -70.0 4.718524903536232 4 
0005 0006 7 1671006915850101 -68.3125 -67.5 5.056000676871073 4 
0005 0012 7 1671006915851291 58.5625 -62.0 4.178563666200486 4 
0005 0004 7 1671006915864288 21.125 -68.5 0.21475731030398976 4 
0005 0013 7 1671006915866206 -35.75 -70.5 0.9572040116406401 4 
0005 0004 8 1671006915896110 19.5 -69.5 3.865631585471816 4 
0005 0012 8 1671006915898493 123.6875 -69.0 1.5033011721279284 4 
0005 0006 8 1671006915902470 -26.0 -63.5 5.019185137961818 4 
0005 0015 8 1671006915904274 94.375 -70.0 3.9147189706841563 4 
0005 0010 1 1671006916115951 6.5 -61.5 6.043884304269426 4 
0005 0015 1 1671006916119084 6.5 -62.5 1.4173982480063325 4 
0005 0012 1 1671006916120039 91.125 -64.5 1.337631247036279 4 
0005 0014 1 1671006916122280 -6.5 -60.5 3.2949907323783574 4 
0005 0013 1 1671006916127883 3.25 -60.5 5.203262832508095 4 
0005 0011 1 1671006916129445 -3.25 -64.5 0.8897088569736719 4 
0005 0006 2 1671006916156391 -107.375 -67.0 1.6382914814618648 4 
0005 0010 2 1671006916159142 22.75 -64.0 3.1784081924990484 4 
0005 0012 2 1671006916160520 -208.3125 -65.5 1.509437095279471 4 
0005 0015 2 1671006916161485 22.75 -67.0 2.816388726558037 4 
0005 0013 2 1671006916163868 -42.3125 -61.0 0.4356505437595221 4 
0005 0004 2 1671006916165193 19.5 -65.0 0.018407769454627694 4 
0005 0009 2 1671006916166175 -100.875 -69.5 4.460816131171445 4 
0005 0011 2 1671006916167140 -52.0625 -66.5 3.865631585471816 4 
0005 0005 3 1671006916196508 13.0 -56.5 2.3746022596469727 4 
0005 0011 3 1671006916198363 26.0 -59.5 0.04908738521234052 4 
0005 0012 3 1671006916199284 -45.5625 -62.0 4.76147636559703 4 
0005 0009 3 1671006916201796 117.125 -67.5 2.5954954931025047 4 
0005 0006 3 1671006916202941 100.875 -66.0 5.884350302329319 4 
0005 0008 3 1671006916204666 -87.875 -69.0 0.9142525495798421 4 
0005 0013 3 1671006916206310 -19.5 -63.5 2.804116880254952 4 
0005 0015 3 1671006916207517 -78.0625 -65.0 4.104932588381976 4 
0005 0007 3 1671006916209090 -52.0625 -68.5 3.5772431973493153 4 
0005 0014 3 1671006916220511 -123.6875 -70.5 3.5588354278946874 4 
0005 0006 4 1671006916259053 68.3125 -67.0 0.5338253141842031 4 
0005 0011 4 1671006916261374 19.5 -60.5 4.896466674930966 4 
0005 0004 4 1671006916263789 -26.0 -70.0 5.559146375297564 4 
0005 0007 4 1671006916264684 39.0 -67.5 4.589670517353839 4 
0005 0005 4 1671006916265843 -87.875 -62.5 3.736777199289422 4 
0005 0014 4 1671006916267315 -9.75 -66.0 0.6442719309119693 4 
0005 0013 4 1671006916269001 9.75 -63.5 2.8961557275280905 4 
0005 0008 4 1671006916269967 -55.3125 -61.0 0.4356505437595221 4 
0005 0003 4 1671006916274308 136.6875 -74.0 1.0492428589137786 4 
0005 0012 4 1671006916276174 3.25 -68.5 1.1106020904292042 4 
0005 0000 4 1671006916277310 78.0625 -72.0 4.914874444385594 4 
0005 0011 5 1671006916296855 152.9375 -70.5 1.533980787885641 4 
0005 0005 5 1671006916308182 -9.75 -62.0 2.9329712664373457 4 
0005 0015 5 1671006916309817 -117.125 -64.5 5.872078456026235 4 
0005 0013 5 1671006916311487 -16.25 -66.5 5.092816215780329 4 
0005 0005 6 1671006916336229 -52.0625 -71.5 4.878058905476339 4 
0005 0015 6 1671006916337150 6.5 -70.0 4.381049130201391 4 
0005 0013 7 1671006916385953 179.0 -70.0 0.6320000846088841 4 
0005 0012 7 1671006916387838 -52.0625 -62.5 4.2031073588066565 4 
0005 0006 7 1671006916395738 -45.5625 -67.5 4.884194828627882 4 
0005 0004 7 1671006916400356 26.0 -69.0 0.0 4 
0005 0015 8 1671006916426530 -68.3125 -71.0 4.086524818927348 4 
0005 0006 8 1671006916438460 32.5 -64.5 4.847379289718626 4 
0005 0012 8 1671006916439438 22.75 -68.5 1.6505633277649499 4 
0005 0004 8 1671006916441977 117.125 -69.5 3.472932503773092 4 
0005 0011 1 1671006916657664 -19.5 -64.0 0.9387962421860124 4 
0005 0013 1 1671006916659070 -52.0625 -60.0 5.246214294568893 4 
0005 0015 1 1671006916661125 42.3125 -62.5 1.3989904785517047 4 
0005 0010 1 1671006916662952 -35.75 -61.5 6.129787228391022 4 
0005 0004 1 1671006916667427 -222.125 -72.5 3.509748042682347 4 
0005 0014 1 1671006916669578 -6.5 -60.0 3.2765829629237295 4 
0005 0012 1 1671006916670573 42.3125 -65.0 1.4173982480063325 4 
0005 0015 2 1671006916697626 -81.375 -67.0 2.8777479580734626 4 
0005 0006 2 1671006916699426 45.5625 -68.0 1.6321555583103222 4 
0005 0010 2 1671006916700380 52.0625 -63.0 3.1231848841351653 4 
0005 0012 2 1671006916701402 -156.1875 -67.0 1.4358060174609601 4 
0005 0011 2 1671006916702394 35.75 -68.5 3.9453985864418692 4 
0005 0013 2 1671006916706918 55.3125 -61.5 0.23930100291016002 4 
0005 0004 2 1671006916709193 22.75 -65.0 0.09817477042468103 4 
0005 0009 2 1671006916720508 -13.0 -69.0 4.583534594202296 4 
0005 0015 3 1671006916756550 -120.4375 -65.0 4.184699589352029 4 
0005 0005 3 1671006916758884 27.625 -56.0 2.4727770300716534 4 
0005 0011 3 1671006916760656 -13.0 -59.5 0.30679615757712825 4 
0005 0013 3 1671006916762299 -113.875 -63.5 2.9759227284981438 4 
0005 0006 3 1671006916765708 162.75 -66.5 6.19728238305799 4 
0005 0012 3 1671006916768100 9.75 -62.0 4.798291904506286 4 
0005 0008 3 1671006916769983 -19.5 -67.0 1.0799224746714913 4 
0005 0009 3 1671006916787480 3.25 -68.0 2.9697868053466014 4 
0005 0007 3 1671006916799519 -192.0 -69.5 3.865631585471816 4 
0005 0014 3 1671006916802744 35.75 -72.0 3.663146121470911 4 
0005 0008 4 1671006916846287 13.0 -60.0 0.5645049299419159 4 
0005 0014 4 1671006916849473 13.0 -66.0 0.5951845456996288 4 
0005 0011 4 1671006916850453 -42.3125 -60.5 5.117359908386499 4 
0005 0005 4 1671006916851651 -62.625 -63.0 3.9392626632903265 4 
0005 0007 4 1671006916852588 -32.5 -68.0 4.7860200582032 4 
0005 0004 4 1671006916855274 35.75 -68.5 5.66959299202533 4 
0005 0000 4 1671006916856958 13.0 -72.5 5.190990986205009 4 
0005 0003 4 1671006916859538 -29.25 -74.5 1.5155730184310134 4 
0005 0013 4 1671006916860984 52.0625 -64.0 2.84706834231575 4 
0005 0006 4 1671006916862283 0.0 -67.0 0.7792622402459057 4 
0005 0012 4 1671006916863251 3.25 -68.5 1.2210487071569704 4 
0005 0015 5 1671006916895940 -39.0 -64.5 5.792311455056181 4 
0005 0013 5 1671006916896935 -68.3125 -65.5 5.0682725231741586 4 
0005 0005 5 1671006916899350 -13.0 -62.5 2.7979809571034093 4 
0005 0011 5 1671006916914805 65.0625 -71.0 1.662835174068035 4 
0005 0005 6 1671006916940037 -163.5625 -70.5 4.6448938257177215 4 
0005 0006 7 1671006916982845 16.25 -67.0 4.669437518323892 4 
0005 0012 7 1671006916986248 6.5 -63.0 3.9515345095934116 4 
0005 0004 7 1671006916997102 -39.0 -70.5 0.2638446955163303 4 
0005 0013 7 1671006916998056 -146.4375 -70.5 1.0246991663076084 4 
0005 0012 8 1671006917029642 32.5 -68.5 1.6198837120072371 4 
0005 0004 8 1671006917031982 29.25 -68.5 3.32567034813607 4 
0005 0015 8 1671006917036297 -123.6875 -71.0 4.172427743048944 4 
0005 0006 8 1671006917043460 -29.25 -65.0 4.706253057233147 4 
0005 0011 1 1671006917260244 -26.0 -66.5 0.5154175447295755 4 
0005 0010 1 1671006917261977 -35.75 -62.0 6.013204688511713 4 
0005 0015 1 1671006917262927 -13.0 -62.0 1.4173982480063325 4 
0005 0014 1 1671006917265613 -3.25 -61.5 3.215223731408304 4 
0005 0012 1 1671006917267656 52.0625 -63.5 1.576932249946439 4 
0005 0013 1 1671006917271682 -32.5 -58.5 4.988505522204105 4 
0005 0004 1 1671006917276218 55.3125 -69.0 2.9697868053466014 4 
0005 0004 2 1671006917306878 -162.75 -66.5 6.22182607566416 4 
0005 0006 2 1671006917307795 -19.5 -66.5 0.859029241215959 4 
0005 0009 2 1671006917309637 -9.75 -63.0 5.019185137961818 4 
0005 0008 2 1671006917311582 42.3125 -64.5 5.970253226450915 4 
0005 0012 2 1671006917314134 29.25 -64.0 0.8835729338221293 4 
0005 0010 2 1671006917316830 -19.5 -63.5 2.8409324191642074 4 
0005 0013 2 1671006917318257 0.0 -63.0 5.546874528994478 4 
0005 0015 2 1671006917319213 -9.75 -68.5 2.9820586516496865 4 
0005 0013 3 1671006917356211 -139.9375 -61.5 2.767301341345697 4 
0005 0008 3 1671006917357368 -6.5 -63.0 0.8651651643675016 4 
0005 0005 3 1671006917359037 -3.25 -57.5 2.5464081078901644 4 
0005 0006 3 1671006917360777 139.9375 -66.5 6.160466844148735 4 
0005 0009 3 1671006917366588 39.0 -58.0 3.448388811166921 4 
0005 0012 3 1671006917369794 -45.5625 -60.0 4.172427743048944 4 
0005 0011 3 1671006917371024 42.3125 -61.0 4.92714629068868 4 
0005 0015 3 1671006917372019 -71.5625 -65.0 4.552854978444583 4 
0005 0004 3 1671006917380130 -81.375 -70.5 4.546719055293041 4 
0005 0000 3 1671006917381092 -39.0 -70.0 6.2463697682703305 4 
0005 0003 3 1671006917385132 452.4375 -71.5 2.012582793705961 4 
0005 0003 4 1671006917415922 -13.0 -71.0 3.56497135104623 4 
0005 0005 4 1671006917427765 -16.25 -60.5 4.822835597112456 4 
0005 0009 4 1671006917428762 35.75 -61.0 2.0371264863121317 4 
0005 0012 4 1671006917429756 -52.0625 -64.5 0.28838838812250056 4 
0005 0000 4 1671006917431198 84.625 -70.5 0.37429131224409645 4 
0005 0008 4 1671006917433839 3.25 -54.0 0.9081166264282996 4 
0005 0014 4 1671006917434776 -13.0 -63.0 0.2761165418194154 4 
0005 0011 4 1671006917435726 9.75 -54.0 3.6017868899554855 4 
0005 0006 4 1671006917437084 -45.5625 -69.0 0.9756117810952678 4 
0005 0013 4 1671006917440962 35.75 -60.5 0.5276893910326605 4 
0005 0010 4 1671006917442523 9.75 -71.0 1.7671458676442586 4 
0005 0007 4 1671006917443475 -74.8125 -70.0 2.8654761117703775 4 
0005 0013 5 1671006917470525 52.0625 -66.0 1.1719613219446299 4 
0005 0015 5 1671006917474824 -19.5 -63.0 0.11044661672776616 4 
0005 0011 5 1671006917478756 126.9375 -71.5 5.491651220630596 4 
0005 0005 5 1671006917479902 131.8125 -68.5 0.7363107781851077 4 
0005 0009 5 1671006917482740 39.0 -66.5 0.07363107781851078 4 
0005 0005 6 1671006917517395 93.5625 -65.0 0.8713010875190442 4 
0005 0011 6 1671006917531772 29.25 -70.5 5.4671075280244255 4 
0005 0015 6 1671006917537786 -65.0625 -70.5 5.982525072754001 4 
0005 0012 7 1671006917569854 22.75 -62.0 6.209554229361076 4 
0005 0013 7 1671006917575928 32.5 -66.0 2.9575149590435164 4 
0005 0014 7 1671006917576877 91.125 -69.5 5.098952138931871 4 
0005 0015 8 1671006917609154 -78.0625 -70.0 5.037592907416445 4 
0005 0012 8 1671006917612981 -6.5 -70.5 4.086524818927348 4 
0005 0005 8 1671006917615327 19.5 -71.5 2.82252464970958 4 
0005 0004 8 1671006917618414 84.625 -72.5 0.28838838812250056 4 
0005 0008 8 1671006917623068 32.5 -67.0 4.411728745959104 4 
0005 0004 1 1671006917850037 -55.3125 -63.0 5.375068680751287 4 
0005 0009 1 1671006917850990 45.5625 -62.0 1.0799224746714913 4 
0005 0013 1 1671006917851954 13.0 -58.0 2.748893571891069 4 
0005 0014 1 1671006917855472 -29.25 -65.5 2.4727770300716534 4 
0005 0010 1 1671006917856702 6.5 -69.0 2.8838838812250054 4 
0005 0015 1 1671006917857658 35.75 -63.5 0.380427235395639 4 
0005 0000 1 1671006917863241 -74.8125 -68.0 2.5341362615870793 4 
0005 0003 1 1671006917866808 -104.125 -72.5 2.448233337465483 4 
0005 0012 2 1671006917887181 -9.75 -63.5 4.681709364626977 4 
0005 0009 2 1671006917889737 35.75 -67.0 1.736466251886546 4 
0005 0015 2 1671006917891213 -87.875 -64.0 3.0495538063166547 4 
0005 0008 2 1671006917892688 -29.25 -66.0 4.289010282928253 4 
0005 0013 2 1671006917895323 -45.5625 -65.0 4.871922982324796 4 
0005 0006 2 1671006917897160 -16.25 -69.0 4.3933209765044765 4 
0005 0005 3 1671006917936449 -26.0 -61.0 5.00077736850719 4 
0005 0013 3 1671006917937868 -45.5625 -63.0 6.043884304269426 4 
0005 0011 3 1671006917939940 -104.125 -69.5 4.037437433715008 4 
0005 0010 3 1671006917941785 -192.0 -68.0 5.418020142812084 4 
0005 0012 3 1671006917942962 -107.375 -71.0 5.730952223540755 4 
0005 0015 3 1671006917943974 -104.125 -67.0 3.749049045592507 4 
0005 0009 3 1671006917944954 32.5 -60.0 5.8045833013592665 4 
0005 0003 3 1671006917947338 39.0 -70.0 5.872078456026235 4 
0005 0008 4 1671006917968778 29.25 -70.0 3.9699422790480394 4 
0005 0000 4 1671006917970731 9.75 -63.5 0.8283496254582462 4 
0005 0009 4 1671006917971953 -6.5 -55.0 5.9518454569962875 4 
0005 0012 4 1671006917973868 -19.5 -71.0 3.6140587362585705 4 
0005 0006 4 1671006917977224 3.25 -72.0 2.000310947402876 4 
0005 0003 4 1671006917978202 19.5 -64.0 5.056000676871073 4 
0005 0007 4 1671006917979183 -52.0625 -65.5 0.9019807032767571 4 
0005 0013 4 1671006917980390 39.0 -67.5 5.700272607783043 4 
0005 0011 4 1671006917982673 45.5625 -67.5 6.074563920027139 4 
0005 0014 4 1671006917983748 9.75 -59.5 5.608233760509904 4 
0005 0005 4 1671006917985163 13.0 -58.0 1.8039614065535141 4 
0005 0008 5 1671006918017555 48.8125 -67.5 1.2640001692177683 4 
0005 0013 5 1671006918021697 -13.0 -63.0 1.945087639038993 4 
0005 0015 5 1671006918022666 65.0625 -64.0 0.07363107781851078 4 
0005 0005 5 1671006918029484 152.9375 -66.5 2.2212041808584084 4 
0005 0003 5 1671006918030559 3.25 -69.5 1.5585244804918115 4 
0005 0015 6 1671006918065529 -26.0 -70.5 1.0185632431560658 4 
0005 0009 6 1671006918068228 58.5625 -63.0 2.761165418194154 4 
0005 0008 6 1671006918071182 -6.5 -67.5 1.6014759425526093 4 
0005 0006 7 1671006918113007 -74.8125 -65.5 1.1965050145508 4 
0005 0005 7 1671006918116292 65.875 -67.0 2.3746022596469727 4 
0005 0014 7 1671006918117412 -52.0625 -68.0 5.270757987175063 4 
0005 0010 8 1671006918151882 -113.875 -71.0 4.086524818927348 4 
0005 0006 8 1671006918155695 22.75 -62.0 0.1349903093339364 4 
0005 0013 1 1671006918376381 -45.5625 -65.5 2.724349879284899 4 
0005 0008 1 1671006918379034 -26.0 -58.0 2.2027964114037806 4 
0005 0014 1 1671006918381288 -29.25 -66.0 1.8039614065535141 4 
0005 0005 1 1671006918384518 91.125 -65.5 4.374913207049849 4 
0005 0015 1 1671006918386166 -146.4375 -66.5 6.129787228391022 4 
0005 0009 1 1671006918387103 74.8125 -68.0 0.9387962421860124 4 
0005 0015 2 1671006918417452 -52.0625 -63.0 2.767301341345697 4 
0005 0006 2 1671006918418427 91.125 -63.5 2.9145634969827183 4 
0005 0013 2 1671006918420168 -110.625 -65.5 4.614214209960009 4 
0005 0008 2 1671006918423780 55.3125 -65.0 4.06811704947272 4 
0005 0000 2 1671006918425839 9.75 -67.5 3.055689729468197 4 
0005 0008 3 1671006918456174 94.375 -61.5 1.6444274046134073 4 
0005 0013 3 1671006918457096 -6.5 -64.0 5.049864753719531 4 
0005 0015 3 1671006918459894 -117.125 -69.5 3.890175278077986 4 
0005 0009 3 1671006918461057 26.0 -63.5 5.448699758569798 4 
0005 0003 3 1671006918465539 -68.3125 -68.5 6.013204688511713 4 
0005 0005 3 1671006918468071 -26.0 -56.0 1.9634954084936207 4 
0005 0006 3 1671006918469163 48.8125 -70.5 0.5154175447295755 4 
0005 0011 3 1671006918472699 -87.875 -69.0 3.6754179677739964 4 
0005 0011 4 1671006918496681 13.0 -72.0 5.368932757599744 4 
0005 0003 4 1671006918497603 -35.75 -60.5 4.675573441475434 4 
0005 0006 4 1671006918498564 3.25 -62.0 2.141437179888355 4 
0005 0014 4 1671006918500535 39.0 -59.5 5.540738605842936 4 
0005 0008 4 1671006918502208 29.25 -59.0 1.5155730184310134 4 
0005 0009 4 1671006918503184 0.0 -59.0 5.7616318392984684 4 
0005 0005 4 1671006918504400 0.0 -59.0 1.1351457830353744 4 
0005 0015 5 1671006918536451 -9.75 -64.5 0.42337869745643697 4 
0005 0005 5 1671006918538378 -26.0 -66.0 0.859029241215959 4 
0005 0008 5 1671006918543055 16.25 -65.0 1.5707963267948966 4 
0005 0013 5 1671006918547879 52.0625 -63.5 0.9694758579437253 4 
0005 0000 5 1671006918548855 29.25 -67.0 0.4663301595172349 4 
0005 0009 6 1671006918583483 -9.75 -64.0 2.6261751088602177 4 
0005 0008 6 1671006918586301 45.5625 -65.0 1.8346410223112268 4 
0005 0005 6 1671006918587650 180.625 -68.0 1.7426021750380885 4 
0005 0006 7 1671006918623481 -61.8125 -62.5 1.4051264017032472 4 
0005 0005 7 1671006918627192 -30.875 -66.5 2.816388726558037 4 
0005 0014 7 1671006918629023 126.9375 -70.5 5.3627968344482015 4 
0005 0006 8 1671006918657472 6.5 -62.0 0.018407769454627694 4 
0005 0010 8 1671006918658412 -65.0625 -68.5 2.9575149590435164 4 
0005 0005 1 1671006918889028 32.5 -64.0 4.362641360746763 4 
0005 0015 1 1671006918890450 -58.5625 -66.0 5.853670686571607 4 
0005 0013 1 1671006918894894 -35.75 -64.5 2.386874105950058 4 
0005 0008 1 1671006918895843 29.25 -57.5 2.0064468705544187 4 
0005 0006 1 1671006918896788 0.0 -69.5 5.381204603902829 4 
0005 0014 1 1671006918897740 22.75 -66.0 1.7671458676442586 4 
0005 0008 2 1671006918928462 -123.6875 -65.0 3.9822141253511245 4 
0005 0013 2 1671006918930010 -120.4375 -68.5 4.01902966426038 4 
0005 0000 2 1671006918931359 -136.6875 -67.0 2.9575149590435164 4 
0005 0015 2 1671006918935382 0.0 -63.5 2.6139032625571326 4 
0005 0006 2 1671006918936734 71.5625 -63.5 2.7979809571034093 4 
0005 0013 3 1671006918966215 -81.375 -64.5 5.092816215780329 4 
0005 0011 3 1671006918967848 -146.4375 -69.0 3.736777199289422 4 
0005 0006 3 1671006918969928 55.3125 -69.0 0.5522330836388308 4 
0005 0003 3 1671006918973911 -61.8125 -69.0 6.013204688511713 4 
0005 0009 3 1671006918975078 -42.3125 -63.5 5.565282298449106 4 
0005 0015 3 1671006918977160 -81.375 -67.5 3.6447383520162835 4 
0005 0008 3 1671006918978321 65.0625 -61.0 1.6444274046134073 4 
0005 0005 3 1671006918980273 22.75 -55.5 1.902136176978195 4 
0005 0008 4 1671006919005926 9.75 -59.0 1.5892040962495242 4 
0005 0003 4 1671006919007884 16.25 -60.5 4.614214209960009 4 
0005 0009 4 1671006919009674 16.25 -59.0 5.816855147662351 4 
0005 0005 4 1671006919012550 26.0 -59.5 1.1780972450961724 4 
0005 0014 4 1671006919016252 -19.5 -59.5 5.675728915176872 4 
0005 0006 4 1671006919018387 -13.0 -61.5 2.3193789512830896 4 
0005 0011 4 1671006919021607 68.3125 -70.5 5.534602682691394 4 
0005 0000 5 1671006919047118 -13.0 -67.5 0.5706408530934585 4 
0005 0015 5 1671006919048144 -52.0625 -64.5 0.47860200582032003 4 
0005 0013 5 1671006919052429 -39.0 -65.0 1.0983302441261191 4 
0005 0008 5 1671006919053366 123.6875 -64.5 1.4542137869155878 4 
0005 0005 5 1671006919055244 -13.0 -66.0 0.9265243958829272 4 
0005 0009 6 1671006919088752 -55.3125 -65.5 3.0372819600135696 4 
0005 0008 6 1671006919093494 42.3125 -64.0 1.8223691760081417 4 
0005 0005 6 1671006919098971 3.25 -68.5 1.7671458676442586 4 
0005 0000 6 1671006919099880 84.625 -70.5 6.117515382087937 4 
0005 0006 7 1671006919135103 -35.75 -63.0 1.2885438618239387 4 
0005 0005 7 1671006919137571 -100.875 -66.5 2.730485802436441 4 
0005 0014 7 1671006919138524 152.9375 -70.0 5.258486140871978 4 
0005 0010 8 1671006919173102 13.0 -69.0 2.6200391857086753 4 
0005 0006 8 1671006919175004 29.25 -62.0 6.12365130523948 4 
0005 0014 1 1671006919396578 19.5 -65.5 1.7548740213411735 4 
0005 0008 1 1671006919398608 52.0625 -58.0 2.12916533358527 4 
0005 0013 1 1671006919400297 -55.3125 -66.0 2.5770877236478773 4 
0005 0005 1 1671006919402606 -35.75 -63.5 4.577398671050753 4 
0005 0015 1 1671006919403572 -45.5625 -65.5 5.829126993965437 4 
0005 0006 1 1671006919409713 -65.0625 -69.5 5.6941366846315 4 
0005 0013 2 1671006919437349 -9.75 -68.5 3.9638063558964967 4 
0005 0008 2 1671006919442964 39.0 -65.5 4.031301510563465 4 
0005 0000 2 1671006919443971 55.3125 -68.0 3.153864499892878 4 
0005 0015 2 1671006919444933 0.0 -63.0 2.552544031041707 4 
0005 0006 2 1671006919446127 -61.8125 -63.0 2.9391071895888885 4 
0005 0000 3 1671006919466190 -52.0625 -70.0 2.6261751088602177 4 
0005 0009 3 1671006919467142 -65.0625 -62.5 5.706408530934585 4 
0005 0005 3 1671006919468542 32.5 -55.5 2.1046216409791 4 
0005 0015 3 1671006919471353 -107.375 -67.5 3.7429131224409646 4 
0005 0013 3 1671006919475512 -71.5625 -64.0 5.123495831538041 4 
0005 0008 3 1671006919476476 94.375 -61.0 1.8530487917658545 4 
0005 0003 3 1671006919478059 205.0625 -70.0 5.595961914206819 4 
0005 0006 3 1671006919481923 29.25 -69.5 0.8897088569736719 4 
0005 0011 3 1671006919484457 32.5 -69.5 3.7122335066832517 4 
0005 0011 4 1671006919507817 -16.25 -70.0 5.6941366846315 4 
0005 0008 4 1671006919509237 26.0 -59.5 1.9082721001297376 4 
0005 0005 4 1671006919510183 26.0 -60.0 1.3867186322486196 4 
0005 0003 4 1671006919515746 -26.0 -60.5 4.908738521234052 4 
0005 0014 4 1671006919516680 16.25 -59.5 5.688000761479957 4 
0005 0009 4 1671006919517602 13.0 -59.5 5.945709533844745 4 
0005 0006 4 1671006919520278 3.25 -61.5 2.4175537217077703 4 
0005 0008 5 1671006919548657 -39.0 -63.5 1.4480778637640452 4 
0005 0015 5 1671006919552653 -9.75 -65.0 0.39269908169872414 4 
0005 0011 5 1671006919553847 39.0 -71.5 2.497320722677824 4 
0005 0013 5 1671006919554770 39.0 -65.0 0.9019807032767571 4 
0005 0000 5 1671006919555722 61.8125 -67.0 0.3436116964863836 4 
0005 0005 5 1671006919559360 -34.9375 -65.5 0.7363107781851077 4 
0005 0009 6 1671006919591572 22.75 -65.0 2.509592568980909 4 
0005 0005 6 1671006919593506 27.625 -66.0 1.0799224746714913 4 
0005 0000 6 1671006919597830 48.8125 -71.0 5.970253226450915 4 
0005 0008 6 1671006919600120 81.375 -64.0 1.4542137869155878 4 
0005 0006 7 1671006919630519 61.8125 -63.0 1.030835089459151 4 
0005 0005 7 1671006919633902 -9.75 -66.5 2.7550294950426117 4 
0005 0014 7 1671006919643529 -152.9375 -70.0 5.681864838328415 4 
0005 0010 8 1671006919690071 84.625 -69.5 2.1782527187976104 4 
0005 0006 8 1671006919692298 -9.75 -62.0 6.013204688511713 4 
0005 0014 1 1671006919908060 -84.625 -66.0 1.932815792735908 4 
0005 0006 1 1671006919909012 -55.3125 -70.0 5.700272607783043 4 
0005 0005 1 1671006919911617 -55.3125 -64.5 4.816699673960914 4 
0005 0015 1 1671006919913051 -26.0 -65.5 5.872078456026235 4 
0005 0008 1 1671006919914977 13.0 -59.5 2.3316507975861747 4 
0005 0009 1 1671006919916625 149.6875 -67.5 0.760854470791278 4 
0005 0013 1 1671006919918530 -71.5625 -66.0 2.761165418194154 4 
0005 0000 2 1671006919948634 -48.8125 -68.0 3.2949907323783574 4 
0005 0006 2 1671006919950321 -74.8125 -62.5 3.141592653589793 4 
0005 0013 2 1671006919955171 48.8125 -66.5 4.147884050442774 4 
0005 0015 2 1671006919956393 84.625 -62.5 2.380738182798515 4 
0005 0015 3 1671006919989379 32.5 -67.5 3.706097583531709 4 
0005 0009 3 1671006919991476 -35.75 -63.5 5.921165841238575 4 
0005 0000 3 1671006919993081 -152.9375 -70.0 3.0925052683774528 4 
0005 0013 3 1671006919994077 -71.5625 -65.0 5.368932757599744 4 
0005 0008 3 1671006919995759 0.0 -61.0 2.2764274892222915 4 
0005 0003 3 1671006919997251 -159.5 -69.5 0.2270291566070749 4 
0005 0005 3 1671006919998479 21.125 -56.0 2.423689644859313 4 
0005 0006 3 1671006920008607 -9.75 -68.5 0.9081166264282996 4 
0005 0003 4 1671006920036189 9.75 -60.5 5.141903600992669 4 
0005 0014 4 1671006920037381 -13.0 -60.0 5.829126993965437 4 
0005 0011 4 1671006920039760 74.8125 -71.5 5.878214379177777 4 
0005 0007 4 1671006920041604 -120.4375 -71.0 6.14819499784565 4 
0005 0008 4 1671006920043798 -3.25 -60.0 2.2334760271614935 4 
0005 0009 4 1671006920046692 32.5 -61.5 6.17273869045182 4 
0005 0006 4 1671006920047910 -26.0 -62.5 2.5954954931025047 4 
0005 0005 4 1671006920049311 32.5 -60.0 1.5707963267948966 4 
0005 0005 5 1671006920077745 0.0 -66.5 0.5154175447295755 4 
0005 0008 5 1671006920082028 42.3125 -63.5 1.0921943209745766 4 
0005 0015 5 1671006920083221 -48.8125 -64.0 0.3436116964863836 4 
0005 0011 5 1671006920084399 205.0625 -71.0 2.3193789512830896 4 
0005 0000 5 1671006920088182 -81.375 -69.5 0.46019423636569234 4 
0005 0013 5 1671006920089087 0.0 -64.0 0.9694758579437253 4 
0005 0005 6 1671006920117098 3.25 -65.0 0.8222137023067037 4 
0005 0009 6 1671006920123817 -65.0625 -66.0 2.313243028131547 4 
0005 0008 6 1671006920131607 -22.75 -63.5 1.3069516312785663 4 
0005 0005 7 1671006920155891 16.25 -68.0 2.767301341345697 4 
0005 0006 7 1671006920162054 3.25 -63.0 0.9265243958829272 4 
0005 0014 7 1671006920165868 104.125 -71.0 5.203262832508095 4 
0005 0010 8 1671006920200729 91.125 -69.0 2.012582793705961 4 
0005 0006 8 1671006920205475 -19.5 -62.0 5.939573610693203 4 
0005 0006 1 1671006920416783 -113.875 -69.5 5.859806609723149 4 
0005 0005 1 1671006920420595 -9.75 -64.5 4.73693267299086 4 
0005 0008 1 1671006920422565 9.75 -59.0 2.350058567040802 4 
0005 0015 1 1671006920423761 32.5 -65.5 5.7616318392984684 4 
0005 0013 1 1671006920425167 91.125 -66.0 2.380738182798515 4 
0005 0009 1 1671006920427095 -3.25 -68.0 1.2026409377023426 4 
0005 0014 1 1671006920428287 13.0 -66.0 1.846912868614312 4 
0005 0000 2 1671006920456462 -68.3125 -69.5 3.368621810196868 4 
0005 0008 2 1671006920460744 39.0 -66.0 4.239922897715912 4 
0005 0006 2 1671006920461720 16.25 -62.5 3.0250101137104846 4 
0005 0015 2 1671006920462885 68.3125 -63.0 2.497320722677824 4 
0005 0013 2 1671006920464065 -78.0625 -69.0 4.1172044346850605 4 
0005 0015 3 1671006920497703 -97.625 -67.5 3.9392626632903265 4 
0005 0009 3 1671006920499693 -198.5625 -64.0 6.227961998815704 4 
0005 0008 3 1671006920500641 -29.25 -62.0 2.337786720737717 4 
0005 0011 3 1671006920502341 -9.75 -68.5 4.129476280988146 4 
0005 0005 3 1671006920503291 -52.0625 -56.0 2.4727770300716534 4 
0005 0013 3 1671006920504895 -13.0 -64.0 5.258486140871978 4 
0005 0000 3 1671006920509236 -279.9375 -70.0 3.043417883165112 4 
0005 0003 3 1671006920523154 3.25 -70.0 0.6258641614573416 4 
0005 0006 3 1671006920526378 39.0 -70.0 1.043106935762236 4 
