0005 0010 1 1671006953898275 3.25 -61.0 4.908738521234052 4 
0005 0004 1 1671006953901203 -6.5 -58.0 3.834951969714103 4 
0005 0015 1 1671006953902127 9.75 -65.5 5.982525072754001 4 
0005 0014 1 1671006953903063 -81.375 -59.5 2.282563412373834 4 
0005 0013 1 1671006953904230 -146.4375 -66.5 4.025165587411922 4 
0005 0011 1 1671006953908274 3.25 -64.5 4.6448938257177215 4 
0005 0008 1 1671006953909606 -3.25 -64.5 5.773903685601553 4 
0005 0010 2 1671006953936897 97.625 -63.0 0.23316507975861744 4 
0005 0012 2 1671006953941016 0.0 -66.0 4.516039439535327 4 
0005 0013 2 1671006953942185 68.3125 -69.0 3.9576704327449543 4 
0005 0005 3 1671006953987582 -9.75 -50.5 3.2704470397721868 4 
0005 0004 3 1671006953988516 74.8125 -67.5 2.650718801466388 4 
0005 0003 3 1671006953989437 -45.5625 -67.0 4.074252972624263 4 
0005 0015 3 1671006953995870 -32.5 -60.5 2.5402721847386216 4 
0005 0000 3 1671006953996863 -159.5 -70.5 1.0921943209745766 4 
0005 0011 3 1671006953998263 -48.8125 -59.5 5.577554144752192 4 
0005 0013 3 1671006953999826 -42.3125 -64.5 6.025476534814799 4 
0005 0012 3 1671006954003744 74.8125 -63.5 0.4172427743048944 4 
0005 0009 3 1671006954005132 3.25 -63.5 2.9943304979527716 4 
0005 0005 4 1671006954035908 9.75 -57.5 2.8654761117703775 4 
0005 0013 4 1671006954036891 26.0 -63.5 5.712544454086128 4 
0005 0003 4 1671006954041380 100.875 -73.5 0.9694758579437253 4 
0005 0011 4 1671006954042324 0.0 -59.5 6.258641614573416 4 
0005 0014 4 1671006954044479 -87.875 -65.0 2.9759227284981438 4 
0005 0008 4 1671006954045400 -13.0 -58.0 4.571262747899211 4 
0005 0000 4 1671006954046306 -32.5 -63.5 3.172272269347506 4 
0005 0015 5 1671006954076455 -32.5 -66.0 1.5278448647340985 4 
0005 0005 5 1671006954079613 22.75 -62.0 5.988660995905543 4 
0005 0013 5 1671006954082927 6.5 -62.5 5.927301764390117 4 
0005 0014 5 1671006954091000 -65.0625 -70.5 0.5767767762450011 4 
0005 0013 6 1671006954117161 3.25 -67.0 5.890486225480862 4 
0005 0012 6 1671006954130230 -205.0625 -66.0 3.6263305825616556 4 
0005 0012 7 1671006954163167 -3.25 -63.0 2.9575149590435164 4 
0005 0013 7 1671006954165069 32.5 -68.0 0.07976700097005335 4 
0005 0014 7 1671006954167070 94.375 -64.5 4.546719055293041 4 
0005 0011 8 1671006954216335 -19.5 -71.0 1.4542137869155878 4 
0005 0015 8 1671006954217302 -26.0 -69.5 0.5276893910326605 4 
0005 0014 8 1671006954220280 61.8125 -65.0 5.902758071783947 4 
0005 0010 1 1671006954446308 9.75 -61.0 4.902602598082509 4 
0005 0011 1 1671006954448368 -78.0625 -64.0 4.804427827657828 4 
0005 0004 1 1671006954450307 -13.0 -58.5 3.859495662320273 4 
0005 0015 1 1671006954452166 26.0 -65.0 6.043884304269426 4 
0005 0008 1 1671006954453145 65.0625 -65.0 5.724816300389213 4 
0005 0014 1 1671006954454335 -39.0 -60.0 2.2027964114037806 4 
0005 0013 1 1671006954457634 3.25 -67.5 3.8410878928656453 4 
0005 0010 2 1671006954486662 45.5625 -63.5 0.35588354278946877 4 
0005 0012 2 1671006954496333 -91.125 -67.0 4.546719055293041 4 
0005 0013 2 1671006954501084 -58.5625 -68.0 4.28287435977671 4 
0005 0009 3 1671006954545951 -42.3125 -63.5 3.0372819600135696 4 
0005 0012 3 1671006954546902 74.8125 -63.5 0.48473792897186263 4 
0005 0003 3 1671006954549411 52.0625 -66.0 4.031301510563465 4 
0005 0013 3 1671006954550673 16.25 -65.0 5.921165841238575 4 
0005 0011 3 1671006954551838 -152.9375 -59.5 5.8045833013592665 4 
0005 0015 3 1671006954556746 58.5625 -60.5 2.435961491162398 4 
0005 0005 3 1671006954558212 0.0 -50.5 3.2765829629237295 4 
0005 0004 3 1671006954561726 143.1875 -67.5 2.6568547246179306 4 
0005 0000 3 1671006954578526 -65.0625 -67.5 0.8774370106705868 4 
0005 0001 3 1671006954579846 107.375 -70.0 1.0246991663076084 4 
0005 0005 4 1671006954605957 3.25 -57.5 2.8777479580734626 4 
0005 0003 4 1671006954607420 42.3125 -72.0 1.1044661672776617 4 
0005 0014 4 1671006954610312 -13.0 -65.0 2.9391071895888885 4 
0005 0000 4 1671006954611544 16.25 -63.0 3.160000423044421 4 
0005 0013 4 1671006954616413 -45.5625 -63.5 5.822991070813893 4 
0005 0008 4 1671006954618083 -6.5 -58.0 4.565126824747668 4 
0005 0011 4 1671006954623854 -16.25 -59.5 6.252505691421874 4 
0005 0005 5 1671006954654162 22.75 -62.5 5.9518454569962875 4 
0005 0011 5 1671006954657409 -45.5625 -71.0 2.7120780329818137 4 
0005 0013 5 1671006954658810 3.25 -62.5 5.976389149602458 4 
0005 0015 5 1671006954662308 -126.9375 -65.0 1.6689710972195777 4 
0005 0014 5 1671006954669344 55.3125 -70.5 0.3436116964863836 4 
0005 0013 6 1671006954703423 -113.875 -66.5 6.031612457966341 4 
0005 0012 6 1671006954704841 -78.0625 -67.0 3.313398501832985 4 
0005 0012 7 1671006954747826 32.5 -63.0 2.890019804376548 4 
0005 0013 7 1671006954758563 16.25 -68.5 0.1227184630308513 4 
0005 0014 7 1671006954761234 -91.125 -64.5 4.853515212870168 4 
0005 0015 8 1671006954805407 -136.6875 -69.0 0.8897088569736719 4 
0005 0014 8 1671006954808932 45.5625 -65.5 5.9088939949354895 4 
0005 0011 8 1671006954813166 6.5 -71.0 1.5585244804918115 4 
0005 0013 1 1671006955036446 -42.3125 -67.5 3.9822141253511245 4 
0005 0004 1 1671006955037661 22.75 -58.5 3.816544200259475 4 
0005 0010 1 1671006955038613 -35.75 -61.0 4.95168998329485 4 
0005 0011 1 1671006955045348 -29.25 -64.5 4.743068596142402 4 
0005 0014 1 1671006955046324 22.75 -59.5 2.086213871524472 4 
0005 0015 1 1671006955048074 6.5 -65.5 6.056156150572511 4 
0005 0008 1 1671006955050811 91.125 -65.0 5.988660995905543 4 
0005 0012 2 1671006955087836 -81.375 -67.5 4.614214209960009 4 
0005 0010 2 1671006955094127 9.75 -62.5 0.37429131224409645 4 
0005 0013 2 1671006955107954 -87.875 -69.5 4.074252972624263 4 
0005 0012 3 1671006955137900 117.125 -64.0 0.48473792897186263 4 
0005 0013 3 1671006955140039 -117.125 -65.0 6.270913460876501 4 
0005 0009 3 1671006955141670 -91.125 -63.5 3.055689729468197 4 
0005 0005 3 1671006955145293 -13.0 -50.5 3.3195344249845276 4 
0005 0011 3 1671006955146524 45.5625 -59.5 5.436427912266712 4 
0005 0015 3 1671006955148199 -126.9375 -61.5 2.779573187648782 4 
0005 0003 3 1671006955151005 -52.0625 -67.5 4.270602513473625 4 
0005 0001 3 1671006955153467 152.9375 -70.0 1.6873788666742053 4 
0005 0000 3 1671006955154386 -35.75 -71.0 0.48473792897186263 4 
0005 0004 3 1671006955155364 58.5625 -67.5 2.6691265709210157 4 
0005 0011 4 1671006955177256 3.25 -59.0 0.07976700097005335 4 
0005 0005 4 1671006955178558 -3.25 -57.5 2.7979809571034093 4 
0005 0008 4 1671006955179533 0.0 -58.5 4.651029748869264 4 
0005 0014 4 1671006955182849 6.5 -65.0 2.779573187648782 4 
0005 0000 4 1671006955184027 45.5625 -67.5 2.6998061866787286 4 
0005 0013 4 1671006955189315 -16.25 -63.0 5.47937937432751 4 
0005 0003 4 1671006955191982 58.5625 -72.5 1.214912784005428 4 
0005 0005 5 1671006955215933 -78.0625 -62.0 5.755495916146925 4 
0005 0013 5 1671006955216839 -19.5 -63.5 6.258641614573416 4 
0005 0015 5 1671006955218741 -61.8125 -65.5 1.7241944055834606 4 
0005 0012 5 1671006955228873 55.3125 -71.0 1.7303303287350031 4 
0005 0013 6 1671006955260484 0.0 -66.5 0.02454369260617026 4 
0005 0012 6 1671006955268350 -35.75 -66.5 3.6017868899554855 4 
0005 0014 7 1671006955301935 -68.3125 -64.0 4.97623367590102 4 
0005 0013 7 1671006955302927 -9.75 -67.0 0.7547185476397354 4 
0005 0012 7 1671006955308507 107.375 -63.0 3.693825737228624 4 
0005 0014 8 1671006955347342 -6.5 -66.0 0.06135923151542565 4 
0005 0015 8 1671006955348507 -68.3125 -68.5 0.9510680884890975 4 
0005 0012 8 1671006955350314 42.3125 -71.0 4.509903516383785 4 
0005 0004 8 1671006955361713 52.0625 -71.0 0.6933593161243098 4 
0005 0005 1 1671006955579501 13.8125 -67.0 5.835262917116979 4 
0005 0015 1 1671006955580962 -9.75 -63.0 5.5100589900852235 4 
0005 0004 1 1671006955585835 58.5625 -66.5 2.8716120349219203 4 
0005 0013 1 1671006955587510 -3.25 -66.0 2.9391071895888885 4 
0005 0010 1 1671006955588464 -68.3125 -62.0 2.9697868053466014 4 
0005 0009 1 1671006955589868 3.25 -62.0 3.4606606574700063 4 
0005 0014 1 1671006955592789 71.5625 -61.0 1.5278448647340985 4 
0005 0009 2 1671006955617418 -22.75 -62.0 1.2885438618239387 4 
0005 0012 2 1671006955618979 -3.25 -66.5 5.043728830567988 4 
0005 0008 2 1671006955620370 -97.625 -67.0 1.859184714917397 4 
0005 0010 2 1671006955622219 107.375 -68.0 2.693670263527186 4 
0005 0003 3 1671006955666858 149.6875 -65.0 5.878214379177777 4 
0005 0011 3 1671006955668615 -32.5 -60.0 6.129787228391022 4 
0005 0009 3 1671006955671008 -3.25 -54.0 5.939573610693203 4 
0005 0000 3 1671006955672171 19.5 -62.0 4.792155981354743 4 
0005 0008 3 1671006955673616 -19.5 -54.0 4.4362724385652745 4 
0005 0015 3 1671006955674568 -22.75 -64.0 3.816544200259475 4 
0005 0013 3 1671006955675487 0.0 -64.0 5.872078456026235 4 
0005 0005 3 1671006955676929 0.0 -55.0 5.927301764390117 4 
0005 0012 4 1671006955711170 -13.0 -69.0 1.5155730184310134 4 
0005 0010 4 1671006955712095 -45.5625 -70.0 1.8223691760081417 4 
0005 0005 4 1671006955713027 17.0625 -53.5 0.6749515466696822 4 
0005 0011 4 1671006955714937 3.25 -61.0 4.595806440505381 4 
0005 0008 4 1671006955715857 3.25 -57.5 3.56497135104623 4 
0005 0014 4 1671006955718804 -22.75 -65.5 1.945087639038993 4 
0005 0006 4 1671006955721716 133.4375 -73.5 1.239456476611598 4 
0005 0003 4 1671006955722620 -74.8125 -63.5 4.006757817957295 4 
0005 0011 5 1671006955747852 146.4375 -71.0 3.227495577711389 4 
0005 0003 5 1671006955749324 224.5625 -72.0 2.3746022596469727 4 
0005 0009 5 1671006955750320 205.0625 -67.5 1.7119225592803755 4 
0005 0015 5 1671006955759532 65.0625 -63.0 2.5464081078901644 4 
0005 0013 5 1671006955762230 -55.3125 -63.0 3.5833791205008576 4 
0005 0005 5 1671006955763574 -27.625 -68.0 3.6876898140770815 4 
0005 0007 5 1671006955768018 -61.8125 -71.0 0.0 4 
0005 0005 6 1671006955808274 125.3125 -70.0 2.3623304133438876 4 
0005 0012 7 1671006955844423 19.5 -66.0 0.5338253141842031 4 
0005 0014 7 1671006955847748 -100.875 -66.0 5.706408530934585 4 
0005 0015 8 1671006955884058 107.375 -70.0 0.9633399347921826 4 
0005 0012 8 1671006955885872 22.75 -65.5 5.313709449235861 4 
0005 0006 8 1671006955891165 -6.5 -73.5 1.282407938672396 4 
0005 0007 1 1671006956108254 -42.3125 -72.5 4.3933209765044765 4 
0005 0010 1 1671006956109547 32.5 -63.5 1.6689710972195777 4 
0005 0014 1 1671006956110511 -61.8125 -63.5 1.4358060174609601 4 
0005 0008 1 1671006956111913 -32.5 -67.5 4.914874444385594 4 
0005 0013 1 1671006956112882 -120.4375 -68.0 5.1725832167503825 4 
0005 0000 1 1671006956114086 39.0 -63.5 0.04908738521234052 4 
0005 0015 1 1671006956117594 0.0 -62.5 4.718524903536232 4 
0005 0004 1 1671006956118658 -3.25 -63.5 2.9759227284981438 4 
0005 0008 2 1671006956145864 -3.25 -58.5 1.239456476611598 4 
0005 0009 2 1671006956148409 146.4375 -69.0 0.6565437772150544 4 
0005 0000 2 1671006956152364 123.6875 -65.5 4.945554060143307 4 
0005 0010 2 1671006956155125 120.4375 -69.5 2.4850488763747385 4 
0005 0013 3 1671006956186658 -6.5 -68.0 5.405748296509 4 
0005 0005 3 1671006956188160 9.75 -61.0 2.116893487282185 4 
0005 0015 3 1671006956189325 -48.8125 -64.5 3.313398501832985 4 
0005 0009 3 1671006956190276 -16.25 -58.5 4.111068511533518 4 
0005 0008 3 1671006956191422 6.5 -57.5 0.8958447801252144 4 
0005 0000 3 1671006956193095 -13.0 -69.5 2.736621725587984 4 
0005 0004 3 1671006956194029 61.8125 -69.0 5.350524988145116 4 
0005 0003 3 1671006956197353 42.3125 -64.5 3.442252888015379 4 
0005 0011 3 1671006956201824 -71.5625 -67.0 5.246214294568893 4 
0005 0011 4 1671006956248150 -39.0 -66.0 3.2704470397721868 4 
0005 0007 4 1671006956250249 16.25 -64.5 5.080544369477243 4 
0005 0005 4 1671006956251181 -10.5625 -56.0 3.018874190558942 4 
0005 0003 4 1671006956252103 -19.5 -66.5 1.6382914814618648 4 
0005 0006 4 1671006956253023 13.0 -71.5 4.1601558967458585 4 
0005 0009 4 1671006956255323 22.75 -65.5 0.9633399347921826 4 
0005 0014 4 1671006956256528 68.3125 -67.5 1.7855536370988863 4 
0005 0013 5 1671006956276957 -71.5625 -65.0 2.6323110320117604 4 
0005 0010 5 1671006956278748 -55.3125 -71.0 5.9088939949354895 4 
0005 0005 5 1671006956280866 61.8125 -65.0 1.761009944492716 4 
0005 0015 5 1671006956284626 13.0 -64.0 2.4850488763747385 4 
0005 0009 5 1671006956287775 156.1875 -68.5 0.5338253141842031 4 
0005 0003 5 1671006956291758 -156.1875 -72.0 4.166291819897402 4 
0005 0010 8 1671006956386479 84.625 -69.0 0.8774370106705868 4 
0005 0015 8 1671006956393165 52.0625 -68.5 0.8897088569736719 4 
0005 0006 8 1671006956394140 -29.25 -74.5 0.7792622402459057 4 
0005 0014 1 1671006956617115 26.0 -64.5 0.9019807032767571 4 
0005 0007 1 1671006956618477 -9.75 -68.0 4.902602598082509 4 
0005 0010 1 1671006956620551 6.5 -65.0 1.4542137869155878 4 
0005 0015 1 1671006956622411 -58.5625 -62.0 4.663301595172349 4 
0005 0004 1 1671006956623342 -19.5 -64.5 2.7857091108003242 4 
0005 0008 1 1671006956625778 35.75 -66.5 5.105088062083414 4 
0005 0000 1 1671006956630236 -65.0625 -69.0 0.760854470791278 4 
0005 0008 2 1671006956655929 48.8125 -59.0 1.3008157081270237 4 
0005 0000 2 1671006956657614 -100.875 -64.0 5.436427912266712 4 
0005 0010 2 1671006956660396 227.8125 -67.0 2.2212041808584084 4 
0005 0009 2 1671006956667447 94.375 -68.0 0.8099418560036186 4 
0005 0006 2 1671006956674711 94.375 -71.0 0.47860200582032003 4 
0005 0004 3 1671006956707483 -162.75 -69.0 5.602097837358362 4 
0005 0009 3 1671006956709774 -9.75 -59.5 3.6570101983193686 4 
0005 0015 3 1671006956710743 94.375 -64.5 2.82252464970958 4 
0005 0013 3 1671006956711695 65.0625 -69.0 4.945554060143307 4 
0005 0008 3 1671006956712659 39.0 -57.5 0.2638446955163303 4 
0005 0005 3 1671006956713874 35.75 -59.5 1.043106935762236 4 
0005 0011 3 1671006956715435 -104.125 -67.0 5.0682725231741586 4 
0005 0003 3 1671006956716442 152.9375 -62.5 2.675262494072558 4 
0005 0009 4 1671006956758046 3.25 -66.5 0.8774370106705868 4 
0005 0014 4 1671006956759237 -22.75 -67.5 1.7794177139473437 4 
0005 0007 4 1671006956760170 0.0 -64.5 4.970097752749477 4 
0005 0005 4 1671006956761362 24.375 -55.5 2.693670263527186 4 
0005 0003 4 1671006956763741 13.0 -66.5 0.7853981633974483 4 
0005 0006 4 1671006956765798 74.8125 -71.0 3.877903431774901 4 
0005 0011 4 1671006956767556 32.5 -66.5 2.9391071895888885 4 
0005 0013 5 1671006956798944 -55.3125 -65.0 2.350058567040802 4 
0005 0005 5 1671006956800401 52.0625 -64.5 1.902136176978195 4 
0005 0015 5 1671006956802540 65.0625 -64.0 2.141437179888355 4 
0005 0009 5 1671006956804132 68.3125 -68.0 0.8774370106705868 4 
0005 0015 8 1671006956908691 104.125 -70.0 0.803805932852076 4 
0005 0010 8 1671006956911399 26.0 -71.0 1.0799224746714913 4 
0005 0006 8 1671006956914644 -97.625 -72.5 1.0737865515199487 4 
0005 0007 1 1671006957128009 35.75 -67.5 4.718524903536232 4 
0005 0008 1 1671006957129538 -3.25 -67.5 4.95168998329485 4 
0005 0004 1 1671006957131845 -61.8125 -64.5 2.736621725587984 4 
0005 0010 1 1671006957133777 97.625 -65.0 1.2026409377023426 4 
0005 0000 1 1671006957134771 -26.0 -68.5 0.705631162427395 4 
0005 0015 1 1671006957136935 3.25 -61.5 4.571262747899211 4 
0005 0014 1 1671006957137885 55.3125 -64.0 0.944932165337555 4 
0005 0008 2 1671006957169935 35.75 -59.5 1.337631247036279 4 
0005 0010 2 1671006957175522 -120.4375 -67.5 2.6323110320117604 4 
0005 0000 2 1671006957176416 -78.0625 -65.0 5.418020142812084 4 
0005 0006 2 1671006957177618 -9.75 -71.0 0.6810874698212247 4 
0005 0009 2 1671006957181394 55.3125 -68.0 0.7301748550335652 4 
0005 0013 3 1671006957206113 -234.3125 -69.5 5.123495831538041 4 
0005 0011 3 1671006957207302 35.75 -67.5 5.043728830567988 4 
0005 0008 3 1671006957209566 0.0 -57.0 0.2270291566070749 4 
0005 0015 3 1671006957210992 19.5 -65.0 3.0495538063166547 4 
0005 0009 3 1671006957213064 19.5 -59.5 3.785864584501762 4 
0005 0005 3 1671006957213997 39.0 -59.5 0.9326603190344698 4 
0005 0003 3 1671006957215696 26.0 -62.5 2.804116880254952 4 
0005 0004 3 1671006957217948 -45.5625 -68.0 5.3198453723874035 4 
0005 0014 4 1671006957248493 22.75 -67.5 1.6935147898257479 4 
0005 0009 4 1671006957250637 -16.25 -67.0 0.9387962421860124 4 
0005 0003 4 1671006957251858 55.3125 -67.0 0.6381360077604268 4 
0005 0011 4 1671006957252807 22.75 -66.5 2.9575149590435164 4 
0005 0007 4 1671006957254253 -9.75 -64.5 4.878058905476339 4 
0005 0005 4 1671006957255414 17.0625 -55.5 2.6875343403756435 4 
0005 0006 4 1671006957257530 -48.8125 -71.0 4.086524818927348 4 
0005 0005 5 1671006957285930 19.5 -64.0 1.945087639038993 4 
0005 0009 5 1671006957293165 71.5625 -68.5 0.5706408530934585 4 
0005 0015 5 1671006957295078 16.25 -63.5 2.1475731030398975 4 
0005 0013 5 1671006957296046 35.75 -65.5 2.0371264863121317 4 
0005 0003 5 1671006957304846 -13.0 -72.5 3.9392626632903265 4 
0005 0015 8 1671006957402313 -13.0 -69.5 0.8774370106705868 4 
0005 0010 8 1671006957403554 -22.75 -70.5 0.8958447801252144 4 
0005 0006 8 1671006957405850 -68.3125 -72.5 0.7240389318820226 4 
0005 0010 1 1671006957616905 39.0 -64.5 1.3989904785517047 4 
0005 0000 1 1671006957618593 -16.25 -69.5 0.8099418560036186 4 
0005 0015 1 1671006957620241 -45.5625 -62.0 4.632621979414636 4 
0005 0014 1 1671006957621403 -61.8125 -64.0 1.0799224746714913 4 
0005 0007 1 1671006957622867 -104.125 -68.0 4.9823695990525625 4 
0005 0004 1 1671006957624070 123.6875 -64.0 2.4911847995262812 4 
0005 0008 1 1671006957626976 -156.1875 -66.5 5.522330836388308 4 
0005 0009 2 1671006957656222 -13.0 -67.5 0.8897088569736719 4 
0005 0000 2 1671006957660521 42.3125 -64.5 5.209398755659637 4 
0005 0010 2 1671006957662084 179.0 -67.5 2.1046216409791 4 
0005 0008 2 1671006957664040 -6.5 -58.5 1.380582709097077 4 
0005 0003 3 1671006957685982 -39.0 -63.0 3.06182565261974 4 
0005 0008 3 1671006957687428 -29.25 -58.0 0.4356505437595221 4 
0005 0011 3 1671006957695999 22.75 -67.0 5.184855063053467 4 
0005 0015 3 1671006957697465 -126.9375 -65.5 3.074097498922825 4 
0005 0004 3 1671006957698968 107.375 -69.5 5.350524988145116 4 
0005 0005 3 1671006957699928 48.8125 -59.0 1.086058397823034 4 
0005 0009 3 1671006957704487 -29.25 -60.5 3.847223816017188 4 
0005 0011 4 1671006957746166 48.8125 -66.5 3.067961575771282 4 
0005 0006 4 1671006957747866 -48.8125 -71.0 4.246058820867455 4 
0005 0014 4 1671006957749451 48.8125 -68.5 1.6812429435226628 4 
0005 0007 4 1671006957751774 35.75 -64.0 4.970097752749477 4 
0005 0003 4 1671006957752722 -19.5 -67.5 0.9265243958829272 4 
0005 0005 4 1671006957754180 -32.5 -56.0 2.8716120349219203 4 
0005 0009 4 1671006957755600 -29.25 -65.5 1.0246991663076084 4 
0005 0009 5 1671006957786217 -35.75 -68.5 0.7547185476397354 4 
0005 0015 5 1671006957787680 45.5625 -63.5 2.110757564130642 4 
0005 0005 5 1671006957797171 130.1875 -67.5 1.8162332528565992 4 
0005 0013 5 1671006957798633 117.125 -65.0 1.662835174068035 4 
0005 0003 5 1671006957799923 -94.375 -69.5 3.8840393549264434 4 
0005 0010 5 1671006957800819 175.75 -73.0 5.638913376267617 4 
0005 0006 8 1671006957896678 -16.25 -73.5 0.6135923151542565 4 
0005 0010 8 1671006957902239 32.5 -69.5 0.6504078540635119 4 
0005 0015 8 1671006957904337 48.8125 -69.5 0.8406214717613314 4 
0005 0007 1 1671006958117731 -159.5 -68.0 5.190990986205009 4 
0005 0000 1 1671006958118682 -35.75 -70.0 0.803805932852076 4 
0005 0004 1 1671006958119614 -3.25 -64.5 2.779573187648782 4 
0005 0014 1 1671006958120622 -29.25 -64.0 0.9694758579437253 4 
0005 0015 1 1671006958125590 -29.25 -62.0 4.558990901596125 4 
0005 0008 1 1671006958126538 -6.5 -67.0 5.283029833478148 4 
0005 0010 1 1671006958127748 94.375 -65.0 1.2885438618239387 4 
0005 0010 2 1671006958156186 48.8125 -68.0 2.399145952253143 4 
0005 0009 2 1671006958158744 71.5625 -68.0 0.4663301595172349 4 
0005 0008 2 1671006958159693 29.25 -58.5 1.337631247036279 4 
0005 0000 2 1671006958161765 100.875 -64.5 5.184855063053467 4 
0005 0004 3 1671006958196252 -13.0 -68.5 5.589825991055276 4 
0005 0009 3 1671006958197178 -55.3125 -61.0 3.9147189706841563 4 
0005 0005 3 1671006958199087 6.5 -59.5 1.282407938672396 4 
0005 0003 3 1671006958200493 -58.5625 -63.5 3.3379421944391554 4 
0005 0015 3 1671006958202167 -149.6875 -65.5 3.129320807286708 4 
0005 0008 3 1671006958203571 -52.0625 -58.5 0.6135923151542565 4 
0005 0011 3 1671006958209621 -71.5625 -68.0 5.473243451175968 4 
0005 0005 4 1671006958246219 6.5 -56.5 2.9206994201342606 4 
0005 0011 4 1671006958248505 -29.25 -66.5 3.215223731408304 4 
0005 0006 4 1671006958249695 -201.8125 -70.0 4.571262747899211 4 
0005 0007 4 1671006958252511 3.25 -64.0 5.111223985234957 4 
0005 0009 4 1671006958254256 -22.75 -65.0 1.0737865515199487 4 
0005 0014 4 1671006958256074 52.0625 -69.0 1.5585244804918115 4 
0005 0003 4 1671006958257603 13.0 -66.5 1.086058397823034 4 
0005 0015 5 1671006958286222 123.6875 -64.0 1.8960002538266525 4 
0005 0013 5 1671006958289754 68.3125 -65.0 1.7916895602504288 4 
0005 0003 5 1671006958292664 -9.75 -71.0 3.7429131224409646 4 
0005 0005 5 1671006958293599 13.0 -68.5 1.859184714917397 4 
0005 0015 8 1671006958386183 -55.3125 -70.0 1.000155473701438 4 
0005 0008 8 1671006958389434 -61.8125 -70.0 3.9638063558964967 4 
0005 0010 8 1671006958392115 68.3125 -70.5 0.5399612373357456 4 
0005 0006 8 1671006958395804 113.875 -73.5 0.4172427743048944 4 
0005 0004 1 1671006958617755 34.9375 -65.0 2.693670263527186 4 
0005 0015 1 1671006958619844 26.0 -62.0 4.479223900626073 4 
0005 0000 1 1671006958621378 -120.4375 -69.0 0.7853981633974483 4 
0005 0014 1 1671006958622298 -39.0 -64.0 1.0369710126106935 4 
0005 0008 1 1671006958623952 -13.0 -66.5 5.141903600992669 4 
0005 0010 1 1671006958628284 100.875 -65.0 1.239456476611598 4 
0005 0007 1 1671006958629195 -126.9375 -67.0 5.037592907416445 4 
0005 0006 2 1671006958658775 179.0 -70.0 0.521553467881118 4 
0005 0000 2 1671006958661100 113.875 -64.5 5.049864753719531 4 
0005 0008 2 1671006958662134 35.75 -58.5 1.2640001692177683 4 
0005 0009 2 1671006958664484 146.4375 -69.5 0.44178646691106466 4 
0005 0010 2 1671006958666313 -6.5 -67.5 2.350058567040802 4 
0005 0009 3 1671006958696520 35.75 -60.5 3.730641276137879 4 
0005 0005 3 1671006958700483 13.8125 -60.0 1.3989904785517047 4 
0005 0003 3 1671006958701772 19.5 -62.5 3.2029518851052186 4 
0005 0008 3 1671006958705203 3.25 -58.5 0.7179030087304801 4 
0005 0015 3 1671006958706185 71.5625 -64.5 2.82252464970958 4 
0005 0011 3 1671006958707560 45.5625 -66.5 5.080544369477243 4 
0005 0004 3 1671006958714241 -48.8125 -69.0 5.577554144752192 4 
0005 0005 4 1671006958745994 35.75 -56.5 2.9391071895888885 4 
0005 0007 4 1671006958747167 0.0 -64.0 5.356660911296659 4 
0005 0003 4 1671006958749085 19.5 -66.0 1.227184630308513 4 
0005 0006 4 1671006958753351 -195.25 -70.5 4.540583132141498 4 
0005 0009 4 1671006958754830 52.0625 -65.0 1.0185632431560658 4 
0005 0014 4 1671006958755736 48.8125 -68.0 1.6444274046134073 4 
0005 0011 4 1671006958756657 -87.875 -66.5 3.3318062712876126 4 
0005 0015 5 1671006958778926 65.0625 -64.0 2.0800779483729293 4 
0005 0013 5 1671006958781026 120.4375 -66.0 1.6689710972195777 4 
0005 0005 5 1671006958781986 6.5 -67.0 2.000310947402876 4 
0005 0003 5 1671006958788086 -74.8125 -71.0 3.767456815047135 4 
0005 0015 8 1671006958889727 -188.75 -69.5 1.0983302441261191 4 
0005 0006 8 1671006958892199 0.0 -73.0 0.6688156235181395 4 
0005 0010 8 1671006958894465 68.3125 -71.5 0.5706408530934585 4 
