0008 0004 1 1671007024499346 -61.8125 -67.0 3.6324665057131984 15 
0008 0007 1 1671007024504815 16.25 -61.5 4.374913207049849 15 
0008 0009 1 1671007024507876 48.8125 -65.5 3.5342917352885173 15 
0008 0005 1 1671007024510939 69.125 -67.5 4.878058905476339 15 
0008 0001 1 1671007024511901 -90.3125 -67.5 2.2580197197676637 15 
0008 0015 1 1671007024512840 -35.75 -70.0 4.264466590322082 15 
0008 0011 2 1671007024557155 -104.125 -68.0 4.252194744018997 15 
0008 0015 2 1671007024582530 68.3125 -70.0 0.6013204688511713 15 
0008 0007 2 1671007024587869 113.875 -69.0 1.4664856332186729 15 
0008 0004 3 1671007024617032 13.8125 -67.0 2.043262409463674 15 
0008 0005 3 1671007024628392 107.375 -66.0 5.896622148632405 15 
0008 0006 3 1671007024630967 -73.1875 -70.0 5.792311455056181 15 
0008 0001 4 1671007024675927 16.25 -69.0 2.1782527187976104 15 
0008 0006 4 1671007024679509 52.0625 -67.0 1.718058482431918 15 
0008 0004 4 1671007024680426 55.3125 -60.5 6.019340611663256 15 
0008 0010 4 1671007024689531 22.75 -66.0 2.5280003384355365 15 
0008 0007 4 1671007024693289 -9.75 -62.0 5.3627968344482015 15 
0008 0004 5 1671007024728511 69.125 -61.5 1.2333205534600555 15 
0008 0009 5 1671007024729754 -3.25 -53.5 4.632621979414636 15 
0008 0015 5 1671007024732897 55.3125 -67.5 3.6876898140770815 15 
0008 0011 5 1671007024736237 90.3125 -65.0 5.626641529964532 15 
0008 0005 5 1671007024737836 128.5625 -67.5 1.509437095279471 15 
0008 0008 5 1671007024739421 143.1875 -70.5 3.761320891895592 15 
0008 0001 5 1671007024743630 -48.8125 -68.5 0.1349903093339364 15 
0008 0014 5 1671007024746976 159.5 -71.0 1.8960002538266525 15 
0008 0001 6 1671007024766663 19.5 -56.0 0.28225246497095796 15 
0008 0007 6 1671007024767885 -35.75 -64.5 4.792155981354743 15 
0008 0010 6 1671007024769445 -16.25 -57.0 5.577554144752192 15 
0008 0005 6 1671007024771117 -38.1875 -69.5 4.675573441475434 15 
0008 0009 6 1671007024772049 48.8125 -63.5 3.650874275167826 15 
0008 0015 6 1671007024775424 68.3125 -65.0 0.6565437772150544 15 
0008 0011 6 1671007024777823 -17.0625 -58.0 5.037592907416445 15 
0008 0014 6 1671007024778998 62.625 -68.0 1.5707963267948966 15 
0008 0008 6 1671007024781863 22.75 -65.5 4.552854978444583 15 
0008 0004 6 1671007024783235 -19.5 -61.0 2.791845033951867 15 
0008 0004 7 1671007024806384 22.75 -65.0 2.055534255766759 15 
0008 0015 7 1671007024808485 -48.8125 -63.5 5.810719224510809 15 
0008 0010 7 1671007024810199 -100.875 -66.5 5.313709449235861 15 
0008 0005 7 1671007024812067 22.75 -53.0 2.067806102069844 15 
0008 0007 7 1671007024815941 -9.75 -53.0 4.2092432819582 15 
0008 0000 7 1671007024816896 -130.1875 -69.0 5.7616318392984684 15 
0008 0009 7 1671007024817812 -3.25 -52.5 4.755340442445488 15 
0008 0011 7 1671007024820617 -45.5625 -62.0 3.2397674240144743 15 
0008 0014 7 1671007024822420 -65.0625 -65.0 3.380893656499953 15 
0008 0008 7 1671007024824177 52.0625 -65.5 2.313243028131547 15 
0008 0015 8 1671007024857757 9.75 -60.5 2.9022916506796332 15 
0008 0008 8 1671007024858721 48.8125 -70.0 0.5276893910326605 15 
0008 0007 8 1671007024860282 -6.5 -59.5 2.724349879284899 15 
0008 0005 8 1671007024861452 0.0 -64.0 2.1353012567368124 15 
0008 0010 8 1671007024862675 -3.25 -66.0 6.14819499784565 15 
0008 0011 8 1671007024863862 76.4375 -64.5 2.172116795646068 15 
0008 0014 8 1671007024867546 13.8125 -70.5 5.037592907416445 15 
0008 0000 8 1671007024868499 126.9375 -70.5 2.497320722677824 15 
0008 0004 8 1671007024873500 -55.3125 -66.5 4.424000592262189 15 
0008 0001 8 1671007024874474 -17.0625 -66.5 3.6324665057131984 15 
0008 0004 1 1671007025085886 48.8125 -66.5 3.393165502803038 15 
0008 0009 1 1671007025088192 48.8125 -65.5 3.6017868899554855 15 
0008 0005 1 1671007025090544 69.125 -68.0 4.884194828627882 15 
0008 0001 1 1671007025099413 21.125 -68.0 2.2396119503130363 15 
0008 0007 1 1671007025100562 68.3125 -61.5 4.252194744018997 15 
0008 0015 1 1671007025104409 -146.4375 -70.5 4.430136515413731 15 
0008 0011 2 1671007025141339 93.5625 -68.5 4.09266074207889 15 
0008 0005 2 1671007025152752 187.125 -70.5 0.5031456984264903 15 
0008 0015 2 1671007025154337 -29.25 -70.0 0.8897088569736719 15 
0008 0007 2 1671007025175645 -94.375 -69.5 1.6444274046134073 15 
0008 0005 3 1671007025206960 -104.125 -65.0 0.02454369260617026 15 
0008 0004 3 1671007025210178 -197.6875 -68.0 2.3623304133438876 15 
0008 0006 3 1671007025214122 -3.25 -70.0 5.534602682691394 15 
0008 0004 4 1671007025259024 29.25 -60.0 5.9518454569962875 15 
0008 0007 4 1671007025262897 -19.5 -63.0 5.375068680751287 15 
0008 0006 4 1671007025266391 -24.375 -67.0 1.7916895602504288 15 
0008 0010 4 1671007025269167 -35.75 -65.5 2.6445828783148455 15 
0008 0001 4 1671007025271287 -10.5625 -68.5 2.2886993355253766 15 
0008 0001 5 1671007025298068 -97.625 -70.5 6.062292073724054 15 
0008 0009 5 1671007025299001 3.25 -53.5 4.577398671050753 15 
0008 0015 5 1671007025300936 -29.25 -68.0 3.890175278077986 15 
0008 0004 5 1671007025301868 -32.5 -61.5 1.4296700943094176 15 
0008 0005 5 1671007025305041 -13.8125 -67.0 1.607611865704152 15 
0008 0014 5 1671007025308777 -142.375 -70.0 2.227340104009951 15 
0008 0011 5 1671007025309934 -79.75 -65.0 5.730952223540755 15 
0008 0008 5 1671007025314983 97.625 -69.0 3.650874275167826 15 
0008 0007 6 1671007025338769 -87.875 -64.0 4.828971520263998 15 
0008 0011 6 1671007025339669 -24.375 -58.5 5.00077736850719 15 
0008 0014 6 1671007025340843 -6.5 -69.5 1.662835174068035 15 
0008 0015 6 1671007025341810 -9.75 -64.5 0.8160777791551611 15 
0008 0010 6 1671007025343769 -26.0 -57.5 5.608233760509904 15 
0008 0008 6 1671007025344986 -48.8125 -65.5 4.558990901596125 15 
0008 0005 6 1671007025346189 21.125 -69.5 4.184699589352029 15 
0008 0009 6 1671007025347361 -9.75 -63.5 3.552699504743145 15 
0008 0004 6 1671007025350224 41.5 -61.0 2.6200391857086753 15 
0008 0001 6 1671007025351395 17.0625 -56.5 0.04295146206079795 15 
0008 0000 7 1671007025375939 -45.5625 -67.5 5.626641529964532 15 
0008 0005 7 1671007025377819 -21.125 -53.0 2.116893487282185 15 
0008 0011 7 1671007025379897 7.3125 -62.5 3.2581751934691017 15 
0008 0008 7 1671007025381727 -91.125 -65.0 2.5464081078901644 15 
0008 0015 7 1671007025386280 -78.0625 -63.5 5.810719224510809 15 
0008 0009 7 1671007025387254 -3.25 -52.5 4.81056375080937 15 
0008 0007 7 1671007025388219 9.75 -53.5 4.184699589352029 15 
0008 0014 7 1671007025391665 -19.5 -65.0 3.215223731408304 15 
0008 0010 7 1671007025393910 110.625 -67.0 5.037592907416445 15 
0008 0004 7 1671007025395739 130.1875 -65.0 1.9512235621905356 15 
0008 0007 8 1671007025418058 -3.25 -60.0 2.6998061866787286 15 
0008 0005 8 1671007025419729 45.5625 -64.5 2.1046216409791 15 
0008 0015 8 1671007025421148 26.0 -60.0 2.8838838812250054 15 
0008 0010 8 1671007025423092 29.25 -66.0 6.068427996875596 15 
0008 0011 8 1671007025426457 59.375 -64.0 2.1905245651006955 15 
0008 0014 8 1671007025427902 -76.4375 -70.5 5.2339424482658075 15 
0008 0008 8 1671007025428849 81.375 -68.0 0.5583690067903734 15 
0008 0004 8 1671007025430287 0.0 -66.5 4.424000592262189 15 
0008 0001 8 1671007025431253 -48.8125 -66.0 3.730641276137879 15 
0008 0000 8 1671007025433253 9.75 -70.5 2.82252464970958 15 
0008 0015 1 1671007025658293 -192.0 -70.5 4.325825821837508 15 
0008 0005 1 1671007025659467 -90.3125 -68.0 5.332117218690489 15 
0008 0001 1 1671007025663476 78.0625 -69.5 2.1537090261914402 15 
0008 0009 1 1671007025666308 42.3125 -65.5 3.56497135104623 15 
0008 0004 1 1671007025667483 -68.3125 -66.5 3.497476196379262 15 
0008 0007 1 1671007025674754 6.5 -62.0 4.362641360746763 15 
0008 0011 2 1671007025709935 30.875 -67.5 4.061981126321178 15 
0008 0015 2 1671007025729379 -74.8125 -69.0 0.9081166264282996 15 
0008 0007 2 1671007025734797 -6.5 -69.0 1.368310862793992 15 
0008 0005 2 1671007025756086 74.8125 -70.5 0.803805932852076 15 
0008 0005 3 1671007025797176 -24.375 -66.0 6.277049384028044 15 
0008 0006 3 1671007025799799 -298.625 -71.0 5.921165841238575 15 
0008 0004 3 1671007025800733 -32.5 -67.0 2.024854640009046 15 
0008 0001 4 1671007025847256 -100.875 -69.0 2.313243028131547 15 
0008 0010 4 1671007025852125 -78.0625 -66.5 2.6875343403756435 15 
0008 0006 4 1671007025853099 30.875 -68.5 1.7916895602504288 15 
0008 0007 4 1671007025854999 3.25 -63.0 5.332117218690489 15 
0008 0004 4 1671007025858608 -6.5 -60.0 6.000932842208628 15 
0008 0015 5 1671007025887345 -94.375 -68.0 3.8288160465625602 15 
0008 0014 5 1671007025888321 -71.5625 -70.5 2.141437179888355 15 
0008 0001 5 1671007025893505 -10.5625 -69.5 0.030679615757712823 15 
0008 0004 5 1671007025894678 7.3125 -61.5 1.2640001692177683 15 
0008 0005 5 1671007025895615 -194.4375 -68.0 1.88986433067511 15 
0008 0009 5 1671007025896774 -26.0 -53.0 4.577398671050753 15 
0008 0011 5 1671007025900375 3.25 -65.0 5.724816300389213 15 
0008 0008 5 1671007025906460 6.5 -71.0 3.7122335066832517 15 
0008 0001 6 1671007025936170 3.25 -56.5 0.006135923151542565 15 
0008 0007 6 1671007025939847 -29.25 -64.5 4.755340442445488 15 
0008 0005 6 1671007025941092 -17.0625 -71.5 4.381049130201391 15 
0008 0011 6 1671007025942531 -3.25 -58.5 5.00077736850719 15 
0008 0010 6 1671007025943453 -9.75 -57.0 5.602097837358362 15 
0008 0009 6 1671007025944628 -27.625 -63.5 3.6201946594101133 15 
0008 0004 6 1671007025946737 -7.3125 -61.0 2.8838838812250054 15 
0008 0008 6 1671007025948269 -42.3125 -65.0 4.485359823777615 15 
0008 0014 6 1671007025949201 -16.25 -69.0 1.6996507129772904 15 
0008 0015 6 1671007025950425 78.0625 -65.0 0.6442719309119693 15 
0008 0009 7 1671007025977948 -13.0 -53.0 4.798291904506286 15 
0008 0010 7 1671007025978915 -55.3125 -67.0 5.258486140871978 15 
0008 0008 7 1671007025979834 -175.75 -66.5 2.890019804376548 15 
0008 0007 7 1671007025981039 -22.75 -53.5 4.172427743048944 15 
0008 0004 7 1671007025981973 83.0 -65.5 1.9266798695843652 15 
0008 0014 7 1671007025983667 7.3125 -65.5 3.3011266555298997 15 
0008 0000 7 1671007025988472 -166.0 -69.5 5.755495916146925 15 
0008 0011 7 1671007025989388 -52.0625 -62.0 3.2765829629237295 15 
0008 0005 7 1671007025991739 30.875 -53.0 2.116893487282185 15 
0008 0015 7 1671007025992708 -65.0625 -63.5 5.816855147662351 15 
0008 0015 8 1671007026026127 42.3125 -60.5 2.9084275738311756 15 
0008 0001 8 1671007026028804 -84.625 -66.0 3.9269908169872414 15 
0008 0007 8 1671007026029982 -39.0 -61.0 2.767301341345697 15 
0008 0014 8 1671007026031184 -191.1875 -70.0 5.332117218690489 15 
0008 0008 8 1671007026032146 55.3125 -68.5 0.7301748550335652 15 
0008 0004 8 1671007026033346 -3.25 -66.5 4.473087977474529 15 
0008 0005 8 1671007026035743 48.8125 -65.0 2.116893487282185 15 
0008 0000 8 1671007026037433 195.25 -71.0 2.5341362615870793 15 
0008 0011 8 1671007026039809 -48.8125 -64.5 2.380738182798515 15 
0008 0010 8 1671007026044305 -29.25 -65.5 6.1850105367549055 15 
0008 0001 1 1671007026274593 -13.0 -70.5 2.2334760271614935 15 
0008 0007 1 1671007026276267 -16.25 -62.5 4.2092432819582 15 
0008 0005 1 1671007026283709 -52.0625 -68.5 4.988505522204105 15 
0008 0015 1 1671007026285829 3.25 -70.5 4.184699589352029 15 
0008 0009 1 1671007026287166 42.3125 -65.5 3.3870295796514958 15 
0008 0004 1 1671007026288114 21.125 -67.5 3.3072625786814425 15 
0008 0005 2 1671007026320484 250.625 -70.0 0.28838838812250056 15 
0008 0015 2 1671007026321449 74.8125 -69.5 0.8283496254582462 15 
0008 0007 2 1671007026322415 -35.75 -69.0 1.4664856332186729 15 
0008 0011 2 1671007026334008 -76.4375 -67.5 4.264466590322082 15 
0008 0006 3 1671007026379789 -7.3125 -69.5 5.896622148632405 15 
0008 0005 3 1671007026383362 111.4375 -65.0 6.031612457966341 15 
0008 0004 3 1671007026399926 -52.0625 -66.5 1.9266798695843652 15 
0008 0010 4 1671007026440853 0.0 -65.5 2.564815877344792 15 
0008 0004 4 1671007026443762 -22.75 -60.5 6.056156150572511 15 
0008 0007 4 1671007026444741 6.5 -63.0 5.221670601962723 15 
0008 0001 4 1671007026449145 0.0 -69.0 2.110757564130642 15 
0008 0006 4 1671007026450294 62.625 -67.0 1.7241944055834606 15 
0008 0015 5 1671007026477154 -113.875 -66.5 3.822680123411018 15 
0008 0004 5 1671007026478058 45.5625 -61.0 1.2640001692177683 15 
0008 0005 5 1671007026479501 26.0 -69.0 1.6382914814618648 15 
0008 0011 5 1671007026481463 0.0 -65.0 5.516194913236766 15 
0008 0001 5 1671007026484430 -30.875 -69.5 0.1902136176978195 15 
0008 0009 5 1671007026485334 19.5 -53.5 4.479223900626073 15 
0008 0014 5 1671007026490371 218.875 -70.0 1.7794177139473437 15 
0008 0011 6 1671007026525880 10.5625 -58.5 5.031456984264903 15 
0008 0015 6 1671007026526877 -32.5 -65.0 0.7915340865489908 15 
0008 0007 6 1671007026528014 -133.4375 -64.0 4.871922982324796 15 
0008 0010 6 1671007026528962 -9.75 -57.0 5.675728915176872 15 
0008 0009 6 1671007026531300 13.0 -63.5 3.6386024288647407 15 
0008 0008 6 1671007026533014 19.5 -65.0 4.583534594202296 15 
0008 0001 6 1671007026535123 13.0 -55.5 0.2699806186678728 15 
0008 0014 6 1671007026537939 -30.875 -69.5 1.859184714917397 15 
0008 0004 6 1671007026540314 42.3125 -61.0 2.767301341345697 15 
0008 0004 7 1671007026577049 68.3125 -66.0 2.1230294104337273 15 
0008 0014 7 1671007026578947 -39.0 -65.0 3.2520392703175593 15 
0008 0010 7 1671007026580962 -81.375 -67.0 5.203262832508095 15 
0008 0005 7 1671007026582416 38.1875 -53.0 2.1782527187976104 15 
0008 0009 7 1671007026583335 6.5 -53.0 4.724660826687775 15 
0008 0011 7 1671007026587164 -121.25 -63.0 3.3747577333484107 15 
0008 0007 7 1671007026588170 -3.25 -53.5 4.135612204139688 15 
0008 0015 7 1671007026589619 -22.75 -64.5 5.66959299202533 15 
0008 0008 7 1671007026591405 227.8125 -67.0 1.9880391010997909 15 
0008 0000 7 1671007026592470 52.0625 -69.5 5.780039608753096 15 
0008 0014 8 1671007026625929 -62.625 -70.0 5.0682725231741586 15 
0008 0015 8 1671007026627345 9.75 -60.0 2.9820586516496865 15 
0008 0001 8 1671007026628266 -68.3125 -66.0 4.080388895775806 15 
0008 0008 8 1671007026629215 84.625 -70.0 0.760854470791278 15 
0008 0010 8 1671007026631851 22.75 -66.5 6.191146459906448 15 
0008 0007 8 1671007026635103 58.5625 -60.5 2.6998061866787286 15 
0008 0004 8 1671007026636377 -65.875 -66.0 4.626486056263094 15 
0008 0000 8 1671007026637301 39.0 -71.0 2.8654761117703775 15 
0008 0011 8 1671007026638459 30.875 -65.5 2.2212041808584084 15 
0008 0005 8 1671007026644475 45.5625 -65.5 2.1966604882522383 15 
0008 0004 1 1671007026869772 76.4375 -67.5 2.9206994201342606 15 
0008 0005 1 1671007026876078 128.5625 -70.5 4.509903516383785 15 
0008 0007 1 1671007026877015 -45.5625 -63.0 4.135612204139688 15 
0008 0009 1 1671007026880047 152.9375 -66.0 3.160000423044421 15 
0008 0015 1 1671007026887289 39.0 -71.0 4.086524818927348 15 
0008 0011 2 1671007026920769 -166.8125 -67.5 4.411728745959104 15 
0008 0004 2 1671007026923116 83.0 -71.0 5.325981295538946 15 
0008 0005 2 1671007026938272 94.375 -72.5 6.215690152512618 15 
0008 0007 2 1671007026945793 -126.9375 -70.5 1.6566992509164924 15 
0008 0015 2 1671007026946731 -55.3125 -69.5 0.9878836273983529 15 
0008 0005 3 1671007026979199 -114.6875 -66.0 0.18407769454627693 15 
0008 0006 3 1671007026985441 59.375 -71.0 5.638913376267617 15 
0008 0004 3 1671007026994525 -16.25 -63.5 1.7303303287350031 15 
0008 0010 4 1671007027036915 -22.75 -66.5 2.6998061866787286 15 
0008 0004 4 1671007027045550 -7.3125 -62.5 5.105088062083414 15 
0008 0007 4 1671007027047708 -61.8125 -65.5 4.9394181369917645 15 
0008 0006 4 1671007027053592 59.375 -67.5 1.3867186322486196 15 
0008 0005 4 1671007027054938 -27.625 -70.5 1.1965050145508 15 
0008 0015 5 1671007027078506 -52.0625 -65.5 4.178563666200486 15 
0008 0011 5 1671007027080461 27.625 -65.5 5.737088146692298 15 
0008 0005 5 1671007027082800 93.5625 -70.0 1.6137477888556946 15 
0008 0004 5 1671007027085432 30.875 -62.0 1.7671458676442586 15 
0008 0009 5 1671007027086870 -3.25 -55.0 4.061981126321178 15 
0008 0008 5 1671007027089069 -270.125 -69.5 3.000466421104314 15 
0008 0014 5 1671007027092182 -187.125 -71.0 2.435961491162398 15 
0008 0011 6 1671007027116904 -34.9375 -61.5 4.92714629068868 15 
0008 0007 6 1671007027118708 -48.8125 -64.0 4.890330751779424 15 
0008 0001 6 1671007027120316 13.8125 -54.5 1.7855536370988863 15 
0008 0009 6 1671007027122202 35.75 -66.0 2.337786720737717 15 
0008 0010 6 1671007027123422 32.5 -60.5 5.6941366846315 15 
0008 0008 6 1671007027124368 6.5 -64.0 5.166447293598839 15 
0008 0015 6 1671007027126258 -45.5625 -64.0 0.4049709280018093 15 
0008 0004 6 1671007027127289 16.25 -60.5 1.7794177139473437 15 
0008 0014 6 1671007027130899 65.875 -69.5 1.9512235621905356 15 
0008 0010 7 1671007027156706 81.375 -65.0 5.632777453116074 15 
0008 0014 7 1671007027158732 9.75 -66.5 3.2704470397721868 15 
0008 0004 7 1671007027160871 13.0 -66.0 3.2213596545598464 15 
0008 0011 7 1671007027162069 7.3125 -61.0 2.779573187648782 15 
0008 0009 7 1671007027164252 -19.5 -54.5 4.399456899656019 15 
0008 0001 7 1671007027165187 -55.3125 -65.5 5.565282298449106 15 
0008 0005 7 1671007027166190 13.8125 -53.0 2.834796496012665 15 
0008 0007 7 1671007027170091 0.0 -54.0 4.516039439535327 15 
0008 0015 7 1671007027171417 -16.25 -65.5 5.3198453723874035 15 
0008 0008 7 1671007027172382 52.0625 -66.5 1.4664856332186729 15 
0008 0000 7 1671007027174445 65.0625 -69.0 5.829126993965437 15 
0008 0009 8 1671007027208728 10.5625 -68.5 2.5954954931025047 15 
0008 0011 8 1671007027212771 73.1875 -69.5 2.282563412373834 15 
0008 0005 8 1671007027214101 13.8125 -63.5 2.172116795646068 15 
0008 0010 8 1671007027216466 9.75 -67.5 0.6688156235181395 15 
0008 0007 8 1671007027217645 16.25 -66.0 3.380893656499953 15 
0008 0015 8 1671007027218610 3.25 -60.0 2.7857091108003242 15 
0008 0004 8 1671007027222047 125.3125 -68.0 5.546874528994478 15 
0008 0000 8 1671007027224570 39.0 -68.5 4.374913207049849 15 
0008 0014 8 1671007027231686 3.25 -70.5 5.1725832167503825 15 
0008 0015 1 1671007027454171 -32.5 -71.0 4.3503695144436785 15 
0008 0004 1 1671007027456116 38.1875 -70.5 5.221670601962723 15 
0008 0008 1 1671007027458550 55.3125 -68.0 5.93343768754166 15 
0008 0007 1 1671007027459757 100.875 -68.5 4.9394181369917645 15 
0008 0005 1 1671007027462550 -17.0625 -66.5 3.32567034813607 15 
0008 0009 1 1671007027464890 172.5 -69.5 4.81056375080937 15 
0008 0001 1 1671007027465837 -79.75 -70.0 3.6447383520162835 15 
0008 0005 2 1671007027488204 246.5625 -68.0 5.921165841238575 15 
0008 0007 2 1671007027490341 16.25 -64.5 5.780039608753096 15 
0008 0008 2 1671007027496717 -55.3125 -64.5 3.6999616603801666 15 
0008 0004 3 1671007027525945 -61.8125 -63.0 2.8838838812250054 15 
0008 0005 3 1671007027541911 -201.8125 -71.0 5.93343768754166 15 
0008 0011 4 1671007027575058 76.4375 -70.5 0.21475731030398976 15 
0008 0004 4 1671007027575961 -45.5625 -61.5 4.485359823777615 15 
0008 0010 4 1671007027578073 -13.0 -64.0 1.5278448647340985 15 
0008 0005 4 1671007027579037 62.625 -67.5 0.39269908169872414 15 
0008 0004 5 1671007027607263 -52.0625 -61.5 1.6014759425526093 15 
0008 0009 5 1671007027612223 -32.5 -63.5 3.7981364308048478 15 
0008 0008 5 1671007027613907 45.5625 -68.5 4.902602598082509 15 
0008 0011 5 1671007027617531 0.0 -68.5 2.1598449493429825 15 
0008 0015 5 1671007027619568 -110.625 -66.5 4.338097668140593 15 
0008 0015 6 1671007027646239 -19.5 -59.5 0.7853981633974483 15 
0008 0014 6 1671007027648318 38.1875 -64.0 1.368310862793992 15 
0008 0009 6 1671007027649760 -42.3125 -68.0 4.319689898685965 15 
0008 0008 6 1671007027651471 16.25 -59.0 5.442563835418255 15 
0008 0005 6 1671007027652391 -65.875 -70.5 4.583534594202296 15 
0008 0006 6 1671007027653843 -13.8125 -59.0 0.7301748550335652 15 
0008 0004 6 1671007027655087 16.25 -57.5 1.7303303287350031 15 
0008 0011 6 1671007027656272 0.0 -64.5 3.902447124381071 15 
0008 0000 6 1671007027658150 26.0 -67.5 1.9941750242513334 15 
0008 0001 6 1671007027659212 69.125 -67.0 1.41126232485479 15 
0008 0014 7 1671007027687488 52.0625 -66.0 4.381049130201391 15 
0008 0007 7 1671007027690677 16.25 -61.0 3.436116964863836 15 
0008 0001 7 1671007027692428 6.5 -54.5 2.116893487282185 15 
0008 0008 7 1671007027693391 45.5625 -60.5 3.141592653589793 15 
0008 0011 7 1671007027694708 83.0 -65.0 2.5586799541932495 15 
0008 0000 7 1671007027697791 0.0 -64.5 0.8222137023067037 15 
0008 0009 7 1671007027699269 83.0 -65.5 5.264622064023521 15 
0008 0005 7 1671007027700698 -24.375 -67.0 2.5034566458293663 15 
0008 0015 7 1671007027702358 -139.9375 -65.0 5.688000761479957 15 
0008 0015 8 1671007027726463 13.0 -59.5 2.9268353432858034 15 
0008 0007 8 1671007027730640 -13.0 -60.0 4.76147636559703 15 
0008 0011 8 1671007027732704 -45.5625 -68.0 2.4175537217077703 15 
0008 0005 8 1671007027734540 30.875 -62.5 1.4051264017032472 15 
0008 0004 1 1671007027963123 48.8125 -66.5 2.8777479580734626 15 
0008 0007 1 1671007027965695 71.5625 -66.0 1.8530487917658545 15 
0008 0007 2 1671007027998240 -68.3125 -62.5 5.810719224510809 15 
0008 0005 2 1671007027999202 45.5625 -67.0 5.283029833478148 15 
0008 0015 2 1671007028007237 19.5 -69.0 1.4726215563702154 15 
0008 0004 4 1671007028086921 0.0 -69.5 0.16566992509164924 15 
0008 0015 5 1671007028127306 94.375 -69.0 4.853515212870168 15 
0008 0004 5 1671007028131675 -68.3125 -67.0 0.32520392703175593 15 
0008 0014 6 1671007028157663 24.375 -64.5 2.1598449493429825 15 
0008 0015 6 1671007028160804 29.25 -59.0 1.9696313316451632 15 
0008 0004 6 1671007028162362 -27.625 -62.0 4.749204519293945 15 
0008 0002 6 1671007028165893 26.0 -69.0 1.5033011721279284 15 
0008 0001 6 1671007028166954 -6.5 -70.5 2.423689644859313 15 
0008 0007 7 1671007028186505 104.125 -66.0 1.055378782065321 15 
0008 0015 7 1671007028187980 74.8125 -62.5 5.773903685601553 15 
0008 0001 7 1671007028190003 -30.875 -55.5 3.3011266555298997 15 
0008 0005 7 1671007028191847 -26.0 -57.0 0.7547185476397354 15 
0008 0014 7 1671007028192780 78.0625 -67.5 4.638757902566179 15 
0008 0008 7 1671007028195429 16.25 -62.0 4.23378697456437 15 
0008 0005 8 1671007028216198 -59.375 -63.5 6.000932842208628 15 
0008 0007 8 1671007028218495 -9.75 -59.5 4.4976316700806995 15 
0008 0015 8 1671007028221731 -22.75 -63.5 2.761165418194154 15 
0008 0007 1 1671007028451383 94.375 -66.0 1.1044661672776617 15 
0008 0015 2 1671007028488430 -16.25 -68.5 1.380582709097077 15 
0008 0007 2 1671007028491364 22.75 -62.5 5.798447378207723 15 
0008 0005 2 1671007028494022 -24.375 -65.5 4.933282213840222 15 
0008 0004 4 1671007028609150 -52.0625 -70.5 5.957981380147831 15 
0008 0015 5 1671007028638729 -68.3125 -68.5 4.908738521234052 15 
0008 0004 5 1671007028640542 13.8125 -68.5 5.448699758569798 15 
0008 0001 5 1671007028641519 -59.375 -69.5 5.780039608753096 15 
0008 0002 6 1671007028668958 42.3125 -70.0 1.6382914814618648 15 
0008 0004 6 1671007028670486 -19.5 -60.0 5.037592907416445 15 
0008 0015 6 1671007028671410 16.25 -60.5 1.9819031779482483 15 
0008 0014 6 1671007028672389 117.125 -65.5 2.184388641949153 15 
0008 0011 7 1671007028706122 -34.9375 -68.5 1.055378782065321 15 
0008 0008 7 1671007028708659 -16.25 -63.0 4.074252972624263 15 
0008 0014 7 1671007028711857 -52.0625 -68.5 4.632621979414636 15 
0008 0001 7 1671007028712916 21.125 -54.5 2.9084275738311756 15 
0008 0015 7 1671007028713883 71.5625 -63.0 5.638913376267617 15 
0008 0007 7 1671007028714819 -9.75 -66.0 0.8774370106705868 15 
0008 0005 7 1671007028715781 -3.25 -56.0 0.6504078540635119 15 
0008 0005 8 1671007028736215 17.0625 -61.5 5.957981380147831 15 
0008 0007 8 1671007028737633 -6.5 -58.0 4.491495746929157 15 
0008 0015 8 1671007028745581 35.75 -62.0 2.6445828783148455 15 
0008 0007 1 1671007028972005 -13.0 -66.0 1.4603497100671303 15 
0008 0004 1 1671007028982284 0.0 -71.0 2.6691265709210157 15 
0008 0007 2 1671007029010404 -81.375 -63.5 5.8659425328746915 15 
0008 0005 2 1671007029015134 27.625 -65.5 5.080544369477243 15 
0008 0015 2 1671007029021749 -42.3125 -68.0 1.4542137869155878 15 
0008 0004 4 1671007029108579 -27.625 -70.5 6.258641614573416 15 
0008 0004 5 1671007029137779 -19.5 -67.5 5.7616318392984684 15 
0008 0015 5 1671007029144396 55.3125 -67.5 4.779884135051658 15 
0008 0014 6 1671007029176130 21.125 -64.5 2.325514874434632 15 
0008 0002 6 1671007029177550 68.3125 -70.0 1.2885438618239387 15 
0008 0004 6 1671007029179335 -24.375 -60.0 5.135767677841127 15 
0008 0015 6 1671007029182760 -3.25 -60.0 1.9512235621905356 15 
0008 0005 7 1671007029216600 17.0625 -56.5 0.7731263170943632 15 
0008 0007 7 1671007029217509 -26.0 -66.0 1.0246991663076084 15 
0008 0008 7 1671007029221938 -74.8125 -63.0 4.246058820867455 15 
0008 0001 7 1671007029223393 -3.25 -55.5 3.0495538063166547 15 
0008 0015 7 1671007029224391 65.0625 -62.5 5.7616318392984684 15 
0008 0014 7 1671007029225366 -61.8125 -68.0 4.798291904506286 15 
0008 0011 7 1671007029227815 -7.3125 -68.5 1.1290098598838318 15 
0008 0007 8 1671007029259294 3.25 -58.5 4.528311285838413 15 
0008 0015 8 1671007029260588 -22.75 -62.5 2.767301341345697 15 
0008 0005 8 1671007029264330 -27.625 -62.0 6.068427996875596 15 
0008 0004 1 1671007029488863 110.625 -70.5 2.411417798556228 15 
0008 0007 1 1671007029502456 -45.5625 -66.5 1.4542137869155878 15 
