0008 0008 1 1671007083268992 -84.625 -64.5 3.2029518851052186 15 
0008 0015 1 1671007083269944 16.25 -66.5 6.043884304269426 15 
0008 0014 1 1671007083273445 -42.3125 -65.0 4.000621894805752 15 
0008 0006 1 1671007083274930 -13.8125 -67.0 4.675573441475434 15 
0008 0010 1 1671007083275867 -48.8125 -58.5 4.1417481272912315 15 
0008 0001 1 1671007083278468 -24.375 -62.0 5.442563835418255 15 
0008 0011 1 1671007083280364 55.3125 -61.5 4.988505522204105 15 
0008 0004 1 1671007083283666 30.875 -70.0 0.2270291566070749 15 
0008 0005 2 1671007083317836 -111.4375 -65.5 2.454369260617026 15 
0008 0011 2 1671007083319528 24.375 -66.0 1.5707963267948966 15 
0008 0009 2 1671007083320446 -6.5 -58.0 1.0492428589137786 15 
0008 0008 2 1671007083321882 -218.0625 -67.5 5.043728830567988 15 
0008 0014 2 1671007083323282 -125.3125 -69.5 1.086058397823034 15 
0008 0004 2 1671007083324466 -10.5625 -64.0 5.43029198911517 15 
0008 0010 2 1671007083329567 123.6875 -69.0 0.48473792897186263 15 
0008 0014 3 1671007083356793 9.75 -66.0 4.890330751779424 15 
0008 0010 3 1671007083358000 6.5 -59.5 3.466796580621549 15 
0008 0015 3 1671007083361084 104.125 -64.5 2.748893571891069 15 
0008 0007 3 1671007083363967 -32.5 -59.0 1.5462526341887264 15 
0008 0008 3 1671007083366194 39.0 -66.5 5.258486140871978 15 
0008 0011 3 1671007083368539 79.75 -61.5 0.7853981633974483 15 
0008 0001 3 1671007083369517 211.5625 -65.0 6.240233845118788 15 
0008 0009 3 1671007083370462 -29.25 -58.5 2.6323110320117604 15 
0008 0005 3 1671007083374746 -9.75 -66.5 2.9759227284981438 15 
0008 0014 4 1671007083397568 -48.8125 -60.0 4.9823695990525625 15 
0008 0005 4 1671007083398753 -3.25 -60.0 5.681864838328415 15 
0008 0004 4 1671007083399714 9.75 -60.5 3.3440781175906977 15 
0008 0008 4 1671007083401857 94.375 -66.0 2.6568547246179306 15 
0008 0009 4 1671007083404515 6.5 -61.0 4.908738521234052 15 
0008 0000 4 1671007083407069 -32.5 -65.5 0.9510680884890975 15 
0008 0010 4 1671007083409352 100.875 -63.5 3.6079228131070282 15 
0008 0011 4 1671007083410326 -27.625 -57.5 5.375068680751287 15 
0008 0001 4 1671007083411255 0.0 -56.5 0.9387962421860124 15 
0008 0007 4 1671007083412608 22.75 -67.5 0.8958447801252144 15 
0008 0006 4 1671007083417745 10.5625 -66.5 1.5707963267948966 15 
0008 0015 4 1671007083418742 -42.3125 -66.0 4.651029748869264 15 
0008 0010 5 1671007083445895 13.0 -66.5 4.080388895775806 15 
0008 0005 5 1671007083448050 -48.8125 -62.5 5.810719224510809 15 
0008 0011 5 1671007083450674 -183.875 -66.5 3.3870295796514958 15 
0008 0015 5 1671007083455040 29.25 -63.5 0.7301748550335652 15 
0008 0007 5 1671007083457127 32.5 -57.0 2.5341362615870793 15 
0008 0009 5 1671007083461818 58.5625 -59.0 2.399145952253143 15 
0008 0001 6 1671007083496284 -7.3125 -64.0 5.338253141842031 15 
0008 0004 6 1671007083498664 22.75 -62.0 5.006913291658733 15 
0008 0007 6 1671007083499587 -16.25 -64.0 4.632621979414636 15 
0008 0009 6 1671007083502274 -16.25 -69.0 6.0991076126333095 15 
0008 0005 6 1671007083503931 -65.875 -63.0 5.325981295538946 15 
0008 0011 6 1671007083505132 -27.625 -68.0 0.018407769454627694 15 
0008 0015 6 1671007083506325 74.8125 -65.5 5.399612373357457 15 
0008 0006 7 1671007083547576 24.375 -64.5 0.9326603190344698 15 
0008 0010 7 1671007083555981 29.25 -64.0 0.5338253141842031 15 
0008 0004 7 1671007083556956 -27.625 -61.5 2.012582793705961 15 
0008 0014 7 1671007083557975 30.875 -63.0 0.5399612373357456 15 
0008 0015 7 1671007083566635 172.5 -68.0 1.7303303287350031 15 
0008 0011 7 1671007083567596 270.9375 -72.5 5.436427912266712 15 
0008 0010 8 1671007083596183 -13.0 -64.5 6.240233845118788 15 
0008 0014 8 1671007083601400 -87.0625 -72.5 3.693825737228624 15 
0008 0011 8 1671007083602333 45.5625 -66.5 2.1475731030398975 15 
0008 0004 8 1671007083610710 0.0 -59.0 2.4605051837685683 15 
0008 0006 1 1671007083826903 -59.375 -67.5 4.792155981354743 15 
0008 0004 1 1671007083828645 -45.5625 -70.0 0.18407769454627693 15 
0008 0010 1 1671007083829885 -13.0 -59.0 4.129476280988146 15 
0008 0014 1 1671007083833218 -19.5 -65.0 4.006757817957295 15 
0008 0011 1 1671007083838276 -52.0625 -61.5 5.043728830567988 15 
0008 0008 1 1671007083840543 61.8125 -65.0 2.9022916506796332 15 
0008 0015 1 1671007083842448 -45.5625 -66.5 6.209554229361076 15 
0008 0001 1 1671007083843424 -42.3125 -62.5 5.43029198911517 15 
0008 0011 2 1671007083865877 -100.875 -66.0 1.736466251886546 15 
0008 0004 2 1671007083866852 -13.0 -63.5 5.424156065963627 15 
0008 0010 2 1671007083872526 32.5 -68.5 0.6749515466696822 15 
0008 0008 2 1671007083873984 87.875 -68.5 4.651029748869264 15 
0008 0005 2 1671007083874929 6.5 -66.5 2.0800779483729293 15 
0008 0009 2 1671007083875821 -32.5 -58.0 1.000155473701438 15 
0008 0008 3 1671007083915981 -19.5 -66.5 5.270757987175063 15 
0008 0001 3 1671007083917966 93.5625 -65.5 0.1227184630308513 15 
0008 0005 3 1671007083920505 -237.5625 -67.5 3.0802334220743677 15 
0008 0007 3 1671007083924753 -48.8125 -59.0 1.5953400194010667 15 
0008 0015 3 1671007083925735 -55.3125 -65.5 2.9391071895888885 15 
0008 0010 3 1671007083926966 29.25 -59.5 3.4606606574700063 15 
0008 0009 3 1671007083928846 -10.5625 -59.0 2.6445828783148455 15 
0008 0014 3 1671007083931879 -52.0625 -66.0 4.902602598082509 15 
0008 0011 3 1671007083936310 45.5625 -61.0 0.7485826244881929 15 
0008 0009 4 1671007083965917 -48.8125 -61.5 4.988505522204105 15 
0008 0008 4 1671007083968749 3.25 -65.5 2.60776733940559 15 
0008 0014 4 1671007083971303 -30.875 -60.0 4.963961829597935 15 
0008 0015 4 1671007083972508 -81.375 -66.0 4.7860200582032 15 
0008 0011 4 1671007083973693 55.3125 -57.0 5.2339424482658075 15 
0008 0001 4 1671007083974907 7.3125 -56.5 0.8222137023067037 15 
0008 0006 4 1671007083977099 76.4375 -68.0 1.4787574795217582 15 
0008 0000 4 1671007083979014 97.625 -66.0 0.8344855486097889 15 
0008 0005 4 1671007083979988 -9.75 -59.5 5.6573211457222445 15 
0008 0010 4 1671007083980939 13.0 -63.5 3.650874275167826 15 
0008 0004 4 1671007083982125 -6.5 -60.0 3.3870295796514958 15 
0008 0007 4 1671007083984541 -26.0 -67.0 0.9878836273983529 15 
0008 0007 5 1671007084019746 -32.5 -57.0 2.675262494072558 15 
0008 0009 5 1671007084021457 -3.25 -59.5 2.5034566458293663 15 
0008 0011 5 1671007084025776 59.375 -66.0 3.2765829629237295 15 
0008 0005 5 1671007084032827 -22.75 -63.0 5.9088939949354895 15 
0008 0010 5 1671007084036589 -9.75 -66.5 4.1417481272912315 15 
0008 0015 5 1671007084037599 19.5 -63.5 0.760854470791278 15 
0008 0015 6 1671007084067902 16.25 -66.0 5.485515297479052 15 
0008 0007 6 1671007084072129 -65.0625 -64.0 4.743068596142402 15 
0008 0009 6 1671007084073543 19.5 -67.5 5.957981380147831 15 
0008 0011 6 1671007084075214 -29.25 -69.0 0.0859029241215959 15 
0008 0004 6 1671007084076454 6.5 -62.0 5.117359908386499 15 
0008 0001 6 1671007084080380 -55.3125 -64.5 5.577554144752192 15 
0008 0005 6 1671007084084473 -52.0625 -63.5 5.47937937432751 15 
0008 0004 7 1671007084116247 13.0 -61.5 2.0371264863121317 15 
0008 0014 7 1671007084128377 -39.0 -62.5 0.6749515466696822 15 
0008 0010 7 1671007084129326 22.75 -63.0 0.5829126993965437 15 
0008 0011 7 1671007084131461 229.4375 -70.5 5.540738605842936 15 
0008 0006 7 1671007084135307 7.3125 -64.0 0.9265243958829272 15 
0008 0015 7 1671007084136590 -162.75 -68.5 2.2764274892222915 15 
0008 0011 8 1671007084168778 65.875 -66.5 2.0923497946760143 15 
0008 0010 8 1671007084174023 9.75 -64.5 6.215690152512618 15 
0008 0004 8 1671007084176471 -13.0 -59.0 2.521864415283994 15 
0008 0014 8 1671007084183704 -125.3125 -71.0 3.6999616603801666 15 
0008 0008 1 1671007084395919 71.5625 -65.5 2.945243112740431 15 
0008 0010 1 1671007084398486 52.0625 -59.0 3.9822141253511245 15 
0008 0014 1 1671007084399900 -58.5625 -64.5 4.080388895775806 15 
0008 0015 1 1671007084403031 26.0 -66.5 6.166602767300278 15 
0008 0001 1 1671007084405393 19.5 -62.0 5.448699758569798 15 
0008 0011 1 1671007084406789 -48.8125 -61.0 5.148039524144211 15 
0008 0006 1 1671007084410414 -125.3125 -67.0 4.3074180523828804 15 
0008 0004 1 1671007084411360 69.125 -71.0 0.04295146206079795 15 
0008 0011 2 1671007084437537 17.0625 -66.0 1.3744467859455345 15 
0008 0009 2 1671007084439606 -19.5 -58.0 0.9203884727313847 15 
0008 0005 2 1671007084441645 42.3125 -66.5 2.2641556429192065 15 
0008 0004 2 1671007084444743 30.875 -63.5 5.485515297479052 15 
0008 0014 2 1671007084449480 55.3125 -70.0 1.2762720155208536 15 
0008 0010 2 1671007084458576 -266.875 -69.5 1.1228739367322893 15 
0008 0010 3 1671007084485904 -6.5 -60.0 4.01902966426038 15 
0008 0011 3 1671007084487847 -17.0625 -62.0 0.7363107781851077 15 
0008 0005 3 1671007084489050 -62.625 -67.0 2.7120780329818137 15 
0008 0015 3 1671007084492426 -39.0 -64.5 2.9759227284981438 15 
0008 0009 3 1671007084493856 45.5625 -58.5 2.5586799541932495 15 
0008 0014 3 1671007084496065 16.25 -66.5 4.767612288748572 15 
0008 0007 3 1671007084500658 29.25 -59.5 1.4419419406125027 15 
0008 0008 3 1671007084501707 -74.8125 -68.0 5.522330836388308 15 
0008 0001 3 1671007084504003 45.5625 -65.5 0.8099418560036186 15 
0008 0005 4 1671007084535967 21.125 -60.0 5.829126993965437 15 
0008 0008 4 1671007084537669 -107.375 -67.0 3.2213596545598464 15 
0008 0004 4 1671007084540639 -30.875 -60.0 3.466796580621549 15 
0008 0000 4 1671007084543194 61.8125 -65.0 1.533980787885641 15 
0008 0009 4 1671007084544155 -6.5 -61.5 4.865787059173254 15 
0008 0001 4 1671007084546320 7.3125 -57.5 1.705786636128833 15 
0008 0010 4 1671007084547214 3.25 -63.0 4.04357335686655 15 
0008 0015 4 1671007084549048 -71.5625 -66.5 4.675573441475434 15 
0008 0007 4 1671007084550015 42.3125 -65.5 0.8651651643675016 15 
0008 0006 4 1671007084552235 152.9375 -67.0 1.3437671701878218 15 
0008 0011 4 1671007084553576 -7.3125 -58.5 5.240078371417351 15 
0008 0014 4 1671007084555738 9.75 -60.0 5.043728830567988 15 
0008 0005 5 1671007084577031 -41.5 -63.0 5.608233760509904 15 
0008 0007 5 1671007084586752 13.0 -55.5 2.442097414313941 15 
0008 0015 5 1671007084587946 58.5625 -64.0 0.6810874698212247 15 
0008 0009 5 1671007084594975 -35.75 -60.5 2.5586799541932495 15 
0008 0011 5 1671007084595963 38.1875 -65.0 2.8838838812250054 15 
0008 0010 5 1671007084597652 -74.8125 -68.5 5.080544369477243 15 
0008 0007 6 1671007084636514 -19.5 -61.0 3.9392626632903265 15 
0008 0004 6 1671007084642136 -62.625 -65.5 4.503767593232243 15 
0008 0005 6 1671007084649752 3.25 -61.5 4.006757817957295 15 
0008 0001 6 1671007084657215 78.0625 -67.0 3.172272269347506 15 
0008 0011 6 1671007084659221 -17.0625 -66.5 5.8475347634200645 15 
0008 0015 6 1671007084660303 -55.3125 -70.0 6.056156150572511 15 
0008 0010 7 1671007084692341 -55.3125 -64.0 0.9633399347921826 15 
0008 0008 7 1671007084695174 0.0 -69.0 1.4848934026733007 15 
0008 0004 7 1671007084699259 38.1875 -64.5 1.0983302441261191 15 
0008 0014 7 1671007084700713 38.1875 -64.0 0.7240389318820226 15 
0008 0001 7 1671007084701618 117.9375 -70.0 1.945087639038993 15 
0008 0006 7 1671007084703937 45.5625 -64.0 0.17794177139473438 15 
0008 0014 8 1671007084736519 62.625 -71.0 3.6999616603801666 15 
0008 0004 8 1671007084741945 34.9375 -61.0 1.7119225592803755 15 
0008 0001 8 1671007084745732 13.8125 -70.5 3.56497135104623 15 
0008 0011 8 1671007084746680 -125.3125 -68.5 2.521864415283994 15 
0008 0010 8 1671007084747601 -29.25 -64.0 6.031612457966341 15 
0008 0006 8 1671007084754203 13.0 -74.0 2.9575149590435164 15 
0008 0009 1 1671007084965923 42.3125 -66.0 2.36846633649543 15 
0008 0004 1 1671007084966942 -32.5 -62.5 1.6321555583103222 15 
0008 0005 1 1671007084971095 65.875 -67.5 5.767767762450011 15 
0008 0006 1 1671007084972297 -128.5625 -67.0 5.5284667595398505 15 
0008 0014 1 1671007084973187 41.5 -65.5 3.890175278077986 15 
0008 0015 1 1671007084975101 84.625 -66.5 0.07363107781851078 15 
0008 0001 1 1671007084977051 -42.3125 -61.0 3.773592738198677 15 
0008 0010 1 1671007084978268 -3.25 -61.0 2.761165418194154 15 
0008 0011 1 1671007084982929 -45.5625 -70.0 5.270757987175063 15 
0008 0004 2 1671007085007729 3.25 -59.5 3.5036121195308043 15 
0008 0009 2 1671007085009784 -32.5 -59.0 1.1044661672776617 15 
0008 0001 2 1671007085011383 38.1875 -62.5 0.4724660826687775 15 
0008 0005 2 1671007085012387 -9.75 -64.5 3.448388811166921 15 
0008 0006 2 1671007085017880 -104.125 -69.0 6.215690152512618 15 
0008 0008 3 1671007085046279 6.5 -59.0 1.8407769454627694 15 
0008 0015 3 1671007085047468 0.0 -65.0 3.1354567304382504 15 
0008 0009 3 1671007085053606 -59.375 -64.5 3.6079228131070282 15 
0008 0005 3 1671007085055700 -24.375 -62.5 3.834951969714103 15 
0008 0014 3 1671007085056762 -59.375 -65.5 5.743224069843841 15 
0008 0002 3 1671007085057972 -221.3125 -70.0 2.3316507975861747 15 
0008 0001 3 1671007085059202 65.875 -63.0 1.0737865515199487 15 
0008 0007 3 1671007085061414 78.0625 -65.5 2.5954954931025047 15 
0008 0000 3 1671007085071327 -16.25 -68.0 4.417864669110647 15 
0008 0010 3 1671007085072278 68.3125 -70.0 3.9576704327449543 15 
0008 0003 4 1671007085096778 -32.5 -73.5 5.712544454086128 15 
0008 0004 4 1671007085099905 35.75 -57.0 2.748893571891069 15 
0008 0008 4 1671007085100839 -42.3125 -63.5 5.393476450205914 15 
0008 0005 4 1671007085103938 -71.5625 -64.5 3.497476196379262 15 
0008 0015 4 1671007085109523 -32.5 -62.0 4.3933209765044765 15 
0008 0009 4 1671007085110395 0.0 -63.5 5.700272607783043 15 
0008 0001 4 1671007085111898 -7.3125 -54.0 0.28225246497095796 15 
0008 0014 4 1671007085114588 9.75 -61.5 5.553010452146021 15 
0008 0011 4 1671007085116374 -38.1875 -61.5 5.381204603902829 15 
0008 0007 4 1671007085117624 39.0 -60.5 1.1351457830353744 15 
0008 0005 5 1671007085147119 -21.125 -63.0 6.178874613603362 15 
0008 0008 5 1671007085151775 97.625 -68.0 1.6382914814618648 15 
0008 0007 5 1671007085157529 55.3125 -67.5 2.9943304979527716 15 
0008 0015 5 1671007085168565 -48.8125 -66.0 0.2699806186678728 15 
0008 0009 5 1671007085170026 156.1875 -71.5 4.657165672020807 15 
0008 0000 5 1671007085171346 -84.625 -68.5 4.25833066717054 15 
0008 0007 6 1671007085207087 13.0 -67.5 4.239922897715912 15 
0008 0001 6 1671007085208274 -3.25 -62.0 0.8774370106705868 15 
0008 0015 6 1671007085214940 -39.0 -68.5 0.5767767762450011 15 
0008 0005 6 1671007085221185 3.25 -68.0 2.5954954931025047 15 
0008 0011 6 1671007085223270 -93.5625 -70.5 5.730952223540755 15 
0008 0004 6 1671007085224544 -45.5625 -69.0 4.92714629068868 15 
0008 0004 7 1671007085247714 -6.5 -56.5 3.8533597391687304 15 
0008 0010 7 1671007085250167 -9.75 -63.5 1.184233168247715 15 
0008 0006 7 1671007085253147 79.75 -66.0 3.485204350076177 15 
0008 0014 7 1671007085260883 48.8125 -64.0 0.5890486225480862 15 
0008 0007 7 1671007085262205 81.375 -68.5 1.9389517158874505 15 
0008 0010 8 1671007085286330 29.25 -63.5 6.129787228391022 15 
0008 0004 8 1671007085296630 3.25 -56.5 1.3192234775816514 15 
0008 0015 1 1671007085529685 104.125 -65.0 6.092971689481767 15 
0008 0004 1 1671007085530855 -10.5625 -62.0 2.4911847995262812 15 
0008 0007 1 1671007085531854 -55.3125 -68.0 3.5833791205008576 15 
0008 0005 1 1671007085533965 -74.8125 -66.5 3.54042765844006 15 
0008 0014 1 1671007085539173 -139.125 -70.0 3.816544200259475 15 
0008 0008 1 1671007085540843 -172.5 -70.5 5.565282298449106 15 
0008 0001 1 1671007085543092 42.3125 -70.5 0.3190680038802134 15 
0008 0001 2 1671007085566485 52.0625 -64.5 2.8532042654672924 15 
0008 0009 2 1671007085570653 -52.0625 -67.5 2.1782527187976104 15 
0008 0004 2 1671007085574518 59.375 -60.0 5.939573610693203 15 
0008 0008 2 1671007085576657 -45.5625 -63.0 2.890019804376548 15 
0008 0000 2 1671007085578133 146.4375 -70.0 0.607456392002714 15 
0008 0005 2 1671007085580352 7.3125 -70.5 5.062136600022616 15 
0008 0014 2 1671007085593655 -170.0625 -70.5 1.6321555583103222 15 
0008 0007 3 1671007085619893 -120.4375 -66.0 2.8102528034064944 15 
0008 0014 3 1671007085623248 110.625 -66.0 5.6143696836614465 15 
0008 0005 3 1671007085626839 39.0 -57.0 1.030835089459151 15 
0008 0001 3 1671007085628931 -13.0 -60.5 3.718369429834794 15 
0008 0008 3 1671007085630828 -45.5625 -62.0 3.718369429834794 15 
0008 0015 3 1671007085634022 136.6875 -67.0 2.423689644859313 15 
0008 0009 3 1671007085645330 -218.0625 -72.0 0.7485826244881929 15 
0008 0014 4 1671007085676309 38.1875 -64.0 6.062292073724054 15 
0008 0007 4 1671007085680675 29.25 -62.5 3.117048960983623 15 
0008 0009 4 1671007085683980 -68.3125 -69.0 0.8467573949128739 15 
0008 0005 4 1671007085689155 -22.75 -62.5 4.25833066717054 15 
0008 0015 4 1671007085690179 -32.5 -61.0 5.031456984264903 15 
0008 0011 4 1671007085693009 7.3125 -66.0 5.031456984264903 15 
0008 0008 4 1671007085696011 55.3125 -67.0 0.7179030087304801 15 
0008 0004 4 1671007085697031 26.0 -65.5 4.503767593232243 15 
0008 0007 5 1671007085726466 0.0 -57.5 5.166447293598839 15 
0008 0005 5 1671007085732905 172.5 -69.0 1.7548740213411735 15 
0008 0009 5 1671007085735565 -84.625 -66.0 4.000621894805752 15 
0008 0015 5 1671007085742413 -120.4375 -66.5 5.853670686571607 15 
0008 0008 5 1671007085750717 -35.75 -70.5 1.0062913968529805 15 
0008 0005 6 1671007085791825 83.0 -68.0 5.123495831538041 15 
0008 0009 6 1671007085795708 90.3125 -71.0 4.589670517353839 15 
0008 0011 6 1671007085797377 76.4375 -68.5 4.080388895775806 15 
0008 0015 6 1671007085799743 6.5 -64.5 1.055378782065321 15 
0008 0014 7 1671007085841549 -6.5 -63.5 0.607456392002714 15 
0008 0015 7 1671007085845648 -45.5625 -68.5 0.8222137023067037 15 
0008 0004 7 1671007085847303 -29.25 -56.5 2.5954954931025047 15 
0008 0010 7 1671007085849134 -3.25 -67.5 0.9265243958829272 15 
0008 0007 7 1671007085856881 -100.875 -68.5 1.0185632431560658 15 
0008 0015 8 1671007085889485 -13.0 -69.5 4.454680208019902 15 
0008 0010 8 1671007085893539 13.0 -64.5 5.5100589900852235 15 
0008 0004 8 1671007085894739 0.0 -58.0 0.2270291566070749 15 
0008 0005 1 1671007086117620 -45.5625 -68.0 3.2704470397721868 15 
0008 0014 1 1671007086119148 -3.25 -70.5 3.9392626632903265 15 
0008 0015 1 1671007086120130 3.25 -65.0 6.080699843178682 15 
0008 0004 1 1671007086121093 27.625 -61.0 2.7120780329818137 15 
0008 0001 1 1671007086127431 55.3125 -69.0 0.030679615757712823 15 
0008 0007 1 1671007086128666 61.8125 -67.5 3.172272269347506 15 
0008 0008 2 1671007086157163 -6.5 -64.5 2.705942109830271 15 
0008 0014 2 1671007086158724 100.875 -69.0 1.6566992509164924 15 
0008 0009 2 1671007086161441 -3.25 -66.5 2.061670178918302 15 
0008 0004 2 1671007086162645 39.0 -60.0 6.025476534814799 15 
0008 0001 2 1671007086164089 -52.0625 -63.5 2.9636508821950587 15 
0008 0005 2 1671007086173359 65.0625 -71.0 4.97623367590102 15 
0008 0005 3 1671007086195860 61.8125 -56.5 1.1658253987930873 15 
0008 0009 3 1671007086197304 -182.25 -71.0 5.915029918087033 15 
0008 0008 3 1671007086198505 -3.25 -62.0 3.6692820446224537 15 
0008 0001 3 1671007086204365 0.0 -61.0 3.6017868899554855 15 
0008 0015 3 1671007086207018 22.75 -67.5 2.5280003384355365 15 
0008 0014 3 1671007086208375 22.75 -65.0 5.829126993965437 15 
0008 0007 3 1671007086212518 -58.5625 -65.0 2.9513790358919736 15 
0008 0005 4 1671007086246835 -3.25 -62.0 4.289010282928253 15 
0008 0007 4 1671007086248456 -13.0 -61.5 3.356349963893783 15 
0008 0015 4 1671007086253794 9.75 -61.0 5.043728830567988 15 
0008 0004 4 1671007086256300 -27.625 -65.5 4.681709364626977 15 
0008 0008 4 1671007086257247 -13.0 -67.5 0.607456392002714 15 
0008 0009 4 1671007086258210 91.125 -69.5 1.1658253987930873 15 
0008 0011 4 1671007086262831 24.375 -66.0 4.988505522204105 15 
0008 0014 4 1671007086265295 -13.0 -64.5 6.1420590746941075 15 
0008 0007 5 1671007086300155 19.5 -58.0 5.166447293598839 15 
0008 0015 5 1671007086301974 -9.75 -66.5 5.859806609723149 15 
0008 0008 5 1671007086303432 84.625 -68.5 1.1228739367322893 15 
0008 0009 5 1671007086307006 7.3125 -65.0 4.28287435977671 15 
0008 0005 5 1671007086314815 62.625 -68.0 1.9573594853420782 15 
0008 0005 6 1671007086338819 30.875 -68.0 5.356660911296659 15 
0008 0015 6 1671007086341910 9.75 -64.5 1.1290098598838318 15 
0008 0009 6 1671007086353468 -55.3125 -66.5 4.491495746929157 15 
0008 0007 7 1671007086389483 91.125 -69.0 0.8406214717613314 15 
0008 0004 7 1671007086392582 10.5625 -57.0 2.5157284921324514 15 
0008 0015 7 1671007086393519 -3.25 -68.5 0.662679700366597 15 
0008 0014 7 1671007086399210 -38.1875 -63.0 0.4908738521234052 15 
0008 0010 7 1671007086400261 26.0 -66.0 0.9817477042468103 15 
0008 0004 8 1671007086428230 19.5 -58.0 0.17794177139473438 15 
0008 0015 8 1671007086432257 -29.25 -71.0 4.387185053352934 15 
0008 0010 8 1671007086441149 -22.75 -63.5 5.64504929941916 15 
0008 0001 1 1671007086656428 -87.0625 -68.5 0.11044661672776616 15 
0008 0014 1 1671007086658769 0.0 -70.0 4.06811704947272 15 
0008 0007 1 1671007086659769 -16.25 -68.0 3.3502140407422405 15 
0008 0015 1 1671007086664156 -35.75 -64.5 6.0991076126333095 15 
0008 0004 1 1671007086667898 48.8125 -61.0 2.6568547246179306 15 
0008 0005 1 1671007086671405 27.625 -67.0 3.2459033471660166 15 
0008 0005 2 1671007086699757 -90.3125 -70.0 5.123495831538041 15 
0008 0001 2 1671007086701800 87.875 -63.5 2.705942109830271 15 
0008 0008 2 1671007086703002 -74.8125 -65.0 2.6016314162540475 15 
0008 0004 2 1671007086706595 -13.8125 -60.0 6.086835766330224 15 
0008 0009 2 1671007086708880 52.0625 -66.5 1.88986433067511 15 
0008 0014 3 1671007086737749 55.3125 -66.0 5.7616318392984684 15 
0008 0015 3 1671007086738646 188.75 -67.5 2.337786720737717 15 
0008 0005 3 1671007086739635 30.875 -56.5 1.2333205534600555 15 
0008 0007 3 1671007086740828 81.375 -65.0 2.816388726558037 15 
0008 0001 3 1671007086743217 -22.75 -60.5 3.5281558121369745 15 
0008 0008 3 1671007086744429 0.0 -60.5 3.650874275167826 15 
0008 0009 3 1671007086749536 -120.4375 -70.5 5.737088146692298 15 
0008 0011 4 1671007086787141 83.0 -65.0 4.878058905476339 15 
0008 0004 4 1671007086789289 -34.9375 -65.0 4.681709364626977 15 
0008 0014 4 1671007086790279 65.0625 -64.5 6.000932842208628 15 
0008 0007 4 1671007086792127 -65.0625 -62.0 3.448388811166921 15 
0008 0001 4 1671007086794738 -125.3125 -71.0 3.5772431973493153 15 
0008 0015 4 1671007086795719 26.0 -61.0 5.062136600022616 15 
0008 0009 4 1671007086797998 32.5 -69.0 1.214912784005428 15 
0008 0005 4 1671007086801605 -21.125 -61.5 4.356505437595221 15 
0008 0008 4 1671007086802511 48.8125 -67.5 0.5031456984264903 15 
0008 0008 5 1671007086828550 35.75 -66.5 1.1290098598838318 15 
0008 0015 5 1671007086829473 -74.8125 -66.0 5.890486225480862 15 
0008 0007 5 1671007086831313 -6.5 -57.5 5.197126909356553 15 
0008 0005 5 1671007086832250 -52.0625 -68.0 2.2027964114037806 15 
0008 0009 5 1671007086839821 -65.0625 -65.5 4.104932588381976 15 
0008 0005 6 1671007086878362 48.8125 -69.0 5.424156065963627 15 
0008 0009 6 1671007086880513 -22.75 -67.0 4.417864669110647 15 
0008 0015 6 1671007086891449 3.25 -64.5 1.0983302441261191 15 
0008 0000 6 1671007086894343 22.75 -71.5 1.2333205534600555 15 
0008 0004 7 1671007086917541 -17.0625 -56.5 2.4850488763747385 15 
0008 0007 7 1671007086925884 143.1875 -68.5 0.760854470791278 15 
0008 0015 7 1671007086928450 -9.75 -68.0 0.7731263170943632 15 
0008 0014 7 1671007086929443 32.5 -63.5 0.47860200582032003 15 
0008 0010 7 1671007086931973 29.25 -66.5 0.803805932852076 15 
0008 0004 8 1671007086966248 9.75 -58.0 0.18407769454627693 15 
0008 0010 8 1671007086972379 -29.25 -64.5 5.6143696836614465 15 
0008 0015 8 1671007086978050 35.75 -69.0 4.338097668140593 15 
0008 0004 1 1671007087197916 30.875 -61.0 2.675262494072558 15 
0008 0005 1 1671007087199091 16.25 -68.0 3.0925052683774528 15 
0008 0007 1 1671007087202965 58.5625 -68.0 3.184544115650591 15 
0008 0015 1 1671007087206342 74.8125 -65.5 6.037748381117884 15 
0008 0014 1 1671007087208310 97.625 -70.5 3.785864584501762 15 
0008 0001 1 1671007087211114 -111.4375 -69.5 0.23316507975861744 15 
0008 0001 2 1671007087237831 104.125 -63.5 2.5586799541932495 15 
0008 0004 2 1671007087240181 32.5 -60.0 6.043884304269426 15 
0008 0009 2 1671007087241458 104.125 -66.5 1.7732817907958012 15 
0008 0008 2 1671007087243667 -107.375 -64.5 2.60776733940559 15 
0008 0000 2 1671007087245589 -35.75 -71.0 0.8222137023067037 15 
0008 0014 2 1671007087258744 -69.125 -69.5 1.8960002538266525 15 
0008 0005 3 1671007087287143 29.25 -56.5 1.2762720155208536 15 
0008 0008 3 1671007087288814 42.3125 -61.0 3.497476196379262 15 
0008 0009 3 1671007087291557 78.0625 -71.5 5.6573211457222445 15 
0008 0001 3 1671007087292476 9.75 -61.0 3.497476196379262 15 
0008 0014 3 1671007087293879 -100.875 -65.0 5.957981380147831 15 
0008 0015 3 1671007087295342 22.75 -67.5 2.6261751088602177 15 
0008 0007 3 1671007087296777 22.75 -65.0 2.8716120349219203 15 
0008 0015 4 1671007087326484 0.0 -60.5 5.135767677841127 15 
0008 0011 4 1671007087328526 -45.5625 -65.0 5.031456984264903 15 
0008 0009 4 1671007087329487 55.3125 -69.5 1.1719613219446299 15 
0008 0007 4 1671007087331487 6.5 -61.5 3.4054373491061236 15 
0008 0008 4 1671007087333878 29.25 -67.5 0.6013204688511713 15 
0008 0005 4 1671007087334853 6.5 -61.5 4.325825821837508 15 
0008 0004 4 1671007087337360 -17.0625 -65.0 4.638757902566179 15 
0008 0014 4 1671007087338549 84.625 -65.0 5.994796919057086 15 
0008 0001 4 1671007087341569 -128.5625 -71.0 3.54042765844006 15 
0008 0007 5 1671007087370209 -19.5 -58.0 5.227806525114265 15 
0008 0005 5 1671007087372418 6.5 -69.0 2.061670178918302 15 
0008 0015 5 1671007087373683 16.25 -67.0 5.8045833013592665 15 
0008 0009 5 1671007087374601 16.25 -64.5 3.9699422790480394 15 
0008 0008 5 1671007087384488 -91.125 -67.0 1.2578642460662257 15 
0008 0015 6 1671007087421286 9.75 -65.0 1.0676506283684062 15 
0008 0009 6 1671007087435006 13.0 -67.5 4.368777283898306 15 
0008 0005 6 1671007087438402 -17.0625 -68.5 5.497787143782138 15 
0008 0004 7 1671007087468532 19.5 -57.0 2.442097414313941 15 
0008 0014 7 1671007087474897 76.4375 -64.0 0.37429131224409645 15 
0008 0010 7 1671007087479980 -35.75 -66.0 0.8344855486097889 15 
0008 0015 7 1671007087486211 6.5 -67.5 0.7117670855789375 15 
0008 0007 7 1671007087488260 -104.125 -68.5 1.055378782065321 15 
0008 0015 8 1671007087518675 -32.5 -69.5 4.454680208019902 15 
0008 0010 8 1671007087523226 -68.3125 -64.5 5.681864838328415 15 
0008 0004 8 1671007087528495 -3.25 -57.5 0.17794177139473438 15 
0008 0001 1 1671007087745811 -73.1875 -67.5 0.006135923151542565 15 
0008 0007 1 1671007087748110 3.25 -67.5 3.2765829629237295 15 
0008 0004 1 1671007087749820 9.75 -61.0 2.6261751088602177 15 
0008 0005 1 1671007087756864 -22.75 -67.5 3.2459033471660166 15 
0008 0014 1 1671007087757814 55.3125 -72.0 3.834951969714103 15 
0008 0015 1 1671007087760203 -22.75 -65.0 6.080699843178682 15 
0008 0001 2 1671007087787877 -79.75 -63.5 2.890019804376548 15 
0008 0004 2 1671007087789108 22.75 -60.5 6.068427996875596 15 
0008 0014 2 1671007087790057 194.4375 -69.5 1.5278448647340985 15 
0008 0008 2 1671007087792050 -175.75 -64.5 2.8532042654672924 15 
0008 0009 2 1671007087794560 126.9375 -66.5 1.8346410223112268 15 
0008 0000 2 1671007087799569 52.0625 -71.5 0.7485826244881929 15 
0008 0005 2 1671007087803378 -201.8125 -69.5 5.2768939103266055 15 
0008 0008 3 1671007087826216 -78.0625 -61.0 3.761320891895592 15 
0008 0014 3 1671007087829003 -117.9375 -65.5 5.982525072754001 15 
0008 0015 3 1671007087831008 -130.1875 -68.0 2.9636508821950587 15 
0008 0005 3 1671007087832704 24.375 -57.0 1.2455923997631406 15 
0008 0007 3 1671007087834749 6.5 -65.5 3.018874190558942 15 
0008 0001 3 1671007087840690 55.3125 -60.5 3.454524734318464 15 
0008 0009 3 1671007087847454 -26.0 -70.5 5.755495916146925 15 
0008 0011 4 1671007087875875 -27.625 -65.0 4.994641445355648 15 
0008 0015 4 1671007087882280 32.5 -61.0 5.098952138931871 15 
0008 0001 4 1671007087884093 -117.9375 -70.5 3.4177091954092087 15 
0008 0014 4 1671007087885152 74.8125 -64.0 5.970253226450915 15 
0008 0009 4 1671007087887531 0.0 -69.5 1.3008157081270237 15 
0008 0004 4 1671007087890470 13.0 -65.0 4.571262747899211 15 
0008 0008 4 1671007087894266 3.25 -66.5 0.7301748550335652 15 
0008 0007 4 1671007087895205 -9.75 -62.0 3.4054373491061236 15 
0008 0005 4 1671007087896168 -24.375 -62.5 4.331961744989051 15 
0008 0008 5 1671007087933691 -42.3125 -67.0 1.2517283229146832 15 
0008 0005 5 1671007087934866 -30.875 -68.5 2.2396119503130363 15 
0008 0007 5 1671007087936100 -32.5 -57.5 5.21553467881118 15 
0008 0015 5 1671007087939859 -65.0625 -67.5 5.988660995905543 15 
0008 0009 5 1671007087944759 9.75 -65.0 3.7981364308048478 15 
0008 0011 6 1671007087976544 0.0 -68.0 4.3503695144436785 15 
0008 0015 6 1671007087977501 32.5 -64.5 1.0676506283684062 15 
0008 0009 6 1671007087980473 -26.0 -68.5 4.6878452877785195 15 
0008 0005 6 1671007087991779 3.25 -68.0 5.5714182216006485 15 
0008 0014 7 1671007088018079 61.8125 -63.5 0.380427235395639 15 
0008 0004 7 1671007088023986 0.0 -56.5 2.429825568010856 15 
0008 0015 7 1671007088028404 -6.5 -69.0 0.7363107781851077 15 
0008 0007 7 1671007088030619 68.3125 -70.0 0.8897088569736719 15 
0008 0010 7 1671007088033328 61.8125 -67.0 0.7669903939428205 15 
0008 0004 8 1671007088057130 7.3125 -58.0 0.14726215563702155 15 
0008 0010 8 1671007088058520 -16.25 -64.5 5.559146375297564 15 
0008 0015 8 1671007088071859 29.25 -69.5 4.522175362686871 15 
