0008 0004 1 1671002989320380 58.5625 -66.5 2.466641106920111 16 
0008 0005 1 1671002989323817 13.8125 -58.5 0.0 16 
0008 0007 1 1671002989328084 -9.75 -66.5 0.5460971604872883 16 
0008 0006 1 1671002989329303 139.125 -71.5 1.8960002538266525 16 
0008 0015 1 1671002989333121 -19.5 -68.5 0.9756117810952678 16 
0008 0015 2 1671002989363280 16.25 -57.0 0.9265243958829272 16 
0008 0005 2 1671002989370427 0.0 -63.5 0.3190680038802134 16 
0008 0006 2 1671002989378109 -353.9375 -70.0 5.2768939103266055 16 
0008 0006 4 1671002989449148 -183.875 -72.0 4.565126824747668 16 
0008 0006 5 1671002989480238 90.3125 -69.0 3.466796580621549 16 
0008 0004 5 1671002989484179 45.5625 -68.0 0.6688156235181395 16 
0008 0006 6 1671002989514102 30.875 -64.0 4.963961829597935 16 
0008 0006 7 1671002989537282 -7.3125 -65.5 0.760854470791278 16 
0008 0004 7 1671002989542521 -55.3125 -60.5 2.030990563160589 16 
0008 0001 7 1671002989543568 73.1875 -68.0 2.761165418194154 16 
0008 0007 7 1671002989546446 9.75 -67.5 3.3440781175906977 16 
0008 0014 7 1671002989549398 -29.25 -64.0 5.325981295538946 16 
0008 0005 7 1671002989550616 -32.5 -69.0 0.6933593161243098 16 
0008 0015 7 1671002989551569 -13.0 -64.0 1.607611865704152 16 
0008 0004 8 1671002989583728 41.5 -61.0 0.17794177139473438 16 
0008 0005 8 1671002989585188 -34.9375 -67.0 5.8475347634200645 16 
0008 0007 8 1671002989586124 -19.5 -66.0 6.270913460876501 16 
0008 0015 8 1671002989587615 22.75 -70.0 3.2581751934691017 16 
0008 0002 8 1671002989588782 -29.25 -67.5 2.466641106920111 16 
0008 0006 8 1671002989594365 -34.9375 -62.0 4.276738436625168 16 
0008 0014 8 1671002989595668 38.1875 -65.0 2.9943304979527716 16 
0008 0004 1 1671002989816715 38.1875 -66.0 2.5464081078901644 16 
0008 0007 1 1671002989821335 -3.25 -66.0 0.4970097752749477 16 
0008 0005 1 1671002989826120 -3.25 -58.5 0.02454369260617026 16 
0008 0006 1 1671002989838271 187.125 -71.5 1.5278448647340985 16 
0008 0015 1 1671002989839719 -182.25 -68.0 1.3744467859455345 16 
0008 0005 2 1671002989880608 26.0 -63.0 0.30679615757712825 16 
0008 0015 2 1671002989888028 39.0 -57.5 0.9203884727313847 16 
0008 0006 2 1671002989893952 -135.0625 -70.5 5.086680292628786 16 
0008 0006 4 1671002989975158 -59.375 -72.5 4.448544284868359 16 
0008 0004 5 1671002990011881 -3.25 -69.0 0.7853981633974483 16 
0008 0006 5 1671002990013212 10.5625 -70.0 3.509748042682347 16 
0008 0006 6 1671002990040937 30.875 -64.5 4.970097752749477 16 
0008 0014 7 1671002990066132 -100.875 -64.0 5.5284667595398505 16 
0008 0015 7 1671002990070008 -58.5625 -63.5 1.736466251886546 16 
0008 0007 7 1671002990070931 -19.5 -67.5 3.3440781175906977 16 
0008 0001 7 1671002990073346 -142.375 -68.0 3.2397674240144743 16 
0008 0004 7 1671002990079307 26.0 -60.0 1.9389517158874505 16 
0008 0006 7 1671002990080294 -27.625 -65.0 0.7424467013366504 16 
0008 0005 7 1671002990083894 -315.6875 -70.5 1.012427320004523 16 
0008 0015 8 1671002990117132 32.5 -69.0 3.2765829629237295 16 
0008 0002 8 1671002990120322 -22.75 -66.5 2.521864415283994 16 
0008 0006 8 1671002990126682 -52.0625 -62.5 4.252194744018997 16 
0008 0004 8 1671002990127598 24.375 -61.0 0.2699806186678728 16 
0008 0014 8 1671002990131934 19.5 -64.5 3.0066023442558567 16 
0008 0005 8 1671002990135650 -61.8125 -66.5 5.939573610693203 16 
0008 0007 8 1671002990138214 -16.25 -65.5 0.0 16 
0008 0007 1 1671002990364549 -61.8125 -66.0 0.5522330836388308 16 
0008 0005 1 1671002990366941 7.3125 -58.5 6.277049384028044 16 
0008 0006 1 1671002990371874 -326.3125 -72.0 2.2518837966161214 16 
0008 0015 1 1671002990373065 -81.375 -67.5 1.214912784005428 16 
0008 0004 1 1671002990376079 -16.25 -67.0 2.9636508821950587 16 
0008 0015 2 1671002990409605 -13.0 -57.0 0.9940195505498954 16 
0008 0005 2 1671002990420709 7.3125 -64.0 0.3620194659410113 16 
0008 0006 2 1671002990422067 -90.3125 -69.5 5.098952138931871 16 
0008 0006 5 1671002990519933 -100.875 -69.0 3.6692820446224537 16 
0008 0004 5 1671002990521376 -30.875 -68.5 0.3988350048502667 16 
0008 0006 6 1671002990551555 -10.5625 -64.5 5.056000676871073 16 
0008 0006 7 1671002990576614 -55.3125 -64.0 0.7547185476397354 16 
0008 0015 7 1671002990578688 78.0625 -64.0 1.509437095279471 16 
0008 0014 7 1671002990580375 123.6875 -64.0 5.160311370447297 16 
0008 0005 7 1671002990583344 -45.5625 -70.0 0.5583690067903734 16 
0008 0004 7 1671002990584274 -9.75 -60.5 2.018718716857504 16 
0008 0001 7 1671002990585449 93.5625 -68.0 2.8532042654672924 16 
0008 0007 7 1671002990587587 -32.5 -67.0 3.3870295796514958 16 
0008 0007 8 1671002990626124 65.0625 -65.5 6.166602767300278 16 
0008 0014 8 1671002990627027 3.25 -64.5 3.0802334220743677 16 
0008 0006 8 1671002990629921 -45.5625 -62.0 4.289010282928253 16 
0008 0002 8 1671002990637127 -9.75 -67.5 2.386874105950058 16 
0008 0004 8 1671002990643586 -13.8125 -61.0 0.2761165418194154 16 
0008 0015 8 1671002990648368 -45.5625 -70.0 3.442252888015379 16 
0008 0005 8 1671002990649342 -3.25 -67.5 5.8659425328746915 16 
0008 0004 1 1671002990872434 48.8125 -67.0 2.5402721847386216 16 
0008 0007 1 1671002990876502 61.8125 -65.5 0.380427235395639 16 
0008 0005 1 1671002990877746 24.375 -58.5 6.227961998815704 16 
0008 0006 1 1671002990885729 -156.1875 -71.5 1.9634954084936207 16 
0008 0015 1 1671002990886920 81.375 -67.5 0.9694758579437253 16 
0008 0015 2 1671002990923899 22.75 -57.0 0.9326603190344698 16 
0008 0005 2 1671002990928556 83.0 -63.5 0.23316507975861744 16 
0008 0006 2 1671002990933241 149.6875 -69.5 4.71238898038469 16 
0008 0006 4 1671002991001850 100.875 -73.0 4.356505437595221 16 
0008 0006 5 1671002991030034 52.0625 -69.0 3.3747577333484107 16 
0008 0004 5 1671002991031350 -100.875 -69.0 0.3436116964863836 16 
0008 0006 6 1671002991061545 24.375 -65.0 4.957825906446392 16 
0008 0006 7 1671002991086167 -30.875 -64.5 0.7547185476397354 16 
0008 0015 7 1671002991090314 52.0625 -64.0 1.5155730184310134 16 
0008 0007 7 1671002991094093 48.8125 -67.0 3.2397674240144743 16 
0008 0004 7 1671002991097147 3.25 -60.5 2.012582793705961 16 
0008 0014 7 1671002991098788 6.5 -64.0 5.3198453723874035 16 
0008 0001 7 1671002991101341 205.0625 -69.0 2.4605051837685683 16 
0008 0005 7 1671002991111859 135.0625 -68.0 0.5338253141842031 16 
0008 0004 8 1671002991136978 -3.25 -61.0 0.3190680038802134 16 
0008 0006 8 1671002991143778 -17.0625 -62.0 4.264466590322082 16 
0008 0005 8 1671002991150997 -41.5 -67.0 5.994796919057086 16 
0008 0015 8 1671002991151993 -91.125 -70.0 3.5281558121369745 16 
0008 0007 8 1671002991156514 -9.75 -65.0 6.19728238305799 16 
0008 0014 8 1671002991158511 -35.75 -65.0 3.141592653589793 16 
0008 0002 8 1671002991159447 3.25 -67.5 2.399145952253143 16 
0008 0015 1 1671002991376344 -3.25 -68.0 1.0615147052168636 16 
0008 0007 1 1671002991380079 9.75 -65.5 0.4172427743048944 16 
0008 0006 1 1671002991382530 215.625 -71.5 1.7794177139473437 16 
0008 0005 1 1671002991387767 -16.25 -58.5 0.01227184630308513 16 
0008 0004 1 1671002991391494 87.0625 -67.0 2.405281875404685 16 
0008 0015 2 1671002991429417 16.25 -57.0 0.9203884727313847 16 
0008 0005 2 1671002991436370 3.25 -63.5 0.3436116964863836 16 
0008 0006 2 1671002991442821 -197.6875 -70.5 5.148039524144211 16 
0008 0006 4 1671002991524621 -13.8125 -73.0 4.577398671050753 16 
0008 0004 5 1671002991547135 -38.1875 -68.5 0.3313398501832985 16 
0008 0006 5 1671002991552395 27.625 -69.5 3.466796580621549 16 
0008 0006 6 1671002991582441 -10.5625 -65.0 4.9823695990525625 16 
0008 0001 7 1671002991607357 30.875 -67.5 2.9022916506796332 16 
0008 0004 7 1671002991608404 -45.5625 -60.5 1.9573594853420782 16 
0008 0006 7 1671002991610096 -10.5625 -64.5 0.6320000846088841 16 
0008 0007 7 1671002991611078 55.3125 -66.5 3.2397674240144743 16 
0008 0014 7 1671002991612238 48.8125 -64.5 5.252350217720435 16 
0008 0015 7 1671002991616172 100.875 -64.0 1.4173982480063325 16 
0008 0005 7 1671002991623476 68.3125 -68.5 0.4724660826687775 16 
0008 0014 8 1671002991657394 71.5625 -64.5 2.9513790358919736 16 
0008 0006 8 1671002991660995 7.3125 -63.0 4.190835512503572 16 
0008 0004 8 1671002991661904 -22.75 -61.0 0.2086213871524472 16 
0008 0002 8 1671002991665281 16.25 -67.0 2.411417798556228 16 
0008 0007 8 1671002991667259 -13.0 -66.0 6.252505691421874 16 
0008 0015 8 1671002991671031 -19.5 -70.0 3.4054373491061236 16 
0008 0005 8 1671002991673466 7.3125 -67.5 5.8475347634200645 16 
0008 0007 1 1671002991909608 45.5625 -65.5 0.3436116964863836 16 
0008 0004 1 1671002991911394 110.625 -67.0 2.282563412373834 16 
0008 0005 1 1671002991920389 13.8125 -58.5 6.270913460876501 16 
0008 0015 1 1671002991923101 208.3125 -68.5 0.8835729338221293 16 
0008 0006 1 1671002991924699 27.625 -72.0 1.945087639038993 16 
0008 0005 2 1671002991960892 39.0 -63.0 0.30679615757712825 16 
0008 0015 2 1671002991962115 35.75 -57.5 0.9142525495798421 16 
0008 0006 2 1671002991972812 55.3125 -70.0 5.031456984264903 16 
0008 0006 4 1671002992036304 -197.6875 -71.5 4.583534594202296 16 
0008 0004 5 1671002992081643 30.875 -68.5 0.15339807878856412 16 
0008 0006 6 1671002992111918 -65.875 -65.0 5.0253210611133605 16 
0008 0006 7 1671002992141180 100.875 -64.5 0.5767767762450011 16 
0008 0015 7 1671002992143507 -45.5625 -64.0 1.748738098189631 16 
0008 0001 7 1671002992148090 -32.5 -67.5 2.9206994201342606 16 
0008 0004 7 1671002992149516 24.375 -60.0 1.846912868614312 16 
0008 0014 7 1671002992150478 13.0 -63.5 5.270757987175063 16 
0008 0007 7 1671002992153548 126.9375 -66.5 3.1784081924990484 16 
0008 0005 8 1671002992208444 -139.9375 -67.0 6.14819499784565 16 
0008 0015 8 1671002992210900 -48.8125 -69.5 3.4177091954092087 16 
0008 0004 8 1671002992211831 -3.25 -61.0 0.2638446955163303 16 
0008 0006 8 1671002992212820 -34.9375 -62.5 4.252194744018997 16 
0008 0007 8 1671002992218367 -22.75 -66.0 6.264777537724958 16 
0008 0014 8 1671002992224971 22.75 -65.0 3.018874190558942 16 
0008 0002 8 1671002992226419 19.5 -67.5 2.442097414313941 16 
0008 0007 1 1671002992446091 0.0 -66.5 0.47860200582032003 16 
0008 0004 1 1671002992448350 -34.9375 -67.0 2.6016314162540475 16 
0008 0005 1 1671002992451198 32.5 -58.0 6.270913460876501 16 
0008 0015 1 1671002992463950 16.25 -68.0 1.1596894756415448 16 
0008 0006 1 1671002992464899 48.8125 -72.0 1.8346410223112268 16 
0008 0005 2 1671002992499004 68.3125 -63.5 0.25770877236478773 16 
0008 0006 2 1671002992504303 -243.3125 -71.0 5.154175447295755 16 
0008 0015 2 1671002992509822 6.5 -57.5 0.9510680884890975 16 
0008 0006 4 1671002992585867 65.875 -73.0 4.301282129231338 16 
0008 0004 5 1671002992611984 -97.625 -68.0 0.3436116964863836 16 
0008 0006 5 1671002992613911 -55.3125 -70.5 3.6999616603801666 16 
0008 0006 6 1671002992640100 -24.375 -64.5 5.049864753719531 16 
0008 0005 7 1671002992667081 -6.5 -68.5 0.6381360077604268 16 
0008 0015 7 1671002992670608 -39.0 -64.0 1.6444274046134073 16 
0008 0004 7 1671002992671808 -17.0625 -60.0 2.067806102069844 16 
0008 0006 7 1671002992675832 69.125 -64.5 0.5276893910326605 16 
0008 0001 7 1671002992677078 73.1875 -67.0 2.890019804376548 16 
0008 0007 7 1671002992678039 0.0 -67.0 3.3747577333484107 16 
0008 0014 7 1671002992679218 45.5625 -64.0 5.227806525114265 16 
0008 0005 8 1671002992716932 -38.1875 -67.0 5.872078456026235 16 
0008 0014 8 1671002992718862 27.625 -64.5 3.0495538063166547 16 
0008 0002 8 1671002992719799 32.5 -67.0 2.36846633649543 16 
0008 0004 8 1671002992733206 -13.0 -61.0 0.2945243112740431 16 
0008 0015 8 1671002992734702 -35.75 -69.5 3.423845118560751 16 
0008 0007 8 1671002992739861 32.5 -66.5 6.154330920997192 16 
0008 0006 8 1671002992742506 3.25 -62.0 4.147884050442774 16 
0008 0006 1 1671002992956379 125.3125 -71.0 1.8039614065535141 16 
0008 0015 1 1671002992958667 -84.625 -68.0 1.2701360923693108 16 
0008 0005 1 1671002992959599 17.0625 -58.5 6.277049384028044 16 
0008 0007 1 1671002992961740 26.0 -67.0 0.4479223900626072 16 
0008 0004 1 1671002992973320 -58.5625 -67.0 2.6445828783148455 16 
0008 0015 2 1671002993006675 -16.25 -57.0 0.9940195505498954 16 
0008 0005 2 1671002993009758 -21.125 -63.0 0.32520392703175593 16 
0008 0006 2 1671002993026835 -305.9375 -69.5 5.381204603902829 16 
0008 0006 4 1671002993088973 59.375 -72.0 4.246058820867455 16 
0008 0004 5 1671002993121219 58.5625 -68.0 0.15339807878856412 16 
0008 0006 5 1671002993126594 -10.5625 -69.5 3.472932503773092 16 
0008 0006 6 1671002993151339 38.1875 -65.0 4.908738521234052 16 
0008 0007 7 1671002993175926 26.0 -66.5 3.32567034813607 16 
0008 0006 7 1671002993180184 -34.9375 -65.5 0.6933593161243098 16 
0008 0005 7 1671002993181728 3.25 -70.0 0.4111068511533518 16 
0008 0004 7 1671002993185547 0.0 -60.5 1.9573594853420782 16 
0008 0001 7 1671002993186755 90.3125 -68.0 2.859340188618835 16 
0008 0015 7 1671002993191000 65.0625 -64.0 1.5155730184310134 16 
0008 0014 7 1671002993192660 -22.75 -64.0 5.411884219660542 16 
0008 0004 8 1671002993239833 -59.375 -61.0 0.3436116964863836 16 
0008 0002 8 1671002993243842 0.0 -67.0 2.435961491162398 16 
0008 0006 8 1671002993245046 -17.0625 -62.5 4.227651051412827 16 
0008 0015 8 1671002993245999 -42.3125 -71.5 3.423845118560751 16 
0008 0005 8 1671002993251027 -17.0625 -67.0 5.921165841238575 16 
0008 0007 8 1671002993252715 3.25 -66.5 6.1850105367549055 16 
0008 0014 8 1671002993259326 61.8125 -65.0 2.9697868053466014 16 
0008 0006 1 1671002993480654 -107.375 -70.5 2.116893487282185 16 
0008 0007 1 1671002993485690 -26.0 -66.5 0.4663301595172349 16 
0008 0005 1 1671002993490296 -10.5625 -58.5 6.270913460876501 16 
0008 0015 1 1671002993492100 45.5625 -68.5 1.1351457830353744 16 
0008 0004 1 1671002993494263 -52.0625 -68.0 2.705942109830271 16 
0008 0015 2 1671002993515928 6.5 -57.0 0.9756117810952678 16 
0008 0005 2 1671002993517316 -24.375 -63.5 0.23930100291016002 16 
0008 0006 2 1671002993520988 -462.1875 -70.0 5.3198453723874035 16 
0008 0006 4 1671002993604511 -90.3125 -73.0 4.473087977474529 16 
0008 0004 5 1671002993639865 -7.3125 -68.5 0.6565437772150544 16 
0008 0006 5 1671002993640757 -149.6875 -69.5 3.6999616603801666 16 
0008 0006 6 1671002993675620 -87.0625 -64.5 5.031456984264903 16 
0008 0014 7 1671002993706788 -3.25 -65.0 5.350524988145116 16 
0008 0007 7 1671002993708311 -100.875 -66.0 3.485204350076177 16 
0008 0015 7 1671002993710012 81.375 -64.0 1.4848934026733007 16 
0008 0004 7 1671002993713505 30.875 -60.0 1.9512235621905356 16 
0008 0006 7 1671002993716979 29.25 -64.5 0.6013204688511713 16 
0008 0001 7 1671002993717881 7.3125 -67.5 2.9391071895888885 16 
0008 0005 7 1671002993732444 117.9375 -69.0 0.5645049299419159 16 
0008 0006 8 1671002993770641 17.0625 -62.0 4.190835512503572 16 
0008 0002 8 1671002993772400 -29.25 -67.0 2.4850488763747385 16 
0008 0015 8 1671002993775284 -55.3125 -70.5 3.442252888015379 16 
0008 0007 8 1671002993776742 -84.625 -66.5 6.270913460876501 16 
0008 0004 8 1671002993780120 27.625 -61.0 0.1902136176978195 16 
0008 0005 8 1671002993786470 -55.3125 -67.5 6.000932842208628 16 
0008 0014 8 1671002993787851 0.0 -65.0 3.031146036862027 16 
0008 0005 1 1671002994025632 -41.5 -58.5 0.05522330836388308 16 
0008 0006 1 1671002994029854 73.1875 -71.5 1.8714565612204823 16 
0008 0004 1 1671002994032716 -13.8125 -67.0 2.5770877236478773 16 
0008 0015 1 1671002994034830 -22.75 -68.0 1.2946797849754812 16 
0008 0007 1 1671002994037609 39.0 -67.0 0.4111068511533518 16 
0008 0015 2 1671002994072104 9.75 -57.5 0.9633399347921826 16 
0008 0005 2 1671002994080407 55.3125 -64.0 0.17794177139473438 16 
0008 0006 2 1671002994091152 -173.3125 -69.5 5.21553467881118 16 
0008 0006 4 1671002994160218 -48.8125 -72.0 4.4362724385652745 16 
0008 0004 5 1671002994198925 149.6875 -68.0 0.04295146206079795 16 
0008 0006 5 1671002994203109 180.625 -69.0 3.147728576741336 16 
0008 0006 6 1671002994233796 -27.625 -64.5 4.933282213840222 16 
0008 0006 7 1671002994256899 59.375 -64.5 0.6381360077604268 16 
0008 0007 7 1671002994262168 182.25 -66.5 3.0925052683774528 16 
0008 0004 7 1671002994265014 97.625 -60.5 1.9082721001297376 16 
0008 0014 7 1671002994266488 -117.125 -64.5 5.540738605842936 16 
0008 0015 7 1671002994268444 -58.5625 -64.5 1.748738098189631 16 
0008 0005 7 1671002994271248 -42.3125 -69.5 0.8467573949128739 16 
0008 0001 7 1671002994272618 -3.25 -68.0 2.9943304979527716 16 
