0008 0010 1 1671007166517837 6.5 -56.5 2.9513790358919736 15 
0008 0006 1 1671007166518773 244.125 -72.0 0.6749515466696822 15 
0008 0004 1 1671007166520229 -62.625 -69.0 4.301282129231338 15 
0008 0005 1 1671007166521433 29.25 -66.0 4.3503695144436785 15 
0008 0014 1 1671007166525228 13.8125 -66.5 3.988350048502667 15 
0008 0008 1 1671007166527527 81.375 -63.5 1.239456476611598 15 
0008 0015 1 1671007166529641 13.0 -65.5 0.20248546400090464 15 
0008 0011 1 1671007166530857 81.375 -63.0 4.424000592262189 15 
0008 0001 1 1671007166531777 73.1875 -67.5 3.650874275167826 15 
0008 0009 1 1671007166534037 39.0 -68.5 6.14819499784565 15 
0008 0010 2 1671007166566859 45.5625 -64.0 0.5460971604872883 15 
0008 0009 2 1671007166571314 -29.25 -57.0 5.927301764390117 15 
0008 0004 2 1671007166572920 -13.0 -62.5 4.06811704947272 15 
0008 0008 2 1671007166589004 133.4375 -68.5 2.742757648739526 15 
0008 0001 3 1671007166627037 26.0 -69.0 4.878058905476339 15 
0008 0007 3 1671007166627958 -13.0 -62.0 5.442563835418255 15 
0008 0011 3 1671007166629116 34.9375 -61.5 0.15339807878856412 15 
0008 0015 3 1671007166634631 35.75 -62.5 2.466641106920111 15 
0008 0010 3 1671007166636248 26.0 -59.5 2.411417798556228 15 
0008 0009 3 1671007166638193 32.5 -60.0 0.4908738521234052 15 
0008 0014 3 1671007166640430 0.0 -65.5 4.8351074434155406 15 
0008 0008 3 1671007166646900 195.25 -67.5 3.1968159619536762 15 
0008 0005 3 1671007166660203 -9.75 -69.0 0.5951845456996288 15 
0008 0007 4 1671007166686414 -48.8125 -65.0 3.9147189706841563 15 
0008 0001 4 1671007166687840 10.5625 -57.0 5.945709533844745 15 
0008 0005 4 1671007166688790 -32.5 -64.0 3.8288160465625602 15 
0008 0011 4 1671007166689677 -21.125 -60.5 3.988350048502667 15 
0008 0008 4 1671007166691565 -29.25 -64.5 0.5829126993965437 15 
0008 0014 4 1671007166692980 -35.75 -61.5 5.148039524144211 15 
0008 0009 4 1671007166697999 0.0 -59.0 2.497320722677824 15 
0008 0015 4 1671007166699498 -6.5 -63.0 4.804427827657828 15 
0008 0004 4 1671007166700477 -29.25 -58.0 1.6935147898257479 15 
0008 0010 4 1671007166703688 0.0 -64.0 2.073942025221387 15 
0008 0007 5 1671007166741925 -13.0 -54.0 3.6570101983193686 15 
0008 0011 5 1671007166745069 -107.375 -64.0 4.706253057233147 15 
0008 0009 5 1671007166746043 74.8125 -62.5 2.9206994201342606 15 
0008 0005 5 1671007166750091 16.25 -61.0 0.15339807878856412 15 
0008 0015 5 1671007166751030 42.3125 -62.0 0.9265243958829272 15 
0008 0010 5 1671007166754304 -48.8125 -68.0 4.473087977474529 15 
0008 0009 6 1671007166801260 26.0 -63.5 1.2885438618239387 15 
0008 0007 6 1671007166803189 -19.5 -66.5 4.571262747899211 15 
0008 0015 6 1671007166806281 -6.5 -67.0 0.01227184630308513 15 
0008 0011 6 1671007166808290 69.125 -71.0 2.1475731030398975 15 
0008 0005 6 1671007166811459 -24.375 -61.0 5.117359908386499 15 
0008 0001 6 1671007166812422 78.0625 -64.5 0.11658253987930872 15 
0008 0004 6 1671007166813367 13.8125 -63.0 5.209398755659637 15 
0008 0004 7 1671007166849007 3.25 -60.5 2.9145634969827183 15 
0008 0008 7 1671007166850030 -100.875 -66.5 1.8039614065535141 15 
0008 0014 7 1671007166851288 55.3125 -63.0 0.3129320807286708 15 
0008 0006 7 1671007166852205 52.0625 -65.5 0.4970097752749477 15 
0008 0011 7 1671007166853119 55.3125 -66.5 0.23930100291016002 15 
0008 0010 7 1671007166856594 19.5 -65.0 1.1106020904292042 15 
0008 0015 7 1671007166862759 -120.4375 -69.0 2.4850488763747385 15 
0008 0001 7 1671007166865222 -10.5625 -68.0 5.178719139901925 15 
0008 0004 8 1671007166899749 0.0 -61.0 3.522019888985432 15 
0008 0010 8 1671007166900958 -22.75 -66.5 0.8467573949128739 15 
0008 0011 8 1671007166913123 -65.875 -66.5 3.761320891895592 15 
0008 0010 1 1671007167126244 35.75 -56.5 3.0127382674073995 15 
0008 0001 1 1671007167128229 123.6875 -67.5 3.810408277107933 15 
0008 0005 1 1671007167129176 -128.5625 -67.0 4.828971520263998 15 
0008 0004 1 1671007167130093 17.0625 -69.5 4.2031073588066565 15 
0008 0008 1 1671007167131027 13.0 -64.0 1.521708941582556 15 
0008 0011 1 1671007167135085 -21.125 -62.5 4.601942363656923 15 
0008 0014 1 1671007167137492 29.25 -65.5 3.9269908169872414 15 
0008 0009 1 1671007167139687 32.5 -70.5 0.1902136176978195 15 
0008 0015 1 1671007167142384 71.5625 -65.5 0.1595340019401067 15 
0008 0006 1 1671007167145001 -76.4375 -72.5 0.9817477042468103 15 
0008 0010 2 1671007167167832 133.4375 -64.0 0.5031456984264903 15 
0008 0009 2 1671007167168976 -9.75 -58.0 6.043884304269426 15 
0008 0004 2 1671007167171415 10.5625 -63.0 4.129476280988146 15 
0008 0008 2 1671007167173568 315.6875 -69.5 2.5893595699509624 15 
0008 0014 3 1671007167237935 -91.125 -65.5 5.092816215780329 15 
0008 0004 3 1671007167240101 94.375 -71.0 5.688000761479957 15 
0008 0007 3 1671007167241126 -55.3125 -61.5 5.810719224510809 15 
0008 0009 3 1671007167242100 -16.25 -61.0 0.6442719309119693 15 
0008 0010 3 1671007167245626 -6.5 -59.0 2.442097414313941 15 
0008 0015 3 1671007167247091 55.3125 -62.5 2.5341362615870793 15 
0008 0001 3 1671007167248310 -211.5625 -70.0 5.1725832167503825 15 
0008 0011 3 1671007167251845 27.625 -62.5 0.23930100291016002 15 
0008 0008 3 1671007167257200 35.75 -66.5 3.5772431973493153 15 
0008 0005 3 1671007167259409 130.1875 -70.5 0.5829126993965437 15 
0008 0009 4 1671007167285999 39.0 -59.0 2.466641106920111 15 
0008 0015 4 1671007167287191 -61.8125 -62.5 4.896466674930966 15 
0008 0001 4 1671007167291584 7.3125 -57.0 5.896622148632405 15 
0008 0011 4 1671007167294103 -41.5 -60.5 4.0128937411088375 15 
0008 0007 4 1671007167295055 -94.375 -64.5 4.074252972624263 15 
0008 0010 4 1671007167296471 6.5 -63.5 2.061670178918302 15 
0008 0014 4 1671007167298520 -17.0625 -61.5 5.123495831538041 15 
0008 0008 4 1671007167299470 29.25 -65.0 0.4479223900626072 15 
0008 0004 4 1671007167301219 -3.25 -57.5 1.6505633277649499 15 
0008 0005 4 1671007167303813 -38.1875 -64.0 3.792000507653305 15 
0008 0010 5 1671007167335916 -110.625 -67.5 4.638757902566179 15 
0008 0009 5 1671007167339034 29.25 -62.5 2.945243112740431 15 
0008 0015 5 1671007167340909 42.3125 -61.5 0.9817477042468103 15 
0008 0001 5 1671007167347092 45.5625 -69.5 2.945243112740431 15 
0008 0007 5 1671007167349009 26.0 -54.0 3.56497135104623 15 
0008 0005 5 1671007167357130 -29.25 -61.5 0.16566992509164924 15 
0008 0011 5 1671007167360881 0.0 -64.5 4.528311285838413 15 
0008 0005 6 1671007167386933 -32.5 -61.0 5.221670601962723 15 
0008 0011 6 1671007167387907 -41.5 -71.0 2.448233337465483 15 
0008 0004 6 1671007167394271 9.75 -63.5 5.221670601962723 15 
0008 0001 6 1671007167395460 -10.5625 -64.5 0.47860200582032003 15 
0008 0015 6 1671007167402245 -6.5 -67.0 0.1227184630308513 15 
0008 0009 6 1671007167403121 -16.25 -63.0 1.4419419406125027 15 
0008 0007 6 1671007167409392 -3.25 -66.5 4.509903516383785 15 
0008 0015 7 1671007167439535 -3.25 -68.0 2.435961491162398 15 
0008 0004 7 1671007167443338 0.0 -60.0 2.988194574801229 15 
0008 0006 7 1671007167445566 104.125 -65.5 0.42337869745643697 15 
0008 0014 7 1671007167446965 65.875 -63.0 0.3129320807286708 15 
0008 0010 7 1671007167450767 55.3125 -65.5 0.9081166264282996 15 
0008 0008 7 1671007167455022 -29.25 -67.0 1.7241944055834606 15 
0008 0011 7 1671007167457496 -34.9375 -66.5 0.30679615757712825 15 
0008 0004 8 1671007167494361 -6.5 -61.0 3.6079228131070282 15 
0008 0011 8 1671007167495847 -38.1875 -66.0 3.80427235395639 15 
0008 0010 8 1671007167504929 -26.0 -66.5 1.227184630308513 15 
0008 0010 1 1671007167716837 9.75 -56.5 3.0495538063166547 15 
0008 0015 1 1671007167719298 81.375 -66.0 0.14112623248547898 15 
0008 0005 1 1671007167723210 34.9375 -67.5 4.552854978444583 15 
0008 0004 1 1671007167724213 -13.0 -68.5 4.2031073588066565 15 
0008 0014 1 1671007167727573 -55.3125 -66.5 4.0128937411088375 15 
0008 0011 1 1671007167729264 -24.375 -63.0 4.626486056263094 15 
0008 0001 1 1671007167730436 3.25 -67.0 4.129476280988146 15 
0008 0008 1 1671007167731388 61.8125 -64.0 1.4664856332186729 15 
0008 0009 1 1671007167737810 -74.8125 -70.0 0.19634954084936207 15 
0008 0006 1 1671007167739821 -156.1875 -73.0 1.043106935762236 15 
0008 0004 2 1671007167778251 -7.3125 -62.5 4.184699589352029 15 
0008 0009 2 1671007167781953 42.3125 -58.0 5.902758071783947 15 
0008 0010 2 1671007167782933 -35.75 -64.5 0.7976700097005334 15 
0008 0008 2 1671007167793246 68.3125 -68.5 3.0127382674073995 15 
0008 0015 3 1671007167836315 74.8125 -63.0 2.405281875404685 15 
0008 0010 3 1671007167837492 39.0 -59.5 2.411417798556228 15 
0008 0009 3 1671007167842907 35.75 -60.5 0.5829126993965437 15 
0008 0008 3 1671007167844619 32.5 -68.0 3.5956509668039427 15 
0008 0007 3 1671007167845556 22.75 -62.0 5.608233760509904 15 
0008 0011 3 1671007167848696 -10.5625 -63.0 0.0859029241215959 15 
0008 0001 3 1671007167852402 -38.1875 -69.0 5.283029833478148 15 
0008 0014 3 1671007167855047 -83.0 -65.0 5.0682725231741586 15 
0008 0005 3 1671007167861351 -58.5625 -69.0 0.8099418560036186 15 
0008 0010 4 1671007167887604 -61.8125 -64.0 2.405281875404685 15 
0008 0007 4 1671007167889067 -29.25 -65.0 4.080388895775806 15 
0008 0011 4 1671007167890251 -3.25 -60.0 3.9515345095934116 15 
0008 0001 4 1671007167893319 17.0625 -57.5 6.264777537724958 15 
0008 0015 4 1671007167894330 -35.75 -63.0 4.957825906446392 15 
0008 0014 4 1671007167895516 -35.75 -61.5 5.209398755659637 15 
0008 0005 4 1671007167897585 -17.0625 -63.5 4.06811704947272 15 
0008 0009 4 1671007167898761 45.5625 -59.5 2.5402721847386216 15 
0008 0004 4 1671007167899736 -6.5 -57.0 1.7241944055834606 15 
0008 0008 4 1671007167901608 -55.3125 -65.0 0.7792622402459057 15 
0008 0010 5 1671007167935965 13.0 -68.0 4.681709364626977 15 
0008 0007 5 1671007167938303 3.25 -54.5 3.54042765844006 15 
0008 0009 5 1671007167939195 -13.0 -62.5 2.8102528034064944 15 
0008 0011 5 1671007167944722 -27.625 -65.5 4.558990901596125 15 
0008 0005 5 1671007167950957 -19.5 -61.0 0.18407769454627693 15 
0008 0015 5 1671007167958095 22.75 -62.0 1.0185632431560658 15 
0008 0009 6 1671007167991471 39.0 -64.5 1.1290098598838318 15 
0008 0005 6 1671007167992886 -41.5 -62.0 4.81056375080937 15 
0008 0004 6 1671007167993832 -21.125 -63.5 4.8351074434155406 15 
0008 0001 6 1671007167998058 -27.625 -66.0 5.5284667595398505 15 
0008 0007 6 1671007168001201 -6.5 -64.0 4.4362724385652745 15 
0008 0011 6 1671007168006466 166.8125 -70.5 1.3928545554001621 15 
0008 0015 6 1671007168009304 -29.25 -68.5 0.1718058482431918 15 
0008 0008 7 1671007168035987 35.75 -66.5 1.662835174068035 15 
0008 0004 7 1671007168043440 -16.25 -60.0 2.509592568980909 15 
0008 0014 7 1671007168044388 -42.3125 -63.5 0.6381360077604268 15 
0008 0015 7 1671007168045849 221.3125 -68.5 2.1046216409791 15 
0008 0006 7 1671007168046793 -48.8125 -65.5 0.30679615757712825 15 
0008 0011 7 1671007168052577 -13.8125 -68.0 0.30066023442558565 15 
0008 0010 7 1671007168053771 -35.75 -66.5 1.337631247036279 15 
0008 0011 8 1671007168089878 -38.1875 -68.5 3.3502140407422405 15 
0008 0004 8 1671007168092552 30.875 -61.0 2.767301341345697 15 
0008 0010 8 1671007168093730 -29.25 -66.0 0.7547185476397354 15 
0008 0015 1 1671007168316196 35.75 -65.5 6.209554229361076 15 
0008 0004 1 1671007168322866 24.375 -64.5 0.3620194659410113 15 
0008 0010 1 1671007168323786 -3.25 -59.0 2.4850488763747385 15 
0008 0001 1 1671007168324763 27.625 -61.0 2.5832236467994196 15 
0008 0008 1 1671007168325953 -94.375 -66.0 4.430136515413731 15 
0008 0011 1 1671007168327622 -114.6875 -70.5 4.626486056263094 15 
0008 0014 1 1671007168329051 -27.625 -65.5 4.172427743048944 15 
0008 0006 1 1671007168335055 208.3125 -72.0 3.466796580621549 15 
0008 0009 1 1671007168336665 71.5625 -68.0 0.7731263170943632 15 
0008 0004 2 1671007168367253 48.8125 -62.0 1.8960002538266525 15 
0008 0005 2 1671007168369549 94.375 -66.0 2.859340188618835 15 
0008 0001 2 1671007168371681 100.875 -63.5 4.8351074434155406 15 
0008 0009 2 1671007168374906 9.75 -61.0 0.34974761963792617 15 
0008 0009 3 1671007168416704 139.9375 -64.0 1.9634954084936207 15 
0008 0001 3 1671007168419996 -7.3125 -64.0 0.1902136176978195 15 
0008 0007 3 1671007168421192 -65.0625 -66.0 2.5402721847386216 15 
0008 0000 3 1671007168423883 32.5 -66.0 3.000466421104314 15 
0008 0005 3 1671007168424802 74.8125 -64.5 3.0250101137104846 15 
0008 0010 3 1671007168427786 -9.75 -65.0 4.528311285838413 15 
0008 0014 3 1671007168433392 55.3125 -64.0 5.418020142812084 15 
0008 0008 3 1671007168435288 32.5 -62.0 0.9510680884890975 15 
0008 0015 3 1671007168437795 22.75 -62.5 3.1968159619536762 15 
0008 0009 4 1671007168477805 -9.75 -65.0 5.166447293598839 15 
0008 0015 4 1671007168481586 3.25 -63.0 4.632621979414636 15 
0008 0001 4 1671007168482547 -13.0 -54.5 6.264777537724958 15 
0008 0004 4 1671007168485700 16.25 -57.5 1.4296700943094176 15 
0008 0008 4 1671007168487118 -45.5625 -65.5 4.479223900626073 15 
0008 0011 4 1671007168490274 -13.8125 -60.5 5.117359908386499 15 
0008 0005 4 1671007168493213 -3.25 -66.0 3.11091303783208 15 
0008 0014 4 1671007168494601 17.0625 -62.5 5.626641529964532 15 
0008 0007 4 1671007168498442 -6.5 -62.0 1.030835089459151 15 
0008 0000 5 1671007168533689 29.25 -66.5 4.295146206079795 15 
0008 0015 5 1671007168538471 -16.25 -65.0 0.5645049299419159 15 
0008 0005 5 1671007168539418 17.0625 -62.5 6.264777537724958 15 
0008 0007 5 1671007168544578 -185.5 -68.5 3.9944859716542096 15 
0008 0015 6 1671007168567033 -16.25 -68.5 0.01227184630308513 15 
0008 0005 6 1671007168570357 -45.5625 -70.0 3.509748042682347 15 
0008 0001 6 1671007168580040 -10.5625 -60.0 1.8837284075235674 15 
0008 0011 6 1671007168583285 -90.3125 -72.5 5.2768939103266055 15 
0008 0006 7 1671007168619618 -117.9375 -64.0 2.6323110320117604 15 
0008 0004 7 1671007168620550 -39.0 -55.5 4.25833066717054 15 
0008 0007 7 1671007168621984 -26.0 -69.0 1.718058482431918 15 
0008 0010 7 1671007168624139 -13.0 -65.0 0.8406214717613314 15 
0008 0014 7 1671007168626473 201.8125 -67.0 0.39269908169872414 15 
0008 0004 8 1671007168660273 17.0625 -54.5 1.607611865704152 15 
0008 0010 8 1671007168668042 26.0 -66.0 5.915029918087033 15 
0008 0006 8 1671007168675942 55.3125 -73.5 0.8713010875190442 15 
0008 0007 1 1671007168885911 -78.0625 -66.0 3.8840393549264434 15 
0008 0015 1 1671007168887092 22.75 -63.5 6.270913460876501 15 
0008 0004 1 1671007168894132 9.75 -66.0 1.4603497100671303 15 
0008 0005 1 1671007168895518 0.0 -70.5 3.1231848841351653 15 
0008 0001 1 1671007168897163 69.125 -65.5 0.6565437772150544 15 
0008 0008 1 1671007168899313 29.25 -70.0 5.074408446325701 15 
0008 0004 2 1671007168925868 45.5625 -66.0 4.92714629068868 15 
0008 0008 2 1671007168932263 -65.0625 -64.0 3.160000423044421 15 
0008 0009 2 1671007168934823 74.8125 -70.5 1.8285050991596843 15 
0008 0001 2 1671007168936253 41.5 -63.0 3.706097583531709 15 
0008 0000 2 1671007168941285 -42.3125 -67.5 1.000155473701438 15 
0008 0005 3 1671007168968575 -65.875 -58.0 0.9326603190344698 15 
0008 0014 3 1671007168969720 19.5 -65.0 0.14726215563702155 15 
0008 0007 3 1671007168973288 -16.25 -62.0 3.313398501832985 15 
0008 0001 3 1671007168974900 17.0625 -58.0 5.129631754689584 15 
0008 0015 3 1671007168978517 -3.25 -64.5 2.761165418194154 15 
0008 0008 3 1671007168979512 -152.9375 -65.0 4.675573441475434 15 
0008 0005 4 1671007169006216 -13.0 -63.0 3.80427235395639 15 
0008 0008 4 1671007169011386 -29.25 -67.0 1.8530487917658545 15 
0008 0001 4 1671007169014073 -34.9375 -62.5 5.399612373357457 15 
0008 0015 4 1671007169014997 -35.75 -62.5 5.577554144752192 15 
0008 0014 4 1671007169017556 59.375 -66.5 0.6933593161243098 15 
0008 0007 4 1671007169020524 19.5 -61.5 3.7551849687440497 15 
0008 0000 4 1671007169023528 -32.5 -68.0 4.663301595172349 15 
0008 0011 4 1671007169025736 59.375 -70.5 5.577554144752192 15 
0008 0007 5 1671007169070131 -9.75 -55.5 4.4362724385652745 15 
0008 0009 5 1671007169071082 91.125 -66.5 3.761320891895592 15 
0008 0015 5 1671007169084695 -22.75 -68.0 5.859806609723149 15 
0008 0011 6 1671007169109719 -128.5625 -69.5 4.196971435655114 15 
0008 0000 6 1671007169116244 52.0625 -71.0 1.3008157081270237 15 
0008 0015 6 1671007169120567 3.25 -65.0 1.521708941582556 15 
0008 0009 6 1671007169122194 -133.4375 -71.5 3.9638063558964967 15 
0008 0001 6 1671007169124571 -182.25 -70.0 1.5585244804918115 15 
0008 0004 7 1671007169157611 -13.8125 -62.5 0.35588354278946877 15 
0008 0014 7 1671007169163857 17.0625 -68.0 0.5338253141842031 15 
0008 0007 7 1671007169168475 -107.375 -70.5 0.35588354278946877 15 
0008 0015 7 1671007169172874 84.625 -67.5 0.6933593161243098 15 
0008 0010 7 1671007169176403 -9.75 -70.0 0.3865631585471816 15 
0008 0004 8 1671007169210292 -21.125 -63.0 4.147884050442774 15 
0008 0010 8 1671007169217521 55.3125 -69.0 5.190990986205009 15 
0008 0007 1 1671007169441961 -58.5625 -64.0 4.479223900626073 15 
0008 0001 1 1671007169443162 -30.875 -65.5 0.5890486225480862 15 
0008 0004 1 1671007169444137 59.375 -63.5 1.5401167110371838 15 
0008 0015 1 1671007169446064 -19.5 -62.0 0.1227184630308513 15 
0008 0001 2 1671007169469439 55.3125 -62.5 3.6754179677739964 15 
0008 0008 2 1671007169471494 42.3125 -64.5 3.1354567304382504 15 
0008 0004 2 1671007169473774 21.125 -65.5 5.184855063053467 15 
0008 0000 2 1671007169477587 -87.875 -67.0 1.000155473701438 15 
0008 0008 3 1671007169505950 48.8125 -64.0 4.565126824747668 15 
0008 0007 3 1671007169507155 -71.5625 -62.0 3.313398501832985 15 
0008 0005 3 1671007169510187 13.0 -58.5 0.8958447801252144 15 
0008 0015 3 1671007169511850 48.8125 -64.5 2.718213956133356 15 
0008 0001 3 1671007169512794 3.25 -57.5 5.062136600022616 15 
0008 0014 3 1671007169519467 -6.5 -64.5 0.32520392703175593 15 
0008 0001 4 1671007169548170 -10.5625 -61.5 5.246214294568893 15 
0008 0008 4 1671007169549318 58.5625 -68.0 1.521708941582556 15 
0008 0014 4 1671007169552181 19.5 -66.0 0.6258641614573416 15 
0008 0000 4 1671007169553179 -58.5625 -67.0 4.798291904506286 15 
0008 0015 4 1671007169556708 3.25 -63.5 5.651185222570702 15 
0008 0005 4 1671007169557616 -16.25 -63.0 3.816544200259475 15 
0008 0007 4 1671007169558595 3.25 -62.5 3.693825737228624 15 
0008 0011 4 1671007169561117 -13.8125 -70.0 5.859806609723149 15 
0008 0005 5 1671007169596030 39.0 -68.5 0.7301748550335652 15 
0008 0009 5 1671007169599403 -113.875 -68.5 3.933126740138784 15 
0008 0007 5 1671007169605926 -45.5625 -56.0 4.589670517353839 15 
0008 0015 5 1671007169612008 26.0 -68.0 5.786175531904639 15 
0008 0009 6 1671007169636560 52.0625 -70.5 3.6692820446224537 15 
0008 0000 6 1671007169644139 -13.0 -71.0 1.368310862793992 15 
0008 0001 6 1671007169645058 78.0625 -70.0 1.3069516312785663 15 
0008 0015 6 1671007169646062 0.0 -65.5 1.41126232485479 15 
0008 0011 6 1671007169649413 -45.5625 -69.0 4.1417481272912315 15 
0008 0005 6 1671007169655484 10.5625 -67.5 2.043262409463674 15 
0008 0007 7 1671007169685948 16.25 -70.0 0.2699806186678728 15 
0008 0014 7 1671007169687136 62.625 -68.0 0.39269908169872414 15 
0008 0015 7 1671007169700765 -42.3125 -69.0 0.8835729338221293 15 
0008 0004 7 1671007169701725 21.125 -61.5 0.5951845456996288 15 
0008 0010 7 1671007169705515 -48.8125 -71.0 0.4663301595172349 15 
0008 0004 8 1671007169732816 -13.8125 -62.0 4.344233591292136 15 
0008 0010 8 1671007169734973 123.6875 -69.0 5.043728830567988 15 
0008 0004 1 1671007169957601 76.4375 -63.5 1.5033011721279284 15 
0008 0007 1 1671007169959374 -6.5 -64.0 4.460816131171445 15 
0008 0015 1 1671007169962522 0.0 -62.5 0.12885438618239387 15 
0008 0001 1 1671007169963671 -3.25 -65.0 0.5583690067903734 15 
0008 0009 2 1671007169999284 26.0 -69.5 1.4971652489763858 15 
0008 0008 2 1671007170002332 42.3125 -64.0 3.129320807286708 15 
0008 0004 2 1671007170003251 -22.75 -64.5 5.264622064023521 15 
0008 0000 2 1671007170005777 -71.5625 -66.0 1.0062913968529805 15 
0008 0001 2 1671007170006710 -41.5 -62.5 3.7981364308048478 15 
0008 0007 3 1671007170029846 87.875 -62.0 3.1968159619536762 15 
0008 0001 3 1671007170031017 27.625 -58.0 5.031456984264903 15 
0008 0015 3 1671007170031984 65.0625 -65.5 2.6813984172241008 15 
0008 0014 3 1671007170033173 55.3125 -65.0 0.23930100291016002 15 
0008 0005 3 1671007170035802 0.0 -58.0 0.9265243958829272 15 
0008 0008 3 1671007170037993 120.4375 -65.0 4.460816131171445 15 
0008 0015 4 1671007170067412 -9.75 -63.0 5.681864838328415 15 
0008 0005 4 1671007170068646 26.0 -63.0 3.7551849687440497 15 
0008 0014 4 1671007170071922 26.0 -67.0 0.607456392002714 15 
0008 0007 4 1671007170073271 13.0 -62.5 3.6876898140770815 15 
0008 0001 4 1671007170074219 -32.5 -62.0 5.246214294568893 15 
0008 0000 4 1671007170076861 -52.0625 -68.0 4.681709364626977 15 
0008 0011 4 1671007170077864 -145.625 -70.0 5.6941366846315 15 
0008 0008 4 1671007170078868 74.8125 -67.0 1.7732817907958012 15 
0008 0007 5 1671007170113252 -16.25 -56.0 4.516039439535327 15 
0008 0005 5 1671007170117096 -30.875 -68.0 0.803805932852076 15 
0008 0015 5 1671007170118699 32.5 -68.0 5.786175531904639 15 
0008 0009 5 1671007170126787 -130.1875 -68.5 3.9822141253511245 15 
0008 0011 6 1671007170159518 -79.75 -69.5 4.190835512503572 15 
0008 0015 6 1671007170163663 55.3125 -65.5 1.2701360923693108 15 
0008 0005 6 1671007170167493 123.6875 -68.5 1.902136176978195 15 
0008 0009 6 1671007170168453 -97.625 -70.5 3.859495662320273 15 
0008 0000 6 1671007170171630 -26.0 -71.0 1.4480778637640452 15 
0008 0001 6 1671007170173484 -218.875 -69.0 1.7241944055834606 15 
0008 0015 7 1671007170206446 162.75 -67.0 0.521553467881118 15 
0008 0014 7 1671007170209666 -29.25 -68.0 0.5645049299419159 15 
0008 0004 7 1671007170216092 59.375 -62.0 0.4970097752749477 15 
0008 0010 7 1671007170217908 19.5 -70.0 0.3190680038802134 15 
0008 0007 7 1671007170223792 61.8125 -70.0 0.17794177139473438 15 
0008 0004 8 1671007170245956 -17.0625 -62.5 4.276738436625168 15 
0008 0010 8 1671007170252384 -110.625 -69.0 5.418020142812084 15 
0008 0007 1 1671007170481629 -13.0 -63.5 4.4362724385652745 15 
0008 0004 1 1671007170482579 81.375 -64.0 1.5278448647340985 15 
0008 0001 1 1671007170486318 24.375 -65.0 0.48473792897186263 15 
0008 0015 1 1671007170488376 -19.5 -62.5 0.07363107781851078 15 
0008 0008 2 1671007170517332 -52.0625 -63.5 3.129320807286708 15 
0008 0001 2 1671007170518292 13.8125 -63.0 3.6876898140770815 15 
0008 0004 2 1671007170519239 22.75 -65.0 5.184855063053467 15 
0008 0009 2 1671007170523024 22.75 -69.0 1.5892040962495242 15 
0008 0000 2 1671007170526858 42.3125 -66.5 0.8160777791551611 15 
0008 0001 3 1671007170557668 0.0 -58.0 5.0682725231741586 15 
0008 0005 3 1671007170559769 -9.75 -58.0 0.9572040116406401 15 
0008 0007 3 1671007170561247 -68.3125 -61.5 3.3624858870453256 15 
0008 0014 3 1671007170562165 -45.5625 -64.5 0.4663301595172349 15 
0008 0015 3 1671007170563865 120.4375 -64.5 2.5402721847386216 15 
0008 0008 3 1671007170568275 -71.5625 -64.5 4.6448938257177215 15 
0008 0005 4 1671007170596723 3.25 -63.0 3.8410878928656453 15 
0008 0001 4 1671007170597941 -13.8125 -62.5 5.252350217720435 15 
0008 0000 4 1671007170598865 22.75 -68.0 4.6878452877785195 15 
0008 0014 4 1671007170600069 -42.3125 -66.5 0.7301748550335652 15 
0008 0015 4 1671007170602682 -22.75 -63.5 5.706408530934585 15 
0008 0011 4 1671007170606250 -9.75 -69.5 5.767767762450011 15 
0008 0007 4 1671007170610528 -48.8125 -62.5 3.773592738198677 15 
0008 0008 4 1671007170611418 -13.0 -67.5 1.6444274046134073 15 
0008 0009 5 1671007170639650 -81.375 -67.5 3.9638063558964967 15 
0008 0015 5 1671007170640830 -32.5 -68.5 6.000932842208628 15 
0008 0007 5 1671007170646866 0.0 -55.5 4.522175362686871 15 
0008 0005 5 1671007170652174 21.125 -68.5 0.8222137023067037 15 
0008 0000 6 1671007170687634 13.0 -70.0 1.2762720155208536 15 
0008 0015 6 1671007170692626 81.375 -65.5 1.2333205534600555 15 
0008 0011 6 1671007170698271 -45.5625 -70.0 4.074252972624263 15 
0008 0009 6 1671007170702681 58.5625 -70.0 3.6754179677739964 15 
0008 0007 7 1671007170735885 84.625 -69.0 0.06135923151542565 15 
0008 0015 7 1671007170737077 13.0 -68.0 0.5767767762450011 15 
0008 0004 7 1671007170738009 -21.125 -62.0 0.6135923151542565 15 
0008 0014 7 1671007170751534 79.75 -68.0 0.3988350048502667 15 
0008 0010 7 1671007170754158 -81.375 -69.0 0.32520392703175593 15 
0008 0004 8 1671007170784192 45.5625 -62.0 4.227651051412827 15 
0008 0010 8 1671007170788832 -22.75 -68.5 5.221670601962723 15 
0008 0004 1 1671007171008051 -3.25 -64.0 1.6444274046134073 15 
0008 0007 1 1671007171013328 -78.0625 -63.5 4.522175362686871 15 
0008 0001 1 1671007171017326 27.625 -64.5 0.4111068511533518 15 
0008 0015 1 1671007171018477 -65.0625 -62.5 0.1227184630308513 15 
0008 0004 2 1671007171047194 97.625 -64.5 5.086680292628786 15 
0008 0001 2 1671007171048285 -97.625 -62.5 3.693825737228624 15 
0008 0008 2 1671007171049220 58.5625 -64.0 2.804116880254952 15 
0008 0009 2 1671007171051747 -260.375 -69.0 2.423689644859313 15 
0008 0000 2 1671007171055487 65.0625 -67.0 0.7731263170943632 15 
0008 0007 3 1671007171075927 45.5625 -62.0 3.1661363461959633 15 
0008 0001 3 1671007171082426 0.0 -58.5 5.092816215780329 15 
0008 0014 3 1671007171083364 -45.5625 -65.0 0.4356505437595221 15 
0008 0015 3 1671007171084288 84.625 -64.5 2.5464081078901644 15 
0008 0005 3 1671007171086024 3.25 -58.0 0.9510680884890975 15 
0008 0008 3 1671007171088264 26.0 -64.0 4.473087977474529 15 
0008 0015 4 1671007171116931 -19.5 -63.0 5.66959299202533 15 
0008 0011 4 1671007171117893 -79.75 -69.0 5.632777453116074 15 
0008 0007 4 1671007171119312 -26.0 -62.5 3.80427235395639 15 
0008 0014 4 1671007171120232 -13.0 -67.5 0.6442719309119693 15 
0008 0001 4 1671007171122768 -10.5625 -63.0 5.270757987175063 15 
0008 0005 4 1671007171124681 -17.0625 -63.5 3.847223816017188 15 
0008 0000 4 1671007171126340 -3.25 -67.5 4.638757902566179 15 
0008 0008 4 1671007171134441 -6.5 -67.0 1.859184714917397 15 
0008 0009 4 1671007171143011 -71.5625 -74.0 1.7426021750380885 15 
0008 0015 5 1671007171170445 19.5 -67.0 5.798447378207723 15 
0008 0007 5 1671007171172330 -19.5 -56.0 4.534447208989955 15 
0008 0009 5 1671007171174924 -55.3125 -66.5 3.877903431774901 15 
0008 0008 5 1671007171178948 -9.75 -72.0 1.0921943209745766 15 
0008 0000 6 1671007171208022 65.0625 -71.0 1.3314953238847365 15 
0008 0015 6 1671007171208959 9.75 -65.5 1.3008157081270237 15 
0008 0009 6 1671007171210163 -87.875 -70.0 3.9085830475326135 15 
0008 0011 6 1671007171224929 -76.4375 -70.0 4.166291819897402 15 
0008 0014 7 1671007171259166 -149.6875 -67.0 0.6381360077604268 15 
0008 0010 7 1671007171266442 -39.0 -70.0 0.30679615757712825 15 
0008 0007 7 1671007171267835 -71.5625 -68.0 0.42337869745643697 15 
0008 0004 7 1671007171269546 13.0 -61.5 0.5460971604872883 15 
0008 0015 7 1671007171270868 32.5 -69.5 0.6688156235181395 15 
0008 0004 8 1671007171303154 -29.25 -62.0 4.301282129231338 15 
0008 0010 8 1671007171312036 32.5 -68.5 5.190990986205009 15 
