0008 0004 1 1671007277386982 29.25 -68.5 4.859651136021712 15 
0008 0015 1 1671007277388246 3.25 -64.5 0.36815538909255385 15 
0008 0008 1 1671007277389746 42.3125 -67.5 1.2087768608538851 15 
0008 0006 1 1671007277391455 -76.4375 -71.0 2.380738182798515 15 
0008 0011 1 1671007277394477 -24.375 -60.0 4.8351074434155406 15 
0008 0005 1 1671007277396830 -114.6875 -67.0 4.522175362686871 15 
0008 0014 1 1671007277397776 -73.1875 -66.5 4.577398671050753 15 
0008 0009 1 1671007277400861 32.5 -65.5 6.264777537724958 15 
0008 0010 1 1671007277401827 -26.0 -59.0 3.767456815047135 15 
0008 0001 1 1671007277404365 -52.0625 -67.0 1.8960002538266525 15 
0008 0010 2 1671007277447834 45.5625 -67.0 1.4787574795217582 15 
0008 0008 2 1671007277450037 -136.6875 -67.0 3.5036121195308043 15 
0008 0009 2 1671007277452956 3.25 -58.5 6.252505691421874 15 
0008 0004 2 1671007277454826 -65.0625 -64.0 4.970097752749477 15 
0008 0004 3 1671007277489412 -48.8125 -64.0 0.1718058482431918 15 
0008 0009 3 1671007277491063 0.0 -65.0 2.116893487282185 15 
0008 0008 3 1671007277492470 -16.25 -64.0 5.5284667595398505 15 
0008 0007 3 1671007277493946 -39.0 -64.0 5.976389149602458 15 
0008 0010 3 1671007277494851 6.5 -62.0 3.8840393549264434 15 
0008 0014 3 1671007277495786 -38.1875 -65.0 2.2518837966161214 15 
0008 0001 3 1671007277496704 -21.125 -67.0 4.516039439535327 15 
0008 0011 3 1671007277497623 139.125 -64.0 1.7916895602504288 15 
0008 0005 3 1671007277498556 -107.375 -67.5 0.30679615757712825 15 
0008 0015 3 1671007277502257 -6.5 -64.5 4.577398671050753 15 
0008 0000 4 1671007277526161 29.25 -71.0 4.595806440505381 15 
0008 0007 4 1671007277527411 22.75 -61.5 4.3503695144436785 15 
0008 0008 4 1671007277529451 32.5 -61.0 0.8283496254582462 15 
0008 0006 4 1671007277530396 17.0625 -73.0 1.1290098598838318 15 
0008 0005 4 1671007277533502 27.625 -62.0 4.135612204139688 15 
0008 0009 4 1671007277534478 -16.25 -57.0 3.2459033471660166 15 
0008 0011 4 1671007277537050 -30.875 -60.5 4.632621979414636 15 
0008 0004 4 1671007277537979 3.25 -57.5 2.773437264497239 15 
0008 0015 4 1671007277539445 32.5 -59.5 1.043106935762236 15 
0008 0010 4 1671007277541982 3.25 -69.5 2.804116880254952 15 
0008 0014 4 1671007277543665 42.3125 -64.5 1.3621749396424494 15 
0008 0001 4 1671007277544697 -30.875 -60.0 5.184855063053467 15 
0008 0007 5 1671007277568445 -16.25 -55.5 3.3624858870453256 15 
0008 0015 5 1671007277570149 9.75 -61.5 0.4479223900626072 15 
0008 0011 5 1671007277571577 -45.5625 -62.5 4.92714629068868 15 
0008 0010 5 1671007277579798 74.8125 -66.5 3.877903431774901 15 
0008 0009 5 1671007277580957 -22.75 -65.0 2.8838838812250054 15 
0008 0005 5 1671007277586111 71.5625 -63.0 5.780039608753096 15 
0008 0015 6 1671007277620435 32.5 -62.0 5.915029918087033 15 
0008 0011 6 1671007277621894 -69.125 -71.5 3.3072625786814425 15 
0008 0005 6 1671007277627036 42.3125 -63.5 5.062136600022616 15 
0008 0001 6 1671007277628903 21.125 -59.0 1.1780972450961724 15 
0008 0007 6 1671007277630098 -39.0 -62.5 3.9208548938356986 15 
0008 0009 6 1671007277634648 32.5 -62.0 1.5585244804918115 15 
0008 0004 6 1671007277636404 -16.25 -67.0 5.252350217720435 15 
0008 0011 7 1671007277667700 -10.5625 -69.0 5.829126993965437 15 
0008 0010 7 1671007277670847 87.875 -68.0 0.47860200582032003 15 
0008 0004 7 1671007277673948 -24.375 -62.0 2.5341362615870793 15 
0008 0001 7 1671007277675389 19.5 -67.0 4.767612288748572 15 
0008 0006 7 1671007277676376 -10.5625 -62.5 0.2945243112740431 15 
0008 0014 7 1671007277680610 -113.875 -65.0 0.14726215563702155 15 
0008 0011 8 1671007277705889 -45.5625 -65.5 3.3870295796514958 15 
0008 0004 8 1671007277706820 -17.0625 -59.0 2.742757648739526 15 
0008 0015 8 1671007277709118 -61.8125 -71.5 2.816388726558037 15 
0008 0010 8 1671007277718475 198.5625 -67.5 6.209554229361076 15 
0008 0014 8 1671007277722673 -41.5 -68.0 2.030990563160589 15 
0008 0009 8 1671007277726909 45.5625 -70.5 0.3374757733348411 15 
0008 0004 1 1671007277935940 -9.75 -68.0 5.141903600992669 15 
0008 0009 1 1671007277937132 -139.9375 -65.5 0.28225246497095796 15 
0008 0006 1 1671007277939427 -201.8125 -70.0 2.4911847995262812 15 
0008 0015 1 1671007277940632 58.5625 -64.0 0.380427235395639 15 
0008 0010 1 1671007277941864 13.0 -59.0 3.7551849687440497 15 
0008 0011 1 1671007277944278 -21.125 -60.0 4.859651136021712 15 
0008 0008 1 1671007277945483 -13.0 -66.5 1.3499030933393643 15 
0008 0014 1 1671007277947385 32.5 -67.0 4.405592822807561 15 
0008 0001 1 1671007277951077 -41.5 -67.5 1.8530487917658545 15 
0008 0005 1 1671007277951982 79.75 -67.0 4.313553975534423 15 
0008 0004 2 1671007277976731 -146.4375 -64.5 4.957825906446392 15 
0008 0006 2 1671007277981563 -38.1875 -74.0 6.12365130523948 15 
0008 0009 2 1671007277982764 9.75 -59.0 6.252505691421874 15 
0008 0010 2 1671007277984225 68.3125 -66.0 1.5707963267948966 15 
0008 0008 2 1671007277986858 -97.625 -69.0 3.6815538909255388 15 
0008 0009 3 1671007278019920 3.25 -65.0 2.067806102069844 15 
0008 0005 3 1671007278020928 -41.5 -66.5 0.2761165418194154 15 
0008 0004 3 1671007278023332 -3.25 -65.0 0.15339807878856412 15 
0008 0011 3 1671007278024956 -41.5 -64.5 2.0493983326152168 15 
0008 0010 3 1671007278026175 -6.5 -62.0 3.9269908169872414 15 
0008 0008 3 1671007278027155 -74.8125 -64.0 5.7616318392984684 15 
0008 0001 3 1671007278028653 -17.0625 -65.5 4.411728745959104 15 
0008 0014 3 1671007278029616 -45.5625 -65.0 2.2334760271614935 15 
0008 0007 3 1671007278031247 84.625 -64.0 5.957981380147831 15 
0008 0015 3 1671007278035390 52.0625 -66.0 4.466952054322987 15 
0008 0007 4 1671007278065912 -9.75 -61.0 4.399456899656019 15 
0008 0014 4 1671007278068381 7.3125 -64.5 1.4051264017032472 15 
0008 0009 4 1671007278069766 0.0 -56.5 3.2336315008629315 15 
0008 0005 4 1671007278070690 27.625 -61.5 4.135612204139688 15 
0008 0008 4 1671007278071594 -6.5 -60.5 0.9203884727313847 15 
0008 0001 4 1671007278074015 -34.9375 -59.5 5.1725832167503825 15 
0008 0004 4 1671007278077738 22.75 -57.5 2.761165418194154 15 
0008 0011 4 1671007278079650 -21.125 -60.5 4.626486056263094 15 
0008 0015 4 1671007278080616 16.25 -59.5 1.0492428589137786 15 
0008 0010 4 1671007278084191 -9.75 -68.5 2.9513790358919736 15 
0008 0000 4 1671007278085159 39.0 -70.5 4.608078286808466 15 
0008 0006 4 1671007278093300 38.1875 -72.5 1.2210487071569704 15 
0008 0011 5 1671007278119091 -41.5 -63.0 4.865787059173254 15 
0008 0007 5 1671007278130433 -3.25 -55.5 3.3318062712876126 15 
0008 0015 5 1671007278131772 -16.25 -61.5 0.46019423636569234 15 
0008 0005 5 1671007278132961 55.3125 -63.0 5.798447378207723 15 
0008 0009 5 1671007278134389 22.75 -65.5 2.718213956133356 15 
0008 0010 5 1671007278137966 -78.0625 -67.5 4.2092432819582 15 
0008 0015 6 1671007278167775 39.0 -62.0 5.872078456026235 15 
0008 0011 6 1671007278168735 45.5625 -71.5 3.1231848841351653 15 
0008 0005 6 1671007278171140 -13.8125 -63.5 5.098952138931871 15 
0008 0004 6 1671007278172299 -3.25 -67.0 5.178719139901925 15 
0008 0009 6 1671007278173277 22.75 -62.5 1.564660403643354 15 
0008 0001 6 1671007278174480 24.375 -59.0 1.1658253987930873 15 
0008 0007 6 1671007278181447 -65.0625 -63.0 3.9760782021995817 15 
0008 0001 7 1671007278216498 38.1875 -68.0 4.718524903536232 15 
0008 0011 7 1671007278219131 -9.75 -67.5 5.835262917116979 15 
0008 0004 7 1671007278223046 -24.375 -62.0 2.509592568980909 15 
0008 0006 7 1671007278226499 -24.375 -62.5 0.3313398501832985 15 
0008 0014 7 1671007278231080 -87.0625 -65.5 0.1043106935762236 15 
0008 0010 7 1671007278234303 -58.5625 -69.0 0.6320000846088841 15 
0008 0009 8 1671007278267270 26.0 -70.5 0.3374757733348411 15 
0008 0014 8 1671007278270569 55.3125 -68.0 1.9144080232812801 15 
0008 0010 8 1671007278273135 39.0 -67.5 0.22089323345553233 15 
0008 0011 8 1671007278275982 -48.8125 -65.5 3.356349963893783 15 
0008 0004 8 1671007278279106 3.25 -59.5 2.6875343403756435 15 
0008 0005 1 1671007278506130 -30.875 -66.5 4.491495746929157 15 
0008 0014 1 1671007278507133 17.0625 -67.0 4.3933209765044765 15 
0008 0011 1 1671007278509392 0.0 -60.5 4.7860200582032 15 
0008 0010 1 1671007278510361 55.3125 -58.5 3.6876898140770815 15 
0008 0004 1 1671007278513732 48.8125 -68.0 4.908738521234052 15 
0008 0006 1 1671007278514890 17.0625 -70.5 2.1353012567368124 15 
0008 0015 1 1671007278517274 3.25 -64.5 0.4172427743048944 15 
0008 0009 1 1671007278518265 -22.75 -67.0 0.12885438618239387 15 
0008 0008 1 1671007278523478 198.5625 -67.0 1.0615147052168636 15 
0008 0001 1 1671007278524678 7.3125 -68.5 1.6873788666742053 15 
0008 0009 2 1671007278556457 71.5625 -59.0 6.050020227420969 15 
0008 0010 2 1671007278558755 42.3125 -66.5 1.607611865704152 15 
0008 0004 2 1671007278560310 -32.5 -64.5 4.878058905476339 15 
0008 0008 2 1671007278563333 -6.5 -69.0 3.393165502803038 15 
0008 0009 3 1671007278586144 -125.3125 -65.0 2.227340104009951 15 
0008 0004 3 1671007278587397 0.0 -64.0 0.12885438618239387 15 
0008 0014 3 1671007278589983 -107.375 -65.5 2.270291566070749 15 
0008 0010 3 1671007278591582 -19.5 -62.0 4.0128937411088375 15 
0008 0005 3 1671007278593053 65.875 -67.5 0.07363107781851078 15 
0008 0007 3 1671007278594273 65.0625 -64.5 5.902758071783947 15 
0008 0015 3 1671007278595239 6.5 -65.0 4.540583132141498 15 
0008 0011 3 1671007278597402 59.375 -64.0 1.8714565612204823 15 
0008 0001 3 1671007278599332 -61.8125 -65.5 4.706253057233147 15 
0008 0008 3 1671007278602379 48.8125 -64.5 5.620505606812989 15 
0008 0008 4 1671007278637198 19.5 -60.5 0.9019807032767571 15 
0008 0014 4 1671007278638527 22.75 -65.0 1.3192234775816514 15 
0008 0009 4 1671007278641616 -7.3125 -57.0 3.2029518851052186 15 
0008 0015 4 1671007278643572 6.5 -59.5 1.1044661672776617 15 
0008 0007 4 1671007278644495 -13.0 -61.0 4.313553975534423 15 
0008 0011 4 1671007278645399 -45.5625 -60.5 4.6448938257177215 15 
0008 0004 4 1671007278647761 17.0625 -58.0 2.82252464970958 15 
0008 0010 4 1671007278649436 -126.9375 -69.0 3.6692820446224537 15 
0008 0006 4 1671007278652474 -79.75 -72.0 1.337631247036279 15 
0008 0001 4 1671007278653902 24.375 -60.0 5.338253141842031 15 
0008 0005 4 1671007278655302 -69.125 -62.0 4.276738436625168 15 
0008 0000 4 1671007278657752 71.5625 -71.0 4.675573441475434 15 
0008 0007 5 1671007278686001 -16.25 -55.5 3.32567034813607 15 
0008 0009 5 1671007278688595 -93.5625 -65.0 2.945243112740431 15 
0008 0015 5 1671007278690044 29.25 -61.5 0.44178646691106466 15 
0008 0010 5 1671007278692425 91.125 -67.5 3.785864584501762 15 
0008 0011 5 1671007278695778 3.25 -62.0 4.822835597112456 15 
0008 0005 5 1671007278698425 -59.375 -62.0 6.031612457966341 15 
0008 0005 6 1671007278735944 -48.8125 -62.5 5.105088062083414 15 
0008 0001 6 1671007278738860 6.5 -59.0 1.2701360923693108 15 
0008 0011 6 1671007278743880 -125.3125 -71.5 3.4177091954092087 15 
0008 0004 6 1671007278746015 6.5 -67.0 5.184855063053467 15 
0008 0007 6 1671007278748858 -3.25 -62.5 3.761320891895592 15 
0008 0009 6 1671007278756014 22.75 -62.0 1.5585244804918115 15 
0008 0015 6 1671007278759463 -9.75 -62.0 5.988660995905543 15 
0008 0006 7 1671007278786574 100.875 -62.0 0.19634954084936207 15 
0008 0010 7 1671007278793042 0.0 -68.5 0.6258641614573416 15 
0008 0014 7 1671007278798718 -29.25 -64.5 0.02454369260617026 15 
0008 0011 7 1671007278799649 38.1875 -68.5 5.755495916146925 15 
0008 0004 7 1671007278802776 30.875 -62.5 2.2886993355253766 15 
0008 0001 7 1671007278807498 3.25 -69.5 4.657165672020807 15 
0008 0010 8 1671007278850736 39.0 -67.5 0.6565437772150544 15 
0008 0004 8 1671007278852236 34.9375 -59.0 2.5954954931025047 15 
0008 0011 8 1671007278854163 -131.8125 -66.0 3.313398501832985 15 
0008 0014 8 1671007278866222 3.25 -68.5 1.9819031779482483 15 
0008 0014 1 1671007279088091 -6.5 -66.5 4.491495746929157 15 
0008 0009 1 1671007279089992 -42.3125 -65.5 0.09817477042468103 15 
0008 0015 1 1671007279090944 39.0 -64.5 0.28838838812250056 15 
0008 0010 1 1671007279092860 -22.75 -58.5 3.7551849687440497 15 
0008 0004 1 1671007279094522 0.0 -68.0 5.0682725231741586 15 
0008 0006 1 1671007279096391 -111.4375 -70.0 2.1659808724945253 15 
0008 0011 1 1671007279101775 -30.875 -60.5 4.902602598082509 15 
0008 0001 1 1671007279104373 145.625 -69.0 1.902136176978195 15 
0008 0005 1 1671007279107172 -55.3125 -67.0 4.3503695144436785 15 
0008 0008 1 1671007279108717 -13.0 -68.0 1.4664856332186729 15 
0008 0004 2 1671007279136948 -126.9375 -63.0 5.062136600022616 15 
0008 0010 2 1671007279138986 61.8125 -66.5 1.2885438618239387 15 
0008 0009 2 1671007279141738 -22.75 -59.0 6.19728238305799 15 
0008 0008 2 1671007279146377 -13.0 -69.0 3.448388811166921 15 
0008 0011 3 1671007279178467 83.0 -65.5 1.7978254834019713 15 
0008 0010 3 1671007279179653 -26.0 -61.0 4.074252972624263 15 
0008 0004 3 1671007279180870 29.25 -65.0 0.20248546400090464 15 
0008 0015 3 1671007279182776 -81.375 -64.5 4.638757902566179 15 
0008 0009 3 1671007279183994 -59.375 -65.0 2.2334760271614935 15 
0008 0001 3 1671007279185708 87.0625 -65.0 5.105088062083414 15 
0008 0014 3 1671007279187949 -94.375 -66.0 2.3439226438892597 15 
0008 0007 3 1671007279188889 -61.8125 -64.5 6.12365130523948 15 
0008 0005 3 1671007279191014 39.0 -67.5 0.2454369260617026 15 
0008 0008 3 1671007279193322 -9.75 -66.0 6.0991076126333095 15 
0008 0010 4 1671007279216204 -143.1875 -67.5 3.4606606574700063 15 
0008 0014 4 1671007279217164 35.75 -65.5 1.3314953238847365 15 
0008 0001 4 1671007279218153 -21.125 -58.0 6.22182607566416 15 
0008 0008 4 1671007279220560 9.75 -61.0 1.2087768608538851 15 
0008 0009 4 1671007279225123 6.5 -56.5 3.3747577333484107 15 
0008 0015 4 1671007279226071 0.0 -59.5 1.1780972450961724 15 
0008 0004 4 1671007279229229 -3.25 -59.5 3.184544115650591 15 
0008 0000 4 1671007279230863 -130.1875 -71.0 5.45483568172134 15 
0008 0007 4 1671007279232068 -9.75 -61.0 4.577398671050753 15 
0008 0006 4 1671007279233509 27.625 -72.0 1.1106020904292042 15 
0008 0011 4 1671007279234808 3.25 -60.5 4.6448938257177215 15 
0008 0005 4 1671007279236860 -10.5625 -62.5 4.657165672020807 15 
0008 0009 5 1671007279267601 -6.5 -65.5 2.3746022596469727 15 
0008 0007 5 1671007279270695 -32.5 -56.0 3.399301425954581 15 
0008 0010 5 1671007279271618 -74.8125 -70.5 4.356505437595221 15 
0008 0011 5 1671007279275811 -45.5625 -62.5 4.76147636559703 15 
0008 0005 5 1671007279289723 -13.8125 -62.0 5.71868037723767 15 
0008 0015 5 1671007279295467 29.25 -61.0 0.5645049299419159 15 
0008 0015 6 1671007279324708 6.5 -63.0 5.706408530934585 15 
0008 0005 6 1671007279328267 -17.0625 -63.5 4.442408361716817 15 
0008 0001 6 1671007279329299 7.3125 -64.0 0.15339807878856412 15 
0008 0011 6 1671007279330501 34.9375 -67.0 2.313243028131547 15 
0008 0007 6 1671007279333858 -16.25 -61.5 3.693825737228624 15 
0008 0004 6 1671007279335161 21.125 -68.5 4.387185053352934 15 
0008 0009 6 1671007279336363 16.25 -68.0 1.1167380135807468 15 
0008 0006 7 1671007279361844 -7.3125 -63.0 5.835262917116979 15 
0008 0004 7 1671007279367442 3.25 -63.5 1.380582709097077 15 
0008 0014 7 1671007279368661 13.8125 -65.0 0.07363107781851078 15 
0008 0011 7 1671007279370567 -7.3125 -70.0 5.534602682691394 15 
0008 0010 7 1671007279380185 42.3125 -69.0 0.8099418560036186 15 
0008 0004 8 1671007279406322 16.25 -59.0 2.141437179888355 15 
0008 0015 8 1671007279408535 -19.5 -65.5 2.1230294104337273 15 
0008 0010 8 1671007279421078 39.0 -65.0 5.6573211457222445 15 
0008 0006 8 1671007279424586 -315.6875 -73.0 3.356349963893783 15 
0008 0011 8 1671007279427004 13.8125 -66.5 2.8286605728611223 15 
0008 0001 1 1671007279647173 -52.0625 -69.5 1.9266798695843652 15 
0008 0006 1 1671007279651075 -125.3125 -70.0 4.06811704947272 15 
0008 0005 1 1671007279652247 -45.5625 -68.5 0.28838838812250056 15 
0008 0011 1 1671007279653180 -111.4375 -65.5 4.859651136021712 15 
0008 0004 1 1671007279654065 -7.3125 -62.5 1.030835089459151 15 
0008 0010 1 1671007279656621 -29.25 -60.5 3.1231848841351653 15 
0008 0014 1 1671007279658872 -48.8125 -67.0 4.681709364626977 15 
0008 0015 1 1671007279659782 -113.875 -66.0 0.04295146206079795 15 
0008 0009 1 1671007279663132 55.3125 -66.0 1.4296700943094176 15 
0008 0008 1 1671007279664590 -22.75 -64.0 3.5956509668039427 15 
0008 0004 2 1671007279696196 0.0 -60.5 3.429981041712294 15 
0008 0001 2 1671007279698791 100.875 -67.0 4.97623367590102 15 
0008 0005 2 1671007279707862 -97.625 -65.0 3.6754179677739964 15 
0008 0009 2 1671007279709035 -45.5625 -61.5 0.30679615757712825 15 
0008 0006 2 1671007279716113 -3.25 -69.0 3.877903431774901 15 
0008 0009 3 1671007279736259 68.3125 -67.0 3.06182565261974 15 
0008 0001 3 1671007279739487 7.3125 -67.0 0.7179030087304801 15 
0008 0008 3 1671007279741371 9.75 -64.0 2.60776733940559 15 
0008 0015 3 1671007279743797 29.25 -65.0 5.252350217720435 15 
0008 0010 3 1671007279745511 78.0625 -69.0 5.522330836388308 15 
0008 0007 3 1671007279746507 -166.0 -68.0 1.8346410223112268 15 
0008 0005 3 1671007279748133 -27.625 -63.0 4.595806440505381 15 
0008 0011 3 1671007279749478 100.875 -68.5 3.2397674240144743 15 
0008 0000 3 1671007279750457 -6.5 -70.5 4.638757902566179 15 
0008 0014 3 1671007279753048 30.875 -64.5 2.3623304133438876 15 
0008 0015 4 1671007279779793 9.75 -62.5 0.9142525495798421 15 
0008 0011 4 1671007279781250 -34.9375 -60.0 5.829126993965437 15 
0008 0007 4 1671007279782168 0.0 -59.5 0.9817477042468103 15 
0008 0005 4 1671007279785576 7.3125 -65.0 3.3195344249845276 15 
0008 0004 4 1671007279786723 -38.1875 -61.0 3.3870295796514958 15 
0008 0009 4 1671007279788917 -19.5 -63.0 4.97623367590102 15 
0008 0001 4 1671007279792836 3.25 -60.5 1.4358060174609601 15 
0008 0003 4 1671007279794344 35.75 -72.0 5.4671075280244255 15 
0008 0008 4 1671007279795691 -16.25 -64.5 5.651185222570702 15 
0008 0014 4 1671007279797989 42.3125 -62.5 1.8653206380689396 15 
0008 0000 5 1671007279831970 -107.375 -70.5 4.0128937411088375 15 
0008 0008 5 1671007279834550 -48.8125 -69.5 1.4910293258248433 15 
0008 0007 5 1671007279837711 29.25 -63.5 2.736621725587984 15 
0008 0015 5 1671007279838778 29.25 -65.5 0.44178646691106466 15 
0008 0005 5 1671007279841487 32.5 -65.5 6.240233845118788 15 
0008 0015 6 1671007279876588 39.0 -61.5 6.031612457966341 15 
0008 0001 6 1671007279886621 100.875 -65.0 0.4479223900626072 15 
0008 0006 7 1671007279916264 10.5625 -66.0 1.0492428589137786 15 
0008 0004 7 1671007279919438 27.625 -55.0 2.6323110320117604 15 
0008 0007 7 1671007279922067 -58.5625 -66.0 2.724349879284899 15 
0008 0010 7 1671007279930231 55.3125 -67.5 6.277049384028044 15 
0008 0014 7 1671007279932831 -100.875 -64.5 5.516194913236766 15 
0008 0014 8 1671007279958678 29.25 -66.5 1.043106935762236 15 
0008 0015 8 1671007279960580 48.8125 -68.0 2.018718716857504 15 
0008 0004 8 1671007279962688 -16.25 -56.5 5.626641529964532 15 
0008 0010 8 1671007279967411 -94.375 -65.5 5.424156065963627 15 
0008 0015 1 1671007280186496 29.25 -66.0 0.18407769454627693 15 
0008 0004 1 1671007280187501 107.375 -67.0 1.7732817907958012 15 
0008 0007 1 1671007280195044 -13.0 -68.5 3.933126740138784 15 
0008 0008 1 1671007280198842 45.5625 -69.5 0.11658253987930872 15 
0008 0006 1 1671007280199802 121.25 -69.0 2.012582793705961 15 
0008 0008 2 1671007280229161 -52.0625 -64.5 3.3870295796514958 15 
0008 0001 2 1671007280237029 -27.625 -67.0 3.6999616603801666 15 
0008 0000 2 1671007280241964 -305.9375 -70.0 1.9144080232812801 15 
0008 0005 3 1671007280266226 -10.5625 -58.0 2.9513790358919736 15 
0008 0007 3 1671007280269990 -35.75 -58.5 4.184699589352029 15 
0008 0014 3 1671007280273902 7.3125 -67.0 3.0372819600135696 15 
0008 0001 3 1671007280276012 21.125 -62.5 5.043728830567988 15 
0008 0015 3 1671007280277817 -26.0 -66.0 5.71868037723767 15 
0008 0006 3 1671007280282266 114.6875 -71.0 5.148039524144211 15 
0008 0007 4 1671007280308824 -3.25 -63.5 4.571262747899211 15 
0008 0001 4 1671007280312721 -32.5 -62.5 5.325981295538946 15 
0008 0008 4 1671007280313639 19.5 -65.0 2.423689644859313 15 
0008 0015 4 1671007280314621 19.5 -61.5 1.2640001692177683 15 
0008 0006 4 1671007280317352 79.75 -70.5 2.399145952253143 15 
0008 0011 4 1671007280319832 104.125 -69.0 0.14726215563702155 15 
0008 0014 4 1671007280324174 9.75 -65.0 2.779573187648782 15 
0008 0000 4 1671007280325156 104.125 -70.5 0.521553467881118 15 
0008 0005 4 1671007280326852 -19.5 -60.0 5.190990986205009 15 
0008 0015 5 1671007280362841 -13.0 -65.5 5.688000761479957 15 
0008 0007 5 1671007280366271 -9.75 -54.0 3.2581751934691017 15 
0008 0011 5 1671007280373649 41.5 -68.0 4.344233591292136 15 
0008 0005 6 1671007280399174 19.5 -58.5 1.1719613219446299 15 
0008 0001 6 1671007280406375 24.375 -65.0 5.368932757599744 15 
0008 0011 6 1671007280408243 -114.6875 -71.5 3.8717675086233583 15 
0008 0015 6 1671007280409959 -52.0625 -60.5 6.105243535784852 15 
0008 0006 7 1671007280442554 -111.4375 -68.5 4.675573441475434 15 
0008 0014 7 1671007280448490 -55.3125 -67.0 5.356660911296659 15 
0008 0007 7 1671007280449848 65.0625 -68.0 3.6999616603801666 15 
0008 0004 7 1671007280453695 133.4375 -71.5 5.043728830567988 15 
0008 0014 8 1671007280486740 48.8125 -69.5 0.859029241215959 15 
0008 0010 8 1671007280497529 123.6875 -71.5 4.0128937411088375 15 
0008 0015 8 1671007280501825 26.0 -69.5 2.0371264863121317 15 
0008 0004 8 1671007280507440 -100.875 -71.0 1.533980787885641 15 
0008 0006 1 1671007280727085 24.375 -67.5 2.12916533358527 15 
0008 0015 1 1671007280729073 29.25 -68.5 0.7240389318820226 15 
0008 0007 1 1671007280732478 -48.8125 -67.5 4.246058820867455 15 
0008 0004 1 1671007280739200 81.375 -70.0 2.024854640009046 15 
0008 0008 2 1671007280770692 -104.125 -67.0 3.423845118560751 15 
0008 0001 3 1671007280806825 6.5 -65.0 4.23378697456437 15 
0008 0015 3 1671007280807767 -104.125 -66.0 5.835262917116979 15 
0008 0007 3 1671007280811050 3.25 -59.0 3.933126740138784 15 
0008 0014 3 1671007280814388 -41.5 -67.0 3.3072625786814425 15 
0008 0005 3 1671007280815334 13.8125 -58.5 2.9697868053466014 15 
0008 0006 3 1671007280835889 -93.5625 -71.0 5.737088146692298 15 
0008 0007 4 1671007280856920 -26.0 -66.5 4.23378697456437 15 
0008 0001 4 1671007280858508 -34.9375 -64.5 4.902602598082509 15 
0008 0015 4 1671007280859757 19.5 -61.5 1.3314953238847365 15 
0008 0000 4 1671007280862848 -143.1875 -71.5 0.6504078540635119 15 
0008 0005 4 1671007280865042 -22.75 -60.5 5.356660911296659 15 
0008 0014 4 1671007280867215 52.0625 -66.0 2.564815877344792 15 
0008 0008 4 1671007280868175 3.25 -65.5 2.3009711818284617 15 
0008 0006 4 1671007280869464 -34.9375 -72.0 2.1537090261914402 15 
0008 0011 4 1671007280870382 -38.1875 -68.0 0.42337869745643697 15 
0008 0004 4 1671007280872608 -30.875 -76.0 6.14819499784565 15 
0008 0007 5 1671007280896943 -19.5 -54.0 3.7429131224409646 15 
0008 0015 5 1671007280907702 -3.25 -66.0 5.730952223540755 15 
0008 0011 5 1671007280910070 -162.75 -67.0 4.657165672020807 15 
0008 0015 6 1671007280939697 6.5 -61.0 5.957981380147831 15 
0008 0001 6 1671007280941822 -69.125 -66.0 5.491651220630596 15 
0008 0005 6 1671007280947862 7.3125 -58.5 1.4726215563702154 15 
0008 0011 6 1671007280957680 -34.9375 -70.0 3.6386024288647407 15 
0008 0014 7 1671007280987573 135.0625 -66.0 5.197126909356553 15 
0008 0004 7 1671007280995163 -13.8125 -68.5 5.497787143782138 15 
0008 0006 7 1671007281003595 -104.125 -70.0 4.583534594202296 15 
0008 0015 8 1671007281041078 65.0625 -69.0 1.9696313316451632 15 
0008 0014 8 1671007281042124 65.875 -68.0 0.9572040116406401 15 
0008 0010 8 1671007281047511 -185.5 -71.5 4.583534594202296 15 
0008 0004 8 1671007281052150 -26.0 -69.5 1.5953400194010667 15 
0008 0015 1 1671007281268813 32.5 -68.0 0.8958447801252144 15 
0008 0004 1 1671007281272137 -55.3125 -69.5 2.2518837966161214 15 
0008 0006 1 1671007281276325 76.4375 -67.0 1.9941750242513334 15 
0008 0007 1 1671007281279401 -13.0 -67.5 4.276738436625168 15 
0008 0008 2 1671007281310002 -221.3125 -67.0 3.767456815047135 15 
0008 0015 3 1671007281347421 29.25 -65.0 5.638913376267617 15 
0008 0007 3 1671007281348328 6.5 -58.0 4.037437433715008 15 
0008 0005 3 1671007281349530 -7.3125 -58.5 2.9820586516496865 15 
0008 0014 3 1671007281352172 100.875 -66.5 3.153864499892878 15 
0008 0001 3 1671007281353135 42.3125 -66.0 4.06811704947272 15 
0008 0006 3 1671007281363819 -291.3125 -70.5 5.522330836388308 15 
0008 0014 4 1671007281386879 -9.75 -66.0 2.675262494072558 15 
0008 0000 4 1671007281388466 9.75 -71.0 0.4970097752749477 15 
0008 0007 4 1671007281392256 -52.0625 -65.5 4.264466590322082 15 
0008 0005 4 1671007281393413 21.125 -60.5 5.264622064023521 15 
0008 0001 4 1671007281395524 -34.9375 -65.0 4.755340442445488 15 
0008 0008 4 1671007281398880 -29.25 -64.5 2.043262409463674 15 
0008 0015 4 1671007281399832 39.0 -61.0 1.2762720155208536 15 
0008 0006 4 1671007281401029 -13.8125 -71.5 2.0923497946760143 15 
0008 0011 4 1671007281402103 -17.0625 -67.5 0.32520392703175593 15 
0008 0011 5 1671007281437481 -30.875 -67.5 4.460816131171445 15 
0008 0015 5 1671007281443401 39.0 -65.0 5.675728915176872 15 
0008 0007 5 1671007281445282 3.25 -54.0 3.6754179677739964 15 
0008 0005 6 1671007281485941 -3.25 -58.5 1.4664856332186729 15 
0008 0001 6 1671007281490915 -38.1875 -66.0 5.436427912266712 15 
0008 0015 6 1671007281494713 -16.25 -61.0 5.988660995905543 15 
0008 0011 6 1671007281498848 -173.3125 -71.0 3.8288160465625602 15 
0008 0006 6 1671007281506023 -367.8125 -73.5 2.423689644859313 15 
0008 0004 7 1671007281528208 -48.8125 -69.5 5.516194913236766 15 
0008 0006 7 1671007281531726 -159.5 -70.5 4.988505522204105 15 
0008 0014 7 1671007281533891 -65.0625 -67.0 5.399612373357457 15 
0008 0015 8 1671007281580196 13.0 -69.5 2.184388641949153 15 
0008 0014 8 1671007281591279 139.125 -69.0 0.944932165337555 15 
0008 0010 8 1671007281594814 -123.6875 -71.0 4.583534594202296 15 
0008 0004 8 1671007281595999 9.75 -69.5 1.705786636128833 15 
0008 0004 1 1671007281807804 218.0625 -69.5 1.7303303287350031 15 
0008 0007 1 1671007281817357 -26.0 -67.5 4.387185053352934 15 
0008 0006 1 1671007281818429 -13.8125 -67.5 2.1966604882522383 15 
0008 0015 1 1671007281819650 45.5625 -68.0 0.7915340865489908 15 
0008 0008 2 1671007281845864 55.3125 -67.0 3.3072625786814425 15 
0008 0000 2 1671007281859225 -266.875 -71.0 1.9941750242513334 15 
0008 0001 3 1671007281887512 -30.875 -65.0 4.1601558967458585 15 
0008 0006 3 1671007281888446 166.8125 -72.0 5.270757987175063 15 
0008 0007 3 1671007281890647 -45.5625 -59.0 4.086524818927348 15 
0008 0005 3 1671007281893547 38.1875 -58.5 2.9084275738311756 15 
0008 0014 3 1671007281895830 -104.125 -66.5 3.5342917352885173 15 
0008 0015 3 1671007281899049 -65.0625 -65.5 5.638913376267617 15 
0008 0014 4 1671007281945955 55.3125 -67.0 2.60776733940559 15 
0008 0015 4 1671007281949957 -9.75 -61.0 1.3867186322486196 15 
0008 0004 4 1671007281950893 -149.6875 -75.0 0.521553467881118 15 
0008 0005 4 1671007281951853 -21.125 -60.0 5.295301679781233 15 
0008 0001 4 1671007281953697 -30.875 -65.0 4.749204519293945 15 
0008 0011 4 1671007281955138 -48.8125 -67.5 0.3190680038802134 15 
0008 0008 4 1671007281959233 16.25 -64.5 2.024854640009046 15 
0008 0007 4 1671007281960186 -22.75 -66.0 4.289010282928253 15 
0008 0000 4 1671007281961636 68.3125 -71.5 0.6810874698212247 15 
0008 0006 4 1671007281962696 52.0625 -72.5 2.0800779483729293 15 
0008 0011 5 1671007281997592 3.25 -67.0 4.270602513473625 15 
0008 0007 5 1671007282000090 9.75 -54.0 3.6754179677739964 15 
0008 0015 5 1671007282011463 35.75 -65.5 5.5714182216006485 15 
0008 0011 6 1671007282046483 30.875 -71.0 3.4913402732277192 15 
0008 0015 6 1671007282047724 29.25 -61.0 5.872078456026235 15 
0008 0005 6 1671007282054577 -10.5625 -58.5 1.4603497100671303 15 
0008 0001 6 1671007282059913 -6.5 -66.0 5.344389064993574 15 
0008 0014 7 1671007282086013 52.0625 -66.5 5.283029833478148 15 
0008 0004 7 1671007282090659 126.9375 -68.5 5.301437602932776 15 
0008 0006 7 1671007282095471 182.25 -70.5 4.301282129231338 15 
0008 0004 8 1671007282137092 38.1875 -69.0 1.6566992509164924 15 
0008 0015 8 1671007282138131 -39.0 -68.5 2.1905245651006955 15 
0008 0014 8 1671007282147674 194.4375 -68.5 0.8467573949128739 15 
0008 0010 8 1671007282151961 -91.125 -71.5 4.338097668140593 15 
0008 0007 1 1671007282366137 -130.1875 -67.0 4.368777283898306 15 
0008 0004 1 1671007282372866 48.8125 -68.5 1.9634954084936207 15 
0008 0015 1 1671007282374739 -6.5 -67.5 0.8283496254582462 15 
0008 0006 1 1671007282377263 65.875 -68.0 2.2089323345553233 15 
0008 0008 2 1671007282406736 -39.0 -67.0 3.411573272257666 15 
0008 0000 2 1671007282414767 6.5 -70.0 1.846912868614312 15 
