0008 0009 1 1671007683819523 -13.0 -65.0 3.785864584501762 18 
0008 0006 1 1671007683823639 -52.0625 -63.0 4.841243366567084 18 
0008 0015 1 1671007683828416 -26.0 -66.5 3.552699504743145 18 
0008 0006 2 1671007683868203 -3.25 -68.0 4.773748211900116 18 
0008 0015 2 1671007683869272 -120.4375 -71.5 3.399301425954581 18 
0008 0008 3 1671007683908081 130.1875 -68.5 1.5462526341887264 18 
0008 0014 3 1671007683909894 13.0 -66.5 4.061981126321178 18 
0008 0004 3 1671007683910814 81.375 -63.0 1.521708941582556 18 
0008 0011 3 1671007683911760 38.1875 -65.0 1.4419419406125027 18 
0008 0010 3 1671007683912722 -19.5 -57.5 4.755340442445488 18 
0008 0009 3 1671007683913895 -22.75 -64.5 5.350524988145116 18 
0008 0015 3 1671007683915756 61.8125 -70.5 3.448388811166921 18 
0008 0001 3 1671007683918203 -24.375 -68.5 3.5895150436524004 18 
0008 0005 4 1671007683945928 -38.1875 -63.0 5.964117303299373 18 
0008 0015 4 1671007683947093 74.8125 -65.5 2.1230294104337273 18 
0008 0006 4 1671007683949665 59.375 -66.0 1.9757672547967058 18 
0008 0010 4 1671007683951788 -16.25 -61.0 6.209554229361076 18 
0008 0004 4 1671007683953257 0.0 -57.5 4.540583132141498 18 
0008 0009 4 1671007683954194 13.0 -52.0 2.141437179888355 18 
0008 0011 4 1671007683955607 3.25 -67.5 5.50392306693368 18 
0008 0014 4 1671007683957745 -3.25 -60.0 4.859651136021712 18 
0008 0007 4 1671007683962458 -39.0 -67.5 4.945554060143307 18 
0008 0011 5 1671007683987004 -59.375 -55.5 4.773748211900116 18 
0008 0015 5 1671007683988041 -22.75 -60.0 3.6079228131070282 18 
0008 0000 5 1671007683989177 -3.25 -68.0 1.0615147052168636 18 
0008 0004 5 1671007683993161 16.25 -65.0 2.5341362615870793 18 
0008 0005 5 1671007683994605 26.0 -64.0 1.055378782065321 18 
0008 0007 5 1671007683996705 9.75 -54.5 1.509437095279471 18 
0008 0008 5 1671007683997924 -13.0 -60.0 3.4606606574700063 18 
0008 0001 5 1671007684000243 6.5 -59.5 0.9633399347921826 18 
0008 0009 5 1671007684001204 3.25 -62.0 5.921165841238575 18 
0008 0014 5 1671007684002605 32.5 -60.5 4.313553975534423 18 
0008 0010 5 1671007684003526 29.25 -64.0 2.3930100291016 18 
0008 0005 6 1671007684036143 27.625 -56.0 2.1537090261914402 18 
0008 0009 6 1671007684037344 13.0 -54.5 5.896622148632405 18 
0008 0010 6 1671007684039641 -3.25 -56.0 4.387185053352934 18 
0008 0011 6 1671007684041706 -55.3125 -69.0 3.2643111166206444 18 
0008 0007 6 1671007684042658 -26.0 -54.0 4.81056375080937 18 
0008 0008 6 1671007684046164 -9.75 -61.0 4.430136515413731 18 
0008 0001 6 1671007684047097 -3.25 -59.5 5.074408446325701 18 
0008 0004 6 1671007684048497 -24.375 -72.5 4.166291819897402 18 
0008 0005 7 1671007684077208 48.8125 -64.5 4.693981210930062 18 
0008 0007 7 1671007684078302 -68.3125 -63.5 5.5284667595398505 18 
0008 0009 7 1671007684079518 42.3125 -64.5 0.09203884727313846 18 
0008 0015 7 1671007684084078 0.0 -59.5 1.3867186322486196 18 
0008 0006 7 1671007684086687 7.3125 -65.5 5.681864838328415 18 
0008 0007 8 1671007684117601 6.5 -68.0 2.3009711818284617 18 
0008 0006 8 1671007684124182 -145.625 -71.0 6.056156150572511 18 
0008 0015 8 1671007684126679 22.75 -67.5 5.258486140871978 18 
0008 0004 8 1671007684130225 3.25 -67.5 0.9940195505498954 18 
0008 0015 1 1671007684347505 16.25 -67.0 3.436116964863836 18 
0008 0009 1 1671007684348691 -6.5 -65.0 3.718369429834794 18 
0008 0006 1 1671007684352904 -59.375 -62.5 4.933282213840222 18 
0008 0015 2 1671007684409716 -146.4375 -70.0 3.54042765844006 18 
0008 0006 2 1671007684431359 -232.6875 -69.5 4.890330751779424 18 
0008 0010 3 1671007684476931 -13.0 -57.5 4.700117134081604 18 
0008 0004 3 1671007684478191 55.3125 -63.0 1.4480778637640452 18 
0008 0011 3 1671007684479124 -27.625 -65.5 1.607611865704152 18 
0008 0009 3 1671007684480087 -45.5625 -64.5 5.3627968344482015 18 
0008 0014 3 1671007684481319 55.3125 -66.0 4.006757817957295 18 
0008 0001 3 1671007684482283 -39.0 -67.0 3.5711072741977725 18 
0008 0008 3 1671007684485782 52.0625 -67.0 1.5278448647340985 18 
0008 0015 3 1671007684489550 -35.75 -71.5 2.9820586516496865 18 
0008 0006 3 1671007684492803 100.875 -69.5 3.767456815047135 18 
0008 0011 4 1671007684517180 0.0 -67.5 5.583690067903734 18 
0008 0004 4 1671007684519392 16.25 -58.0 4.424000592262189 18 
0008 0015 4 1671007684521801 -16.25 -65.0 2.2457478734645786 18 
0008 0014 4 1671007684522748 -22.75 -60.5 4.902602598082509 18 
0008 0009 4 1671007684523683 3.25 -52.0 2.1905245651006955 18 
0008 0010 4 1671007684524886 0.0 -60.5 6.19728238305799 18 
0008 0006 4 1671007684525837 -30.875 -66.0 2.0800779483729293 18 
0008 0007 4 1671007684527086 -19.5 -68.0 4.945554060143307 18 
0008 0005 4 1671007684529325 48.8125 -63.0 5.841398840268521 18 
0008 0008 5 1671007684556165 39.0 -60.0 3.2888548092268146 18 
0008 0010 5 1671007684558691 -104.125 -64.0 2.5832236467994196 18 
0008 0014 5 1671007684562593 24.375 -60.5 4.319689898685965 18 
0008 0011 5 1671007684563551 -21.125 -55.5 4.693981210930062 18 
0008 0007 5 1671007684564533 26.0 -54.5 1.4848934026733007 18 
0008 0001 5 1671007684566749 26.0 -60.5 0.8283496254582462 18 
0008 0015 5 1671007684568140 39.0 -60.5 3.454524734318464 18 
0008 0009 5 1671007684569057 -9.75 -61.0 5.9518454569962875 18 
0008 0004 5 1671007684569992 -42.3125 -66.0 2.6200391857086753 18 
0008 0005 5 1671007684571068 52.0625 -63.5 0.944932165337555 18 
0008 0000 5 1671007684574870 -45.5625 -69.0 0.8467573949128739 18 
0008 0008 6 1671007684606972 -6.5 -61.0 4.442408361716817 18 
0008 0001 6 1671007684607977 -6.5 -59.5 4.957825906446392 18 
0008 0009 6 1671007684608910 9.75 -54.5 5.8475347634200645 18 
0008 0004 6 1671007684609861 45.5625 -72.0 3.9944859716542096 18 
0008 0011 6 1671007684612491 -30.875 -69.0 3.11091303783208 18 
0008 0010 6 1671007684616362 16.25 -56.0 4.3503695144436785 18 
0008 0005 6 1671007684619271 7.3125 -56.0 2.1782527187976104 18 
0008 0007 6 1671007684620265 -9.75 -54.0 4.804427827657828 18 
0008 0005 7 1671007684649136 3.25 -64.5 4.767612288748572 18 
0008 0007 7 1671007684651711 117.125 -64.0 5.240078371417351 18 
0008 0015 7 1671007684652674 9.75 -59.5 1.3499030933393643 18 
0008 0009 7 1671007684654587 -182.25 -64.0 0.1718058482431918 18 
0008 0006 7 1671007684657795 90.3125 -65.5 5.583690067903734 18 
0008 0007 8 1671007684689331 -6.5 -68.5 2.282563412373834 18 
0008 0006 8 1671007684690762 62.625 -72.0 5.841398840268521 18 
0008 0015 8 1671007684694959 -104.125 -68.5 5.516194913236766 18 
0008 0004 8 1671007684698026 19.5 -68.0 1.055378782065321 18 
0008 0006 1 1671007684919510 -104.125 -63.0 4.963961829597935 18 
0008 0015 1 1671007684925159 -52.0625 -66.0 3.54042765844006 18 
0008 0009 1 1671007684926123 -39.0 -66.0 3.7429131224409646 18 
0008 0006 2 1671007684980813 -162.75 -70.0 5.062136600022616 18 
0008 0001 2 1671007684982717 69.125 -71.0 3.1661363461959633 18 
0008 0015 2 1671007684985964 -110.625 -69.5 3.4177091954092087 18 
0008 0011 3 1671007685016915 17.0625 -64.5 1.4480778637640452 18 
0008 0001 3 1671007685018687 -143.1875 -68.5 3.718369429834794 18 
0008 0009 3 1671007685020487 -130.1875 -64.5 5.485515297479052 18 
0008 0004 3 1671007685021697 16.25 -63.5 1.41126232485479 18 
0008 0008 3 1671007685022662 58.5625 -68.5 1.5155730184310134 18 
0008 0010 3 1671007685023553 -9.75 -57.5 4.755340442445488 18 
0008 0015 3 1671007685026181 -110.625 -70.0 3.2704470397721868 18 
0008 0014 3 1671007685030323 0.0 -66.5 4.006757817957295 18 
0008 0004 4 1671007685055925 -6.5 -58.0 4.473087977474529 18 
0008 0015 4 1671007685058198 22.75 -65.0 2.184388641949153 18 
0008 0011 4 1671007685059127 7.3125 -68.0 5.651185222570702 18 
0008 0009 4 1671007685060559 13.0 -52.0 2.141437179888355 18 
0008 0014 4 1671007685061519 3.25 -60.5 4.841243366567084 18 
0008 0005 4 1671007685062950 32.5 -63.5 5.884350302329319 18 
0008 0006 4 1671007685065425 -27.625 -66.5 2.0800779483729293 18 
0008 0007 4 1671007685066647 -16.25 -68.0 4.902602598082509 18 
0008 0010 4 1671007685069902 9.75 -61.0 6.12365130523948 18 
0008 0011 5 1671007685095849 -21.125 -55.5 4.779884135051658 18 
0008 0009 5 1671007685096813 -42.3125 -61.5 5.8659425328746915 18 
0008 0008 5 1671007685099592 -48.8125 -60.0 3.522019888985432 18 
0008 0010 5 1671007685100551 0.0 -64.5 2.380738182798515 18 
0008 0014 5 1671007685101516 -21.125 -60.5 4.424000592262189 18 
0008 0015 5 1671007685102467 -35.75 -60.5 3.6079228131070282 18 
0008 0000 5 1671007685103375 65.0625 -69.0 0.705631162427395 18 
0008 0004 5 1671007685105286 41.5 -65.5 2.3930100291016 18 
0008 0007 5 1671007685106718 -6.5 -54.5 1.5278448647340985 18 
0008 0005 5 1671007685107666 -27.625 -64.0 1.0676506283684062 18 
0008 0001 5 1671007685110368 13.0 -59.5 0.8099418560036186 18 
0008 0005 6 1671007685137096 35.75 -56.0 2.1598449493429825 18 
0008 0010 6 1671007685142569 -16.25 -56.5 4.399456899656019 18 
0008 0011 6 1671007685143559 -73.1875 -68.5 3.2397674240144743 18 
0008 0009 6 1671007685145621 -13.0 -54.5 5.829126993965437 18 
0008 0007 6 1671007685147492 -13.0 -53.5 4.81056375080937 18 
0008 0008 6 1671007685148456 -6.5 -61.0 4.577398671050753 18 
0008 0001 6 1671007685149786 -3.25 -59.5 4.963961829597935 18 
0008 0004 6 1671007685150864 114.6875 -71.0 3.877903431774901 18 
0008 0007 7 1671007685177564 -65.0625 -64.0 5.424156065963627 18 
0008 0015 7 1671007685182875 91.125 -60.5 1.2762720155208536 18 
0008 0009 7 1671007685184981 42.3125 -63.5 6.050020227420969 18 
0008 0005 7 1671007685187017 0.0 -65.0 4.675573441475434 18 
0008 0006 7 1671007685188863 -48.8125 -66.0 5.712544454086128 18 
0008 0006 8 1671007685219100 149.6875 -71.5 5.681864838328415 18 
0008 0007 8 1671007685222229 19.5 -68.0 2.3009711818284617 18 
0008 0015 8 1671007685224557 -22.75 -67.5 5.2768939103266055 18 
0008 0004 8 1671007685229117 17.0625 -67.5 0.9817477042468103 18 
0008 0006 1 1671007685445898 -45.5625 -63.0 4.878058905476339 18 
0008 0009 1 1671007685451145 26.0 -65.0 3.6754179677739964 18 
0008 0015 1 1671007685452070 74.8125 -66.5 3.485204350076177 18 
0008 0006 2 1671007685493300 30.875 -69.0 4.601942363656923 18 
0008 0014 3 1671007685536872 -52.0625 -66.5 4.1601558967458585 18 
0008 0015 3 1671007685539131 9.75 -69.5 3.2397674240144743 18 
0008 0009 3 1671007685540038 -29.25 -64.5 5.50392306693368 18 
0008 0011 3 1671007685541467 -100.875 -64.5 1.662835174068035 18 
0008 0010 3 1671007685542696 -9.75 -57.5 4.73693267299086 18 
0008 0001 3 1671007685543858 79.75 -67.0 3.5342917352885173 18 
0008 0008 3 1671007685546352 -9.75 -67.0 1.5585244804918115 18 
0008 0010 4 1671007685575880 22.75 -60.5 6.105243535784852 18 
0008 0004 4 1671007685580068 10.5625 -58.0 4.485359823777615 18 
0008 0015 4 1671007685581151 -42.3125 -65.0 2.337786720737717 18 
0008 0011 4 1671007685582345 0.0 -68.0 5.706408530934585 18 
0008 0009 4 1671007685583807 9.75 -52.0 2.1475731030398975 18 
0008 0014 4 1671007685584796 10.5625 -60.5 4.841243366567084 18 
0008 0005 4 1671007685585759 -21.125 -63.5 6.043884304269426 18 
0008 0006 4 1671007685587045 -21.125 -66.0 2.1353012567368124 18 
0008 0007 4 1671007685588946 -94.375 -67.0 5.0253210611133605 18 
0008 0009 5 1671007685615887 -16.25 -61.0 6.019340611663256 18 
0008 0005 5 1671007685617556 -21.125 -63.5 1.086058397823034 18 
0008 0014 5 1671007685621226 -39.0 -60.0 4.460816131171445 18 
0008 0008 5 1671007685623238 -19.5 -60.5 3.522019888985432 18 
0008 0004 5 1671007685624215 79.75 -65.5 2.337786720737717 18 
0008 0011 5 1671007685625173 -34.9375 -55.5 4.724660826687775 18 
0008 0001 5 1671007685626076 -9.75 -59.5 0.8774370106705868 18 
0008 0007 5 1671007685627042 19.5 -54.5 1.5278448647340985 18 
0008 0015 5 1671007685628064 -9.75 -60.5 3.5833791205008576 18 
0008 0010 5 1671007685629372 55.3125 -64.0 2.3009711818284617 18 
0008 0000 5 1671007685630266 -6.5 -69.5 0.6749515466696822 18 
0008 0011 6 1671007685657855 -59.375 -69.0 3.08636934522591 18 
0008 0010 6 1671007685659273 -26.0 -56.5 4.405592822807561 18 
0008 0001 6 1671007685663233 -16.25 -59.5 5.056000676871073 18 
0008 0008 6 1671007685664241 -52.0625 -61.0 4.614214209960009 18 
0008 0007 6 1671007685667849 -13.0 -54.0 4.822835597112456 18 
0008 0005 6 1671007685668794 7.3125 -56.0 2.2518837966161214 18 
0008 0009 6 1671007685670382 -19.5 -54.5 5.8475347634200645 18 
0008 0004 6 1671007685671474 -65.0625 -71.5 4.166291819897402 18 
0008 0006 7 1671007685695893 7.3125 -65.5 5.700272607783043 18 
0008 0009 7 1671007685697879 -9.75 -64.5 6.080699843178682 18 
0008 0015 7 1671007685701527 55.3125 -59.5 1.3130875544301088 18 
0008 0007 7 1671007685717037 42.3125 -63.5 5.3198453723874035 18 
0008 0005 7 1671007685719005 -26.0 -64.0 4.718524903536232 18 
0008 0004 8 1671007685751697 30.875 -67.5 1.0737865515199487 18 
0008 0015 8 1671007685755847 74.8125 -68.0 5.166447293598839 18 
0008 0006 8 1671007685757841 34.9375 -72.5 5.927301764390117 18 
0008 0007 8 1671007685759057 0.0 -69.0 2.3071071049800045 18 
0008 0006 1 1671007685976828 -73.1875 -63.0 4.890330751779424 18 
0008 0009 1 1671007685981922 29.25 -65.0 3.7122335066832517 18 
0008 0015 1 1671007685982902 -16.25 -66.5 3.509748042682347 18 
0008 0006 2 1671007686035026 0.0 -69.0 4.828971520263998 18 
0008 0015 2 1671007686041316 104.125 -70.0 3.227495577711389 18 
0008 0004 3 1671007686076687 -52.0625 -63.5 1.576932249946439 18 
0008 0001 3 1671007686080047 -48.8125 -67.0 3.4177091954092087 18 
0008 0008 3 1671007686080996 185.5 -68.0 1.4419419406125027 18 
0008 0011 3 1671007686081959 -52.0625 -65.0 1.5892040962495242 18 
0008 0010 3 1671007686082894 26.0 -57.5 4.651029748869264 18 
0008 0009 3 1671007686083815 -35.75 -64.5 5.460971604872882 18 
0008 0015 3 1671007686085432 211.5625 -70.0 2.8532042654672924 18 
0008 0014 3 1671007686087255 -24.375 -66.5 4.25833066717054 18 
0008 0006 3 1671007686093367 506.9375 -72.0 3.129320807286708 18 
0008 0014 4 1671007686116885 -16.25 -60.5 4.902602598082509 18 
0008 0006 4 1671007686119135 30.875 -66.0 2.030990563160589 18 
0008 0007 4 1671007686120587 -42.3125 -68.0 4.92714629068868 18 
0008 0009 4 1671007686122001 -6.5 -52.0 2.1782527187976104 18 
0008 0011 4 1671007686122976 -24.375 -67.5 5.5714182216006485 18 
0008 0004 4 1671007686123952 -30.875 -58.0 4.479223900626073 18 
0008 0010 4 1671007686126571 -9.75 -60.5 6.191146459906448 18 
0008 0005 4 1671007686127789 -9.75 -63.5 5.902758071783947 18 
0008 0015 4 1671007686129354 48.8125 -65.0 2.055534255766759 18 
0008 0001 5 1671007686157601 16.25 -60.0 0.9203884727313847 18 
0008 0005 5 1671007686159665 41.5 -64.0 0.9510680884890975 18 
0008 0007 5 1671007686160615 -13.0 -54.5 1.5401167110371838 18 
0008 0014 5 1671007686161774 -21.125 -60.5 4.405592822807561 18 
0008 0009 5 1671007686162766 22.75 -61.5 5.939573610693203 18 
0008 0010 5 1671007686163647 152.9375 -64.0 2.1905245651006955 18 
0008 0015 5 1671007686166725 9.75 -60.5 3.5158839658338894 18 
0008 0008 5 1671007686167945 -39.0 -60.0 3.423845118560751 18 
0008 0004 5 1671007686169190 -87.0625 -65.0 2.5954954931025047 18 
0008 0011 5 1671007686170404 3.25 -55.5 4.651029748869264 18 
0008 0000 5 1671007686173924 -58.5625 -69.0 0.7853981633974483 18 
0008 0009 6 1671007686196197 -13.0 -54.5 5.915029918087033 18 
0008 0008 6 1671007686197386 26.0 -61.5 4.417864669110647 18 
0008 0004 6 1671007686199396 3.25 -72.0 4.06811704947272 18 
0008 0007 6 1671007686201427 -22.75 -54.0 4.804427827657828 18 
0008 0001 6 1671007686202661 39.0 -59.5 5.006913291658733 18 
0008 0005 6 1671007686204764 -7.3125 -56.0 2.2150682577068657 18 
0008 0011 6 1671007686205769 -73.1875 -68.5 3.2336315008629315 18 
0008 0010 6 1671007686206988 -22.75 -56.0 4.411728745959104 18 
0008 0009 7 1671007686237860 19.5 -64.5 6.14819499784565 18 
0008 0006 7 1671007686239090 -93.5625 -66.5 5.773903685601553 18 
0008 0015 7 1671007686241467 -55.3125 -60.0 1.533980787885641 18 
0008 0005 7 1671007686245461 -65.875 -64.5 4.859651136021712 18 
0008 0007 7 1671007686246483 -39.0 -63.5 5.5284667595398505 18 
0008 0015 8 1671007686276204 -6.5 -68.0 5.3198453723874035 18 
0008 0006 8 1671007686288755 -27.625 -72.5 5.964117303299373 18 
0008 0007 8 1671007686291873 48.8125 -68.0 2.1966604882522383 18 
0008 0004 8 1671007686292793 -45.5625 -67.5 1.1535535524900022 18 
0008 0015 1 1671007686506204 35.75 -67.0 3.485204350076177 18 
0008 0009 1 1671007686508131 -26.0 -65.5 3.718369429834794 18 
0008 0006 1 1671007686514187 38.1875 -63.0 4.841243366567084 18 
0008 0015 2 1671007686556927 22.75 -68.5 3.0372819600135696 18 
0008 0006 2 1671007686578953 -117.9375 -70.0 5.074408446325701 18 
0008 0010 3 1671007686616211 -6.5 -58.0 4.718524903536232 18 
0008 0009 3 1671007686619018 -13.0 -64.5 5.375068680751287 18 
0008 0004 3 1671007686621537 13.8125 -63.0 1.4787574795217582 18 
0008 0011 3 1671007686622993 -104.125 -65.0 1.6689710972195777 18 
0008 0015 3 1671007686625152 -29.25 -70.5 3.380893656499953 18 
0008 0008 3 1671007686627056 -9.75 -67.5 1.6566992509164924 18 
0008 0001 3 1671007686629433 81.375 -68.0 3.4177091954092087 18 
0008 0014 3 1671007686633659 -65.0625 -66.0 4.196971435655114 18 
0008 0014 4 1671007686665799 -29.25 -60.0 4.9394181369917645 18 
0008 0004 4 1671007686666939 0.0 -58.0 4.417864669110647 18 
0008 0011 4 1671007686667902 -7.3125 -68.0 5.559146375297564 18 
0008 0009 4 1671007686670581 6.5 -51.5 2.1475731030398975 18 
0008 0007 4 1671007686671790 -29.25 -68.0 4.914874444385594 18 
0008 0005 4 1671007686673005 -10.5625 -63.5 5.902758071783947 18 
0008 0006 4 1671007686675384 -16.25 -66.0 2.12916533358527 18 
0008 0015 4 1671007686681090 32.5 -65.0 2.110757564130642 18 
0008 0010 4 1671007686683031 42.3125 -60.5 6.1420590746941075 18 
0008 0009 5 1671007686716213 -42.3125 -61.5 5.829126993965437 18 
0008 0005 5 1671007686718213 -39.0 -64.0 1.1228739367322893 18 
0008 0000 5 1671007686719152 133.4375 -69.0 0.705631162427395 18 
0008 0001 5 1671007686720537 13.8125 -60.5 0.944932165337555 18 
0008 0011 5 1671007686722684 0.0 -55.0 4.669437518323892 18 
0008 0014 5 1671007686723622 -21.125 -60.5 4.381049130201391 18 
0008 0004 5 1671007686724811 22.75 -65.5 2.313243028131547 18 
0008 0007 5 1671007686726002 -6.5 -54.5 1.533980787885641 18 
0008 0010 5 1671007686727053 71.5625 -64.0 2.2886993355253766 18 
0008 0015 5 1671007686729096 -52.0625 -60.5 3.6263305825616556 18 
0008 0008 5 1671007686730329 9.75 -61.0 3.3870295796514958 18 
0008 0009 6 1671007686756431 -22.75 -54.5 5.915029918087033 18 
0008 0005 6 1671007686760509 -3.25 -56.0 2.2150682577068657 18 
0008 0010 6 1671007686761942 -16.25 -56.0 4.417864669110647 18 
0008 0001 6 1671007686762958 -3.25 -59.5 5.043728830567988 18 
0008 0007 6 1671007686764105 0.0 -54.5 4.749204519293945 18 
0008 0008 6 1671007686765071 -9.75 -61.0 4.3933209765044765 18 
0008 0011 6 1671007686766432 -107.375 -69.0 3.1354567304382504 18 
0008 0009 7 1671007686796983 -35.75 -64.5 0.16566992509164924 18 
0008 0005 7 1671007686800399 -13.8125 -64.5 4.76147636559703 18 
0008 0015 7 1671007686804237 -16.25 -59.5 1.3928545554001621 18 
0008 0006 7 1671007686805300 -104.125 -65.5 5.749359992995383 18 
0008 0007 7 1671007686807441 -91.125 -64.0 5.546874528994478 18 
0008 0015 8 1671007686840549 -26.0 -67.5 5.399612373357457 18 
0008 0004 8 1671007686844381 90.3125 -67.0 0.8528933180644165 18 
0008 0007 8 1671007686848746 55.3125 -68.5 2.3316507975861747 18 
0008 0006 8 1671007686849705 79.75 -71.0 5.8475347634200645 18 
0008 0009 1 1671007687066133 -55.3125 -66.5 3.736777199289422 18 
0008 0015 1 1671007687070942 84.625 -66.5 3.356349963893783 18 
0008 0006 1 1671007687075399 -45.5625 -62.5 4.933282213840222 18 
0008 0006 2 1671007687114563 121.25 -69.0 4.804427827657828 18 
0008 0015 2 1671007687124067 39.0 -69.5 3.2029518851052186 18 
0008 0015 3 1671007687156872 -71.5625 -70.5 3.2459033471660166 18 
0008 0008 3 1671007687158898 -3.25 -68.0 1.4910293258248433 18 
0008 0004 3 1671007687160218 -45.5625 -64.0 1.5033011721279284 18 
0008 0011 3 1671007687161614 -24.375 -65.0 1.662835174068035 18 
0008 0014 3 1671007687162800 16.25 -67.0 4.1601558967458585 18 
0008 0010 3 1671007687164852 6.5 -57.5 4.718524903536232 18 
0008 0009 3 1671007687166158 -26.0 -64.5 5.491651220630596 18 
0008 0001 3 1671007687170990 -139.125 -68.0 3.6140587362585705 18 
0008 0015 4 1671007687197139 52.0625 -65.0 2.1537090261914402 18 
0008 0014 4 1671007687198482 -39.0 -60.5 4.957825906446392 18 
0008 0006 4 1671007687199469 -13.8125 -65.5 2.086213871524472 18 
0008 0009 4 1671007687200388 13.0 -52.0 2.141437179888355 18 
0008 0007 4 1671007687201569 139.9375 -67.5 4.681709364626977 18 
0008 0011 4 1671007687202555 27.625 -67.5 5.608233760509904 18 
0008 0004 4 1671007687203726 -21.125 -58.0 4.460816131171445 18 
0008 0010 4 1671007687204945 -22.75 -60.5 6.1420590746941075 18 
0008 0005 4 1671007687208132 24.375 -63.5 5.902758071783947 18 
0008 0005 5 1671007687236122 -35.75 -64.0 1.1228739367322893 18 
0008 0000 5 1671007687237329 32.5 -69.0 0.619728238305799 18 
0008 0011 5 1671007687238981 -13.8125 -55.0 4.601942363656923 18 
0008 0009 5 1671007687240203 26.0 -61.5 5.853670686571607 18 
0008 0010 5 1671007687241394 -65.0625 -64.0 2.5341362615870793 18 
0008 0007 5 1671007687242565 0.0 -54.0 1.4910293258248433 18 
0008 0008 5 1671007687245416 39.0 -60.5 3.3502140407422405 18 
0008 0001 5 1671007687249056 3.25 -60.0 0.9019807032767571 18 
0008 0015 5 1671007687250821 -74.8125 -61.0 3.6201946594101133 18 
0008 0014 5 1671007687252688 16.25 -60.0 4.331961744989051 18 
0008 0004 5 1671007687254275 87.0625 -65.0 2.2027964114037806 18 
0008 0010 6 1671007687276517 -9.75 -56.5 4.356505437595221 18 
0008 0001 6 1671007687277993 -3.25 -59.5 5.031456984264903 18 
0008 0008 6 1671007687281818 6.5 -61.0 4.430136515413731 18 
0008 0005 6 1671007687282751 -3.25 -56.5 2.2150682577068657 18 
0008 0007 6 1671007687283960 -22.75 -54.0 4.767612288748572 18 
0008 0011 6 1671007687284909 194.4375 -69.5 2.8102528034064944 18 
0008 0009 6 1671007687285826 26.0 -54.5 5.7616318392984684 18 
0008 0004 6 1671007687291538 -48.8125 -72.0 4.080388895775806 18 
0008 0005 7 1671007687320626 104.125 -64.0 4.503767593232243 18 
0008 0015 7 1671007687321534 -32.5 -59.5 1.4603497100671303 18 
0008 0006 7 1671007687324812 -7.3125 -66.5 5.773903685601553 18 
0008 0007 7 1671007687327228 -32.5 -64.0 5.368932757599744 18 
0008 0009 7 1671007687328389 -19.5 -64.0 6.0991076126333095 18 
0008 0007 8 1671007687356188 -48.8125 -69.0 2.337786720737717 18 
0008 0015 8 1671007687361413 35.75 -67.0 5.227806525114265 18 
0008 0006 8 1671007687364791 149.6875 -72.0 5.798447378207723 18 
0008 0004 8 1671007687367916 3.25 -66.5 0.9081166264282996 18 
0008 0009 1 1671007687585833 -24.375 -64.5 3.3624858870453256 18 
0008 0006 1 1671007687587270 -24.375 -62.5 4.921010367537137 18 
0008 0015 1 1671007687588705 32.5 -67.0 3.706097583531709 18 
0008 0004 2 1671007687650684 -78.0625 -65.0 4.006757817957295 18 
0008 0015 2 1671007687651636 -87.875 -68.5 3.3747577333484107 18 
0008 0006 2 1671007687660180 3.25 -68.5 4.71238898038469 18 
0008 0010 3 1671007687686150 9.75 -59.0 4.608078286808466 18 
0008 0011 3 1671007687691592 48.8125 -63.0 1.5033011721279284 18 
0008 0006 3 1671007687692552 69.125 -67.0 3.6079228131070282 18 
0008 0004 3 1671007687693512 -9.75 -66.0 2.718213956133356 18 
0008 0015 3 1671007687694723 -296.1875 -70.0 3.2704470397721868 18 
0008 0008 3 1671007687695854 136.6875 -66.5 2.8777479580734626 18 
0008 0009 3 1671007687696828 13.0 -64.5 4.006757817957295 18 
0008 0001 3 1671007687699873 -45.5625 -69.0 4.448544284868359 18 
0008 0014 3 1671007687702605 -117.9375 -68.0 4.129476280988146 18 
0008 0005 3 1671007687709475 -117.9375 -70.0 3.0127382674073995 18 
0008 0010 4 1671007687736525 -3.25 -58.5 5.66959299202533 18 
0008 0006 4 1671007687738595 34.9375 -65.5 1.2701360923693108 18 
0008 0008 4 1671007687739586 26.0 -61.5 2.5280003384355365 18 
0008 0009 4 1671007687740518 9.75 -59.5 0.8774370106705868 18 
0008 0005 4 1671007687741467 9.75 -60.0 0.4356505437595221 18 
0008 0011 4 1671007687744916 -32.5 -60.5 5.755495916146925 18 
0008 0014 4 1671007687745865 -13.0 -60.0 4.693981210930062 18 
0008 0004 4 1671007687746768 -19.5 -62.0 6.277049384028044 18 
0008 0015 4 1671007687749607 -16.25 -70.0 2.718213956133356 18 
0008 0005 5 1671007687776132 -35.75 -66.5 2.3316507975861747 18 
0008 0015 5 1671007687777381 13.0 -65.0 3.730641276137879 18 
0008 0000 5 1671007687778796 0.0 -68.0 3.5342917352885173 18 
0008 0011 5 1671007687780000 -13.8125 -55.5 5.123495831538041 18 
0008 0010 5 1671007687780937 45.5625 -62.5 1.0983302441261191 18 
0008 0014 5 1671007687782918 21.125 -60.5 4.190835512503572 18 
0008 0001 5 1671007687784303 -13.8125 -59.5 4.583534594202296 18 
0008 0007 5 1671007687785536 6.5 -55.5 1.239456476611598 18 
0008 0004 5 1671007687788639 -35.75 -59.0 4.178563666200486 18 
0008 0009 5 1671007687792737 -48.8125 -62.0 5.829126993965437 18 
0008 0008 5 1671007687793701 19.5 -62.5 5.6143696836614465 18 
0008 0009 6 1671007687816382 6.5 -58.0 4.479223900626073 18 
0008 0005 6 1671007687819357 26.0 -54.5 2.8654761117703775 18 
0008 0001 6 1671007687821931 48.8125 -67.0 1.9880391010997909 18 
0008 0008 6 1671007687822866 32.5 -66.0 4.3074180523828804 18 
0008 0007 6 1671007687823832 -22.75 -52.0 3.80427235395639 18 
0008 0011 6 1671007687825770 13.8125 -63.0 1.0246991663076084 18 
0008 0010 6 1671007687828096 -16.25 -59.0 4.221515128261284 18 
0008 0015 7 1671007687857070 16.25 -61.5 1.3867186322486196 18 
0008 0005 7 1671007687859221 -29.25 -64.0 5.749359992995383 18 
0008 0001 7 1671007687860410 22.75 -66.0 5.325981295538946 18 
0008 0004 7 1671007687861330 -113.875 -66.0 4.865787059173254 18 
0008 0006 7 1671007687862275 -100.875 -67.0 4.884194828627882 18 
0008 0007 7 1671007687870911 32.5 -66.0 2.110757564130642 18 
0008 0015 8 1671007687909406 -19.5 -67.5 5.583690067903734 18 
0008 0007 8 1671007687910556 55.3125 -70.0 1.0062913968529805 18 
0008 0014 8 1671007687912914 0.0 -67.5 4.669437518323892 18 
0008 0004 8 1671007687920298 0.0 -61.5 2.055534255766759 18 
0008 0009 1 1671007688138650 -113.875 -70.5 3.0372819600135696 18 
0008 0015 1 1671007688140495 -35.75 -64.5 3.749049045592507 18 
0008 0006 1 1671007688147770 -52.0625 -65.5 2.675262494072558 18 
0008 0004 1 1671007688153026 22.75 -71.5 6.240233845118788 18 
0008 0015 2 1671007688184893 39.0 -67.0 4.4976316700806995 18 
0008 0009 2 1671007688188588 179.0 -67.0 3.80427235395639 18 
0008 0007 2 1671007688189566 3.25 -65.5 4.534447208989955 18 
0008 0001 2 1671007688194458 104.125 -69.0 4.908738521234052 18 
0008 0004 2 1671007688195842 -166.8125 -70.5 4.669437518323892 18 
0008 0010 3 1671007688226184 -42.3125 -60.5 3.479068426924634 18 
0008 0014 3 1671007688227599 3.25 -66.0 3.2888548092268146 18 
0008 0015 3 1671007688228538 -19.5 -69.0 3.0066023442558567 18 
0008 0006 3 1671007688230703 38.1875 -62.0 3.2643111166206444 18 
0008 0001 3 1671007688233254 76.4375 -68.0 4.031301510563465 18 
0008 0011 3 1671007688234811 -42.3125 -65.5 5.878214379177777 18 
0008 0009 3 1671007688236599 61.8125 -66.0 4.773748211900116 18 
0008 0004 3 1671007688237815 -59.375 -60.5 2.816388726558037 18 
0008 0008 4 1671007688266945 -68.3125 -58.0 3.6263305825616556 18 
0008 0002 4 1671007688268268 78.0625 -70.5 5.227806525114265 18 
0008 0009 4 1671007688269201 22.75 -57.5 1.576932249946439 18 
0008 0014 4 1671007688272567 -27.625 -61.0 3.7551849687440497 18 
0008 0011 4 1671007688273455 -34.9375 -56.5 4.09266074207889 18 
0008 0004 4 1671007688275834 10.5625 -56.0 1.552388557340269 18 
0008 0007 4 1671007688276789 -84.625 -67.0 2.1475731030398975 18 
0008 0005 4 1671007688279081 13.8125 -60.5 2.098485717827557 18 
0008 0010 4 1671007688280019 -26.0 -64.5 4.061981126321178 18 
0008 0009 5 1671007688306162 -35.75 -66.0 1.945087639038993 18 
0008 0011 5 1671007688308469 -6.5 -53.5 5.773903685601553 18 
0008 0010 5 1671007688309675 -13.0 -56.5 0.803805932852076 18 
0008 0015 5 1671007688311109 3.25 -69.0 2.662990647769473 18 
0008 0004 5 1671007688312027 -3.25 -61.0 0.5829126993965437 18 
0008 0014 5 1671007688313783 -59.375 -62.5 4.890330751779424 18 
0008 0000 5 1671007688317170 55.3125 -65.0 5.117359908386499 18 
0008 0007 5 1671007688319324 -13.0 -61.0 3.8288160465625602 18 
0008 0008 5 1671007688320512 65.0625 -65.0 0.859029241215959 18 
0008 0001 5 1671007688321815 -55.3125 -61.0 5.553010452146021 18 
0008 0012 5 1671007688322793 260.375 -72.5 1.9082721001297376 18 
0008 0005 5 1671007688324006 -10.5625 -59.0 5.688000761479957 18 
0008 0006 5 1671007688325125 -69.125 -69.0 4.9823695990525625 18 
0008 0015 6 1671007688345934 -126.9375 -71.5 2.4850488763747385 18 
0008 0011 6 1671007688347133 -13.8125 -58.0 4.430136515413731 18 
0008 0004 6 1671007688350367 42.3125 -71.0 0.5583690067903734 18 
0008 0008 6 1671007688351357 9.75 -67.5 6.105243535784852 18 
0008 0012 6 1671007688353512 -214.8125 -70.5 5.006913291658733 18 
0008 0009 6 1671007688354726 -13.0 -53.5 0.1043106935762236 18 
0008 0001 6 1671007688356139 -7.3125 -61.5 2.3439226438892597 18 
0008 0010 6 1671007688357104 -9.75 -56.5 5.2339424482658075 18 
0008 0007 6 1671007688358069 -6.5 -58.0 1.2701360923693108 18 
0008 0013 6 1671007688358989 97.625 -69.5 0.7240389318820226 18 
0008 0005 6 1671007688359921 -6.5 -56.5 0.21475731030398976 18 
0008 0004 7 1671007688386266 62.625 -61.0 1.4664856332186729 18 
0008 0008 7 1671007688392294 -6.5 -64.5 3.9576704327449543 18 
0008 0015 7 1671007688397016 -3.25 -59.5 1.6260196351587797 18 
0008 0001 7 1671007688398320 131.8125 -68.0 2.116893487282185 18 
0008 0005 7 1671007688400216 59.375 -70.0 1.0921943209745766 18 
0008 0007 7 1671007688402615 -39.0 -70.0 5.166447293598839 18 
0008 0005 8 1671007688432805 -24.375 -71.0 5.675728915176872 18 
0008 0015 8 1671007688434030 26.0 -67.0 0.0674951546669682 18 
0008 0007 8 1671007688443441 29.25 -64.0 2.2886993355253766 18 
0008 0009 8 1671007688444361 -87.875 -70.0 2.675262494072558 18 
0008 0008 8 1671007688448947 94.375 -69.0 6.270913460876501 18 
0008 0014 8 1671007688449939 114.6875 -69.0 5.64504929941916 18 
0008 0015 1 1671007688671169 3.25 -61.0 4.522175362686871 18 
0008 0004 1 1671007688672402 -58.5625 -64.5 4.792155981354743 18 
0008 0007 1 1671007688674599 81.375 -69.5 0.02454369260617026 18 
0008 0014 1 1671007688676451 -13.0 -66.0 2.675262494072558 18 
0008 0012 1 1671007688682013 16.25 -65.0 4.4976316700806995 18 
0008 0006 1 1671007688684178 -73.1875 -69.0 2.1598449493429825 18 
0008 0004 2 1671007688729828 -29.25 -66.0 2.2334760271614935 18 
0008 0015 2 1671007688746637 -9.75 -69.5 6.117515382087937 18 
0008 0015 3 1671007688777575 42.3125 -67.5 2.6261751088602177 18 
0008 0001 3 1671007688779174 -59.375 -66.5 3.423845118560751 18 
0008 0009 3 1671007688781239 -87.0625 -66.0 3.736777199289422 18 
0008 0004 3 1671007688782183 -13.8125 -61.5 3.736777199289422 18 
0008 0014 3 1671007688783147 45.5625 -62.5 2.9084275738311756 18 
0008 0010 3 1671007688784084 -39.0 -58.0 3.6447383520162835 18 
0008 0006 3 1671007688789352 -10.5625 -68.0 0.1349903093339364 18 
