0008 0005 1 1671008021196228 29.25 -65.5 6.074563920027139 18 
0008 0007 1 1671008021197701 -9.75 -58.5 5.810719224510809 18 
0008 0010 1 1671008021200217 29.25 -69.0 2.2089323345553233 18 
0008 0008 1 1671008021204178 -45.5625 -63.5 4.184699589352029 18 
0008 0009 1 1671008021205697 107.375 -66.0 4.638757902566179 18 
0008 0001 1 1671008021207476 -69.125 -68.5 5.638913376267617 18 
0008 0014 1 1671008021209612 121.25 -69.5 5.620505606812989 18 
0008 0011 1 1671008021211152 -45.5625 -67.5 6.129787228391022 18 
0008 0015 1 1671008021212147 61.8125 -70.0 0.5460971604872883 18 
0008 0015 2 1671008021238309 52.0625 -67.0 0.8897088569736719 18 
0008 0014 2 1671008021239830 0.0 -55.5 4.509903516383785 18 
0008 0004 2 1671008021244576 -32.5 -59.5 1.3928545554001621 18 
0008 0007 2 1671008021245770 52.0625 -68.0 3.472932503773092 18 
0008 0001 2 1671008021247875 -94.375 -65.0 4.6878452877785195 18 
0008 0011 2 1671008021251312 -114.6875 -68.0 2.6813984172241008 18 
0008 0005 2 1671008021252857 -45.5625 -69.5 6.025476534814799 18 
0008 0006 2 1671008021255699 -121.25 -68.0 1.9634954084936207 18 
0008 0007 3 1671008021276158 -87.875 -68.0 1.000155473701438 18 
0008 0001 3 1671008021278935 79.75 -62.5 1.2210487071569704 18 
0008 0005 3 1671008021280212 -156.1875 -66.5 0.20248546400090464 18 
0008 0015 3 1671008021281559 -42.3125 -63.0 3.429981041712294 18 
0008 0010 3 1671008021282525 143.1875 -68.0 5.190990986205009 18 
0008 0007 4 1671008021329066 13.0 -55.0 5.393476450205914 18 
0008 0000 4 1671008021329992 -253.875 -70.0 6.129787228391022 18 
0008 0015 4 1671008021331876 -87.875 -72.5 0.2699806186678728 18 
0008 0005 4 1671008021334041 -7.3125 -60.0 0.8651651643675016 18 
0008 0009 4 1671008021335739 6.5 -59.0 5.0253210611133605 18 
0008 0010 4 1671008021336705 19.5 -61.0 5.66959299202533 18 
0008 0011 4 1671008021339816 30.875 -66.0 0.32520392703175593 18 
0008 0004 5 1671008021375938 45.5625 -64.0 0.4172427743048944 18 
0008 0005 5 1671008021380256 62.625 -64.5 0.4356505437595221 18 
0008 0011 5 1671008021384943 -10.5625 -63.0 1.41126232485479 18 
0008 0015 5 1671008021386419 61.8125 -70.0 5.522330836388308 18 
0008 0008 5 1671008021387880 -35.75 -66.5 1.6689710972195777 18 
0008 0014 5 1671008021391362 97.625 -64.5 0.9326603190344698 18 
0008 0007 5 1671008021392542 -58.5625 -68.5 2.945243112740431 18 
0008 0002 5 1671008021393992 -198.5625 -71.0 0.11044661672776616 18 
0008 0010 5 1671008021394914 -126.9375 -67.0 3.3318062712876126 18 
0008 0009 5 1671008021399234 -93.5625 -68.5 0.9756117810952678 18 
0008 0009 6 1671008021428928 -65.0625 -70.5 3.0802334220743677 18 
0008 0004 6 1671008021430582 -24.375 -64.5 3.730641276137879 18 
0008 0010 6 1671008021434424 45.5625 -65.0 2.9329712664373457 18 
0008 0014 6 1671008021437469 -27.625 -63.0 2.3316507975861747 18 
0008 0011 6 1671008021438867 45.5625 -65.5 0.7424467013366504 18 
0008 0015 6 1671008021440061 78.0625 -69.5 2.7550294950426117 18 
0008 0006 6 1671008021441269 0.0 -58.5 1.1535535524900022 18 
0008 0006 7 1671008021466142 -128.5625 -61.5 5.473243451175968 18 
0008 0009 7 1671008021469572 -71.5625 -67.5 3.9147189706841563 18 
0008 0015 7 1671008021470733 9.75 -58.5 4.9823695990525625 18 
0008 0004 7 1671008021471922 -61.8125 -64.5 4.626486056263094 18 
0008 0011 7 1671008021472869 -38.1875 -62.0 4.479223900626073 18 
0008 0005 7 1671008021475391 39.0 -68.0 3.3318062712876126 18 
0008 0014 7 1671008021476608 -123.6875 -65.0 4.755340442445488 18 
0008 0004 8 1671008021508711 9.75 -68.0 1.6996507129772904 18 
0008 0006 8 1671008021510638 -55.3125 -65.5 4.1172044346850605 18 
0008 0007 8 1671008021512071 -26.0 -66.0 1.8960002538266525 18 
0008 0011 8 1671008021513256 24.375 -69.5 5.080544369477243 18 
0008 0009 8 1671008021515931 -52.0625 -70.5 3.8288160465625602 18 
0008 0014 8 1671008021517101 -76.4375 -62.5 2.724349879284899 18 
0008 0008 8 1671008021518661 -29.25 -65.5 5.436427912266712 18 
0008 0009 1 1671008021739078 19.5 -66.0 4.859651136021712 18 
0008 0001 1 1671008021740054 -21.125 -69.5 5.6941366846315 18 
0008 0008 1 1671008021741256 -3.25 -64.0 4.04357335686655 18 
0008 0007 1 1671008021742252 22.75 -58.0 5.767767762450011 18 
0008 0005 1 1671008021743202 -52.0625 -65.5 6.043884304269426 18 
0008 0014 1 1671008021745112 -177.375 -69.5 6.043884304269426 18 
0008 0011 1 1671008021747626 10.5625 -67.5 6.013204688511713 18 
0008 0010 1 1671008021749948 -201.8125 -68.5 2.478912953223196 18 
0008 0015 1 1671008021754765 -166.0 -71.0 0.9081166264282996 18 
0008 0014 2 1671008021787521 6.5 -55.5 4.491495746929157 18 
0008 0005 2 1671008021789748 -170.0625 -70.0 6.019340611663256 18 
0008 0015 2 1671008021791238 68.3125 -66.0 0.8774370106705868 18 
0008 0001 2 1671008021793276 -48.8125 -66.0 4.693981210930062 18 
0008 0011 2 1671008021794745 -211.5625 -68.5 2.761165418194154 18 
0008 0004 2 1671008021796425 3.25 -59.5 1.2640001692177683 18 
0008 0007 2 1671008021797774 -6.5 -69.0 3.4177091954092087 18 
0008 0006 2 1671008021798723 -173.3125 -71.0 2.012582793705961 18 
0008 0015 3 1671008021828228 -16.25 -63.0 3.368621810196868 18 
0008 0005 3 1671008021834693 0.0 -66.5 6.1420590746941075 18 
0008 0001 3 1671008021835673 -3.25 -62.0 1.41126232485479 18 
0008 0007 3 1671008021836627 26.0 -69.5 0.6135923151542565 18 
0008 0010 3 1671008021839089 -6.5 -68.0 5.516194913236766 18 
0008 0009 3 1671008021842753 42.3125 -69.5 1.3437671701878218 18 
0008 0007 4 1671008021887029 0.0 -55.0 5.424156065963627 18 
0008 0009 4 1671008021892203 -3.25 -59.5 5.399612373357457 18 
0008 0010 4 1671008021893780 -9.75 -60.5 5.749359992995383 18 
0008 0005 4 1671008021896129 13.8125 -59.5 0.8344855486097889 18 
0008 0011 4 1671008021900482 65.875 -66.0 0.2270291566070749 18 
0008 0000 4 1671008021901587 0.0 -70.5 6.160466844148735 18 
0008 0014 5 1671008021927142 7.3125 -64.5 1.1474176293384597 18 
0008 0008 5 1671008021928999 45.5625 -66.5 1.607611865704152 18 
0008 0005 5 1671008021931064 -55.3125 -64.0 0.6565437772150544 18 
0008 0015 5 1671008021932496 -22.75 -70.5 5.418020142812084 18 
0008 0004 5 1671008021935084 -3.25 -65.0 0.5031456984264903 18 
0008 0010 5 1671008021936275 32.5 -67.5 3.2090878082567613 18 
0008 0011 5 1671008021937461 41.5 -63.0 1.423534171157875 18 
0008 0009 5 1671008021941901 110.625 -66.5 0.9694758579437253 18 
0008 0002 5 1671008021943121 -48.8125 -71.0 6.154330920997192 18 
0008 0007 5 1671008021944271 87.875 -69.5 2.6568547246179306 18 
0008 0006 6 1671008021979152 7.3125 -58.5 1.1780972450961724 18 
0008 0015 6 1671008021980136 91.125 -69.5 2.773437264497239 18 
0008 0004 6 1671008021982301 -3.25 -65.0 3.8288160465625602 18 
0008 0010 6 1671008021984059 26.0 -64.5 3.000466421104314 18 
0008 0009 6 1671008021985234 -139.9375 -70.0 3.2459033471660166 18 
0008 0011 6 1671008021986448 0.0 -66.0 0.7424467013366504 18 
0008 0014 6 1671008021987471 -6.5 -63.0 2.282563412373834 18 
0008 0006 7 1671008022018230 -100.875 -61.0 5.418020142812084 18 
0008 0015 7 1671008022019136 -9.75 -59.0 4.994641445355648 18 
0008 0009 7 1671008022020924 -83.0 -67.5 4.295146206079795 18 
0008 0011 7 1671008022025403 87.0625 -62.0 4.381049130201391 18 
0008 0005 7 1671008022027040 121.25 -69.0 2.9697868053466014 18 
0008 0004 7 1671008022028595 -9.75 -64.5 4.491495746929157 18 
0008 0014 7 1671008022029533 -32.5 -65.0 4.503767593232243 18 
0008 0006 8 1671008022057173 -17.0625 -65.0 3.988350048502667 18 
0008 0008 8 1671008022059311 -32.5 -65.5 5.368932757599744 18 
0008 0009 8 1671008022060272 -97.625 -69.0 4.196971435655114 18 
0008 0014 8 1671008022062663 -7.3125 -63.0 2.5709518004963345 18 
0008 0011 8 1671008022064634 -117.9375 -69.0 5.062136600022616 18 
0008 0004 8 1671008022066771 -48.8125 -67.0 1.6198837120072371 18 
0008 0007 8 1671008022069226 39.0 -66.0 1.705786636128833 18 
0008 0010 1 1671008022287821 -139.9375 -67.5 1.9573594853420782 18 
0008 0009 1 1671008022294277 55.3125 -66.0 4.859651136021712 18 
0008 0005 1 1671008022296049 -65.875 -66.0 6.037748381117884 18 
0008 0007 1 1671008022297902 -55.3125 -58.0 5.896622148632405 18 
0008 0014 1 1671008022301367 71.5625 -69.5 5.663457068873787 18 
0008 0011 1 1671008022302329 30.875 -68.0 6.105243535784852 18 
0008 0008 1 1671008022303530 -68.3125 -64.5 3.9822141253511245 18 
0008 0001 1 1671008022306437 -142.375 -70.0 5.6941366846315 18 
0008 0015 1 1671008022307502 65.0625 -70.5 0.5276893910326605 18 
0008 0005 2 1671008022336380 52.0625 -68.5 5.681864838328415 18 
0008 0004 2 1671008022337297 19.5 -59.0 1.1965050145508 18 
0008 0007 2 1671008022340147 110.625 -67.0 3.2397674240144743 18 
0008 0011 2 1671008022342086 107.375 -69.0 2.5402721847386216 18 
0008 0001 2 1671008022343529 58.5625 -66.0 4.485359823777615 18 
0008 0015 2 1671008022345685 22.75 -67.5 1.0921943209745766 18 
0008 0014 2 1671008022347197 13.0 -55.5 4.466952054322987 18 
0008 0006 2 1671008022354587 -76.4375 -70.0 1.41126232485479 18 
0008 0005 3 1671008022379088 -55.3125 -66.5 6.277049384028044 18 
0008 0015 3 1671008022381214 42.3125 -63.5 3.2397674240144743 18 
0008 0009 3 1671008022382815 -78.0625 -70.0 1.3989904785517047 18 
0008 0011 3 1671008022385104 97.625 -69.5 4.006757817957295 18 
0008 0010 3 1671008022386042 -71.5625 -68.0 5.632777453116074 18 
0008 0007 3 1671008022387261 13.0 -68.5 0.8283496254582462 18 
0008 0001 3 1671008022391502 26.0 -62.5 0.9633399347921826 18 
0008 0010 4 1671008022426181 35.75 -60.5 5.780039608753096 18 
0008 0011 4 1671008022431731 55.3125 -66.0 0.25770877236478773 18 
0008 0009 4 1671008022432707 -29.25 -59.0 5.559146375297564 18 
0008 0005 4 1671008022434561 -34.9375 -60.0 0.9203884727313847 18 
0008 0007 4 1671008022435498 -29.25 -55.0 5.485515297479052 18 
0008 0000 4 1671008022437319 -78.0625 -70.5 6.074563920027139 18 
0008 0011 5 1671008022477196 10.5625 -63.0 1.3744467859455345 18 
0008 0008 5 1671008022479042 81.375 -66.0 1.6996507129772904 18 
0008 0005 5 1671008022479989 30.875 -64.0 0.5092816215780329 18 
0008 0004 5 1671008022481865 78.0625 -65.0 0.37429131224409645 18 
0008 0009 5 1671008022483040 110.625 -67.5 1.0062913968529805 18 
0008 0010 5 1671008022485523 -16.25 -67.5 3.3379421944391554 18 
0008 0014 5 1671008022487433 -6.5 -65.5 1.1106020904292042 18 
0008 0002 5 1671008022489988 26.0 -71.0 5.859806609723149 18 
0008 0015 5 1671008022493015 0.0 -71.0 5.534602682691394 18 
0008 0007 5 1671008022495092 48.8125 -69.5 2.834796496012665 18 
0008 0011 6 1671008022527479 17.0625 -65.5 0.7792622402459057 18 
0008 0004 6 1671008022530866 -38.1875 -64.5 3.902447124381071 18 
0008 0009 6 1671008022531799 -61.8125 -70.5 3.104777114680538 18 
0008 0006 6 1671008022532984 27.625 -58.5 1.1535535524900022 18 
0008 0014 6 1671008022534925 -27.625 -63.0 2.337786720737717 18 
0008 0015 6 1671008022544416 87.875 -69.0 2.7120780329818137 18 
0008 0010 6 1671008022547645 22.75 -64.0 2.945243112740431 18 
0008 0015 7 1671008022580097 -61.8125 -59.0 5.074408446325701 18 
0008 0006 7 1671008022581042 21.125 -61.5 5.258486140871978 18 
0008 0011 7 1671008022581972 3.25 -62.0 4.473087977474529 18 
0008 0014 7 1671008022583220 -29.25 -66.0 4.638757902566179 18 
0008 0004 7 1671008022584884 65.875 -64.0 4.430136515413731 18 
0008 0005 7 1671008022585817 -61.8125 -68.5 3.227495577711389 18 
0008 0009 7 1671008022586794 48.8125 -67.5 4.215379205109742 18 
0008 0011 8 1671008022636611 -27.625 -71.0 5.074408446325701 18 
0008 0004 8 1671008022639317 -48.8125 -67.0 1.8100973297050567 18 
0008 0014 8 1671008022640516 -16.25 -62.5 2.5893595699509624 18 
0008 0006 8 1671008022641492 -41.5 -66.0 4.0128937411088375 18 
0008 0007 8 1671008022642428 22.75 -65.5 1.7548740213411735 18 
0008 0008 8 1671008022646946 -22.75 -65.0 5.418020142812084 18 
0008 0009 8 1671008022648236 39.0 -69.5 3.6324665057131984 18 
0008 0001 1 1671008022865869 139.125 -70.0 5.589825991055276 18 
0008 0011 1 1671008022866825 0.0 -68.5 6.227961998815704 18 
0008 0005 1 1671008022870688 -27.625 -65.0 6.062292073724054 18 
0008 0009 1 1671008022871651 52.0625 -66.0 5.135767677841127 18 
0008 0008 1 1671008022875031 -32.5 -64.0 4.25833066717054 18 
0008 0007 1 1671008022875980 13.0 -58.0 5.798447378207723 18 
0008 0014 1 1671008022877271 -107.375 -69.5 5.964117303299373 18 
0008 0010 1 1671008022879976 32.5 -69.0 2.1046216409791 18 
0008 0015 1 1671008022881794 -35.75 -69.0 0.6933593161243098 18 
0008 0014 2 1671008022915904 22.75 -55.5 4.460816131171445 18 
0008 0011 2 1671008022917789 -284.8125 -68.5 2.8961557275280905 18 
0008 0001 2 1671008022920119 45.5625 -65.5 5.252350217720435 18 
0008 0015 2 1671008022923019 -26.0 -66.5 1.0246991663076084 18 
0008 0004 2 1671008022924833 -59.375 -60.0 1.5462526341887264 18 
0008 0007 2 1671008022929866 26.0 -66.5 3.4177091954092087 18 
0008 0005 2 1671008022931502 7.3125 -69.5 6.209554229361076 18 
0008 0006 2 1671008022932564 -30.875 -70.5 1.3621749396424494 18 
0008 0007 3 1671008022958839 32.5 -68.0 0.6872233929727672 18 
0008 0010 3 1671008022959773 -3.25 -69.0 5.160311370447297 18 
0008 0005 3 1671008022964348 -39.0 -65.5 6.166602767300278 18 
0008 0015 3 1671008022968923 -58.5625 -64.0 3.368621810196868 18 
0008 0001 3 1671008022969939 17.0625 -63.5 1.227184630308513 18 
0008 0009 3 1671008022973534 58.5625 -70.5 1.000155473701438 18 
0008 0007 4 1671008023006922 -16.25 -55.0 5.448699758569798 18 
0008 0009 4 1671008023009960 0.0 -60.5 4.724660826687775 18 
0008 0011 4 1671008023010911 -41.5 -66.5 0.3620194659410113 18 
0008 0010 4 1671008023013305 -16.25 -61.5 5.651185222570702 18 
0008 0005 4 1671008023015970 55.3125 -60.0 0.6994952392758523 18 
0008 0000 4 1671008023021066 -113.875 -70.5 5.829126993965437 18 
0008 0005 5 1671008023056146 21.125 -63.0 0.42337869745643697 18 
0008 0011 5 1671008023058767 68.3125 -62.5 1.2455923997631406 18 
0008 0008 5 1671008023059733 -120.4375 -67.0 1.4480778637640452 18 
0008 0002 5 1671008023064707 -146.4375 -70.0 5.436427912266712 18 
0008 0007 5 1671008023066782 -152.9375 -69.5 3.2704470397721868 18 
0008 0004 5 1671008023067955 -91.125 -64.5 0.22089323345553233 18 
0008 0010 5 1671008023071440 -58.5625 -67.5 3.2397674240144743 18 
0008 0014 5 1671008023072445 84.625 -65.5 0.9940195505498954 18 
0008 0009 5 1671008023075007 22.75 -70.5 6.1850105367549055 18 
0008 0006 5 1671008023076338 194.4375 -70.5 0.7363107781851077 18 
0008 0015 5 1671008023078112 -32.5 -71.0 5.45483568172134 18 
0008 0009 6 1671008023112100 -6.5 -71.0 2.693670263527186 18 
0008 0014 6 1671008023117934 -17.0625 -62.5 2.356194490192345 18 
0008 0011 6 1671008023119548 -27.625 -67.0 0.7853981633974483 18 
0008 0006 6 1671008023120775 17.0625 -58.5 1.141281706186917 18 
0008 0004 6 1671008023122020 -13.8125 -62.5 3.5342917352885173 18 
0008 0010 6 1671008023124011 -29.25 -64.0 3.018874190558942 18 
0008 0015 6 1671008023126269 -139.9375 -69.5 2.9575149590435164 18 
0008 0011 7 1671008023157087 24.375 -62.5 4.276738436625168 18 
0008 0006 7 1671008023158400 13.8125 -60.5 5.1725832167503825 18 
0008 0009 7 1671008023159320 13.0 -67.0 3.724505352986337 18 
0008 0004 7 1671008023160309 62.625 -64.5 5.062136600022616 18 
0008 0015 7 1671008023162490 -13.0 -59.0 5.019185137961818 18 
0008 0008 7 1671008023164643 84.625 -69.5 1.4173982480063325 18 
0008 0014 7 1671008023167745 79.75 -66.0 4.448544284868359 18 
0008 0005 7 1671008023168979 -130.1875 -68.5 3.6079228131070282 18 
0008 0014 8 1671008023197619 52.0625 -62.5 2.5034566458293663 18 
0008 0008 8 1671008023199375 -13.0 -64.0 5.945709533844745 18 
0008 0004 8 1671008023203594 59.375 -69.0 2.478912953223196 18 
0008 0007 8 1671008023205681 3.25 -66.5 1.761009944492716 18 
0008 0006 8 1671008023206600 21.125 -66.5 3.761320891895592 18 
0008 0011 8 1671008023208015 41.5 -71.5 5.2768939103266055 18 
0008 0005 8 1671008023209231 76.4375 -71.5 5.332117218690489 18 
0008 0009 1 1671008023426879 146.4375 -68.5 3.5833791205008576 18 
0008 0008 1 1671008023430801 -29.25 -63.0 5.491651220630596 18 
0008 0007 1 1671008023431795 -16.25 -59.5 5.890486225480862 18 
0008 0005 1 1671008023433849 17.0625 -62.5 1.030835089459151 18 
0008 0015 1 1671008023436059 -26.0 -69.0 0.8099418560036186 18 
0008 0001 1 1671008023437120 -24.375 -67.5 4.706253057233147 18 
0008 0010 1 1671008023439405 32.5 -70.0 2.9391071895888885 18 
0008 0005 2 1671008023466540 332.0 -68.5 2.705942109830271 18 
0008 0004 2 1671008023472976 -3.25 -60.5 4.3074180523828804 18 
0008 0014 2 1671008023474775 26.0 -55.5 4.381049130201391 18 
0008 0007 2 1671008023476098 -117.125 -68.5 3.8533597391687304 18 
0008 0001 2 1671008023477212 6.5 -62.5 4.92714629068868 18 
0008 0015 2 1671008023479526 175.75 -69.5 0.44178646691106466 18 
0008 0006 2 1671008023485086 125.3125 -69.5 1.2210487071569704 18 
0008 0005 3 1671008023516201 48.8125 -61.5 4.319689898685965 18 
0008 0007 3 1671008023518527 -9.75 -61.0 5.491651220630596 18 
0008 0001 3 1671008023522594 48.8125 -64.5 2.5954954931025047 18 
0008 0015 3 1671008023524053 19.5 -63.0 3.1231848841351653 18 
0008 0007 4 1671008023556711 -35.75 -56.0 5.436427912266712 18 
0008 0001 4 1671008023560445 17.0625 -69.5 1.8100973297050567 18 
0008 0011 4 1671008023561407 -69.125 -69.5 5.307573526084319 18 
0008 0004 4 1671008023562579 -73.1875 -65.0 5.491651220630596 18 
0008 0009 4 1671008023566121 61.8125 -68.5 3.9208548938356986 18 
0008 0005 4 1671008023567124 13.8125 -60.0 4.632621979414636 18 
0008 0015 5 1671008023597130 -19.5 -70.0 4.859651136021712 18 
0008 0004 5 1671008023599763 24.375 -59.0 3.5158839658338894 18 
0008 0014 5 1671008023604888 -87.0625 -64.5 1.2578642460662257 18 
0008 0014 6 1671008023645899 13.0 -62.5 2.018718716857504 18 
0008 0006 6 1671008023649754 48.8125 -64.5 0.5522330836388308 18 
0008 0002 6 1671008023650988 113.875 -74.5 2.313243028131547 18 
0008 0015 6 1671008023651968 -26.0 -69.0 1.521708941582556 18 
0008 0010 6 1671008023653388 71.5625 -68.0 1.6321555583103222 18 
0008 0004 6 1671008023656522 3.25 -60.0 0.5890486225480862 18 
0008 0010 7 1671008023686160 -48.8125 -66.5 0.6504078540635119 18 
0008 0001 7 1671008023687291 27.625 -67.5 3.031146036862027 18 
0008 0015 7 1671008023688313 -13.0 -58.0 5.3627968344482015 18 
0008 0000 7 1671008023692458 74.8125 -70.0 1.7732817907958012 18 
0008 0006 7 1671008023694816 34.9375 -63.0 0.02454369260617026 18 
0008 0004 7 1671008023697738 -3.25 -62.0 3.4054373491061236 18 
0008 0014 7 1671008023703069 100.875 -63.5 4.528311285838413 18 
0008 0011 7 1671008023705102 -13.8125 -63.0 4.890330751779424 18 
0008 0008 8 1671008023736663 -3.25 -66.5 3.9392626632903265 18 
0008 0004 8 1671008023740884 -13.8125 -61.5 4.000621894805752 18 
0008 0007 8 1671008023743055 -13.0 -68.0 3.497476196379262 18 
0008 0006 8 1671008023745204 34.9375 -71.5 5.344389064993574 18 
0008 0011 8 1671008023746600 3.25 -72.0 0.5399612373357456 18 
0008 0014 8 1671008023753766 62.625 -67.5 1.2333205534600555 18 
0008 0009 1 1671008023967329 -13.0 -58.0 1.1106020904292042 18 
0008 0005 1 1671008023970904 -26.0 -56.0 3.6324665057131984 18 
0008 0007 1 1671008023974501 -19.5 -64.0 2.2212041808584084 18 
0008 0010 1 1671008023976851 -19.5 -59.5 2.466641106920111 18 
0008 0004 1 1671008023978733 87.0625 -66.5 2.3316507975861747 18 
0008 0006 1 1671008023983669 -59.375 -67.5 6.234097921967246 18 
0008 0011 1 1671008023984957 -45.5625 -69.5 0.4049709280018093 18 
0008 0015 1 1671008023987059 9.75 -66.5 0.018407769454627694 18 
0008 0008 2 1671008024029740 -19.5 -64.0 0.21475731030398976 18 
0008 0014 2 1671008024030930 -16.25 -57.0 4.0987966652304335 18 
0008 0004 2 1671008024032882 30.875 -57.0 1.8653206380689396 18 
0008 0010 2 1671008024033889 -13.0 -65.5 6.12365130523948 18 
0008 0001 2 1671008024034824 -35.75 -67.5 2.8286605728611223 18 
0008 0006 2 1671008024036264 -7.3125 -66.0 1.8285050991596843 18 
0008 0015 2 1671008024041725 -29.25 -62.5 0.0 18 
0008 0011 2 1671008024042643 -197.6875 -71.5 3.3747577333484107 18 
0008 0005 2 1671008024045430 -10.5625 -65.0 1.1658253987930873 18 
0008 0015 3 1671008024077602 -22.75 -61.0 3.902447124381071 18 
0008 0007 3 1671008024079517 22.75 -63.0 4.620350133111551 18 
0008 0005 3 1671008024084198 17.0625 -61.0 2.184388641949153 18 
0008 0000 4 1671008024140639 -78.0625 -69.5 3.9515345095934116 18 
0008 0007 4 1671008024141589 26.0 -62.0 5.399612373357457 18 
0008 0005 4 1671008024143518 -35.75 -65.0 5.246214294568893 18 
0008 0009 4 1671008024144945 35.75 -60.5 2.1598449493429825 18 
0008 0015 4 1671008024145924 9.75 -61.5 1.662835174068035 18 
0008 0004 4 1671008024148206 73.1875 -63.5 3.3072625786814425 18 
0008 0011 4 1671008024149506 -3.25 -67.5 0.9940195505498954 18 
0008 0012 4 1671008024154835 110.625 -69.0 0.28838838812250056 18 
0008 0001 4 1671008024156797 128.5625 -69.0 5.3627968344482015 18 
0008 0007 5 1671008024190692 26.0 -67.5 4.589670517353839 18 
0008 0004 5 1671008024193097 -22.75 -54.0 2.9084275738311756 18 
0008 0014 5 1671008024194255 6.5 -58.5 1.761009944492716 18 
0008 0015 5 1671008024197790 -84.625 -67.0 5.970253226450915 18 
0008 0004 6 1671008024228456 21.125 -60.0 0.8222137023067037 18 
0008 0006 6 1671008024229657 -17.0625 -63.0 5.890486225480862 18 
0008 0014 6 1671008024233003 -19.5 -58.5 3.8840393549264434 18 
0008 0007 6 1671008024235135 -117.125 -71.0 5.313709449235861 18 
0008 0009 6 1671008024239838 -13.0 -64.0 4.147884050442774 18 
0008 0015 6 1671008024242237 13.0 -67.0 4.135612204139688 18 
0008 0014 7 1671008024276047 55.3125 -62.0 2.0800779483729293 18 
0008 0015 7 1671008024277012 -19.5 -58.0 4.301282129231338 18 
0008 0010 7 1671008024278232 13.0 -58.0 4.4362724385652745 18 
0008 0013 7 1671008024280829 -9.75 -62.0 3.466796580621549 18 
0008 0001 7 1671008024283029 -39.0 -62.0 0.16566992509164924 18 
0008 0007 7 1671008024283981 45.5625 -66.0 4.675573441475434 18 
0008 0009 7 1671008024289517 29.25 -61.0 0.35588354278946877 18 
0008 0011 7 1671008024292719 -201.8125 -71.0 5.43029198911517 18 
0008 0005 7 1671008024294259 -3.25 -64.5 1.141281706186917 18 
0008 0001 8 1671008024326458 -3.25 -66.5 5.945709533844745 18 
0008 0007 8 1671008024327426 -55.3125 -67.0 3.4177091954092087 18 
0008 0013 8 1671008024328370 6.5 -54.5 4.23378697456437 18 
0008 0014 8 1671008024335914 22.75 -64.0 6.178874613603362 18 
0008 0012 8 1671008024337652 -6.5 -60.0 6.2034183062095325 18 
0008 0015 8 1671008024338862 -87.875 -72.0 3.730641276137879 18 
0008 0008 8 1671008024342241 -26.0 -70.5 6.2463697682703305 18 
0008 0005 8 1671008024343216 7.3125 -65.5 5.64504929941916 18 
0008 0012 1 1671008024566872 58.5625 -66.0 2.779573187648782 18 
0008 0011 1 1671008024569642 -10.5625 -58.5 1.932815792735908 18 
0008 0007 1 1671008024575790 -55.3125 -68.0 1.055378782065321 18 
0008 0009 1 1671008024577017 30.875 -62.0 1.3744467859455345 18 
0008 0001 1 1671008024577907 45.5625 -68.5 5.663457068873787 18 
0008 0015 1 1671008024579480 -13.0 -64.0 5.4671075280244255 18 
0008 0010 1 1671008024580916 -55.3125 -64.5 1.8530487917658545 18 
0008 0005 1 1671008024583843 22.75 -58.0 1.2455923997631406 18 
0008 0004 1 1671008024585014 3.25 -61.0 5.890486225480862 18 
0008 0013 1 1671008024586900 29.25 -70.5 1.0185632431560658 18 
0008 0014 1 1671008024591229 -13.8125 -70.5 6.1850105367549055 18 
0008 0004 2 1671008024616271 -185.5 -69.0 3.2029518851052186 18 
0008 0001 2 1671008024619863 87.0625 -66.5 5.602097837358362 18 
0008 0006 2 1671008024620724 -83.0 -68.0 5.141903600992669 18 
0008 0012 2 1671008024621670 9.75 -58.0 4.28287435977671 18 
0008 0014 2 1671008024623535 0.0 -55.5 2.521864415283994 18 
0008 0011 2 1671008024629003 30.875 -61.5 5.853670686571607 18 
0008 0013 2 1671008024630186 0.0 -62.5 1.3867186322486196 18 
0008 0005 2 1671008024634428 -93.5625 -67.5 1.8653206380689396 18 
0008 0015 2 1671008024635406 22.75 -60.0 5.700272607783043 18 
0008 0007 2 1671008024657893 -9.75 -70.5 4.295146206079795 18 
0008 0015 3 1671008024686154 -6.5 -61.0 4.6448938257177215 18 
0008 0007 3 1671008024689692 3.25 -61.0 4.405592822807561 18 
0008 0004 3 1671008024695790 59.375 -69.0 4.3074180523828804 18 
0008 0001 3 1671008024703655 16.25 -63.0 0.28838838812250056 18 
0008 0005 3 1671008024704574 13.0 -60.0 3.055689729468197 18 
0008 0015 4 1671008024749698 -3.25 -63.0 1.337631247036279 18 
0008 0006 4 1671008024750874 -107.375 -68.5 4.460816131171445 18 
0008 0001 4 1671008024754502 -114.6875 -67.5 0.8897088569736719 18 
0008 0011 4 1671008024757334 17.0625 -70.5 2.736621725587984 18 
0008 0009 4 1671008024758894 -39.0 -69.5 5.148039524144211 18 
0008 0007 4 1671008024760233 123.6875 -68.5 3.018874190558942 18 
0008 0005 4 1671008024762349 -30.875 -62.0 4.221515128261284 18 
0008 0012 4 1671008024764241 -13.0 -68.0 2.313243028131547 18 
0008 0004 4 1671008024765457 -6.5 -65.5 3.3379421944391554 18 
0008 0014 5 1671008024798529 13.8125 -60.5 1.8530487917658545 18 
0008 0010 5 1671008024800327 0.0 -68.0 0.32520392703175593 18 
0008 0004 5 1671008024801278 3.25 -56.5 2.6998061866787286 18 
0008 0007 5 1671008024811434 -6.5 -69.5 4.338097668140593 18 
0008 0015 5 1671008024817935 91.125 -68.5 6.252505691421874 18 
0008 0013 5 1671008024818925 78.0625 -72.5 3.773592738198677 18 
0008 0013 6 1671008024847180 -52.0625 -67.5 4.080388895775806 18 
0008 0004 6 1671008024848239 30.875 -58.0 0.5645049299419159 18 
0008 0007 6 1671008024851118 -19.5 -64.5 4.9394181369917645 18 
0008 0011 6 1671008024853810 -145.625 -72.0 3.9392626632903265 18 
0008 0014 6 1671008024855065 9.75 -58.0 3.3072625786814425 18 
0008 0009 6 1671008024858158 -48.8125 -73.0 0.4540583132141498 18 
0008 0015 6 1671008024859182 -58.5625 -68.5 4.135612204139688 18 
0008 0006 6 1671008024863164 -65.875 -65.5 5.135767677841127 18 
0008 0013 7 1671008024896261 6.5 -64.5 3.865631585471816 18 
0008 0007 7 1671008024897487 -286.4375 -70.5 5.013049214810275 18 
0008 0010 7 1671008024898889 13.0 -59.5 6.074563920027139 18 
0008 0001 7 1671008024900517 55.3125 -66.5 4.7860200582032 18 
0008 0015 7 1671008024901425 3.25 -57.0 4.166291819897402 18 
0008 0012 7 1671008024903834 -91.125 -69.0 2.4911847995262812 18 
0008 0009 7 1671008024904824 -94.375 -66.5 5.964117303299373 18 
0008 0014 7 1671008024906523 39.0 -60.5 1.6260196351587797 18 
0008 0005 7 1671008024909610 62.625 -64.0 1.055378782065321 18 
0008 0005 8 1671008024938839 3.25 -65.5 5.853670686571607 18 
0008 0012 8 1671008024940467 29.25 -59.5 0.7547185476397354 18 
0008 0014 8 1671008024945361 3.25 -63.5 5.964117303299373 18 
0008 0013 8 1671008024948375 -3.25 -56.5 5.080544369477243 18 
0008 0015 8 1671008024950875 58.5625 -72.0 3.0925052683774528 18 
0008 0007 8 1671008024951969 -81.375 -65.0 4.086524818927348 18 
0008 0014 1 1671008025176171 0.0 -70.0 6.19728238305799 18 
0008 0015 1 1671008025177312 -29.25 -64.5 5.485515297479052 18 
0008 0012 1 1671008025181533 -6.5 -66.5 3.227495577711389 18 
0008 0005 1 1671008025184906 17.0625 -58.5 1.4971652489763858 18 
0008 0007 1 1671008025185886 16.25 -67.0 1.2578642460662257 18 
0008 0011 1 1671008025187100 24.375 -60.0 2.3746022596469727 18 
0008 0004 1 1671008025188360 -34.9375 -60.5 6.191146459906448 18 
0008 0010 1 1671008025189837 -45.5625 -64.5 2.2457478734645786 18 
0008 0001 1 1671008025194000 48.8125 -69.0 5.915029918087033 18 
0008 0009 1 1671008025198781 26.0 -62.5 1.552388557340269 18 
0008 0004 2 1671008025228551 -191.1875 -70.0 3.2827188860752723 18 
0008 0001 2 1671008025229469 -38.1875 -65.0 0.18407769454627693 18 
0008 0006 2 1671008025231178 55.3125 -68.0 5.399612373357457 18 
0008 0013 2 1671008025232123 6.5 -63.0 1.6751070203711202 18 
0008 0014 2 1671008025233313 13.0 -56.0 2.478912953223196 18 
0008 0012 2 1671008025236163 -13.0 -57.5 4.399456899656019 18 
0008 0015 2 1671008025239454 -3.25 -60.5 5.737088146692298 18 
0008 0011 2 1671008025242781 65.0625 -61.0 5.9088939949354895 18 
0008 0005 2 1671008025246663 -73.1875 -69.5 2.000310947402876 18 
0008 0007 3 1671008025296444 -3.25 -60.0 4.344233591292136 18 
0008 0004 3 1671008025299170 32.5 -69.0 4.184699589352029 18 
0008 0015 3 1671008025305054 -16.25 -60.5 4.681709364626977 18 
0008 0005 3 1671008025307744 41.5 -59.0 2.804116880254952 18 
0008 0001 3 1671008025312349 39.0 -63.5 0.06135923151542565 18 
0008 0009 4 1671008025339193 13.8125 -68.5 5.019185137961818 18 
0008 0015 4 1671008025340173 35.75 -63.5 1.2885438618239387 18 
0008 0012 4 1671008025341149 45.5625 -67.0 2.116893487282185 18 
0008 0004 4 1671008025342110 55.3125 -65.5 3.08636934522591 18 
0008 0005 4 1671008025345038 -7.3125 -63.0 3.9699422790480394 18 
0008 0011 4 1671008025346965 -97.625 -71.5 3.06182565261974 18 
0008 0000 4 1671008025348113 -166.0 -74.5 4.166291819897402 18 
0008 0006 4 1671008025351182 -45.5625 -69.0 4.264466590322082 18 
0008 0007 4 1671008025354381 -71.5625 -68.5 3.522019888985432 18 
0008 0001 4 1671008025357173 -34.9375 -66.5 0.662679700366597 18 
0008 0014 5 1671008025387280 9.75 -61.0 1.7794177139473437 18 
0008 0004 5 1671008025392549 13.8125 -56.0 2.497320722677824 18 
0008 0010 5 1671008025393782 -19.5 -68.0 0.4540583132141498 18 
0008 0007 5 1671008025395015 9.75 -69.5 4.147884050442774 18 
0008 0015 5 1671008025407061 -289.6875 -68.5 0.705631162427395 18 
0008 0011 6 1671008025428683 -73.1875 -71.5 3.736777199289422 18 
0008 0013 6 1671008025432564 9.75 -67.0 4.031301510563465 18 
0008 0014 6 1671008025435202 -21.125 -58.0 3.393165502803038 18 
0008 0015 6 1671008025436396 29.25 -69.5 3.9085830475326135 18 
0008 0007 6 1671008025438418 0.0 -64.5 4.957825906446392 18 
0008 0004 6 1671008025439350 0.0 -58.0 0.4172427743048944 18 
0008 0006 6 1671008025441420 30.875 -66.5 4.890330751779424 18 
0008 0009 6 1671008025449111 48.8125 -73.0 0.619728238305799 18 
0008 0007 7 1671008025477273 42.3125 -69.0 4.878058905476339 18 
0008 0005 7 1671008025478293 69.125 -63.5 1.055378782065321 18 
0008 0010 7 1671008025479425 6.5 -60.0 0.0 18 
0008 0013 7 1671008025480814 -78.0625 -63.5 4.09266074207889 18 
0008 0014 7 1671008025482665 0.0 -60.5 1.6198837120072371 18 
0008 0001 7 1671008025484866 -22.75 -64.0 5.5284667595398505 18 
0008 0015 7 1671008025485804 -29.25 -56.5 4.270602513473625 18 
0008 0009 7 1671008025490206 35.75 -65.0 6.14819499784565 18 
0008 0012 7 1671008025492663 -169.25 -68.5 2.270291566070749 18 
0008 0001 8 1671008025525939 -13.8125 -69.0 5.442563835418255 18 
0008 0013 8 1671008025526942 -9.75 -56.5 5.086680292628786 18 
0008 0012 8 1671008025530257 9.75 -59.0 0.8774370106705868 18 
0008 0005 8 1671008025534952 -22.75 -65.5 5.896622148632405 18 
0008 0007 8 1671008025537965 -6.5 -64.5 4.049709280018092 18 
0008 0014 8 1671008025541052 48.8125 -63.5 5.93343768754166 18 
0008 0015 8 1671008025545868 -13.0 -72.0 3.153864499892878 18 
0008 0014 1 1671008025767121 -159.5 -70.5 0.018407769454627694 18 
0008 0007 1 1671008025768835 -16.25 -67.5 1.3130875544301088 18 
0008 0010 1 1671008025770016 -39.0 -64.5 2.429825568010856 18 
0008 0005 1 1671008025771898 -10.5625 -58.5 1.4848934026733007 18 
0008 0009 1 1671008025773623 -3.25 -60.5 1.6873788666742053 18 
0008 0011 1 1671008025777053 41.5 -60.0 2.350058567040802 18 
0008 0004 1 1671008025780643 -21.125 -61.5 6.22182607566416 18 
0008 0015 1 1671008025782063 -45.5625 -64.0 5.436427912266712 18 
0008 0012 1 1671008025789496 -16.25 -67.5 3.215223731408304 18 
0008 0001 1 1671008025790432 -52.0625 -68.0 6.019340611663256 18 
0008 0011 2 1671008025818501 -69.125 -61.5 6.227961998815704 18 
0008 0004 2 1671008025819933 39.0 -68.5 3.313398501832985 18 
0008 0015 2 1671008025825385 32.5 -61.0 5.706408530934585 18 
0008 0012 2 1671008025827794 -29.25 -57.5 4.442408361716817 18 
0008 0013 2 1671008025829760 13.0 -62.5 1.7241944055834606 18 
0008 0014 2 1671008025831188 6.5 -55.5 2.5586799541932495 18 
0008 0001 2 1671008025832139 -45.5625 -64.5 0.3313398501832985 18 
0008 0005 2 1671008025833954 42.3125 -70.0 1.8223691760081417 18 
0008 0006 2 1671008025834900 -62.625 -68.0 5.939573610693203 18 
0008 0009 2 1671008025858048 0.0 -70.5 1.8653206380689396 18 
0008 0005 3 1671008025885969 -17.0625 -58.0 2.761165418194154 18 
0008 0004 3 1671008025890533 -110.625 -71.5 3.834951969714103 18 
0008 0007 3 1671008025896505 -32.5 -60.5 4.338097668140593 18 
0008 0015 3 1671008025901326 3.25 -62.0 4.614214209960009 18 
0008 0001 3 1671008025905896 123.6875 -65.0 5.546874528994478 18 
0008 0007 4 1671008025947460 -117.125 -68.5 3.552699504743145 18 
0008 0009 4 1671008025949381 26.0 -66.5 5.295301679781233 18 
0008 0015 4 1671008025951011 3.25 -64.5 1.423534171157875 18 
0008 0012 4 1671008025952159 26.0 -66.5 2.098485717827557 18 
0008 0001 4 1671008025954322 13.8125 -66.0 0.2945243112740431 18 
0008 0000 4 1671008025962090 -175.75 -73.5 4.129476280988146 18 
0008 0004 4 1671008025963659 -3.25 -65.5 2.834796496012665 18 
0008 0005 4 1671008025964874 -59.375 -63.5 3.9638063558964967 18 
0008 0006 4 1671008025967903 -7.3125 -69.5 4.080388895775806 18 
0008 0011 4 1671008025969859 139.125 -72.5 2.662990647769473 18 
0008 0013 4 1671008025970778 -162.75 -70.5 3.104777114680538 18 
0008 0014 5 1671008025996518 6.5 -60.5 1.718058482431918 18 
0008 0010 5 1671008025997937 -19.5 -66.5 0.619728238305799 18 
0008 0015 5 1671008026005339 52.0625 -68.5 6.264777537724958 18 
0008 0007 5 1671008026006602 -65.0625 -69.5 4.23378697456437 18 
0008 0004 5 1671008026011004 -32.5 -56.0 2.4727770300716534 18 
0008 0006 6 1671008026059630 -45.5625 -68.0 4.540583132141498 18 
0008 0014 6 1671008026060844 -3.25 -58.0 3.3502140407422405 18 
0008 0013 6 1671008026062525 0.0 -67.0 3.9822141253511245 18 
0008 0015 6 1671008026064719 -55.3125 -70.5 4.006757817957295 18 
0008 0009 6 1671008026066430 -74.8125 -72.0 1.41126232485479 18 
0008 0007 6 1671008026067367 -61.8125 -65.0 5.056000676871073 18 
0008 0004 6 1671008026069781 17.0625 -58.0 0.1043106935762236 18 
0008 0013 7 1671008026107814 -39.0 -64.0 4.135612204139688 18 
0008 0015 7 1671008026109005 -9.75 -57.0 4.25833066717054 18 
0008 0010 7 1671008026110708 9.75 -59.0 0.17794177139473438 18 
0008 0001 7 1671008026112381 -30.875 -63.5 6.080699843178682 18 
0008 0012 7 1671008026114889 152.9375 -67.5 1.9634954084936207 18 
0008 0009 7 1671008026118264 29.25 -62.5 0.32520392703175593 18 
0008 0014 7 1671008026122434 9.75 -60.5 1.6260196351587797 18 
0008 0005 7 1671008026123795 16.25 -65.0 1.239456476611598 18 
0008 0007 7 1671008026124719 -117.125 -69.5 4.865787059173254 18 
0008 0015 8 1671008026159130 -100.875 -72.5 3.2336315008629315 18 
0008 0013 8 1671008026161028 -19.5 -56.5 5.062136600022616 18 
0008 0005 8 1671008026162215 3.25 -66.0 5.896622148632405 18 
0008 0007 8 1671008026163650 -35.75 -64.5 4.000621894805752 18 
0008 0001 8 1671008026166676 10.5625 -66.5 5.700272607783043 18 
0008 0012 8 1671008026168557 26.0 -59.5 0.9817477042468103 18 
0008 0014 8 1671008026171058 -3.25 -64.0 6.043884304269426 18 
