0008 0006 1 1671003087656715 -10.5625 -58.5 5.086680292628786 16 
0008 0002 1 1671003087662478 55.3125 -69.0 2.423689644859313 16 
0008 0015 1 1671003087664320 9.75 -57.5 5.816855147662351 16 
0008 0007 1 1671003087668930 -192.0 -72.5 5.3198453723874035 16 
0008 0004 1 1671003087670785 -76.4375 -65.5 4.031301510563465 16 
0008 0006 2 1671003087697493 -65.875 -62.0 4.779884135051658 16 
0008 0004 2 1671003087699642 -3.25 -62.0 1.6935147898257479 16 
0008 0015 2 1671003087702193 -6.5 -62.5 5.252350217720435 16 
0008 0004 3 1671003087736877 -21.125 -69.0 5.338253141842031 16 
0008 0001 3 1671003087739624 -32.5 -65.5 0.8283496254582462 16 
0008 0014 3 1671003087740813 -91.125 -65.5 1.4971652489763858 16 
0008 0005 3 1671003087742214 -24.375 -64.0 2.4911847995262812 16 
0008 0015 3 1671003087745789 -29.25 -64.5 6.12365130523948 16 
0008 0006 3 1671003087750641 -90.3125 -70.0 4.97623367590102 16 
0008 0005 4 1671003087778532 -65.875 -67.0 6.111379458936394 16 
0008 0015 4 1671003087782768 35.75 -66.5 0.521553467881118 16 
0008 0001 4 1671003087783716 26.0 -67.0 4.23378697456437 16 
0008 0004 4 1671003087785738 -173.3125 -68.5 4.577398671050753 16 
0008 0006 4 1671003087789930 87.0625 -72.5 5.356660911296659 16 
0008 0005 5 1671003087818241 10.5625 -68.0 4.9394181369917645 16 
0008 0006 7 1671003087897994 -45.5625 -62.0 0.7485826244881929 16 
0008 0004 8 1671003087947464 3.25 -68.5 2.448233337465483 16 
0008 0006 8 1671003087954312 -41.5 -65.5 1.141281706186917 16 
0008 0015 1 1671003088179933 -22.75 -57.5 5.872078456026235 16 
0008 0006 1 1671003088184168 0.0 -58.5 5.043728830567988 16 
0008 0002 1 1671003088185381 42.3125 -69.5 2.497320722677824 16 
0008 0004 1 1671003088187503 -93.5625 -66.0 4.006757817957295 16 
0008 0007 1 1671003088190213 -55.3125 -71.5 5.240078371417351 16 
0008 0004 2 1671003088218187 21.125 -62.0 1.736466251886546 16 
0008 0006 2 1671003088221579 -84.625 -63.5 4.865787059173254 16 
0008 0015 2 1671003088224120 -19.5 -63.0 5.350524988145116 16 
0008 0001 3 1671003088251834 3.25 -66.5 0.6504078540635119 16 
0008 0005 3 1671003088254213 68.3125 -63.0 1.945087639038993 16 
0008 0015 3 1671003088258560 -32.5 -64.5 6.1850105367549055 16 
0008 0004 3 1671003088259890 62.625 -69.5 5.387340527054372 16 
0008 0007 3 1671003088266233 -201.8125 -73.0 1.859184714917397 16 
0008 0006 3 1671003088268738 246.5625 -70.5 4.675573441475434 16 
0008 0005 4 1671003088296172 24.375 -67.5 5.988660995905543 16 
0008 0001 4 1671003088299115 -135.0625 -67.0 4.460816131171445 16 
0008 0006 4 1671003088300584 -93.5625 -72.0 5.50392306693368 16 
0008 0004 4 1671003088301561 -27.625 -69.0 4.374913207049849 16 
0008 0015 4 1671003088305792 91.125 -66.0 0.4295146206079795 16 
0008 0005 5 1671003088345506 -79.75 -67.5 5.203262832508095 16 
0008 0006 7 1671003088420958 48.8125 -62.0 0.6258641614573416 16 
0008 0004 8 1671003088464113 -38.1875 -68.5 2.448233337465483 16 
0008 0006 8 1671003088467906 21.125 -65.5 1.0615147052168636 16 
0008 0002 1 1671003088697715 107.375 -69.5 2.386874105950058 16 
0008 0007 1 1671003088701857 -94.375 -71.5 5.368932757599744 16 
0008 0006 1 1671003088705904 -10.5625 -59.0 5.0253210611133605 16 
0008 0015 1 1671003088706943 16.25 -57.5 5.8475347634200645 16 
0008 0004 1 1671003088709837 21.125 -66.0 3.933126740138784 16 
0008 0004 2 1671003088735905 38.1875 -62.5 1.6873788666742053 16 
0008 0015 2 1671003088740294 0.0 -64.0 5.313709449235861 16 
0008 0006 2 1671003088742306 -90.3125 -62.5 4.865787059173254 16 
0008 0001 3 1671003088779725 -76.4375 -65.5 0.8344855486097889 16 
0008 0004 3 1671003088780629 -76.4375 -70.0 5.491651220630596 16 
0008 0014 3 1671003088781588 3.25 -65.5 1.337631247036279 16 
0008 0015 3 1671003088783305 26.0 -64.0 6.0991076126333095 16 
0008 0005 3 1671003088784948 -38.1875 -63.5 2.3439226438892597 16 
0008 0006 3 1671003088793299 -347.4375 -68.5 5.221670601962723 16 
0008 0015 4 1671003088827107 0.0 -66.5 0.607456392002714 16 
0008 0001 4 1671003088830928 0.0 -67.0 4.270602513473625 16 
0008 0005 4 1671003088833437 27.625 -67.0 6.013204688511713 16 
0008 0004 4 1671003088835610 -10.5625 -68.5 4.448544284868359 16 
0008 0006 4 1671003088838820 -142.375 -72.5 5.706408530934585 16 
0008 0005 5 1671003088872107 59.375 -68.0 5.0253210611133605 16 
0008 0001 6 1671003088924439 -45.5625 -71.0 1.5953400194010667 16 
0008 0006 7 1671003088957097 3.25 -62.5 0.5706408530934585 16 
0008 0004 8 1671003089004982 52.0625 -69.5 2.2457478734645786 16 
0008 0006 8 1671003089007027 24.375 -65.5 1.0492428589137786 16 
0008 0004 1 1671003089226004 -59.375 -66.5 4.09266074207889 16 
0008 0002 1 1671003089227651 100.875 -68.5 2.423689644859313 16 
0008 0007 1 1671003089231917 -104.125 -71.0 5.184855063053467 16 
0008 0015 1 1671003089237772 26.0 -57.5 5.792311455056181 16 
0008 0006 1 1671003089239201 -55.3125 -58.5 5.117359908386499 16 
0008 0004 2 1671003089268124 16.25 -62.0 1.7978254834019713 16 
0008 0006 2 1671003089269322 7.3125 -62.5 4.706253057233147 16 
0008 0015 2 1671003089271143 -35.75 -64.0 5.375068680751287 16 
0008 0001 3 1671003089298784 -52.0625 -66.0 0.8528933180644165 16 
0008 0005 3 1671003089301076 24.375 -62.5 2.2580197197676637 16 
0008 0015 3 1671003089302283 9.75 -64.0 6.1850105367549055 16 
0008 0014 3 1671003089305868 -16.25 -67.0 1.4051264017032472 16 
0008 0004 3 1671003089309946 -194.4375 -70.0 5.896622148632405 16 
0008 0006 3 1671003089312152 -94.375 -70.0 5.313709449235861 16 
0008 0004 4 1671003089337354 -30.875 -69.0 4.473087977474529 16 
0008 0014 4 1671003089338343 30.875 -73.0 0.37429131224409645 16 
0008 0015 4 1671003089343145 45.5625 -67.0 0.5276893910326605 16 
0008 0005 4 1671003089346254 76.4375 -67.5 5.957981380147831 16 
0008 0001 4 1671003089347198 -10.5625 -67.0 4.221515128261284 16 
0008 0006 4 1671003089353306 65.875 -72.0 5.516194913236766 16 
0008 0005 5 1671003089396028 107.375 -68.5 5.013049214810275 16 
0008 0001 6 1671003089427391 -52.0625 -72.0 1.6198837120072371 16 
0008 0006 7 1671003089472630 41.5 -62.5 0.5951845456996288 16 
0008 0004 8 1671003089510086 -10.5625 -69.5 2.270291566070749 16 
0008 0006 8 1671003089519082 13.8125 -65.0 1.1228739367322893 16 
0008 0006 1 1671003089746451 -41.5 -58.5 5.197126909356553 16 
0008 0002 1 1671003089748399 -71.5625 -69.5 2.5770877236478773 16 
0008 0015 1 1671003089753655 22.75 -57.5 5.767767762450011 16 
0008 0004 1 1671003089755539 -41.5 -66.0 4.086524818927348 16 
0008 0007 1 1671003089757499 -117.125 -72.0 5.098952138931871 16 
0008 0015 2 1671003089790112 -84.625 -63.0 5.4671075280244255 16 
0008 0006 2 1671003089791057 34.9375 -62.0 4.779884135051658 16 
0008 0004 2 1671003089793944 13.8125 -62.0 1.7978254834019713 16 
0008 0015 3 1671003089818982 48.8125 -64.0 6.056156150572511 16 
0008 0004 3 1671003089820836 -24.375 -69.0 5.638913376267617 16 
0008 0005 3 1671003089821729 41.5 -63.0 2.2334760271614935 16 
0008 0006 3 1671003089822676 27.625 -69.5 4.859651136021712 16 
0008 0001 3 1671003089825464 41.5 -65.5 0.7301748550335652 16 
0008 0014 3 1671003089829624 65.0625 -65.5 1.3928545554001621 16 
0008 0001 4 1671003089856216 7.3125 -66.5 4.166291819897402 16 
0008 0006 4 1671003089857121 52.0625 -72.5 5.448699758569798 16 
0008 0015 4 1671003089859391 48.8125 -67.0 0.47860200582032003 16 
0008 0014 4 1671003089862623 87.875 -73.5 0.42337869745643697 16 
0008 0005 4 1671003089867466 -48.8125 -67.0 6.129787228391022 16 
0008 0004 4 1671003089868754 -48.8125 -69.5 4.540583132141498 16 
0008 0005 5 1671003089906185 52.0625 -68.5 5.166447293598839 16 
0008 0006 7 1671003089982814 107.375 -62.5 0.4724660826687775 16 
0008 0006 8 1671003090029735 -48.8125 -65.5 1.1290098598838318 16 
0008 0004 8 1671003090032522 131.8125 -69.0 2.1230294104337273 16 
0008 0007 1 1671003090258028 -120.4375 -71.0 5.1725832167503825 16 
0008 0004 1 1671003090263539 -62.625 -65.0 4.104932588381976 16 
0008 0015 1 1671003090264984 6.5 -57.5 5.786175531904639 16 
0008 0006 1 1671003090265889 -30.875 -58.5 5.1725832167503825 16 
0008 0002 1 1671003090270896 139.9375 -70.5 2.270291566070749 16 
0008 0004 2 1671003090298707 9.75 -62.0 1.6873788666742053 16 
0008 0006 2 1671003090301496 -24.375 -61.5 4.743068596142402 16 
0008 0015 2 1671003090304766 -146.4375 -64.0 5.595961914206819 16 
0008 0015 3 1671003090327694 -48.8125 -64.0 6.111379458936394 16 
0008 0001 3 1671003090331470 21.125 -66.5 0.6933593161243098 16 
0008 0005 3 1671003090333903 68.3125 -63.0 2.2089323345553233 16 
0008 0014 3 1671003090339619 41.5 -65.0 1.4603497100671303 16 
0008 0004 3 1671003090341309 107.375 -70.0 5.418020142812084 16 
0008 0006 3 1671003090342283 145.625 -68.0 4.853515212870168 16 
0008 0004 4 1671003090366678 -93.5625 -69.5 4.583534594202296 16 
0008 0001 4 1671003090369720 -93.5625 -67.0 4.289010282928253 16 
0008 0006 4 1671003090375620 -73.1875 -72.0 5.5714182216006485 16 
0008 0005 4 1671003090379045 45.5625 -67.0 6.007068765360171 16 
0008 0015 4 1671003090380139 19.5 -68.0 0.47860200582032003 16 
0008 0014 4 1671003090382630 152.9375 -72.5 0.2761165418194154 16 
0008 0005 5 1671003090405928 -27.625 -68.5 5.21553467881118 16 
0008 0001 6 1671003090468579 52.0625 -72.5 1.6014759425526093 16 
0008 0006 7 1671003090496232 0.0 -61.5 0.619728238305799 16 
0008 0004 8 1671003090547662 79.75 -69.0 2.2580197197676637 16 
0008 0006 8 1671003090551915 30.875 -65.0 1.0369710126106935 16 
0008 0015 1 1671003090782062 -9.75 -57.5 5.835262917116979 16 
0008 0004 1 1671003090783040 -73.1875 -65.5 4.2031073588066565 16 
0008 0002 1 1671003090786370 -13.0 -69.0 2.552544031041707 16 
0008 0006 1 1671003090787329 -10.5625 -58.5 5.117359908386499 16 
0008 0007 1 1671003090789828 58.5625 -72.5 4.957825906446392 16 
0008 0004 2 1671003090825912 27.625 -62.0 1.7548740213411735 16 
0008 0015 2 1671003090828847 -146.4375 -63.5 5.651185222570702 16 
0008 0006 2 1671003090830298 -3.25 -62.0 4.76147636559703 16 
0008 0005 3 1671003090855978 -45.5625 -62.5 2.380738182798515 16 
0008 0001 3 1671003090856895 -27.625 -65.5 0.8528933180644165 16 
0008 0015 3 1671003090859490 -78.0625 -64.0 6.178874613603362 16 
0008 0006 3 1671003090863592 30.875 -68.5 5.049864753719531 16 
0008 0014 3 1671003090865204 13.8125 -65.5 1.3867186322486196 16 
0008 0004 3 1671003090869598 0.0 -69.5 5.473243451175968 16 
0008 0006 4 1671003090897845 -30.875 -72.0 5.5284667595398505 16 
0008 0001 4 1671003090899061 -38.1875 -65.5 4.246058820867455 16 
0008 0014 4 1671003090901947 -73.1875 -73.0 0.6135923151542565 16 
0008 0015 4 1671003090904589 -107.375 -67.5 0.6749515466696822 16 
0008 0005 4 1671003090906731 52.0625 -67.0 5.994796919057086 16 
0008 0004 4 1671003090911879 52.0625 -69.0 4.344233591292136 16 
0008 0005 5 1671003090936261 7.3125 -68.0 5.105088062083414 16 
0008 0006 7 1671003091021118 13.8125 -62.5 0.5829126993965437 16 
0008 0004 8 1671003091059951 65.875 -69.0 2.2948352586769194 16 
0008 0006 8 1671003091062805 -21.125 -65.0 1.141281706186917 16 
0008 0015 1 1671003091296122 29.25 -57.5 5.816855147662351 16 
0008 0006 1 1671003091299624 3.25 -58.5 5.00077736850719 16 
0008 0004 1 1671003091305272 -10.5625 -65.5 4.0128937411088375 16 
0008 0007 1 1671003091308881 -91.125 -72.5 5.117359908386499 16 
0008 0002 1 1671003091310812 -152.9375 -70.0 2.859340188618835 16 
0008 0004 2 1671003091336176 -9.75 -62.5 1.718058482431918 16 
0008 0015 2 1671003091338958 19.5 -64.0 5.307573526084319 16 
0008 0006 2 1671003091342667 -30.875 -62.5 4.76147636559703 16 
0008 0014 3 1671003091369469 17.0625 -65.5 1.3989904785517047 16 
0008 0015 3 1671003091372321 32.5 -64.5 6.062292073724054 16 
0008 0001 3 1671003091373550 -30.875 -65.5 0.7669903939428205 16 
0008 0005 3 1671003091376592 34.9375 -63.5 2.270291566070749 16 
0008 0004 3 1671003091378733 159.5 -70.0 5.350524988145116 16 
0008 0006 3 1671003091381326 -65.0625 -68.5 5.111223985234957 16 
0008 0005 4 1671003091406901 -52.0625 -66.5 6.12365130523948 16 
0008 0004 4 1671003091407804 59.375 -68.5 4.338097668140593 16 
0008 0015 4 1671003091415197 16.25 -67.0 0.521553467881118 16 
0008 0001 4 1671003091416143 -24.375 -67.0 4.252194744018997 16 
0008 0006 4 1671003091420012 -234.3125 -73.0 5.786175531904639 16 
0008 0005 5 1671003091460084 -73.1875 -67.5 5.283029833478148 16 
0008 0001 6 1671003091506626 -65.875 -72.5 1.7303303287350031 16 
0008 0006 7 1671003091537455 24.375 -62.5 0.5460971604872883 16 
0008 0004 8 1671003091581136 30.875 -69.0 2.3623304133438876 16 
0008 0006 8 1671003091583496 -41.5 -65.5 1.1228739367322893 16 
0008 0015 1 1671003091819140 -29.25 -57.5 5.902758071783947 16 
0008 0002 1 1671003091821013 81.375 -68.0 2.448233337465483 16 
0008 0004 1 1671003091823561 3.25 -66.0 3.9515345095934116 16 
0008 0006 1 1671003091826961 -10.5625 -58.5 4.994641445355648 16 
0008 0007 1 1671003091831336 32.5 -72.0 4.957825906446392 16 
0008 0006 2 1671003091859589 -21.125 -62.5 4.743068596142402 16 
0008 0015 2 1671003091862779 -120.4375 -63.5 5.5100589900852235 16 
0008 0004 2 1671003091864763 38.1875 -62.5 1.7916895602504288 16 
0008 0001 3 1671003091886918 76.4375 -66.0 0.5338253141842031 16 
0008 0015 3 1671003091889723 -32.5 -64.0 6.178874613603362 16 
0008 0005 3 1671003091890897 -13.0 -63.5 2.3930100291016 16 
0008 0004 3 1671003091897390 93.5625 -70.0 5.418020142812084 16 
0008 0014 3 1671003091898777 48.8125 -65.0 1.3069516312785663 16 
0008 0006 3 1671003091902845 -55.3125 -69.5 5.098952138931871 16 
0008 0001 4 1671003091928291 -125.3125 -67.0 4.368777283898306 16 
0008 0004 4 1671003091932107 -149.6875 -69.5 4.620350133111551 16 
0008 0006 4 1671003091934028 97.625 -73.0 5.485515297479052 16 
0008 0015 4 1671003091937266 19.5 -66.5 0.5951845456996288 16 
0008 0005 4 1671003091939694 -41.5 -67.5 6.105243535784852 16 
0008 0005 5 1671003091979491 121.25 -68.0 4.878058905476339 16 
0008 0001 6 1671003092011327 -71.5625 -72.5 1.662835174068035 16 
0008 0006 7 1671003092051567 -17.0625 -62.0 0.6565437772150544 16 
0008 0004 8 1671003092091639 -38.1875 -69.0 2.5034566458293663 16 
0008 0006 8 1671003092097200 -3.25 -65.5 1.0369710126106935 16 
0008 0004 1 1671003092318749 -81.375 -66.0 4.037437433715008 16 
0008 0006 1 1671003092320177 -13.8125 -58.5 5.135767677841127 16 
0008 0002 1 1671003092322361 71.5625 -68.5 2.478912953223196 16 
0008 0007 1 1671003092329083 253.875 -72.5 4.902602598082509 16 
0008 0015 1 1671003092330557 -16.25 -57.5 5.853670686571607 16 
0008 0006 2 1671003092355933 -79.75 -62.5 4.822835597112456 16 
0008 0015 2 1671003092358843 -91.125 -63.5 5.5100589900852235 16 
0008 0004 2 1671003092362495 -13.0 -62.0 1.8530487917658545 16 
0008 0015 3 1671003092387107 0.0 -65.0 6.031612457966341 16 
0008 0004 3 1671003092388088 -145.625 -69.0 5.7616318392984684 16 
0008 0005 3 1671003092394434 -27.625 -63.0 2.411417798556228 16 
0008 0001 3 1671003092395353 69.125 -65.5 0.6504078540635119 16 
0008 0006 3 1671003092396527 29.25 -69.5 5.111223985234957 16 
0008 0014 3 1671003092397699 -22.75 -66.5 1.3928545554001621 16 
0008 0006 4 1671003092426914 -45.5625 -72.5 5.50392306693368 16 
0008 0005 4 1671003092433301 24.375 -68.0 5.884350302329319 16 
0008 0015 4 1671003092435546 45.5625 -67.0 0.5583690067903734 16 
0008 0004 4 1671003092436720 -79.75 -69.0 4.509903516383785 16 
0008 0001 4 1671003092438134 -10.5625 -67.0 4.196971435655114 16 
0008 0005 5 1671003092470393 136.6875 -68.0 4.9394181369917645 16 
0008 0006 7 1671003092550490 7.3125 -62.0 0.6320000846088841 16 
0008 0004 8 1671003092590546 24.375 -69.5 2.282563412373834 16 
0008 0006 8 1671003092603828 -45.5625 -65.0 1.0737865515199487 16 
