0008 0008 1 1671008332799996 -13.0 -66.0 5.5284667595398505 17 
0008 0005 1 1671008332802376 17.0625 -56.0 2.429825568010856 17 
0008 0007 1 1671008332803780 6.5 -56.0 3.5711072741977725 17 
0008 0015 1 1671008332807069 -39.0 -66.5 4.7307967498393175 17 
0008 0015 2 1671008332836432 48.8125 -65.5 1.4296700943094176 17 
0008 0005 2 1671008332841701 -79.75 -67.5 4.166291819897402 17 
0008 0007 2 1671008332842682 -97.625 -68.0 4.086524818927348 17 
0008 0014 2 1671008332845694 45.5625 -65.0 3.172272269347506 17 
0008 0007 3 1671008332880157 -3.25 -64.0 5.209398755659637 17 
0008 0005 3 1671008332889218 -52.0625 -60.0 3.9822141253511245 17 
0008 0005 4 1671008332917874 48.8125 -63.0 2.043262409463674 17 
0008 0007 4 1671008332920301 19.5 -59.0 2.2150682577068657 17 
0008 0015 4 1671008332921578 -126.9375 -67.5 2.5893595699509624 17 
0008 0011 4 1671008332922508 -59.375 -68.5 0.8099418560036186 17 
0008 0014 4 1671008332934132 -117.9375 -72.0 5.491651220630596 17 
0008 0004 5 1671008332968221 -10.5625 -63.5 5.700272607783043 17 
0008 0004 6 1671008333011282 24.375 -61.0 4.448544284868359 17 
0008 0015 6 1671008333015280 32.5 -70.5 3.1231848841351653 17 
0008 0010 6 1671008333018855 -68.3125 -69.0 3.718369429834794 17 
0008 0015 7 1671008333046457 26.0 -63.5 3.9760782021995817 17 
0008 0004 7 1671008333054288 -34.9375 -65.0 4.485359823777615 17 
0008 0014 7 1671008333059943 90.3125 -65.5 5.632777453116074 17 
0008 0010 7 1671008333065966 -68.3125 -72.0 2.5402721847386216 17 
0008 0014 8 1671008333089401 3.25 -63.0 5.872078456026235 17 
0008 0000 8 1671008333091931 58.5625 -71.0 0.23930100291016002 17 
0008 0007 1 1671008333319747 6.5 -56.0 3.56497135104623 17 
0008 0005 1 1671008333321629 -10.5625 -56.0 2.4605051837685683 17 
0008 0008 1 1671008333323645 29.25 -66.0 5.491651220630596 17 
0008 0015 1 1671008333325124 -52.0625 -67.0 4.76147636559703 17 
0008 0014 2 1671008333355996 -90.3125 -65.0 3.3379421944391554 17 
0008 0015 2 1671008333359077 -65.0625 -66.0 1.4664856332186729 17 
0008 0005 2 1671008333360278 -17.0625 -68.0 4.09266074207889 17 
0008 0007 2 1671008333369670 -48.8125 -67.0 3.9085830475326135 17 
0008 0005 3 1671008333412829 -10.5625 -59.0 3.890175278077986 17 
0008 0007 3 1671008333414079 55.3125 -64.0 5.123495831538041 17 
0008 0007 4 1671008333449294 29.25 -59.5 2.2457478734645786 17 
0008 0015 4 1671008333453774 149.6875 -67.5 2.1659808724945253 17 
0008 0014 4 1671008333455645 -104.125 -71.5 5.368932757599744 17 
0008 0011 4 1671008333459972 -17.0625 -68.5 0.8651651643675016 17 
0008 0005 4 1671008333460905 6.5 -63.0 2.2580197197676637 17 
0008 0004 5 1671008333502302 0.0 -63.5 5.663457068873787 17 
0008 0015 6 1671008333544154 -71.5625 -70.5 3.436116964863836 17 
0008 0004 6 1671008333547251 -3.25 -61.0 4.503767593232243 17 
0008 0010 6 1671008333555579 35.75 -69.0 3.5833791205008576 17 
0008 0014 7 1671008333576248 55.3125 -65.5 5.663457068873787 17 
0008 0015 7 1671008333582636 -32.5 -63.5 4.049709280018092 17 
0008 0004 7 1671008333587849 38.1875 -64.5 4.399456899656019 17 
0008 0010 7 1671008333605204 -19.5 -73.5 2.5770877236478773 17 
0008 0000 8 1671008333638525 32.5 -72.0 0.2638446955163303 17 
0008 0014 8 1671008333641854 -9.75 -63.0 5.859806609723149 17 
0008 0015 1 1671008333868430 13.0 -66.0 4.595806440505381 17 
0008 0008 1 1671008333871024 29.25 -66.0 5.442563835418255 17 
0008 0007 1 1671008333872216 9.75 -56.0 3.56497135104623 17 
0008 0005 1 1671008333873363 26.0 -56.5 2.3746022596469727 17 
0008 0015 2 1671008333908873 9.75 -65.5 1.3867186322486196 17 
0008 0005 2 1671008333914596 21.125 -66.5 3.890175278077986 17 
0008 0007 2 1671008333917303 -45.5625 -68.5 4.031301510563465 17 
0008 0014 2 1671008333918293 -21.125 -64.0 3.215223731408304 17 
0008 0005 3 1671008333946511 13.8125 -60.0 3.890175278077986 17 
0008 0007 3 1671008333948601 110.625 -64.0 5.031456984264903 17 
0008 0005 4 1671008333995864 48.8125 -63.0 2.0371264863121317 17 
0008 0014 4 1671008333999317 0.0 -71.0 5.135767677841127 17 
0008 0011 4 1671008334000281 -21.125 -68.5 0.8222137023067037 17 
0008 0007 4 1671008334004582 19.5 -59.5 2.2457478734645786 17 
0008 0015 4 1671008334008983 -19.5 -68.0 2.3623304133438876 17 
0008 0004 5 1671008334047503 -9.75 -64.5 5.663457068873787 17 
0008 0004 6 1671008334086401 3.25 -61.5 4.466952054322987 17 
0008 0010 6 1671008334089706 -9.75 -69.0 3.5956509668039427 17 
0008 0015 6 1671008334095184 120.4375 -71.0 3.160000423044421 17 
0008 0010 7 1671008334121254 -61.8125 -71.0 3.018874190558942 17 
0008 0014 7 1671008334124813 -48.8125 -65.5 5.8475347634200645 17 
0008 0015 7 1671008334126785 -26.0 -64.5 3.9822141253511245 17 
0008 0004 7 1671008334131255 -100.875 -64.5 4.724660826687775 17 
0008 0000 8 1671008334166035 -22.75 -73.5 0.28838838812250056 17 
0008 0014 8 1671008334167921 -13.0 -62.5 5.859806609723149 17 
0008 0007 1 1671008334386207 0.0 -55.5 3.5342917352885173 17 
0008 0008 1 1671008334387117 -13.0 -66.0 5.491651220630596 17 
0008 0015 1 1671008334388054 -6.5 -66.0 4.657165672020807 17 
0008 0005 1 1671008334391016 -3.25 -56.5 2.3746022596469727 17 
0008 0014 2 1671008334430472 -41.5 -63.5 3.3379421944391554 17 
0008 0015 2 1671008334438783 22.75 -65.0 1.282407938672396 17 
0008 0005 2 1671008334443996 27.625 -66.5 3.859495662320273 17 
0008 0007 2 1671008334446079 -9.75 -67.0 4.04357335686655 17 
0008 0007 3 1671008334476726 -22.75 -63.5 5.2339424482658075 17 
0008 0005 3 1671008334478541 -34.9375 -60.0 3.988350048502667 17 
0008 0014 4 1671008334519026 -114.6875 -71.5 5.442563835418255 17 
0008 0005 4 1671008334527021 16.25 -63.0 2.0800779483729293 17 
0008 0007 4 1671008334527915 -3.25 -60.0 2.3009711818284617 17 
0008 0015 4 1671008334531522 110.625 -67.5 2.2396119503130363 17 
0008 0011 4 1671008334533320 -3.25 -68.5 0.7363107781851077 17 
0008 0004 5 1671008334564216 3.25 -64.0 5.681864838328415 17 
0008 0015 6 1671008334595827 -45.5625 -71.0 3.3502140407422405 17 
0008 0004 6 1671008334611544 -27.625 -61.5 4.503767593232243 17 
0008 0010 6 1671008334615229 -81.375 -69.0 3.6815538909255388 17 
0008 0015 7 1671008334650219 -22.75 -64.0 4.01902966426038 17 
0008 0004 7 1671008334657064 -24.375 -65.0 4.565126824747668 17 
0008 0014 7 1671008334658494 65.875 -66.0 5.638913376267617 17 
0008 0010 7 1671008334659432 130.1875 -71.0 2.325514874434632 17 
0008 0000 8 1671008334708421 -42.3125 -72.5 0.2270291566070749 17 
0008 0014 8 1671008334711717 19.5 -63.0 5.767767762450011 17 
0008 0005 1 1671008334940224 -3.25 -57.0 2.435961491162398 17 
0008 0007 1 1671008334941809 6.5 -56.0 3.5833791205008576 17 
0008 0015 1 1671008334947511 -61.8125 -66.5 4.657165672020807 17 
0008 0008 1 1671008334948432 42.3125 -65.0 5.497787143782138 17 
0008 0014 2 1671008334991462 -83.0 -64.5 3.3747577333484107 17 
0008 0005 2 1671008334996460 -34.9375 -68.0 4.1172044346850605 17 
0008 0007 2 1671008334997668 48.8125 -66.0 4.28287435977671 17 
0008 0015 2 1671008334998591 39.0 -64.0 1.2762720155208536 17 
0008 0007 3 1671008335028789 -3.25 -63.5 5.5284667595398505 17 
0008 0005 3 1671008335038046 9.75 -60.0 4.516039439535327 17 
0008 0005 4 1671008335069786 21.125 -63.0 2.742757648739526 17 
0008 0007 4 1671008335071006 9.75 -59.0 2.116893487282185 17 
0008 0015 4 1671008335072911 52.0625 -67.5 2.12916533358527 17 
0008 0011 4 1671008335075457 90.3125 -67.5 1.2578642460662257 17 
0008 0004 4 1671008335078926 17.0625 -70.5 5.135767677841127 17 
0008 0014 4 1671008335080911 -30.875 -71.5 5.062136600022616 17 
0008 0004 5 1671008335111476 16.25 -64.0 0.705631162427395 17 
0008 0010 5 1671008335117429 -260.375 -71.5 0.7363107781851077 17 
0008 0015 5 1671008335118337 120.4375 -70.0 1.4358060174609601 17 
0008 0015 6 1671008335149473 -78.0625 -70.0 2.5402721847386216 17 
0008 0004 6 1671008335158923 13.8125 -62.0 5.105088062083414 17 
0008 0010 6 1671008335161161 -52.0625 -65.5 4.485359823777615 17 
0008 0010 7 1671008335199992 -152.9375 -68.0 1.8714565612204823 17 
0008 0014 7 1671008335200981 48.8125 -65.5 4.92714629068868 17 
0008 0008 7 1671008335202379 -9.75 -69.5 2.0371264863121317 17 
0008 0015 7 1671008335204750 22.75 -66.0 3.9638063558964967 17 
0008 0005 7 1671008335208464 38.1875 -60.5 0.944932165337555 17 
0008 0004 7 1671008335216567 -87.0625 -67.0 4.28287435977671 17 
0008 0001 7 1671008335222691 -65.875 -73.5 1.6812429435226628 17 
0008 0014 8 1671008335250219 -6.5 -61.0 5.393476450205914 17 
0008 0004 8 1671008335257488 -3.25 -61.0 3.5711072741977725 17 
0008 0008 8 1671008335258960 3.25 -67.5 1.9696313316451632 17 
0008 0007 1 1671008335478827 -6.5 -64.0 4.871922982324796 17 
0008 0005 1 1671008335481738 21.125 -65.0 1.2087768608538851 17 
0008 0004 1 1671008335485848 -13.8125 -69.0 2.5341362615870793 17 
0008 0001 1 1671008335487322 34.9375 -65.0 3.9147189706841563 17 
0008 0011 1 1671008335488494 -65.875 -64.0 3.055689729468197 17 
0008 0010 1 1671008335491022 16.25 -70.0 3.6815538909255388 17 
0008 0011 2 1671008335517085 61.8125 -68.0 4.09266074207889 17 
0008 0014 2 1671008335518529 55.3125 -65.5 2.337786720737717 17 
0008 0005 2 1671008335522480 -76.4375 -67.0 1.2210487071569704 17 
0008 0001 2 1671008335524574 -45.5625 -63.5 4.2031073588066565 17 
0008 0008 2 1671008335525804 22.75 -67.5 3.902447124381071 17 
0008 0007 2 1671008335526971 -133.4375 -62.0 4.424000592262189 17 
0008 0010 2 1671008335528315 -9.75 -69.5 0.7485826244881929 17 
0008 0004 2 1671008335530638 42.3125 -68.0 4.129476280988146 17 
0008 0000 2 1671008335533092 -74.8125 -67.5 6.264777537724958 17 
0008 0004 3 1671008335571582 -45.5625 -67.0 4.368777283898306 17 
0008 0007 3 1671008335577081 -26.0 -59.0 5.559146375297564 17 
0008 0001 3 1671008335580822 38.1875 -64.5 0.12885438618239387 17 
0008 0005 3 1671008335582307 38.1875 -59.5 0.15339807878856412 17 
0008 0011 3 1671008335590826 -246.5625 -70.5 5.50392306693368 17 
0008 0005 4 1671008335623404 -17.0625 -59.5 0.23930100291016002 17 
0008 0009 4 1671008335626147 -32.5 -70.0 3.1354567304382504 17 
0008 0011 4 1671008335627091 13.8125 -64.0 1.423534171157875 17 
0008 0007 4 1671008335628991 -6.5 -56.5 4.295146206079795 17 
0008 0000 4 1671008335631330 -9.75 -68.5 3.172272269347506 17 
0008 0004 5 1671008335668836 24.375 -58.5 4.301282129231338 17 
0008 0002 5 1671008335681059 74.8125 -71.0 1.9205439464328227 17 
0008 0007 5 1671008335684982 -100.875 -69.0 5.098952138931871 17 
0008 0010 6 1671008335717653 6.5 -67.5 5.853670686571607 17 
0008 0004 6 1671008335729041 13.0 -55.0 2.6200391857086753 17 
0008 0002 6 1671008335730558 13.0 -72.5 1.3928545554001621 17 
0008 0004 7 1671008335758314 69.125 -60.0 1.1535535524900022 17 
0008 0008 7 1671008335759247 13.0 -61.0 3.6017868899554855 17 
0008 0014 7 1671008335764316 -61.8125 -63.0 5.203262832508095 17 
0008 0009 7 1671008335767076 -24.375 -67.0 5.688000761479957 17 
0008 0000 7 1671008335772496 -61.8125 -66.5 3.9208548938356986 17 
0008 0015 7 1671008335773392 52.0625 -68.5 4.172427743048944 17 
0008 0014 8 1671008335810224 -29.25 -58.5 5.080544369477243 17 
0008 0000 8 1671008335811231 -3.25 -67.5 2.110757564130642 17 
0008 0009 8 1671008335815417 -6.5 -64.5 5.994796919057086 17 
0008 0008 8 1671008335816352 35.75 -70.0 1.4910293258248433 17 
0008 0004 8 1671008335817494 -3.25 -64.0 1.7548740213411735 17 
0008 0005 8 1671008335819956 39.0 -70.5 1.2578642460662257 17 
0008 0005 1 1671008336037647 35.75 -65.0 1.7916895602504288 17 
0008 0001 1 1671008336038794 -170.0625 -68.5 4.080388895775806 17 
0008 0008 1 1671008336041865 -123.6875 -67.5 5.982525072754001 17 
0008 0010 1 1671008336043012 -13.0 -61.5 3.6386024288647407 17 
0008 0011 1 1671008336047162 104.125 -66.0 1.5462526341887264 17 
0008 0007 1 1671008336048337 -3.25 -62.5 0.34974761963792617 17 
0008 0000 1 1671008336051255 39.0 -68.0 1.88986433067511 17 
0008 0009 1 1671008336054994 6.5 -63.5 4.970097752749477 17 
0008 0004 2 1671008336085925 0.0 -66.0 5.448699758569798 17 
0008 0005 2 1671008336087373 21.125 -66.5 2.2212041808584084 17 
0008 0001 2 1671008336088321 -59.375 -66.5 2.9329712664373457 17 
0008 0008 2 1671008336094512 -22.75 -63.0 1.2946797849754812 17 
0008 0014 2 1671008336095973 -29.25 -64.0 2.110757564130642 17 
0008 0007 2 1671008336100305 -52.0625 -61.0 4.565126824747668 17 
0008 0015 2 1671008336101611 -3.25 -66.0 6.154330920997192 17 
0008 0005 3 1671008336130872 0.0 -60.5 3.522019888985432 17 
0008 0007 3 1671008336133689 39.0 -59.0 2.8716120349219203 17 
0008 0011 3 1671008336139297 -130.1875 -68.0 6.154330920997192 17 
0008 0010 3 1671008336140219 159.5 -62.5 3.153864499892878 17 
0008 0005 4 1671008336167534 7.3125 -56.5 3.454524734318464 17 
0008 0010 4 1671008336168443 -29.25 -63.5 4.252194744018997 17 
0008 0009 4 1671008336173666 6.5 -62.0 2.1537090261914402 17 
0008 0007 4 1671008336175582 26.0 -58.0 1.4419419406125027 17 
0008 0011 4 1671008336180294 -7.3125 -60.5 2.6323110320117604 17 
0008 0008 4 1671008336185089 -84.625 -66.5 4.828971520263998 17 
0008 0010 5 1671008336206297 0.0 -68.5 4.853515212870168 17 
0008 0011 5 1671008336207745 -125.3125 -65.0 4.534447208989955 17 
0008 0004 5 1671008336211592 -32.5 -59.5 0.8344855486097889 17 
0008 0007 5 1671008336218301 -113.875 -64.0 2.2150682577068657 17 
0008 0002 6 1671008336267120 16.25 -72.5 3.3379421944391554 17 
0008 0004 6 1671008336269229 -3.25 -56.0 5.307573526084319 17 
0008 0014 6 1671008336270421 -61.8125 -71.0 2.675262494072558 17 
0008 0001 6 1671008336281580 -3.25 -69.0 4.264466590322082 17 
0008 0006 6 1671008336285645 -3.25 -72.0 4.252194744018997 17 
0008 0010 6 1671008336287080 74.8125 -65.0 0.17794177139473438 17 
0008 0008 7 1671008336326938 13.0 -61.0 0.7853981633974483 17 
0008 0004 7 1671008336327929 -97.625 -61.0 4.792155981354743 17 
0008 0011 7 1671008336330615 21.125 -65.5 5.307573526084319 17 
0008 0015 7 1671008336334719 81.375 -67.0 4.356505437595221 17 
0008 0014 7 1671008336336856 52.0625 -64.0 4.700117134081604 17 
0008 0014 8 1671008336365938 34.9375 -59.5 5.019185137961818 17 
0008 0008 8 1671008336367976 -48.8125 -66.5 0.12885438618239387 17 
0008 0010 8 1671008336369167 -42.3125 -67.0 4.528311285838413 17 
0008 0004 8 1671008336373331 7.3125 -62.0 4.614214209960009 17 
0008 0009 8 1671008336379035 -9.75 -65.0 4.853515212870168 17 
0008 0000 8 1671008336386097 -104.125 -71.0 5.712544454086128 17 
0008 0005 1 1671008336605620 121.25 -69.5 5.344389064993574 17 
0008 0010 1 1671008336611847 16.25 -62.0 3.3379421944391554 17 
0008 0007 1 1671008336614014 -74.8125 -64.0 4.417864669110647 17 
0008 0008 1 1671008336615176 -78.0625 -67.0 4.9823695990525625 17 
0008 0011 1 1671008336616746 169.25 -66.0 1.6996507129772904 17 
0008 0000 1 1671008336617952 136.6875 -70.0 6.1850105367549055 17 
0008 0009 1 1671008336620291 3.25 -63.0 4.841243366567084 17 
0008 0001 1 1671008336622289 -30.875 -69.5 1.748738098189631 17 
0008 0007 2 1671008336646440 9.75 -62.0 3.4913402732277192 17 
0008 0011 2 1671008336648997 266.875 -69.5 1.902136176978195 17 
0008 0004 2 1671008336649942 -87.0625 -68.5 4.749204519293945 17 
0008 0001 2 1671008336654217 79.75 -68.0 0.380427235395639 17 
0008 0014 2 1671008336657726 52.0625 -64.0 1.8714565612204823 17 
0008 0008 2 1671008336658943 -87.875 -64.0 0.8528933180644165 17 
0008 0015 2 1671008336659867 84.625 -68.0 5.822991070813893 17 
0008 0005 3 1671008336686349 27.625 -60.5 3.6692820446224537 17 
0008 0010 3 1671008336689922 3.25 -62.5 3.7122335066832517 17 
0008 0011 3 1671008336693563 179.0 -67.5 5.988660995905543 17 
0008 0007 3 1671008336697148 29.25 -60.0 3.117048960983623 17 
0008 0001 3 1671008336699311 7.3125 -65.5 4.037437433715008 17 
0008 0009 4 1671008336726717 30.875 -61.5 2.399145952253143 17 
0008 0005 4 1671008336728247 -21.125 -58.5 4.074252972624263 17 
0008 0010 4 1671008336732072 -6.5 -63.5 4.589670517353839 17 
0008 0007 4 1671008336734228 45.5625 -59.0 2.0064468705544187 17 
0008 0011 4 1671008336737821 -17.0625 -59.5 2.9206994201342606 17 
0008 0008 4 1671008336743095 -55.3125 -65.5 5.313709449235861 17 
0008 0004 5 1671008336778990 32.5 -59.0 1.1290098598838318 17 
0008 0011 5 1671008336781222 -21.125 -63.5 4.718524903536232 17 
0008 0007 5 1671008336784428 55.3125 -65.0 2.3746022596469727 17 
0008 0010 5 1671008336788427 61.8125 -66.5 5.393476450205914 17 
0008 0006 5 1671008336789657 -32.5 -74.0 5.221670601962723 17 
0008 0015 5 1671008336791031 -61.8125 -69.5 6.270913460876501 17 
0008 0005 5 1671008336798830 -149.6875 -70.0 5.6941366846315 17 
0008 0002 5 1671008336818879 81.375 -72.0 0.9633399347921826 17 
0008 0004 6 1671008336849086 -6.5 -56.5 5.534602682691394 17 
0008 0010 6 1671008336856649 16.25 -64.5 0.17794177139473438 17 
0008 0006 6 1671008336861502 -107.375 -73.0 4.362641360746763 17 
0008 0014 6 1671008336867978 -61.8125 -71.5 2.8654761117703775 17 
0008 0001 6 1671008336872145 -79.75 -69.5 4.865787059173254 17 
0008 0002 6 1671008336873759 -117.125 -72.0 3.6570101983193686 17 
0008 0008 7 1671008336897103 22.75 -60.5 0.4540583132141498 17 
0008 0004 7 1671008336898785 6.5 -61.0 4.509903516383785 17 
0008 0011 7 1671008336900399 30.875 -64.5 5.166447293598839 17 
0008 0015 7 1671008336903232 -42.3125 -66.5 4.466952054322987 17 
0008 0014 7 1671008336904195 29.25 -63.5 4.749204519293945 17 
0008 0000 8 1671008336937345 -107.375 -74.0 5.240078371417351 17 
0008 0010 8 1671008336939089 -107.375 -68.0 4.853515212870168 17 
0008 0004 8 1671008336940501 6.5 -62.0 4.522175362686871 17 
0008 0008 8 1671008336947422 52.0625 -65.5 6.037748381117884 17 
0008 0009 8 1671008336949859 -55.3125 -66.0 4.828971520263998 17 
0008 0014 8 1671008336953433 -35.75 -60.0 5.148039524144211 17 
0008 0005 1 1671008337167418 -90.3125 -69.0 5.712544454086128 17 
0008 0001 1 1671008337169531 42.3125 -70.0 1.5707963267948966 17 
0008 0009 1 1671008337170736 65.0625 -63.5 4.847379289718626 17 
0008 0007 1 1671008337172097 -19.5 -64.5 4.411728745959104 17 
0008 0011 1 1671008337177822 41.5 -66.0 2.067806102069844 17 
0008 0000 1 1671008337178802 -19.5 -71.5 0.14112623248547898 17 
0008 0010 1 1671008337182204 -6.5 -62.5 3.436116964863836 17 
0008 0008 1 1671008337183409 -9.75 -66.5 5.080544369477243 17 
0008 0001 2 1671008337215838 -45.5625 -68.5 0.28225246497095796 17 
0008 0015 2 1671008337217484 -61.8125 -67.5 5.859806609723149 17 
0008 0008 2 1671008337219995 48.8125 -65.0 0.4172427743048944 17 
0008 0007 2 1671008337226300 39.0 -62.0 3.4606606574700063 17 
0008 0014 2 1671008337227278 91.125 -65.0 1.7794177139473437 17 
0008 0004 2 1671008337228440 -107.375 -68.5 4.638757902566179 17 
0008 0011 2 1671008337230491 -197.6875 -70.5 2.6998061866787286 17 
0008 0001 3 1671008337258618 114.6875 -65.0 3.9147189706841563 17 
0008 0005 3 1671008337259564 62.625 -60.0 3.6017868899554855 17 
0008 0007 3 1671008337267417 -9.75 -60.0 3.11091303783208 17 
0008 0010 3 1671008337270584 -29.25 -62.5 3.730641276137879 17 
0008 0011 3 1671008337273249 42.3125 -67.5 6.191146459906448 17 
0008 0009 4 1671008337310796 42.3125 -62.0 2.172116795646068 17 
0008 0007 4 1671008337311745 -3.25 -59.5 2.073942025221387 17 
0008 0005 4 1671008337315321 -6.5 -59.0 4.037437433715008 17 
0008 0010 4 1671008337320768 -9.75 -63.5 4.558990901596125 17 
0008 0008 4 1671008337321689 3.25 -65.5 5.264622064023521 17 
0008 0011 4 1671008337322692 10.5625 -60.0 2.8532042654672924 17 
0008 0005 5 1671008337345999 -10.5625 -71.0 5.313709449235861 17 
0008 0004 5 1671008337348914 0.0 -59.0 1.1903690913992575 17 
0008 0015 5 1671008337352253 65.0625 -69.0 0.01227184630308513 17 
0008 0010 5 1671008337355865 68.3125 -66.5 5.21553467881118 17 
0008 0007 5 1671008337357310 3.25 -64.5 2.564815877344792 17 
0008 0011 5 1671008337360724 34.9375 -64.0 4.663301595172349 17 
0008 0006 5 1671008337365742 -225.375 -72.5 5.583690067903734 17 
0008 0004 6 1671008337415914 3.25 -56.5 5.516194913236766 17 
0008 0014 6 1671008337421645 -121.25 -71.5 3.0066023442558567 17 
0008 0001 6 1671008337426161 24.375 -71.0 4.700117134081604 17 
0008 0002 6 1671008337430967 -39.0 -73.5 3.6079228131070282 17 
0008 0010 6 1671008337432653 19.5 -64.5 0.4540583132141498 17 
0008 0006 6 1671008337437659 10.5625 -71.5 4.399456899656019 17 
0008 0008 7 1671008337467816 26.0 -61.0 0.4724660826687775 17 
0008 0011 7 1671008337473036 41.5 -64.5 5.135767677841127 17 
0008 0014 7 1671008337475388 52.0625 -64.5 4.7307967498393175 17 
0008 0004 7 1671008337477377 3.25 -61.5 4.4976316700806995 17 
0008 0015 7 1671008337478360 -29.25 -67.0 4.344233591292136 17 
0008 0014 8 1671008337506228 3.25 -60.0 5.074408446325701 17 
0008 0009 8 1671008337513551 -29.25 -65.5 4.859651136021712 17 
0008 0004 8 1671008337517955 -17.0625 -62.0 4.4976316700806995 17 
0008 0008 8 1671008337519499 -3.25 -65.5 6.086835766330224 17 
0008 0000 8 1671008337520663 -22.75 -73.5 5.166447293598839 17 
0008 0010 8 1671008337521970 -39.0 -68.0 4.700117134081604 17 
0008 0008 1 1671008337736131 -146.4375 -67.0 5.148039524144211 17 
0008 0007 1 1671008337737577 13.0 -65.0 4.28287435977671 17 
0008 0009 1 1671008337738995 -29.25 -63.5 4.914874444385594 17 
0008 0010 1 1671008337742809 16.25 -62.0 3.3011266555298997 17 
0008 0011 1 1671008337744962 117.9375 -65.5 1.8407769454627694 17 
0008 0000 1 1671008337747146 26.0 -70.5 0.07363107781851078 17 
0008 0005 1 1671008337751846 83.0 -70.0 5.473243451175968 17 
0008 0001 1 1671008337754938 -27.625 -71.0 1.6014759425526093 17 
0008 0011 2 1671008337776215 83.0 -70.5 1.859184714917397 17 
0008 0007 2 1671008337777634 13.0 -62.5 3.429981041712294 17 
0008 0001 2 1671008337778568 139.125 -68.5 0.11044661672776616 17 
0008 0015 2 1671008337781204 -169.25 -68.0 0.04295146206079795 17 
0008 0014 2 1671008337787751 100.875 -64.0 1.88986433067511 17 
0008 0008 2 1671008337789722 74.8125 -64.5 0.5031456984264903 17 
0008 0004 2 1671008337790997 -130.1875 -68.5 4.558990901596125 17 
