0005 0007 1 1671008388806481 -22.75 -58.0 1.705786636128833 6 
0005 0014 1 1671008388810051 42.3125 -63.0 2.6813984172241008 6 
0005 0000 1 1671008388811368 -29.25 -61.0 0.16566992509164924 6 
0005 0005 1 1671008388813671 26.0 -58.0 3.2397674240144743 6 
0005 0012 1 1671008388814664 152.9375 -66.5 1.227184630308513 6 
0005 0013 1 1671008388817526 133.4375 -72.5 6.191146459906448 6 
0005 0015 1 1671008388820909 16.25 -58.5 0.47860200582032003 6 
0005 0006 1 1671008388824523 3.25 -69.5 3.9269908169872414 6 
0005 0004 1 1671008388825809 0.0 -64.0 4.215379205109742 6 
0005 0011 1 1671008388827119 -97.625 -68.5 2.5832236467994196 6 
0005 0014 2 1671008388861467 -26.0 -61.0 5.160311370447297 6 
0005 0008 2 1671008388862388 32.5 -60.5 4.970097752749477 6 
0005 0011 2 1671008388863823 -39.0 -63.5 3.80427235395639 6 
0005 0000 2 1671008388864981 -6.5 -64.5 0.7179030087304801 6 
0005 0007 2 1671008388867322 -35.75 -66.5 6.092971689481767 6 
0005 0006 2 1671008388868524 -6.5 -63.5 0.8713010875190442 6 
0005 0000 3 1671008388898190 -65.0625 -66.5 2.2089323345553233 6 
0005 0015 3 1671008388900643 58.5625 -66.5 0.35588354278946877 6 
0005 0006 3 1671008388901863 58.5625 -70.0 4.368777283898306 6 
0005 0009 3 1671008388904639 143.1875 -70.0 2.024854640009046 6 
0005 0011 3 1671008388905872 -55.3125 -64.5 0.5399612373357456 6 
0005 0005 3 1671008388906833 55.3125 -61.5 0.8958447801252144 6 
0005 0005 4 1671008388925919 29.25 -61.0 1.7855536370988863 6 
0005 0006 4 1671008388927306 -32.5 -68.5 1.3069516312785663 6 
0005 0008 4 1671008388929949 3.25 -61.5 1.1290098598838318 6 
0005 0012 4 1671008388931791 -55.3125 -73.0 5.160311370447297 6 
0005 0007 4 1671008388932768 13.0 -57.5 3.9944859716542096 6 
0005 0015 4 1671008388940132 -91.125 -64.5 2.662990647769473 6 
0005 0014 4 1671008388943469 -179.0 -71.5 3.509748042682347 6 
0005 0008 5 1671008388979541 -61.8125 -65.0 5.227806525114265 6 
0005 0010 5 1671008388986191 -84.625 -63.5 3.865631585471816 6 
0005 0004 5 1671008388988030 -29.25 -61.0 4.049709280018092 6 
0005 0006 5 1671008388989005 -6.5 -60.0 4.4976316700806995 6 
0005 0000 5 1671008388990367 19.5 -69.0 4.000621894805752 6 
0005 0015 6 1671008389028842 0.0 -72.0 3.2949907323783574 6 
0005 0006 6 1671008389031325 6.5 -63.0 0.5338253141842031 6 
0005 0005 6 1671008389036357 -3.25 -71.0 5.9088939949354895 6 
0005 0010 7 1671008389055931 110.625 -66.5 5.325981295538946 6 
0005 0012 7 1671008389058794 -208.3125 -69.5 4.822835597112456 6 
0005 0004 7 1671008389061753 7.3125 -62.0 5.4671075280244255 6 
0005 0000 7 1671008389063241 3.25 -70.0 1.8407769454627694 6 
0005 0013 7 1671008389069287 9.75 -68.0 3.552699504743145 6 
0005 0011 8 1671008389116282 -130.1875 -72.5 4.516039439535327 6 
0005 0015 8 1671008389118900 -29.25 -64.0 3.7429131224409646 6 
0005 0010 8 1671008389123066 13.0 -62.0 5.221670601962723 6 
0005 0013 8 1671008389124391 -110.625 -66.0 4.3933209765044765 6 
0005 0005 8 1671008389127698 0.0 -70.5 0.8467573949128739 6 
0005 0000 8 1671008389129643 68.3125 -71.0 0.23930100291016002 6 
0005 0007 1 1671008389365892 -48.8125 -58.0 1.6996507129772904 6 
0005 0015 1 1671008389367108 6.5 -58.5 0.4724660826687775 6 
0005 0003 1 1671008389368824 -65.0625 -72.5 0.030679615757712823 6 
0005 0000 1 1671008389371259 -16.25 -61.0 0.04908738521234052 6 
0005 0014 1 1671008389376929 -32.5 -63.5 2.724349879284899 6 
0005 0013 1 1671008389378151 -100.875 -72.0 0.3620194659410113 6 
0005 0012 1 1671008389379612 104.125 -66.5 1.3437671701878218 6 
0005 0005 1 1671008389386062 -3.25 -58.5 3.153864499892878 6 
0005 0004 1 1671008389387026 21.125 -65.5 4.196971435655114 6 
0005 0011 1 1671008389388080 29.25 -68.5 2.4911847995262812 6 
0005 0006 1 1671008389389001 -107.375 -70.0 4.000621894805752 6 
0005 0006 2 1671008389416246 -32.5 -64.5 0.8528933180644165 6 
0005 0000 2 1671008389417465 -68.3125 -66.0 0.8406214717613314 6 
0005 0011 2 1671008389421583 -58.5625 -64.0 3.847223816017188 6 
0005 0014 2 1671008389422559 -100.875 -60.5 5.393476450205914 6 
0005 0008 2 1671008389424512 -45.5625 -61.0 5.043728830567988 6 
0005 0007 2 1671008389430826 55.3125 -67.0 6.14819499784565 6 
0005 0011 3 1671008389466165 -35.75 -63.5 0.35588354278946877 6 
0005 0015 3 1671008389467359 100.875 -66.5 0.42337869745643697 6 
0005 0005 3 1671008389468503 34.9375 -62.0 0.9142525495798421 6 
0005 0009 3 1671008389471822 13.0 -71.0 2.2334760271614935 6 
0005 0000 3 1671008389477031 48.8125 -66.0 1.9512235621905356 6 
0005 0008 4 1671008389505936 52.0625 -61.0 1.055378782065321 6 
0005 0015 4 1671008389507341 45.5625 -64.0 2.454369260617026 6 
0005 0007 4 1671008389509958 -13.0 -57.5 4.061981126321178 6 
0005 0005 4 1671008389511203 -13.0 -61.0 1.8653206380689396 6 
0005 0012 4 1671008389516290 -139.9375 -72.5 5.0682725231741586 6 
0005 0006 4 1671008389517322 16.25 -69.5 1.1474176293384597 6 
0005 0014 4 1671008389525600 52.0625 -70.5 3.055689729468197 6 
0005 0010 5 1671008389546468 -48.8125 -64.0 3.816544200259475 6 
0005 0004 5 1671008389547415 -62.625 -61.0 4.0558452031696355 6 
0005 0000 5 1671008389549527 22.75 -71.0 4.0987966652304335 6 
0005 0006 5 1671008389553094 -22.75 -59.5 4.522175362686871 6 
0005 0008 5 1671008389555008 19.5 -65.0 5.074408446325701 6 
0005 0006 6 1671008389598162 -19.5 -63.5 0.6013204688511713 6 
0005 0015 6 1671008389599626 -26.0 -70.5 3.3011266555298997 6 
0005 0005 6 1671008389603488 -139.9375 -71.0 6.068427996875596 6 
0005 0013 7 1671008389635907 -29.25 -69.0 3.6079228131070282 6 
0005 0010 7 1671008389639703 35.75 -67.0 5.50392306693368 6 
0005 0012 7 1671008389646660 -16.25 -70.0 4.368777283898306 6 
0005 0000 7 1671008389648092 71.5625 -70.0 1.8837284075235674 6 
0005 0004 7 1671008389649535 -24.375 -61.5 5.559146375297564 6 
0005 0007 7 1671008389655021 -42.3125 -71.5 1.8714565612204823 6 
0005 0015 8 1671008389686489 -19.5 -64.0 3.7551849687440497 6 
0005 0013 8 1671008389691380 3.25 -66.0 4.190835512503572 6 
0005 0010 8 1671008389693087 -91.125 -62.0 5.424156065963627 6 
0005 0005 8 1671008389696706 225.375 -72.5 0.5154175447295755 6 
0005 0011 8 1671008389697910 -123.6875 -73.0 4.417864669110647 6 
0005 0015 1 1671008389926413 3.25 -58.5 0.5092816215780329 6 
0005 0004 1 1671008389929375 -35.75 -64.5 4.295146206079795 6 
0005 0012 1 1671008389931114 -22.75 -67.0 1.4358060174609601 6 
0005 0014 1 1671008389932050 71.5625 -63.5 2.5709518004963345 6 
0005 0007 1 1671008389934869 -35.75 -58.5 1.7119225592803755 6 
0005 0000 1 1671008389937921 -13.0 -61.5 0.12885438618239387 6 
0005 0005 1 1671008389942272 19.5 -58.0 3.2213596545598464 6 
0005 0011 1 1671008389943323 87.875 -67.5 2.411417798556228 6 
0005 0006 1 1671008389945924 -61.8125 -70.5 4.080388895775806 6 
0005 0013 1 1671008389947075 32.5 -72.0 0.05522330836388308 6 
0005 0014 2 1671008389980576 39.0 -61.0 5.203262832508095 6 
0005 0000 2 1671008389982046 19.5 -65.5 0.7915340865489908 6 
0005 0011 2 1671008389984187 -120.4375 -65.0 3.9269908169872414 6 
0005 0008 2 1671008389985135 -35.75 -60.5 5.086680292628786 6 
0005 0006 2 1671008389988069 61.8125 -64.5 0.7363107781851077 6 
0005 0007 2 1671008389994771 61.8125 -66.5 6.025476534814799 6 
0005 0011 3 1671008390025941 0.0 -64.0 0.25157284921324513 6 
0005 0006 3 1671008390026909 -159.5 -69.0 4.626486056263094 6 
0005 0005 3 1671008390028150 3.25 -62.0 0.8651651643675016 6 
0005 0000 3 1671008390034306 -13.0 -66.0 2.0923497946760143 6 
0005 0015 3 1671008390035543 61.8125 -66.5 0.5522330836388308 6 
0005 0009 3 1671008390041685 68.3125 -70.0 1.6689710972195777 6 
0005 0005 4 1671008390068539 39.0 -61.0 1.8162332528565992 6 
0005 0015 4 1671008390070989 65.0625 -64.0 2.386874105950058 6 
0005 0008 4 1671008390071908 6.5 -61.5 1.1167380135807468 6 
0005 0007 4 1671008390074779 -9.75 -57.5 4.080388895775806 6 
0005 0006 4 1671008390078799 32.5 -69.0 1.2026409377023426 6 
0005 0014 4 1671008390082443 -263.625 -71.5 3.6201946594101133 6 
0005 0012 4 1671008390083714 -263.625 -72.5 5.473243451175968 6 
0005 0006 5 1671008390109907 -22.75 -60.0 4.466952054322987 6 
0005 0008 5 1671008390110812 -3.25 -65.5 5.098952138931871 6 
0005 0004 5 1671008390112967 7.3125 -61.0 3.9208548938356986 6 
0005 0010 5 1671008390116812 -97.625 -63.5 3.8840393549264434 6 
0005 0000 5 1671008390121817 -84.625 -69.0 4.031301510563465 6 
0005 0006 6 1671008390158380 -26.0 -63.0 0.5154175447295755 6 
0005 0005 6 1671008390161308 -3.25 -70.5 6.092971689481767 6 
0005 0015 6 1671008390163486 -58.5625 -72.5 3.411573272257666 6 
0005 0004 7 1671008390190419 7.3125 -61.0 5.485515297479052 6 
0005 0010 7 1671008390195009 29.25 -67.0 5.522330836388308 6 
0005 0000 7 1671008390198097 169.25 -70.0 1.8039614065535141 6 
0005 0013 7 1671008390202163 -35.75 -68.0 3.5956509668039427 6 
0005 0007 7 1671008390206315 -74.8125 -70.5 2.030990563160589 6 
0005 0012 7 1671008390207406 45.5625 -70.0 4.289010282928253 6 
0005 0015 8 1671008390242993 0.0 -64.0 3.706097583531709 6 
0005 0005 8 1671008390245568 0.0 -72.0 0.8713010875190442 6 
0005 0010 8 1671008390246736 -48.8125 -62.5 5.368932757599744 6 
0005 0000 8 1671008390251877 -139.9375 -71.0 0.662679700366597 6 
0005 0013 8 1671008390252855 -19.5 -66.5 4.166291819897402 6 
0005 0015 1 1671008390477349 22.75 -58.5 0.4540583132141498 6 
0005 0000 1 1671008390480426 -13.0 -61.5 0.006135923151542565 6 
0005 0008 1 1671008390482369 94.375 -68.5 4.859651136021712 6 
0005 0005 1 1671008390483317 -35.75 -58.5 3.3072625786814425 6 
0005 0006 1 1671008390485424 -39.0 -68.5 3.902447124381071 6 
0005 0007 1 1671008390486369 0.0 -58.0 1.6689710972195777 6 
0005 0011 1 1671008390487326 -55.3125 -69.0 2.5770877236478773 6 
0005 0004 1 1671008390490184 21.125 -64.0 4.25833066717054 6 
0005 0013 1 1671008390494868 100.875 -72.0 0.3374757733348411 6 
0005 0012 1 1671008390496059 45.5625 -67.0 1.5033011721279284 6 
0005 0014 1 1671008390497262 22.75 -64.0 2.564815877344792 6 
0005 0003 1 1671008390498181 39.0 -73.0 6.258641614573416 6 
0005 0014 2 1671008390525887 48.8125 -60.5 5.21553467881118 6 
0005 0006 2 1671008390528927 35.75 -62.5 1.3437671701878218 6 
0005 0011 2 1671008390531989 6.5 -64.0 3.988350048502667 6 
0005 0008 2 1671008390533376 3.25 -59.0 5.00077736850719 6 
0005 0007 2 1671008390535068 -78.0625 -67.0 0.1718058482431918 6 
0005 0000 2 1671008390537344 61.8125 -64.5 0.5031456984264903 6 
0005 0015 3 1671008390577819 84.625 -66.0 0.2638446955163303 6 
0005 0011 3 1671008390579691 120.4375 -65.0 0.30066023442558565 6 
0005 0005 3 1671008390581115 55.3125 -62.0 1.705786636128833 6 
0005 0004 3 1671008390584062 -78.0625 -69.0 5.148039524144211 6 
0005 0006 3 1671008390586908 -156.1875 -69.5 4.534447208989955 6 
0005 0005 4 1671008390616216 7.3125 -61.5 1.932815792735908 6 
0005 0012 4 1671008390617905 -13.0 -69.5 0.5951845456996288 6 
0005 0008 4 1671008390619958 32.5 -65.0 1.086058397823034 6 
0005 0007 4 1671008390621491 -29.25 -62.0 3.773592738198677 6 
0005 0015 4 1671008390624468 22.75 -64.5 2.3316507975861747 6 
0005 0006 5 1671008390663095 19.5 -62.0 5.1725832167503825 6 
0005 0008 5 1671008390666722 52.0625 -67.5 5.013049214810275 6 
0005 0004 5 1671008390667949 10.5625 -60.0 4.196971435655114 6 
0005 0007 5 1671008390669454 78.0625 -72.5 5.178719139901925 6 
0005 0010 5 1671008390670376 -84.625 -65.0 4.184699589352029 6 
0005 0006 6 1671008390696252 13.0 -65.5 0.3620194659410113 6 
0005 0004 6 1671008390706729 -13.8125 -68.5 5.019185137961818 6 
0005 0005 7 1671008390737170 -83.0 -66.0 0.9326603190344698 6 
0005 0004 7 1671008390738101 -17.0625 -61.5 0.14112623248547898 6 
0005 0010 7 1671008390741209 9.75 -67.5 0.01227184630308513 6 
0005 0012 7 1671008390745347 -130.1875 -69.5 2.3193789512830896 6 
0005 0013 7 1671008390752732 -58.5625 -63.5 4.669437518323892 6 
0005 0008 7 1671008390754320 -13.0 -60.0 3.988350048502667 6 
0005 0006 7 1671008390755532 0.0 -60.5 5.258486140871978 6 
0005 0015 7 1671008390758387 42.3125 -70.5 2.8838838812250054 6 
0005 0005 8 1671008390787109 74.8125 -60.5 1.4726215563702154 6 
0005 0006 8 1671008390788779 -45.5625 -59.0 5.1725832167503825 6 
0005 0012 8 1671008390791215 -126.9375 -68.5 4.473087977474529 6 
0005 0004 8 1671008390792173 -9.75 -64.0 5.921165841238575 6 
0005 0007 8 1671008390795279 -58.5625 -64.5 4.2092432819582 6 
0005 0010 8 1671008390796214 -9.75 -65.5 6.252505691421874 6 
0005 0013 8 1671008390798069 -22.75 -65.5 5.47937937432751 6 
0005 0015 8 1671008390802101 19.5 -64.0 3.9822141253511245 6 
0005 0011 8 1671008390803549 -35.75 -64.5 4.902602598082509 6 
0005 0008 8 1671008390812023 48.8125 -69.5 1.748738098189631 6 
0005 0009 1 1671008391026649 -19.5 -56.5 3.902447124381071 6 
0005 0004 1 1671008391028674 45.5625 -57.5 2.012582793705961 6 
0005 0005 1 1671008391033197 7.3125 -54.5 0.04295146206079795 6 
0005 0015 1 1671008391034161 6.5 -60.5 0.6565437772150544 6 
0005 0008 1 1671008391035380 13.0 -57.5 3.6999616603801666 6 
0005 0012 1 1671008391038681 19.5 -55.0 1.012427320004523 6 
0005 0013 1 1671008391040073 -26.0 -65.5 3.1906800388021335 6 
0005 0014 1 1671008391044944 3.25 -65.5 3.153864499892878 6 
0005 0001 1 1671008391051322 117.125 -73.0 3.2459033471660166 6 
0005 0011 2 1671008391076315 55.3125 -68.5 1.2578642460662257 6 
0005 0007 2 1671008391077733 58.5625 -66.5 1.932815792735908 6 
0005 0012 2 1671008391081939 -48.8125 -63.5 0.6135923151542565 6 
0005 0008 2 1671008391085012 13.0 -59.0 3.3195344249845276 6 
0005 0009 2 1671008391087446 65.0625 -63.0 4.356505437595221 6 
0005 0006 2 1671008391088634 13.0 -63.0 1.5707963267948966 6 
0005 0004 2 1671008391091675 -48.8125 -64.0 2.82252464970958 6 
0005 0014 2 1671008391094489 61.8125 -63.5 0.1227184630308513 6 
0005 0013 2 1671008391098672 192.0 -70.5 2.116893487282185 6 
0005 0008 3 1671008391137720 -6.5 -65.0 1.0615147052168636 6 
0005 0000 3 1671008391138911 -39.0 -67.0 2.9820586516496865 6 
0005 0005 3 1671008391141034 10.5625 -58.0 4.454680208019902 6 
0005 0015 3 1671008391145200 55.3125 -60.0 5.209398755659637 6 
0005 0007 3 1671008391147202 -22.75 -64.0 0.9326603190344698 6 
0005 0015 4 1671008391179529 -39.0 -63.5 2.3193789512830896 6 
0005 0005 4 1671008391182216 -19.5 -61.5 4.405592822807561 6 
0005 0000 4 1671008391184571 9.75 -71.0 2.380738182798515 6 
0005 0006 4 1671008391187357 78.0625 -71.5 2.6813984172241008 6 
0005 0004 5 1671008391215828 -152.9375 -67.5 5.9518454569962875 6 
0005 0006 5 1671008391217903 -6.5 -65.0 2.2212041808584084 6 
0005 0005 5 1671008391223527 83.0 -71.5 4.184699589352029 6 
0005 0006 6 1671008391260162 65.0625 -69.5 2.350058567040802 6 
0005 0004 6 1671008391266243 13.8125 -63.0 4.485359823777615 6 
0005 0010 7 1671008391300184 97.625 -62.5 4.693981210930062 6 
0005 0012 7 1671008391301686 -3.25 -62.5 3.56497135104623 6 
0005 0007 7 1671008391304771 22.75 -69.5 0.6688156235181395 6 
0005 0013 7 1671008391306668 3.25 -56.0 0.2945243112740431 6 
0005 0004 7 1671008391307655 0.0 -56.0 3.6692820446224537 6 
0005 0015 7 1671008391309024 26.0 -69.5 3.663146121470911 6 
0005 0006 7 1671008391310650 -32.5 -66.0 2.82252464970958 6 
0005 0011 7 1671008391313468 84.625 -70.5 4.589670517353839 6 
0005 0015 8 1671008391336446 -74.8125 -66.5 4.6448938257177215 6 
0005 0007 8 1671008391339522 -9.75 -66.5 1.1903690913992575 6 
0005 0011 8 1671008391340717 39.0 -67.5 1.7855536370988863 6 
0005 0012 8 1671008391341876 3.25 -60.0 5.798447378207723 6 
0005 0010 8 1671008391342858 74.8125 -73.0 0.28838838812250056 6 
0005 0004 8 1671008391345230 24.375 -66.0 3.3072625786814425 6 
0005 0006 8 1671008391346660 32.5 -58.0 5.013049214810275 6 
0005 0009 8 1671008391348095 -94.375 -71.0 2.8716120349219203 6 
0005 0013 8 1671008391351266 -9.75 -59.5 0.9265243958829272 6 
0005 0004 1 1671008391575947 -19.5 -61.0 5.743224069843841 6 
0005 0015 1 1671008391577141 48.8125 -62.0 0.5092816215780329 6 
0005 0007 1 1671008391580199 -48.8125 -68.5 1.748738098189631 6 
0005 0011 1 1671008391582625 52.0625 -58.0 1.662835174068035 6 
0005 0013 1 1671008391589614 -32.5 -61.0 3.8717675086233583 6 
0005 0008 1 1671008391592420 -19.5 -63.5 3.2520392703175593 6 
0005 0005 1 1671008391594430 21.125 -60.5 5.325981295538946 6 
0005 0012 1 1671008391595378 -3.25 -54.5 1.7426021750380885 6 
0005 0014 1 1671008391598665 16.25 -71.5 3.5772431973493153 6 
0005 0009 1 1671008391601149 107.375 -73.5 4.325825821837508 6 
0005 0008 2 1671008391629419 6.5 -66.0 3.0066023442558567 6 
0005 0014 2 1671008391631081 104.125 -63.5 0.4479223900626072 6 
0005 0004 2 1671008391637410 87.0625 -66.5 5.945709533844745 6 
0005 0012 2 1671008391639957 0.0 -62.5 1.8714565612204823 6 
0005 0013 2 1671008391647376 65.0625 -68.5 2.061670178918302 6 
0005 0007 2 1671008391662704 94.375 -71.0 3.2213596545598464 6 
0005 0005 3 1671008391709624 -7.3125 -55.5 5.252350217720435 6 
0005 0015 3 1671008391712489 55.3125 -61.0 5.019185137961818 6 
0005 0007 3 1671008391713796 29.25 -61.0 1.030835089459151 6 
0005 0011 4 1671008391736946 -29.25 -69.5 5.485515297479052 6 
0005 0004 4 1671008391739436 3.25 -70.0 2.748893571891069 6 
0005 0015 4 1671008391743247 -6.5 -63.0 2.086213871524472 6 
0005 0005 4 1671008391744663 -16.25 -62.0 4.577398671050753 6 
0005 0004 5 1671008391777727 10.5625 -64.5 5.117359908386499 6 
0005 0004 6 1671008391823076 17.0625 -63.5 4.767612288748572 6 
0005 0013 7 1671008391858255 -13.0 -55.5 1.0615147052168636 6 
0005 0012 7 1671008391866465 -29.25 -65.5 3.8288160465625602 6 
0005 0010 7 1671008391867402 -29.25 -69.5 4.6878452877785195 6 
0005 0011 7 1671008391869160 -39.0 -70.5 5.227806525114265 6 
0005 0004 7 1671008391870316 30.875 -57.5 2.9329712664373457 6 
0005 0015 7 1671008391874817 -35.75 -70.0 4.479223900626073 6 
0005 0011 8 1671008391907807 -52.0625 -71.5 2.7857091108003242 6 
0005 0013 8 1671008391908797 -3.25 -57.5 1.7119225592803755 6 
0005 0007 8 1671008391910685 81.375 -66.5 1.6198837120072371 6 
0005 0012 8 1671008391911620 -16.25 -60.5 0.1043106935762236 6 
0005 0006 8 1671008391914918 -35.75 -60.5 4.718524903536232 6 
0005 0015 8 1671008391924828 45.5625 -69.0 4.601942363656923 6 
0005 0004 8 1671008391926626 17.0625 -71.5 2.411417798556228 6 
0005 0006 1 1671008392149439 -237.5625 -70.5 2.5034566458293663 6 
0005 0007 1 1671008392153315 -3.25 -66.0 2.945243112740431 6 
0005 0015 1 1671008392154268 39.0 -63.0 0.7731263170943632 6 
0005 0012 1 1671008392155232 32.5 -55.5 2.098485717827557 6 
0005 0005 1 1671008392156207 24.375 -62.0 6.258641614573416 6 
0005 0011 1 1671008392160132 -19.5 -58.5 2.8532042654672924 6 
0005 0013 1 1671008392161084 -45.5625 -61.0 4.227651051412827 6 
0005 0008 1 1671008392162317 -29.25 -62.5 3.77972866135022 6 
0005 0004 1 1671008392164557 42.3125 -64.5 0.6013204688511713 6 
0005 0009 1 1671008392165777 58.5625 -73.5 5.056000676871073 6 
0005 0008 2 1671008392189480 -22.75 -66.0 3.3502140407422405 6 
0005 0012 2 1671008392193104 -45.5625 -63.5 2.5034566458293663 6 
0005 0004 2 1671008392198460 34.9375 -67.5 0.8774370106705868 6 
0005 0014 2 1671008392199350 -6.5 -63.5 1.0062913968529805 6 
0005 0007 2 1671008392204392 107.375 -69.0 3.9085830475326135 6 
0005 0013 2 1671008392206500 97.625 -69.0 2.5157284921324514 6 
0005 0011 2 1671008392219808 -175.75 -69.5 2.693670263527186 6 
0005 0005 3 1671008392250147 -34.9375 -56.0 5.221670601962723 6 
0005 0015 3 1671008392253193 -78.0625 -61.5 5.098952138931871 6 
0005 0007 3 1671008392258360 13.0 -62.0 0.6994952392758523 6 
0005 0011 4 1671008392308301 -45.5625 -71.0 5.166447293598839 6 
0005 0015 4 1671008392313815 39.0 -64.5 2.0800779483729293 6 
0005 0005 4 1671008392321082 -10.5625 -61.5 4.135612204139688 6 
0005 0004 5 1671008392351730 76.4375 -64.0 4.424000592262189 6 
0005 0005 5 1671008392356674 -263.625 -73.5 5.399612373357457 6 
0005 0006 5 1671008392357747 -13.0 -71.5 5.786175531904639 6 
0005 0004 6 1671008392398737 -24.375 -63.0 4.399456899656019 6 
0005 0004 7 1671008392437571 -17.0625 -56.5 3.2029518851052186 6 
0005 0013 7 1671008392438775 9.75 -55.5 1.2885438618239387 6 
0005 0011 7 1671008392440912 0.0 -70.5 5.4671075280244255 6 
0005 0012 7 1671008392444058 -55.3125 -65.5 4.09266074207889 6 
0005 0015 7 1671008392457745 -19.5 -69.0 4.473087977474529 6 
0005 0004 8 1671008392490672 -100.875 -69.5 2.9329712664373457 6 
0005 0012 8 1671008392491889 6.5 -60.5 0.28838838812250056 6 
0005 0013 8 1671008392494452 6.5 -57.0 1.8407769454627694 6 
0005 0007 8 1671008392496142 -58.5625 -68.5 1.8960002538266525 6 
0005 0006 8 1671008392497186 -3.25 -61.0 5.123495831538041 6 
0005 0011 8 1671008392500042 169.25 -72.0 2.6875343403756435 6 
0005 0015 8 1671008392503736 -97.625 -70.0 4.828971520263998 6 
0005 0004 1 1671008392715955 -13.0 -61.5 1.1535535524900022 6 
0005 0007 1 1671008392717630 -58.5625 -65.5 2.9943304979527716 6 
0005 0008 1 1671008392718860 16.25 -62.0 4.031301510563465 6 
0005 0011 1 1671008392720809 0.0 -58.5 2.8654761117703775 6 
0005 0015 1 1671008392725061 -9.75 -63.5 0.8406214717613314 6 
0005 0012 1 1671008392726252 22.75 -55.5 2.1659808724945253 6 
0005 0005 1 1671008392729861 -19.5 -62.5 0.07363107781851078 6 
0005 0013 1 1671008392731067 -22.75 -61.5 4.135612204139688 6 
0005 0009 1 1671008392732363 -273.375 -73.5 5.853670686571607 6 
0005 0014 2 1671008392768231 -22.75 -63.5 0.9878836273983529 6 
0005 0011 2 1671008392769200 -123.6875 -70.5 2.5893595699509624 6 
0005 0012 2 1671008392773074 -22.75 -63.0 2.454369260617026 6 
0005 0008 2 1671008392775242 -74.8125 -63.5 4.049709280018092 6 
0005 0004 2 1671008392778483 30.875 -67.0 1.4419419406125027 6 
0005 0013 2 1671008392780885 -94.375 -70.5 2.5034566458293663 6 
0005 0007 2 1671008392787443 58.5625 -68.5 4.129476280988146 6 
0005 0015 3 1671008392817251 6.5 -60.5 4.963961829597935 6 
0005 0007 3 1671008392820624 65.0625 -61.5 0.5338253141842031 6 
0005 0005 3 1671008392821568 -3.25 -56.5 5.056000676871073 6 
0005 0005 4 1671008392856517 0.0 -61.5 4.04357335686655 6 
0005 0015 4 1671008392863682 -16.25 -64.0 2.1353012567368124 6 
0005 0004 4 1671008392864616 -48.8125 -72.0 1.6444274046134073 6 
0005 0011 4 1671008392867214 35.75 -71.0 5.056000676871073 6 
0005 0004 5 1671008392896350 27.625 -65.0 4.626486056263094 6 
0005 0005 5 1671008392900423 -6.5 -71.5 4.614214209960009 6 
0005 0006 5 1671008392909071 -91.125 -71.5 0.04908738521234052 6 
0005 0004 6 1671008392937405 16.25 -64.5 4.405592822807561 6 
0005 0012 6 1671008392947126 16.25 -71.5 1.6566992509164924 6 
0005 0012 7 1671008392979001 -26.0 -65.0 4.129476280988146 6 
0005 0015 7 1671008392983288 29.25 -70.5 4.417864669110647 6 
0005 0010 7 1671008392986893 29.25 -69.5 5.227806525114265 6 
0005 0013 7 1671008392987842 9.75 -55.5 1.3069516312785663 6 
0005 0004 7 1671008392990021 -7.3125 -55.5 3.3502140407422405 6 
0005 0011 7 1671008392990918 97.625 -71.5 5.424156065963627 6 
0005 0004 8 1671008393026254 55.3125 -69.0 2.6200391857086753 6 
0005 0006 8 1671008393028276 -3.25 -59.5 5.098952138931871 6 
0005 0013 8 1671008393030434 19.5 -57.0 1.8653206380689396 6 
0005 0012 8 1671008393035950 0.0 -60.5 0.3436116964863836 6 
0005 0011 8 1671008393036890 -6.5 -70.5 3.11091303783208 6 
0005 0007 8 1671008393037999 84.625 -68.5 1.7671458676442586 6 
0005 0015 8 1671008393043411 -58.5625 -69.5 4.792155981354743 6 
0005 0005 1 1671008393255995 -6.5 -62.0 6.007068765360171 6 
0005 0008 1 1671008393257921 6.5 -61.0 3.8410878928656453 6 
0005 0007 1 1671008393259857 -32.5 -66.0 2.6813984172241008 6 
0005 0004 1 1671008393261341 -21.125 -62.0 0.944932165337555 6 
0005 0015 1 1671008393262349 3.25 -62.5 0.7853981633974483 6 
0005 0011 1 1671008393266432 -19.5 -58.5 2.5402721847386216 6 
0005 0012 1 1671008393270534 -3.25 -55.0 2.110757564130642 6 
0005 0013 1 1671008393271978 0.0 -60.5 4.025165587411922 6 
0005 0009 1 1671008393279372 -48.8125 -73.5 5.0253210611133605 6 
0005 0012 2 1671008393305912 -6.5 -62.5 2.1659808724945253 6 
0005 0013 2 1671008393309331 -205.0625 -68.5 2.5464081078901644 6 
0005 0011 2 1671008393312036 -179.0 -68.0 2.2518837966161214 6 
0005 0008 2 1671008393316308 52.0625 -63.0 3.706097583531709 6 
0005 0014 2 1671008393317255 22.75 -63.0 0.8222137023067037 6 
0005 0004 2 1671008393320312 55.3125 -66.5 0.9940195505498954 6 
0005 0005 3 1671008393369827 6.5 -55.5 5.092816215780329 6 
0005 0007 3 1671008393370809 39.0 -62.5 0.6565437772150544 6 
0005 0015 3 1671008393371958 29.25 -60.5 4.908738521234052 6 
0005 0015 4 1671008393395944 48.8125 -64.0 2.0800779483729293 6 
0005 0011 4 1671008393401162 -162.75 -70.5 5.565282298449106 6 
0005 0005 4 1671008393406859 -35.75 -61.5 4.338097668140593 6 
0005 0004 4 1671008393410189 100.875 -72.5 1.761009944492716 6 
0005 0004 5 1671008393440218 -87.875 -65.5 4.9823695990525625 6 
0005 0012 6 1671008393485805 -61.8125 -70.5 2.0493983326152168 6 
0005 0004 6 1671008393487627 -32.5 -64.0 4.614214209960009 6 
0005 0012 7 1671008393517146 0.0 -66.0 4.01902966426038 6 
0005 0010 7 1671008393522422 74.8125 -70.5 4.933282213840222 6 
0005 0013 7 1671008393523385 13.0 -55.0 1.1228739367322893 6 
0005 0004 7 1671008393526904 10.5625 -56.0 3.2704470397721868 6 
0005 0011 7 1671008393533233 -97.625 -70.0 5.620505606812989 6 
0005 0015 7 1671008393534783 -120.4375 -70.5 4.651029748869264 6 
0005 0012 8 1671008393556919 -9.75 -61.0 0.18407769454627693 6 
0005 0007 8 1671008393559051 58.5625 -68.0 1.6689710972195777 6 
0005 0006 8 1671008393564441 -19.5 -58.5 4.9823695990525625 6 
0005 0013 8 1671008393567516 22.75 -58.0 1.7241944055834606 6 
0005 0011 8 1671008393571467 -52.0625 -70.5 2.7550294950426117 6 
0005 0004 8 1671008393572429 -52.0625 -68.5 2.988194574801229 6 
0005 0015 8 1671008393573395 -29.25 -69.0 4.81056375080937 6 
0005 0012 1 1671008393798140 9.75 -55.0 2.0371264863121317 6 
0005 0011 1 1671008393800057 19.5 -58.0 2.184388641949153 6 
0005 0013 1 1671008393802950 -26.0 -61.0 3.9944859716542096 6 
0005 0005 1 1671008393803881 -19.5 -61.0 5.559146375297564 6 
0005 0008 1 1671008393806722 -6.5 -60.5 3.5342917352885173 6 
0005 0015 1 1671008393809585 3.25 -62.5 0.7179030087304801 6 
0005 0004 1 1671008393811730 52.0625 -61.5 0.662679700366597 6 
0005 0007 1 1671008393812766 -26.0 -66.5 2.325514874434632 6 
0005 0009 1 1671008393825855 -273.375 -73.0 5.056000676871073 6 
