0008 0007 1 1671008439841091 13.0 -59.5 2.84706834231575 17 
0008 0001 1 1671008439842039 -48.8125 -66.0 2.4850488763747385 17 
0008 0005 1 1671008439843467 -7.3125 -55.5 2.478912953223196 17 
0008 0004 1 1671008439848459 -26.0 -70.0 5.424156065963627 17 
0008 0008 1 1671008439851412 -55.3125 -64.5 4.908738521234052 17 
0008 0014 1 1671008439852841 26.0 -67.5 5.056000676871073 17 
0008 0015 1 1671008439854997 48.8125 -62.5 2.8654761117703775 17 
0008 0005 2 1671008439886263 -218.0625 -68.0 5.822991070813893 17 
0008 0014 2 1671008439890057 -45.5625 -61.0 2.466641106920111 17 
0008 0015 2 1671008439895096 214.8125 -66.0 0.8406214717613314 17 
0008 0001 2 1671008439897248 -32.5 -67.0 5.50392306693368 17 
0008 0000 2 1671008439898919 120.4375 -64.5 1.214912784005428 17 
0008 0007 2 1671008439907509 -224.5625 -69.5 4.368777283898306 17 
0008 0006 2 1671008439912644 128.5625 -72.5 2.227340104009951 17 
0008 0005 3 1671008439940933 -29.25 -70.5 1.7426021750380885 17 
0008 0007 5 1671008440022595 -26.0 -64.0 3.2213596545598464 17 
0008 0005 5 1671008440023530 187.125 -68.0 4.301282129231338 17 
0008 0004 5 1671008440028093 -13.8125 -58.5 5.93343768754166 17 
0008 0004 6 1671008440058893 -22.75 -58.0 5.098952138931871 17 
0008 0011 6 1671008440060929 -10.5625 -73.0 0.37429131224409645 17 
0008 0010 6 1671008440061895 -61.8125 -69.5 0.2761165418194154 17 
0008 0015 6 1671008440063713 100.875 -69.0 0.006135923151542565 17 
0008 0014 7 1671008440096981 113.875 -67.0 6.14819499784565 17 
0008 0005 7 1671008440098592 128.5625 -69.0 2.110757564130642 17 
0008 0004 7 1671008440104196 -30.875 -61.5 5.700272607783043 17 
0008 0007 7 1671008440106610 -58.5625 -62.0 3.3195344249845276 17 
0008 0015 7 1671008440113274 110.625 -66.5 0.8467573949128739 17 
0008 0007 8 1671008440136502 9.75 -71.0 3.3195344249845276 17 
0008 0000 8 1671008440140770 22.75 -63.0 1.184233168247715 17 
0008 0004 8 1671008440145892 -13.8125 -62.5 5.092816215780329 17 
0008 0001 8 1671008440146840 -188.75 -70.5 4.411728745959104 17 
0008 0008 8 1671008440150612 -136.6875 -67.0 3.160000423044421 17 
0008 0015 8 1671008440151852 -55.3125 -69.5 3.7429131224409646 17 
0008 0014 8 1671008440153958 35.75 -63.5 6.062292073724054 17 
0008 0001 1 1671008440376186 6.5 -65.5 2.411417798556228 17 
0008 0004 1 1671008440378075 191.1875 -70.0 5.129631754689584 17 
0008 0008 1 1671008440387156 -22.75 -64.5 4.9394181369917645 17 
0008 0005 1 1671008440388499 10.5625 -55.5 2.4175537217077703 17 
0008 0007 1 1671008440393669 32.5 -60.0 2.890019804376548 17 
0008 0015 1 1671008440401541 -26.0 -63.0 3.0127382674073995 17 
0008 0014 1 1671008440403808 74.8125 -68.0 4.9394181369917645 17 
0008 0001 2 1671008440427602 -24.375 -67.0 5.5284667595398505 17 
0008 0005 2 1671008440433994 -87.0625 -66.5 5.737088146692298 17 
0008 0014 2 1671008440434954 24.375 -61.5 2.3930100291016 17 
0008 0006 2 1671008440437793 83.0 -72.5 2.945243112740431 17 
0008 0015 2 1671008440439568 -97.625 -65.5 1.3867186322486196 17 
0008 0000 2 1671008440441553 -42.3125 -65.5 1.5155730184310134 17 
0008 0007 2 1671008440446206 19.5 -69.0 3.8288160465625602 17 
0008 0005 3 1671008440475835 -180.625 -68.5 2.1598449493429825 17 
0008 0004 5 1671008440553031 16.25 -59.0 5.939573610693203 17 
0008 0007 5 1671008440554257 -52.0625 -64.5 3.2949907323783574 17 
0008 0005 5 1671008440557676 100.875 -68.5 4.430136515413731 17 
0008 0004 6 1671008440586575 -30.875 -58.5 5.098952138931871 17 
0008 0015 6 1671008440588729 -65.0625 -69.5 0.1349903093339364 17 
0008 0010 6 1671008440598386 162.75 -69.0 6.2463697682703305 17 
0008 0005 7 1671008440625938 -52.0625 -69.5 2.2089323345553233 17 
0008 0007 7 1671008440630549 32.5 -62.0 3.2581751934691017 17 
0008 0004 7 1671008440637219 -17.0625 -61.5 5.743224069843841 17 
0008 0014 7 1671008440638166 -9.75 -67.0 0.04295146206079795 17 
0008 0015 7 1671008440640962 -3.25 -67.0 0.9878836273983529 17 
0008 0008 8 1671008440667873 -48.8125 -67.5 3.000466421104314 17 
0008 0000 8 1671008440669050 48.8125 -63.0 1.1351457830353744 17 
0008 0007 8 1671008440670739 -104.125 -70.5 3.5833791205008576 17 
0008 0015 8 1671008440672851 -149.6875 -69.5 3.9147189706841563 17 
0008 0004 8 1671008440673796 -9.75 -62.5 5.098952138931871 17 
0008 0014 8 1671008440680485 58.5625 -63.5 6.000932842208628 17 
0008 0001 8 1671008440682994 -55.3125 -70.5 4.154019973594316 17 
0008 0007 1 1671008440907147 32.5 -60.0 2.8777479580734626 17 
0008 0005 1 1671008440908064 -3.25 -55.0 2.386874105950058 17 
0008 0014 1 1671008440916306 30.875 -69.0 5.0253210611133605 17 
0008 0015 1 1671008440919225 48.8125 -63.5 2.9575149590435164 17 
0008 0001 1 1671008440923067 -32.5 -66.0 2.454369260617026 17 
0008 0008 1 1671008440924297 -3.25 -64.5 4.890330751779424 17 
0008 0004 1 1671008440925617 -198.5625 -70.0 5.589825991055276 17 
0008 0005 2 1671008440958333 10.5625 -68.0 5.651185222570702 17 
0008 0014 2 1671008440961803 24.375 -61.5 2.423689644859313 17 
0008 0007 2 1671008440965146 -162.75 -69.5 4.246058820867455 17 
0008 0015 2 1671008440966395 61.8125 -65.5 1.0615147052168636 17 
0008 0001 2 1671008440967924 87.0625 -66.5 5.013049214810275 17 
0008 0000 2 1671008440974856 9.75 -65.5 1.3867186322486196 17 
0008 0006 2 1671008440980337 -347.4375 -72.5 3.117048960983623 17 
0008 0005 3 1671008441006950 -26.0 -69.0 1.8039614065535141 17 
0008 0004 5 1671008441089953 -48.8125 -59.0 0.11658253987930872 17 
0008 0005 5 1671008441092476 -182.25 -68.5 5.295301679781233 17 
0008 0007 5 1671008441093541 35.75 -64.0 3.393165502803038 17 
0008 0011 6 1671008441127887 -73.1875 -73.0 0.760854470791278 17 
0008 0004 6 1671008441132533 -27.625 -60.5 5.356660911296659 17 
0008 0010 6 1671008441139048 22.75 -67.5 0.5767767762450011 17 
0008 0015 6 1671008441142623 22.75 -69.0 0.18407769454627693 17 
0008 0004 7 1671008441168053 6.5 -59.5 5.810719224510809 17 
0008 0000 7 1671008441173882 175.75 -70.5 0.4540583132141498 17 
0008 0014 7 1671008441178423 26.0 -64.5 5.798447378207723 17 
0008 0008 7 1671008441179983 74.8125 -66.0 4.06811704947272 17 
0008 0005 7 1671008441180972 -34.9375 -62.0 2.779573187648782 17 
0008 0007 7 1671008441183833 35.75 -61.0 3.877903431774901 17 
0008 0015 7 1671008441186333 117.125 -69.0 0.9817477042468103 17 
0008 0014 8 1671008441218562 13.0 -61.5 5.957981380147831 17 
0008 0007 8 1671008441219995 -16.25 -66.5 5.546874528994478 17 
0008 0005 8 1671008441220929 -100.875 -70.0 4.184699589352029 17 
0008 0004 8 1671008441232287 -71.5625 -62.0 4.914874444385594 17 
0008 0008 8 1671008441233262 -22.75 -59.5 2.890019804376548 17 
0008 0005 1 1671008441459729 7.3125 -63.5 2.6016314162540475 17 
0008 0014 1 1671008441460693 -139.125 -69.0 5.890486225480862 17 
0008 0001 1 1671008441468982 -52.0625 -60.0 4.23378697456437 17 
0008 0007 1 1671008441469945 13.0 -61.5 0.09203884727313846 17 
0008 0015 1 1671008441478324 -55.3125 -63.0 3.767456815047135 17 
0008 0004 1 1671008441479239 3.25 -64.5 0.7547185476397354 17 
0008 0004 2 1671008441507638 34.9375 -57.5 4.847379289718626 17 
0008 0015 2 1671008441508574 6.5 -64.5 0.760854470791278 17 
0008 0007 2 1671008441513120 0.0 -62.5 1.0921943209745766 17 
0008 0008 2 1671008441518436 -9.75 -63.5 5.074408446325701 17 
0008 0014 2 1671008441520165 -62.625 -60.5 2.12916533358527 17 
0008 0001 2 1671008441525048 -100.875 -63.0 5.006913291658733 17 
0008 0011 2 1671008441526305 -52.0625 -67.5 5.50392306693368 17 
0008 0005 2 1671008441529050 133.4375 -67.0 3.147728576741336 17 
0008 0007 3 1671008441560627 29.25 -63.5 0.6258641614573416 17 
0008 0001 4 1671008441608119 -26.0 -69.5 5.602097837358362 17 
0008 0004 4 1671008441609077 -7.3125 -68.0 5.5284667595398505 17 
0008 0008 4 1671008441611501 -68.3125 -69.5 4.086524818927348 17 
0008 0011 4 1671008441612461 -34.9375 -69.5 1.0246991663076084 17 
0008 0004 5 1671008441642525 38.1875 -60.0 2.724349879284899 17 
0008 0010 5 1671008441643970 42.3125 -62.0 1.8837284075235674 17 
0008 0005 5 1671008441651726 -73.1875 -71.5 4.037437433715008 17 
0008 0002 5 1671008441666933 16.25 -72.5 1.8960002538266525 17 
0008 0006 6 1671008441696420 -21.125 -70.5 0.803805932852076 17 
0008 0002 6 1671008441698276 -48.8125 -69.5 2.9943304979527716 17 
0008 0004 6 1671008441699222 17.0625 -57.5 3.718369429834794 17 
0008 0015 6 1671008441706685 -52.0625 -65.5 5.749359992995383 17 
0008 0010 6 1671008441708431 -113.875 -68.5 2.859340188618835 17 
0008 0004 7 1671008441742585 7.3125 -64.5 3.6140587362585705 17 
0008 0001 7 1671008441743788 -34.9375 -66.0 5.062136600022616 17 
0008 0008 7 1671008441745005 -16.25 -61.0 5.712544454086128 17 
0008 0000 7 1671008441749720 -139.9375 -66.5 0.7853981633974483 17 
0008 0014 7 1671008441754637 -24.375 -65.0 5.890486225480862 17 
0008 0010 7 1671008441759256 -136.6875 -69.5 4.921010367537137 17 
0008 0005 7 1671008441760988 107.375 -71.0 3.9453985864418692 17 
0008 0009 7 1671008441764930 -234.3125 -69.5 3.1968159619536762 17 
0008 0011 7 1671008441765975 34.9375 -70.0 5.945709533844745 17 
0008 0014 8 1671008441798817 -26.0 -61.0 5.546874528994478 17 
0008 0008 8 1671008441799763 3.25 -62.5 4.301282129231338 17 
0008 0009 8 1671008441800700 29.25 -63.5 2.1046216409791 17 
0008 0004 8 1671008441806229 -45.5625 -65.5 2.423689644859313 17 
0008 0015 8 1671008441808214 45.5625 -69.5 2.662990647769473 17 
0008 0000 8 1671008441809733 -61.8125 -65.0 5.086680292628786 17 
0008 0005 8 1671008441811163 87.0625 -68.5 4.921010367537137 17 
0008 0011 1 1671008442026724 -7.3125 -66.5 1.282407938672396 17 
0008 0008 1 1671008442027729 13.0 -61.0 0.607456392002714 17 
0008 0014 1 1671008442030597 0.0 -65.5 5.295301679781233 17 
0008 0000 1 1671008442031539 81.375 -67.5 2.1230294104337273 17 
0008 0001 1 1671008442034599 172.5 -69.5 5.45483568172134 17 
0008 0010 1 1671008442037693 -22.75 -67.0 3.6140587362585705 17 
0008 0009 1 1671008442040786 -13.0 -61.5 5.270757987175063 17 
0008 0007 1 1671008442043381 -6.5 -59.0 0.3865631585471816 17 
0008 0015 1 1671008442046080 13.0 -66.0 3.031146036862027 17 
0008 0004 2 1671008442078992 42.3125 -63.0 3.761320891895592 17 
0008 0015 2 1671008442080665 -35.75 -61.5 0.5583690067903734 17 
0008 0007 2 1671008442081631 35.75 -60.5 0.04295146206079795 17 
0008 0008 2 1671008442082806 84.625 -62.5 1.6014759425526093 17 
0008 0014 2 1671008442084688 22.75 -60.0 1.6137477888556946 17 
0008 0011 2 1671008442087507 -83.0 -65.5 4.313553975534423 17 
0008 0005 3 1671008442141114 62.625 -63.5 1.846912868614312 17 
0008 0004 3 1671008442145152 -159.5 -69.5 2.4727770300716534 17 
0008 0010 4 1671008442177441 -19.5 -65.5 2.442097414313941 17 
0008 0005 4 1671008442178327 0.0 -62.0 2.386874105950058 17 
0008 0007 4 1671008442182460 39.0 -66.5 1.0921943209745766 17 
0008 0011 4 1671008442184805 -13.8125 -64.0 1.509437095279471 17 
0008 0001 4 1671008442186023 117.9375 -69.5 4.957825906446392 17 
0008 0006 5 1671008442218416 183.875 -71.5 0.9633399347921826 17 
0008 0011 5 1671008442219828 13.8125 -66.0 4.914874444385594 17 
0008 0010 5 1671008442222405 22.75 -63.0 1.0246991663076084 17 
0008 0005 5 1671008442223652 48.8125 -70.5 0.28225246497095796 17 
0008 0007 5 1671008442225071 84.625 -60.5 4.963961829597935 17 
0008 0004 5 1671008442226030 17.0625 -59.0 2.705942109830271 17 
0008 0004 6 1671008442261310 3.25 -56.5 2.8286605728611223 17 
0008 0011 6 1671008442262257 -3.25 -68.5 5.473243451175968 17 
0008 0015 6 1671008442263915 -13.0 -64.5 5.816855147662351 17 
0008 0010 6 1671008442266373 -13.0 -66.0 3.472932503773092 17 
0008 0006 6 1671008442267648 79.75 -67.0 2.0493983326152168 17 
0008 0014 6 1671008442268610 -90.3125 -71.5 4.92714629068868 17 
0008 0015 7 1671008442296969 19.5 -68.0 1.4971652489763858 17 
0008 0011 7 1671008442297915 7.3125 -61.5 1.3867186322486196 17 
0008 0005 7 1671008442301479 145.625 -69.5 0.25157284921324513 17 
0008 0008 7 1671008442302411 -22.75 -59.5 3.2090878082567613 17 
0008 0014 7 1671008442305315 55.3125 -67.5 5.749359992995383 17 
0008 0007 7 1671008442306410 -16.25 -64.5 0.4049709280018093 17 
0008 0004 7 1671008442307315 76.4375 -62.5 0.15339807878856412 17 
0008 0001 7 1671008442310968 -107.375 -69.5 4.626486056263094 17 
0008 0006 7 1671008442312563 -76.4375 -71.0 1.576932249946439 17 
0008 0015 8 1671008442335906 -130.1875 -69.0 2.8532042654672924 17 
0008 0014 8 1671008442339451 13.0 -61.5 5.589825991055276 17 
0008 0000 8 1671008442341819 9.75 -67.5 1.2087768608538851 17 
0008 0007 8 1671008442345637 32.5 -68.5 2.552544031041707 17 
0008 0008 8 1671008442346584 19.5 -57.5 2.454369260617026 17 
0008 0004 8 1671008442347503 -30.875 -59.5 4.7307967498393175 17 
0008 0009 8 1671008442348409 -42.3125 -68.0 1.1596894756415448 17 
0008 0005 8 1671008442351358 -27.625 -69.5 0.2945243112740431 17 
0008 0007 1 1671008442579824 3.25 -60.0 6.0991076126333095 17 
0008 0009 1 1671008442581949 -13.0 -61.5 5.092816215780329 17 
0008 0008 1 1671008442583861 -13.0 -58.0 5.859806609723149 17 
0008 0000 1 1671008442592084 55.3125 -69.0 0.380427235395639 17 
0008 0015 1 1671008442595610 -94.375 -67.0 3.1661363461959633 17 
0008 0014 1 1671008442597279 69.125 -65.5 5.190990986205009 17 
0008 0011 1 1671008442598209 38.1875 -65.0 1.2578642460662257 17 
0008 0008 2 1671008442626261 13.0 -62.0 1.239456476611598 17 
0008 0004 2 1671008442628443 21.125 -62.5 2.834796496012665 17 
0008 0011 2 1671008442638162 48.8125 -64.5 3.730641276137879 17 
0008 0015 2 1671008442639098 -6.5 -62.5 0.36815538909255385 17 
0008 0007 2 1671008442642667 -19.5 -61.0 5.8659425328746915 17 
0008 0014 2 1671008442644011 -9.75 -60.0 1.6751070203711202 17 
0008 0005 3 1671008442689654 -6.5 -61.5 2.1046216409791 17 
0008 0004 3 1671008442691313 117.9375 -68.0 2.12916533358527 17 
0008 0010 4 1671008442729257 19.5 -63.5 2.5157284921324514 17 
0008 0005 4 1671008442731124 3.25 -60.5 2.442097414313941 17 
0008 0011 4 1671008442735370 52.0625 -63.5 1.576932249946439 17 
0008 0007 4 1671008442743859 13.0 -64.0 0.8713010875190442 17 
0008 0011 5 1671008442766303 -45.5625 -67.5 5.227806525114265 17 
0008 0007 5 1671008442767509 19.5 -60.0 5.105088062083414 17 
0008 0005 5 1671008442769519 10.5625 -67.0 0.3374757733348411 17 
0008 0010 5 1671008442770725 19.5 -62.0 1.3314953238847365 17 
0008 0004 5 1671008442771925 9.75 -59.0 2.988194574801229 17 
0008 0006 5 1671008442787652 350.6875 -72.0 0.2761165418194154 17 
0008 0015 6 1671008442819128 55.3125 -64.0 5.780039608753096 17 
0008 0002 6 1671008442820065 107.375 -74.5 1.8407769454627694 17 
0008 0006 6 1671008442821732 41.5 -66.5 1.6812429435226628 17 
0008 0004 6 1671008442824429 -10.5625 -56.0 2.662990647769473 17 
0008 0010 6 1671008442825412 -39.0 -65.5 3.5711072741977725 17 
0008 0014 6 1671008442827743 45.5625 -71.5 4.7307967498393175 17 
0008 0011 6 1671008442835622 65.875 -67.5 5.356660911296659 17 
0008 0014 7 1671008442866634 -10.5625 -65.0 5.896622148632405 17 
0008 0011 7 1671008442868163 -17.0625 -60.0 1.227184630308513 17 
0008 0001 7 1671008442871664 -13.0 -63.5 2.1475731030398975 17 
0008 0008 7 1671008442878106 19.5 -59.5 2.7979809571034093 17 
0008 0015 7 1671008442880655 -45.5625 -68.0 1.3314953238847365 17 
0008 0004 7 1671008442881883 52.0625 -63.5 0.17794177139473438 17 
0008 0007 7 1671008442882890 13.0 -65.0 0.11658253987930872 17 
0008 0005 7 1671008442884408 -13.8125 -68.5 0.3129320807286708 17 
0008 0007 8 1671008442906219 39.0 -66.5 2.675262494072558 17 
0008 0005 8 1671008442907147 0.0 -70.5 0.030679615757712823 17 
0008 0004 8 1671008442913843 -24.375 -60.0 4.675573441475434 17 
0008 0009 8 1671008442915319 74.8125 -67.5 1.0737865515199487 17 
0008 0000 8 1671008442916299 -68.3125 -69.5 0.3190680038802134 17 
0008 0014 8 1671008442917471 3.25 -61.5 5.638913376267617 17 
0008 0008 8 1671008442922161 6.5 -57.0 2.0064468705544187 17 
0008 0015 8 1671008442923103 -42.3125 -68.0 2.730485802436441 17 
0008 0009 1 1671008443159345 -3.25 -61.5 5.154175447295755 17 
0008 0007 1 1671008443166480 19.5 -60.0 5.976389149602458 17 
0008 0008 1 1671008443167524 0.0 -57.5 5.810719224510809 17 
0008 0014 1 1671008443168738 -81.375 -65.5 5.301437602932776 17 
0008 0015 1 1671008443172374 55.3125 -67.0 3.043417883165112 17 
0008 0011 1 1671008443174919 -13.8125 -65.5 1.2640001692177683 17 
0008 0000 1 1671008443178138 13.0 -70.5 0.04908738521234052 17 
0008 0008 2 1671008443207045 113.875 -63.0 1.055378782065321 17 
0008 0007 2 1671008443207981 68.3125 -61.0 5.602097837358362 17 
0008 0011 2 1671008443215308 79.75 -66.0 3.663146121470911 17 
0008 0014 2 1671008443219244 16.25 -60.0 1.6137477888556946 17 
0008 0015 2 1671008443222641 19.5 -62.0 0.28838838812250056 17 
0008 0004 2 1671008443226692 93.5625 -63.5 2.7120780329818137 17 
0008 0001 2 1671008443235191 166.0 -70.0 1.423534171157875 17 
0008 0005 3 1671008443257005 45.5625 -61.0 2.098485717827557 17 
0008 0001 3 1671008443262048 -208.3125 -68.5 0.34974761963792617 17 
0008 0004 3 1671008443264922 -166.8125 -68.0 2.705942109830271 17 
0008 0010 4 1671008443299724 52.0625 -63.5 2.5157284921324514 17 
0008 0005 4 1671008443304546 17.0625 -61.0 2.442097414313941 17 
0008 0011 4 1671008443305507 34.9375 -63.0 1.5155730184310134 17 
0008 0007 4 1671008443306697 19.5 -64.0 0.7669903939428205 17 
0008 0007 5 1671008443336337 16.25 -60.5 5.006913291658733 17 
0008 0005 5 1671008443338136 45.5625 -66.5 0.1718058482431918 17 
0008 0010 5 1671008443339311 -6.5 -61.5 1.4173982480063325 17 
0008 0004 5 1671008443340486 29.25 -59.5 3.0250101137104846 17 
0008 0011 5 1671008443343600 -27.625 -67.5 5.45483568172134 17 
0008 0006 5 1671008443347081 139.125 -71.0 0.5829126993965437 17 
0008 0004 6 1671008443376170 -13.8125 -56.0 2.779573187648782 17 
0008 0014 6 1671008443379970 -45.5625 -72.0 4.847379289718626 17 
0008 0015 6 1671008443380880 -81.375 -64.5 6.025476534814799 17 
0008 0010 6 1671008443381874 35.75 -65.5 3.6201946594101133 17 
0008 0006 6 1671008443384063 7.3125 -66.0 1.8346410223112268 17 
0008 0011 6 1671008443385561 -7.3125 -67.0 5.577554144752192 17 
0008 0002 6 1671008443399130 32.5 -75.0 1.9696313316451632 17 
0008 0014 7 1671008443426439 -30.875 -65.5 5.816855147662351 17 
0008 0008 7 1671008443428196 -16.25 -59.0 2.834796496012665 17 
0008 0007 7 1671008443429164 -35.75 -64.5 0.07363107781851078 17 
0008 0011 7 1671008443431806 -24.375 -60.0 1.1658253987930873 17 
0008 0004 7 1671008443435037 39.0 -63.5 0.04908738521234052 17 
0008 0005 7 1671008443435970 114.6875 -67.0 0.09817477042468103 17 
0008 0001 7 1671008443438252 34.9375 -64.0 2.073942025221387 17 
0008 0015 7 1671008443440054 81.375 -69.0 1.1719613219446299 17 
0008 0008 8 1671008443467077 0.0 -57.0 1.9880391010997909 17 
0008 0007 8 1671008443472315 -9.75 -67.0 2.6813984172241008 17 
0008 0005 8 1671008443475650 -38.1875 -70.5 0.018407769454627694 17 
0008 0000 8 1671008443477339 68.3125 -71.5 6.264777537724958 17 
0008 0004 8 1671008443479515 -16.25 -60.0 4.577398671050753 17 
0008 0009 8 1671008443480464 -9.75 -67.5 1.239456476611598 17 
0008 0014 8 1671008443482955 -27.625 -61.5 5.743224069843841 17 
0008 0015 8 1671008443484960 52.0625 -67.5 2.6691265709210157 17 
0008 0011 1 1671008443707598 -10.5625 -65.0 1.2210487071569704 17 
0008 0009 1 1671008443713628 13.0 -62.0 5.111223985234957 17 
0008 0008 1 1671008443714816 -29.25 -58.0 5.829126993965437 17 
0008 0000 1 1671008443718348 110.625 -68.5 0.05522330836388308 17 
0008 0007 1 1671008443720598 6.5 -60.0 5.970253226450915 17 
0008 0014 1 1671008443725069 -13.8125 -65.5 5.154175447295755 17 
0008 0015 1 1671008443727518 -55.3125 -67.5 3.3624858870453256 17 
0008 0008 2 1671008443758223 22.75 -62.0 1.0799224746714913 17 
0008 0004 2 1671008443760345 -7.3125 -63.0 2.791845033951867 17 
0008 0007 2 1671008443763226 -9.75 -61.5 5.712544454086128 17 
0008 0014 2 1671008443766103 27.625 -59.5 1.5892040962495242 17 
0008 0011 2 1671008443767318 -114.6875 -64.5 3.9515345095934116 17 
0008 0015 2 1671008443769156 65.0625 -62.0 0.1902136176978195 17 
0008 0005 3 1671008443822145 87.0625 -61.0 2.018718716857504 17 
0008 0004 3 1671008443825582 -81.375 -68.0 2.6139032625571326 17 
0008 0011 4 1671008443847913 73.1875 -64.0 1.509437095279471 17 
0008 0005 4 1671008443848858 -10.5625 -61.0 2.405281875404685 17 
0008 0007 4 1671008443850050 -9.75 -64.0 0.8651651643675016 17 
0008 0010 4 1671008443852507 -16.25 -64.0 2.6139032625571326 17 
0008 0006 5 1671008443886133 -73.1875 -73.0 0.8160777791551611 17 
0008 0010 5 1671008443889169 32.5 -61.0 1.3928545554001621 17 
0008 0005 5 1671008443890485 -38.1875 -66.5 0.34974761963792617 17 
0008 0007 5 1671008443891688 -6.5 -60.5 5.0682725231741586 17 
0008 0011 5 1671008443892609 -27.625 -67.5 5.424156065963627 17 
0008 0004 5 1671008443893583 21.125 -59.0 3.0495538063166547 17 
0008 0002 5 1671008443895922 -266.875 -74.5 3.104777114680538 17 
0008 0010 6 1671008443926216 -22.75 -66.0 3.6692820446224537 17 
0008 0014 6 1671008443928229 -30.875 -70.5 4.816699673960914 17 
0008 0006 6 1671008443929656 32.5 -66.0 1.6689710972195777 17 
0008 0004 6 1671008443931695 13.8125 -56.0 2.662990647769473 17 
0008 0011 6 1671008443933534 -17.0625 -67.5 5.559146375297564 17 
0008 0015 6 1671008443935703 32.5 -64.0 5.8475347634200645 17 
0008 0002 6 1671008443944117 -188.75 -75.0 2.030990563160589 17 
0008 0001 7 1671008443977328 45.5625 -64.5 2.1659808724945253 17 
0008 0007 7 1671008443978364 42.3125 -65.5 0.04295146206079795 17 
0008 0004 7 1671008443981006 -9.75 -63.0 0.03681553890925539 17 
0008 0014 7 1671008443981943 121.25 -66.5 5.730952223540755 17 
0008 0011 7 1671008443985553 -10.5625 -60.5 1.1596894756415448 17 
0008 0005 7 1671008443986714 90.3125 -68.5 0.07976700097005335 17 
0008 0008 7 1671008443987632 -19.5 -59.0 2.8286605728611223 17 
0008 0015 7 1671008443990986 120.4375 -68.0 1.1106020904292042 17 
0008 0000 7 1671008443993065 -126.9375 -72.5 1.7426021750380885 17 
0008 0015 8 1671008444026483 -6.5 -66.5 2.742757648739526 17 
0008 0009 8 1671008444027490 -71.5625 -67.0 1.2946797849754812 17 
0008 0014 8 1671008444028692 -24.375 -62.0 5.71868037723767 17 
0008 0004 8 1671008444031827 -27.625 -60.0 4.595806440505381 17 
0008 0000 8 1671008444033302 81.375 -70.0 0.2454369260617026 17 
0008 0005 8 1671008444038095 59.375 -70.5 0.0859029241215959 17 
0008 0008 8 1671008444046274 -19.5 -57.0 2.043262409463674 17 
0008 0007 8 1671008444047862 0.0 -67.0 2.6445828783148455 17 
0008 0015 1 1671008444270905 26.0 -67.0 3.08636934522591 17 
0008 0008 1 1671008444275441 -3.25 -58.0 5.749359992995383 17 
0008 0007 1 1671008444281078 -6.5 -60.0 5.976389149602458 17 
0008 0009 1 1671008444283229 6.5 -62.0 5.307573526084319 17 
0008 0011 1 1671008444284632 45.5625 -65.5 1.1167380135807468 17 
0008 0000 1 1671008444286135 -3.25 -68.5 0.2761165418194154 17 
0008 0014 1 1671008444287112 -19.5 -65.5 5.098952138931871 17 
0008 0007 2 1671008444315955 -3.25 -61.5 5.700272607783043 17 
0008 0004 2 1671008444318325 35.75 -63.0 2.5709518004963345 17 
0008 0008 2 1671008444323328 -39.0 -62.5 1.0983302441261191 17 
0008 0014 2 1671008444324233 76.4375 -59.5 1.564660403643354 17 
0008 0015 2 1671008444325712 -32.5 -63.0 0.37429131224409645 17 
0008 0011 2 1671008444329063 -24.375 -64.5 3.6263305825616556 17 
0008 0005 2 1671008444331440 6.5 -71.0 0.9878836273983529 17 
0008 0004 3 1671008444368638 152.9375 -67.5 2.1230294104337273 17 
0008 0005 3 1671008444371634 3.25 -61.0 2.1046216409791 17 
0008 0011 4 1671008444406265 21.125 -63.0 1.607611865704152 17 
0008 0007 4 1671008444412864 -32.5 -63.5 1.000155473701438 17 
0008 0005 4 1671008444416997 -62.625 -61.5 2.448233337465483 17 
0008 0010 4 1671008444419042 52.0625 -63.0 2.5280003384355365 17 
0008 0011 5 1671008444447488 -62.625 -66.5 5.436427912266712 17 
0008 0010 5 1671008444449626 91.125 -62.0 1.282407938672396 17 
0008 0007 5 1671008444452715 -3.25 -60.5 5.0682725231741586 17 
0008 0004 5 1671008444453676 7.3125 -59.0 3.031146036862027 17 
0008 0006 5 1671008444456862 298.625 -71.0 0.6504078540635119 17 
0008 0005 5 1671008444458077 -38.1875 -66.0 0.3129320807286708 17 
0008 0002 5 1671008444460459 224.5625 -74.0 2.411417798556228 17 
0008 0010 6 1671008444486976 -61.8125 -66.0 3.767456815047135 17 
0008 0011 6 1671008444492402 7.3125 -67.0 5.626641529964532 17 
0008 0004 6 1671008444494444 0.0 -55.5 2.6875343403756435 17 
0008 0015 6 1671008444495387 -9.75 -64.5 5.976389149602458 17 
0008 0014 6 1671008444499502 145.625 -71.5 4.558990901596125 17 
0008 0002 6 1671008444500470 -279.9375 -74.0 2.3930100291016 17 
0008 0006 6 1671008444501441 21.125 -66.0 1.736466251886546 17 
0008 0005 7 1671008444526389 24.375 -68.5 0.20248546400090464 17 
0008 0011 7 1671008444529952 3.25 -59.5 1.1474176293384597 17 
0008 0007 7 1671008444531836 0.0 -64.5 0.04295146206079795 17 
0008 0014 7 1671008444533321 -3.25 -65.5 5.9518454569962875 17 
0008 0001 7 1671008444535462 128.5625 -64.5 2.0493983326152168 17 
0008 0004 7 1671008444536408 -45.5625 -62.5 0.07363107781851078 17 
0008 0008 7 1671008444538329 9.75 -59.0 2.7857091108003242 17 
0008 0015 7 1671008444542687 65.0625 -68.5 1.1903690913992575 17 
0008 0000 7 1671008444546126 -276.625 -72.0 1.8346410223112268 17 
0008 0008 8 1671008444567409 -13.0 -57.5 2.012582793705961 17 
0008 0004 8 1671008444570541 -7.3125 -60.0 4.534447208989955 17 
0008 0009 8 1671008444576464 48.8125 -67.0 1.3069516312785663 17 
0008 0007 8 1671008444577402 -48.8125 -66.5 3.0250101137104846 17 
0008 0014 8 1671008444579569 24.375 -62.0 5.675728915176872 17 
0008 0000 8 1671008444580521 61.8125 -69.0 0.1718058482431918 17 
0008 0015 8 1671008444585516 58.5625 -68.0 2.5341362615870793 17 
0008 0005 8 1671008444587088 69.125 -70.5 0.04295146206079795 17 
0008 0008 1 1671008444807603 -3.25 -58.0 5.749359992995383 17 
0008 0000 1 1671008444809080 65.0625 -69.0 0.15339807878856412 17 
0008 0011 1 1671008444815944 24.375 -65.5 1.043106935762236 17 
0008 0007 1 1671008444816867 13.0 -60.5 5.890486225480862 17 
0008 0014 1 1671008444820902 -59.375 -65.5 5.197126909356553 17 
0008 0015 1 1671008444825530 6.5 -67.0 3.1354567304382504 17 
0008 0009 1 1671008444828823 -26.0 -62.0 5.387340527054372 17 
