0005 0012 1 1671008675166828 87.875 -61.5 2.478912953223196 20 
0005 0015 1 1671008675170733 -3.25 -68.5 2.9636508821950587 20 
0005 0011 1 1671008675172886 6.5 -60.0 5.0253210611133605 20 
0005 0010 1 1671008675173840 -81.375 -62.0 5.896622148632405 20 
0005 0013 1 1671008675176502 39.0 -63.0 0.9694758579437253 20 
0005 0007 1 1671008675186193 32.5 -68.0 4.779884135051658 20 
0005 0014 1 1671008675192435 6.5 -67.5 2.5280003384355365 20 
0005 0005 2 1671008675238306 201.8125 -68.5 5.773903685601553 20 
0005 0011 2 1671008675241931 -45.5625 -65.0 4.577398671050753 20 
0005 0010 2 1671008675246978 13.0 -67.5 2.4175537217077703 20 
0005 0007 2 1671008675255211 45.5625 -68.5 5.178719139901925 20 
0005 0004 2 1671008675259851 -201.8125 -70.0 2.9697868053466014 20 
0005 0012 2 1671008675263566 78.0625 -66.5 4.847379289718626 20 
0005 0014 2 1671008675267751 -42.3125 -70.5 4.000621894805752 20 
0005 0012 3 1671008675299017 -87.875 -66.0 5.626641529964532 20 
0005 0011 3 1671008675300459 -6.5 -56.0 1.8100973297050567 20 
0005 0004 3 1671008675302627 -83.0 -66.0 0.5031456984264903 20 
0005 0005 3 1671008675303586 9.75 -52.0 1.0676506283684062 20 
0005 0007 3 1671008675304512 -26.0 -63.5 3.5465635815916023 20 
0005 0015 3 1671008675307234 55.3125 -68.5 6.17273869045182 20 
0005 0010 3 1671008675308200 19.5 -62.5 4.295146206079795 20 
0005 0001 3 1671008675313080 -39.0 -68.5 4.608078286808466 20 
0005 0000 4 1671008675338702 -3.25 -70.0 3.2336315008629315 20 
0005 0005 4 1671008675340261 -9.75 -55.0 5.399612373357457 20 
0005 0006 4 1671008675341507 26.0 -60.5 0.7669903939428205 20 
0005 0011 4 1671008675342498 -13.0 -61.0 2.3009711818284617 20 
0005 0001 4 1671008675343716 -117.125 -71.0 5.160311370447297 20 
0005 0004 4 1671008675344633 -41.5 -63.0 5.602097837358362 20 
0005 0007 4 1671008675347983 -45.5625 -63.0 5.595961914206819 20 
0005 0002 4 1671008675351407 -170.0625 -71.0 3.423845118560751 20 
0005 0008 4 1671008675355474 -71.5625 -72.5 2.0493983326152168 20 
0005 0013 4 1671008675358546 120.4375 -67.5 0.8344855486097889 20 
0005 0015 4 1671008675360749 149.6875 -71.5 2.3071071049800045 20 
0005 0011 5 1671008675389524 -61.8125 -62.5 3.5895150436524004 20 
0005 0004 5 1671008675390486 27.625 -60.0 1.0737865515199487 20 
0005 0012 5 1671008675391933 -35.75 -62.5 4.638757902566179 20 
0005 0002 5 1671008675392937 -19.5 -65.0 6.025476534814799 20 
0005 0010 5 1671008675396551 6.5 -56.0 1.8714565612204823 20 
0005 0001 5 1671008675397516 55.3125 -67.5 4.957825906446392 20 
0005 0005 5 1671008675403162 -111.4375 -67.5 4.246058820867455 20 
0005 0001 6 1671008675449130 -45.5625 -70.0 3.7981364308048478 20 
0005 0006 6 1671008675450090 -9.75 -60.5 0.662679700366597 20 
0005 0000 6 1671008675452197 -94.375 -73.5 0.521553467881118 20 
0005 0005 6 1671008675453584 30.875 -65.5 6.240233845118788 20 
0005 0013 6 1671008675455763 87.875 -69.5 4.080388895775806 20 
0005 0004 6 1671008675458701 0.0 -60.5 1.736466251886546 20 
0005 0007 6 1671008675463307 58.5625 -64.5 1.6137477888556946 20 
0005 0010 6 1671008675464247 45.5625 -64.0 1.1228739367322893 20 
0005 0012 7 1671008675488821 -42.3125 -66.5 0.22089323345553233 20 
0005 0006 7 1671008675501718 172.5 -70.5 0.9878836273983529 20 
0005 0004 7 1671008675508558 260.375 -68.5 3.9944859716542096 20 
0005 0011 7 1671008675511889 42.3125 -71.0 0.48473792897186263 20 
0005 0012 8 1671008675540791 -29.25 -64.0 1.086058397823034 20 
0005 0010 8 1671008675542519 45.5625 -69.0 5.6941366846315 20 
0005 0011 8 1671008675548626 -94.375 -68.0 0.6933593161243098 20 
0005 0015 8 1671008675550929 -136.6875 -66.0 4.252194744018997 20 
0005 0010 1 1671008675780799 0.0 -62.0 5.773903685601553 20 
0005 0007 1 1671008675782692 -205.0625 -69.0 5.141903600992669 20 
0005 0012 1 1671008675784572 -9.75 -61.5 2.5893595699509624 20 
0005 0011 1 1671008675785993 -9.75 -60.0 5.080544369477243 20 
0005 0013 1 1671008675793310 -16.25 -63.0 0.9878836273983529 20 
0005 0015 1 1671008675797725 61.8125 -68.5 3.043417883165112 20 
0005 0014 1 1671008675798660 100.875 -68.0 2.325514874434632 20 
0005 0011 2 1671008675828518 -91.125 -65.0 4.620350133111551 20 
0005 0010 2 1671008675830896 -39.0 -67.5 2.5341362615870793 20 
0005 0007 2 1671008675832350 13.0 -67.5 5.221670601962723 20 
0005 0012 2 1671008675843497 22.75 -66.5 4.81056375080937 20 
0005 0004 2 1671008675845141 260.375 -69.0 2.2027964114037806 20 
0005 0005 2 1671008675848692 111.4375 -67.5 5.798447378207723 20 
0005 0014 2 1671008675855607 -120.4375 -69.0 4.049709280018092 20 
0005 0010 3 1671008675895998 6.5 -62.5 4.3074180523828804 20 
0005 0004 3 1671008675897398 -38.1875 -65.5 0.4724660826687775 20 
0005 0011 3 1671008675901209 16.25 -56.0 1.7855536370988863 20 
0005 0015 3 1671008675902162 -71.5625 -67.5 0.0859029241215959 20 
0005 0005 3 1671008675903329 0.0 -52.0 1.086058397823034 20 
0005 0001 3 1671008675913542 -68.3125 -69.5 4.516039439535327 20 
0005 0007 3 1671008675915867 6.5 -64.0 3.54042765844006 20 
0005 0012 3 1671008675920647 -126.9375 -66.0 5.626641529964532 20 
0005 0013 4 1671008675946367 -104.125 -68.5 1.0246991663076084 20 
0005 0000 4 1671008675951168 91.125 -68.5 3.129320807286708 20 
0005 0004 4 1671008675952029 45.5625 -63.5 5.460971604872882 20 
0005 0007 4 1671008675952977 -9.75 -63.0 5.559146375297564 20 
0005 0005 4 1671008675954193 -42.3125 -55.0 5.45483568172134 20 
0005 0011 4 1671008675955186 16.25 -61.5 2.2886993355253766 20 
0005 0006 4 1671008675956076 -35.75 -60.5 0.8835729338221293 20 
0005 0015 4 1671008675957535 -16.25 -73.0 2.429825568010856 20 
0005 0002 4 1671008675958840 -205.0625 -70.5 3.54042765844006 20 
0005 0008 4 1671008675963046 162.75 -73.0 1.6444274046134073 20 
0005 0001 4 1671008675966150 -81.375 -72.5 5.117359908386499 20 
0005 0010 5 1671008675997274 -35.75 -56.5 1.9266798695843652 20 
0005 0002 5 1671008675999339 45.5625 -65.0 5.915029918087033 20 
0005 0011 5 1671008676000616 65.0625 -62.0 3.3870295796514958 20 
0005 0004 5 1671008676002777 -30.875 -60.5 1.2333205534600555 20 
0005 0001 5 1671008676004321 185.5 -68.0 4.9823695990525625 20 
0005 0012 5 1671008676006490 61.8125 -62.5 4.540583132141498 20 
0005 0005 5 1671008676011603 -55.3125 -67.0 4.184699589352029 20 
0005 0007 6 1671008676046710 29.25 -64.5 1.607611865704152 20 
0005 0005 6 1671008676049470 13.8125 -65.0 6.227961998815704 20 
0005 0006 6 1671008676050685 6.5 -60.5 0.6810874698212247 20 
0005 0000 6 1671008676053060 84.625 -72.5 0.6135923151542565 20 
0005 0001 6 1671008676054235 -29.25 -69.0 3.509748042682347 20 
0005 0004 6 1671008676055179 10.5625 -60.5 1.7548740213411735 20 
0005 0010 6 1671008676059374 61.8125 -64.5 1.030835089459151 20 
0005 0013 6 1671008676060413 -26.0 -70.5 4.362641360746763 20 
0005 0012 7 1671008676094994 16.25 -66.0 6.080699843178682 20 
0005 0004 7 1671008676106723 -90.3125 -69.0 4.675573441475434 20 
0005 0006 7 1671008676112992 332.0 -71.0 0.8958447801252144 20 
0005 0011 7 1671008676114874 61.8125 -71.0 0.4172427743048944 20 
0005 0010 8 1671008676144755 -78.0625 -68.5 5.620505606812989 20 
0005 0015 8 1671008676149840 -52.0625 -66.0 4.184699589352029 20 
0005 0012 8 1671008676152792 -91.125 -63.5 1.1474176293384597 20 
0005 0011 8 1671008676155614 -42.3125 -68.5 0.705631162427395 20 
0005 0013 8 1671008676164738 -312.4375 -71.5 2.1475731030398975 20 
0005 0012 1 1671008676377429 19.5 -61.5 2.6200391857086753 20 
0005 0011 1 1671008676378424 -26.0 -60.5 5.154175447295755 20 
0005 0013 1 1671008676380336 16.25 -62.5 0.9572040116406401 20 
0005 0014 1 1671008676390146 -107.375 -68.5 2.4727770300716534 20 
0005 0010 1 1671008676392427 -19.5 -62.5 5.792311455056181 20 
0005 0015 1 1671008676393353 -55.3125 -69.5 3.08636934522591 20 
0005 0007 1 1671008676395070 29.25 -69.0 4.632621979414636 20 
0005 0011 2 1671008676439024 -29.25 -64.5 4.681709364626977 20 
0005 0010 2 1671008676440472 -97.625 -68.0 2.552544031041707 20 
0005 0007 2 1671008676451638 26.0 -66.5 5.148039524144211 20 
0005 0012 2 1671008676456297 -78.0625 -66.5 5.013049214810275 20 
0005 0004 2 1671008676458163 -24.375 -71.5 2.84706834231575 20 
0005 0014 2 1671008676467003 -117.125 -69.5 4.09266074207889 20 
0005 0005 2 1671008676467980 239.25 -67.5 5.638913376267617 20 
0005 0005 3 1671008676498239 13.8125 -52.0 1.1044661672776617 20 
0005 0012 3 1671008676499387 -3.25 -67.0 5.559146375297564 20 
0005 0011 3 1671008676502210 13.0 -56.0 1.7855536370988863 20 
0005 0001 3 1671008676505747 -16.25 -68.5 4.522175362686871 20 
0005 0004 3 1671008676506666 9.75 -66.5 0.2945243112740431 20 
0005 0010 3 1671008676508800 -58.5625 -62.5 4.399456899656019 20 
0005 0015 3 1671008676509720 3.25 -68.0 6.2463697682703305 20 
0005 0007 3 1671008676510659 3.25 -64.5 3.54042765844006 20 
0005 0005 4 1671008676557608 -6.5 -55.0 5.418020142812084 20 
0005 0011 4 1671008676558603 3.25 -61.5 2.2948352586769194 20 
0005 0007 4 1671008676560759 -16.25 -62.5 5.5714182216006485 20 
0005 0006 4 1671008676562752 0.0 -60.5 0.8835729338221293 20 
0005 0004 4 1671008676568421 -83.0 -63.0 5.675728915176872 20 
0005 0001 4 1671008676569598 -234.3125 -73.0 5.246214294568893 20 
0005 0013 4 1671008676573955 16.25 -67.5 0.8406214717613314 20 
0005 0000 4 1671008676577387 -87.875 -68.0 3.466796580621549 20 
0005 0002 4 1671008676578319 -22.75 -70.0 3.08636934522591 20 
0005 0008 4 1671008676581183 97.625 -74.0 1.945087639038993 20 
0005 0011 5 1671008676606358 19.5 -62.5 3.423845118560751 20 
0005 0002 5 1671008676610495 -48.8125 -65.0 6.043884304269426 20 
0005 0001 5 1671008676612447 -156.1875 -68.5 5.325981295538946 20 
0005 0012 5 1671008676614740 -29.25 -63.0 4.669437518323892 20 
0005 0010 5 1671008676615719 13.0 -56.0 1.8346410223112268 20 
0005 0005 5 1671008676617518 -38.1875 -68.5 4.154019973594316 20 
0005 0004 5 1671008676618447 -7.3125 -60.5 1.2087768608538851 20 
0005 0000 6 1671008676646480 179.0 -73.5 0.17794177139473438 20 
0005 0010 6 1671008676650704 32.5 -65.5 1.086058397823034 20 
0005 0006 6 1671008676651622 16.25 -60.5 0.662679700366597 20 
0005 0005 6 1671008676652540 17.0625 -65.0 0.018407769454627694 20 
0005 0001 6 1671008676653447 110.625 -70.5 3.552699504743145 20 
0005 0007 6 1671008676656082 -29.25 -65.0 1.8100973297050567 20 
0005 0004 6 1671008676657240 13.8125 -61.0 1.6873788666742053 20 
0005 0013 6 1671008676658209 -48.8125 -69.0 4.4362724385652745 20 
0005 0004 7 1671008676691213 -3.25 -68.5 4.4362724385652745 20 
0005 0012 7 1671008676700351 -42.3125 -66.5 6.111379458936394 20 
0005 0011 7 1671008676705025 -227.8125 -70.0 0.8099418560036186 20 
0005 0010 8 1671008676743515 -22.75 -68.5 5.896622148632405 20 
0005 0011 8 1671008676744483 45.5625 -70.0 0.521553467881118 20 
0005 0015 8 1671008676748896 -159.5 -65.5 4.411728745959104 20 
0005 0012 8 1671008676758449 81.375 -64.5 0.9510680884890975 20 
0005 0013 8 1671008676765637 -58.5625 -71.0 1.8714565612204823 20 
0005 0006 1 1671008676986284 29.25 -60.0 1.7241944055834606 20 
0005 0011 1 1671008676988253 -13.0 -59.0 5.209398755659637 20 
0005 0007 1 1671008676992096 -65.0625 -63.5 3.5465635815916023 20 
0005 0010 1 1671008677001917 -26.0 -65.0 5.786175531904639 20 
0005 0013 1 1671008677006402 -48.8125 -65.0 5.706408530934585 20 
0005 0004 1 1671008677009425 45.5625 -67.0 3.9515345095934116 20 
0005 0012 1 1671008677010544 74.8125 -62.5 2.6323110320117604 20 
0005 0008 1 1671008677011718 -13.0 -62.0 0.0859029241215959 20 
0005 0014 2 1671008677056147 26.0 -67.0 4.828971520263998 20 
0005 0011 2 1671008677065688 -87.875 -66.0 2.8716120349219203 20 
0005 0008 2 1671008677072597 -29.25 -61.0 1.9819031779482483 20 
0005 0010 2 1671008677081373 35.75 -68.5 1.2026409377023426 20 
0005 0005 3 1671008677116568 133.4375 -70.0 1.3621749396424494 20 
0005 0008 3 1671008677119343 -136.6875 -65.5 5.786175531904639 20 
0005 0004 3 1671008677121270 -156.1875 -69.5 5.872078456026235 20 
0005 0011 3 1671008677122487 22.75 -58.0 0.37429131224409645 20 
0005 0012 3 1671008677127915 107.375 -69.5 0.39269908169872414 20 
0005 0015 3 1671008677130208 26.0 -67.5 1.1290098598838318 20 
0005 0010 3 1671008677135888 143.1875 -68.5 1.8775924843720249 20 
0005 0011 4 1671008677157912 -3.25 -59.0 2.5157284921324514 20 
0005 0012 4 1671008677159121 104.125 -72.0 0.30066023442558565 20 
0005 0006 4 1671008677160110 48.8125 -62.5 1.9757672547967058 20 
0005 0013 4 1671008677169105 29.25 -65.5 6.080699843178682 20 
0005 0003 4 1671008677175356 126.9375 -74.0 0.6381360077604268 20 
0005 0006 5 1671008677216595 -39.0 -61.5 5.988660995905543 20 
0005 0012 5 1671008677217757 -48.8125 -70.0 4.804427827657828 20 
0005 0010 5 1671008677218949 35.75 -58.0 5.816855147662351 20 
0005 0007 5 1671008677220368 52.0625 -69.5 5.773903685601553 20 
0005 0004 5 1671008677227653 48.8125 -61.5 2.9636508821950587 20 
0005 0006 6 1671008677262389 32.5 -59.0 1.3621749396424494 20 
0005 0010 6 1671008677266096 3.25 -58.5 0.19634954084936207 20 
0005 0004 6 1671008677270409 104.125 -66.0 3.724505352986337 20 
0005 0013 6 1671008677271868 -35.75 -71.5 0.34974761963792617 20 
0005 0007 6 1671008677274591 -29.25 -72.5 0.8774370106705868 20 
0005 0006 7 1671008677305107 65.0625 -63.0 3.0925052683774528 20 
0005 0008 7 1671008677313382 0.0 -64.0 3.6017868899554855 20 
0005 0015 8 1671008677336760 -26.0 -62.0 0.25770877236478773 20 
0005 0010 8 1671008677338323 45.5625 -66.5 0.4111068511533518 20 
0005 0008 8 1671008677345475 32.5 -68.0 0.39269908169872414 20 
0005 0013 8 1671008677359749 -61.8125 -73.5 0.37429131224409645 20 
0005 0012 8 1671008677364115 -237.5625 -74.0 0.6135923151542565 20 
0005 0007 1 1671008677575973 100.875 -68.0 5.970253226450915 20 
0005 0006 1 1671008677577885 -61.8125 -67.0 1.6873788666742053 20 
0005 0011 1 1671008677580502 -3.25 -57.5 6.14819499784565 20 
0005 0012 1 1671008677581482 19.5 -70.5 1.141281706186917 20 
0005 0013 1 1671008677590722 -78.0625 -69.5 5.737088146692298 20 
0005 0008 1 1671008677591697 -13.0 -56.5 5.037592907416445 20 
0005 0010 1 1671008677594865 16.25 -65.0 1.8960002538266525 20 
0005 0004 1 1671008677598419 21.125 -66.5 0.006135923151542565 20 
0005 0010 2 1671008677631653 -65.0625 -64.0 2.478912953223196 20 
0005 0008 2 1671008677634380 9.75 -61.5 0.03681553890925539 20 
0005 0011 2 1671008677637357 9.75 -65.5 5.841398840268521 20 
0005 0006 2 1671008677640455 -9.75 -66.0 5.939573610693203 20 
0005 0014 2 1671008677643808 0.0 -66.0 4.8351074434155406 20 
0005 0007 3 1671008677675293 -13.0 -71.0 4.338097668140593 20 
0005 0007 4 1671008677710769 0.0 -67.5 1.761009944492716 20 
0005 0006 4 1671008677716031 -19.5 -67.5 3.792000507653305 20 
0005 0008 4 1671008677718722 74.8125 -69.0 3.9760782021995817 20 
0005 0004 4 1671008677721505 41.5 -69.0 1.9880391010997909 20 
0005 0006 6 1671008677787259 -42.3125 -66.0 2.356194490192345 20 
0005 0006 7 1671008677825252 -26.0 -62.5 4.104932588381976 20 
0005 0004 7 1671008677827201 17.0625 -71.5 0.0859029241215959 20 
0005 0008 7 1671008677828165 13.0 -62.5 1.1535535524900022 20 
0005 0010 7 1671008677830717 -143.1875 -72.5 5.595961914206819 20 
0005 0008 8 1671008677858035 9.75 -56.0 2.6139032625571326 20 
0005 0007 8 1671008677858975 -78.0625 -71.0 0.15339807878856412 20 
0005 0015 8 1671008677860197 13.0 -60.5 5.098952138931871 20 
0005 0004 8 1671008677861161 107.375 -71.0 5.5100589900852235 20 
0005 0010 8 1671008677863326 3.25 -68.0 0.380427235395639 20 
0005 0006 8 1671008677869873 -3.25 -62.0 0.5338253141842031 20 
0005 0012 8 1671008677878971 -120.4375 -73.5 1.4603497100671303 20 
0005 0006 1 1671008678095859 3.25 -70.0 4.6878452877785195 20 
0005 0001 1 1671008678097709 126.9375 -72.5 1.3560390164909069 20 
0005 0008 1 1671008678100711 -26.0 -56.0 4.921010367537137 20 
0005 0000 1 1671008678101658 13.0 -69.0 1.5462526341887264 20 
0005 0015 1 1671008678106705 48.8125 -62.0 3.522019888985432 20 
0005 0013 1 1671008678107981 22.75 -63.5 1.5830681730979816 20 
0005 0007 1 1671008678115993 16.25 -62.5 1.5892040962495242 20 
0005 0005 1 1671008678127466 -9.75 -72.0 6.000932842208628 20 
0005 0007 2 1671008678156644 6.5 -71.0 0.803805932852076 20 
0005 0008 2 1671008678159010 -35.75 -63.0 6.258641614573416 20 
0005 0006 2 1671008678161359 91.125 -64.0 0.8467573949128739 20 
0005 0000 2 1671008678162310 -52.0625 -67.5 1.4419419406125027 20 
0005 0014 2 1671008678169487 45.5625 -67.0 4.8351074434155406 20 
0005 0007 3 1671008678206463 100.875 -66.5 1.2885438618239387 20 
0005 0004 3 1671008678210970 62.625 -71.5 0.6994952392758523 20 
0005 0006 4 1671008678246454 32.5 -68.5 1.8162332528565992 20 
0005 0007 4 1671008678259787 -71.5625 -71.0 6.086835766330224 20 
0005 0004 5 1671008678299899 -22.75 -67.5 0.7853981633974483 20 
0005 0002 6 1671008678335911 -128.5625 -73.0 5.399612373357457 20 
0005 0006 6 1671008678341232 0.0 -61.0 3.9392626632903265 20 
0005 0004 6 1671008678352491 -17.0625 -72.5 3.730641276137879 20 
0005 0006 7 1671008678388421 19.5 -59.5 3.6876898140770815 20 
0005 0008 7 1671008678389739 -26.0 -65.5 1.8653206380689396 20 
0005 0007 7 1671008678391796 -146.4375 -71.0 2.8532042654672924 20 
0005 0006 8 1671008678417116 42.3125 -64.0 1.4787574795217582 20 
0005 0008 8 1671008678420480 0.0 -55.0 3.650874275167826 20 
0005 0007 8 1671008678424113 -3.25 -68.5 0.380427235395639 20 
0005 0015 8 1671008678428223 22.75 -61.0 5.712544454086128 20 
0005 0000 8 1671008678436386 100.875 -70.5 4.04357335686655 20 
0005 0006 1 1671008678658281 32.5 -67.5 2.061670178918302 20 
0005 0008 1 1671008678661351 3.25 -56.0 3.773592738198677 20 
0005 0013 1 1671008678662319 39.0 -65.0 1.4051264017032472 20 
0005 0015 1 1671008678664556 -91.125 -67.5 3.129320807286708 20 
0005 0001 1 1671008678665927 117.125 -72.5 6.080699843178682 20 
0005 0007 1 1671008678670448 52.0625 -62.0 5.853670686571607 20 
0005 0005 1 1671008678671409 76.4375 -64.5 6.117515382087937 20 
0005 0008 2 1671008678707669 22.75 -62.0 4.81056375080937 20 
0005 0007 2 1671008678711185 -107.375 -69.0 0.02454369260617026 20 
0005 0000 2 1671008678712387 -6.5 -66.0 0.5583690067903734 20 
0005 0006 2 1671008678719995 16.25 -65.0 0.7240389318820226 20 
0005 0014 2 1671008678722751 -29.25 -65.0 4.319689898685965 20 
0005 0005 3 1671008678746736 -74.8125 -65.5 2.116893487282185 20 
0005 0007 3 1671008678749657 3.25 -62.0 1.5830681730979816 20 
0005 0008 3 1671008678752594 -371.0625 -68.0 3.497476196379262 20 
0005 0004 3 1671008678754467 45.5625 -70.5 1.5707963267948966 20 
0005 0006 4 1671008678787419 22.75 -67.5 1.3192234775816514 20 
0005 0007 4 1671008678790725 -13.0 -67.5 6.252505691421874 20 
0005 0008 5 1671008678828165 -87.875 -68.0 3.9638063558964967 20 
0005 0004 5 1671008678836193 45.5625 -66.5 1.3437671701878218 20 
0005 0004 6 1671008678892478 -3.25 -69.5 4.037437433715008 20 
0005 0006 6 1671008678896292 -39.0 -62.0 3.8840393549264434 20 
0005 0002 6 1671008678900745 -68.3125 -73.0 6.050020227420969 20 
0005 0006 7 1671008678925982 -42.3125 -62.5 3.9147189706841563 20 
0005 0000 7 1671008678926946 -100.875 -68.5 2.5157284921324514 20 
0005 0008 7 1671008678933218 74.8125 -63.5 2.086213871524472 20 
0005 0007 7 1671008678937657 120.4375 -71.0 2.024854640009046 20 
0005 0008 8 1671008678972095 -6.5 -55.0 3.380893656499953 20 
0005 0006 8 1671008678974392 55.3125 -64.0 1.5401167110371838 20 
0005 0005 8 1671008678976104 -48.8125 -71.0 0.05522330836388308 20 
0005 0007 8 1671008678977012 35.75 -68.5 0.4663301595172349 20 
0005 0000 8 1671008678977948 -52.0625 -68.0 4.491495746929157 20 
0005 0015 8 1671008678981341 6.5 -61.0 5.534602682691394 20 
0005 0007 1 1671008679195914 35.75 -61.0 5.822991070813893 20 
0005 0008 1 1671008679198868 -6.5 -55.0 3.423845118560751 20 
0005 0005 1 1671008679200086 -73.1875 -68.0 0.07976700097005335 20 
0005 0015 1 1671008679202286 55.3125 -67.0 2.724349879284899 20 
0005 0012 1 1671008679207934 13.0 -72.0 1.7916895602504288 20 
0005 0004 1 1671008679209122 -62.625 -71.5 4.9394181369917645 20 
0005 0013 1 1671008679213296 -13.0 -64.5 1.2885438618239387 20 
0005 0006 1 1671008679214883 -133.4375 -67.5 2.110757564130642 20 
0005 0000 2 1671008679246221 -81.375 -65.0 0.4908738521234052 20 
0005 0007 2 1671008679253580 -276.625 -70.0 0.06135923151542565 20 
0005 0008 2 1671008679255477 45.5625 -62.0 4.743068596142402 20 
0005 0006 2 1671008679261169 -26.0 -67.5 0.2761165418194154 20 
0005 0008 3 1671008679288428 -68.3125 -70.0 3.184544115650591 20 
0005 0007 3 1671008679289394 -126.9375 -61.5 1.9389517158874505 20 
0005 0004 3 1671008679293996 -121.25 -67.5 1.859184714917397 20 
0005 0005 3 1671008679294956 79.75 -67.5 2.0371264863121317 20 
0005 0007 4 1671008679319935 9.75 -67.5 0.02454369260617026 20 
0005 0006 4 1671008679327386 -3.25 -67.5 1.6382914814618648 20 
0005 0008 5 1671008679365848 84.625 -66.5 3.902447124381071 20 
0005 0004 5 1671008679375175 3.25 -66.5 1.5892040962495242 20 
0005 0004 6 1671008679406983 -41.5 -69.0 4.227651051412827 20 
0005 0002 6 1671008679410874 -65.0625 -73.0 0.15339807878856412 20 
0005 0006 6 1671008679413221 -26.0 -62.0 3.9822141253511245 20 
0005 0008 7 1671008679446953 -9.75 -62.5 2.1353012567368124 20 
0005 0007 7 1671008679448220 104.125 -70.5 2.061670178918302 20 
0005 0006 7 1671008679452460 -3.25 -62.5 3.552699504743145 20 
0005 0000 8 1671008679489668 22.75 -67.0 4.338097668140593 20 
0005 0006 8 1671008679490642 3.25 -64.0 1.4173982480063325 20 
0005 0007 8 1671008679492330 -74.8125 -68.5 0.6504078540635119 20 
0005 0015 8 1671008679493253 -32.5 -61.5 5.6143696836614465 20 
0005 0008 8 1671008679495234 19.5 -55.0 3.184544115650591 20 
0005 0005 8 1671008679502033 -48.8125 -70.5 6.215690152512618 20 
0005 0015 1 1671008679726833 -65.0625 -68.0 2.7979809571034093 20 
0005 0004 1 1671008679729724 17.0625 -69.0 4.859651136021712 20 
0005 0006 1 1671008679730672 45.5625 -67.5 2.0371264863121317 20 
0005 0007 1 1671008679733259 -55.3125 -62.0 5.712544454086128 20 
0005 0008 1 1671008679734432 9.75 -55.0 3.2520392703175593 20 
0005 0013 1 1671008679735470 9.75 -66.0 1.1719613219446299 20 
0005 0000 1 1671008679739256 -3.25 -70.5 0.760854470791278 20 
0005 0005 1 1671008679743530 55.3125 -66.5 5.589825991055276 20 
0005 0012 1 1671008679766798 6.5 -71.5 1.3008157081270237 20 
0005 0006 2 1671008679796615 -3.25 -68.0 0.09203884727313846 20 
0005 0014 2 1671008679798658 3.25 -67.0 4.2031073588066565 20 
0005 0000 2 1671008679801328 84.625 -65.0 6.258641614573416 20 
0005 0007 2 1671008679802252 -74.8125 -68.0 5.964117303299373 20 
0005 0008 2 1671008679804206 -16.25 -61.0 4.743068596142402 20 
0005 0007 3 1671008679836280 13.0 -61.5 1.761009944492716 20 
0005 0008 3 1671008679840206 -172.5 -67.5 3.877903431774901 20 
0005 0004 3 1671008679841209 100.875 -68.5 1.902136176978195 20 
0005 0005 3 1671008679842865 17.0625 -67.0 2.1905245651006955 20 
0005 0006 4 1671008679881247 -16.25 -67.0 1.7794177139473437 20 
0005 0007 4 1671008679885745 48.8125 -67.5 0.1718058482431918 20 
0005 0004 5 1671008679940103 52.0625 -66.5 1.859184714917397 20 
0005 0008 5 1671008679941262 -19.5 -66.0 4.270602513473625 20 
0005 0004 6 1671008679979755 -26.0 -68.0 4.442408361716817 20 
0005 0006 6 1671008679980687 6.5 -62.0 3.9944859716542096 20 
0005 0002 6 1671008679988568 146.4375 -73.0 0.06135923151542565 20 
0005 0006 7 1671008680019439 16.25 -62.0 3.4177091954092087 20 
0005 0008 7 1671008680020347 29.25 -61.5 1.932815792735908 20 
0005 0007 7 1671008680027018 201.8125 -71.0 2.043262409463674 20 
0005 0015 8 1671008680057481 13.0 -61.5 5.565282298449106 20 
0005 0000 8 1671008680059624 -113.875 -68.0 4.252194744018997 20 
0005 0006 8 1671008680062013 -7.3125 -64.5 1.3867186322486196 20 
0005 0008 8 1671008680062944 0.0 -55.5 3.1784081924990484 20 
0005 0007 8 1671008680063916 195.25 -68.5 0.1718058482431918 20 
0005 0005 8 1671008680064818 -7.3125 -71.5 5.915029918087033 20 
