0005 0012 1 1671008831277165 -6.5 -59.0 5.792311455056181 20 
0005 0010 1 1671008831280189 -6.5 -60.5 4.0987966652304335 20 
0005 0007 1 1671008831282389 -35.75 -67.5 3.1354567304382504 20 
0005 0013 1 1671008831285435 -84.625 -61.5 4.663301595172349 20 
0005 0011 1 1671008831288029 -3.25 -59.5 1.9573594853420782 20 
0005 0015 1 1671008831293563 -48.8125 -70.5 3.2520392703175593 20 
0005 0001 1 1671008831297114 -172.5 -71.0 4.3933209765044765 20 
0005 0005 1 1671008831299230 149.6875 -71.5 0.6013204688511713 20 
0005 0004 1 1671008831301697 -149.6875 -68.5 5.006913291658733 20 
0005 0009 1 1671008831309358 221.3125 -74.5 1.607611865704152 20 
0005 0012 2 1671008831335980 -143.1875 -64.0 3.3379421944391554 20 
0005 0010 2 1671008831339510 26.0 -63.5 0.02454369260617026 20 
0005 0013 2 1671008831342795 45.5625 -64.0 0.7240389318820226 20 
0005 0011 2 1671008831346932 -91.125 -64.0 2.270291566070749 20 
0005 0005 2 1671008831349566 -38.1875 -65.0 4.792155981354743 20 
0005 0007 2 1671008831350475 -29.25 -67.5 2.834796496012665 20 
0005 0014 2 1671008831351696 -110.625 -69.5 5.375068680751287 20 
0005 0006 2 1671008831352625 -3.25 -62.0 0.9203884727313847 20 
0005 0011 3 1671008831396783 -58.5625 -59.5 3.0802334220743677 20 
0005 0010 3 1671008831399481 149.6875 -66.5 0.0859029241215959 20 
0005 0006 3 1671008831401438 -22.75 -69.5 5.595961914206819 20 
0005 0013 3 1671008831403075 -107.375 -66.0 5.93343768754166 20 
0005 0005 3 1671008831404036 35.75 -54.5 2.5954954931025047 20 
0005 0007 3 1671008831406575 71.5625 -64.0 3.3318062712876126 20 
0005 0012 3 1671008831408077 -39.0 -61.0 2.2396119503130363 20 
0005 0001 3 1671008831425982 -315.6875 -70.5 2.4175537217077703 20 
0005 0012 4 1671008831467661 -16.25 -67.5 0.8835729338221293 20 
0005 0011 4 1671008831477584 -9.75 -65.0 3.4913402732277192 20 
0005 0000 4 1671008831478518 -45.5625 -71.5 5.209398755659637 20 
0005 0006 4 1671008831479510 -195.25 -68.0 3.9515345095934116 20 
0005 0005 4 1671008831483402 65.0625 -66.0 1.3192234775816514 20 
0005 0008 4 1671008831484379 32.5 -69.5 4.0128937411088375 20 
0005 0013 4 1671008831485374 -35.75 -69.0 1.9266798695843652 20 
0005 0010 4 1671008831487534 143.1875 -69.5 0.6933593161243098 20 
0005 0006 5 1671008831516264 -39.0 -69.0 1.4787574795217582 20 
0005 0012 5 1671008831518568 -32.5 -67.5 3.074097498922825 20 
0005 0010 5 1671008831521565 13.0 -58.0 5.602097837358362 20 
0005 0005 5 1671008831522543 52.0625 -65.5 1.6935147898257479 20 
0005 0004 5 1671008831523802 90.3125 -68.0 4.227651051412827 20 
0005 0011 5 1671008831524965 -19.5 -67.0 6.105243535784852 20 
0005 0001 5 1671008831527343 -58.5625 -68.5 4.4976316700806995 20 
0005 0006 6 1671008831565967 26.0 -61.0 2.1598449493429825 20 
0005 0010 6 1671008831566903 -6.5 -63.5 4.270602513473625 20 
0005 0013 6 1671008831569045 3.25 -66.5 0.2270291566070749 20 
0005 0004 6 1671008831571955 -7.3125 -60.5 2.9697868053466014 20 
0005 0005 6 1671008831574696 19.5 -66.0 5.712544454086128 20 
0005 0012 6 1671008831582528 32.5 -62.5 0.4049709280018093 20 
0005 0007 6 1671008831583861 29.25 -73.0 0.28838838812250056 20 
0005 0000 6 1671008831595392 -250.625 -75.0 5.178719139901925 20 
0005 0005 7 1671008831633182 -45.5625 -70.0 1.3008157081270237 20 
0005 0010 7 1671008831634716 -74.8125 -63.5 1.859184714917397 20 
0005 0013 8 1671008831666002 -55.3125 -64.0 4.1417481272912315 20 
0005 0010 8 1671008831667163 6.5 -62.5 3.6754179677739964 20 
0005 0006 8 1671008831680986 3.25 -66.5 5.154175447295755 20 
0005 0012 8 1671008831682193 -39.0 -69.5 3.0250101137104846 20 
0005 0005 8 1671008831686817 -166.8125 -71.0 1.8285050991596843 20 
0005 0015 8 1671008831694378 162.75 -69.0 4.92714629068868 20 
0005 0013 1 1671008831906083 3.25 -61.5 4.4976316700806995 20 
0005 0006 1 1671008831908568 156.1875 -69.5 1.4173982480063325 20 
0005 0004 1 1671008831917154 -111.4375 -68.0 4.95168998329485 20 
0005 0012 1 1671008831918088 -13.0 -59.0 5.890486225480862 20 
0005 0011 1 1671008831919011 42.3125 -59.5 1.932815792735908 20 
0005 0010 1 1671008831919929 0.0 -60.5 4.129476280988146 20 
0005 0015 1 1671008831926456 120.4375 -71.0 3.06182565261974 20 
0005 0001 1 1671008831927377 -107.375 -70.5 4.172427743048944 20 
0005 0007 1 1671008831928357 -94.375 -68.5 3.1661363461959633 20 
0005 0009 1 1671008831930161 159.5 -72.0 1.846912868614312 20 
0005 0005 1 1671008831931078 17.0625 -70.0 0.8897088569736719 20 
0005 0011 2 1671008831962862 48.8125 -65.0 2.1537090261914402 20 
0005 0006 2 1671008831964710 -42.3125 -63.5 1.0062913968529805 20 
0005 0010 2 1671008831967579 29.25 -64.5 6.240233845118788 20 
0005 0012 2 1671008831970964 81.375 -63.0 3.06182565261974 20 
0005 0013 2 1671008831975358 74.8125 -63.0 0.6810874698212247 20 
0005 0005 2 1671008831980299 -79.75 -66.0 4.9394181369917645 20 
0005 0014 2 1671008831986075 -100.875 -71.0 5.399612373357457 20 
0005 0012 3 1671008832017703 61.8125 -63.0 2.2212041808584084 20 
0005 0011 3 1671008832018625 35.75 -59.0 3.117048960983623 20 
0005 0010 3 1671008832019831 6.5 -67.5 6.22182607566416 20 
0005 0007 3 1671008832020768 22.75 -64.0 3.54042765844006 20 
0005 0005 3 1671008832026365 41.5 -54.5 2.5586799541932495 20 
0005 0013 3 1671008832029855 58.5625 -67.0 5.516194913236766 20 
0005 0006 3 1671008832031938 -156.1875 -68.0 5.448699758569798 20 
0005 0013 4 1671008832087177 -179.0 -69.5 2.086213871524472 20 
0005 0000 4 1671008832090745 -117.125 -72.0 5.663457068873787 20 
0005 0005 4 1671008832092145 152.9375 -66.5 1.4480778637640452 20 
0005 0012 4 1671008832095657 42.3125 -67.5 1.227184630308513 20 
0005 0011 4 1671008832096862 9.75 -63.5 3.822680123411018 20 
0005 0006 4 1671008832099905 -3.25 -65.5 3.3072625786814425 20 
0005 0008 4 1671008832101381 39.0 -70.0 3.6754179677739964 20 
0005 0010 5 1671008832128426 -19.5 -60.0 5.589825991055276 20 
0005 0005 5 1671008832131702 32.5 -65.5 2.024854640009046 20 
0005 0004 5 1671008832132621 114.6875 -70.0 3.9515345095934116 20 
0005 0012 5 1671008832134771 -13.0 -67.5 2.2089323345553233 20 
0005 0011 5 1671008832138217 94.375 -66.0 5.853670686571607 20 
0005 0009 5 1671008832142554 22.75 -73.0 0.030679615757712823 20 
0005 0012 6 1671008832177696 -6.5 -68.0 0.39269908169872414 20 
0005 0006 6 1671008832179980 -22.75 -63.0 2.030990563160589 20 
0005 0010 6 1671008832180931 -16.25 -59.0 3.816544200259475 20 
0005 0008 6 1671008832185064 52.0625 -72.0 5.031456984264903 20 
0005 0007 6 1671008832187359 -13.0 -72.5 6.160466844148735 20 
0005 0004 6 1671008832189749 -41.5 -62.5 3.2704470397721868 20 
0005 0005 6 1671008832194164 -29.25 -64.5 5.595961914206819 20 
0005 0013 6 1671008832199508 81.375 -70.0 1.1106020904292042 20 
0005 0000 6 1671008832200600 136.6875 -73.5 5.2768939103266055 20 
0005 0010 7 1671008832234078 32.5 -67.5 1.7241944055834606 20 
0005 0004 7 1671008832244055 -65.875 -71.0 0.8099418560036186 20 
0005 0004 8 1671008832275948 -125.3125 -71.5 5.602097837358362 20 
0005 0013 8 1671008832281401 -19.5 -60.0 5.092816215780329 20 
0005 0010 8 1671008832286433 -32.5 -68.5 3.1661363461959633 20 
0005 0012 8 1671008832289505 -13.0 -65.5 2.773437264497239 20 
0005 0006 8 1671008832295434 61.8125 -68.0 5.00077736850719 20 
0005 0015 8 1671008832302529 -146.4375 -68.0 0.44178646691106466 20 
0005 0009 1 1671008832519964 22.75 -64.0 2.442097414313941 20 
0005 0005 1 1671008832521169 -107.375 -65.5 5.387340527054372 20 
0005 0011 1 1671008832522373 3.25 -54.5 2.1905245651006955 20 
0005 0004 1 1671008832526619 38.1875 -64.5 4.859651136021712 20 
0005 0010 1 1671008832528136 -16.25 -64.5 4.6448938257177215 20 
0005 0012 1 1671008832529159 -65.0625 -65.0 4.25833066717054 20 
0005 0006 1 1671008832530384 0.0 -61.0 3.8533597391687304 20 
0005 0007 1 1671008832537137 13.0 -66.5 2.018718716857504 20 
0005 0008 1 1671008832538111 0.0 -62.0 2.184388641949153 20 
0005 0000 1 1671008832542327 55.3125 -70.5 0.859029241215959 20 
0005 0008 2 1671008832569519 -26.0 -56.0 3.215223731408304 20 
0005 0009 2 1671008832570438 0.0 -68.0 3.2888548092268146 20 
0005 0005 2 1671008832572582 55.3125 -62.5 0.3190680038802134 20 
0005 0010 2 1671008832574804 6.5 -66.0 6.12365130523948 20 
0005 0011 2 1671008832578730 9.75 -58.0 1.7794177139473437 20 
0005 0006 2 1671008832579934 -227.8125 -68.0 0.2699806186678728 20 
0005 0007 2 1671008832581830 3.25 -66.5 2.564815877344792 20 
0005 0005 3 1671008832615888 21.125 -60.5 0.5338253141842031 20 
0005 0011 3 1671008832620578 45.5625 -58.0 1.3130875544301088 20 
0005 0000 3 1671008832629284 110.625 -75.0 5.896622148632405 20 
0005 0007 3 1671008832630234 68.3125 -62.5 2.521864415283994 20 
0005 0015 3 1671008832635921 -149.6875 -70.0 3.08636934522591 20 
0005 0013 3 1671008832638938 -74.8125 -69.5 0.32520392703175593 20 
0005 0006 3 1671008832639873 -52.0625 -70.5 0.35588354278946877 20 
0005 0005 4 1671008832668198 13.8125 -60.5 1.662835174068035 20 
0005 0004 4 1671008832672131 -30.875 -63.5 1.8775924843720249 20 
0005 0010 5 1671008832695980 32.5 -66.0 2.9022916506796332 20 
0005 0004 5 1671008832700460 30.875 -70.0 5.822991070813893 20 
0005 0012 5 1671008832707257 -42.3125 -69.0 1.3744467859455345 20 
0005 0005 5 1671008832708163 -41.5 -68.0 0.4908738521234052 20 
0005 0006 6 1671008832738742 -6.5 -68.0 1.2762720155208536 20 
0005 0004 6 1671008832742133 0.0 -54.5 5.092816215780329 20 
0005 0002 6 1671008832745784 -61.8125 -72.0 4.583534594202296 20 
0005 0004 7 1671008832779134 -27.625 -60.0 3.423845118560751 20 
0005 0008 7 1671008832781225 22.75 -60.0 5.994796919057086 20 
0005 0010 7 1671008832783389 -6.5 -69.5 3.6815538909255388 20 
0005 0006 7 1671008832784338 -16.25 -64.0 5.111223985234957 20 
0005 0005 7 1671008832786928 152.9375 -65.5 4.356505437595221 20 
0005 0011 7 1671008832795513 -247.375 -67.0 5.859806609723149 20 
0005 0015 8 1671008832829833 48.8125 -67.5 0.04908738521234052 20 
0005 0005 8 1671008832830749 -13.0 -57.5 2.399145952253143 20 
0005 0010 8 1671008832831970 -9.75 -58.5 5.197126909356553 20 
0005 0012 8 1671008832835326 -42.3125 -68.0 0.46019423636569234 20 
0005 0004 8 1671008832836783 10.5625 -69.5 0.42337869745643697 20 
0005 0011 8 1671008832838896 -65.0625 -66.0 3.2643111166206444 20 
0005 0013 8 1671008832840394 -84.625 -71.0 4.049709280018092 20 
0005 0008 8 1671008832842811 -3.25 -58.5 1.8653206380689396 20 
0005 0006 8 1671008832845593 -55.3125 -66.0 4.546719055293041 20 
0005 0007 8 1671008832849531 -3.25 -63.0 4.540583132141498 20 
0005 0009 8 1671008832850499 -16.25 -62.5 5.197126909356553 20 
0005 0009 1 1671008833077225 19.5 -61.0 0.3313398501832985 20 
0005 0005 1 1671008833078682 -22.75 -58.0 4.957825906446392 20 
0005 0011 1 1671008833080327 22.75 -57.0 5.148039524144211 20 
0005 0004 1 1671008833083429 -38.1875 -62.0 5.2339424482658075 20 
0005 0008 1 1671008833085792 -16.25 -58.5 4.2092432819582 20 
0005 0012 1 1671008833090265 -65.0625 -73.0 4.000621894805752 20 
0005 0006 1 1671008833091281 -16.25 -62.5 5.743224069843841 20 
0005 0010 1 1671008833092485 0.0 -67.0 2.423689644859313 20 
0005 0007 1 1671008833095609 -97.625 -65.5 4.454680208019902 20 
0005 0014 1 1671008833105889 -19.5 -74.0 4.06811704947272 20 
0005 0000 1 1671008833108463 -110.625 -72.5 0.2761165418194154 20 
0005 0009 2 1671008833136270 -9.75 -68.5 1.6260196351587797 20 
0005 0006 2 1671008833139314 -139.9375 -65.5 4.970097752749477 20 
0005 0005 2 1671008833147666 -52.0625 -66.5 1.6812429435226628 20 
0005 0008 2 1671008833148655 6.5 -63.0 5.829126993965437 20 
0005 0011 2 1671008833150159 9.75 -61.0 4.95168998329485 20 
0005 0010 2 1671008833151510 -32.5 -67.0 2.270291566070749 20 
0005 0014 2 1671008833155135 413.375 -69.0 6.178874613603362 20 
0005 0007 3 1671008833212568 -3.25 -59.5 1.8775924843720249 20 
0005 0004 3 1671008833213545 34.9375 -69.5 5.178719139901925 20 
0005 0015 3 1671008833218590 107.375 -71.0 1.761009944492716 20 
0005 0013 3 1671008833228288 185.5 -71.5 6.252505691421874 20 
0005 0005 4 1671008833270270 -41.5 -67.5 1.1903690913992575 20 
0005 0007 4 1671008833271203 -6.5 -72.5 5.878214379177777 20 
0005 0004 4 1671008833274397 -87.0625 -63.5 4.006757817957295 20 
0005 0012 5 1671008833311745 -55.3125 -70.0 3.031146036862027 20 
0005 0004 5 1671008833317549 27.625 -62.0 6.234097921967246 20 
0005 0006 5 1671008833318922 71.5625 -65.5 6.270913460876501 20 
0005 0004 6 1671008833362998 -13.8125 -63.5 4.638757902566179 20 
0005 0006 6 1671008833365813 16.25 -66.5 0.07363107781851078 20 
0005 0007 7 1671008833396145 -16.25 -67.5 3.6815538909255388 20 
0005 0014 7 1671008833398257 -78.0625 -72.0 5.21553467881118 20 
0005 0010 7 1671008833400846 -123.6875 -71.0 4.325825821837508 20 
0005 0000 7 1671008833401809 -169.25 -68.0 3.4606606574700063 20 
0005 0004 7 1671008833408963 -7.3125 -62.5 3.2643111166206444 20 
0005 0008 7 1671008833410395 -6.5 -61.5 4.773748211900116 20 
0005 0005 7 1671008833413289 111.4375 -70.0 5.0682725231741586 20 
0005 0015 8 1671008833447387 -35.75 -67.0 6.191146459906448 20 
0005 0014 8 1671008833449373 55.3125 -68.5 0.8713010875190442 20 
0005 0006 8 1671008833450794 0.0 -59.0 0.05522330836388308 20 
0005 0008 8 1671008833453442 -42.3125 -61.5 5.64504929941916 20 
0005 0005 8 1671008833456002 -34.9375 -66.0 2.423689644859313 20 
0005 0010 8 1671008833458524 0.0 -62.5 4.485359823777615 20 
0005 0013 8 1671008833460599 39.0 -66.5 4.252194744018997 20 
0005 0007 8 1671008833466721 45.5625 -69.0 1.4296700943094176 20 
0005 0004 8 1671008833469312 -277.4375 -70.5 2.724349879284899 20 
0005 0009 8 1671008833472587 -42.3125 -69.5 5.651185222570702 20 
0005 0012 8 1671008833476455 123.6875 -70.0 5.896622148632405 20 
0005 0009 1 1671008833698592 146.4375 -67.0 6.2034183062095325 20 
0005 0004 1 1671008833700767 -10.5625 -61.5 6.17273869045182 20 
0005 0005 1 1671008833701685 6.5 -61.0 3.356349963893783 20 
0005 0014 1 1671008833706313 -100.875 -73.0 3.2888548092268146 20 
0005 0008 1 1671008833710197 19.5 -64.5 5.792311455056181 20 
0005 0007 1 1671008833711129 0.0 -59.5 1.576932249946439 20 
0005 0013 1 1671008833712669 81.375 -65.5 4.331961744989051 20 
0005 0012 1 1671008833717670 211.5625 -73.0 2.1046216409791 20 
0005 0015 1 1671008833735189 26.0 -72.0 4.491495746929157 20 
0005 0000 1 1671008833742596 126.9375 -71.5 1.1719613219446299 20 
0005 0006 2 1671008833789841 -42.3125 -67.5 5.117359908386499 20 
0005 0005 2 1671008833795856 113.875 -68.0 4.473087977474529 20 
0005 0008 2 1671008833797129 6.5 -61.0 1.4480778637640452 20 
0005 0000 2 1671008833798063 -19.5 -67.0 2.055534255766759 20 
0005 0014 2 1671008833800316 71.5625 -67.5 6.22182607566416 20 
0005 0007 2 1671008833809614 -9.75 -70.0 5.043728830567988 20 
0005 0015 3 1671008833836879 29.25 -70.0 1.9144080232812801 20 
0005 0004 3 1671008833842234 -163.5625 -67.5 3.0925052683774528 20 
0005 0007 3 1671008833846521 0.0 -63.0 0.36815538909255385 20 
0005 0005 4 1671008833871811 128.5625 -69.0 5.460971604872882 20 
0005 0004 4 1671008833875284 -17.0625 -61.5 3.1231848841351653 20 
0005 0015 4 1671008833877299 -113.875 -75.0 3.5772431973493153 20 
0005 0004 5 1671008833912936 3.25 -61.0 4.552854978444583 20 
0005 0006 5 1671008833914986 26.0 -66.5 6.1420590746941075 20 
0005 0004 6 1671008833947584 10.5625 -65.5 2.816388726558037 20 
0005 0006 6 1671008833957053 -16.25 -63.5 5.098952138931871 20 
0005 0006 7 1671008833986893 192.0 -68.0 0.944932165337555 20 
0005 0010 7 1671008833989302 -156.1875 -68.5 4.7307967498393175 20 
0005 0000 7 1671008833993910 32.5 -69.0 4.442408361716817 20 
0005 0007 7 1671008833995598 -29.25 -66.5 4.129476280988146 20 
0005 0008 7 1671008833997762 16.25 -64.0 5.522330836388308 20 
0005 0004 7 1671008833999418 21.125 -65.5 4.620350133111551 20 
0005 0005 7 1671008834007759 45.5625 -69.0 0.02454369260617026 20 
0005 0010 8 1671008834057317 16.25 -68.0 4.92714629068868 20 
0005 0014 8 1671008834061312 42.3125 -69.0 0.5829126993965437 20 
0005 0013 8 1671008834062505 -94.375 -69.0 3.724505352986337 20 
0005 0015 8 1671008834064689 68.3125 -67.5 5.675728915176872 20 
0005 0006 8 1671008834065861 16.25 -58.5 0.1718058482431918 20 
0005 0008 8 1671008834069115 42.3125 -62.5 0.5951845456996288 20 
0005 0005 8 1671008834071396 9.75 -66.0 3.552699504743145 20 
0005 0004 8 1671008834072799 -145.625 -71.0 2.564815877344792 20 
0005 0009 8 1671008834081007 55.3125 -71.5 5.534602682691394 20 
0005 0009 1 1671008834299467 -39.0 -70.5 5.5100589900852235 20 
0005 0007 1 1671008834300446 6.5 -59.0 1.2946797849754812 20 
0005 0005 1 1671008834304253 -13.0 -61.5 2.6016314162540475 20 
0005 0004 1 1671008834307229 7.3125 -59.5 6.043884304269426 20 
0005 0014 1 1671008834308495 -136.6875 -71.5 3.3011266555298997 20 
0005 0008 1 1671008834311235 0.0 -64.5 5.93343768754166 20 
0005 0012 1 1671008834312431 -166.0 -69.5 2.5893595699509624 20 
0005 0013 1 1671008834314032 29.25 -67.5 3.8717675086233583 20 
0005 0000 1 1671008834316749 -130.1875 -69.5 2.5586799541932495 20 
0005 0014 2 1671008834355950 -68.3125 -67.0 5.9088939949354895 20 
0005 0006 2 1671008834356954 -39.0 -67.0 5.307573526084319 20 
0005 0008 2 1671008834358385 65.0625 -62.5 1.6260196351587797 20 
0005 0000 2 1671008834360932 -81.375 -67.5 2.8777479580734626 20 
0005 0005 2 1671008834370460 -83.0 -68.0 4.755340442445488 20 
0005 0007 2 1671008834372917 81.375 -68.5 4.558990901596125 20 
0005 0004 3 1671008834396893 76.4375 -65.5 2.6384469551633027 20 
0005 0007 3 1671008834398174 -104.125 -66.5 0.17794177139473438 20 
0005 0015 3 1671008834403643 -68.3125 -71.0 1.9634954084936207 20 
0005 0005 4 1671008834444363 -97.625 -70.5 5.283029833478148 20 
0005 0015 4 1671008834445316 -205.0625 -73.0 3.6754179677739964 20 
0005 0004 4 1671008834450163 -27.625 -61.0 3.147728576741336 20 
0005 0004 5 1671008834480356 -24.375 -60.0 4.104932588381976 20 
0005 0007 5 1671008834481776 61.8125 -73.5 6.129787228391022 20 
0005 0006 5 1671008834488744 -22.75 -65.5 6.068427996875596 20 
0005 0004 6 1671008834520218 83.0 -66.5 2.3071071049800045 20 
0005 0006 6 1671008834526961 -19.5 -63.0 4.884194828627882 20 
0005 0007 7 1671008834563278 3.25 -66.5 4.037437433715008 20 
0005 0004 7 1671008834565413 -121.25 -67.0 5.056000676871073 20 
0005 0008 7 1671008834567550 42.3125 -63.0 5.45483568172134 20 
0005 0006 7 1671008834571073 97.625 -67.5 1.0615147052168636 20 
0005 0000 7 1671008834572036 -97.625 -67.0 4.706253057233147 20 
0005 0010 7 1671008834573353 -22.75 -70.0 4.4976316700806995 20 
0005 0015 8 1671008834616484 74.8125 -67.5 5.620505606812989 20 
0005 0013 8 1671008834617423 -58.5625 -69.5 3.6017868899554855 20 
0005 0005 8 1671008834620563 -7.3125 -65.5 2.8716120349219203 20 
0005 0008 8 1671008834624647 -3.25 -61.0 0.30066023442558565 20 
0005 0006 8 1671008834626541 -3.25 -58.5 0.22089323345553233 20 
0005 0010 8 1671008834628682 -136.6875 -68.0 4.9394181369917645 20 
0005 0004 8 1671008834632018 336.875 -70.5 1.030835089459151 20 
0005 0014 8 1671008834633205 -9.75 -69.0 0.5092816215780329 20 
0005 0014 1 1671008834865941 81.375 -70.0 3.2336315008629315 20 
0005 0000 1 1671008834869841 113.875 -71.0 2.2212041808584084 20 
0005 0012 1 1671008834872006 -13.0 -72.5 2.5402721847386216 20 
0005 0005 1 1671008834874144 30.875 -61.0 2.2948352586769194 20 
0005 0004 1 1671008834875359 -38.1875 -60.5 6.227961998815704 20 
0005 0007 1 1671008834876829 0.0 -59.5 1.2210487071569704 20 
0005 0008 1 1671008834878969 13.0 -64.5 5.8659425328746915 20 
0005 0009 1 1671008834880459 32.5 -70.5 5.565282298449106 20 
0005 0013 1 1671008834882048 -97.625 -68.0 4.006757817957295 20 
0005 0008 2 1671008834936956 -3.25 -63.0 1.509437095279471 20 
0005 0005 2 1671008834941027 -65.0625 -68.0 4.460816131171445 20 
0005 0014 2 1671008834943406 16.25 -67.5 6.025476534814799 20 
0005 0007 2 1671008834944783 -19.5 -69.0 4.374913207049849 20 
0005 0000 2 1671008834946015 55.3125 -67.0 2.6200391857086753 20 
0005 0006 2 1671008834949604 -136.6875 -67.5 5.559146375297564 20 
0005 0004 3 1671008834980410 -30.875 -66.0 3.141592653589793 20 
0005 0007 3 1671008834984620 22.75 -66.5 0.19634954084936207 20 
0005 0015 3 1671008834987472 -74.8125 -70.5 2.0923497946760143 20 
0005 0005 4 1671008835018660 191.1875 -70.0 5.344389064993574 20 
0005 0015 4 1671008835020629 -120.4375 -73.5 3.5711072741977725 20 
0005 0004 4 1671008835027544 -45.5625 -61.0 3.3195344249845276 20 
0005 0004 5 1671008835057568 -27.625 -59.0 4.172427743048944 20 
0005 0006 5 1671008835060687 -29.25 -65.5 6.19728238305799 20 
0005 0007 5 1671008835066202 -237.5625 -70.0 6.191146459906448 20 
0005 0006 6 1671008835097294 -3.25 -63.0 4.896466674930966 20 
0005 0004 6 1671008835101371 -13.8125 -65.5 2.386874105950058 20 
0005 0002 6 1671008835104453 100.875 -73.0 5.092816215780329 20 
0005 0006 7 1671008835138887 -149.6875 -68.0 1.3744467859455345 20 
0005 0007 7 1671008835140360 -19.5 -66.5 3.859495662320273 20 
0005 0000 7 1671008835145872 -139.9375 -67.5 4.509903516383785 20 
0005 0008 7 1671008835146835 104.125 -63.0 5.105088062083414 20 
0005 0010 7 1671008835149229 -152.9375 -68.5 4.595806440505381 20 
0005 0004 7 1671008835150470 62.625 -67.0 4.448544284868359 20 
0005 0004 8 1671008835177674 55.3125 -71.0 1.0983302441261191 20 
0005 0015 8 1671008835179862 97.625 -68.0 5.577554144752192 20 
0005 0006 8 1671008835182575 -6.5 -58.5 0.1718058482431918 20 
0005 0005 8 1671008835186211 16.25 -66.0 2.4850488763747385 20 
0005 0008 8 1671008835187189 -13.0 -60.5 0.22089323345553233 20 
0005 0014 8 1671008835188350 26.0 -69.0 0.521553467881118 20 
0005 0009 8 1671008835190151 61.8125 -71.5 4.828971520263998 20 
0005 0010 8 1671008835192576 -78.0625 -66.5 4.816699673960914 20 
0005 0013 8 1671008835194935 -292.9375 -69.5 4.086524818927348 20 
0005 0007 1 1671008835431194 13.0 -59.5 1.1903690913992575 20 
0005 0005 1 1671008835435530 27.625 -60.5 2.282563412373834 20 
0005 0008 1 1671008835437256 -9.75 -64.0 5.743224069843841 20 
0005 0004 1 1671008835438161 -17.0625 -59.5 6.129787228391022 20 
0005 0013 1 1671008835439385 -74.8125 -67.0 3.9699422790480394 20 
0005 0009 1 1671008835440965 110.625 -70.0 5.405748296509 20 
0005 0000 1 1671008835444034 182.25 -69.0 2.12916533358527 20 
0005 0012 1 1671008835448718 45.5625 -71.5 2.4911847995262812 20 
0005 0014 2 1671008835488649 -61.8125 -67.0 6.086835766330224 20 
0005 0000 2 1671008835490365 -61.8125 -66.0 2.7550294950426117 20 
0005 0008 2 1671008835491313 13.0 -61.5 1.3069516312785663 20 
0005 0005 2 1671008835495552 32.5 -67.5 3.988350048502667 20 
0005 0007 2 1671008835502698 -45.5625 -67.5 4.632621979414636 20 
0005 0006 2 1671008835504127 19.5 -67.0 5.258486140871978 20 
0005 0007 3 1671008835539321 117.125 -65.5 6.22182607566416 20 
0005 0004 3 1671008835541143 -13.8125 -66.0 3.129320807286708 20 
0005 0005 4 1671008835565931 -131.8125 -68.5 5.7616318392984684 20 
0005 0015 4 1671008835567364 -185.5 -75.0 3.497476196379262 20 
0005 0004 4 1671008835577259 -27.625 -60.5 3.393165502803038 20 
0005 0004 5 1671008835605876 3.25 -59.0 4.239922897715912 20 
0005 0006 5 1671008835619189 13.0 -65.0 6.1850105367549055 20 
0005 0007 5 1671008835621080 117.125 -71.5 6.117515382087937 20 
0005 0002 6 1671008835648985 -107.375 -73.0 5.583690067903734 20 
0005 0006 6 1671008835649930 3.25 -63.0 4.908738521234052 20 
0005 0004 6 1671008835652057 -38.1875 -65.0 2.5402721847386216 20 
0005 0010 7 1671008835689060 -110.625 -68.5 4.522175362686871 20 
0005 0006 7 1671008835692003 -22.75 -67.0 1.043106935762236 20 
0005 0000 7 1671008835695344 -133.4375 -66.5 4.528311285838413 20 
0005 0008 7 1671008835696958 -74.8125 -62.0 5.375068680751287 20 
0005 0007 7 1671008835703588 -65.0625 -67.5 3.8963112012295285 20 
0005 0004 7 1671008835704762 91.125 -66.0 4.331961744989051 20 
0005 0008 8 1671008835737916 0.0 -60.0 0.11658253987930872 20 
0005 0010 8 1671008835738869 6.5 -66.0 4.798291904506286 20 
0005 0014 8 1671008835741716 45.5625 -70.0 0.48473792897186263 20 
0005 0013 8 1671008835747144 22.75 -69.0 3.5158839658338894 20 
0005 0015 8 1671008835750909 -48.8125 -68.0 5.6941366846315 20 
0005 0005 8 1671008835751885 52.0625 -65.5 2.3009711818284617 20 
0005 0007 8 1671008835754559 26.0 -73.5 1.6198837120072371 20 
0005 0006 8 1671008835756211 -3.25 -58.5 0.1902136176978195 20 
0005 0009 8 1671008835761264 107.375 -72.5 4.724660826687775 20 
0005 0004 8 1671008835762226 225.375 -70.5 0.7485826244881929 20 
0005 0009 1 1671008835987489 -162.75 -69.0 5.927301764390117 20 
0005 0008 1 1671008835988933 -22.75 -64.0 5.608233760509904 20 
0005 0004 1 1671008835991981 7.3125 -59.5 6.086835766330224 20 
0005 0007 1 1671008835993330 -19.5 -60.0 1.2455923997631406 20 
0005 0005 1 1671008835995749 13.0 -60.0 2.2089323345553233 20 
0005 0000 1 1671008835999541 -74.8125 -70.0 2.5402721847386216 20 
0005 0012 1 1671008836000956 113.875 -71.0 2.3009711818284617 20 
0005 0013 1 1671008836003404 -22.75 -66.5 3.9453985864418692 20 
0005 0014 1 1671008836007982 172.5 -70.5 2.9084275738311756 20 
0005 0000 2 1671008836050204 3.25 -65.5 2.6016314162540475 20 
0005 0014 2 1671008836051184 29.25 -67.5 5.890486225480862 20 
0005 0006 2 1671008836053111 32.5 -66.5 5.270757987175063 20 
0005 0008 2 1671008836054808 45.5625 -61.0 1.1535535524900022 20 
0005 0007 2 1671008836061794 -29.25 -68.5 4.516039439535327 20 
0005 0005 2 1671008836062713 -22.75 -68.5 4.09266074207889 20 
0005 0007 3 1671008836097654 -6.5 -64.5 0.22089323345553233 20 
0005 0015 3 1671008836102021 -162.75 -69.5 2.018718716857504 20 
0005 0004 3 1671008836105019 100.875 -64.5 2.8777479580734626 20 
0005 0000 3 1671008836124448 159.5 -71.0 3.399301425954581 20 
0005 0004 4 1671008836157098 -34.9375 -61.0 3.3440781175906977 20 
0005 0015 4 1671008836160958 -234.3125 -74.0 3.2949907323783574 20 
0005 0005 4 1671008836163844 -39.0 -68.5 5.93343768754166 20 
0005 0004 5 1671008836198275 -13.8125 -59.5 4.28287435977671 20 
0005 0007 5 1671008836200290 -3.25 -71.5 0.18407769454627693 20 
0005 0006 5 1671008836205473 58.5625 -65.5 6.068427996875596 20 
0005 0006 6 1671008836237158 0.0 -63.0 4.865787059173254 20 
0005 0004 6 1671008836238210 -30.875 -65.5 2.478912953223196 20 
0005 0002 6 1671008836248460 -111.4375 -74.0 5.663457068873787 20 
