0005 0013 1 1671009269406227 32.5 -62.0 1.662835174068035 20 
0005 0012 1 1671009269407204 65.0625 -63.0 2.3316507975861747 20 
0005 0001 1 1671009269408665 58.5625 -71.5 5.307573526084319 20 
0005 0011 1 1671009269413169 -6.5 -58.0 5.154175447295755 20 
0005 0014 1 1671009269419246 -39.0 -64.0 1.030835089459151 20 
0005 0010 1 1671009269421758 104.125 -62.0 0.2699806186678728 20 
0005 0015 1 1671009269426004 -3.25 -60.5 3.393165502803038 20 
0005 0006 1 1671009269428895 3.25 -61.0 0.5460971604872883 20 
0005 0009 1 1671009269435787 9.75 -72.5 4.442408361716817 20 
0005 0015 2 1671009269466342 39.0 -65.0 3.8288160465625602 20 
0005 0012 2 1671009269469476 113.875 -66.5 4.6448938257177215 20 
0005 0010 2 1671009269472904 -234.3125 -67.5 3.0066023442558567 20 
0005 0011 2 1671009269482266 35.75 -64.5 3.834951969714103 20 
0005 0006 2 1671009269486200 16.25 -68.5 3.313398501832985 20 
0005 0014 3 1671009269528256 -68.3125 -67.5 1.030835089459151 20 
0005 0011 3 1671009269531068 19.5 -55.0 0.5276893910326605 20 
0005 0010 3 1671009269532246 6.5 -64.0 2.804116880254952 20 
0005 0012 3 1671009269533170 -71.5625 -68.0 4.534447208989955 20 
0005 0005 3 1671009269534132 45.5625 -55.0 5.945709533844745 20 
0005 0004 3 1671009269535335 -249.8125 -69.5 6.166602767300278 20 
0005 0015 3 1671009269538465 -29.25 -65.5 3.411573272257666 20 
0005 0007 3 1671009269542286 29.25 -64.0 0.5031456984264903 20 
0005 0015 4 1671009269566570 -156.1875 -69.5 6.117515382087937 20 
0005 0004 4 1671009269568864 -81.375 -64.5 5.375068680751287 20 
0005 0011 4 1671009269570395 -13.0 -57.5 1.6935147898257479 20 
0005 0007 4 1671009269571600 -29.25 -60.5 4.28287435977671 20 
0005 0005 4 1671009269574653 -45.5625 -62.5 3.6079228131070282 20 
0005 0013 4 1671009269576992 6.5 -69.5 1.6198837120072371 20 
0005 0006 4 1671009269577870 71.5625 -64.0 2.0064468705544187 20 
0005 0000 4 1671009269579225 3.25 -70.0 2.5341362615870793 20 
0005 0008 4 1671009269588168 -152.9375 -72.0 1.6260196351587797 20 
0005 0015 5 1671009269627659 29.25 -68.0 1.0921943209745766 20 
0005 0005 5 1671009269628990 13.8125 -67.0 2.662990647769473 20 
0005 0011 5 1671009269630764 3.25 -65.5 3.117048960983623 20 
0005 0004 5 1671009269631699 -41.5 -60.5 1.012427320004523 20 
0005 0010 5 1671009269632622 65.0625 -59.5 2.1046216409791 20 
0005 0006 5 1671009269634622 162.75 -65.5 0.7547185476397354 20 
0005 0012 5 1671009269635658 -65.0625 -67.0 2.791845033951867 20 
0005 0001 5 1671009269638233 -3.25 -68.5 5.546874528994478 20 
0005 0014 5 1671009269642785 100.875 -68.0 0.9572040116406401 20 
0005 0006 6 1671009269667410 -22.75 -58.0 4.608078286808466 20 
0005 0013 6 1671009269668349 -58.5625 -66.5 3.6999616603801666 20 
0005 0010 6 1671009269670549 65.0625 -64.5 5.712544454086128 20 
0005 0004 6 1671009269672737 3.25 -58.0 0.15339807878856412 20 
0005 0007 6 1671009269678449 13.0 -67.0 1.1167380135807468 20 
0005 0005 6 1671009269679441 -48.8125 -68.5 5.086680292628786 20 
0005 0000 6 1671009269687605 61.8125 -75.0 0.23316507975861744 20 
0005 0006 7 1671009269719059 -68.3125 -68.0 4.577398671050753 20 
0005 0011 7 1671009269734803 -29.25 -67.5 1.000155473701438 20 
0005 0004 7 1671009269737310 -69.125 -69.5 3.6570101983193686 20 
0005 0013 8 1671009269781709 39.0 -69.0 1.141281706186917 20 
0005 0014 8 1671009269786146 -48.8125 -66.5 3.785864584501762 20 
0005 0010 8 1671009269787066 0.0 -68.5 0.23930100291016002 20 
0005 0015 8 1671009269788941 -117.125 -66.5 2.4850488763747385 20 
0005 0010 1 1671009270006473 19.5 -62.0 0.3865631585471816 20 
0005 0015 1 1671009270008250 -22.75 -60.0 3.442252888015379 20 
0005 0011 1 1671009270012948 0.0 -58.0 5.166447293598839 20 
0005 0012 1 1671009270015631 -26.0 -63.5 2.36846633649543 20 
0005 0001 1 1671009270020421 130.1875 -71.0 5.184855063053467 20 
0005 0006 1 1671009270023458 45.5625 -61.5 0.4970097752749477 20 
0005 0013 1 1671009270027372 48.8125 -61.0 1.6014759425526093 20 
0005 0014 1 1671009270028576 42.3125 -64.5 0.9019807032767571 20 
0005 0011 2 1671009270068836 -55.3125 -64.0 3.877903431774901 20 
0005 0006 2 1671009270070707 65.0625 -68.0 2.9636508821950587 20 
0005 0015 2 1671009270073927 9.75 -65.0 3.8410878928656453 20 
0005 0010 2 1671009270075693 -143.1875 -68.5 2.890019804376548 20 
0005 0012 2 1671009270084235 -22.75 -67.5 4.693981210930062 20 
0005 0010 3 1671009270126744 74.8125 -64.0 2.767301341345697 20 
0005 0007 3 1671009270128291 -9.75 -63.0 0.5399612373357456 20 
0005 0014 3 1671009270130223 -91.125 -66.5 0.9572040116406401 20 
0005 0004 3 1671009270133536 215.625 -69.0 5.5714182216006485 20 
0005 0005 3 1671009270134508 -13.0 -55.0 6.043884304269426 20 
0005 0012 3 1671009270135940 16.25 -66.5 4.276738436625168 20 
0005 0011 3 1671009270136919 3.25 -55.5 0.5460971604872883 20 
0005 0015 3 1671009270138427 -84.625 -66.5 3.423845118560751 20 
0005 0000 4 1671009270176464 -146.4375 -69.5 2.767301341345697 20 
0005 0007 4 1671009270179766 -35.75 -60.5 4.252194744018997 20 
0005 0015 4 1671009270180676 -97.625 -70.0 5.927301764390117 20 
0005 0005 4 1671009270182585 -22.75 -63.0 3.56497135104623 20 
0005 0011 4 1671009270183564 9.75 -57.5 1.6566992509164924 20 
0005 0006 4 1671009270184754 -13.0 -65.0 2.184388641949153 20 
0005 0004 4 1671009270185685 10.5625 -64.5 5.295301679781233 20 
0005 0013 4 1671009270186610 6.5 -69.0 1.7241944055834606 20 
0005 0008 4 1671009270194305 198.5625 -74.0 0.760854470791278 20 
0005 0004 5 1671009270217668 -17.0625 -60.5 0.9203884727313847 20 
0005 0010 5 1671009270218604 -3.25 -59.5 2.2396119503130363 20 
0005 0001 5 1671009270219796 -130.1875 -67.0 5.638913376267617 20 
0005 0006 5 1671009270220759 130.1875 -65.5 0.7792622402459057 20 
0005 0005 5 1671009270224552 -91.125 -66.5 2.9329712664373457 20 
0005 0014 5 1671009270228227 -221.3125 -69.0 1.3560390164909069 20 
0005 0012 5 1671009270230970 65.0625 -67.5 2.675262494072558 20 
0005 0011 5 1671009270232330 78.0625 -65.0 3.043417883165112 20 
0005 0015 5 1671009270234275 -45.5625 -68.0 1.1474176293384597 20 
0005 0013 6 1671009270268538 -113.875 -66.0 3.718369429834794 20 
0005 0007 6 1671009270269730 78.0625 -67.5 1.0676506283684062 20 
0005 0004 6 1671009270271216 26.0 -58.0 0.14112623248547898 20 
0005 0005 6 1671009270272371 0.0 -68.5 5.141903600992669 20 
0005 0010 6 1671009270273569 13.0 -64.0 5.841398840268521 20 
0005 0006 6 1671009270276170 6.5 -58.5 4.558990901596125 20 
0005 0000 6 1671009270289383 -29.25 -75.0 0.5031456984264903 20 
0005 0004 7 1671009270317810 -182.25 -69.5 3.9453985864418692 20 
0005 0011 7 1671009270336802 -39.0 -70.0 0.9756117810952678 20 
0005 0006 7 1671009270337709 -81.375 -69.5 4.71238898038469 20 
0005 0014 8 1671009270370646 58.5625 -66.0 3.718369429834794 20 
0005 0010 8 1671009270374031 -48.8125 -69.0 0.1902136176978195 20 
0005 0013 8 1671009270383315 224.5625 -67.5 1.0369710126106935 20 
0005 0015 8 1671009270388908 -78.0625 -67.5 2.5770877236478773 20 
0005 0006 1 1671009270615892 52.0625 -62.5 1.043106935762236 20 
0005 0011 1 1671009270618214 -9.75 -59.0 5.221670601962723 20 
0005 0009 1 1671009270620585 32.5 -66.5 4.516039439535327 20 
0005 0015 1 1671009270622483 -29.25 -62.5 4.313553975534423 20 
0005 0007 1 1671009270623648 68.3125 -68.0 1.8837284075235674 20 
0005 0010 1 1671009270626253 -29.25 -63.0 6.0991076126333095 20 
0005 0013 1 1671009270636877 -13.0 -65.5 0.8651651643675016 20 
0005 0008 1 1671009270637783 16.25 -66.0 5.252350217720435 20 
0005 0014 1 1671009270640321 -74.8125 -66.5 1.8837284075235674 20 
0005 0012 1 1671009270643209 74.8125 -70.5 1.6505633277649499 20 
0005 0015 2 1671009270672873 -32.5 -66.0 4.123340357836604 20 
0005 0008 2 1671009270681860 -6.5 -64.0 0.1043106935762236 20 
0005 0007 2 1671009270685765 107.375 -68.5 5.553010452146021 20 
0005 0010 2 1671009270687435 -42.3125 -70.0 0.8651651643675016 20 
0005 0011 2 1671009270690611 48.8125 -65.5 2.073942025221387 20 
0005 0005 3 1671009270729332 78.0625 -64.0 2.061670178918302 20 
0005 0010 3 1671009270730283 -71.5625 -68.0 2.9206994201342606 20 
0005 0011 3 1671009270732818 -39.0 -60.5 0.2270291566070749 20 
0005 0008 3 1671009270734463 -146.4375 -64.5 4.9823695990525625 20 
0005 0004 3 1671009270736856 -3.25 -71.0 5.638913376267617 20 
0005 0015 3 1671009270738138 -68.3125 -67.0 3.0066023442558567 20 
0005 0009 3 1671009270741052 26.0 -68.5 4.411728745959104 20 
0005 0006 3 1671009270745090 -149.6875 -68.5 1.9205439464328227 20 
0005 0005 4 1671009270776697 6.5 -64.0 1.214912784005428 20 
0005 0006 4 1671009270779914 42.3125 -64.0 1.337631247036279 20 
0005 0010 4 1671009270780880 -42.3125 -70.5 3.5711072741977725 20 
0005 0004 4 1671009270782574 -13.8125 -67.5 5.086680292628786 20 
0005 0011 4 1671009270785825 9.75 -58.0 2.356194490192345 20 
0005 0013 4 1671009270792519 -6.5 -68.5 0.9019807032767571 20 
0005 0014 4 1671009270793468 -6.5 -69.0 0.6504078540635119 20 
0005 0007 5 1671009270818789 -78.0625 -69.5 6.074563920027139 20 
0005 0004 5 1671009270820315 -7.3125 -62.5 0.17794177139473438 20 
0005 0010 5 1671009270821478 9.75 -59.0 0.7117670855789375 20 
0005 0015 5 1671009270822716 -71.5625 -71.0 2.454369260617026 20 
0005 0006 5 1671009270823890 26.0 -62.5 1.3928545554001621 20 
0005 0013 6 1671009270856272 -84.625 -72.0 4.896466674930966 20 
0005 0010 6 1671009270858976 0.0 -60.0 0.8160777791551611 20 
0005 0004 6 1671009270863571 -32.5 -60.5 0.8160777791551611 20 
0005 0006 6 1671009270865903 42.3125 -59.0 2.6261751088602177 20 
0005 0007 6 1671009270866855 -13.0 -69.0 0.5890486225480862 20 
0005 0015 7 1671009270909066 26.0 -68.5 1.4419419406125027 20 
0005 0008 7 1671009270914550 130.1875 -68.0 2.1905245651006955 20 
0005 0006 8 1671009270937188 -58.5625 -68.0 5.240078371417351 20 
0005 0015 8 1671009270944247 0.0 -57.5 5.148039524144211 20 
0005 0010 8 1671009270950818 55.3125 -68.0 0.2638446955163303 20 
0005 0013 8 1671009270955248 152.9375 -70.5 0.6810874698212247 20 
0005 0004 8 1671009270959482 -55.3125 -70.5 3.2459033471660166 20 
0005 0009 8 1671009270961649 -110.625 -70.5 0.8651651643675016 20 
0005 0014 8 1671009270962568 94.375 -71.5 3.356349963893783 20 
0005 0013 1 1671009271176240 87.875 -71.0 5.767767762450011 20 
0005 0011 1 1671009271178785 0.0 -59.5 5.71868037723767 20 
0005 0008 1 1671009271185957 -6.5 -58.0 2.8961557275280905 20 
0005 0006 1 1671009271187361 110.625 -67.0 5.516194913236766 20 
0005 0014 1 1671009271188335 6.5 -64.5 2.6261751088602177 20 
0005 0007 1 1671009271189330 -71.5625 -70.5 4.289010282928253 20 
0005 0010 1 1671009271196390 -42.3125 -70.0 1.945087639038993 20 
0005 0009 1 1671009271197584 -58.5625 -64.0 1.3928545554001621 20 
0005 0004 1 1671009271200174 41.5 -64.5 3.368621810196868 20 
0005 0015 1 1671009271201167 -9.75 -66.0 4.865787059173254 20 
0005 0007 2 1671009271226920 16.25 -65.0 4.822835597112456 20 
0005 0004 2 1671009271228584 -100.875 -69.0 3.650874275167826 20 
0005 0015 2 1671009271230800 -16.25 -64.5 3.2704470397721868 20 
0005 0006 2 1671009271232728 78.0625 -65.5 2.9697868053466014 20 
0005 0009 2 1671009271235987 -48.8125 -68.0 0.6933593161243098 20 
0005 0011 2 1671009271238381 -84.625 -64.5 4.828971520263998 20 
0005 0008 2 1671009271240986 29.25 -57.0 4.405592822807561 20 
0005 0007 3 1671009271276268 -9.75 -62.0 0.6320000846088841 20 
0005 0015 3 1671009271281692 13.0 -65.5 4.080388895775806 20 
0005 0011 3 1671009271284721 78.0625 -62.0 3.313398501832985 20 
0005 0007 4 1671009271335784 -39.0 -70.0 5.289165756629691 20 
0005 0006 5 1671009271373202 -146.4375 -71.0 1.3621749396424494 20 
0005 0004 6 1671009271401617 59.375 -68.5 3.141592653589793 20 
0005 0006 6 1671009271403045 35.75 -64.5 5.166447293598839 20 
0005 0008 7 1671009271436450 32.5 -61.5 0.006135923151542565 20 
0005 0010 7 1671009271443412 -3.25 -59.5 1.1903690913992575 20 
0005 0007 7 1671009271444383 -52.0625 -68.5 3.104777114680538 20 
0005 0006 7 1671009271445329 87.875 -64.5 6.074563920027139 20 
0005 0009 7 1671009271453898 -42.3125 -69.0 0.8099418560036186 20 
0005 0000 7 1671009271458820 279.9375 -71.5 3.6140587362585705 20 
0005 0006 8 1671009271486741 -22.75 -64.5 5.197126909356553 20 
0005 0009 8 1671009271488290 -19.5 -64.5 4.190835512503572 20 
0005 0010 8 1671009271491466 -35.75 -63.0 2.9022916506796332 20 
0005 0004 8 1671009271493531 45.5625 -64.5 2.2764274892222915 20 
0005 0008 8 1671009271495470 61.8125 -61.5 1.88986433067511 20 
0005 0015 8 1671009271498104 42.3125 -62.0 4.221515128261284 20 
0005 0014 8 1671009271500854 42.3125 -67.5 2.8838838812250054 20 
0005 0011 8 1671009271503973 13.0 -73.0 2.3071071049800045 20 
0005 0007 1 1671009271717451 143.1875 -66.5 2.1598449493429825 20 
0005 0009 1 1671009271721472 -117.125 -70.5 2.2580197197676637 20 
0005 0015 1 1671009271722876 -32.5 -62.0 3.313398501832985 20 
0005 0008 1 1671009271723824 -13.0 -59.5 1.761009944492716 20 
0005 0004 1 1671009271727045 42.3125 -61.5 5.497787143782138 20 
0005 0014 1 1671009271729653 -29.25 -60.0 2.073942025221387 20 
0005 0013 1 1671009271737222 22.75 -71.5 5.037592907416445 20 
0005 0007 2 1671009271799182 -3.25 -69.0 6.227961998815704 20 
0005 0008 2 1671009271801192 -9.75 -62.5 2.6875343403756435 20 
0005 0000 2 1671009271803105 -32.5 -65.5 4.104932588381976 20 
0005 0015 2 1671009271805445 19.5 -68.5 2.8102528034064944 20 
0005 0004 3 1671009271836140 10.5625 -60.5 3.2643111166206444 20 
0005 0015 3 1671009271844738 -32.5 -64.0 2.564815877344792 20 
0005 0007 3 1671009271849165 -35.75 -65.0 4.865787059173254 20 
0005 0004 4 1671009271892170 -13.8125 -64.0 4.166291819897402 20 
0005 0014 5 1671009271926257 -16.25 -67.0 2.5893595699509624 20 
0005 0006 5 1671009271927654 87.875 -66.5 1.7548740213411735 20 
0005 0004 5 1671009271929678 -3.25 -60.0 0.11658253987930872 20 
0005 0004 6 1671009271975915 -27.625 -63.0 3.767456815047135 20 
0005 0006 6 1671009271978446 26.0 -61.5 0.12885438618239387 20 
0005 0008 7 1671009272010720 -71.5625 -61.0 2.313243028131547 20 
0005 0006 7 1671009272012024 39.0 -60.5 5.638913376267617 20 
0005 0010 7 1671009272012933 65.0625 -64.0 0.7853981633974483 20 
0005 0004 7 1671009272018504 48.8125 -65.5 1.9266798695843652 20 
0005 0014 7 1671009272019851 39.0 -68.0 3.472932503773092 20 
0005 0010 8 1671009272046278 -68.3125 -71.0 1.521708941582556 20 
0005 0006 8 1671009272050081 -9.75 -60.0 5.822991070813893 20 
0005 0015 8 1671009272051048 -16.25 -61.5 4.743068596142402 20 
0005 0008 8 1671009272052857 -9.75 -60.5 3.3747577333484107 20 
0005 0014 8 1671009272054049 22.75 -65.5 3.663146121470911 20 
0005 0009 8 1671009272055256 -13.0 -69.0 3.1906800388021335 20 
0005 0004 8 1671009272061790 104.125 -68.5 6.154330920997192 20 
0005 0011 8 1671009272074563 -221.3125 -72.0 2.1230294104337273 20 
0005 0007 1 1671009272287324 -6.5 -63.5 2.552544031041707 20 
0005 0004 1 1671009272289023 7.3125 -58.5 4.773748211900116 20 
0005 0009 1 1671009272290272 107.375 -70.0 1.9082721001297376 20 
0005 0000 1 1671009272294580 -84.625 -71.0 4.7860200582032 20 
0005 0014 1 1671009272297390 9.75 -60.0 0.8528933180644165 20 
0005 0008 1 1671009272298567 -22.75 -58.5 2.337786720737717 20 
0005 0015 1 1671009272305233 29.25 -63.5 3.5036121195308043 20 
0005 0006 1 1671009272308898 -175.75 -71.5 6.050020227420969 20 
0005 0013 1 1671009272315933 -61.8125 -72.5 5.056000676871073 20 
0005 0008 2 1671009272358490 9.75 -62.0 3.160000423044421 20 
0005 0007 2 1671009272360065 126.9375 -67.5 0.03681553890925539 20 
0005 0006 2 1671009272361198 276.625 -67.0 2.6813984172241008 20 
0005 0000 2 1671009272363650 -45.5625 -63.5 4.853515212870168 20 
0005 0010 2 1671009272377336 61.8125 -71.5 1.6873788666742053 20 
0005 0007 3 1671009272396733 -3.25 -63.5 4.675573441475434 20 
0005 0015 3 1671009272398480 -19.5 -64.5 2.5893595699509624 20 
0005 0004 3 1671009272400813 107.375 -62.5 2.890019804376548 20 
0005 0004 4 1671009272441111 -10.5625 -65.0 3.865631585471816 20 
0005 0014 5 1671009272476226 19.5 -67.5 2.466641106920111 20 
0005 0004 5 1671009272477144 -65.875 -61.0 5.6941366846315 20 
0005 0006 5 1671009272489099 32.5 -65.0 1.1044661672776617 20 
0005 0004 6 1671009272546716 79.75 -63.5 2.0800779483729293 20 
0005 0006 6 1671009272547906 -65.0625 -61.0 5.700272607783043 20 
0005 0014 7 1671009272575918 -71.5625 -68.5 3.7122335066832517 20 
0005 0004 7 1671009272580860 -121.25 -69.0 1.8960002538266525 20 
0005 0007 7 1671009272581808 -6.5 -70.0 5.013049214810275 20 
0005 0010 7 1671009272583044 3.25 -69.5 0.4663301595172349 20 
0005 0006 7 1671009272584716 -61.8125 -60.5 5.473243451175968 20 
0005 0008 7 1671009272586783 -22.75 -60.5 2.466641106920111 20 
0005 0000 7 1671009272588302 -97.625 -68.0 1.8223691760081417 20 
0005 0014 8 1671009272618183 65.0625 -64.0 3.6201946594101133 20 
0005 0015 8 1671009272619064 -71.5625 -62.0 4.454680208019902 20 
0005 0008 8 1671009272620268 -16.25 -58.0 3.380893656499953 20 
0005 0004 8 1671009272621455 -59.375 -68.0 6.050020227420969 20 
0005 0006 8 1671009272623545 16.25 -60.0 5.878214379177777 20 
0005 0009 8 1671009272628000 126.9375 -71.0 2.270291566070749 20 
0005 0009 1 1671009272879157 19.5 -69.5 1.5707963267948966 20 
0005 0006 1 1671009272881551 -41.5 -71.0 5.896622148632405 20 
0005 0008 1 1671009272882499 19.5 -58.5 2.693670263527186 20 
0005 0004 1 1671009272885671 13.8125 -58.5 4.767612288748572 20 
0005 0014 1 1671009272886859 -6.5 -60.5 0.7792622402459057 20 
0005 0013 1 1671009272887829 -214.8125 -72.5 5.332117218690489 20 
0005 0015 1 1671009272889542 0.0 -63.5 3.442252888015379 20 
0005 0007 1 1671009272895297 -19.5 -64.5 2.5034566458293663 20 
0005 0000 2 1671009272937573 19.5 -63.5 4.798291904506286 20 
0005 0008 2 1671009272938595 -29.25 -61.5 3.749049045592507 20 
0005 0007 2 1671009272942404 -71.5625 -67.0 0.07976700097005335 20 
0005 0006 2 1671009272945308 244.125 -66.5 2.9084275738311756 20 
0005 0004 3 1671009272986607 -38.1875 -62.5 3.043417883165112 20 
0005 0007 3 1671009272989105 -71.5625 -63.5 4.871922982324796 20 
0005 0015 3 1671009272991956 6.5 -64.5 2.6568547246179306 20 
0005 0004 4 1671009273018870 -104.125 -66.0 3.933126740138784 20 
0005 0004 5 1671009273061440 30.875 -60.0 5.184855063053467 20 
0005 0006 5 1671009273064972 61.8125 -65.0 1.4787574795217582 20 
0005 0014 5 1671009273065865 35.75 -67.5 2.380738182798515 20 
0005 0006 6 1671009273097834 3.25 -60.5 5.5284667595398505 20 
0005 0004 6 1671009273103341 83.0 -63.5 1.8714565612204823 20 
0005 0006 7 1671009273138372 29.25 -60.0 4.816699673960914 20 
0005 0007 7 1671009273141690 100.875 -70.0 4.657165672020807 20 
0005 0010 7 1671009273142629 175.75 -71.0 0.3374757733348411 20 
0005 0008 7 1671009273144524 3.25 -60.5 2.405281875404685 20 
0005 0000 7 1671009273146128 -335.25 -68.0 1.932815792735908 20 
0005 0014 7 1671009273151205 9.75 -69.0 3.6815538909255388 20 
0005 0014 8 1671009273177885 26.0 -64.5 3.706097583531709 20 
0005 0008 8 1671009273178832 6.5 -58.0 3.3870295796514958 20 
0005 0004 8 1671009273180360 26.0 -65.5 5.737088146692298 20 
0005 0015 8 1671009273185313 -3.25 -62.0 4.270602513473625 20 
0005 0009 8 1671009273186521 6.5 -72.5 2.1659808724945253 20 
0005 0006 8 1671009273190224 -19.5 -60.0 5.816855147662351 20 
0005 0008 1 1671009273437091 16.25 -59.0 2.9268353432858034 20 
0005 0004 1 1671009273439359 -41.5 -58.5 4.7860200582032 20 
0005 0006 1 1671009273441760 130.1875 -71.5 4.743068596142402 20 
0005 0014 1 1671009273444063 -9.75 -60.5 0.7731263170943632 20 
0005 0015 1 1671009273446020 3.25 -63.5 3.368621810196868 20 
0005 0007 1 1671009273449266 6.5 -64.0 2.5464081078901644 20 
0005 0009 1 1671009273451040 -91.125 -71.5 1.6444274046134073 20 
0005 0013 1 1671009273452388 -117.125 -73.0 5.049864753719531 20 
0005 0001 1 1671009273454601 227.8125 -73.5 3.552699504743145 20 
0005 0000 1 1671009273459072 -26.0 -72.5 5.129631754689584 20 
0005 0007 2 1671009273485984 -52.0625 -66.5 0.5338253141842031 20 
0005 0000 2 1671009273487852 45.5625 -63.5 4.9823695990525625 20 
0005 0008 2 1671009273492344 -45.5625 -62.0 3.454524734318464 20 
0005 0006 2 1671009273495287 100.875 -66.0 3.147728576741336 20 
0005 0004 3 1671009273538713 -69.125 -62.5 3.067961575771282 20 
0005 0007 3 1671009273540175 -65.0625 -63.5 4.963961829597935 20 
0005 0015 3 1671009273542245 48.8125 -64.5 2.804116880254952 20 
0005 0004 4 1671009273586778 -13.8125 -66.5 4.1172044346850605 20 
0005 0014 5 1671009273616863 -58.5625 -68.0 2.478912953223196 20 
0005 0004 5 1671009273622481 -17.0625 -60.0 5.289165756629691 20 
0005 0006 5 1671009273627543 55.3125 -64.5 1.7426021750380885 20 
0005 0006 6 1671009273661076 -35.75 -61.0 5.663457068873787 20 
0005 0004 6 1671009273663908 34.9375 -63.5 1.9941750242513334 20 
0005 0006 7 1671009273698015 -3.25 -60.5 4.7860200582032 20 
0005 0008 7 1671009273703293 -32.5 -60.5 2.3623304133438876 20 
0005 0010 7 1671009273705308 19.5 -70.0 0.5154175447295755 20 
0005 0000 7 1671009273708122 -71.5625 -67.5 1.521708941582556 20 
0005 0007 7 1671009273709074 -58.5625 -68.5 4.565126824747668 20 
0005 0014 7 1671009273712428 -97.625 -67.5 3.847223816017188 20 
0005 0014 8 1671009273746185 -6.5 -64.0 3.7429131224409646 20 
0005 0015 8 1671009273748270 -123.6875 -62.0 4.491495746929157 20 
0005 0004 8 1671009273750004 -10.5625 -65.5 5.675728915176872 20 
0005 0008 8 1671009273750968 -13.0 -57.0 3.3072625786814425 20 
0005 0006 8 1671009273751929 16.25 -60.0 5.688000761479957 20 
0005 0000 8 1671009273764863 -126.9375 -71.5 3.215223731408304 20 
0005 0009 8 1671009273773614 -136.6875 -75.0 2.1230294104337273 20 
0005 0006 1 1671009273985916 -35.75 -71.0 5.049864753719531 20 
0005 0008 1 1671009273988236 13.0 -58.0 2.8532042654672924 20 
0005 0014 1 1671009273989168 -3.25 -60.0 0.7301748550335652 20 
0005 0009 1 1671009273990431 6.5 -70.0 1.4419419406125027 20 
0005 0007 1 1671009273995539 -26.0 -65.5 2.4727770300716534 20 
0005 0004 1 1671009273996456 -10.5625 -58.5 4.657165672020807 20 
0005 0000 1 1671009273997494 123.6875 -70.0 4.902602598082509 20 
0005 0015 1 1671009274000270 -9.75 -64.0 3.3624858870453256 20 
0005 0013 1 1671009274004288 -156.1875 -72.0 5.006913291658733 20 
0005 0008 2 1671009274039244 -32.5 -61.0 3.485204350076177 20 
0005 0006 2 1671009274041042 19.5 -66.5 3.423845118560751 20 
0005 0007 2 1671009274045601 -35.75 -65.5 0.2086213871524472 20 
0005 0000 2 1671009274049190 -29.25 -63.0 4.914874444385594 20 
0005 0004 3 1671009274097513 26.0 -62.0 2.9513790358919736 20 
0005 0007 3 1671009274098478 22.75 -62.5 4.95168998329485 20 
0005 0015 3 1671009274104255 39.0 -63.5 2.748893571891069 20 
0005 0004 4 1671009274131462 -52.0625 -66.5 4.1417481272912315 20 
0005 0014 5 1671009274167860 214.8125 -67.0 2.313243028131547 20 
0005 0004 5 1671009274170735 -55.3125 -60.0 5.301437602932776 20 
0005 0006 5 1671009274175288 35.75 -64.5 1.564660403643354 20 
0005 0004 6 1671009274206944 13.8125 -63.5 1.859184714917397 20 
0005 0006 6 1671009274217318 -35.75 -61.0 5.442563835418255 20 
0005 0008 7 1671009274249994 -9.75 -60.0 2.2764274892222915 20 
0005 0006 7 1671009274253048 -6.5 -60.5 4.681709364626977 20 
0005 0014 7 1671009274255883 81.375 -67.5 3.479068426924634 20 
0005 0007 7 1671009274257332 29.25 -69.0 4.466952054322987 20 
0005 0010 7 1671009274258353 -3.25 -69.0 0.48473792897186263 20 
0005 0000 7 1671009274259306 -104.125 -68.0 1.5033011721279284 20 
0005 0009 8 1671009274296004 123.6875 -72.5 1.521708941582556 20 
0005 0006 8 1671009274297414 3.25 -60.5 5.663457068873787 20 
0005 0004 8 1671009274300436 -13.0 -65.5 5.546874528994478 20 
0005 0014 8 1671009274301498 -16.25 -64.0 3.767456815047135 20 
0005 0008 8 1671009274303383 -9.75 -57.5 3.2520392703175593 20 
0005 0015 8 1671009274304367 -65.0625 -61.5 4.4362724385652745 20 
0005 0000 8 1671009274310904 123.6875 -71.0 2.7550294950426117 20 
