0005 0009 1 1671009495486956 -45.5625 -67.5 3.792000507653305 20 
0005 0005 1 1671009495489139 48.8125 -65.5 1.1719613219446299 20 
0005 0014 1 1671009495491036 6.5 -66.5 4.565126824747668 20 
0005 0011 1 1671009495492499 26.0 -60.0 3.6140587362585705 20 
0005 0006 1 1671009495494424 -13.0 -61.0 5.178719139901925 20 
0005 0010 1 1671009495496080 42.3125 -62.0 4.963961829597935 20 
0005 0015 1 1671009495497029 -9.75 -61.0 1.8285050991596843 20 
0005 0013 1 1671009495499607 0.0 -60.0 0.2761165418194154 20 
0005 0004 1 1671009495504995 13.8125 -65.5 5.583690067903734 20 
0005 0015 2 1671009495546067 -58.5625 -67.0 1.5155730184310134 20 
0005 0013 2 1671009495550932 -126.9375 -67.0 2.5709518004963345 20 
0005 0011 2 1671009495551898 29.25 -65.5 2.4727770300716534 20 
0005 0011 3 1671009495576221 35.75 -55.5 2.6384469551633027 20 
0005 0005 3 1671009495577210 21.125 -57.0 2.0923497946760143 20 
0005 0010 3 1671009495579343 -65.0625 -67.0 5.448699758569798 20 
0005 0015 3 1671009495581752 -87.875 -67.0 4.601942363656923 20 
0005 0007 3 1671009495586425 29.25 -58.0 2.2457478734645786 20 
0005 0004 3 1671009495591453 55.3125 -70.0 2.184388641949153 20 
0005 0009 3 1671009495597260 104.125 -67.5 0.8713010875190442 20 
0005 0011 4 1671009495625916 -3.25 -59.0 3.730641276137879 20 
0005 0000 4 1671009495635088 -68.3125 -71.0 5.21553467881118 20 
0005 0013 4 1671009495636520 -22.75 -68.5 0.02454369260617026 20 
0005 0004 4 1671009495640252 -10.5625 -63.0 4.804427827657828 20 
0005 0006 4 1671009495641186 -22.75 -63.5 4.362641360746763 20 
0005 0007 4 1671009495645191 -3.25 -68.5 5.595961914206819 20 
0005 0014 5 1671009495666211 -162.75 -69.5 3.0372819600135696 20 
0005 0011 5 1671009495667174 -45.5625 -63.5 2.9820586516496865 20 
0005 0005 5 1671009495668346 0.0 -63.5 2.116893487282185 20 
0005 0010 5 1671009495670082 29.25 -61.0 2.1353012567368124 20 
0005 0015 5 1671009495671286 0.0 -69.0 2.061670178918302 20 
0005 0013 5 1671009495674352 97.625 -67.5 0.1227184630308513 20 
0005 0004 5 1671009495677106 -13.0 -62.0 0.9265243958829272 20 
0005 0001 5 1671009495683213 97.625 -69.0 4.95168998329485 20 
0005 0014 6 1671009495726664 -188.75 -73.0 4.196971435655114 20 
0005 0006 6 1671009495728191 -6.5 -62.5 3.7551849687440497 20 
0005 0010 6 1671009495729596 9.75 -59.5 1.043106935762236 20 
0005 0004 6 1671009495731252 -7.3125 -65.5 0.9940195505498954 20 
0005 0005 6 1671009495735013 -19.5 -70.0 4.025165587411922 20 
0005 0013 6 1671009495737273 -16.25 -62.0 4.718524903536232 20 
0005 0007 6 1671009495741421 13.0 -69.0 5.921165841238575 20 
0005 0015 7 1671009495768720 172.5 -70.0 1.6935147898257479 20 
0005 0006 7 1671009495773435 -187.125 -67.0 1.7548740213411735 20 
0005 0013 7 1671009495776773 -117.125 -70.0 4.270602513473625 20 
0005 0014 7 1671009495785906 -9.75 -65.0 0.2270291566070749 20 
0005 0015 8 1671009495823374 -19.5 -65.0 5.325981295538946 20 
0005 0014 8 1671009495830012 58.5625 -66.5 0.6872233929727672 20 
0005 0005 8 1671009495830888 -145.625 -65.0 4.773748211900116 20 
0005 0004 8 1671009495832729 -21.125 -70.0 0.5951845456996288 20 
0005 0013 8 1671009495833891 -9.75 -62.5 4.356505437595221 20 
0005 0010 1 1671009496046726 16.25 -62.0 4.97623367590102 20 
0005 0011 1 1671009496047863 -42.3125 -60.0 3.730641276137879 20 
0005 0004 1 1671009496049082 68.3125 -65.0 5.546874528994478 20 
0005 0015 1 1671009496052266 0.0 -61.0 1.8100973297050567 20 
0005 0013 1 1671009496054617 0.0 -60.0 0.28225246497095796 20 
0005 0014 1 1671009496056720 -9.75 -66.5 4.632621979414636 20 
0005 0005 1 1671009496063636 -48.8125 -66.0 1.4480778637640452 20 
0005 0009 1 1671009496065043 22.75 -69.5 3.6876898140770815 20 
0005 0006 1 1671009496067719 32.5 -61.0 5.160311370447297 20 
0005 0015 2 1671009496101375 55.3125 -68.5 1.4542137869155878 20 
0005 0013 2 1671009496103802 26.0 -67.0 2.3746022596469727 20 
0005 0011 2 1671009496108581 29.25 -65.5 2.386874105950058 20 
0005 0010 3 1671009496135946 -26.0 -66.0 5.1725832167503825 20 
0005 0011 3 1671009496136896 -3.25 -56.0 2.730485802436441 20 
0005 0015 3 1671009496138347 55.3125 -66.5 4.448544284868359 20 
0005 0009 3 1671009496139525 26.0 -69.0 1.1228739367322893 20 
0005 0007 3 1671009496140488 9.75 -58.5 2.227340104009951 20 
0005 0004 3 1671009496149108 -305.9375 -69.5 2.5157284921324514 20 
0005 0005 3 1671009496153170 0.0 -57.0 2.1782527187976104 20 
0005 0007 4 1671009496178676 -61.8125 -67.0 5.5100589900852235 20 
0005 0011 4 1671009496182746 19.5 -59.5 3.7122335066832517 20 
0005 0004 4 1671009496186357 -27.625 -63.0 4.847379289718626 20 
0005 0013 4 1671009496188779 16.25 -67.5 6.191146459906448 20 
0005 0006 4 1671009496191156 0.0 -64.0 4.338097668140593 20 
0005 0000 4 1671009496192122 16.25 -71.5 4.9394181369917645 20 
0005 0015 5 1671009496226610 26.0 -69.5 2.2089323345553233 20 
0005 0004 5 1671009496228931 52.0625 -62.0 0.803805932852076 20 
0005 0005 5 1671009496230746 -133.4375 -63.0 2.337786720737717 20 
0005 0010 5 1671009496231668 87.875 -61.0 2.1046216409791 20 
0005 0001 5 1671009496235909 -322.25 -70.5 5.203262832508095 20 
0005 0009 5 1671009496236830 -48.8125 -70.0 3.141592653589793 20 
0005 0013 5 1671009496239193 16.25 -68.0 0.2945243112740431 20 
0005 0011 5 1671009496240147 52.0625 -65.0 2.945243112740431 20 
0005 0014 5 1671009496241339 -166.0 -69.5 3.11091303783208 20 
0005 0013 6 1671009496296704 -16.25 -63.0 4.896466674930966 20 
0005 0010 6 1671009496297629 26.0 -59.5 0.9019807032767571 20 
0005 0005 6 1671009496298563 -3.25 -70.0 4.178563666200486 20 
0005 0004 6 1671009496304939 10.5625 -65.0 1.000155473701438 20 
0005 0007 6 1671009496305992 13.0 -70.0 5.859806609723149 20 
0005 0006 6 1671009496308005 -81.375 -62.5 3.773592738198677 20 
0005 0014 6 1671009496311324 -107.375 -74.5 4.147884050442774 20 
0005 0014 7 1671009496342525 16.25 -65.5 0.09203884727313846 20 
0005 0006 7 1671009496350891 166.0 -69.0 1.2026409377023426 20 
0005 0015 7 1671009496353823 -32.5 -69.5 2.454369260617026 20 
0005 0013 8 1671009496393938 13.0 -65.5 4.196971435655114 20 
0005 0005 8 1671009496398902 -3.25 -65.5 4.387185053352934 20 
0005 0015 8 1671009496401286 -6.5 -65.5 6.056156150572511 20 
0005 0014 8 1671009496406670 91.125 -68.0 0.35588354278946877 20 
0005 0015 1 1671009496626232 13.0 -63.5 2.1353012567368124 20 
0005 0013 1 1671009496628205 81.375 -67.5 3.5833791205008576 20 
0005 0009 1 1671009496629186 -39.0 -63.0 2.9820586516496865 20 
0005 0011 1 1671009496631555 -22.75 -60.0 2.3746022596469727 20 
0005 0004 1 1671009496632521 -113.875 -68.5 2.0800779483729293 20 
0005 0008 1 1671009496634024 -78.0625 -66.5 5.71868037723767 20 
0005 0007 1 1671009496634974 6.5 -66.0 3.552699504743145 20 
0005 0014 1 1671009496643873 -13.0 -66.5 6.105243535784852 20 
0005 0006 1 1671009496648211 78.0625 -64.5 0.1349903093339364 20 
0005 0010 1 1671009496650072 -55.3125 -65.0 3.767456815047135 20 
0005 0008 2 1671009496677262 -22.75 -63.0 0.3988350048502667 20 
0005 0015 2 1671009496682027 52.0625 -65.5 1.282407938672396 20 
0005 0011 2 1671009496689702 68.3125 -67.0 1.564660403643354 20 
0005 0011 3 1671009496716658 9.75 -56.5 1.9757672547967058 20 
0005 0004 3 1671009496719491 65.875 -68.5 1.0185632431560658 20 
0005 0005 3 1671009496721809 6.5 -63.5 3.5036121195308043 20 
0005 0015 3 1671009496733370 120.4375 -68.5 5.368932757599744 20 
0005 0014 3 1671009496734263 48.8125 -70.5 5.301437602932776 20 
0005 0007 3 1671009496735337 0.0 -66.5 4.28287435977671 20 
0005 0011 4 1671009496760046 -45.5625 -65.5 4.3503695144436785 20 
0005 0006 4 1671009496762228 9.75 -68.0 2.705942109830271 20 
0005 0014 4 1671009496766755 35.75 -74.0 4.4976316700806995 20 
0005 0004 4 1671009496770981 -65.875 -71.5 0.07363107781851078 20 
0005 0005 4 1671009496772554 -26.0 -73.5 2.8777479580734626 20 
0005 0010 5 1671009496800318 3.25 -62.5 0.07976700097005335 20 
0005 0004 5 1671009496801266 48.8125 -63.5 5.203262832508095 20 
0005 0006 5 1671009496808518 -65.0625 -71.5 0.47860200582032003 20 
0005 0011 5 1671009496810935 -149.6875 -70.0 4.184699589352029 20 
0005 0002 5 1671009496818809 -260.375 -71.0 1.7855536370988863 20 
0005 0006 6 1671009496845853 -6.5 -61.5 1.0615147052168636 20 
0005 0013 6 1671009496847595 9.75 -71.5 4.086524818927348 20 
0005 0009 6 1671009496853548 -65.0625 -67.0 0.3620194659410113 20 
0005 0010 6 1671009496859698 -22.75 -59.0 0.3313398501832985 20 
0005 0004 6 1671009496861301 34.9375 -65.5 0.7915340865489908 20 
0005 0015 7 1671009496887104 29.25 -63.0 5.092816215780329 20 
0005 0015 8 1671009496935961 16.25 -63.0 2.84706834231575 20 
0005 0011 8 1671009496937406 16.25 -71.5 3.368621810196868 20 
0005 0014 8 1671009496941249 -120.4375 -70.0 1.1044661672776617 20 
0005 0007 8 1671009496952993 0.0 -69.5 1.576932249946439 20 
0005 0008 8 1671009496955783 -6.5 -69.0 4.700117134081604 20 
0005 0009 8 1671009496959082 42.3125 -67.5 5.252350217720435 20 
0005 0008 1 1671009497176213 9.75 -61.5 2.730485802436441 20 
0005 0009 1 1671009497186021 -3.25 -62.0 1.184233168247715 20 
0005 0015 1 1671009497189408 35.75 -66.5 1.662835174068035 20 
0005 0010 1 1671009497190884 81.375 -66.0 6.258641614573416 20 
0005 0006 1 1671009497192327 -107.375 -65.5 6.068427996875596 20 
0005 0014 1 1671009497194522 -74.8125 -64.0 0.8897088569736719 20 
0005 0013 1 1671009497195477 263.625 -73.5 2.6445828783148455 20 
0005 0007 1 1671009497196435 0.0 -65.5 4.933282213840222 20 
0005 0011 1 1671009497201714 -78.0625 -74.0 5.424156065963627 20 
0005 0015 2 1671009497228108 156.1875 -66.5 0.3190680038802134 20 
0005 0010 2 1671009497229270 16.25 -67.0 0.5583690067903734 20 
0005 0006 2 1671009497232056 -100.875 -70.0 2.4605051837685683 20 
0005 0007 2 1671009497237442 94.375 -64.0 5.154175447295755 20 
0005 0008 2 1671009497243662 -9.75 -68.0 4.706253057233147 20 
0005 0009 2 1671009497246272 -71.5625 -71.0 0.7240389318820226 20 
0005 0007 3 1671009497281037 6.5 -58.5 5.6941366846315 20 
0005 0006 3 1671009497284784 126.9375 -68.0 5.835262917116979 20 
0005 0011 3 1671009497286107 -231.0625 -68.5 3.6201946594101133 20 
0005 0006 4 1671009497327342 22.75 -72.5 5.221670601962723 20 
0005 0002 4 1671009497334964 -45.5625 -73.0 0.7240389318820226 20 
0005 0007 4 1671009497335886 -9.75 -65.5 4.558990901596125 20 
0005 0006 7 1671009497436740 -87.875 -65.5 5.7616318392984684 20 
0005 0000 7 1671009497444857 -32.5 -68.5 3.5588354278946874 20 
0005 0010 7 1671009497446292 -16.25 -63.0 4.227651051412827 20 
0005 0007 7 1671009497448505 19.5 -66.0 1.9634954084936207 20 
0005 0015 7 1671009497453092 9.75 -69.0 3.6570101983193686 20 
0005 0008 7 1671009497455655 -172.5 -68.5 4.295146206079795 20 
0005 0010 8 1671009497497575 -9.75 -63.0 5.350524988145116 20 
0005 0009 8 1671009497498831 32.5 -70.0 1.5892040962495242 20 
0005 0008 8 1671009497500475 -61.8125 -67.5 5.810719224510809 20 
0005 0006 8 1671009497506037 -65.0625 -60.5 3.9822141253511245 20 
0005 0014 8 1671009497507678 32.5 -68.0 1.1228739367322893 20 
0005 0015 8 1671009497508645 35.75 -67.0 0.803805932852076 20 
0005 0004 8 1671009497513192 24.375 -73.5 5.841398840268521 20 
0005 0013 1 1671009497737114 -9.75 -67.5 4.718524903536232 20 
0005 0015 1 1671009497740321 32.5 -62.0 2.4911847995262812 20 
0005 0014 1 1671009497742714 16.25 -58.0 1.012427320004523 20 
0005 0007 1 1671009497743679 -3.25 -64.0 2.564815877344792 20 
0005 0008 1 1671009497750645 16.25 -60.0 2.2518837966161214 20 
0005 0000 1 1671009497756805 -3.25 -68.0 4.614214209960009 20 
0005 0001 1 1671009497762775 677.0625 -74.5 3.393165502803038 20 
0005 0009 1 1671009497771722 22.75 -71.5 0.7547185476397354 20 
0005 0000 2 1671009497796456 -52.0625 -63.5 5.5714182216006485 20 
0005 0006 2 1671009497797646 -52.0625 -67.5 3.822680123411018 20 
0005 0007 2 1671009497798866 -45.5625 -64.0 1.3192234775816514 20 
0005 0008 2 1671009497802460 48.8125 -66.5 3.380893656499953 20 
0005 0015 3 1671009497849619 -48.8125 -70.0 5.307573526084319 20 
0005 0007 4 1671009497887207 -94.375 -69.0 5.5284667595398505 20 
0005 0006 4 1671009497899358 -22.75 -68.5 5.595961914206819 20 
0005 0006 5 1671009497936905 -35.75 -65.0 5.190990986205009 20 
0005 0014 5 1671009497940307 -152.9375 -67.0 5.135767677841127 20 
0005 0008 5 1671009497947717 -35.75 -66.5 3.9208548938356986 20 
0005 0006 6 1671009497978999 -22.75 -57.5 5.043728830567988 20 
0005 0014 7 1671009498020487 -39.0 -64.0 1.5892040962495242 20 
0005 0006 7 1671009498022850 -35.75 -59.5 4.718524903536232 20 
0005 0000 7 1671009498033058 -26.0 -66.5 5.681864838328415 20 
0005 0008 7 1671009498035564 9.75 -64.0 6.178874613603362 20 
0005 0015 7 1671009498036728 9.75 -69.5 3.8410878928656453 20 
0005 0007 7 1671009498038374 -32.5 -67.5 3.153864499892878 20 
0005 0006 8 1671009498069256 16.25 -60.0 4.779884135051658 20 
0005 0008 8 1671009498071227 13.0 -56.0 0.9878836273983529 20 
0005 0014 8 1671009498073418 -29.25 -63.5 1.9082721001297376 20 
0005 0010 8 1671009498075886 -312.4375 -72.0 4.123340357836604 20 
0005 0000 8 1671009498077069 9.75 -70.5 0.7363107781851077 20 
0005 0015 8 1671009498078166 -19.5 -66.0 0.8344855486097889 20 
0005 0013 8 1671009498085317 78.0625 -72.0 0.7976700097005334 20 
0005 0009 1 1671009498307570 -39.0 -72.5 0.4356505437595221 20 
0005 0007 1 1671009498308762 -19.5 -61.5 2.724349879284899 20 
0005 0015 1 1671009498309757 -16.25 -64.5 1.902136176978195 20 
0005 0014 1 1671009498312748 -22.75 -59.5 6.264777537724958 20 
0005 0000 1 1671009498314800 -152.9375 -71.0 4.3503695144436785 20 
0005 0013 1 1671009498319712 -84.625 -67.0 4.657165672020807 20 
0005 0008 1 1671009498320886 19.5 -60.5 2.0371264863121317 20 
0005 0001 1 1671009498324571 -224.5625 -72.0 4.4976316700806995 20 
0005 0000 2 1671009498356530 -74.8125 -61.0 4.847379289718626 20 
0005 0008 2 1671009498359972 126.9375 -63.0 3.442252888015379 20 
0005 0006 2 1671009498361206 -65.0625 -66.0 3.6876898140770815 20 
0005 0007 2 1671009498362637 16.25 -63.5 1.3621749396424494 20 
0005 0015 3 1671009498419085 3.25 -68.0 5.356660911296659 20 
0005 0000 3 1671009498421259 -179.0 -70.5 4.09266074207889 20 
0005 0006 3 1671009498423904 -81.375 -69.5 5.522330836388308 20 
0005 0007 3 1671009498425185 -52.0625 -66.0 4.516039439535327 20 
0005 0007 4 1671009498470405 13.0 -69.5 4.8351074434155406 20 
0005 0006 5 1671009498508215 -188.75 -66.5 5.368932757599744 20 
0005 0008 5 1671009498513012 22.75 -66.0 4.111068511533518 20 
0005 0014 5 1671009498513978 -45.5625 -69.0 4.528311285838413 20 
0005 0006 6 1671009498563433 -19.5 -58.5 4.669437518323892 20 
0005 0006 7 1671009498597177 42.3125 -61.5 4.6878452877785195 20 
0005 0007 7 1671009498598201 -113.875 -67.0 2.675262494072558 20 
0005 0014 7 1671009498599135 42.3125 -65.0 1.2946797849754812 20 
0005 0008 7 1671009498603918 -19.5 -63.0 6.043884304269426 20 
0005 0000 7 1671009498606776 -97.625 -67.0 5.6573211457222445 20 
0005 0015 7 1671009498610002 -3.25 -70.5 3.141592653589793 20 
0005 0006 8 1671009498637191 -45.5625 -60.0 4.847379289718626 20 
0005 0015 8 1671009498639093 45.5625 -66.5 0.15339807878856412 20 
0005 0008 8 1671009498641115 0.0 -55.0 0.8958447801252144 20 
0005 0000 8 1671009498644165 84.625 -69.0 0.3988350048502667 20 
0005 0014 8 1671009498645823 58.5625 -63.5 1.1780972450961724 20 
0005 0013 8 1671009498648222 113.875 -70.0 0.42337869745643697 20 
0005 0015 1 1671009498865937 48.8125 -64.5 1.7978254834019713 20 
0005 0007 1 1671009498868987 -29.25 -62.0 2.7120780329818137 20 
0005 0008 1 1671009498871841 -61.8125 -61.5 2.386874105950058 20 
0005 0014 1 1671009498872803 22.75 -59.5 5.859806609723149 20 
0005 0013 1 1671009498873825 9.75 -68.0 4.473087977474529 20 
0005 0000 1 1671009498878602 32.5 -69.0 4.362641360746763 20 
0005 0001 1 1671009498880161 -143.1875 -73.5 4.405592822807561 20 
0005 0000 2 1671009498925875 35.75 -61.5 4.779884135051658 20 
0005 0007 2 1671009498931431 9.75 -64.0 1.3192234775816514 20 
0005 0006 2 1671009498932609 -117.125 -67.0 3.8533597391687304 20 
0005 0008 2 1671009498933595 0.0 -62.0 3.466796580621549 20 
0005 0015 3 1671009498976219 -13.0 -69.5 5.00077736850719 20 
0005 0006 3 1671009498980910 -348.25 -69.5 5.835262917116979 20 
0005 0007 3 1671009498984922 65.0625 -69.0 4.25833066717054 20 
0005 0000 3 1671009498991184 188.75 -69.5 3.2765829629237295 20 
0005 0008 5 1671009499061023 -91.125 -66.0 4.215379205109742 20 
0005 0006 5 1671009499065060 104.125 -66.5 4.859651136021712 20 
0005 0014 5 1671009499070687 81.375 -68.5 4.2031073588066565 20 
0005 0006 6 1671009499123074 -9.75 -59.0 4.73693267299086 20 
0005 0006 7 1671009499167695 -55.3125 -61.0 4.767612288748572 20 
0005 0014 7 1671009499172527 -35.75 -65.5 1.4419419406125027 20 
0005 0015 7 1671009499173482 175.75 -69.5 3.129320807286708 20 
0005 0000 7 1671009499174443 -19.5 -67.0 5.381204603902829 20 
0005 0008 7 1671009499176780 -58.5625 -63.0 6.17273869045182 20 
0005 0007 7 1671009499183920 29.25 -67.5 2.454369260617026 20 
0005 0006 8 1671009499216170 -13.0 -60.5 4.7307967498393175 20 
0005 0014 8 1671009499218909 -58.5625 -63.5 1.282407938672396 20 
0005 0008 8 1671009499220316 0.0 -55.5 0.944932165337555 20 
0005 0000 8 1671009499223625 42.3125 -69.0 0.3620194659410113 20 
0005 0015 8 1671009499224676 16.25 -65.5 0.1595340019401067 20 
0005 0013 8 1671009499227850 29.25 -71.5 0.4172427743048944 20 
0005 0007 1 1671009499445888 6.5 -62.5 2.3439226438892597 20 
0005 0008 1 1671009499450778 -87.875 -61.0 2.3746022596469727 20 
0005 0014 1 1671009499454098 32.5 -59.5 5.841398840268521 20 
0005 0013 1 1671009499455007 74.8125 -67.5 4.405592822807561 20 
0005 0015 1 1671009499456185 58.5625 -65.0 1.736466251886546 20 
0005 0000 1 1671009499458638 -208.3125 -70.0 4.6448938257177215 20 
0005 0001 1 1671009499478789 -110.625 -72.5 4.0987966652304335 20 
0005 0007 2 1671009499506271 45.5625 -63.0 1.282407938672396 20 
0005 0008 2 1671009499510241 35.75 -62.5 3.3379421944391554 20 
0005 0006 2 1671009499511872 58.5625 -66.5 3.522019888985432 20 
0005 0000 2 1671009499513425 -32.5 -61.0 4.828971520263998 20 
0005 0006 3 1671009499557758 123.6875 -70.0 5.141903600992669 20 
0005 0015 3 1671009499566088 -26.0 -68.0 5.227806525114265 20 
0005 0007 3 1671009499567478 -179.0 -70.5 4.558990901596125 20 
0005 0000 3 1671009499575899 -13.0 -71.0 3.859495662320273 20 
0005 0006 5 1671009499638565 -71.5625 -67.0 5.332117218690489 20 
0005 0008 5 1671009499641100 -6.5 -66.5 4.111068511533518 20 
0005 0014 5 1671009499652262 -45.5625 -68.0 4.387185053352934 20 
0005 0006 6 1671009499696152 -16.25 -59.0 4.81056375080937 20 
0005 0002 6 1671009499707205 -257.125 -74.5 0.7547185476397354 20 
0005 0014 7 1671009499756727 55.3125 -64.5 1.1658253987930873 20 
0005 0000 7 1671009499757931 -152.9375 -66.5 5.485515297479052 20 
0005 0006 7 1671009499760479 -26.0 -61.5 4.718524903536232 20 
0005 0008 7 1671009499761667 6.5 -63.5 5.982525072754001 20 
0005 0007 7 1671009499762623 -26.0 -67.5 2.429825568010856 20 
0005 0015 7 1671009499765473 74.8125 -69.0 3.11091303783208 20 
0005 0008 8 1671009499796280 29.25 -55.5 0.8344855486097889 20 
0005 0015 8 1671009499797630 104.125 -66.0 0.03681553890925539 20 
0005 0014 8 1671009499799046 -29.25 -63.5 1.239456476611598 20 
0005 0006 8 1671009499803204 -58.5625 -60.0 4.743068596142402 20 
0005 0013 8 1671009499806777 74.8125 -70.5 0.2945243112740431 20 
0005 0000 8 1671009499811728 84.625 -68.0 0.380427235395639 20 
0005 0007 1 1671009500026193 45.5625 -62.0 2.1905245651006955 20 
0005 0000 1 1671009500028572 -19.5 -71.0 4.362641360746763 20 
0005 0015 1 1671009500030007 26.0 -65.0 1.8039614065535141 20 
0005 0008 1 1671009500032880 -6.5 -61.5 2.2212041808584084 20 
0005 0014 1 1671009500034874 6.5 -59.5 5.890486225480862 20 
0005 0013 1 1671009500037129 13.0 -67.5 4.454680208019902 20 
0005 0000 2 1671009500085864 -39.0 -61.0 4.798291904506286 20 
0005 0006 2 1671009500087052 -87.875 -66.0 3.6386024288647407 20 
0005 0007 2 1671009500088993 61.8125 -62.5 1.1719613219446299 20 
0005 0008 2 1671009500091802 68.3125 -62.0 3.160000423044421 20 
0005 0007 3 1671009500136472 -48.8125 -70.0 4.399456899656019 20 
0005 0006 3 1671009500137889 159.5 -71.0 5.086680292628786 20 
0005 0015 3 1671009500141955 68.3125 -68.5 4.994641445355648 20 
0005 0000 3 1671009500148342 -149.6875 -70.5 4.06811704947272 20 
0005 0008 5 1671009500215824 -39.0 -66.0 4.086524818927348 20 
0005 0014 5 1671009500220131 42.3125 -68.0 4.338097668140593 20 
0005 0006 5 1671009500225547 -16.25 -66.0 5.209398755659637 20 
0005 0006 6 1671009500290197 -26.0 -58.5 4.81056375080937 20 
0005 0002 6 1671009500296197 71.5625 -73.0 0.07363107781851078 20 
0005 0014 7 1671009500337632 91.125 -65.0 1.184233168247715 20 
0005 0000 7 1671009500339886 -19.5 -67.0 5.270757987175063 20 
0005 0008 7 1671009500343382 -26.0 -63.0 5.93343768754166 20 
0005 0007 7 1671009500344845 -35.75 -67.0 2.325514874434632 20 
0005 0006 7 1671009500346345 -26.0 -61.0 4.724660826687775 20 
0005 0015 7 1671009500352388 -26.0 -68.5 3.32567034813607 20 
0005 0008 8 1671009500378477 6.5 -55.5 0.8160777791551611 20 
0005 0014 8 1671009500379669 74.8125 -63.5 1.1044661672776617 20 
0005 0000 8 1671009500383205 52.0625 -67.5 0.37429131224409645 20 
0005 0006 8 1671009500384125 -32.5 -60.0 4.71238898038469 20 
0005 0015 8 1671009500385079 52.0625 -67.0 0.1227184630308513 20 
0005 0013 8 1671009500390428 22.75 -72.0 0.4479223900626072 20 
