0008 0015 1 1671003124720853 -3.25 -58.0 5.8475347634200645 16 
0008 0007 1 1671003124722047 162.75 -72.0 4.608078286808466 16 
0008 0006 1 1671003124722990 -3.25 -58.0 5.092816215780329 16 
0008 0002 1 1671003124724837 65.0625 -69.0 2.429825568010856 16 
0008 0004 1 1671003124725886 -27.625 -66.0 3.9576704327449543 16 
0008 0006 2 1671003124757981 -24.375 -62.0 4.7860200582032 16 
0008 0004 2 1671003124760048 -3.25 -63.0 1.6444274046134073 16 
0008 0015 2 1671003124765493 74.8125 -64.0 5.270757987175063 16 
0008 0014 3 1671003124786930 35.75 -63.5 1.2455923997631406 16 
0008 0015 3 1671003124787868 61.8125 -64.5 6.031612457966341 16 
0008 0004 3 1671003124790149 263.625 -70.5 5.270757987175063 16 
0008 0005 3 1671003124793327 0.0 -62.5 2.3439226438892597 16 
0008 0006 3 1671003124796534 -205.0625 -67.5 5.3198453723874035 16 
0008 0001 3 1671003124797961 52.0625 -66.0 0.5460971604872883 16 
0008 0006 4 1671003124829123 -76.4375 -72.5 5.7616318392984684 16 
0008 0001 4 1671003124831022 -107.375 -67.0 4.28287435977671 16 
0008 0015 4 1671003124832753 19.5 -67.0 0.5338253141842031 16 
0008 0005 4 1671003124836557 -24.375 -67.5 6.013204688511713 16 
0008 0004 4 1671003124838040 -117.9375 -70.0 4.620350133111551 16 
0008 0005 5 1671003124868228 -111.4375 -68.5 5.2339424482658075 16 
0008 0001 6 1671003124918394 -34.9375 -73.5 1.6935147898257479 16 
0008 0006 7 1671003124962558 17.0625 -62.0 0.6258641614573416 16 
0008 0006 8 1671003125001384 17.0625 -65.5 1.1903690913992575 16 
0008 0004 8 1671003125013538 30.875 -68.5 2.012582793705961 16 
0008 0006 1 1671003125243355 -7.3125 -58.0 5.0682725231741586 16 
0008 0015 1 1671003125244336 13.0 -58.0 5.841398840268521 16 
0008 0007 1 1671003125246749 -205.0625 -71.5 5.393476450205914 16 
0008 0004 1 1671003125247810 -59.375 -66.0 3.9392626632903265 16 
0008 0002 1 1671003125249898 113.875 -70.0 2.423689644859313 16 
0008 0004 2 1671003125278707 0.0 -63.5 1.6444274046134073 16 
0008 0006 2 1671003125279968 -24.375 -62.5 4.76147636559703 16 
0008 0015 2 1671003125284777 6.5 -64.0 5.436427912266712 16 
0008 0005 3 1671003125309728 -38.1875 -63.0 2.4850488763747385 16 
0008 0004 3 1671003125314421 -270.9375 -69.5 5.810719224510809 16 
0008 0015 3 1671003125316147 -32.5 -65.0 6.111379458936394 16 
0008 0001 3 1671003125318674 -45.5625 -66.0 0.6872233929727672 16 
0008 0014 3 1671003125319595 -58.5625 -64.5 1.423534171157875 16 
0008 0006 3 1671003125321063 -107.375 -70.0 5.344389064993574 16 
0008 0005 4 1671003125349702 69.125 -67.0 5.915029918087033 16 
0008 0001 4 1671003125350874 -13.8125 -67.5 4.196971435655114 16 
0008 0015 4 1671003125352365 78.0625 -66.5 0.4479223900626072 16 
0008 0006 4 1671003125354154 0.0 -73.5 5.583690067903734 16 
0008 0004 4 1671003125355207 -145.625 -68.0 4.595806440505381 16 
0008 0005 5 1671003125397656 59.375 -68.0 4.970097752749477 16 
0008 0006 7 1671003125467899 69.125 -63.0 0.5338253141842031 16 
0008 0004 8 1671003125515120 -41.5 -69.0 2.1230294104337273 16 
0008 0006 8 1671003125523204 -13.8125 -65.0 1.239456476611598 16 
0008 0006 1 1671003125739739 -45.5625 -58.0 5.092816215780329 16 
0008 0015 1 1671003125743190 -52.0625 -58.0 5.921165841238575 16 
0008 0007 1 1671003125745060 -117.125 -72.0 5.141903600992669 16 
0008 0004 1 1671003125747394 -76.4375 -66.0 4.006757817957295 16 
0008 0002 1 1671003125748362 -58.5625 -69.0 2.6998061866787286 16 
0008 0015 2 1671003125779202 81.375 -64.5 5.252350217720435 16 
0008 0004 2 1671003125780263 152.9375 -62.5 1.5033011721279284 16 
0008 0006 2 1671003125784760 48.8125 -62.0 4.675573441475434 16 
0008 0001 3 1671003125808224 3.25 -65.5 0.619728238305799 16 
0008 0005 3 1671003125810884 30.875 -63.5 2.3009711818284617 16 
0008 0014 3 1671003125813262 -45.5625 -64.5 1.3560390164909069 16 
0008 0015 3 1671003125814257 45.5625 -64.5 6.062292073724054 16 
0008 0004 3 1671003125820372 -17.0625 -70.0 5.4671075280244255 16 
0008 0006 3 1671003125821417 -59.375 -70.0 5.2339424482658075 16 
0008 0001 4 1671003125849210 -69.125 -67.0 4.215379205109742 16 
0008 0015 4 1671003125852475 32.5 -67.0 0.4540583132141498 16 
0008 0004 4 1671003125853396 -71.5625 -69.0 4.479223900626073 16 
0008 0005 4 1671003125857657 128.5625 -68.0 5.780039608753096 16 
0008 0006 4 1671003125858830 -309.1875 -73.0 5.9518454569962875 16 
0008 0005 5 1671003125895833 -24.375 -68.0 4.963961829597935 16 
0008 0001 6 1671003125943287 -246.5625 -71.5 1.9144080232812801 16 
0008 0006 7 1671003125984634 -48.8125 -62.5 0.6810874698212247 16 
0008 0006 8 1671003126015825 41.5 -65.5 1.141281706186917 16 
0008 0004 8 1671003126030185 -139.125 -69.0 2.1966604882522383 16 
0008 0007 1 1671003126259237 -126.9375 -73.0 5.141903600992669 16 
0008 0015 1 1671003126260570 19.5 -58.0 5.8045833013592665 16 
0008 0006 1 1671003126262463 -7.3125 -58.5 5.062136600022616 16 
0008 0002 1 1671003126266911 87.875 -68.5 2.509592568980909 16 
0008 0004 1 1671003126269433 -87.0625 -66.0 4.000621894805752 16 
0008 0006 2 1671003126299532 62.625 -62.5 4.663301595172349 16 
0008 0015 2 1671003126301663 -35.75 -64.5 5.418020142812084 16 
0008 0004 2 1671003126303986 -87.0625 -62.5 1.8162332528565992 16 
0008 0001 3 1671003126337465 45.5625 -65.0 0.5829126993965437 16 
0008 0015 3 1671003126340539 -123.6875 -64.0 6.277049384028044 16 
0008 0005 3 1671003126341770 19.5 -63.0 2.3439226438892597 16 
0008 0014 3 1671003126343612 24.375 -65.0 1.2762720155208536 16 
0008 0006 3 1671003126350258 -117.9375 -69.5 5.166447293598839 16 
0008 0004 3 1671003126351726 -79.75 -69.5 5.6941366846315 16 
0008 0015 4 1671003126378325 3.25 -66.5 0.5399612373357456 16 
0008 0005 4 1671003126383323 0.0 -67.5 5.970253226450915 16 
0008 0004 4 1671003126385339 -13.8125 -70.0 4.319689898685965 16 
0008 0001 4 1671003126387634 -87.0625 -67.0 4.289010282928253 16 
0008 0005 5 1671003126424401 -128.5625 -69.0 5.141903600992669 16 
0008 0001 6 1671003126469324 -79.75 -72.0 1.6873788666742053 16 
0008 0006 7 1671003126496201 -13.8125 -62.5 0.7301748550335652 16 
0008 0006 8 1671003126543463 21.125 -65.5 1.1596894756415448 16 
0008 0004 8 1671003126556882 59.375 -69.5 1.9757672547967058 16 
0008 0002 1 1671003126784920 -55.3125 -69.5 2.5770877236478773 16 
0008 0006 1 1671003126788668 13.8125 -58.5 5.080544369477243 16 
0008 0015 1 1671003126790797 -13.0 -57.5 5.835262917116979 16 
0008 0004 1 1671003126792240 -21.125 -65.5 3.9269908169872414 16 
0008 0007 1 1671003126799898 -211.5625 -72.0 5.381204603902829 16 
0008 0006 2 1671003126831214 21.125 -62.5 4.7307967498393175 16 
0008 0015 2 1671003126832554 -117.125 -64.5 5.595961914206819 16 
0008 0004 2 1671003126837550 3.25 -63.0 1.6444274046134073 16 
0008 0014 3 1671003126855920 34.9375 -64.5 1.1719613219446299 16 
0008 0005 3 1671003126858807 -55.3125 -63.0 2.5157284921324514 16 
0008 0001 3 1671003126862009 -48.8125 -65.5 0.6504078540635119 16 
0008 0004 3 1671003126862929 -218.875 -71.0 5.737088146692298 16 
0008 0006 3 1671003126863859 -79.75 -69.5 5.1725832167503825 16 
0008 0015 3 1671003126868468 -32.5 -65.0 6.191146459906448 16 
0008 0004 4 1671003126896459 -87.0625 -69.5 4.589670517353839 16 
0008 0015 4 1671003126897944 3.25 -67.0 0.5092816215780329 16 
0008 0006 4 1671003126902025 -121.25 -73.0 5.663457068873787 16 
0008 0005 4 1671003126907728 34.9375 -67.5 5.878214379177777 16 
0008 0001 4 1671003126909397 -21.125 -66.0 4.1601558967458585 16 
0008 0005 5 1671003126936863 -3.25 -68.5 5.019185137961818 16 
0008 0001 6 1671003126985444 -30.875 -72.5 1.5953400194010667 16 
0008 0006 7 1671003127023341 21.125 -62.5 0.6504078540635119 16 
0008 0004 8 1671003127073662 128.5625 -70.0 1.9266798695843652 16 
0008 0006 8 1671003127075750 -17.0625 -65.5 1.1903690913992575 16 
0008 0004 1 1671003127317326 -91.125 -66.0 3.9760782021995817 16 
0008 0015 1 1671003127319460 0.0 -58.0 5.8659425328746915 16 
0008 0002 1 1671003127320430 19.5 -69.5 2.4727770300716534 16 
0008 0007 1 1671003127322560 -104.125 -70.5 5.418020142812084 16 
0008 0006 1 1671003127324439 -7.3125 -58.5 5.117359908386499 16 
0008 0015 2 1671003127358931 -97.625 -64.5 5.559146375297564 16 
0008 0004 2 1671003127360134 -35.75 -62.5 1.7119225592803755 16 
0008 0006 2 1671003127362950 -45.5625 -62.5 4.749204519293945 16 
0008 0014 3 1671003127396291 76.4375 -64.5 1.239456476611598 16 
0008 0005 3 1671003127398981 58.5625 -63.5 2.2580197197676637 16 
0008 0006 3 1671003127401833 -133.4375 -70.0 4.902602598082509 16 
0008 0015 3 1671003127404586 -16.25 -64.0 6.191146459906448 16 
0008 0001 3 1671003127409480 -27.625 -66.0 0.6933593161243098 16 
0008 0004 3 1671003127413562 73.1875 -69.5 5.516194913236766 16 
0008 0015 4 1671003127447053 39.0 -67.0 0.4356505437595221 16 
0008 0004 4 1671003127448023 0.0 -69.5 4.479223900626073 16 
0008 0005 4 1671003127448978 45.5625 -67.5 5.939573610693203 16 
0008 0006 4 1671003127453256 -45.5625 -72.5 5.651185222570702 16 
0008 0001 4 1671003127463160 34.9375 -67.5 4.147884050442774 16 
0008 0005 5 1671003127488285 -34.9375 -68.5 5.111223985234957 16 
0008 0001 6 1671003127535932 79.75 -72.0 1.533980787885641 16 
0008 0006 7 1671003127574561 -55.3125 -62.0 0.6258641614573416 16 
0008 0006 8 1671003127611744 62.625 -65.0 1.1167380135807468 16 
0008 0004 8 1671003127622729 -52.0625 -69.0 2.086213871524472 16 
0008 0006 1 1671003127847187 -3.25 -58.0 5.074408446325701 16 
0008 0002 1 1671003127848255 94.375 -68.5 2.454369260617026 16 
0008 0015 1 1671003127851509 0.0 -57.5 5.835262917116979 16 
0008 0004 1 1671003127855482 -52.0625 -66.0 3.9147189706841563 16 
0008 0007 1 1671003127857705 -26.0 -71.5 5.105088062083414 16 
0008 0004 2 1671003127887076 93.5625 -63.0 1.5707963267948966 16 
0008 0015 2 1671003127892219 6.5 -63.5 5.418020142812084 16 
0008 0006 2 1671003127894614 -65.875 -62.0 4.81056375080937 16 
0008 0004 3 1671003127919112 24.375 -70.5 5.522330836388308 16 
0008 0001 3 1671003127922173 41.5 -65.0 0.5399612373357456 16 
0008 0014 3 1671003127923089 -7.3125 -65.5 1.239456476611598 16 
0008 0015 3 1671003127924523 -19.5 -64.5 6.12365130523948 16 
0008 0005 3 1671003127925768 59.375 -63.0 2.325514874434632 16 
0008 0006 3 1671003127930050 -52.0625 -69.0 5.258486140871978 16 
0008 0001 4 1671003127957060 -17.0625 -67.0 4.239922897715912 16 
0008 0004 4 1671003127958153 52.0625 -68.5 4.356505437595221 16 
0008 0015 4 1671003127959091 136.6875 -67.0 0.3620194659410113 16 
0008 0006 4 1671003127967908 90.3125 -73.5 5.516194913236766 16 
0008 0005 4 1671003127969337 -45.5625 -67.0 6.068427996875596 16 
0008 0005 5 1671003128009508 -71.5625 -68.5 5.190990986205009 16 
0008 0001 6 1671003128042816 -55.3125 -72.0 1.5892040962495242 16 
0008 0006 7 1671003128080052 -52.0625 -62.0 0.6504078540635119 16 
0008 0004 8 1671003128126430 26.0 -68.5 2.0371264863121317 16 
0008 0006 8 1671003128131523 73.1875 -65.0 1.0615147052168636 16 
0008 0004 1 1671003128346845 -10.5625 -66.0 3.8963112012295285 16 
0008 0015 1 1671003128349482 0.0 -58.0 5.878214379177777 16 
0008 0002 1 1671003128351136 -231.0625 -69.0 2.8838838812250054 16 
0008 0006 1 1671003128354194 -24.375 -58.0 5.043728830567988 16 
0008 0007 1 1671003128355133 -201.8125 -71.5 5.375068680751287 16 
0008 0004 2 1671003128388851 -7.3125 -63.0 1.662835174068035 16 
0008 0015 2 1671003128391020 9.75 -64.0 5.491651220630596 16 
0008 0006 2 1671003128395174 -30.875 -62.5 4.767612288748572 16 
0008 0004 3 1671003128426896 -30.875 -71.0 5.5284667595398505 16 
0008 0006 3 1671003128430052 93.5625 -70.0 4.957825906446392 16 
0008 0005 3 1671003128431042 -93.5625 -63.0 2.5157284921324514 16 
0008 0001 3 1671003128432514 90.3125 -65.5 0.4724660826687775 16 
0008 0014 3 1671003128436615 94.375 -64.5 1.1719613219446299 16 
0008 0015 3 1671003128443833 -55.3125 -64.5 6.092971689481767 16 
0008 0015 4 1671003128466398 9.75 -66.0 0.5031456984264903 16 
0008 0005 4 1671003128469115 -55.3125 -67.0 6.1420590746941075 16 
0008 0006 4 1671003128470301 55.3125 -73.0 5.5714182216006485 16 
0008 0001 4 1671003128472237 -79.75 -66.5 4.289010282928253 16 
0008 0004 4 1671003128474248 -87.0625 -69.0 4.528311285838413 16 
0008 0005 5 1671003128520267 -79.75 -68.0 5.105088062083414 16 
0008 0001 6 1671003128550175 69.125 -73.0 1.533980787885641 16 
0008 0006 7 1671003128590050 -38.1875 -62.0 0.619728238305799 16 
0008 0006 8 1671003128626935 -13.8125 -65.5 1.1044661672776617 16 
0008 0004 8 1671003128645460 -52.0625 -69.5 2.1782527187976104 16 
0008 0006 1 1671003128866649 27.625 -58.5 5.037592907416445 16 
0008 0004 1 1671003128871286 52.0625 -65.5 3.761320891895592 16 
0008 0015 1 1671003128873667 13.0 -57.5 5.8475347634200645 16 
0008 0007 1 1671003128875766 -201.8125 -72.0 5.418020142812084 16 
0008 0002 1 1671003128877796 16.25 -69.5 2.5709518004963345 16 
0008 0004 2 1671003128906206 45.5625 -63.5 1.5892040962495242 16 
0008 0006 2 1671003128909906 -27.625 -62.5 4.7860200582032 16 
0008 0015 2 1671003128912557 113.875 -64.5 5.411884219660542 16 
0008 0005 3 1671003128943114 48.8125 -63.0 2.3071071049800045 16 
0008 0015 3 1671003128944455 0.0 -64.0 6.117515382087937 16 
0008 0001 3 1671003128947756 93.5625 -65.5 0.4111068511533518 16 
0008 0004 3 1671003128948662 -111.4375 -69.5 5.829126993965437 16 
0008 0014 3 1671003128950984 32.5 -65.0 1.282407938672396 16 
0008 0006 3 1671003128952494 -87.0625 -70.5 5.2768939103266055 16 
0008 0015 4 1671003128979045 6.5 -67.0 0.5399612373357456 16 
0008 0001 4 1671003128980447 -59.375 -67.0 4.2031073588066565 16 
0008 0004 4 1671003128983364 -131.8125 -70.5 4.601942363656923 16 
0008 0006 4 1671003128984763 38.1875 -73.0 5.5284667595398505 16 
0008 0005 4 1671003128985825 -65.875 -68.0 6.074563920027139 16 
0008 0005 5 1671003129022601 -17.0625 -68.0 5.178719139901925 16 
0008 0001 6 1671003129068893 -79.75 -72.0 1.7794177139473437 16 
0008 0006 7 1671003129112037 -45.5625 -62.5 0.6933593161243098 16 
0008 0006 8 1671003129170726 17.0625 -65.0 1.1780972450961724 16 
0008 0004 8 1671003129171659 9.75 -69.0 2.184388641949153 16 
0008 0004 1 1671003129396416 -73.1875 -66.0 3.902447124381071 16 
0008 0015 1 1671003129402156 35.75 -58.0 5.792311455056181 16 
0008 0007 1 1671003129404029 -185.5 -71.5 5.295301679781233 16 
0008 0002 1 1671003129405460 -9.75 -69.5 2.5157284921324514 16 
0008 0006 1 1671003129412162 0.0 -58.5 5.080544369477243 16 
0008 0006 2 1671003129441479 -27.625 -61.5 4.681709364626977 16 
0008 0015 2 1671003129443365 -42.3125 -64.0 5.602097837358362 16 
0008 0004 2 1671003129444750 16.25 -63.0 1.5707963267948966 16 
0008 0004 3 1671003129468826 -277.4375 -69.5 6.050020227420969 16 
0008 0006 3 1671003129473228 97.625 -69.5 4.988505522204105 16 
0008 0014 3 1671003129475124 61.8125 -65.5 1.184233168247715 16 
0008 0005 3 1671003129476283 7.3125 -63.0 2.3623304133438876 16 
0008 0015 3 1671003129477252 26.0 -64.5 6.031612457966341 16 
0008 0001 3 1671003129478210 10.5625 -66.0 0.6013204688511713 16 
0008 0006 4 1671003129507316 -24.375 -73.0 5.620505606812989 16 
0008 0015 4 1671003129510040 -19.5 -67.0 0.4724660826687775 16 
0008 0001 4 1671003129513545 -21.125 -67.0 4.1601558967458585 16 
0008 0005 4 1671003129518107 59.375 -68.0 5.859806609723149 16 
0008 0004 4 1671003129519422 10.5625 -70.5 4.473087977474529 16 
0008 0005 5 1671003129558871 -135.0625 -68.0 5.1725832167503825 16 
0008 0001 6 1671003129593485 24.375 -72.5 1.5953400194010667 16 
0008 0006 7 1671003129638506 21.125 -62.5 0.5767767762450011 16 
0008 0006 8 1671003129683923 41.5 -65.5 1.086058397823034 16 
0008 0004 8 1671003129687730 -76.4375 -69.0 2.141437179888355 16 
