0008 0014 1 1671004974276460 30.875 -69.5 3.0250101137104846 14 
0008 0004 1 1671004974279037 -32.5 -60.5 5.835262917116979 14 
0008 0000 1 1671004974281118 -19.5 -69.0 4.884194828627882 14 
0008 0010 1 1671004974283528 19.5 -62.0 1.4664856332186729 14 
0008 0009 1 1671004974284433 3.25 -56.5 0.9142525495798421 14 
0008 0005 1 1671004974286160 -19.5 -56.5 3.773592738198677 14 
0008 0007 1 1671004974289962 -22.75 -59.5 1.227184630308513 14 
0008 0008 1 1671004974293633 58.5625 -64.5 6.209554229361076 14 
0008 0015 1 1671004974301089 39.0 -70.0 5.853670686571607 14 
0008 0014 2 1671004974325955 -79.75 -68.5 5.154175447295755 14 
0008 0015 2 1671004974327887 61.8125 -66.0 0.3620194659410113 14 
0008 0000 2 1671004974330045 29.25 -60.0 2.7550294950426117 14 
0008 0008 2 1671004974330994 -39.0 -54.0 4.123340357836604 14 
0008 0011 2 1671004974332406 -76.4375 -58.5 0.47860200582032003 14 
0008 0010 2 1671004974334504 71.5625 -64.0 0.8713010875190442 14 
0008 0009 2 1671004974340256 3.25 -56.5 4.669437518323892 14 
0008 0004 2 1671004974341562 -55.3125 -63.0 5.5284667595398505 14 
0008 0005 2 1671004974346662 -69.125 -68.5 0.9633399347921826 14 
0008 0007 3 1671004974380257 -6.5 -58.5 4.460816131171445 14 
0008 0005 3 1671004974382327 -71.5625 -67.0 1.7303303287350031 14 
0008 0009 3 1671004974383562 61.8125 -67.5 1.0369710126106935 14 
0008 0011 4 1671004974406136 -149.6875 -69.5 5.595961914206819 14 
0008 0004 4 1671004974407280 19.5 -69.0 0.7117670855789375 14 
0008 0006 4 1671004974409530 3.25 -69.0 0.8897088569736719 14 
0008 0005 4 1671004974412054 52.0625 -67.5 0.8467573949128739 14 
0008 0009 5 1671004974437993 42.3125 -69.0 5.47937937432751 14 
0008 0005 5 1671004974440930 -65.875 -67.5 0.02454369260617026 14 
0008 0007 5 1671004974443847 6.5 -64.5 0.37429131224409645 14 
0008 0010 5 1671004974444841 3.25 -69.5 3.497476196379262 14 
0008 0015 6 1671004974468871 61.8125 -72.0 2.5034566458293663 14 
0008 0004 6 1671004974471261 21.125 -68.0 4.558990901596125 14 
0008 0006 6 1671004974472208 59.375 -70.5 2.9084275738311756 14 
0008 0014 7 1671004974496839 -13.0 -66.5 4.166291819897402 14 
0008 0011 7 1671004974498153 -24.375 -55.0 3.227495577711389 14 
0008 0012 7 1671004974499143 -32.5 -66.0 6.0991076126333095 14 
0008 0015 7 1671004974502272 13.0 -58.0 2.2212041808584084 14 
0008 0008 7 1671004974503193 58.5625 -57.5 2.270291566070749 14 
0008 0005 7 1671004974504877 117.125 -67.5 4.178563666200486 14 
0008 0004 7 1671004974506064 -30.875 -60.5 5.516194913236766 14 
0008 0009 7 1671004974509590 -13.0 -60.0 3.227495577711389 14 
0008 0007 7 1671004974511426 -78.0625 -64.5 4.516039439535327 14 
0008 0000 7 1671004974512615 6.5 -58.0 3.663146121470911 14 
0008 0006 8 1671004974546930 76.4375 -71.5 1.7671458676442586 14 
0008 0008 8 1671004974547935 -6.5 -56.5 0.02454369260617026 14 
0008 0014 8 1671004974548870 -73.1875 -69.0 1.5462526341887264 14 
0008 0000 8 1671004974551396 -19.5 -64.5 2.325514874434632 14 
0008 0010 8 1671004974553801 6.5 -55.0 0.4356505437595221 14 
0008 0009 8 1671004974555898 9.75 -51.5 6.000932842208628 14 
0008 0004 8 1671004974557298 -17.0625 -58.5 3.043417883165112 14 
0008 0005 8 1671004974558502 35.75 -62.5 5.00077736850719 14 
0008 0011 8 1671004974560558 -125.3125 -66.5 5.608233760509904 14 
0008 0015 8 1671004974561849 3.25 -65.0 5.43029198911517 14 
0008 0007 8 1671004974563370 -292.9375 -72.5 0.11658253987930872 14 
0008 0014 1 1671004974776627 -22.75 -69.0 2.9329712664373457 14 
0008 0000 1 1671004974777607 16.25 -68.0 4.92714629068868 14 
0008 0015 1 1671004974779766 -16.25 -70.0 5.927301764390117 14 
0008 0010 1 1671004974784567 19.5 -61.5 1.3560390164909069 14 
0008 0005 1 1671004974785756 -39.0 -56.5 3.8533597391687304 14 
0008 0004 1 1671004974788114 0.0 -60.5 5.724816300389213 14 
0008 0009 1 1671004974791708 -3.25 -57.0 0.8283496254582462 14 
0008 0007 1 1671004974792660 3.25 -59.5 1.1658253987930873 14 
0008 0008 1 1671004974799127 45.5625 -64.5 6.191146459906448 14 
0008 0008 2 1671004974826841 0.0 -54.0 4.086524818927348 14 
0008 0004 2 1671004974831320 125.3125 -63.0 5.338253141842031 14 
0008 0009 2 1671004974832233 0.0 -56.5 4.6448938257177215 14 
0008 0000 2 1671004974834198 -29.25 -59.5 2.7857091108003242 14 
0008 0011 2 1671004974835114 -30.875 -59.0 0.4479223900626072 14 
0008 0015 2 1671004974837445 -52.0625 -65.5 0.619728238305799 14 
0008 0010 2 1671004974838408 32.5 -64.5 0.6013204688511713 14 
0008 0014 2 1671004974842490 -205.0625 -70.0 5.460971604872882 14 
0008 0005 2 1671004974851874 -19.5 -67.5 1.000155473701438 14 
0008 0005 3 1671004974876480 -13.8125 -67.0 1.5892040962495242 14 
0008 0007 3 1671004974877881 3.25 -59.0 4.454680208019902 14 
0008 0004 3 1671004974884001 -39.0 -70.5 5.062136600022616 14 
0008 0009 3 1671004974886482 -48.8125 -67.5 0.9878836273983529 14 
0008 0005 4 1671004974905902 -126.9375 -67.0 1.1290098598838318 14 
0008 0004 4 1671004974911853 69.125 -68.5 0.5154175447295755 14 
0008 0011 4 1671004974913816 -65.875 -69.5 5.424156065963627 14 
0008 0006 4 1671004974915729 38.1875 -69.5 0.7853981633974483 14 
0008 0005 5 1671004974945891 -55.3125 -69.0 6.105243535784852 14 
0008 0007 5 1671004974947847 26.0 -64.5 0.4172427743048944 14 
0008 0010 5 1671004974949423 -159.5 -69.0 3.767456815047135 14 
0008 0009 5 1671004974954796 -146.4375 -68.0 5.50392306693368 14 
0008 0006 6 1671004974976139 -100.875 -71.0 3.2765829629237295 14 
0008 0015 6 1671004974981539 84.625 -72.0 2.4175537217077703 14 
0008 0004 6 1671004974982472 55.3125 -68.0 4.454680208019902 14 
0008 0015 7 1671004975006512 -42.3125 -58.5 2.270291566070749 14 
0008 0005 7 1671004975007885 76.4375 -67.5 4.338097668140593 14 
0008 0012 7 1671004975011194 22.75 -67.0 5.945709533844745 14 
0008 0014 7 1671004975013593 29.25 -66.5 4.123340357836604 14 
0008 0004 7 1671004975016477 117.9375 -61.0 5.399612373357457 14 
0008 0011 7 1671004975017390 -3.25 -54.5 3.2090878082567613 14 
0008 0007 7 1671004975019059 -6.5 -64.5 4.313553975534423 14 
0008 0008 7 1671004975020363 13.0 -57.5 2.405281875404685 14 
0008 0009 7 1671004975022219 35.75 -60.0 3.129320807286708 14 
0008 0000 7 1671004975025361 3.25 -57.5 3.7122335066832517 14 
0008 0015 8 1671004975063653 16.25 -66.5 5.405748296509 14 
0008 0010 8 1671004975064658 3.25 -55.0 0.3988350048502667 14 
0008 0008 8 1671004975066778 -6.5 -56.5 0.09817477042468103 14 
0008 0009 8 1671004975068914 3.25 -51.0 5.982525072754001 14 
0008 0006 8 1671004975069863 -61.8125 -73.0 2.043262409463674 14 
0008 0004 8 1671004975071276 -27.625 -58.5 3.1354567304382504 14 
0008 0000 8 1671004975073446 -22.75 -65.0 2.380738182798515 14 
0008 0014 8 1671004975075828 45.5625 -69.5 1.4542137869155878 14 
0008 0005 8 1671004975076818 -26.0 -62.5 5.166447293598839 14 
0008 0007 8 1671004975080022 -19.5 -72.5 6.050020227420969 14 
0008 0011 8 1671004975082120 -73.1875 -68.0 5.663457068873787 14 
0008 0009 1 1671004975296441 13.0 -57.5 0.7792622402459057 14 
0008 0004 1 1671004975297655 9.75 -61.0 5.810719224510809 14 
0008 0008 1 1671004975302651 0.0 -64.0 0.01227184630308513 14 
0008 0007 1 1671004975305438 29.25 -59.0 1.1596894756415448 14 
0008 0014 1 1671004975306428 -17.0625 -67.5 3.147728576741336 14 
0008 0005 1 1671004975307360 -3.25 -56.5 3.792000507653305 14 
0008 0010 1 1671004975308566 42.3125 -61.5 1.3130875544301088 14 
0008 0000 1 1671004975313315 -13.0 -67.5 4.9823695990525625 14 
0008 0015 1 1671004975317694 -58.5625 -69.5 5.712544454086128 14 
0008 0000 2 1671004975348758 -19.5 -60.0 2.730485802436441 14 
0008 0009 2 1671004975349664 3.25 -56.5 4.608078286808466 14 
0008 0015 2 1671004975351381 -35.75 -65.5 0.42337869745643697 14 
0008 0010 2 1671004975352587 -39.0 -65.0 0.7915340865489908 14 
0008 0011 2 1671004975353786 17.0625 -59.0 0.46019423636569234 14 
0008 0008 2 1671004975354959 -22.75 -54.0 4.172427743048944 14 
0008 0004 2 1671004975357655 -68.3125 -63.0 5.565282298449106 14 
0008 0014 2 1671004975365764 42.3125 -68.0 5.166447293598839 14 
0008 0005 2 1671004975368754 -48.8125 -68.5 0.9019807032767571 14 
0008 0009 3 1671004975401439 -130.1875 -67.5 1.0921943209745766 14 
0008 0007 3 1671004975403240 -6.5 -59.0 4.4362724385652745 14 
0008 0005 3 1671004975404909 -76.4375 -66.0 1.6382914814618648 14 
0008 0004 3 1671004975410806 -277.4375 -69.5 5.313709449235861 14 
0008 0011 4 1671004975436436 -48.8125 -69.5 5.387340527054372 14 
0008 0005 4 1671004975442588 -17.0625 -66.5 0.944932165337555 14 
0008 0006 4 1671004975447524 -32.5 -69.5 0.8222137023067037 14 
0008 0004 4 1671004975448459 120.4375 -68.5 0.380427235395639 14 
0008 0007 5 1671004975477758 -35.75 -64.5 0.4356505437595221 14 
0008 0005 5 1671004975478662 100.875 -68.0 5.939573610693203 14 
0008 0010 5 1671004975479828 130.1875 -70.5 3.2949907323783574 14 
0008 0009 5 1671004975485719 -208.3125 -69.0 5.338253141842031 14 
0008 0004 6 1671004975509132 30.875 -68.0 4.479223900626073 14 
0008 0015 6 1671004975511984 -16.25 -72.0 2.6445828783148455 14 
0008 0006 6 1671004975513159 -52.0625 -71.0 3.0802334220743677 14 
0008 0004 7 1671004975535945 -69.125 -60.5 5.66959299202533 14 
0008 0012 7 1671004975540733 -68.3125 -65.5 6.166602767300278 14 
0008 0008 7 1671004975543143 19.5 -57.0 2.4175537217077703 14 
0008 0015 7 1671004975545102 45.5625 -58.0 2.1537090261914402 14 
0008 0011 7 1671004975547733 -3.25 -54.5 3.227495577711389 14 
0008 0009 7 1671004975548682 19.5 -60.0 3.172272269347506 14 
0008 0014 7 1671004975554163 52.0625 -66.0 4.000621894805752 14 
0008 0000 7 1671004975555323 -3.25 -58.0 3.6999616603801666 14 
0008 0007 7 1671004975556531 9.75 -64.5 4.460816131171445 14 
0008 0005 7 1671004975557539 -152.9375 -67.5 4.743068596142402 14 
0008 0001 7 1671004975559445 0.0 -71.5 6.013204688511713 14 
0008 0010 8 1671004975586675 3.25 -55.0 0.3988350048502667 14 
0008 0007 8 1671004975590840 -110.625 -72.5 6.215690152512618 14 
0008 0004 8 1671004975591786 16.25 -58.5 3.06182565261974 14 
0008 0008 8 1671004975592703 0.0 -56.5 0.09817477042468103 14 
0008 0014 8 1671004975594168 131.8125 -69.5 1.2517283229146832 14 
0008 0015 8 1671004975596136 -87.875 -66.5 5.5714182216006485 14 
0008 0009 8 1671004975597578 3.25 -51.0 5.988660995905543 14 
0008 0011 8 1671004975598882 -13.8125 -67.5 5.602097837358362 14 
0008 0005 8 1671004975600367 -17.0625 -62.0 5.1725832167503825 14 
0008 0000 8 1671004975601800 3.25 -65.0 2.3316507975861747 14 
0008 0006 8 1671004975604068 65.875 -72.5 1.932815792735908 14 
0008 0007 1 1671004975816658 13.0 -59.0 1.1780972450961724 14 
0008 0009 1 1671004975817833 -16.25 -57.0 0.8283496254582462 14 
0008 0005 1 1671004975818779 9.75 -56.5 3.792000507653305 14 
0008 0004 1 1671004975820961 -10.5625 -61.0 5.829126993965437 14 
0008 0014 1 1671004975823087 -26.0 -68.5 3.129320807286708 14 
0008 0000 1 1671004975824776 78.0625 -67.0 4.853515212870168 14 
0008 0010 1 1671004975825712 32.5 -61.5 1.3989904785517047 14 
0008 0015 1 1671004975830004 13.0 -68.5 5.8475347634200645 14 
0008 0008 1 1671004975832256 0.0 -65.0 0.006135923151542565 14 
0008 0008 2 1671004975867291 -29.25 -54.0 4.1417481272912315 14 
0008 0009 2 1671004975869800 -16.25 -56.5 4.651029748869264 14 
0008 0011 2 1671004975871877 -59.375 -59.0 0.5092816215780329 14 
0008 0000 2 1671004975874544 3.25 -59.5 2.767301341345697 14 
0008 0015 2 1671004975875498 -35.75 -66.0 0.5399612373357456 14 
0008 0014 2 1671004975878131 94.375 -68.5 4.853515212870168 14 
0008 0010 2 1671004975879336 6.5 -64.5 0.7301748550335652 14 
0008 0004 2 1671004975880317 143.1875 -63.0 5.264622064023521 14 
0008 0005 2 1671004975892328 -16.25 -68.5 0.7669903939428205 14 
0008 0007 3 1671004975919603 -6.5 -59.0 4.430136515413731 14 
0008 0009 3 1671004975921503 -27.625 -67.0 0.944932165337555 14 
0008 0005 3 1671004975925480 30.875 -66.0 1.4848934026733007 14 
0008 0004 3 1671004975926994 -149.6875 -71.0 4.963961829597935 14 
0008 0011 4 1671004975949102 -87.0625 -70.0 5.338253141842031 14 
0008 0006 4 1671004975951186 -52.0625 -70.0 0.9817477042468103 14 
0008 0005 4 1671004975955821 48.8125 -66.5 0.9203884727313847 14 
0008 0004 4 1671004975956781 -30.875 -68.5 0.6013204688511713 14 
0008 0010 5 1671004975976559 3.25 -68.0 3.6324665057131984 14 
0008 0005 5 1671004975979283 -52.0625 -67.5 6.2034183062095325 14 
0008 0007 5 1671004975981794 42.3125 -64.0 0.32520392703175593 14 
0008 0009 5 1671004975982713 -68.3125 -68.5 5.325981295538946 14 
0008 0015 6 1671004976008959 -26.0 -72.5 2.742757648739526 14 
0008 0004 6 1671004976010928 -10.5625 -68.0 4.558990901596125 14 
0008 0006 6 1671004976013987 -55.3125 -70.0 3.117048960983623 14 
0008 0011 7 1671004976047347 24.375 -55.0 3.215223731408304 14 
0008 0000 7 1671004976049099 16.25 -57.5 3.663146121470911 14 
0008 0004 7 1671004976050315 73.1875 -60.5 5.399612373357457 14 
0008 0014 7 1671004976051986 -97.625 -65.5 4.28287435977671 14 
0008 0008 7 1671004976056578 -52.0625 -58.0 2.466641106920111 14 
0008 0005 7 1671004976057539 -59.375 -67.5 4.638757902566179 14 
0008 0007 7 1671004976059667 3.25 -64.5 4.387185053352934 14 
0008 0012 7 1671004976061365 -9.75 -65.5 6.037748381117884 14 
0008 0009 7 1671004976062385 -22.75 -60.0 3.3072625786814425 14 
0008 0015 7 1671004976063508 29.25 -58.5 2.1537090261914402 14 
0008 0007 8 1671004976107489 35.75 -71.5 6.013204688511713 14 
0008 0015 8 1671004976108413 -130.1875 -66.5 5.638913376267617 14 
0008 0009 8 1671004976112295 -3.25 -51.0 6.013204688511713 14 
0008 0000 8 1671004976113247 9.75 -65.0 2.313243028131547 14 
0008 0010 8 1671004976114197 16.25 -55.0 0.4049709280018093 14 
0008 0005 8 1671004976115627 -74.8125 -62.5 5.252350217720435 14 
0008 0008 8 1671004976116562 -32.5 -56.5 0.07363107781851078 14 
0008 0011 8 1671004976117535 -65.875 -66.5 5.5714182216006485 14 
0008 0014 8 1671004976118584 65.0625 -69.5 1.3314953238847365 14 
0008 0004 8 1671004976119713 30.875 -58.5 2.9759227284981438 14 
0008 0006 8 1671004976123658 145.625 -72.5 1.662835174068035 14 
0008 0005 1 1671004976336650 -19.5 -56.5 3.80427235395639 14 
0008 0009 1 1671004976337839 45.5625 -56.5 0.8160777791551611 14 
0008 0004 1 1671004976340016 30.875 -61.0 5.7616318392984684 14 
0008 0008 1 1671004976343444 -32.5 -65.5 0.030679615757712823 14 
0008 0014 1 1671004976344404 -19.5 -69.0 3.0925052683774528 14 
0008 0000 1 1671004976348601 91.125 -68.5 4.853515212870168 14 
0008 0007 1 1671004976352705 0.0 -59.5 1.1535535524900022 14 
0008 0010 1 1671004976354824 48.8125 -61.5 1.423534171157875 14 
0008 0015 1 1671004976357201 -97.625 -69.5 6.0991076126333095 14 
0008 0008 2 1671004976387085 -13.0 -54.0 4.104932588381976 14 
0008 0000 2 1671004976391397 6.5 -60.0 2.748893571891069 14 
0008 0014 2 1671004976392363 55.3125 -68.5 4.933282213840222 14 
0008 0009 2 1671004976393351 -10.5625 -56.5 4.620350133111551 14 
0008 0004 2 1671004976394535 7.3125 -63.0 5.50392306693368 14 
0008 0015 2 1671004976396355 22.75 -66.0 0.48473792897186263 14 
0008 0011 2 1671004976397976 -7.3125 -59.0 0.3374757733348411 14 
0008 0005 2 1671004976398927 26.0 -68.0 0.9387962421860124 14 
0008 0010 2 1671004976402850 -9.75 -64.0 0.9817477042468103 14 
0008 0004 3 1671004976428865 -388.9375 -70.0 5.338253141842031 14 
0008 0007 3 1671004976430039 22.75 -58.5 4.430136515413731 14 
0008 0005 3 1671004976431002 83.0 -66.5 1.3744467859455345 14 
0008 0009 3 1671004976435769 -84.625 -68.0 1.3499030933393643 14 
0008 0006 4 1671004976469168 -10.5625 -69.0 0.7976700097005334 14 
0008 0004 4 1671004976470629 -83.0 -69.5 0.7179030087304801 14 
0008 0005 4 1671004976475274 13.8125 -67.0 0.9940195505498954 14 
0008 0011 4 1671004976479007 62.625 -69.5 5.240078371417351 14 
0008 0007 5 1671004976508878 61.8125 -63.5 0.3620194659410113 14 
0008 0009 5 1671004976511523 -166.0 -69.0 5.902758071783947 14 
0008 0010 5 1671004976513388 -22.75 -68.5 3.5956509668039427 14 
0008 0005 5 1671004976515936 128.5625 -68.0 5.9088939949354895 14 
0008 0006 6 1671004976539803 27.625 -71.5 3.08636934522591 14 
0008 0004 6 1671004976540808 -93.5625 -67.0 4.681709364626977 14 
0008 0015 6 1671004976543114 81.375 -72.5 2.411417798556228 14 
0008 0014 7 1671004976577588 -22.75 -66.0 4.1172044346850605 14 
0008 0000 7 1671004976579059 0.0 -57.5 3.6815538909255388 14 
0008 0015 7 1671004976581920 48.8125 -58.0 2.1475731030398975 14 
0008 0008 7 1671004976584369 3.25 -57.5 2.350058567040802 14 
0008 0009 7 1671004976585816 39.0 -61.0 3.184544115650591 14 
0008 0004 7 1671004976588944 -34.9375 -61.0 5.5100589900852235 14 
0008 0011 7 1671004976590637 -7.3125 -54.5 3.1906800388021335 14 
0008 0005 7 1671004976593755 76.4375 -68.5 4.25833066717054 14 
0008 0012 7 1671004976594704 39.0 -65.5 5.994796919057086 14 
0008 0007 7 1671004976596646 -139.9375 -64.5 4.430136515413731 14 
0008 0000 8 1671004976625914 -32.5 -65.0 2.313243028131547 14 
0008 0005 8 1671004976630028 -27.625 -62.5 5.105088062083414 14 
0008 0009 8 1671004976631215 3.25 -51.5 6.025476534814799 14 
0008 0007 8 1671004976632111 13.0 -73.0 6.12365130523948 14 
0008 0004 8 1671004976633042 10.5625 -58.5 3.0066023442558567 14 
0008 0014 8 1671004976635000 48.8125 -70.0 1.3867186322486196 14 
0008 0015 8 1671004976635953 48.8125 -66.5 5.356660911296659 14 
0008 0010 8 1671004976638106 16.25 -55.5 0.44178646691106466 14 
0008 0008 8 1671004976639067 9.75 -56.5 6.264777537724958 14 
0008 0011 8 1671004976641571 -21.125 -66.0 5.460971604872882 14 
0008 0006 8 1671004976645373 -45.5625 -73.0 1.945087639038993 14 
0008 0008 1 1671004976866202 78.0625 -65.0 6.135923151542564 14 
0008 0005 1 1671004976868834 -13.0 -57.0 3.792000507653305 14 
0008 0010 1 1671004976871735 6.5 -62.0 1.5278448647340985 14 
0008 0015 1 1671004976872916 55.3125 -68.5 5.8045833013592665 14 
0008 0014 1 1671004976876441 117.9375 -69.5 2.816388726558037 14 
0008 0000 1 1671004976879546 71.5625 -68.5 4.822835597112456 14 
0008 0009 1 1671004976880702 0.0 -57.0 0.8528933180644165 14 
0008 0007 1 1671004976886823 26.0 -59.5 1.1474176293384597 14 
0008 0004 1 1671004976888746 24.375 -61.0 5.786175531904639 14 
0008 0008 2 1671004976917750 -3.25 -54.0 4.086524818927348 14 
0008 0004 2 1671004976918699 -93.5625 -62.5 5.448699758569798 14 
0008 0011 2 1671004976919643 30.875 -59.0 0.36815538909255385 14 
0008 0009 2 1671004976926558 -16.25 -57.0 4.651029748869264 14 
0008 0000 2 1671004976928088 19.5 -59.5 2.675262494072558 14 
0008 0010 2 1671004976930581 68.3125 -65.0 0.5767767762450011 14 
0008 0015 2 1671004976931786 -3.25 -66.0 0.4356505437595221 14 
0008 0014 2 1671004976935551 -3.25 -68.5 5.123495831538041 14 
0008 0005 2 1671004976939727 93.5625 -68.0 0.6565437772150544 14 
0008 0009 3 1671004976974236 22.75 -66.5 1.141281706186917 14 
0008 0007 3 1671004976975810 -9.75 -58.5 4.509903516383785 14 
0008 0005 3 1671004976979638 -7.3125 -65.0 1.576932249946439 14 
0008 0004 4 1671004977006375 34.9375 -69.5 0.662679700366597 14 
0008 0006 4 1671004977008146 208.3125 -69.5 0.6442719309119693 14 
0008 0005 4 1671004977009078 -93.5625 -66.5 1.0737865515199487 14 
0008 0011 4 1671004977011642 -205.0625 -69.5 5.47937937432751 14 
0008 0010 4 1671004977013071 3.25 -72.5 1.214912784005428 14 
0008 0007 5 1671004977037523 26.0 -64.0 0.47860200582032003 14 
0008 0009 5 1671004977041476 9.75 -67.5 5.375068680751287 14 
0008 0005 5 1671004977043117 -131.8125 -68.0 0.03681553890925539 14 
0008 0010 5 1671004977044293 -74.8125 -69.0 3.6815538909255388 14 
0008 0015 6 1671004977071557 -87.875 -72.0 2.779573187648782 14 
0008 0006 6 1671004977072744 -117.9375 -70.0 3.2581751934691017 14 
0008 0004 6 1671004977073647 -22.75 -67.0 4.558990901596125 14 
0008 0008 7 1671004977096630 13.0 -57.5 2.2886993355253766 14 
0008 0015 7 1671004977097581 3.25 -58.0 2.1782527187976104 14 
0008 0005 7 1671004977102183 -48.8125 -67.5 4.540583132141498 14 
0008 0012 7 1671004977104305 58.5625 -66.0 5.994796919057086 14 
0008 0004 7 1671004977105279 55.3125 -60.5 5.5100589900852235 14 
0008 0000 7 1671004977107974 -3.25 -58.0 3.6692820446224537 14 
0008 0007 7 1671004977108943 -22.75 -64.5 4.381049130201391 14 
0008 0014 7 1671004977111041 -55.3125 -65.5 4.28287435977671 14 
0008 0009 7 1671004977111986 3.25 -60.0 3.2581751934691017 14 
0008 0011 7 1671004977112972 -3.25 -54.5 3.1906800388021335 14 
0008 0001 7 1671004977119467 289.6875 -71.5 5.338253141842031 14 
0008 0008 8 1671004977145944 0.0 -56.5 0.02454369260617026 14 
0008 0014 8 1671004977148823 -29.25 -68.5 1.4726215563702154 14 
0008 0009 8 1671004977151721 6.5 -51.0 6.000932842208628 14 
0008 0004 8 1671004977152904 7.3125 -58.5 3.074097498922825 14 
0008 0010 8 1671004977155781 -3.25 -55.0 0.4479223900626072 14 
0008 0005 8 1671004977158699 -30.875 -62.0 5.129631754689584 14 
0008 0000 8 1671004977160813 -39.0 -64.5 2.3930100291016 14 
0008 0006 8 1671004977162128 -7.3125 -73.0 1.902136176978195 14 
0008 0015 8 1671004977164416 -13.0 -66.5 5.460971604872882 14 
0008 0011 8 1671004977165734 -45.5625 -67.0 5.534602682691394 14 
0008 0007 8 1671004977167197 52.0625 -72.5 5.939573610693203 14 
0008 0014 1 1671004977388731 -73.1875 -69.0 3.0925052683774528 14 
0008 0009 1 1671004977390585 3.25 -57.0 0.8099418560036186 14 
0008 0008 1 1671004977393135 26.0 -65.0 6.215690152512618 14 
0008 0010 1 1671004977394126 -6.5 -61.5 1.3928545554001621 14 
0008 0005 1 1671004977398151 -26.0 -56.5 3.816544200259475 14 
0008 0015 1 1671004977399598 -61.8125 -69.0 6.068427996875596 14 
0008 0007 1 1671004977400478 61.8125 -59.5 1.086058397823034 14 
0008 0000 1 1671004977401475 126.9375 -67.5 4.798291904506286 14 
0008 0004 1 1671004977405372 3.25 -61.0 5.835262917116979 14 
0008 0015 2 1671004977436204 3.25 -66.0 0.5522330836388308 14 
0008 0004 2 1671004977437463 -93.5625 -63.5 5.540738605842936 14 
0008 0009 2 1671004977439713 -48.8125 -56.5 4.706253057233147 14 
0008 0011 2 1671004977440901 -35.75 -58.5 0.4295146206079795 14 
0008 0014 2 1671004977441820 78.0625 -69.0 4.9394181369917645 14 
0008 0008 2 1671004977446149 -3.25 -54.0 4.123340357836604 14 
0008 0010 2 1671004977447130 16.25 -65.0 0.6135923151542565 14 
0008 0000 2 1671004977450304 -6.5 -60.0 2.742757648739526 14 
0008 0007 3 1671004977488308 6.5 -59.5 4.399456899656019 14 
0008 0005 3 1671004977489629 52.0625 -67.0 1.4910293258248433 14 
0008 0009 3 1671004977490574 7.3125 -66.5 0.8283496254582462 14 
0008 0011 4 1671004977530011 62.625 -70.0 5.289165756629691 14 
0008 0005 4 1671004977531213 3.25 -66.0 1.0615147052168636 14 
0008 0004 4 1671004977536014 -38.1875 -69.0 0.5951845456996288 14 
0008 0006 4 1671004977538247 38.1875 -69.5 0.8713010875190442 14 
0008 0009 5 1671004977567710 -146.4375 -67.5 5.442563835418255 14 
0008 0005 5 1671004977571160 142.375 -67.5 6.068427996875596 14 
0008 0007 5 1671004977572394 13.0 -63.5 0.4724660826687775 14 
0008 0010 5 1671004977573360 -26.0 -69.0 3.706097583531709 14 
0008 0004 6 1671004977608467 -125.3125 -67.5 4.6878452877785195 14 
0008 0015 6 1671004977610633 19.5 -72.0 2.6139032625571326 14 
0008 0006 6 1671004977614036 30.875 -71.0 2.9329712664373457 14 
0008 0012 7 1671004977639148 -61.8125 -65.5 6.12365130523948 14 
0008 0011 7 1671004977640092 -10.5625 -54.5 3.227495577711389 14 
0008 0005 7 1671004977641068 10.5625 -67.0 4.577398671050753 14 
0008 0007 7 1671004977642306 -6.5 -64.5 4.25833066717054 14 
0008 0000 7 1671004977644252 13.0 -58.0 3.6692820446224537 14 
0008 0004 7 1671004977645199 -17.0625 -60.0 5.602097837358362 14 
0008 0009 7 1671004977647395 -13.0 -59.5 3.2888548092268146 14 
0008 0015 7 1671004977650516 19.5 -58.0 2.1598449493429825 14 
0008 0008 7 1671004977652725 -22.75 -57.5 2.386874105950058 14 
0008 0014 7 1671004977655909 69.125 -66.5 3.9760782021995817 14 
0008 0000 8 1671004977676224 19.5 -65.0 2.313243028131547 14 
0008 0009 8 1671004977677200 -16.25 -51.0 6.019340611663256 14 
0008 0004 8 1671004977678130 -10.5625 -58.0 3.104777114680538 14 
0008 0006 8 1671004977679561 107.375 -72.0 1.521708941582556 14 
0008 0005 8 1671004977680508 -35.75 -62.0 5.221670601962723 14 
0008 0007 8 1671004977681927 35.75 -70.5 5.957981380147831 14 
0008 0008 8 1671004977683555 -6.5 -56.5 0.09817477042468103 14 
0008 0015 8 1671004977684566 -45.5625 -66.0 5.50392306693368 14 
0008 0010 8 1671004977688485 3.25 -55.0 0.4049709280018093 14 
0008 0011 8 1671004977689929 38.1875 -67.5 5.45483568172134 14 
0008 0014 8 1671004977694951 90.3125 -69.5 1.2762720155208536 14 
0008 0004 1 1671004977916159 -32.5 -60.5 5.896622148632405 14 
0008 0005 1 1671004977919049 -13.8125 -56.5 3.80427235395639 14 
0008 0014 1 1671004977921417 42.3125 -68.5 2.9636508821950587 14 
0008 0000 1 1671004977922372 -84.625 -67.0 4.97623367590102 14 
0008 0008 1 1671004977923589 42.3125 -65.0 6.258641614573416 14 
0008 0009 1 1671004977926406 -13.0 -57.5 0.8467573949128739 14 
0008 0010 1 1671004977927383 6.5 -62.0 1.3314953238847365 14 
0008 0015 1 1671004977929765 22.75 -69.5 5.822991070813893 14 
0008 0007 1 1671004977932331 -9.75 -59.5 1.2455923997631406 14 
0008 0004 2 1671004977969207 -7.3125 -62.5 5.411884219660542 14 
0008 0010 2 1671004977970399 16.25 -64.0 0.5583690067903734 14 
0008 0011 2 1671004977971615 -30.875 -59.5 0.46019423636569234 14 
0008 0005 2 1671004977972536 -107.375 -70.0 0.9878836273983529 14 
0008 0014 2 1671004977974010 117.9375 -69.0 5.0253210611133605 14 
0008 0009 2 1671004977976162 -6.5 -56.5 4.589670517353839 14 
0008 0008 2 1671004977977112 6.5 -54.0 4.1417481272912315 14 
0008 0000 2 1671004977978715 48.8125 -59.0 2.6813984172241008 14 
0008 0015 2 1671004977981691 -26.0 -65.5 0.5522330836388308 14 
0008 0005 3 1671004978005910 -3.25 -65.5 1.5953400194010667 14 
0008 0007 3 1671004978010737 -16.25 -59.5 4.491495746929157 14 
0008 0004 3 1671004978012796 -131.8125 -70.5 5.086680292628786 14 
0008 0009 3 1671004978014705 -65.875 -69.0 0.944932165337555 14 
0008 0006 4 1671004978049236 83.0 -70.0 0.705631162427395 14 
0008 0004 4 1671004978050650 48.8125 -69.0 0.4724660826687775 14 
0008 0005 4 1671004978051583 19.5 -67.0 1.0369710126106935 14 
0008 0011 4 1671004978052533 -295.375 -69.0 5.47937937432751 14 
0008 0007 5 1671004978087145 19.5 -63.5 0.46019423636569234 14 
0008 0010 5 1671004978088241 19.5 -69.5 3.693825737228624 14 
0008 0009 5 1671004978089232 35.75 -68.0 5.117359908386499 14 
0008 0005 5 1671004978090634 -123.6875 -67.5 6.240233845118788 14 
0008 0004 6 1671004978120045 -30.875 -68.0 4.595806440505381 14 
0008 0006 6 1671004978126398 -100.875 -70.5 3.2459033471660166 14 
0008 0015 6 1671004978127818 32.5 -72.0 2.5157284921324514 14 
0008 0000 7 1671004978156415 -16.25 -58.0 3.6876898140770815 14 
0008 0011 7 1671004978157912 7.3125 -54.5 3.1906800388021335 14 
0008 0008 7 1671004978159843 13.0 -57.5 2.386874105950058 14 
0008 0014 7 1671004978160820 -104.125 -65.5 4.325825821837508 14 
0008 0009 7 1671004978161992 -19.5 -60.0 3.2520392703175593 14 
0008 0005 7 1671004978166311 61.8125 -67.5 4.3503695144436785 14 
0008 0007 7 1671004978170304 -3.25 -64.0 4.276738436625168 14 
0008 0015 7 1671004978171768 16.25 -58.0 2.1353012567368124 14 
0008 0004 7 1671004978174517 -69.125 -61.0 5.675728915176872 14 
0008 0012 7 1671004978178549 -16.25 -65.5 6.111379458936394 14 
0008 0004 8 1671004978207821 3.25 -58.5 3.018874190558942 14 
0008 0011 8 1671004978208742 -87.0625 -67.0 5.522330836388308 14 
0008 0015 8 1671004978210894 39.0 -66.5 5.405748296509 14 
0008 0008 8 1671004978211854 9.75 -56.5 0.04908738521234052 14 
0008 0010 8 1671004978213078 -6.5 -55.0 0.4295146206079795 14 
0008 0009 8 1671004978217884 3.25 -51.0 6.019340611663256 14 
0008 0000 8 1671004978220957 55.3125 -64.5 2.1782527187976104 14 
0008 0006 8 1671004978221917 83.0 -72.0 1.8162332528565992 14 
0008 0005 8 1671004978223102 3.25 -62.0 5.129631754689584 14 
0008 0014 8 1671004978225469 34.9375 -70.0 1.4358060174609601 14 
0008 0007 8 1671004978226520 -52.0625 -71.5 5.896622148632405 14 
0008 0004 1 1671004978436139 3.25 -61.0 5.829126993965437 14 
0008 0008 1 1671004978438098 58.5625 -65.5 6.2034183062095325 14 
0008 0015 1 1671004978443571 -169.25 -69.0 6.105243535784852 14 
0008 0014 1 1671004978448804 35.75 -69.0 2.9575149590435164 14 
0008 0009 1 1671004978449766 -16.25 -57.0 0.8713010875190442 14 
0008 0010 1 1671004978450687 -9.75 -62.0 1.4664856332186729 14 
0008 0005 1 1671004978452144 3.25 -56.5 3.785864584501762 14 
0008 0000 1 1671004978453877 -22.75 -68.0 4.816699673960914 14 
0008 0007 1 1671004978455806 16.25 -59.5 1.1719613219446299 14 
0008 0015 2 1671004978486271 42.3125 -66.0 0.44178646691106466 14 
0008 0011 2 1671004978488687 24.375 -59.0 0.3436116964863836 14 
0008 0000 2 1671004978490164 22.75 -59.0 2.705942109830271 14 
0008 0008 2 1671004978493563 -16.25 -54.0 4.129476280988146 14 
0008 0004 2 1671004978496462 13.8125 -62.5 5.436427912266712 14 
0008 0010 2 1671004978497441 -55.3125 -65.0 0.859029241215959 14 
0008 0009 2 1671004978499109 -6.5 -56.5 4.6448938257177215 14 
0008 0014 2 1671004978504648 -215.625 -68.0 5.246214294568893 14 
0008 0005 2 1671004978506984 42.3125 -68.5 0.803805932852076 14 
0008 0005 3 1671004978537998 100.875 -65.5 1.4971652489763858 14 
0008 0007 3 1671004978542762 0.0 -59.0 4.491495746929157 14 
0008 0009 3 1671004978545332 125.3125 -67.5 0.9019807032767571 14 
0008 0004 3 1671004978551911 -595.6875 -72.0 5.534602682691394 14 
0008 0011 4 1671004978576204 0.0 -70.0 5.258486140871978 14 
0008 0004 4 1671004978580126 -62.625 -69.0 0.7363107781851077 14 
0008 0005 4 1671004978581089 -52.0625 -67.5 1.1719613219446299 14 
0008 0010 4 1671004978585200 -139.9375 -72.0 1.5585244804918115 14 
0008 0006 4 1671004978586114 10.5625 -69.0 0.8897088569736719 14 
0008 0009 5 1671004978619067 126.9375 -67.0 5.166447293598839 14 
0008 0010 5 1671004978620650 42.3125 -68.5 3.6263305825616556 14 
0008 0007 5 1671004978623811 6.5 -64.0 0.4970097752749477 14 
0008 0005 5 1671004978624930 21.125 -67.5 6.19728238305799 14 
0008 0015 6 1671004978650610 -97.625 -72.5 2.761165418194154 14 
0008 0004 6 1671004978652039 45.5625 -67.5 4.473087977474529 14 
0008 0006 6 1671004978653130 145.625 -70.5 2.7857091108003242 14 
0008 0015 7 1671004978677391 9.75 -58.0 2.1659808724945253 14 
0008 0009 7 1671004978679278 52.0625 -60.5 3.172272269347506 14 
0008 0004 7 1671004978680943 -21.125 -60.5 5.497787143782138 14 
0008 0008 7 1671004978682628 -9.75 -57.5 2.337786720737717 14 
0008 0000 7 1671004978683576 0.0 -57.5 3.6324665057131984 14 
0008 0011 7 1671004978685272 0.0 -54.5 3.172272269347506 14 
0008 0007 7 1671004978688370 52.0625 -64.5 4.338097668140593 14 
0008 0012 7 1671004978689317 -48.8125 -65.5 6.050020227420969 14 
0008 0014 7 1671004978696370 97.625 -66.5 3.8963112012295285 14 
0008 0005 7 1671004978700842 73.1875 -67.0 4.289010282928253 14 
0008 0010 8 1671004978725919 16.25 -55.5 0.42337869745643697 14 
0008 0014 8 1671004978727093 -13.0 -69.0 1.4787574795217582 14 
0008 0006 8 1671004978729391 65.875 -72.5 1.6873788666742053 14 
0008 0009 8 1671004978730322 3.25 -51.5 6.019340611663256 14 
0008 0008 8 1671004978731585 -26.0 -56.5 0.006135923151542565 14 
0008 0000 8 1671004978732538 91.125 -65.0 2.141437179888355 14 
0008 0011 8 1671004978733740 -76.4375 -66.0 5.497787143782138 14 
0008 0005 8 1671004978734672 -7.3125 -62.0 5.0682725231741586 14 
0008 0004 8 1671004978737063 0.0 -58.5 3.0250101137104846 14 
0008 0007 8 1671004978742496 35.75 -72.5 5.737088146692298 14 
0008 0015 8 1671004978743549 -13.0 -66.5 5.381204603902829 14 
0008 0014 1 1671004978955959 -117.9375 -69.5 3.2827188860752723 14 
0008 0004 1 1671004978956919 24.375 -61.5 5.798447378207723 14 
0008 0008 1 1671004978958612 0.0 -64.5 6.277049384028044 14 
0008 0005 1 1671004978961490 -16.25 -56.5 3.7981364308048478 14 
0008 0010 1 1671004978964115 -13.0 -62.0 1.509437095279471 14 
0008 0009 1 1671004978965318 29.25 -57.0 0.8406214717613314 14 
0008 0007 1 1671004978970355 19.5 -59.0 1.1290098598838318 14 
0008 0000 1 1671004978972706 22.75 -68.5 4.853515212870168 14 
0008 0015 1 1671004978978373 -3.25 -68.5 6.025476534814799 14 
0008 0009 2 1671004979007489 -45.5625 -57.0 4.706253057233147 14 
0008 0011 2 1671004979008403 -3.25 -59.0 0.3436116964863836 14 
0008 0000 2 1671004979009625 48.8125 -60.0 2.6445828783148455 14 
0008 0010 2 1671004979010590 -94.375 -65.0 0.7363107781851077 14 
0008 0004 2 1671004979012731 114.6875 -62.5 5.2768939103266055 14 
0008 0014 2 1671004979013736 142.375 -69.0 4.988505522204105 14 
0008 0008 2 1671004979016126 -6.5 -54.0 4.061981126321178 14 
0008 0015 2 1671004979019194 97.625 -66.5 0.42337869745643697 14 
0008 0005 2 1671004979032956 48.8125 -68.5 0.6810874698212247 14 
0008 0005 3 1671004979061354 -81.375 -66.0 1.6996507129772904 14 
0008 0007 3 1671004979062785 -19.5 -59.0 4.466952054322987 14 
0008 0009 3 1671004979067191 -74.8125 -66.0 1.41126232485479 14 
0008 0004 4 1671004979106210 -7.3125 -69.5 0.7117670855789375 14 
0008 0006 4 1671004979111955 163.5625 -70.0 0.6258641614573416 14 
0008 0005 4 1671004979113167 -10.5625 -66.5 1.1044661672776617 14 
0008 0011 4 1671004979114172 -17.0625 -69.0 5.375068680751287 14 
0008 0010 4 1671004979116600 52.0625 -71.5 1.1965050145508 14 
0008 0007 5 1671004979146495 -6.5 -63.5 0.4970097752749477 14 
0008 0010 5 1671004979151121 16.25 -69.0 3.5158839658338894 14 
0008 0005 5 1671004979152399 -215.625 -68.0 0.16566992509164924 14 
0008 0009 5 1671004979153571 45.5625 -67.5 5.3627968344482015 14 
0008 0004 6 1671004979177578 13.0 -67.0 4.565126824747668 14 
0008 0006 6 1671004979179873 -139.125 -70.5 3.3440781175906977 14 
0008 0015 6 1671004979184906 -3.25 -72.0 2.730485802436441 14 
0008 0011 7 1671004979206207 -30.875 -54.5 3.184544115650591 14 
0008 0005 7 1671004979207408 24.375 -68.5 4.23378697456437 14 
0008 0009 7 1671004979208807 13.0 -61.0 3.2581751934691017 14 
0008 0007 7 1671004979210939 87.875 -65.0 4.1601558967458585 14 
0008 0008 7 1671004979211916 -16.25 -57.5 2.2948352586769194 14 
0008 0015 7 1671004979214314 -45.5625 -58.0 2.2764274892222915 14 
0008 0004 7 1671004979216267 -52.0625 -60.5 5.546874528994478 14 
0008 0012 7 1671004979218120 26.0 -66.0 6.074563920027139 14 
0008 0014 7 1671004979220514 142.375 -66.0 3.902447124381071 14 
0008 0000 7 1671004979221945 13.0 -58.5 3.6079228131070282 14 
