0005 0008 1 1671009944551729 -9.75 -64.0 3.1906800388021335 7 
0005 0010 1 1671009944554103 -45.5625 -68.5 2.3009711818284617 7 
0005 0014 1 1671009944556172 -42.3125 -65.0 2.675262494072558 7 
0005 0013 1 1671009944557069 -52.0625 -63.5 2.3746022596469727 7 
0005 0013 2 1671009944587668 -35.75 -66.5 0.8344855486097889 7 
0005 0014 2 1671009944589097 39.0 -65.0 5.712544454086128 7 
0005 0004 2 1671009944594690 183.875 -69.5 0.619728238305799 7 
0005 0006 2 1671009944599982 78.0625 -68.0 5.448699758569798 7 
0005 0011 2 1671009944605909 68.3125 -64.5 0.5706408530934585 7 
0005 0005 3 1671009944636707 29.25 -56.5 1.4603497100671303 7 
0005 0007 3 1671009944639802 32.5 -57.0 1.2517283229146832 7 
0005 0000 3 1671009944643981 -182.25 -69.0 3.368621810196868 7 
0005 0008 3 1671009944645183 -3.25 -68.5 1.3989904785517047 7 
0005 0004 4 1671009944677652 39.0 -58.5 2.2334760271614935 7 
0005 0011 4 1671009944680788 61.8125 -69.0 0.6565437772150544 7 
0005 0006 4 1671009944681707 32.5 -60.0 0.5460971604872883 7 
0005 0007 4 1671009944682883 9.75 -58.0 1.3069516312785663 7 
0005 0005 4 1671009944684101 -7.3125 -48.5 4.718524903536232 7 
0005 0013 4 1671009944685313 16.25 -60.0 5.049864753719531 7 
0005 0003 4 1671009944686291 -35.75 -65.5 4.178563666200486 7 
0005 0008 4 1671009944687224 -9.75 -60.5 2.380738182798515 7 
0005 0014 4 1671009944689877 74.8125 -72.0 0.2699806186678728 7 
0005 0015 4 1671009944691352 13.0 -58.5 5.350524988145116 7 
0005 0000 4 1671009944694934 -94.375 -68.5 3.730641276137879 7 
0005 0008 5 1671009944726779 78.0625 -65.0 1.9634954084936207 7 
0005 0010 5 1671009944727658 6.5 -66.0 0.6442719309119693 7 
0005 0007 5 1671009944730651 39.0 -65.5 3.5833791205008576 7 
0005 0013 5 1671009944732134 0.0 -60.5 1.748738098189631 7 
0005 0015 5 1671009944733088 -3.25 -59.5 1.5953400194010667 7 
0005 0006 5 1671009944734351 97.625 -71.0 6.000932842208628 7 
0005 0005 5 1671009944741110 -3.25 -65.0 1.1474176293384597 7 
0005 0005 6 1671009944790778 -55.3125 -68.0 0.36815538909255385 7 
0005 0006 6 1671009944796290 35.75 -61.5 1.2946797849754812 7 
0005 0013 6 1671009944799064 3.25 -64.0 0.9265243958829272 7 
0005 0004 6 1671009944802583 -61.8125 -65.5 3.141592653589793 7 
0005 0015 7 1671009944830488 149.6875 -69.0 0.11658253987930872 7 
0005 0010 7 1671009944833949 -74.8125 -70.0 3.522019888985432 7 
0005 0005 7 1671009944834937 -9.75 -62.0 5.8475347634200645 7 
0005 0004 7 1671009944838420 7.3125 -62.0 4.086524818927348 7 
0005 0014 7 1671009944844054 -3.25 -63.0 0.4172427743048944 7 
0005 0006 7 1671009944846025 149.6875 -65.5 1.9512235621905356 7 
0005 0015 8 1671009944878263 6.5 -69.5 0.8283496254582462 7 
0005 0010 8 1671009944880560 -94.375 -65.5 3.5158839658338894 7 
0005 0006 8 1671009944881508 84.625 -64.5 3.4054373491061236 7 
0005 0009 8 1671009944889472 -87.875 -73.0 5.3198453723874035 7 
0005 0005 8 1671009944890804 152.9375 -72.5 2.6445828783148455 7 
0005 0012 8 1671009944891981 -123.6875 -72.5 0.5522330836388308 7 
0005 0010 1 1671009945105895 29.25 -68.5 2.227340104009951 7 
0005 0006 1 1671009945108898 39.0 -67.5 2.3930100291016 7 
0005 0012 1 1671009945114660 -94.375 -67.5 0.5460971604872883 7 
0005 0008 1 1671009945118419 6.5 -65.5 4.693981210930062 7 
0005 0005 1 1671009945119761 19.5 -64.5 0.3190680038802134 7 
0005 0004 1 1671009945120648 3.25 -63.5 2.9943304979527716 7 
0005 0015 2 1671009945146884 58.5625 -65.5 1.859184714917397 7 
0005 0010 2 1671009945150485 -65.0625 -69.5 5.884350302329319 7 
0005 0013 2 1671009945155455 3.25 -62.0 4.190835512503572 7 
0005 0011 2 1671009945156919 84.625 -66.5 2.5157284921324514 7 
0005 0012 2 1671009945157856 71.5625 -62.5 0.39269908169872414 7 
0005 0005 3 1671009945196407 7.3125 -54.5 4.620350133111551 7 
0005 0006 3 1671009945202259 65.0625 -67.0 0.6013204688511713 7 
0005 0007 3 1671009945203292 -6.5 -60.0 1.086058397823034 7 
0005 0014 3 1671009945206322 16.25 -67.5 3.9085830475326135 7 
0005 0015 3 1671009945207503 58.5625 -62.5 1.2885438618239387 7 
0005 0008 3 1671009945208692 13.0 -66.5 1.9082721001297376 7 
0005 0000 3 1671009945210507 58.5625 -69.0 4.270602513473625 7 
0005 0011 3 1671009945215091 -45.5625 -67.5 1.1474176293384597 7 
0005 0005 4 1671009945235967 -3.25 -55.5 0.0859029241215959 7 
0005 0011 4 1671009945237413 -9.75 -69.5 5.424156065963627 7 
0005 0014 4 1671009945239726 48.8125 -62.5 2.6875343403756435 7 
0005 0007 4 1671009945240960 -13.0 -58.0 3.54042765844006 7 
0005 0000 4 1671009945244712 -16.25 -67.0 4.0558452031696355 7 
0005 0003 4 1671009945245674 -16.25 -71.0 3.9638063558964967 7 
0005 0008 4 1671009945248575 3.25 -60.0 3.018874190558942 7 
0005 0015 4 1671009945250921 -35.75 -64.5 3.773592738198677 7 
0005 0004 4 1671009945254292 34.9375 -63.5 1.6321555583103222 7 
0005 0013 5 1671009945275922 13.0 -59.0 4.792155981354743 7 
0005 0004 5 1671009945277861 -17.0625 -56.0 0.47860200582032003 7 
0005 0015 5 1671009945281049 45.5625 -67.5 2.1353012567368124 7 
0005 0007 5 1671009945281970 -94.375 -62.5 2.7550294950426117 7 
0005 0006 5 1671009945283441 71.5625 -59.5 3.3870295796514958 7 
0005 0014 5 1671009945284405 -78.0625 -67.5 3.522019888985432 7 
0005 0012 5 1671009945286853 -6.5 -54.0 4.963961829597935 7 
0005 0010 5 1671009945297756 84.625 -71.0 0.8344855486097889 7 
0005 0012 6 1671009945328556 39.0 -66.0 1.859184714917397 7 
0005 0004 6 1671009945333130 -10.5625 -71.5 0.859029241215959 7 
0005 0014 6 1671009945338862 0.0 -66.5 4.828971520263998 7 
0005 0015 6 1671009945340289 -65.0625 -69.5 3.018874190558942 7 
0005 0010 7 1671009945376674 -81.375 -63.5 4.724660826687775 7 
0005 0013 7 1671009945381888 -58.5625 -64.0 5.792311455056181 7 
0005 0012 7 1671009945389381 9.75 -60.5 3.9822141253511245 7 
0005 0014 7 1671009945393276 74.8125 -68.5 0.8160777791551611 7 
0005 0007 7 1671009945395858 -185.5 -69.0 1.2701360923693108 7 
0005 0009 8 1671009945437708 -3.25 -64.5 0.9633399347921826 7 
0005 0013 8 1671009945439187 13.0 -62.5 5.712544454086128 7 
0005 0014 8 1671009945441028 -84.625 -69.5 5.00077736850719 7 
0005 0012 8 1671009945443242 -6.5 -61.5 4.546719055293041 7 
0005 0010 8 1671009945447664 26.0 -63.0 4.583534594202296 7 
0005 0015 8 1671009945448714 -39.0 -72.0 0.23316507975861744 7 
0005 0006 8 1671009945449632 16.25 -68.5 4.571262747899211 7 
0005 0004 8 1671009945450566 35.75 -65.0 5.098952138931871 7 
0005 0006 1 1671009945668396 -42.3125 -62.5 2.564815877344792 7 
0005 0004 1 1671009945672563 59.375 -69.5 1.5953400194010667 7 
0005 0013 1 1671009945676396 48.8125 -64.5 1.086058397823034 7 
0005 0008 1 1671009945679499 35.75 -64.5 1.5892040962495242 7 
0005 0009 1 1671009945680948 -84.625 -66.0 6.1420590746941075 7 
0005 0011 1 1671009945685966 110.625 -68.5 1.0921943209745766 7 
0005 0005 1 1671009945688174 -39.0 -69.0 3.9515345095934116 7 
0005 0007 2 1671009945723233 -29.25 -66.0 5.681864838328415 7 
0005 0005 2 1671009945726113 19.5 -71.5 4.552854978444583 7 
0005 0014 2 1671009945727329 -6.5 -69.5 5.497787143782138 7 
0005 0011 2 1671009945729291 -113.875 -67.0 4.675573441475434 7 
0005 0006 2 1671009945739307 -156.1875 -69.5 3.5465635815916023 7 
0005 0004 3 1671009945775980 211.5625 -70.0 2.662990647769473 7 
0005 0005 3 1671009945780780 3.25 -57.0 4.246058820867455 7 
0005 0013 3 1671009945782671 65.0625 -59.5 1.9941750242513334 7 
0005 0007 3 1671009945785413 -16.25 -62.0 4.301282129231338 7 
0005 0006 3 1671009945787455 45.5625 -65.0 4.601942363656923 7 
0005 0010 3 1671009945789003 16.25 -70.0 2.9145634969827183 7 
0005 0015 3 1671009945789955 -87.875 -70.5 1.8039614065535141 7 
0005 0008 3 1671009945796117 -91.125 -67.5 5.375068680751287 7 
0005 0005 4 1671009945825955 0.0 -54.0 5.178719139901925 7 
0005 0007 4 1671009945829029 -32.5 -62.5 1.9941750242513334 7 
0005 0003 4 1671009945831395 -22.75 -72.5 5.3627968344482015 7 
0005 0006 4 1671009945834735 32.5 -56.0 1.3744467859455345 7 
0005 0004 4 1671009945835906 -3.25 -59.5 3.11091303783208 7 
0005 0015 4 1671009945839049 -9.75 -59.5 5.049864753719531 7 
0005 0013 4 1671009945840977 22.75 -57.5 1.3437671701878218 7 
0005 0014 4 1671009945845966 19.5 -64.5 5.062136600022616 7 
0005 0006 5 1671009945876270 -91.125 -63.5 4.430136515413731 7 
0005 0008 5 1671009945881958 -68.3125 -65.5 3.2213596545598464 7 
0005 0014 5 1671009945886952 -192.0 -69.5 3.9638063558964967 7 
0005 0004 5 1671009945888151 34.9375 -60.0 2.1966604882522383 7 
0005 0013 5 1671009945890324 9.75 -64.0 3.2520392703175593 7 
0005 0015 5 1671009945895949 78.0625 -65.0 2.9206994201342606 7 
0005 0005 6 1671009945931602 -52.0625 -70.0 2.067806102069844 7 
0005 0004 6 1671009945935915 45.5625 -68.0 1.4971652489763858 7 
0005 0013 6 1671009945938066 -13.0 -62.5 3.4054373491061236 7 
0005 0015 6 1671009945940714 22.75 -61.0 2.1659808724945253 7 
0005 0006 6 1671009945942018 -97.625 -69.5 6.037748381117884 7 
0005 0010 7 1671009945979931 45.5625 -68.5 3.043417883165112 7 
0005 0006 7 1671009945982775 9.75 -61.5 1.736466251886546 7 
0005 0013 7 1671009945987096 166.0 -64.5 5.338253141842031 7 
0005 0007 7 1671009945997320 58.5625 -71.5 3.2949907323783574 7 
0005 0013 8 1671009946026892 -13.0 -65.0 0.32520392703175593 7 
0005 0006 8 1671009946028805 -52.0625 -63.0 2.9943304979527716 7 
0005 0005 8 1671009946029810 52.0625 -66.5 4.6878452877785195 7 
0005 0008 8 1671009946031270 3.25 -64.0 0.9878836273983529 7 
0005 0004 8 1671009946034538 6.5 -63.0 5.829126993965437 7 
0005 0007 8 1671009946037898 39.0 -67.5 1.086058397823034 7 
0005 0010 8 1671009946040897 -74.8125 -65.5 5.246214294568893 7 
0005 0013 1 1671009946267091 16.25 -69.5 2.5709518004963345 7 
0005 0006 1 1671009946269016 -32.5 -69.0 3.5772431973493153 7 
0005 0012 1 1671009946275759 -9.75 -69.5 0.4295146206079795 7 
0005 0005 1 1671009946277189 39.0 -63.0 1.030835089459151 7 
0005 0009 1 1671009946278409 -87.875 -67.0 2.411417798556228 7 
0005 0011 1 1671009946280367 -58.5625 -64.0 4.724660826687775 7 
0005 0004 1 1671009946281808 -34.9375 -66.5 4.773748211900116 7 
0005 0008 1 1671009946282743 -39.0 -63.0 4.853515212870168 7 
0005 0013 2 1671009946326016 0.0 -66.0 0.705631162427395 7 
0005 0015 2 1671009946326959 -65.0625 -63.5 5.197126909356553 7 
0005 0014 2 1671009946329464 22.75 -63.5 5.927301764390117 7 
0005 0009 2 1671009946339258 -16.25 -69.0 1.859184714917397 7 
0005 0005 2 1671009946343191 -17.0625 -69.5 0.04908738521234052 7 
0005 0012 2 1671009946345182 117.125 -65.0 5.915029918087033 7 
0005 0007 2 1671009946355537 -156.1875 -69.5 0.28838838812250056 7 
0005 0015 3 1671009946377959 9.75 -60.5 1.8162332528565992 7 
0005 0005 3 1671009946379447 34.9375 -52.5 2.1782527187976104 7 
0005 0007 3 1671009946382956 0.0 -55.0 3.7551849687440497 7 
0005 0008 3 1671009946385224 84.625 -70.0 4.424000592262189 7 
0005 0012 3 1671009946386146 -97.625 -68.0 1.2885438618239387 7 
0005 0014 3 1671009946391869 74.8125 -69.0 4.417864669110647 7 
0005 0011 3 1671009946404366 -133.4375 -68.5 4.123340357836604 7 
0005 0007 4 1671009946436427 -55.3125 -57.5 3.9638063558964967 7 
0005 0004 4 1671009946446394 -52.0625 -63.0 4.111068511533518 7 
0005 0010 4 1671009946447331 -45.5625 -71.0 4.190835512503572 7 
0005 0015 4 1671009946448492 -9.75 -58.5 6.2463697682703305 7 
0005 0000 4 1671009946449496 -9.75 -72.0 3.380893656499953 7 
0005 0003 4 1671009946452105 -55.3125 -74.0 2.816388726558037 7 
0005 0014 4 1671009946455419 -29.25 -63.5 0.6320000846088841 7 
0005 0005 4 1671009946457158 -3.25 -56.5 1.4726215563702154 7 
0005 0013 4 1671009946463492 6.5 -67.0 5.595961914206819 7 
0005 0007 5 1671009946499286 29.25 -68.5 3.448388811166921 7 
0005 0004 5 1671009946500260 21.125 -62.5 4.239922897715912 7 
0005 0013 5 1671009946501483 81.375 -64.0 2.405281875404685 7 
0005 0006 5 1671009946503377 -26.0 -61.0 4.466952054322987 7 
0005 0004 6 1671009946535885 -45.5625 -62.0 5.516194913236766 7 
0005 0012 6 1671009946542426 -13.0 -62.0 0.7240389318820226 7 
0005 0014 6 1671009946543320 -84.625 -67.5 4.828971520263998 7 
0005 0013 6 1671009946552370 149.6875 -67.0 1.945087639038993 7 
0005 0012 7 1671009946578109 0.0 -64.0 4.6878452877785195 7 
0005 0014 7 1671009946579374 16.25 -63.0 2.5464081078901644 7 
0005 0006 7 1671009946583538 -9.75 -59.0 1.6751070203711202 7 
0005 0013 7 1671009946588583 -22.75 -63.5 4.700117134081604 7 
0005 0010 7 1671009946590312 -39.0 -66.0 4.381049130201391 7 
0005 0015 7 1671009946593976 -61.8125 -68.5 3.9944859716542096 7 
0005 0014 8 1671009946627649 13.0 -65.0 0.14726215563702155 7 
0005 0012 8 1671009946630042 -22.75 -61.5 0.25770877236478773 7 
0005 0011 8 1671009946631275 91.125 -67.0 2.386874105950058 7 
0005 0006 8 1671009946632210 227.8125 -72.5 2.9943304979527716 7 
0005 0013 8 1671009946633217 6.5 -55.5 5.970253226450915 7 
0005 0004 8 1671009946635210 22.75 -63.0 1.0185632431560658 7 
0005 0015 8 1671009946636402 -13.0 -70.0 1.0062913968529805 7 
0005 0010 8 1671009946638313 3.25 -66.0 5.93343768754166 7 
0005 0008 8 1671009946645440 -205.0625 -69.5 1.8530487917658545 7 
0005 0008 1 1671009946865848 42.3125 -61.0 1.3130875544301088 7 
0005 0006 1 1671009946869122 -55.3125 -64.5 4.399456899656019 7 
0005 0010 1 1671009946872225 -139.9375 -68.5 5.626641529964532 7 
0005 0007 1 1671009946873401 -3.25 -67.5 2.8286605728611223 7 
0005 0009 1 1671009946876505 -61.8125 -66.5 4.724660826687775 7 
0005 0004 1 1671009946877495 48.8125 -63.0 0.9019807032767571 7 
0005 0011 1 1671009946880014 16.25 -60.5 0.6749515466696822 7 
0005 0013 1 1671009946885758 -22.75 -63.5 2.9943304979527716 7 
0005 0011 2 1671009946926244 -81.375 -68.5 0.2454369260617026 7 
0005 0010 2 1671009946931843 -35.75 -65.0 4.871922982324796 7 
0005 0008 2 1671009946933033 68.3125 -67.0 1.88986433067511 7 
0005 0014 2 1671009946935038 -9.75 -65.5 5.3627968344482015 7 
0005 0006 2 1671009946938069 -9.75 -67.5 3.3379421944391554 7 
0005 0005 2 1671009946939431 107.375 -67.5 5.086680292628786 7 
0005 0015 2 1671009946944570 332.0 -69.0 2.6384469551633027 7 
0005 0009 2 1671009946953899 -156.1875 -69.5 4.276738436625168 7 
0005 0008 3 1671009946978621 -68.3125 -70.0 5.755495916146925 7 
0005 0005 3 1671009946980275 0.0 -56.5 4.301282129231338 7 
0005 0007 3 1671009946986741 -22.75 -58.5 3.0127382674073995 7 
0005 0013 3 1671009946988190 -65.0625 -70.0 1.325359400733194 7 
0005 0006 3 1671009946990337 -26.0 -67.0 2.411417798556228 7 
0005 0014 3 1671009946991288 -143.1875 -66.5 5.123495831538041 7 
0005 0004 3 1671009946992335 -100.875 -69.5 1.184233168247715 7 
0005 0006 4 1671009947019462 -6.5 -56.5 2.3009711818284617 7 
0005 0013 4 1671009947020896 6.5 -64.5 5.485515297479052 7 
0005 0015 4 1671009947024429 39.0 -61.5 1.9696313316451632 7 
0005 0004 4 1671009947025700 -3.25 -60.0 1.380582709097077 7 
0005 0007 4 1671009947026653 94.375 -67.5 0.1043106935762236 7 
0005 0005 4 1671009947028682 52.0625 -62.5 2.742757648739526 7 
0005 0015 5 1671009947055882 152.9375 -70.0 2.5832236467994196 7 
0005 0004 5 1671009947059802 41.5 -58.5 5.473243451175968 7 
0005 0005 5 1671009947063668 -45.5625 -67.5 1.1167380135807468 7 
0005 0006 5 1671009947064613 9.75 -62.5 0.1595340019401067 7 
0005 0014 5 1671009947067151 -48.8125 -66.0 0.22089323345553233 7 
0005 0008 5 1671009947069751 -3.25 -70.0 6.234097921967246 7 
0005 0007 5 1671009947070692 -208.3125 -69.0 0.1718058482431918 7 
0005 0015 6 1671009947098033 35.75 -64.5 2.073942025221387 7 
0005 0013 6 1671009947101700 -9.75 -62.0 4.405592822807561 7 
0005 0006 6 1671009947103852 -45.5625 -60.5 0.4049709280018093 7 
0005 0004 6 1671009947108987 83.0 -68.0 6.17273869045182 7 
0005 0014 7 1671009947137216 -55.3125 -67.5 2.000310947402876 7 
0005 0007 7 1671009947151709 -6.5 -66.5 0.32520392703175593 7 
0005 0004 7 1671009947158856 90.3125 -70.0 4.129476280988146 7 
0005 0014 8 1671009947185990 110.625 -69.5 1.4542137869155878 7 
0005 0005 8 1671009947189569 7.3125 -63.0 5.295301679781233 7 
0005 0013 8 1671009947191016 13.0 -60.5 1.5033011721279284 7 
0005 0010 8 1671009947192981 -29.25 -67.0 0.37429131224409645 7 
0005 0011 8 1671009947194145 55.3125 -64.5 0.7424467013366504 7 
0005 0006 8 1671009947195106 -22.75 -71.5 3.8533597391687304 7 
0005 0007 8 1671009947197714 19.5 -70.0 0.9756117810952678 7 
0005 0004 8 1671009947200984 -41.5 -69.5 0.6810874698212247 7 
0005 0008 8 1671009947206413 29.25 -67.5 1.5155730184310134 7 
0005 0006 1 1671009947425899 -45.5625 -64.0 5.706408530934585 7 
0005 0015 1 1671009947428272 126.9375 -67.0 1.718058482431918 7 
0005 0011 1 1671009947429193 29.25 -63.0 1.1044661672776617 7 
0005 0008 1 1671009947430880 22.75 -61.0 3.018874190558942 7 
0005 0005 1 1671009947435238 9.75 -62.5 1.4603497100671303 7 
0005 0010 1 1671009947440901 -19.5 -64.0 5.982525072754001 7 
0005 0012 1 1671009947443035 -130.1875 -69.0 2.5034566458293663 7 
0005 0009 1 1671009947445561 237.5625 -75.0 6.080699843178682 7 
0005 0004 1 1671009947447241 -19.5 -66.5 3.5465635815916023 7 
0005 0004 2 1671009947478156 263.625 -70.5 2.4850488763747385 7 
0005 0014 2 1671009947479187 68.3125 -59.0 2.1046216409791 7 
0005 0011 2 1671009947482485 -19.5 -59.0 1.5707963267948966 7 
0005 0012 2 1671009947485638 74.8125 -63.5 2.0923497946760143 7 
0005 0015 2 1671009947486602 13.0 -59.5 2.1475731030398975 7 
0005 0006 2 1671009947492938 -146.4375 -68.5 3.6876898140770815 7 
0005 0010 2 1671009947498867 9.75 -65.0 4.792155981354743 7 
0005 0005 2 1671009947500257 -65.0625 -67.5 0.619728238305799 7 
0005 0015 3 1671009947529159 58.5625 -68.0 3.2336315008629315 7 
0005 0005 3 1671009947530360 13.0 -56.5 0.6381360077604268 7 
0005 0007 3 1671009947531309 -9.75 -58.0 4.571262747899211 7 
0005 0015 4 1671009947577234 29.25 -62.5 2.859340188618835 7 
0005 0007 4 1671009947581437 -22.75 -63.0 3.2643111166206444 7 
0005 0005 4 1671009947584832 -42.3125 -65.5 4.718524903536232 7 
0005 0006 4 1671009947587002 -35.75 -70.0 0.4724660826687775 7 
0005 0000 4 1671009947589526 107.375 -73.5 6.0991076126333095 7 
0005 0006 5 1671009947621013 -6.5 -61.0 1.4603497100671303 7 
0005 0015 5 1671009947622323 39.0 -67.5 0.14112623248547898 7 
0005 0007 5 1671009947623274 -87.875 -66.0 2.773437264497239 7 
0005 0004 6 1671009947651321 9.75 -58.5 3.9453985864418692 7 
0005 0010 6 1671009947652783 6.5 -70.5 0.6810874698212247 7 
0005 0014 6 1671009947653733 -13.0 -65.0 3.834951969714103 7 
0005 0012 6 1671009947657936 84.625 -64.0 5.522330836388308 7 
0005 0006 6 1671009947662013 -6.5 -63.0 3.472932503773092 7 
0005 0015 7 1671009947692496 -19.5 -65.5 1.6566992509164924 7 
0005 0006 7 1671009947693514 32.5 -60.0 0.3620194659410113 7 
0005 0014 7 1671009947694505 -65.0625 -61.0 2.3009711818284617 7 
0005 0012 7 1671009947698281 0.0 -63.5 2.564815877344792 7 
0005 0004 7 1671009947699471 48.8125 -66.0 5.988660995905543 7 
0005 0013 7 1671009947702235 13.0 -68.5 2.4850488763747385 7 
0005 0013 8 1671009947736742 0.0 -60.5 5.141903600992669 7 
0005 0011 8 1671009947740478 22.75 -68.5 3.509748042682347 7 
0005 0012 8 1671009947743804 -22.75 -59.5 5.436427912266712 7 
0005 0010 8 1671009947746766 61.8125 -70.5 0.4908738521234052 7 
0005 0004 8 1671009947748832 -21.125 -63.5 4.3933209765044765 7 
0005 0014 8 1671009947750123 58.5625 -68.5 1.748738098189631 7 
0005 0006 8 1671009947752047 -117.125 -68.5 5.71868037723767 7 
0005 0009 8 1671009947754345 -78.0625 -69.5 3.5158839658338894 7 
0005 0010 1 1671009947977868 -91.125 -69.0 4.92714629068868 7 
0005 0006 1 1671009947980783 -48.8125 -62.0 3.0495538063166547 7 
0005 0007 1 1671009947981934 136.6875 -63.5 2.073942025221387 7 
0005 0008 1 1671009947983137 -32.5 -61.0 4.773748211900116 7 
0005 0005 1 1671009947985796 -45.5625 -63.5 5.368932757599744 7 
0005 0013 1 1671009947986735 -61.8125 -69.5 5.71868037723767 7 
0005 0015 1 1671009947988196 78.0625 -66.0 4.405592822807561 7 
0005 0004 1 1671009947989398 -48.8125 -58.0 5.442563835418255 7 
0005 0009 1 1671009947993656 -19.5 -70.0 1.7241944055834606 7 
0005 0000 1 1671009947994589 -9.75 -72.0 4.718524903536232 7 
0005 0011 1 1671009947997666 -9.75 -59.5 3.2397674240144743 7 
0005 0001 1 1671009948001276 -42.3125 -74.0 2.1782527187976104 7 
0005 0008 2 1671009948025945 -84.625 -69.0 6.178874613603362 7 
0005 0010 2 1671009948029879 29.25 -64.5 5.418020142812084 7 
0005 0007 2 1671009948032007 -71.5625 -68.0 0.5031456984264903 7 
0005 0015 2 1671009948033229 -58.5625 -64.5 5.976389149602458 7 
0005 0000 2 1671009948034428 -26.0 -67.0 3.877903431774901 7 
0005 0011 2 1671009948035335 39.0 -60.0 1.8407769454627694 7 
0005 0014 2 1671009948040984 279.9375 -71.0 2.564815877344792 7 
0005 0005 2 1671009948047684 100.875 -69.0 2.110757564130642 7 
0005 0009 2 1671009948048654 218.0625 -71.5 2.8102528034064944 7 
0005 0006 2 1671009948052318 250.625 -69.0 2.0493983326152168 7 
0005 0005 3 1671009948078589 -61.8125 -68.0 5.460971604872882 7 
0005 0015 3 1671009948079964 -61.8125 -65.5 5.5714182216006485 7 
0005 0007 3 1671009948083026 -113.875 -65.0 3.6876898140770815 7 
0005 0014 3 1671009948089169 276.625 -70.0 3.1784081924990484 7 
0005 0010 3 1671009948090740 -117.125 -69.5 0.37429131224409645 7 
0005 0006 4 1671009948119984 -16.25 -60.0 4.454680208019902 7 
0005 0015 4 1671009948122928 32.5 -62.5 2.055534255766759 7 
0005 0013 4 1671009948125705 78.0625 -68.0 5.737088146692298 7 
0005 0005 4 1671009948127389 -39.0 -67.5 6.129787228391022 7 
0005 0006 5 1671009948155926 42.3125 -61.5 0.7179030087304801 7 
0005 0015 5 1671009948157841 -87.875 -67.5 0.4540583132141498 7 
0005 0004 5 1671009948164102 145.625 -64.0 0.02454369260617026 7 
0005 0004 6 1671009948189813 -24.375 -59.0 1.7978254834019713 7 
0005 0015 6 1671009948190766 55.3125 -63.0 0.6320000846088841 7 
0005 0013 6 1671009948197610 -61.8125 -67.0 3.54042765844006 7 
0005 0006 6 1671009948199379 6.5 -62.5 2.9759227284981438 7 
0005 0005 6 1671009948200342 -100.875 -70.0 4.374913207049849 7 
0005 0000 6 1671009948201617 42.3125 -76.0 2.9145634969827183 7 
0005 0014 6 1671009948203430 3.25 -70.5 1.2517283229146832 7 
0005 0008 7 1671009948238912 65.0625 -66.0 1.9634954084936207 7 
0005 0004 7 1671009948240057 38.1875 -58.0 3.736777199289422 7 
0005 0013 7 1671009948249798 -55.3125 -66.0 3.393165502803038 7 
0005 0015 7 1671009948250721 -68.3125 -64.5 2.804116880254952 7 
0005 0006 7 1671009948251728 29.25 -67.0 4.061981126321178 7 
0005 0007 7 1671009948262727 29.25 -70.5 4.921010367537137 7 
0005 0006 8 1671009948293208 32.5 -58.5 2.9513790358919736 7 
0005 0009 8 1671009948294159 -22.75 -69.5 2.7120780329818137 7 
0005 0007 8 1671009948299705 -39.0 -70.0 5.325981295538946 7 
0005 0010 8 1671009948301431 3.25 -60.5 1.0062913968529805 7 
0005 0013 8 1671009948302650 6.5 -59.5 5.976389149602458 7 
0005 0014 8 1671009948306405 -55.3125 -65.0 5.559146375297564 7 
0005 0005 8 1671009948307406 -10.5625 -63.0 4.356505437595221 7 
0005 0008 1 1671009948527726 -35.75 -56.0 0.4908738521234052 7 
0005 0011 1 1671009948529275 -94.375 -67.0 2.4850488763747385 7 
0005 0010 1 1671009948533582 42.3125 -63.5 2.0064468705544187 7 
0005 0015 1 1671009948534988 91.125 -67.5 1.1228739367322893 7 
0005 0012 1 1671009948535936 -3.25 -64.5 2.705942109830271 7 
0005 0004 1 1671009948537182 58.5625 -61.5 2.779573187648782 7 
0005 0006 1 1671009948539796 -13.0 -64.5 1.607611865704152 7 
0005 0013 1 1671009948541271 -65.0625 -68.5 3.9453985864418692 7 
0005 0005 1 1671009948543449 -13.0 -58.0 1.932815792735908 7 
0005 0001 1 1671009948546255 -188.75 -72.5 5.460971604872882 7 
0005 0003 1 1671009948548784 -52.0625 -71.5 2.2886993355253766 7 
0005 0008 2 1671009948577790 -29.25 -63.0 2.2580197197676637 7 
0005 0005 2 1671009948580493 65.0625 -64.5 0.3374757733348411 7 
0005 0011 2 1671009948581708 0.0 -63.5 1.9573594853420782 7 
0005 0009 2 1671009948582922 65.0625 -71.0 2.9145634969827183 7 
0005 0013 2 1671009948585785 84.625 -66.5 4.528311285838413 7 
0005 0015 2 1671009948587274 58.5625 -63.0 1.423534171157875 7 
0005 0012 2 1671009948590919 61.8125 -64.5 0.34974761963792617 7 
0005 0010 2 1671009948591900 149.6875 -67.5 0.5890486225480862 7 
0005 0014 2 1671009948594206 -42.3125 -63.0 3.6999616603801666 7 
0005 0007 2 1671009948596148 -39.0 -64.5 4.3074180523828804 7 
0005 0005 3 1671009948626212 17.0625 -62.5 1.3314953238847365 7 
0005 0015 3 1671009948627164 -32.5 -68.5 1.1780972450961724 7 
0005 0013 3 1671009948633070 97.625 -66.5 3.9085830475326135 7 
0005 0006 3 1671009948634216 -68.3125 -63.0 3.2704470397721868 7 
0005 0007 3 1671009948636562 29.25 -65.5 1.8714565612204823 7 
0005 0007 4 1671009948669156 -42.3125 -65.5 5.160311370447297 7 
0005 0005 4 1671009948670359 48.8125 -71.5 2.7550294950426117 7 
0005 0004 4 1671009948675163 -3.25 -69.5 5.9518454569962875 7 
0005 0006 4 1671009948677089 -16.25 -69.5 4.080388895775806 7 
0005 0012 4 1671009948679910 -130.1875 -70.0 4.147884050442774 7 
0005 0006 5 1671009948708871 68.3125 -65.0 0.7240389318820226 7 
0005 0015 5 1671009948709881 -81.375 -66.0 4.399456899656019 7 
0005 0004 5 1671009948712001 62.625 -68.5 0.0 7 
0005 0006 6 1671009948736161 -6.5 -60.5 2.086213871524472 7 
0005 0012 6 1671009948737622 22.75 -63.0 0.5645049299419159 7 
0005 0010 6 1671009948742411 -32.5 -72.5 0.9878836273983529 7 
0005 0007 6 1671009948745455 55.3125 -72.0 3.6386024288647407 7 
0005 0004 6 1671009948746643 3.25 -72.0 6.074563920027139 7 
0005 0014 6 1671009948751422 52.0625 -69.0 6.19728238305799 7 
0005 0012 7 1671009948776240 3.25 -63.5 5.178719139901925 7 
0005 0013 7 1671009948777167 185.5 -66.5 2.2089323345553233 7 
0005 0014 7 1671009948781307 -6.5 -70.5 0.619728238305799 7 
0005 0004 7 1671009948783231 113.875 -62.5 1.662835174068035 7 
0005 0006 7 1671009948790008 16.25 -66.0 2.6445828783148455 7 
0005 0012 8 1671009948836152 -19.5 -59.0 5.64504929941916 7 
0005 0006 8 1671009948838247 -19.5 -64.5 3.1906800388021335 7 
0005 0013 8 1671009948840358 -3.25 -55.0 2.380738182798515 7 
0005 0011 8 1671009948846131 55.3125 -71.0 1.4358060174609601 7 
0005 0010 8 1671009948848742 -6.5 -65.0 1.012427320004523 7 
0005 0004 8 1671009948852436 6.5 -61.0 2.055534255766759 7 
0005 0008 8 1671009948857987 6.5 -69.0 3.663146121470911 7 
0005 0014 8 1671009948859208 -32.5 -67.0 1.3621749396424494 7 
0005 0004 1 1671009949076221 -34.9375 -58.0 1.9757672547967058 7 
0005 0007 1 1671009949077922 16.25 -57.0 6.056156150572511 7 
0005 0009 1 1671009949080276 -13.0 -61.0 2.5586799541932495 7 
0005 0008 1 1671009949086930 48.8125 -61.5 0.17794177139473438 7 
0005 0013 1 1671009949088194 -39.0 -64.5 3.5281558121369745 7 
0005 0005 1 1671009949090474 -9.75 -52.0 5.71868037723767 7 
0005 0010 1 1671009949091700 110.625 -68.0 5.5100589900852235 7 
0005 0011 1 1671009949092904 26.0 -56.5 4.700117134081604 7 
0005 0006 1 1671009949095773 6.5 -59.5 2.6200391857086753 7 
0005 0001 1 1671009949106828 45.5625 -70.5 6.166602767300278 7 
0005 0004 2 1671009949145962 -13.8125 -61.5 3.3502140407422405 7 
0005 0008 2 1671009949155479 133.4375 -61.0 2.282563412373834 7 
0005 0011 2 1671009949160667 -45.5625 -63.5 6.043884304269426 7 
0005 0014 2 1671009949162083 3.25 -68.0 3.104777114680538 7 
0005 0012 2 1671009949163341 -6.5 -61.0 3.730641276137879 7 
0005 0005 2 1671009949164940 -32.5 -66.0 4.227651051412827 7 
0005 0007 2 1671009949168367 -100.875 -69.5 3.8717675086233583 7 
0005 0006 2 1671009949169599 19.5 -66.0 3.9576704327449543 7 
0005 0009 2 1671009949170595 -29.25 -63.5 3.9576704327449543 7 
0005 0015 2 1671009949172352 -35.75 -65.5 0.9387962421860124 7 
0005 0000 2 1671009949178385 -139.9375 -70.5 2.2948352586769194 7 
0005 0006 3 1671009949209461 -84.625 -68.5 5.031456984264903 7 
0005 0015 3 1671009949214201 -74.8125 -66.5 4.878058905476339 7 
0005 0005 3 1671009949215134 42.3125 -67.0 4.847379289718626 7 
0005 0007 3 1671009949216582 -55.3125 -57.5 5.129631754689584 7 
0005 0005 4 1671009949247100 -24.375 -70.0 5.436427912266712 7 
0005 0014 4 1671009949248669 0.0 -63.0 2.1598449493429825 7 
0005 0006 4 1671009949251201 26.0 -66.5 2.730485802436441 7 
0005 0015 4 1671009949253298 -32.5 -68.0 4.9823695990525625 7 
0005 0004 4 1671009949259910 79.75 -66.5 4.651029748869264 7 
0005 0006 5 1671009949298653 -13.0 -64.0 3.9392626632903265 7 
0005 0014 5 1671009949301523 -87.875 -67.5 3.32567034813607 7 
0005 0015 5 1671009949302432 9.75 -69.0 0.4970097752749477 7 
0005 0004 5 1671009949304057 -7.3125 -70.5 5.957981380147831 7 
0005 0006 6 1671009949336842 3.25 -61.5 0.9572040116406401 7 
0005 0015 6 1671009949340937 -97.625 -65.5 2.325514874434632 7 
0005 0004 6 1671009949342634 42.3125 -70.5 1.5707963267948966 7 
0005 0010 6 1671009949344040 26.0 -67.0 6.12365130523948 7 
0005 0014 6 1671009949345003 13.0 -64.5 3.6140587362585705 7 
0005 0013 7 1671009949381575 -61.8125 -65.0 4.289010282928253 7 
0005 0004 7 1671009949384839 21.125 -58.0 1.9573594853420782 7 
0005 0006 7 1671009949387782 107.375 -67.5 1.8775924843720249 7 
0005 0015 7 1671009949388705 -29.25 -65.5 4.97623367590102 7 
0005 0009 8 1671009949419321 61.8125 -69.0 0.3620194659410113 7 
0005 0007 8 1671009949420285 9.75 -66.0 4.28287435977671 7 
0005 0010 8 1671009949423353 -45.5625 -65.0 5.381204603902829 7 
0005 0013 8 1671009949424305 48.8125 -62.5 1.6505633277649499 7 
0005 0014 8 1671009949427635 -6.5 -62.0 2.5464081078901644 7 
0005 0006 8 1671009949430449 -16.25 -56.5 4.111068511533518 7 
0005 0004 8 1671009949431639 -52.0625 -62.5 4.7860200582032 7 
0005 0008 8 1671009949434162 42.3125 -66.0 0.5460971604872883 7 
0005 0005 8 1671009949437830 68.3125 -61.5 1.0799224746714913 7 
