0005 0004 1 1671005228818373 19.5 -66.0 0.6872233929727672 1 
0005 0014 1 1671005228823830 29.25 -68.0 2.779573187648782 1 
0005 0005 1 1671005228824776 45.5625 -58.5 2.1966604882522383 1 
0005 0015 1 1671005228833108 22.75 -62.5 5.325981295538946 1 
0005 0007 1 1671005228835727 52.0625 -62.0 1.1351457830353744 1 
0005 0011 1 1671005228839073 113.875 -70.0 0.6933593161243098 1 
0005 0014 2 1671005228870814 32.5 -69.0 5.755495916146925 1 
0005 0015 2 1671005228872729 -48.8125 -62.0 5.1725832167503825 1 
0005 0013 2 1671005228887797 -58.5625 -70.0 3.9699422790480394 1 
0005 0006 3 1671005228920235 -16.25 -57.0 2.9022916506796332 1 
0005 0012 3 1671005228922147 58.5625 -62.5 0.5031456984264903 1 
0005 0014 3 1671005228924242 19.5 -65.0 1.4419419406125027 1 
0005 0004 3 1671005228926122 24.375 -53.5 0.521553467881118 1 
0005 0007 3 1671005228935249 -19.5 -69.5 2.718213956133356 1 
0005 0006 4 1671005228972091 16.25 -58.0 3.5465635815916023 1 
0005 0015 4 1671005228976828 -61.8125 -68.0 3.399301425954581 1 
0005 0004 4 1671005228979899 30.875 -60.0 3.1784081924990484 1 
0005 0014 4 1671005228987385 39.0 -70.0 4.3074180523828804 1 
0005 0012 5 1671005229018254 16.25 -59.0 0.07976700097005335 1 
0005 0011 5 1671005229020174 -169.25 -68.5 5.411884219660542 1 
0005 0001 5 1671005229022536 -276.625 -72.0 5.4671075280244255 1 
0005 0006 5 1671005229023509 -26.0 -58.5 5.651185222570702 1 
0005 0009 5 1671005229024673 -211.5625 -71.0 5.117359908386499 1 
0005 0014 5 1671005229025829 -3.25 -60.5 3.3624858870453256 1 
0005 0007 5 1671005229026783 -58.5625 -70.0 4.914874444385594 1 
0005 0005 5 1671005229027687 -74.8125 -64.5 4.313553975534423 1 
0005 0010 5 1671005229029829 3.25 -58.5 3.368621810196868 1 
0005 0004 5 1671005229031132 -16.25 -59.0 2.521864415283994 1 
0005 0013 6 1671005229056280 -26.0 -60.5 1.9696313316451632 1 
0005 0008 6 1671005229062370 13.0 -63.5 1.8346410223112268 1 
0005 0012 6 1671005229063548 -26.0 -63.0 2.834796496012665 1 
0005 0015 6 1671005229064724 9.75 -56.5 6.007068765360171 1 
0005 0006 6 1671005229068262 -19.5 -57.5 3.9515345095934116 1 
0005 0007 6 1671005229074237 -6.5 -71.5 0.5767767762450011 1 
0005 0004 6 1671005229076771 34.9375 -58.0 2.2150682577068657 1 
0005 0010 6 1671005229077837 68.3125 -69.5 3.2827188860752723 1 
0005 0004 7 1671005229109418 -13.8125 -64.0 1.1658253987930873 1 
0005 0015 7 1671005229110413 -74.8125 -65.0 0.2086213871524472 1 
0005 0012 7 1671005229113063 -16.25 -64.0 2.2212041808584084 1 
0005 0005 7 1671005229114478 -27.625 -58.5 5.123495831538041 1 
0005 0006 7 1671005229122260 -198.5625 -71.0 1.7855536370988863 1 
0005 0013 7 1671005229123794 -74.8125 -64.0 1.3560390164909069 1 
0005 0011 7 1671005229125553 22.75 -65.0 4.2092432819582 1 
0005 0014 7 1671005229126461 -48.8125 -64.0 1.184233168247715 1 
0005 0005 8 1671005229156697 58.5625 -66.5 0.7485826244881929 1 
0005 0007 8 1671005229157888 -68.3125 -63.5 3.098641191528995 1 
0005 0009 8 1671005229160032 143.1875 -73.5 0.9940195505498954 1 
0005 0008 8 1671005229165229 -100.875 -72.0 3.6140587362585705 1 
0005 0013 8 1671005229166165 22.75 -62.5 1.2640001692177683 1 
0005 0012 8 1671005229167839 32.5 -58.0 0.859029241215959 1 
0005 0015 8 1671005229169662 3.25 -57.5 2.270291566070749 1 
0005 0014 8 1671005229171573 9.75 -62.0 2.816388726558037 1 
0005 0005 1 1671005229396935 -16.25 -59.0 2.313243028131547 1 
0005 0007 1 1671005229399961 32.5 -62.5 1.184233168247715 1 
0005 0014 1 1671005229402122 -9.75 -69.0 2.82252464970958 1 
0005 0015 1 1671005229404913 -39.0 -63.0 5.4671075280244255 1 
0005 0004 1 1671005229405859 6.5 -67.0 0.7731263170943632 1 
0005 0011 1 1671005229406852 -6.5 -70.0 1.0799224746714913 1 
0005 0015 2 1671005229455228 -9.75 -62.0 5.129631754689584 1 
0005 0013 2 1671005229459446 48.8125 -69.5 3.7429131224409646 1 
0005 0014 2 1671005229463054 -266.875 -70.5 6.154330920997192 1 
0005 0004 3 1671005229496467 -10.5625 -54.0 0.4970097752749477 1 
0005 0006 3 1671005229501525 -13.0 -57.0 2.650718801466388 1 
0005 0012 3 1671005229503937 42.3125 -64.5 0.5031456984264903 1 
0005 0007 3 1671005229505653 3.25 -70.5 2.6813984172241008 1 
0005 0014 3 1671005229507835 78.0625 -65.0 1.368310862793992 1 
0005 0004 4 1671005229543776 9.75 -61.0 3.129320807286708 1 
0005 0006 4 1671005229546834 -16.25 -58.0 3.454524734318464 1 
0005 0014 4 1671005229547756 -26.0 -70.0 4.491495746929157 1 
0005 0015 4 1671005229548667 55.3125 -67.5 2.9022916506796332 1 
0005 0005 5 1671005229577830 97.625 -65.5 4.135612204139688 1 
0005 0012 5 1671005229580723 42.3125 -58.5 0.018407769454627694 1 
0005 0006 5 1671005229582191 -16.25 -58.5 5.688000761479957 1 
0005 0014 5 1671005229583663 39.0 -60.5 3.313398501832985 1 
0005 0009 5 1671005229586258 -48.8125 -70.5 4.884194828627882 1 
0005 0007 5 1671005229587210 -100.875 -71.0 5.197126909356553 1 
0005 0011 5 1671005229588563 -52.0625 -69.0 5.092816215780329 1 
0005 0004 5 1671005229591174 -42.3125 -59.0 2.5832236467994196 1 
0005 0010 5 1671005229592156 26.0 -58.0 3.423845118560751 1 
0005 0001 5 1671005229594041 -74.8125 -71.0 5.540738605842936 1 
0005 0008 6 1671005229616690 3.25 -64.0 1.7426021750380885 1 
0005 0004 6 1671005229617653 41.5 -58.0 2.270291566070749 1 
0005 0015 6 1671005229619057 13.0 -56.5 6.007068765360171 1 
0005 0013 6 1671005229619981 -26.0 -60.5 2.0064468705544187 1 
0005 0007 6 1671005229623025 -45.5625 -72.0 0.4908738521234052 1 
0005 0006 6 1671005229623956 -16.25 -57.5 3.9699422790480394 1 
0005 0012 6 1671005229629777 13.0 -63.0 2.8777479580734626 1 
0005 0010 6 1671005229633676 35.75 -70.0 3.4177091954092087 1 
0005 0012 7 1671005229665898 -117.125 -64.5 2.4605051837685683 1 
0005 0004 7 1671005229669814 142.375 -63.0 1.0062913968529805 1 
0005 0005 7 1671005229670772 21.125 -58.5 5.098952138931871 1 
0005 0015 7 1671005229673072 -42.3125 -65.0 0.2638446955163303 1 
0005 0011 7 1671005229678491 -71.5625 -64.5 4.3933209765044765 1 
0005 0013 7 1671005229681831 6.5 -64.5 1.2333205534600555 1 
0005 0006 7 1671005229683741 6.5 -70.5 1.576932249946439 1 
0005 0014 7 1671005229685072 -58.5625 -64.5 1.337631247036279 1 
0005 0013 8 1671005229716117 22.75 -63.0 1.337631247036279 1 
0005 0012 8 1671005229720397 13.0 -58.5 0.9817477042468103 1 
0005 0007 8 1671005229722462 -9.75 -63.5 3.11091303783208 1 
0005 0015 8 1671005229724142 -32.5 -58.0 2.356194490192345 1 
0005 0014 8 1671005229725288 29.25 -62.0 2.84706834231575 1 
0005 0005 8 1671005229726478 65.0625 -67.0 0.705631162427395 1 
0005 0009 8 1671005229737627 94.375 -74.0 1.1474176293384597 1 
0005 0004 1 1671005229959796 34.9375 -66.5 0.7363107781851077 1 
0005 0005 1 1671005229965067 13.0 -59.0 2.423689644859313 1 
0005 0014 1 1671005229966216 -91.125 -68.5 2.779573187648782 1 
0005 0007 1 1671005229967422 -42.3125 -63.0 1.3989904785517047 1 
0005 0015 1 1671005229968388 -58.5625 -63.5 5.4671075280244255 1 
0005 0011 1 1671005229973801 58.5625 -72.0 0.8835729338221293 1 
0005 0015 2 1671005229999520 -42.3125 -61.0 5.252350217720435 1 
0005 0014 2 1671005230008788 315.6875 -68.5 5.344389064993574 1 
0005 0004 3 1671005230050710 -9.75 -54.0 0.48473792897186263 1 
0005 0012 3 1671005230054951 26.0 -64.0 0.4356505437595221 1 
0005 0014 3 1671005230059965 68.3125 -65.5 1.521708941582556 1 
0005 0006 3 1671005230060953 -3.25 -57.0 2.5893595699509624 1 
0005 0007 3 1671005230068842 -35.75 -71.0 2.773437264497239 1 
0005 0004 4 1671005230109066 -29.25 -61.0 3.147728576741336 1 
0005 0014 4 1671005230110526 -35.75 -69.0 4.319689898685965 1 
0005 0006 4 1671005230114299 -26.0 -57.5 3.5036121195308043 1 
0005 0015 4 1671005230121756 26.0 -67.5 3.2459033471660166 1 
0005 0010 5 1671005230148545 -26.0 -58.5 3.411573272257666 1 
0005 0004 5 1671005230149915 -34.9375 -59.0 2.552544031041707 1 
0005 0012 5 1671005230150879 -3.25 -58.5 0.12885438618239387 1 
0005 0014 5 1671005230153519 26.0 -60.0 3.2949907323783574 1 
0005 0006 5 1671005230154947 -16.25 -58.5 5.706408530934585 1 
0005 0005 5 1671005230158489 -35.75 -65.5 4.049709280018092 1 
0005 0011 5 1671005230159439 -9.75 -69.5 4.957825906446392 1 
0005 0009 5 1671005230161027 84.625 -71.0 4.534447208989955 1 
0005 0001 5 1671005230162232 250.625 -71.5 5.056000676871073 1 
0005 0007 5 1671005230163196 65.0625 -70.5 4.675573441475434 1 
0005 0013 6 1671005230197663 16.25 -60.5 1.9880391010997909 1 
0005 0015 6 1671005230199573 -6.5 -56.5 6.037748381117884 1 
0005 0008 6 1671005230200509 -9.75 -64.0 1.6198837120072371 1 
0005 0004 6 1671005230204805 19.5 -58.5 2.2457478734645786 1 
0005 0010 6 1671005230205758 48.8125 -70.5 3.2336315008629315 1 
0005 0012 6 1671005230209612 9.75 -64.0 2.773437264497239 1 
0005 0006 6 1671005230210619 -35.75 -57.0 3.9085830475326135 1 
0005 0007 6 1671005230215188 48.8125 -71.5 0.2699806186678728 1 
0005 0005 7 1671005230246408 -29.25 -58.5 5.043728830567988 1 
0005 0013 7 1671005230248481 -22.75 -63.5 1.4848934026733007 1 
0005 0015 7 1671005230253546 -81.375 -65.0 0.2945243112740431 1 
0005 0014 7 1671005230254496 29.25 -65.0 1.1719613219446299 1 
0005 0004 7 1671005230257583 27.625 -63.5 1.030835089459151 1 
0005 0006 7 1671005230258547 -305.9375 -71.0 2.024854640009046 1 
0005 0011 7 1671005230262546 22.75 -64.5 4.1417481272912315 1 
0005 0012 7 1671005230263451 0.0 -64.0 2.411417798556228 1 
0005 0005 8 1671005230286209 16.25 -66.5 0.7117670855789375 1 
0005 0012 8 1671005230290773 16.25 -58.0 0.9694758579437253 1 
0005 0015 8 1671005230291711 -29.25 -58.0 2.313243028131547 1 
0005 0007 8 1671005230293679 9.75 -63.0 2.9513790358919736 1 
0005 0013 8 1671005230298315 48.8125 -62.5 1.227184630308513 1 
0005 0014 8 1671005230300370 -13.0 -62.0 2.890019804376548 1 
0005 0009 8 1671005230301293 32.5 -74.0 1.1780972450961724 1 
0005 0005 1 1671005230531062 -26.0 -59.0 2.429825568010856 1 
0005 0009 1 1671005230538131 -205.0625 -72.5 3.3870295796514958 1 
0005 0007 1 1671005230541255 16.25 -63.5 1.4848934026733007 1 
0005 0004 1 1671005230542585 27.625 -66.0 0.4356505437595221 1 
0005 0015 1 1671005230545783 -29.25 -63.0 5.283029833478148 1 
0005 0014 1 1671005230549524 -32.5 -70.0 2.8961557275280905 1 
0005 0015 2 1671005230577218 35.75 -60.0 5.00077736850719 1 
0005 0014 2 1671005230590063 6.5 -69.5 6.000932842208628 1 
0005 0011 2 1671005230593690 -16.25 -66.5 4.442408361716817 1 
0005 0004 3 1671005230638493 13.8125 -54.5 0.18407769454627693 1 
0005 0012 3 1671005230642696 6.5 -60.5 1.0246991663076084 1 
0005 0010 3 1671005230646311 -227.8125 -66.5 6.12365130523948 1 
0005 0006 3 1671005230648232 -42.3125 -56.5 3.865631585471816 1 
0005 0014 3 1671005230649503 -13.0 -66.0 1.3069516312785663 1 
0005 0007 3 1671005230658826 94.375 -72.5 1.7794177139473437 1 
0005 0012 4 1671005230696230 3.25 -62.0 5.743224069843841 1 
0005 0014 4 1671005230698045 -139.9375 -70.5 4.847379289718626 1 
0005 0004 4 1671005230703760 -13.8125 -61.0 1.8530487917658545 1 
0005 0015 4 1671005230706368 42.3125 -67.5 2.5402721847386216 1 
0005 0010 4 1671005230707349 -71.5625 -68.5 5.0682725231741586 1 
0005 0006 4 1671005230718772 16.25 -59.5 4.270602513473625 1 
0005 0011 4 1671005230726018 22.75 -71.0 4.417864669110647 1 
0005 0004 5 1671005230758168 -7.3125 -56.0 2.5832236467994196 1 
0005 0012 5 1671005230760309 6.5 -59.5 5.773903685601553 1 
0005 0014 5 1671005230761301 -16.25 -61.5 3.141592653589793 1 
0005 0011 5 1671005230762283 107.375 -69.5 4.828971520263998 1 
0005 0008 5 1671005230763259 58.5625 -69.5 4.473087977474529 1 
0005 0010 5 1671005230764493 -48.8125 -62.0 5.203262832508095 1 
0005 0006 5 1671005230765962 6.5 -53.5 4.460816131171445 1 
0005 0007 5 1671005230767185 42.3125 -62.5 1.718058482431918 1 
0005 0009 5 1671005230768093 -6.5 -58.5 3.399301425954581 1 
0005 0015 5 1671005230769150 39.0 -68.0 3.3011266555298997 1 
0005 0005 5 1671005230772310 13.0 -63.5 3.9638063558964967 1 
0005 0014 6 1671005230807214 -29.25 -71.5 0.03681553890925539 1 
0005 0012 6 1671005230808181 -39.0 -68.5 0.380427235395639 1 
0005 0007 6 1671005230810153 -32.5 -71.5 4.988505522204105 1 
0005 0004 6 1671005230815870 -9.75 -56.0 3.356349963893783 1 
0005 0015 6 1671005230816824 -13.0 -55.5 5.387340527054372 1 
0005 0006 6 1671005230820379 -130.1875 -66.0 4.908738521234052 1 
0005 0013 6 1671005230822546 -22.75 -60.5 6.050020227420969 1 
0005 0012 7 1671005230869320 -45.5625 -64.5 0.17794177139473438 1 
0005 0015 7 1671005230870614 19.5 -63.5 5.8475347634200645 1 
0005 0009 7 1671005230871864 -48.8125 -65.5 1.6996507129772904 1 
0005 0011 7 1671005230872803 91.125 -68.5 1.8162332528565992 1 
0005 0014 7 1671005230875250 -13.0 -62.0 0.6135923151542565 1 
0005 0004 7 1671005230877427 6.5 -65.5 0.619728238305799 1 
0005 0008 7 1671005230882532 65.0625 -67.5 1.3008157081270237 1 
0005 0007 7 1671005230883978 3.25 -69.0 1.1044661672776617 1 
0005 0006 7 1671005230885717 68.3125 -64.0 5.565282298449106 1 
0005 0001 7 1671005230887502 -58.5625 -69.0 3.7429131224409646 1 
0005 0013 7 1671005230891804 6.5 -70.5 4.816699673960914 1 
0005 0009 8 1671005230928017 3.25 -61.5 1.2762720155208536 1 
0005 0004 8 1671005230930963 -16.25 -61.0 4.086524818927348 1 
0005 0008 8 1671005230931983 -13.0 -63.0 2.405281875404685 1 
0005 0014 8 1671005230933357 13.0 -61.0 2.5280003384355365 1 
0005 0015 8 1671005230934560 0.0 -60.0 2.350058567040802 1 
0005 0005 8 1671005230936889 -32.5 -61.5 0.6013204688511713 1 
0005 0007 8 1671005230939171 -6.5 -66.0 2.1966604882522383 1 
0005 0000 8 1671005230940491 -16.25 -62.5 3.8840393549264434 1 
0005 0012 8 1671005230942395 -19.5 -67.0 4.798291904506286 1 
0005 0011 8 1671005230943475 -22.75 -71.5 0.25157284921324513 1 
0005 0013 8 1671005230944427 -42.3125 -68.0 3.3440781175906977 1 
0005 0007 1 1671005231155892 71.5625 -64.5 0.2270291566070749 1 
0005 0015 1 1671005231160461 -55.3125 -69.0 4.2092432819582 1 
0005 0004 1 1671005231166255 7.3125 -72.5 4.718524903536232 1 
0005 0005 1 1671005231173869 29.25 -58.0 5.651185222570702 1 
0005 0005 2 1671005231196678 26.0 -65.0 5.049864753719531 1 
0005 0007 2 1671005231198579 -162.75 -69.5 5.387340527054372 1 
0005 0014 2 1671005231204182 -22.75 -69.5 1.3744467859455345 1 
0005 0015 2 1671005231207871 -65.0625 -66.5 5.019185137961818 1 
0005 0014 3 1671005231240443 -26.0 -65.0 0.7853981633974483 1 
0005 0004 3 1671005231241887 21.125 -63.5 1.3437671701878218 1 
0005 0006 3 1671005231243782 -16.25 -61.0 0.4356505437595221 1 
0005 0005 3 1671005231244984 -93.5625 -70.5 2.3746022596469727 1 
0005 0009 3 1671005231245951 16.25 -68.0 6.135923151542564 1 
0005 0004 4 1671005231289257 0.0 -62.5 2.6568547246179306 1 
0005 0015 5 1671005231320636 -6.5 -65.5 1.5155730184310134 1 
0005 0014 5 1671005231321556 -3.25 -59.5 5.681864838328415 1 
0005 0008 5 1671005231325415 26.0 -61.0 0.7301748550335652 1 
0005 0004 5 1671005231328116 16.25 -56.0 0.06135923151542565 1 
0005 0000 5 1671005231329067 -65.0625 -68.5 2.6813984172241008 1 
0005 0006 5 1671005231330181 19.5 -54.5 0.4111068511533518 1 
0005 0005 5 1671005231335790 -78.0625 -67.5 1.7794177139473437 1 
0005 0007 5 1671005231337561 -55.3125 -69.5 3.9944859716542096 1 
0005 0006 6 1671005231367169 29.25 -62.5 1.41126232485479 1 
0005 0015 6 1671005231368717 35.75 -64.5 1.3130875544301088 1 
0005 0005 6 1671005231373537 -35.75 -65.0 5.019185137961818 1 
0005 0004 6 1671005231374496 -13.8125 -53.0 0.8222137023067037 1 
0005 0014 6 1671005231376154 16.25 -64.5 1.8775924843720249 1 
0005 0014 7 1671005231409185 -201.8125 -67.5 4.7307967498393175 1 
0005 0005 7 1671005231413134 65.0625 -62.0 2.4850488763747385 1 
0005 0004 7 1671005231414563 76.4375 -68.5 3.877903431774901 1 
0005 0007 8 1671005231448171 -6.5 -71.5 4.552854978444583 1 
0005 0004 8 1671005231449571 -7.3125 -67.0 3.2765829629237295 1 
0005 0015 8 1671005231452286 -6.5 -60.0 4.264466590322082 1 
0005 0005 8 1671005231453764 -22.75 -60.0 5.381204603902829 1 
0005 0008 8 1671005231454658 42.3125 -60.0 1.9634954084936207 1 
0005 0014 8 1671005231455875 -71.5625 -58.5 4.405592822807561 1 
0005 0006 8 1671005231459311 -65.0625 -67.0 5.878214379177777 1 
0005 0005 1 1671005231684786 -39.0 -66.5 4.878058905476339 1 
0005 0007 1 1671005231688860 -42.3125 -71.5 1.8039614065535141 1 
0005 0015 2 1671005231721435 29.25 -70.0 3.7551849687440497 1 
0005 0005 2 1671005231723939 -19.5 -67.5 0.2638446955163303 1 
0005 0006 3 1671005231762134 -68.3125 -70.0 1.0492428589137786 1 
0005 0004 3 1671005231764283 -45.5625 -69.5 6.264777537724958 1 
0005 0006 4 1671005231795963 32.5 -60.5 3.098641191528995 1 
0005 0004 4 1671005231809866 58.5625 -67.5 1.6505633277649499 1 
0005 0007 5 1671005231840278 -68.3125 -71.5 5.730952223540755 1 
0005 0015 5 1671005231841779 22.75 -66.0 1.509437095279471 1 
0005 0014 5 1671005231842745 -58.5625 -65.0 6.154330920997192 1 
0005 0006 5 1671005231843988 26.0 -56.5 1.4542137869155878 1 
0005 0004 5 1671005231846064 13.8125 -60.0 2.509592568980909 1 
0005 0008 5 1671005231848727 117.125 -65.0 1.6260196351587797 1 
0005 0004 6 1671005231876862 -24.375 -62.5 3.172272269347506 1 
0005 0006 6 1671005231882865 0.0 -60.0 4.7860200582032 1 
0005 0008 6 1671005231885203 35.75 -58.5 0.6013204688511713 1 
0005 0014 6 1671005231886139 52.0625 -70.0 2.043262409463674 1 
0005 0015 6 1671005231887955 -35.75 -66.5 2.761165418194154 1 
0005 0014 7 1671005231921677 29.25 -64.0 5.086680292628786 1 
0005 0000 7 1671005231922585 42.3125 -61.0 5.8475347634200645 1 
0005 0008 7 1671005231923547 -35.75 -61.5 3.9822141253511245 1 
0005 0005 7 1671005231926638 45.5625 -59.0 0.5276893910326605 1 
0005 0004 7 1671005231933015 149.6875 -68.5 0.6442719309119693 1 
0005 0006 8 1671005231956439 6.5 -67.5 5.71868037723767 1 
0005 0015 8 1671005231959707 -26.0 -63.5 4.6878452877785195 1 
0005 0000 8 1671005231960670 22.75 -65.0 4.154019973594316 1 
0005 0005 8 1671005231968510 -3.25 -62.5 4.890330751779424 1 
0005 0014 8 1671005231969433 -16.25 -58.0 4.914874444385594 1 
0005 0008 8 1671005231971856 -9.75 -58.5 3.4913402732277192 1 
0005 0005 1 1671005232186200 -16.25 -66.0 5.184855063053467 1 
0005 0007 1 1671005232194840 120.4375 -72.0 1.4480778637640452 1 
0005 0000 2 1671005232229002 -9.75 -69.5 3.067961575771282 1 
0005 0005 2 1671005232240271 -32.5 -67.0 6.240233845118788 1 
0005 0006 3 1671005232290701 -81.375 -68.0 1.3928545554001621 1 
0005 0004 3 1671005232305715 -78.0625 -70.0 0.662679700366597 1 
0005 0006 4 1671005232329753 39.0 -61.5 3.2643111166206444 1 
0005 0004 4 1671005232334300 152.9375 -71.0 1.6751070203711202 1 
0005 0015 5 1671005232365958 29.25 -66.0 1.7241944055834606 1 
0005 0006 5 1671005232367669 3.25 -56.0 1.2701360923693108 1 
0005 0008 5 1671005232371528 32.5 -65.0 1.0921943209745766 1 
0005 0004 5 1671005232374475 27.625 -60.0 2.018718716857504 1 
0005 0014 5 1671005232379634 166.0 -65.0 5.356660911296659 1 
0005 0007 5 1671005232387700 -182.25 -71.0 5.565282298449106 1 
0005 0008 6 1671005232415881 35.75 -58.5 6.037748381117884 1 
0005 0004 6 1671005232422640 17.0625 -62.0 2.448233337465483 1 
0005 0006 6 1671005232423814 -9.75 -60.0 4.755340442445488 1 
0005 0014 6 1671005232425927 58.5625 -70.0 1.7671458676442586 1 
0005 0015 6 1671005232427331 -32.5 -64.5 2.405281875404685 1 
0005 0005 6 1671005232433422 97.625 -71.5 4.663301595172349 1 
0005 0008 7 1671005232456502 3.25 -62.5 3.153864499892878 1 
0005 0014 7 1671005232458570 68.3125 -65.0 5.123495831538041 1 
0005 0005 7 1671005232459799 32.5 -59.0 0.380427235395639 1 
0005 0004 7 1671005232465906 29.25 -68.5 0.4908738521234052 1 
0005 0000 7 1671005232469443 9.75 -60.0 5.221670601962723 1 
0005 0008 8 1671005232499487 29.25 -59.5 2.9943304979527716 1 
0005 0014 8 1671005232502691 9.75 -59.0 4.7307967498393175 1 
0005 0000 8 1671005232505537 -52.0625 -62.5 3.8717675086233583 1 
0005 0005 8 1671005232510019 -45.5625 -62.5 4.571262747899211 1 
0005 0006 8 1671005232511207 -3.25 -67.5 5.595961914206819 1 
0005 0015 8 1671005232514855 -22.75 -63.5 4.724660826687775 1 
0005 0005 1 1671005232739137 -6.5 -66.0 5.387340527054372 1 
0005 0007 1 1671005232742000 -74.8125 -71.5 1.902136176978195 1 
0005 0005 2 1671005232766533 -9.75 -70.0 0.07363107781851078 1 
0005 0000 2 1671005232785834 110.625 -69.0 2.9391071895888885 1 
0005 0006 3 1671005232831974 -74.8125 -67.5 1.3560390164909069 1 
0005 0004 4 1671005232882599 0.0 -71.0 2.12916533358527 1 
0005 0006 4 1671005232884017 -22.75 -61.0 3.2949907323783574 1 
0005 0007 5 1671005232929005 149.6875 -72.5 5.295301679781233 1 
0005 0014 5 1671005232933776 3.25 -64.5 5.540738605842936 1 
0005 0004 5 1671005232936822 -48.8125 -59.5 1.9634954084936207 1 
0005 0008 5 1671005232938369 22.75 -64.5 0.9694758579437253 1 
0005 0015 5 1671005232939308 55.3125 -66.5 1.6382914814618648 1 
0005 0006 5 1671005232940252 -3.25 -56.5 1.3192234775816514 1 
0005 0015 6 1671005232965912 -9.75 -64.0 2.36846633649543 1 
0005 0008 6 1671005232969143 19.5 -59.0 5.921165841238575 1 
0005 0006 6 1671005232971965 -52.0625 -60.0 4.871922982324796 1 
0005 0005 6 1671005232974543 -68.3125 -71.5 4.755340442445488 1 
0005 0004 6 1671005232975971 -3.25 -61.5 2.423689644859313 1 
0005 0014 6 1671005232980916 -13.0 -70.0 1.9941750242513334 1 
0005 0008 7 1671005233006507 13.0 -62.0 3.043417883165112 1 
0005 0000 7 1671005233008308 3.25 -59.5 5.295301679781233 1 
0005 0014 7 1671005233013051 -152.9375 -65.0 5.595961914206819 1 
0005 0005 7 1671005233013967 -3.25 -59.0 0.34974761963792617 1 
0005 0004 7 1671005233021499 -79.75 -68.5 0.46019423636569234 1 
0005 0014 8 1671005233045954 -13.0 -59.0 4.7860200582032 1 
0005 0008 8 1671005233047654 -16.25 -60.0 2.9575149590435164 1 
0005 0000 8 1671005233048875 -45.5625 -61.5 3.9208548938356986 1 
0005 0006 8 1671005233052373 -71.5625 -67.5 5.6573211457222445 1 
0005 0015 8 1671005233053311 19.5 -63.5 4.71238898038469 1 
0005 0005 8 1671005233054342 -9.75 -63.0 4.430136515413731 1 
0005 0007 1 1671005233279718 19.5 -72.5 1.6014759425526093 1 
0005 0005 1 1671005233287814 39.0 -65.5 5.283029833478148 1 
0005 0000 2 1671005233329009 -71.5625 -69.5 3.436116964863836 1 
0005 0005 2 1671005233337914 -32.5 -69.0 6.0991076126333095 1 
0005 0006 3 1671005233376262 -65.0625 -67.0 1.3008157081270237 1 
0005 0004 3 1671005233389922 -27.625 -71.0 0.4111068511533518 1 
0005 0004 4 1671005233431825 0.0 -71.0 2.1046216409791 1 
0005 0006 4 1671005233444826 19.5 -61.0 3.2581751934691017 1 
0005 0006 5 1671005233467847 13.0 -56.0 1.2885438618239387 1 
0005 0015 5 1671005233471984 -26.0 -65.5 1.8775924843720249 1 
0005 0008 5 1671005233472947 -84.625 -65.5 1.055378782065321 1 
0005 0004 5 1671005233474615 10.5625 -59.5 1.9266798695843652 1 
0005 0014 5 1671005233485377 152.9375 -65.0 5.43029198911517 1 
0005 0007 5 1671005233491089 39.0 -70.5 5.387340527054372 1 
0005 0015 6 1671005233520063 35.75 -64.5 2.3071071049800045 1 
0005 0005 6 1671005233520996 -48.8125 -71.5 4.841243366567084 1 
0005 0006 6 1671005233522183 -29.25 -60.0 4.816699673960914 1 
0005 0004 6 1671005233523881 -21.125 -61.5 2.435961491162398 1 
0005 0014 6 1671005233525810 -55.3125 -70.0 2.055534255766759 1 
0005 0008 6 1671005233527027 26.0 -59.0 5.915029918087033 1 
0005 0014 7 1671005233561081 -81.375 -65.5 5.325981295538946 1 
0005 0008 7 1671005233562497 -35.75 -63.0 3.0127382674073995 1 
0005 0000 7 1671005233565245 -26.0 -59.5 5.283029833478148 1 
0005 0005 7 1671005233567561 -16.25 -59.0 0.35588354278946877 1 
0005 0004 7 1671005233570773 45.5625 -69.0 0.3988350048502667 1 
0005 0014 8 1671005233596209 -13.0 -59.5 4.724660826687775 1 
0005 0008 8 1671005233599608 9.75 -60.0 2.816388726558037 1 
0005 0006 8 1671005233600630 -13.0 -67.0 5.534602682691394 1 
0005 0005 8 1671005233606530 26.0 -63.5 4.325825821837508 1 
0005 0015 8 1671005233609651 -32.5 -63.0 4.743068596142402 1 
0005 0000 8 1671005233610984 -13.0 -61.5 3.8410878928656453 1 
