0008 0006 1 1671010078336480 -93.5625 -71.0 6.135923151542564 8 
0008 0004 1 1671010078338549 65.875 -68.0 5.688000761479957 8 
0008 0011 1 1671010078341905 173.3125 -66.0 2.172116795646068 8 
0008 0007 1 1671010078348623 45.5625 -64.0 5.497787143782138 8 
0008 0013 1 1671010078350192 -6.5 -60.5 4.04357335686655 8 
0008 0015 1 1671010078351131 -6.5 -58.5 4.270602513473625 8 
0008 0013 2 1671010078380035 97.625 -64.5 5.350524988145116 8 
0008 0011 2 1671010078381236 65.875 -61.5 1.521708941582556 8 
0008 0015 2 1671010078384102 -26.0 -57.5 4.589670517353839 8 
0008 0005 2 1671010078388112 7.3125 -65.0 0.6749515466696822 8 
0008 0014 2 1671010078389190 -61.8125 -64.0 5.270757987175063 8 
0008 0001 2 1671010078391014 -107.375 -64.5 1.0492428589137786 8 
0008 0007 2 1671010078395606 -107.375 -71.0 2.386874105950058 8 
0008 0007 3 1671010078428782 19.5 -64.5 5.2768939103266055 8 
0008 0015 3 1671010078430602 -13.0 -63.0 0.1902136176978195 8 
0008 0013 3 1671010078439199 146.4375 -70.0 2.5341362615870793 8 
0008 0004 4 1671010078478585 -83.0 -67.5 3.0925052683774528 8 
0008 0004 5 1671010078507499 48.8125 -67.5 3.147728576741336 8 
0008 0010 5 1671010078508435 68.3125 -66.0 1.239456476611598 8 
0008 0015 5 1671010078510067 13.0 -69.0 2.1353012567368124 8 
0008 0007 5 1671010078511303 -13.0 -66.5 5.154175447295755 8 
0008 0006 5 1671010078512717 -41.5 -55.0 5.651185222570702 8 
0008 0014 5 1671010078513914 -13.8125 -58.0 1.9819031779482483 8 
0008 0013 5 1671010078514848 35.75 -62.5 2.650718801466388 8 
0008 0005 5 1671010078517412 34.9375 -68.5 4.344233591292136 8 
0008 0011 5 1671010078528730 -17.0625 -69.5 3.9269908169872414 8 
0008 0005 6 1671010078560456 -21.125 -68.0 5.816855147662351 8 
0008 0010 6 1671010078561662 22.75 -61.0 5.780039608753096 8 
0008 0011 6 1671010078563886 21.125 -61.0 2.8286605728611223 8 
0008 0002 6 1671010078566330 104.125 -72.5 1.7794177139473437 8 
0008 0004 6 1671010078567260 -3.25 -51.5 3.497476196379262 8 
0008 0014 6 1671010078572498 29.25 -64.5 6.166602767300278 8 
0008 0007 6 1671010078574005 -117.125 -71.5 4.779884135051658 8 
0008 0013 7 1671010078596514 -29.25 -57.0 3.9453985864418692 8 
0008 0007 7 1671010078597453 -39.0 -66.5 5.749359992995383 8 
0008 0010 7 1671010078598630 -22.75 -60.0 2.8838838812250054 8 
0008 0014 7 1671010078603367 7.3125 -65.0 3.393165502803038 8 
0008 0015 7 1671010078605741 -29.25 -55.5 3.718369429834794 8 
0008 0004 7 1671010078607185 52.0625 -59.5 1.4542137869155878 8 
0008 0010 8 1671010078646285 -117.125 -69.5 1.6689710972195777 8 
0008 0015 8 1671010078651605 -13.0 -58.0 0.8713010875190442 8 
0008 0013 8 1671010078652566 -32.5 -62.5 3.4913402732277192 8 
0008 0004 8 1671010078656274 3.25 -65.5 3.104777114680538 8 
0008 0005 8 1671010078657485 -3.25 -64.5 2.2886993355253766 8 
0008 0012 8 1671010078658479 -78.0625 -65.5 5.2768939103266055 8 
0008 0014 8 1671010078659439 -41.5 -68.0 0.3374757733348411 8 
0008 0010 1 1671010078875920 104.125 -68.0 1.5401167110371838 8 
0008 0015 1 1671010078882000 16.25 -52.5 5.93343768754166 8 
0008 0004 1 1671010078886803 10.5625 -69.0 1.4726215563702154 8 
0008 0011 1 1671010078887793 13.8125 -63.0 0.06135923151542565 8 
0008 0006 1 1671010078892523 -21.125 -70.5 3.5158839658338894 8 
0008 0015 2 1671010078927367 -55.3125 -58.0 0.2454369260617026 8 
0008 0011 2 1671010078937796 -48.8125 -64.0 1.4296700943094176 8 
0008 0014 2 1671010078939421 -13.0 -62.5 4.822835597112456 8 
0008 0012 2 1671010078940648 3.25 -66.0 5.270757987175063 8 
0008 0007 2 1671010078943849 -9.75 -71.5 6.086835766330224 8 
0008 0005 2 1671010078947160 -79.75 -67.0 2.8654761117703775 8 
0008 0001 2 1671010078949329 -62.625 -67.5 0.30679615757712825 8 
0008 0010 2 1671010078952045 61.8125 -69.5 4.06811704947272 8 
0008 0005 4 1671010079008869 0.0 -64.0 1.3437671701878218 8 
0008 0010 5 1671010079048670 71.5625 -65.0 0.04295146206079795 8 
0008 0012 5 1671010079049617 -35.75 -63.0 5.074408446325701 8 
0008 0004 5 1671010079051954 -16.25 -57.5 4.503767593232243 8 
0008 0006 5 1671010079055833 -117.9375 -67.0 4.522175362686871 8 
0008 0007 5 1671010079057168 -13.0 -66.5 0.22089323345553233 8 
0008 0004 6 1671010079085959 -9.75 -53.0 3.1906800388021335 8 
0008 0006 6 1671010079088692 3.25 -57.5 1.3192234775816514 8 
0008 0007 6 1671010079089632 61.8125 -69.0 1.7855536370988863 8 
0008 0012 6 1671010079090565 -29.25 -60.0 3.9576704327449543 8 
0008 0014 6 1671010079094869 24.375 -60.0 0.4724660826687775 8 
0008 0002 6 1671010079095792 -35.75 -74.0 0.28225246497095796 8 
0008 0012 7 1671010079127158 -27.625 -67.0 0.1043106935762236 8 
0008 0001 7 1671010079130292 -69.125 -66.0 2.4605051837685683 8 
0008 0015 7 1671010079132417 -13.0 -56.0 2.2518837966161214 8 
0008 0014 7 1671010079133618 48.8125 -57.0 0.12885438618239387 8 
0008 0010 7 1671010079139284 -26.0 -65.5 4.595806440505381 8 
0008 0007 7 1671010079141472 -149.6875 -70.5 2.6261751088602177 8 
0008 0005 7 1671010079156799 -59.375 -71.0 3.9392626632903265 8 
0008 0014 8 1671010079181615 34.9375 -71.5 1.3192234775816514 8 
0008 0013 8 1671010079184634 58.5625 -70.0 0.22089323345553233 8 
0008 0015 8 1671010079188606 6.5 -60.0 2.012582793705961 8 
0008 0012 8 1671010079193620 -52.0625 -63.0 4.387185053352934 8 
0008 0014 1 1671010079407146 69.125 -66.0 1.662835174068035 8 
0008 0013 1 1671010079413222 -6.5 -56.5 3.2336315008629315 8 
0008 0015 1 1671010079415309 -42.3125 -57.5 4.657165672020807 8 
0008 0006 1 1671010079418091 -145.625 -69.5 0.3620194659410113 8 
0008 0009 1 1671010079420245 -61.8125 -69.0 5.338253141842031 8 
0008 0010 1 1671010079421166 29.25 -61.0 1.6198837120072371 8 
0008 0014 2 1671010079456390 187.125 -67.0 1.4051264017032472 8 
0008 0005 2 1671010079461738 -45.5625 -65.5 3.56497135104623 8 
0008 0013 2 1671010079462941 74.8125 -64.0 4.945554060143307 8 
0008 0007 2 1671010079463908 -74.8125 -66.5 2.423689644859313 8 
0008 0015 2 1671010079465350 0.0 -58.0 4.565126824747668 8 
0008 0006 2 1671010079466329 -34.9375 -65.5 5.154175447295755 8 
0008 0011 2 1671010079467514 22.75 -65.0 3.3011266555298997 8 
0008 0005 4 1671010079528255 -6.5 -66.0 5.442563835418255 8 
0008 0014 4 1671010079532461 59.375 -72.0 0.3129320807286708 8 
0008 0013 4 1671010079533679 -32.5 -65.5 5.8045833013592665 8 
0008 0014 5 1671010079568067 -41.5 -61.0 3.6754179677739964 8 
0008 0006 5 1671010079569280 13.8125 -62.5 5.915029918087033 8 
0008 0004 5 1671010079570754 76.4375 -66.5 0.9756117810952678 8 
0008 0005 5 1671010079571687 -93.5625 -66.5 0.2454369260617026 8 
0008 0002 5 1671010079572838 237.5625 -73.0 2.1782527187976104 8 
0008 0007 5 1671010079574510 -13.0 -61.0 6.270913460876501 8 
0008 0004 6 1671010079605960 -16.25 -49.0 3.773592738198677 8 
0008 0014 6 1671010079606908 -13.8125 -66.5 5.988660995905543 8 
0008 0002 6 1671010079607876 -78.0625 -74.0 2.448233337465483 8 
0008 0015 6 1671010079609564 -97.625 -68.5 4.374913207049849 8 
0008 0010 6 1671010079617370 -16.25 -65.5 1.521708941582556 8 
0008 0006 6 1671010079618301 7.3125 -60.0 4.3074180523828804 8 
0008 0013 6 1671010079625347 -87.875 -70.0 4.608078286808466 8 
0008 0005 7 1671010079646354 -16.25 -62.0 3.663146121470911 8 
0008 0010 7 1671010079651272 19.5 -58.5 3.5588354278946874 8 
0008 0007 7 1671010079653048 -55.3125 -65.5 5.773903685601553 8 
0008 0015 7 1671010079654011 -3.25 -49.5 4.933282213840222 8 
0008 0014 7 1671010079655242 7.3125 -64.5 0.7976700097005334 8 
0008 0011 7 1671010079656174 21.125 -64.0 5.651185222570702 8 
0008 0013 7 1671010079660624 29.25 -58.0 3.736777199289422 8 
0008 0001 7 1671010079663438 -3.25 -59.5 2.1966604882522383 8 
0008 0015 8 1671010079695894 -9.75 -58.0 3.0495538063166547 8 
0008 0013 8 1671010079699334 -16.25 -59.5 4.558990901596125 8 
0008 0001 8 1671010079703595 48.8125 -67.5 0.9572040116406401 8 
0008 0010 8 1671010079707779 -3.25 -68.0 2.172116795646068 8 
0008 0014 8 1671010079711042 -13.0 -66.0 5.602097837358362 8 
0008 0015 1 1671010079926789 -19.5 -56.5 4.871922982324796 8 
0008 0007 1 1671010079927725 3.25 -58.5 5.822991070813893 8 
0008 0014 1 1671010079928675 24.375 -66.0 4.104932588381976 8 
0008 0005 1 1671010079930585 10.5625 -60.5 0.12885438618239387 8 
0008 0013 1 1671010079931517 6.5 -58.0 6.22182607566416 8 
0008 0010 1 1671010079932470 29.25 -64.5 0.6381360077604268 8 
0008 0004 1 1671010079939890 74.8125 -68.0 1.4848934026733007 8 
0008 0000 1 1671010079947596 100.875 -71.5 5.3198453723874035 8 
0008 0014 2 1671010079986254 -21.125 -63.0 5.773903685601553 8 
0008 0006 2 1671010079988608 29.25 -69.0 4.595806440505381 8 
0008 0015 2 1671010079989526 0.0 -60.0 5.013049214810275 8 
0008 0007 2 1671010079992404 -13.0 -66.0 0.7117670855789375 8 
0008 0013 2 1671010079994130 35.75 -62.0 1.3069516312785663 8 
0008 0012 2 1671010079995077 -34.9375 -66.5 5.896622148632405 8 
0008 0011 2 1671010080001009 -69.125 -65.0 2.552544031041707 8 
0008 0015 3 1671010080040005 -3.25 -62.0 4.239922897715912 8 
0008 0001 3 1671010080043235 -183.875 -69.0 3.098641191528995 8 
0008 0014 4 1671010080076648 24.375 -60.5 1.8039614065535141 8 
0008 0007 4 1671010080079714 -13.0 -65.0 0.39269908169872414 8 
0008 0015 4 1671010080088090 42.3125 -67.0 3.509748042682347 8 
0008 0005 4 1671010080091835 126.9375 -70.5 2.5709518004963345 8 
0008 0006 5 1671010080116422 30.875 -65.5 4.331961744989051 8 
0008 0007 5 1671010080117372 -3.25 -71.0 5.816855147662351 8 
0008 0015 5 1671010080118824 -68.3125 -67.5 2.5954954931025047 8 
0008 0004 5 1671010080122372 -139.125 -69.0 0.4172427743048944 8 
0008 0005 5 1671010080124567 87.0625 -64.5 3.522019888985432 8 
0008 0004 6 1671010080161716 -19.5 -60.0 3.1784081924990484 8 
0008 0014 6 1671010080162620 7.3125 -59.5 4.491495746929157 8 
0008 0011 6 1671010080165166 24.375 -62.0 1.030835089459151 8 
0008 0006 6 1671010080167858 45.5625 -66.5 1.0492428589137786 8 
0008 0012 6 1671010080169060 45.5625 -71.0 1.1228739367322893 8 
0008 0002 6 1671010080170040 -110.625 -76.0 4.460816131171445 8 
0008 0010 7 1671010080195908 -6.5 -65.5 0.14112623248547898 8 
0008 0011 7 1671010080196880 0.0 -64.5 5.663457068873787 8 
0008 0007 7 1671010080199566 68.3125 -60.5 1.2517283229146832 8 
0008 0004 7 1671010080203166 -145.625 -68.0 5.460971604872882 8 
0008 0001 7 1671010080207882 0.0 -63.0 3.988350048502667 8 
0008 0006 7 1671010080209300 -87.0625 -66.5 0.7547185476397354 8 
0008 0015 7 1671010080211467 6.5 -61.0 4.319689898685965 8 
0008 0014 7 1671010080212386 17.0625 -57.5 2.2396119503130363 8 
0008 0005 7 1671010080214436 3.25 -66.0 5.767767762450011 8 
0008 0004 8 1671010080254720 52.0625 -69.0 1.6505633277649499 8 
0008 0012 8 1671010080256743 -3.25 -59.0 0.7240389318820226 8 
0008 0007 8 1671010080258603 -42.3125 -69.5 5.436427912266712 8 
0008 0015 8 1671010080260565 -13.0 -60.0 2.988194574801229 8 
0008 0001 8 1671010080263081 -52.0625 -68.5 3.822680123411018 8 
0008 0009 8 1671010080264041 -9.75 -63.0 0.2699806186678728 8 
0008 0005 8 1671010080267650 -3.25 -66.5 0.30066023442558565 8 
0008 0006 8 1671010080269801 -7.3125 -69.0 1.1903690913992575 8 
0008 0013 1 1671010080487650 9.75 -61.0 2.435961491162398 8 
0008 0015 1 1671010080488859 -22.75 -57.0 4.878058905476339 8 
0008 0006 1 1671010080492001 -114.6875 -68.5 5.565282298449106 8 
0008 0000 1 1671010080493913 -110.625 -72.0 5.927301764390117 8 
0008 0010 1 1671010080497202 -9.75 -63.5 0.8344855486097889 8 
0008 0007 1 1671010080498171 71.5625 -69.5 5.71868037723767 8 
0008 0012 1 1671010080509962 65.0625 -70.0 4.988505522204105 8 
0008 0001 2 1671010080536287 -21.125 -66.0 4.0558452031696355 8 
0008 0005 2 1671010080539526 45.5625 -68.5 2.0923497946760143 8 
0008 0014 2 1671010080542897 13.8125 -64.0 1.1044661672776617 8 
0008 0015 2 1671010080545462 71.5625 -61.5 6.050020227420969 8 
0008 0010 2 1671010080547076 -45.5625 -69.5 4.491495746929157 8 
0008 0012 2 1671010080549964 -111.4375 -64.5 4.178563666200486 8 
0008 0011 2 1671010080551846 -13.8125 -65.5 2.9513790358919736 8 
0008 0013 2 1671010080556346 39.0 -68.0 3.5833791205008576 8 
0008 0005 3 1671010080606429 21.125 -64.0 5.663457068873787 8 
0008 0015 3 1671010080608980 6.5 -64.5 5.896622148632405 8 
0008 0007 3 1671010080611538 19.5 -64.5 2.5464081078901644 8 
0008 0001 3 1671010080612742 -93.5625 -69.0 5.074408446325701 8 
0008 0014 3 1671010080617933 192.0 -70.0 4.049709280018092 8 
0008 0014 4 1671010080646483 3.25 -62.5 0.8406214717613314 8 
0008 0013 4 1671010080648538 -16.25 -62.5 3.3870295796514958 8 
0008 0007 4 1671010080651632 42.3125 -61.0 2.5770877236478773 8 
0008 0001 4 1671010080652863 -13.8125 -69.5 0.2270291566070749 8 
0008 0004 4 1671010080654987 73.1875 -71.0 4.338097668140593 8 
0008 0015 4 1671010080656886 6.5 -66.5 6.2034183062095325 8 
0008 0005 4 1671010080661046 -45.5625 -68.0 6.080699843178682 8 
0008 0000 4 1671010080663479 81.375 -75.5 3.6386024288647407 8 
0008 0013 5 1671010080690725 32.5 -68.5 3.767456815047135 8 
0008 0007 5 1671010080691928 0.0 -67.0 6.1850105367549055 8 
0008 0004 5 1671010080694642 39.0 -66.5 1.5707963267948966 8 
0008 0005 5 1671010080695875 45.5625 -63.5 2.9084275738311756 8 
0008 0006 5 1671010080698157 -39.0 -70.5 3.380893656499953 8 
0008 0014 6 1671010080727763 41.5 -61.0 2.5893595699509624 8 
0008 0004 6 1671010080734130 13.0 -65.0 4.853515212870168 8 
0008 0007 6 1671010080735536 -13.0 -69.0 2.9022916506796332 8 
0008 0006 6 1671010080739132 3.25 -71.0 3.9269908169872414 8 
0008 0014 7 1671010080767355 13.8125 -62.5 4.890330751779424 8 
0008 0009 7 1671010080769879 -26.0 -64.0 0.8528933180644165 8 
0008 0013 7 1671010080772515 -22.75 -60.5 5.626641529964532 8 
0008 0004 7 1671010080775817 52.0625 -64.0 2.890019804376548 8 
0008 0011 7 1671010080777739 -21.125 -56.0 2.2212041808584084 8 
0008 0015 7 1671010080778791 -3.25 -56.5 1.9512235621905356 8 
0008 0010 7 1671010080781157 16.25 -58.5 1.000155473701438 8 
0008 0005 7 1671010080785344 -39.0 -68.0 5.344389064993574 8 
0008 0006 7 1671010080787744 -3.25 -69.5 1.8653206380689396 8 
0008 0013 8 1671010080819432 0.0 -59.0 0.6994952392758523 8 
0008 0001 8 1671010080822084 55.3125 -69.5 3.6140587362585705 8 
0008 0014 8 1671010080823328 -19.5 -60.0 6.000932842208628 8 
0008 0011 8 1671010080824514 -24.375 -72.0 1.7426021750380885 8 
0008 0004 8 1671010080826242 13.8125 -62.5 3.147728576741336 8 
0008 0015 8 1671010080829076 13.0 -59.5 0.9387962421860124 8 
0008 0010 8 1671010080838527 149.6875 -69.0 5.013049214810275 8 
0008 0015 1 1671010081069988 0.0 -57.0 4.411728745959104 8 
0008 0014 1 1671010081074301 52.0625 -66.5 3.7551849687440497 8 
0008 0005 1 1671010081076482 -35.75 -63.0 4.405592822807561 8 
0008 0010 1 1671010081079358 -13.0 -62.0 0.47860200582032003 8 
0008 0013 1 1671010081080574 -3.25 -62.5 0.09817477042468103 8 
0008 0011 1 1671010081082713 21.125 -63.5 5.21553467881118 8 
0008 0007 1 1671010081083932 6.5 -58.0 4.295146206079795 8 
0008 0012 1 1671010081089242 126.9375 -70.0 1.2455923997631406 8 
0008 0004 1 1671010081090190 52.0625 -71.5 3.0802334220743677 8 
0008 0005 2 1671010081126718 -32.5 -69.0 4.577398671050753 8 
0008 0013 2 1671010081127677 19.5 -59.5 1.9082721001297376 8 
0008 0015 2 1671010081130108 48.8125 -64.0 2.0493983326152168 8 
0008 0014 2 1671010081139657 55.3125 -58.5 1.9389517158874505 8 
0008 0011 2 1671010081140576 34.9375 -64.5 5.8045833013592665 8 
0008 0007 2 1671010081145417 -9.75 -57.5 5.123495831538041 8 
0008 0001 2 1671010081147545 48.8125 -62.0 5.2339424482658075 8 
0008 0012 2 1671010081148622 22.75 -64.0 0.006135923151542565 8 
0008 0005 3 1671010081190296 -74.8125 -64.0 5.356660911296659 8 
0008 0011 3 1671010081191526 76.4375 -60.0 6.12365130523948 8 
0008 0015 3 1671010081193509 -3.25 -60.5 3.6570101983193686 8 
0008 0011 4 1671010081226415 -34.9375 -70.0 4.773748211900116 8 
0008 0014 4 1671010081230638 -17.0625 -56.0 3.7551849687440497 8 
0008 0013 4 1671010081232037 3.25 -59.5 5.663457068873787 8 
0008 0015 4 1671010081232990 -22.75 -60.0 5.473243451175968 8 
0008 0005 4 1671010081235169 -6.5 -65.0 4.871922982324796 8 
0008 0000 4 1671010081237311 169.25 -73.5 3.6754179677739964 8 
0008 0004 4 1671010081240072 45.5625 -65.0 2.60776733940559 8 
0008 0012 4 1671010081243930 -17.0625 -70.0 5.786175531904639 8 
0008 0006 5 1671010081266434 -149.6875 -70.5 5.485515297479052 8 
0008 0015 5 1671010081271348 -71.5625 -64.0 4.252194744018997 8 
0008 0005 6 1671010081296198 -97.625 -69.0 5.246214294568893 8 
0008 0015 6 1671010081298906 -13.0 -69.5 0.07363107781851078 8 
0008 0004 6 1671010081300066 -27.625 -57.0 5.559146375297564 8 
0008 0014 6 1671010081301480 3.25 -63.5 0.9265243958829272 8 
0008 0002 6 1671010081307012 58.5625 -74.0 4.700117134081604 8 
0008 0006 6 1671010081308227 -45.5625 -69.0 3.792000507653305 8 
0008 0005 7 1671010081338234 -21.125 -62.5 3.423845118560751 8 
0008 0012 7 1671010081341580 21.125 -64.0 3.859495662320273 8 
0008 0011 7 1671010081342567 3.25 -53.5 2.521864415283994 8 
0008 0015 7 1671010081343520 -19.5 -59.5 3.0925052683774528 8 
0008 0014 7 1671010081344662 -38.1875 -56.5 3.9392626632903265 8 
0008 0009 7 1671010081345609 -6.5 -64.0 1.8039614065535141 8 
0008 0010 7 1671010081347650 -42.3125 -60.0 4.01902966426038 8 
0008 0007 7 1671010081349825 16.25 -68.0 4.3933209765044765 8 
0008 0006 7 1671010081351368 107.375 -71.5 4.970097752749477 8 
0008 0001 7 1671010081352255 6.5 -63.0 2.1782527187976104 8 
0008 0004 7 1671010081355711 -135.0625 -62.5 5.184855063053467 8 
0008 0005 8 1671010081387686 -48.8125 -65.0 3.988350048502667 8 
0008 0006 8 1671010081389737 10.5625 -68.5 1.0615147052168636 8 
0008 0004 8 1671010081392558 -22.75 -62.0 1.88986433067511 8 
0008 0009 8 1671010081393573 0.0 -63.0 3.706097583531709 8 
0008 0007 8 1671010081397424 -91.125 -65.0 3.399301425954581 8 
0008 0012 8 1671010081399589 -6.5 -56.5 3.172272269347506 8 
0008 0010 8 1671010081402640 -52.0625 -69.0 4.841243366567084 8 
0008 0011 8 1671010081407136 -26.0 -69.5 4.025165587411922 8 
0008 0006 1 1671010081627128 -38.1875 -66.0 2.6200391857086753 8 
0008 0009 1 1671010081630730 -87.0625 -66.0 5.006913291658733 8 
0008 0015 1 1671010081631667 -26.0 -56.0 4.006757817957295 8 
0008 0011 1 1671010081632839 -52.0625 -64.0 6.105243535784852 8 
0008 0010 1 1671010081640627 -29.25 -60.0 6.166602767300278 8 
0008 0004 1 1671010081646467 -107.375 -70.5 5.45483568172134 8 
0008 0005 1 1671010081648039 9.75 -67.0 3.9515345095934116 8 
0008 0001 2 1671010081676702 97.625 -64.5 4.859651136021712 8 
0008 0015 2 1671010081677654 -19.5 -57.0 0.607456392002714 8 
0008 0011 2 1671010081680459 -10.5625 -59.5 4.718524903536232 8 
0008 0014 2 1671010081691544 -13.8125 -65.0 2.8961557275280905 8 
0008 0012 2 1671010081694903 -42.3125 -61.5 3.8840393549264434 8 
0008 0010 2 1671010081696098 175.75 -68.0 3.3502140407422405 8 
0008 0006 2 1671010081698472 -156.1875 -68.5 0.803805932852076 8 
0008 0000 2 1671010081704031 -45.5625 -68.5 5.424156065963627 8 
0008 0007 3 1671010081726482 9.75 -59.0 1.043106935762236 8 
0008 0012 3 1671010081729104 100.875 -70.0 2.3193789512830896 8 
0008 0005 3 1671010081730008 55.3125 -61.0 2.662990647769473 8 
0008 0014 3 1671010081733616 -97.625 -61.0 3.77972866135022 8 
0008 0013 3 1671010081736733 214.8125 -66.0 0.8713010875190442 8 
0008 0011 3 1671010081739039 55.3125 -62.5 0.7117670855789375 8 
0008 0015 3 1671010081742560 -35.75 -64.5 2.3193789512830896 8 
0008 0014 4 1671010081777347 -32.5 -57.5 4.135612204139688 8 
0008 0013 4 1671010081778251 -16.25 -64.5 3.7551849687440497 8 
0008 0005 4 1671010081782592 -16.25 -59.5 3.865631585471816 8 
0008 0000 4 1671010081789220 -22.75 -71.0 6.240233845118788 8 
0008 0015 4 1671010081793019 -71.5625 -66.5 2.6139032625571326 8 
0008 0004 5 1671010081828932 -3.25 -62.5 4.608078286808466 8 
0008 0014 5 1671010081829925 -55.3125 -66.0 2.6691265709210157 8 
0008 0005 5 1671010081833611 139.9375 -71.5 1.41126232485479 8 
0008 0006 5 1671010081848206 -55.3125 -70.5 4.430136515413731 8 
0008 0014 6 1671010081878690 -42.3125 -62.5 5.730952223540755 8 
0008 0004 6 1671010081880601 16.25 -65.5 1.9634954084936207 8 
0008 0006 6 1671010081884353 -24.375 -65.0 0.01227184630308513 8 
0008 0005 6 1671010081888594 3.25 -68.0 6.1420590746941075 8 
0008 0015 7 1671010081918785 -6.5 -53.0 1.7548740213411735 8 
0008 0014 7 1671010081920951 17.0625 -67.5 0.2761165418194154 8 
0008 0013 7 1671010081921886 136.6875 -66.0 1.4726215563702154 8 
0008 0011 7 1671010081922857 3.25 -57.0 4.239922897715912 8 
0008 0010 7 1671010081924985 -16.25 -53.0 4.81056375080937 8 
0008 0001 7 1671010081928827 -29.25 -63.5 2.5157284921324514 8 
0008 0007 7 1671010081931652 45.5625 -68.5 0.6872233929727672 8 
0008 0004 7 1671010081933859 -100.875 -71.0 5.50392306693368 8 
0008 0005 7 1671010081935825 -59.375 -62.0 4.589670517353839 8 
0008 0006 7 1671010081937013 114.6875 -65.5 5.105088062083414 8 
0008 0004 8 1671010081966017 45.5625 -63.5 2.4727770300716534 8 
0008 0011 8 1671010081967219 55.3125 -66.0 4.571262747899211 8 
0008 0006 8 1671010081969160 17.0625 -68.0 4.890330751779424 8 
0008 0013 8 1671010081970092 -16.25 -61.0 3.2949907323783574 8 
0008 0010 8 1671010081977267 48.8125 -68.0 4.565126824747668 8 
0008 0005 8 1671010081982779 29.25 -65.5 1.3069516312785663 8 
0008 0014 8 1671010081984206 6.5 -59.0 1.282407938672396 8 
0008 0001 8 1671010081986915 -30.875 -66.5 3.117048960983623 8 
0008 0015 1 1671010082207365 -71.5625 -67.0 5.970253226450915 8 
0008 0007 1 1671010082209485 0.0 -57.0 3.1968159619536762 8 
0008 0005 1 1671010082210422 6.5 -58.5 4.049709280018092 8 
0008 0004 1 1671010082218344 146.4375 -70.5 5.2339424482658075 8 
0008 0014 1 1671010082220515 52.0625 -70.0 4.816699673960914 8 
0008 0013 1 1671010082223971 26.0 -69.5 1.325359400733194 8 
0008 0011 1 1671010082228852 -13.8125 -71.0 4.399456899656019 8 
0008 0013 2 1671010082268219 13.0 -56.0 2.1353012567368124 8 
0008 0012 2 1671010082270073 -87.875 -65.5 6.1420590746941075 8 
0008 0005 2 1671010082274448 0.0 -61.0 5.246214294568893 8 
0008 0014 2 1671010082279185 -10.5625 -58.0 5.810719224510809 8 
0008 0015 2 1671010082280443 52.0625 -60.0 1.2517283229146832 8 
0008 0011 2 1671010082283059 -22.75 -65.5 0.6504078540635119 8 
0008 0007 2 1671010082284083 13.0 -62.0 1.5953400194010667 8 
0008 0015 3 1671010082318421 6.5 -55.0 5.841398840268521 8 
0008 0007 3 1671010082319404 29.25 -68.0 3.9760782021995817 8 
0008 0005 3 1671010082320579 -104.125 -64.5 1.1290098598838318 8 
0008 0011 3 1671010082323716 -10.5625 -63.0 1.4910293258248433 8 
0008 0015 4 1671010082359274 32.5 -59.5 0.30066023442558565 8 
0008 0004 4 1671010082360461 -13.0 -63.0 3.0372819600135696 8 
0008 0013 4 1671010082362767 55.3125 -65.0 1.8530487917658545 8 
0008 0014 4 1671010082363757 -17.0625 -67.0 4.718524903536232 8 
0008 0005 4 1671010082370575 -45.5625 -67.5 5.105088062083414 8 
0008 0007 4 1671010082376738 81.375 -68.5 2.9943304979527716 8 
0008 0015 5 1671010082408154 -19.5 -64.0 4.031301510563465 8 
0008 0006 5 1671010082410024 -65.875 -70.0 5.626641529964532 8 
0008 0013 5 1671010082414745 -227.8125 -68.5 1.9082721001297376 8 
0008 0005 5 1671010082416426 -87.0625 -68.5 5.117359908386499 8 
0008 0006 6 1671010082447901 -10.5625 -64.0 5.559146375297564 8 
0008 0014 6 1671010082448835 -7.3125 -62.0 2.000310947402876 8 
0008 0015 6 1671010082450330 58.5625 -63.5 0.37429131224409645 8 
0008 0004 6 1671010082451247 9.75 -58.5 4.908738521234052 8 
0008 0011 6 1671010082457249 65.875 -68.5 6.270913460876501 8 
0008 0012 6 1671010082459158 -42.3125 -68.5 0.8099418560036186 8 
0008 0010 7 1671010082487341 -19.5 -54.0 5.577554144752192 8 
0008 0005 7 1671010082488298 0.0 -64.5 1.0983302441261191 8 
0008 0014 7 1671010082489249 -16.25 -59.0 4.04357335686655 8 
0008 0009 7 1671010082491866 9.75 -64.5 5.835262917116979 8 
0008 0015 7 1671010082493061 -3.25 -60.5 1.1719613219446299 8 
0008 0011 7 1671010082495717 -3.25 -60.5 5.148039524144211 8 
0008 0004 7 1671010082496680 -16.25 -63.5 1.9082721001297376 8 
0008 0001 7 1671010082502855 -26.0 -62.0 4.700117134081604 8 
0008 0006 7 1671010082504057 -52.0625 -69.0 3.6570101983193686 8 
0008 0012 7 1671010082505852 -32.5 -67.5 5.565282298449106 8 
0008 0007 7 1671010082508187 9.75 -59.5 3.0372819600135696 8 
0008 0011 8 1671010082535982 -62.625 -62.5 4.184699589352029 8 
0008 0015 8 1671010082536919 13.0 -62.0 3.454524734318464 8 
0008 0010 8 1671010082538895 16.25 -63.0 0.9510680884890975 8 
0008 0008 8 1671010082542460 19.5 -73.0 0.14726215563702155 8 
0008 0005 8 1671010082545834 7.3125 -62.0 1.859184714917397 8 
0008 0012 8 1671010082547728 -19.5 -58.5 5.141903600992669 8 
0008 0009 8 1671010082549641 -16.25 -69.0 0.018407769454627694 8 
0008 0006 8 1671010082554251 -159.5 -70.5 3.0250101137104846 8 
0008 0004 8 1671010082555990 35.75 -63.0 1.012427320004523 8 
0008 0014 8 1671010082556924 114.6875 -70.5 1.368310862793992 8 
0008 0007 8 1671010082559747 -58.5625 -64.0 3.3379421944391554 8 
0008 0001 8 1671010082560676 0.0 -65.5 4.970097752749477 8 
0008 0007 1 1671010082778711 19.5 -69.0 3.0250101137104846 8 
0008 0006 1 1671010082780154 -38.1875 -72.0 5.3627968344482015 8 
0008 0005 1 1671010082782537 120.4375 -72.5 0.6320000846088841 8 
0008 0015 1 1671010082785942 -6.5 -70.0 0.0859029241215959 8 
0008 0010 1 1671010082790293 -74.8125 -63.0 3.663146121470911 8 
0008 0015 2 1671010082839788 -52.0625 -57.5 5.45483568172134 8 
0008 0011 2 1671010082843405 -27.625 -55.0 3.485204350076177 8 
0008 0009 2 1671010082846648 -19.5 -66.0 1.2946797849754812 8 
0008 0004 2 1671010082851038 -71.5625 -63.5 0.8958447801252144 8 
0008 0014 2 1671010082853501 -26.0 -66.0 0.9572040116406401 8 
0008 0010 2 1671010082854932 52.0625 -66.0 3.4606606574700063 8 
0008 0006 2 1671010082857212 -74.8125 -70.5 4.037437433715008 8 
0008 0000 2 1671010082860025 152.9375 -68.5 0.44178646691106466 8 
0008 0012 2 1671010082868821 -146.4375 -71.0 3.54042765844006 8 
0008 0007 2 1671010082871405 -260.375 -72.5 4.301282129231338 8 
0008 0014 3 1671010082899803 114.6875 -66.0 5.3198453723874035 8 
0008 0015 3 1671010082902608 -3.25 -62.0 3.393165502803038 8 
0008 0007 3 1671010082903575 78.0625 -64.0 3.0802334220743677 8 
0008 0005 3 1671010082907956 9.75 -60.0 3.117048960983623 8 
0008 0015 4 1671010082936002 39.0 -63.5 3.4606606574700063 8 
0008 0005 4 1671010082937217 6.5 -68.0 3.031146036862027 8 
0008 0004 4 1671010082938718 100.875 -72.0 3.865631585471816 8 
0008 0014 4 1671010082940814 -3.25 -59.5 4.387185053352934 8 
0008 0007 4 1671010082943889 35.75 -63.5 3.485204350076177 8 
0008 0012 4 1671010082944848 -6.5 -65.5 2.564815877344792 8 
0008 0013 4 1671010082949809 -52.0625 -63.5 4.1172044346850605 8 
0008 0015 5 1671010082988989 -16.25 -64.0 4.129476280988146 8 
0008 0014 5 1671010082990577 -59.375 -71.0 4.0128937411088375 8 
0008 0007 5 1671010082992113 -42.3125 -67.0 0.760854470791278 8 
0008 0004 5 1671010082993898 39.0 -65.0 5.019185137961818 8 
0008 0004 6 1671010083016337 97.625 -64.5 1.7978254834019713 8 
0008 0005 6 1671010083018164 16.25 -72.0 6.056156150572511 8 
0008 0007 6 1671010083019103 74.8125 -72.0 2.5157284921324514 8 
0008 0006 6 1671010083020244 17.0625 -72.0 1.5278448647340985 8 
0008 0014 6 1671010083022366 -6.5 -62.5 0.34974761963792617 8 
0008 0010 7 1671010083057871 -6.5 -58.0 5.270757987175063 8 
0008 0004 7 1671010083059072 -3.25 -56.5 2.705942109830271 8 
0008 0007 7 1671010083063097 0.0 -63.0 0.1227184630308513 8 
0008 0015 7 1671010083064845 16.25 -55.5 0.8344855486097889 8 
0008 0011 7 1671010083066981 -41.5 -56.5 5.006913291658733 8 
0008 0014 7 1671010083070270 39.0 -61.0 0.018407769454627694 8 
0008 0001 7 1671010083072602 -32.5 -59.5 5.5100589900852235 8 
0008 0009 7 1671010083073762 -29.25 -68.0 6.062292073724054 8 
0008 0005 7 1671010083081602 260.375 -68.5 4.571262747899211 8 
0008 0015 8 1671010083107464 -9.75 -56.0 2.2886993355253766 8 
0008 0006 8 1671010083112479 0.0 -63.0 4.755340442445488 8 
0008 0013 8 1671010083115369 -3.25 -61.5 4.516039439535327 8 
0008 0004 8 1671010083116287 3.25 -57.0 2.12916533358527 8 
0008 0014 8 1671010083120747 13.0 -60.5 0.2699806186678728 8 
0008 0010 8 1671010083122637 -9.75 -67.5 1.4726215563702154 8 
0008 0005 8 1671010083124081 22.75 -57.0 1.9082721001297376 8 
0008 0007 8 1671010083125404 -9.75 -63.5 4.632621979414636 8 
0008 0009 8 1671010083129904 -39.0 -65.5 1.0246991663076084 8 
