0005 0015 1 1671003140766752 -19.5 -65.0 6.129787228391022 5 
0005 0003 1 1671003140769527 6.5 -70.5 1.1351457830353744 5 
0005 0014 1 1671003140770719 -13.0 -69.5 5.976389149602458 5 
0005 0013 1 1671003140771672 -32.5 -69.5 4.565126824747668 5 
0005 0005 1 1671003140775034 -19.5 -62.0 3.6815538909255388 5 
0005 0008 1 1671003140779926 -81.375 -70.5 3.423845118560751 5 
0005 0005 2 1671003140807165 -30.875 -62.5 4.577398671050753 5 
0005 0014 2 1671003140811730 42.3125 -65.5 1.6505633277649499 5 
0005 0015 2 1671003140814321 -32.5 -67.5 4.565126824747668 5 
0005 0004 3 1671003140846865 -90.3125 -66.5 1.761009944492716 5 
0005 0014 3 1671003140850573 9.75 -61.5 4.908738521234052 5 
0005 0005 3 1671003140856427 -6.5 -66.5 3.3379421944391554 5 
0005 0009 3 1671003140858836 19.5 -67.5 4.0128937411088375 5 
0005 0004 4 1671003140890796 121.25 -70.5 3.08636934522591 5 
0005 0015 4 1671003140891791 -120.4375 -69.5 3.859495662320273 5 
0005 0013 4 1671003140895090 9.75 -68.0 0.6810874698212247 5 
0005 0010 5 1671003140925957 0.0 -64.5 2.018718716857504 5 
0005 0015 5 1671003140929704 -19.5 -60.5 5.829126993965437 5 
0005 0004 5 1671003140930892 -17.0625 -65.5 5.786175531904639 5 
0005 0014 5 1671003140931843 -71.5625 -67.5 3.724505352986337 5 
0005 0005 5 1671003140933271 48.8125 -72.5 0.8406214717613314 5 
0005 0013 5 1671003140934972 29.25 -60.5 2.000310947402876 5 
0005 0011 5 1671003140935921 9.75 -67.5 1.214912784005428 5 
0005 0009 5 1671003140936848 29.25 -65.0 2.2948352586769194 5 
0005 0012 5 1671003140940636 -149.6875 -72.0 5.5714182216006485 5 
0005 0003 5 1671003140943633 514.25 -71.5 1.9880391010997909 5 
0005 0013 6 1671003140966111 3.25 -61.0 2.429825568010856 5 
0005 0010 6 1671003140967515 6.5 -66.5 3.859495662320273 5 
0005 0015 6 1671003140968452 22.75 -60.5 1.6812429435226628 5 
0005 0012 6 1671003140969374 -61.8125 -70.0 4.123340357836604 5 
0005 0006 6 1671003140970323 26.0 -68.5 1.8039614065535141 5 
0005 0004 6 1671003140971733 0.0 -59.5 2.337786720737717 5 
0005 0014 6 1671003140972657 16.25 -65.5 1.3744467859455345 5 
0005 0005 6 1671003140978336 45.5625 -64.0 5.853670686571607 5 
0005 0009 6 1671003140979925 -71.5625 -67.5 6.062292073724054 5 
0005 0014 7 1671003141007079 58.5625 -67.5 2.184388641949153 5 
0005 0011 7 1671003141008127 19.5 -64.5 4.700117134081604 5 
0005 0015 7 1671003141010477 13.0 -58.0 1.7732817907958012 5 
0005 0005 7 1671003141012643 59.375 -65.5 4.135612204139688 5 
0005 0013 7 1671003141015332 91.125 -68.5 0.8099418560036186 5 
0005 0012 7 1671003141020672 3.25 -70.5 3.0802334220743677 5 
0005 0010 7 1671003141022453 107.375 -71.0 0.4356505437595221 5 
0005 0004 8 1671003141046871 17.0625 -63.5 6.277049384028044 5 
0005 0015 8 1671003141049009 13.0 -69.0 6.050020227420969 5 
0005 0013 8 1671003141050727 -35.75 -68.0 1.4542137869155878 5 
0005 0006 8 1671003141051678 -123.6875 -69.5 2.6200391857086753 5 
0005 0005 8 1671003141053558 -17.0625 -72.5 3.074097498922825 5 
0005 0011 8 1671003141054522 9.75 -62.0 1.3192234775816514 5 
0005 0000 8 1671003141056479 -48.8125 -66.5 3.497476196379262 5 
0005 0008 8 1671003141063411 52.0625 -68.5 1.6935147898257479 5 
0005 0014 8 1671003141066485 -3.25 -73.0 4.460816131171445 5 
0005 0014 1 1671003141289382 -22.75 -69.5 5.915029918087033 5 
0005 0005 1 1671003141291427 38.1875 -62.0 3.6692820446224537 5 
0005 0013 1 1671003141295002 -6.5 -69.0 4.638757902566179 5 
0005 0015 1 1671003141297204 -6.5 -65.0 6.14819499784565 5 
0005 0003 1 1671003141301357 84.625 -70.0 1.0492428589137786 5 
0005 0008 1 1671003141302308 -58.5625 -70.0 3.509748042682347 5 
0005 0014 2 1671003141328116 68.3125 -65.0 1.6812429435226628 5 
0005 0005 2 1671003141331207 -55.3125 -63.5 4.669437518323892 5 
0005 0015 2 1671003141337637 -117.125 -67.5 4.693981210930062 5 
0005 0004 3 1671003141360178 128.5625 -66.0 1.4603497100671303 5 
0005 0005 3 1671003141361095 21.125 -66.5 3.429981041712294 5 
0005 0014 3 1671003141363700 -13.0 -61.5 4.822835597112456 5 
0005 0009 3 1671003141366071 -65.0625 -66.5 4.215379205109742 5 
0005 0015 4 1671003141407318 100.875 -69.0 3.5342917352885173 5 
0005 0013 4 1671003141408738 91.125 -67.5 0.48473792897186263 5 
0005 0004 4 1671003141416049 100.875 -71.0 2.9697868053466014 5 
0005 0010 5 1671003141446414 -16.25 -65.0 2.012582793705961 5 
0005 0015 5 1671003141448510 58.5625 -60.5 5.700272607783043 5 
0005 0012 5 1671003141449462 -270.125 -71.5 5.651185222570702 5 
0005 0013 5 1671003141451613 9.75 -60.5 2.043262409463674 5 
0005 0009 5 1671003141453319 162.75 -65.5 2.0923497946760143 5 
0005 0011 5 1671003141455515 48.8125 -68.0 1.0246991663076084 5 
0005 0004 5 1671003141457693 76.4375 -65.0 5.491651220630596 5 
0005 0014 5 1671003141458869 -104.125 -66.0 3.7122335066832517 5 
0005 0003 5 1671003141461427 -169.25 -71.5 3.0495538063166547 5 
0005 0005 5 1671003141463050 58.5625 -69.5 0.6442719309119693 5 
0005 0013 6 1671003141485944 9.75 -61.5 2.4175537217077703 5 
0005 0004 6 1671003141487388 27.625 -60.0 2.2457478734645786 5 
0005 0015 6 1671003141489428 -3.25 -60.5 1.6935147898257479 5 
0005 0014 6 1671003141490361 0.0 -66.0 1.4296700943094176 5 
0005 0012 6 1671003141493014 -113.875 -71.5 4.129476280988146 5 
0005 0005 6 1671003141494244 29.25 -64.5 5.829126993965437 5 
0005 0010 6 1671003141495195 -71.5625 -66.5 3.9269908169872414 5 
0005 0006 6 1671003141496397 6.5 -68.0 1.7855536370988863 5 
0005 0009 6 1671003141499077 -110.625 -67.5 6.129787228391022 5 
0005 0014 7 1671003141526153 -6.5 -68.0 2.3439226438892597 5 
0005 0013 7 1671003141528185 13.0 -68.0 0.8651651643675016 5 
0005 0005 7 1671003141529175 29.25 -65.0 4.129476280988146 5 
0005 0015 7 1671003141532313 -6.5 -58.0 1.7978254834019713 5 
0005 0011 7 1671003141534256 68.3125 -64.0 4.552854978444583 5 
0005 0010 7 1671003141545849 -195.25 -71.5 0.760854470791278 5 
0005 0006 8 1671003141576781 26.0 -70.0 2.405281875404685 5 
0005 0004 8 1671003141577923 -3.25 -63.5 6.277049384028044 5 
0005 0011 8 1671003141579555 26.0 -61.5 1.2517283229146832 5 
0005 0013 8 1671003141583153 16.25 -68.5 1.3499030933393643 5 
0005 0008 8 1671003141585064 -9.75 -68.5 1.8039614065535141 5 
0005 0012 8 1671003141586200 -84.625 -72.5 2.748893571891069 5 
0005 0015 8 1671003141587123 39.0 -68.5 5.957981380147831 5 
0005 0000 8 1671003141589294 -13.0 -66.0 3.2827188860752723 5 
0005 0014 8 1671003141598210 -81.375 -72.5 4.516039439535327 5 
0005 0005 8 1671003141599111 3.25 -70.5 2.8102528034064944 5 
0005 0013 1 1671003141817149 -13.0 -69.0 4.485359823777615 5 
0005 0015 1 1671003141822034 -22.75 -64.5 6.2463697682703305 5 
0005 0003 1 1671003141824185 -87.875 -70.0 1.3499030933393643 5 
0005 0005 1 1671003141825387 -27.625 -62.0 3.77972866135022 5 
0005 0014 1 1671003141826549 78.0625 -70.0 5.5714182216006485 5 
0005 0008 1 1671003141831465 -19.5 -69.5 3.9638063558964967 5 
0005 0014 2 1671003141860254 9.75 -66.0 1.607611865704152 5 
0005 0005 2 1671003141864094 24.375 -64.0 4.595806440505381 5 
0005 0015 2 1671003141865105 139.9375 -69.5 4.338097668140593 5 
0005 0014 3 1671003141886964 -35.75 -60.0 4.871922982324796 5 
0005 0005 3 1671003141892025 -41.5 -66.5 3.6140587362585705 5 
0005 0009 3 1671003141893870 -32.5 -66.5 4.221515128261284 5 
0005 0004 3 1671003141896870 -10.5625 -65.0 1.6689710972195777 5 
0005 0015 4 1671003141940022 -78.0625 -69.5 3.8963112012295285 5 
0005 0013 4 1671003141946411 48.8125 -67.5 0.4970097752749477 5 
0005 0004 4 1671003141950831 180.625 -72.5 2.9084275738311756 5 
0005 0004 5 1671003141980975 -7.3125 -65.0 5.706408530934585 5 
0005 0012 5 1671003141981929 185.5 -70.5 4.945554060143307 5 
0005 0009 5 1671003141982909 16.25 -64.5 2.1782527187976104 5 
0005 0013 5 1671003141984142 -22.75 -59.5 2.086213871524472 5 
0005 0015 5 1671003141985300 0.0 -60.0 5.700272607783043 5 
0005 0010 5 1671003141986572 126.9375 -65.0 1.8346410223112268 5 
0005 0014 5 1671003141987548 39.0 -66.0 3.5465635815916023 5 
0005 0011 5 1671003141989389 9.75 -68.0 1.0799224746714913 5 
0005 0005 5 1671003141991363 111.4375 -70.5 0.6994952392758523 5 
0005 0003 5 1671003141992326 188.75 -72.0 2.2212041808584084 5 
0005 0015 6 1671003142017246 55.3125 -61.0 1.5892040962495242 5 
0005 0005 6 1671003142018296 26.0 -64.0 5.8045833013592665 5 
0005 0004 6 1671003142019934 -10.5625 -59.5 2.2948352586769194 5 
0005 0006 6 1671003142021721 -9.75 -68.5 1.718058482431918 5 
0005 0010 6 1671003142022930 29.25 -67.0 3.8410878928656453 5 
0005 0009 6 1671003142025090 -3.25 -66.5 6.037748381117884 5 
0005 0014 6 1671003142025995 0.0 -66.0 1.3744467859455345 5 
0005 0013 6 1671003142026921 19.5 -61.0 2.411417798556228 5 
0005 0012 6 1671003142028497 45.5625 -70.0 4.000621894805752 5 
0005 0012 7 1671003142056423 -195.25 -70.0 3.380893656499953 5 
0005 0010 7 1671003142057899 -35.75 -71.5 0.7117670855789375 5 
0005 0015 7 1671003142060571 0.0 -58.0 1.8346410223112268 5 
0005 0011 7 1671003142062805 -61.8125 -64.5 4.921010367537137 5 
0005 0013 7 1671003142064649 -55.3125 -69.5 1.1658253987930873 5 
0005 0005 7 1671003142065865 -21.125 -64.5 4.313553975534423 5 
0005 0014 7 1671003142066800 13.0 -68.0 2.36846633649543 5 
0005 0006 8 1671003142096195 94.375 -69.5 2.2518837966161214 5 
0005 0004 8 1671003142097168 -34.9375 -63.5 0.09203884727313846 5 
0005 0005 8 1671003142098115 48.8125 -69.5 2.9206994201342606 5 
0005 0011 8 1671003142100039 13.0 -62.0 1.337631247036279 5 
0005 0008 8 1671003142101002 -32.5 -67.0 1.9144080232812801 5 
0005 0013 8 1671003142101968 39.0 -68.0 1.3989904785517047 5 
0005 0015 8 1671003142103629 -55.3125 -69.0 6.135923151542564 5 
0005 0000 8 1671003142106502 29.25 -65.5 3.380893656499953 5 
0005 0012 8 1671003142110538 29.25 -72.0 2.521864415283994 5 
0005 0014 8 1671003142113289 35.75 -72.5 4.3933209765044765 5 
0005 0013 1 1671003142336403 52.0625 -69.0 4.399456899656019 5 
0005 0014 1 1671003142341003 -6.5 -68.5 5.737088146692298 5 
0005 0005 1 1671003142342192 24.375 -61.0 3.5711072741977725 5 
0005 0015 1 1671003142344093 -39.0 -64.5 6.135923151542564 5 
0005 0008 1 1671003142346475 -61.8125 -69.0 3.933126740138784 5 
0005 0003 1 1671003142350477 -152.9375 -71.0 1.1228739367322893 5 
0005 0015 2 1671003142377699 -149.6875 -69.5 5.074408446325701 5 
0005 0014 2 1671003142378634 120.4375 -65.0 1.6505633277649499 5 
0005 0005 2 1671003142383123 -13.8125 -63.5 4.706253057233147 5 
0005 0005 3 1671003142408931 -27.625 -65.5 3.479068426924634 5 
0005 0014 3 1671003142413325 16.25 -62.0 4.767612288748572 5 
0005 0004 3 1671003142415424 166.8125 -66.5 1.227184630308513 5 
0005 0009 3 1671003142418933 -26.0 -69.0 4.104932588381976 5 
0005 0013 4 1671003142448490 84.625 -67.5 0.5092816215780329 5 
0005 0004 4 1671003142454415 52.0625 -70.5 2.890019804376548 5 
0005 0015 4 1671003142457774 -74.8125 -70.0 3.822680123411018 5 
0005 0015 5 1671003142486646 9.75 -60.5 5.798447378207723 5 
0005 0004 5 1671003142489109 3.25 -65.0 5.859806609723149 5 
0005 0009 5 1671003142490291 -13.0 -65.5 2.5280003384355365 5 
0005 0013 5 1671003142491288 74.8125 -60.5 2.0923497946760143 5 
0005 0005 5 1671003142492238 74.8125 -69.0 0.7547185476397354 5 
0005 0010 5 1671003142494621 58.5625 -64.5 2.1046216409791 5 
0005 0014 5 1671003142495525 9.75 -66.0 3.663146121470911 5 
0005 0011 5 1671003142497047 87.875 -67.5 1.227184630308513 5 
0005 0012 5 1671003142501091 384.0625 -71.0 4.595806440505381 5 
0005 0005 6 1671003142526271 45.5625 -65.0 6.019340611663256 5 
0005 0006 6 1671003142527687 13.0 -67.5 1.9573594853420782 5 
0005 0015 6 1671003142529973 -39.0 -60.5 1.8223691760081417 5 
0005 0004 6 1671003142530931 7.3125 -59.5 2.478912953223196 5 
0005 0012 6 1671003142533102 -65.0625 -70.5 4.252194744018997 5 
0005 0009 6 1671003142534789 3.25 -67.5 6.277049384028044 5 
0005 0013 6 1671003142536239 -52.0625 -61.0 2.650718801466388 5 
0005 0010 6 1671003142537188 6.5 -67.0 4.129476280988146 5 
0005 0014 6 1671003142538124 107.375 -66.0 1.2701360923693108 5 
0005 0011 7 1671003142568444 -26.0 -64.0 5.123495831538041 5 
0005 0005 7 1671003142571570 -162.75 -65.0 4.767612288748572 5 
0005 0015 7 1671003142572805 45.5625 -58.0 1.8162332528565992 5 
0005 0013 7 1671003142574801 -29.25 -69.0 1.2885438618239387 5 
0005 0004 7 1671003142576697 -110.625 -72.0 1.9573594853420782 5 
0005 0014 7 1671003142579172 120.4375 -68.0 2.3193789512830896 5 
0005 0012 7 1671003142580588 -113.875 -71.5 3.436116964863836 5 
0005 0013 8 1671003142608071 48.8125 -69.0 1.4173982480063325 5 
0005 0000 8 1671003142610872 9.75 -66.5 3.718369429834794 5 
0005 0014 8 1671003142611809 32.5 -72.0 4.3503695144436785 5 
0005 0006 8 1671003142612939 9.75 -69.5 2.5157284921324514 5 
0005 0005 8 1671003142616401 -17.0625 -68.5 2.9943304979527716 5 
0005 0004 8 1671003142617392 32.5 -63.5 0.2699806186678728 5 
0005 0011 8 1671003142620402 -3.25 -63.0 1.5401167110371838 5 
0005 0008 8 1671003142623278 58.5625 -68.5 2.0800779483729293 5 
0005 0015 8 1671003142624202 -71.5625 -70.0 6.258641614573416 5 
0005 0012 8 1671003142626230 -84.625 -71.0 2.84706834231575 5 
0005 0005 1 1671003142846688 -13.8125 -61.5 3.54042765844006 5 
0005 0003 1 1671003142847610 84.625 -70.5 0.8222137023067037 5 
0005 0013 1 1671003142848520 -117.125 -69.5 4.638757902566179 5 
0005 0008 1 1671003142854489 -35.75 -67.5 3.724505352986337 5 
0005 0014 1 1671003142856614 -13.0 -68.5 5.767767762450011 5 
0005 0015 1 1671003142857780 71.5625 -64.5 5.890486225480862 5 
0005 0015 2 1671003142891362 -104.125 -69.0 4.963961829597935 5 
0005 0005 2 1671003142893438 -58.5625 -63.0 4.595806440505381 5 
0005 0014 2 1671003142894742 71.5625 -64.5 1.4848934026733007 5 
0005 0014 3 1671003142916978 39.0 -61.5 4.767612288748572 5 
0005 0005 3 1671003142918831 -61.8125 -66.5 3.423845118560751 5 
0005 0004 3 1671003142920261 39.0 -66.0 1.4419419406125027 5 
0005 0009 3 1671003142922428 -6.5 -67.0 3.9576704327449543 5 
0005 0013 4 1671003142967358 32.5 -67.5 0.6381360077604268 5 
0005 0015 4 1671003142970003 -26.0 -70.0 3.749049045592507 5 
0005 0011 5 1671003143008634 6.5 -67.5 1.4726215563702154 5 
0005 0014 5 1671003143010467 -58.5625 -67.0 3.7429131224409646 5 
0005 0013 5 1671003143011373 -9.75 -61.0 2.2212041808584084 5 
0005 0012 5 1671003143012610 52.0625 -70.5 5.5714182216006485 5 
0005 0009 5 1671003143014186 -42.3125 -66.0 2.6445828783148455 5 
0005 0010 5 1671003143015108 -68.3125 -65.5 2.2948352586769194 5 
0005 0015 5 1671003143016088 -48.8125 -61.0 5.890486225480862 5 
0005 0004 5 1671003143017347 -24.375 -65.0 5.945709533844745 5 
0005 0015 6 1671003143046050 19.5 -61.0 1.7732817907958012 5 
0005 0010 6 1671003143047215 -71.5625 -66.5 4.2031073588066565 5 
0005 0012 6 1671003143048917 -45.5625 -70.5 4.313553975534423 5 
0005 0006 6 1671003143051441 87.875 -68.0 2.018718716857504 5 
0005 0005 6 1671003143054058 38.1875 -64.5 5.970253226450915 5 
0005 0004 6 1671003143054958 6.5 -59.5 2.509592568980909 5 
0005 0009 6 1671003143056422 13.0 -68.0 6.19728238305799 5 
0005 0014 6 1671003143058095 32.5 -65.5 1.3069516312785663 5 
0005 0013 6 1671003143059060 26.0 -60.5 2.5280003384355365 5 
0005 0015 7 1671003143088932 26.0 -58.0 1.7671458676442586 5 
0005 0014 7 1671003143090421 -188.75 -68.0 2.6813984172241008 5 
0005 0011 7 1671003143091357 -133.4375 -64.0 5.00077736850719 5 
0005 0005 7 1671003143092290 191.1875 -64.5 4.23378697456437 5 
0005 0012 7 1671003143093479 149.6875 -68.5 2.9820586516496865 5 
0005 0013 7 1671003143095507 39.0 -69.0 1.0062913968529805 5 
0005 0010 7 1671003143098000 -58.5625 -72.0 0.8528933180644165 5 
0005 0004 7 1671003143098889 69.125 -71.5 1.6751070203711202 5 
0005 0000 8 1671003143126450 35.75 -66.5 3.411573272257666 5 
0005 0011 8 1671003143128611 0.0 -62.5 1.4419419406125027 5 
0005 0012 8 1671003143129565 -19.5 -71.5 2.693670263527186 5 
0005 0014 8 1671003143132113 -6.5 -71.5 4.405592822807561 5 
0005 0013 8 1671003143135286 35.75 -68.5 1.3867186322486196 5 
0005 0004 8 1671003143136471 -10.5625 -63.5 0.25770877236478773 5 
0005 0015 8 1671003143141243 6.5 -68.5 5.939573610693203 5 
0005 0006 8 1671003143142209 -48.8125 -71.0 2.6323110320117604 5 
0005 0008 8 1671003143144024 81.375 -68.5 1.8837284075235674 5 
0005 0005 8 1671003143145167 -3.25 -68.5 2.767301341345697 5 
0005 0003 1 1671003143367273 48.8125 -69.5 0.9572040116406401 5 
0005 0015 1 1671003143368480 -26.0 -64.0 6.117515382087937 5 
0005 0005 1 1671003143370545 -21.125 -61.5 3.6386024288647407 5 
0005 0008 1 1671003143371990 -136.6875 -68.5 3.436116964863836 5 
0005 0013 1 1671003143372956 -32.5 -69.5 4.503767593232243 5 
0005 0014 1 1671003143374119 48.8125 -68.5 5.675728915176872 5 
0005 0014 2 1671003143408478 65.0625 -65.0 1.564660403643354 5 
0005 0015 2 1671003143412810 -84.625 -70.0 4.6878452877785195 5 
0005 0005 2 1671003143415869 17.0625 -63.0 4.430136515413731 5 
0005 0005 3 1671003143436956 -76.4375 -65.5 3.5342917352885173 5 
0005 0014 3 1671003143439283 -29.25 -61.0 4.890330751779424 5 
0005 0009 3 1671003143442498 3.25 -68.0 3.859495662320273 5 
0005 0004 3 1671003143444411 93.5625 -66.0 1.521708941582556 5 
0005 0015 4 1671003143477882 104.125 -69.5 3.7122335066832517 5 
0005 0013 4 1671003143484181 22.75 -68.0 0.662679700366597 5 
0005 0004 4 1671003143485682 52.0625 -71.0 3.043417883165112 5 
0005 0009 5 1671003143516211 3.25 -65.0 2.442097414313941 5 
0005 0015 5 1671003143517148 -16.25 -60.5 5.859806609723149 5 
0005 0014 5 1671003143519361 16.25 -65.5 3.7122335066832517 5 
0005 0013 5 1671003143520581 -22.75 -60.5 2.1782527187976104 5 
0005 0010 5 1671003143521759 42.3125 -65.0 2.086213871524472 5 
0005 0004 5 1671003143526275 -52.0625 -65.0 5.872078456026235 5 
0005 0011 5 1671003143527851 22.75 -67.0 1.2762720155208536 5 
0005 0012 5 1671003143528819 -263.625 -71.0 5.620505606812989 5 
0005 0005 5 1671003143535327 -162.75 -70.5 0.8713010875190442 5 
0005 0004 6 1671003143555981 -27.625 -59.5 2.454369260617026 5 
0005 0013 6 1671003143557201 -22.75 -61.0 2.5280003384355365 5 
0005 0014 6 1671003143558122 -13.0 -65.5 1.3069516312785663 5 
0005 0015 6 1671003143559097 0.0 -60.5 1.7303303287350031 5 
0005 0006 6 1671003143560022 130.1875 -67.0 1.6505633277649499 5 
0005 0012 6 1671003143563364 -113.875 -70.5 4.399456899656019 5 
0005 0005 6 1671003143564325 -90.3125 -64.0 6.050020227420969 5 
0005 0010 6 1671003143566226 29.25 -67.5 3.9208548938356986 5 
0005 0009 6 1671003143567726 -45.5625 -68.0 6.209554229361076 5 
0005 0005 7 1671003143595932 -87.875 -65.0 4.430136515413731 5 
0005 0011 7 1671003143601094 16.25 -64.0 4.743068596142402 5 
0005 0013 7 1671003143602302 -16.25 -69.0 0.8283496254582462 5 
0005 0015 7 1671003143603493 -13.0 -58.0 1.7978254834019713 5 
0005 0014 7 1671003143606004 94.375 -68.5 2.0923497946760143 5 
0005 0012 7 1671003143608590 84.625 -71.0 2.761165418194154 5 
0005 0010 7 1671003143612166 143.1875 -70.5 0.22089323345553233 5 
0005 0013 8 1671003143636162 81.375 -68.0 1.2333205534600555 5 
0005 0005 8 1671003143639635 41.5 -69.5 2.82252464970958 5 
0005 0011 8 1671003143642679 -19.5 -62.5 1.3314953238847365 5 
0005 0008 8 1671003143643843 -117.125 -69.0 1.945087639038993 5 
0005 0000 8 1671003143645977 -3.25 -66.0 3.356349963893783 5 
0005 0012 8 1671003143647456 26.0 -71.5 2.718213956133356 5 
0005 0014 8 1671003143648419 45.5625 -72.0 4.264466590322082 5 
0005 0015 8 1671003143649442 74.8125 -68.5 5.8045833013592665 5 
0005 0006 8 1671003143650874 143.1875 -70.5 2.2150682577068657 5 
0005 0004 8 1671003143653473 -21.125 -64.0 0.1349903093339364 5 
0005 0008 1 1671003143867628 -61.8125 -68.0 3.816544200259475 5 
0005 0013 1 1671003143870861 -100.875 -69.5 4.608078286808466 5 
0005 0005 1 1671003143871990 3.25 -62.0 3.5833791205008576 5 
0005 0015 1 1671003143873425 32.5 -65.0 6.17273869045182 5 
0005 0014 1 1671003143874828 -22.75 -69.5 5.872078456026235 5 
0005 0003 1 1671003143876005 -52.0625 -69.5 1.1290098598838318 5 
0005 0014 2 1671003143910474 -58.5625 -65.0 1.7119225592803755 5 
0005 0015 2 1671003143913710 -48.8125 -68.5 4.71238898038469 5 
0005 0005 2 1671003143915494 34.9375 -62.5 4.424000592262189 5 
0005 0014 3 1671003143946677 -68.3125 -61.0 4.921010367537137 5 
0005 0005 3 1671003143950334 34.9375 -65.5 3.4177091954092087 5 
0005 0004 3 1671003143954953 30.875 -66.0 1.705786636128833 5 
0005 0009 3 1671003143955993 -117.125 -68.5 4.196971435655114 5 
0005 0015 4 1671003143985966 -84.625 -70.5 4.031301510563465 5 
0005 0013 4 1671003143995567 26.0 -68.5 0.5951845456996288 5 
0005 0004 4 1671003143999761 -13.8125 -72.5 3.2029518851052186 5 
0005 0014 5 1671003144027838 26.0 -67.5 3.5956509668039427 5 
0005 0015 5 1671003144029000 -3.25 -60.5 5.767767762450011 5 
0005 0010 5 1671003144032306 -81.375 -65.0 2.2886993355253766 5 
0005 0004 5 1671003144033240 107.375 -65.0 5.5284667595398505 5 
0005 0005 5 1671003144034201 -139.125 -70.5 0.9878836273983529 5 
0005 0009 5 1671003144035658 -9.75 -65.0 2.411417798556228 5 
0005 0013 5 1671003144036612 -22.75 -60.5 2.1598449493429825 5 
0005 0011 5 1671003144040732 136.6875 -67.0 0.9878836273983529 5 
0005 0015 6 1671003144066227 9.75 -60.5 1.6689710972195777 5 
0005 0014 6 1671003144068540 -3.25 -65.0 1.3437671701878218 5 
0005 0004 6 1671003144069742 10.5625 -59.5 2.3316507975861747 5 
0005 0005 6 1671003144072643 -17.0625 -64.0 5.915029918087033 5 
0005 0013 6 1671003144073805 -3.25 -61.0 2.4175537217077703 5 
0005 0010 6 1671003144076092 -22.75 -67.5 3.8963112012295285 5 
0005 0009 6 1671003144077018 39.0 -67.5 5.988660995905543 5 
0005 0012 6 1671003144078734 -87.875 -70.5 4.270602513473625 5 
0005 0006 6 1671003144079684 -55.3125 -68.0 1.8530487917658545 5 
0005 0011 7 1671003144105938 19.5 -64.5 4.6878452877785195 5 
0005 0015 7 1671003144111657 26.0 -58.0 1.761009944492716 5 
0005 0005 7 1671003144112872 48.8125 -65.5 4.1601558967458585 5 
0005 0014 7 1671003144114176 84.625 -68.5 2.227340104009951 5 
0005 0013 7 1671003144116415 -81.375 -69.5 0.944932165337555 5 
0005 0012 7 1671003144125085 -94.375 -71.5 3.2643111166206444 5 
0005 0010 7 1671003144129049 16.25 -72.5 0.4540583132141498 5 
0005 0015 8 1671003144155876 16.25 -69.0 5.872078456026235 5 
0005 0000 8 1671003144160963 -29.25 -66.0 3.2765829629237295 5 
0005 0013 8 1671003144162831 22.75 -68.0 1.325359400733194 5 
0005 0011 8 1671003144163823 13.0 -62.0 1.239456476611598 5 
0005 0004 8 1671003144165054 65.875 -64.0 6.227961998815704 5 
0005 0005 8 1671003144166229 48.8125 -70.0 2.6998061866787286 5 
0005 0006 8 1671003144169414 42.3125 -70.0 2.350058567040802 5 
0005 0014 8 1671003144173035 -42.3125 -72.0 4.503767593232243 5 
0005 0012 8 1671003144176602 136.6875 -71.5 2.3193789512830896 5 
0005 0008 8 1671003144177806 -78.0625 -69.0 1.8039614065535141 5 
0005 0008 1 1671003144396879 -71.5625 -69.0 3.6447383520162835 5 
0005 0014 1 1671003144398411 35.75 -69.0 5.7616318392984684 5 
0005 0005 1 1671003144401128 -13.8125 -61.0 3.7429131224409646 5 
0005 0013 1 1671003144404191 -104.125 -68.5 4.743068596142402 5 
0005 0015 1 1671003144406232 -6.5 -64.5 6.2463697682703305 5 
0005 0003 1 1671003144409576 55.3125 -70.0 1.0983302441261191 5 
0005 0005 2 1671003144439167 24.375 -62.5 4.522175362686871 5 
0005 0014 2 1671003144444162 32.5 -65.0 1.6260196351587797 5 
0005 0015 2 1671003144445228 68.3125 -68.0 4.374913207049849 5 
0005 0014 3 1671003144467628 -6.5 -61.5 4.896466674930966 5 
0005 0009 3 1671003144468525 39.0 -68.0 4.080388895775806 5 
0005 0005 3 1671003144469670 87.0625 -66.0 3.3624858870453256 5 
0005 0004 3 1671003144475657 87.0625 -63.5 1.576932249946439 5 
0005 0004 4 1671003144506844 -10.5625 -72.0 3.1968159619536762 5 
0005 0013 4 1671003144516154 -16.25 -68.0 0.6933593161243098 5 
0005 0015 4 1671003144517320 -175.75 -70.5 4.080388895775806 5 
0005 0010 5 1671003144546421 19.5 -65.5 2.1046216409791 5 
0005 0009 5 1671003144549432 65.0625 -64.5 2.2150682577068657 5 
0005 0004 5 1671003144551115 -3.25 -65.0 5.620505606812989 5 
0005 0015 5 1671003144552588 13.0 -60.5 5.743224069843841 5 
0005 0014 5 1671003144553523 -29.25 -66.5 3.6386024288647407 5 
0005 0013 5 1671003144555037 6.5 -60.5 2.018718716857504 5 
0005 0012 5 1671003144556671 185.5 -70.5 5.178719139901925 5 
0005 0011 5 1671003144560028 -32.5 -67.0 1.2087768608538851 5 
0005 0009 6 1671003144595959 -19.5 -67.0 6.074563920027139 5 
0005 0014 6 1671003144596908 -3.25 -65.5 1.337631247036279 5 
0005 0015 6 1671003144598597 -3.25 -60.5 1.6505633277649499 5 
0005 0004 6 1671003144599842 10.5625 -59.5 2.3009711818284617 5 
0005 0010 6 1671003144600784 -52.0625 -67.0 3.8533597391687304 5 
0005 0005 6 1671003144601701 34.9375 -64.0 5.792311455056181 5 
0005 0013 6 1671003144604560 -3.25 -61.0 2.442097414313941 5 
0005 0006 6 1671003144606188 3.25 -67.5 1.736466251886546 5 
0005 0012 6 1671003144612576 29.25 -71.0 3.988350048502667 5 
0005 0011 7 1671003144638375 -107.375 -64.5 4.773748211900116 5 
0005 0015 7 1671003144640008 -26.0 -58.0 1.7916895602504288 5 
0005 0005 7 1671003144642482 35.75 -65.0 4.147884050442774 5 
0005 0013 7 1671003144645145 35.75 -69.5 0.9081166264282996 5 
0005 0014 7 1671003144647835 -68.3125 -68.5 2.3746022596469727 5 
0005 0012 7 1671003144650784 192.0 -71.5 2.6445828783148455 5 
0005 0010 7 1671003144652809 136.6875 -70.0 0.521553467881118 5 
0005 0005 8 1671003144676456 30.875 -70.5 2.693670263527186 5 
0005 0008 8 1671003144677376 29.25 -67.5 1.761009944492716 5 
0005 0011 8 1671003144678564 9.75 -61.5 1.2578642460662257 5 
0005 0015 8 1671003144679488 -9.75 -69.0 5.93343768754166 5 
0005 0006 8 1671003144682161 -48.8125 -70.0 2.3623304133438876 5 
0005 0004 8 1671003144687098 -21.125 -63.5 0.06135923151542565 5 
0005 0013 8 1671003144689131 29.25 -68.5 1.3560390164909069 5 
0005 0000 8 1671003144693433 -22.75 -66.0 3.313398501832985 5 
0005 0012 8 1671003144694727 -78.0625 -71.5 2.773437264497239 5 
0005 0014 8 1671003144697103 -152.9375 -72.5 4.589670517353839 5 
0005 0005 1 1671003144917068 -61.8125 -61.5 3.847223816017188 5 
0005 0015 1 1671003144921966 29.25 -64.5 6.191146459906448 5 
0005 0014 1 1671003144922888 152.9375 -68.5 5.565282298449106 5 
0005 0008 1 1671003144924545 13.0 -69.5 4.080388895775806 5 
0005 0013 1 1671003144925796 39.0 -69.0 4.546719055293041 5 
0005 0003 1 1671003144929417 -35.75 -69.0 1.3621749396424494 5 
0005 0005 2 1671003144959060 -39.0 -62.5 4.657165672020807 5 
0005 0015 2 1671003144959970 48.8125 -68.5 4.215379205109742 5 
0005 0014 2 1671003144965379 78.0625 -65.0 1.4971652489763858 5 
0005 0014 3 1671003144996916 9.75 -61.5 4.798291904506286 5 
0005 0009 3 1671003145001360 -130.1875 -67.0 4.2092432819582 5 
0005 0005 3 1671003145003438 52.0625 -66.5 3.423845118560751 5 
0005 0004 3 1671003145009777 55.3125 -65.5 1.4848934026733007 5 
0005 0015 4 1671003145036226 -143.1875 -70.0 4.1172044346850605 5 
0005 0013 4 1671003145040591 -94.375 -67.5 0.7485826244881929 5 
0005 0004 4 1671003145043071 68.3125 -71.5 2.9145634969827183 5 
0005 0010 5 1671003145077151 -16.25 -65.5 2.1230294104337273 5 
0005 0014 5 1671003145078698 91.125 -67.0 3.4913402732277192 5 
0005 0015 5 1671003145081577 -9.75 -60.0 5.755495916146925 5 
0005 0004 5 1671003145082512 -107.375 -65.0 5.743224069843841 5 
0005 0013 5 1671003145083915 52.0625 -60.0 1.9757672547967058 5 
0005 0009 5 1671003145085303 -39.0 -64.5 2.3623304133438876 5 
0005 0011 5 1671003145086281 74.8125 -68.0 1.0615147052168636 5 
0005 0005 5 1671003145087835 -7.3125 -71.5 0.6135923151542565 5 
0005 0012 5 1671003145092047 78.0625 -71.0 4.914874444385594 5 
0005 0003 5 1671003145094141 81.375 -72.0 2.705942109830271 5 
0005 0005 6 1671003145115905 3.25 -64.5 5.872078456026235 5 
0005 0012 6 1671003145118477 -152.9375 -71.0 4.215379205109742 5 
0005 0010 6 1671003145120561 -19.5 -67.0 3.8533597391687304 5 
0005 0009 6 1671003145121558 -52.0625 -67.5 5.982525072754001 5 
0005 0015 6 1671003145122802 -3.25 -60.5 1.6566992509164924 5 
0005 0014 6 1671003145124235 13.0 -65.5 1.3069516312785663 5 
0005 0006 6 1671003145126232 74.8125 -67.5 1.6260196351587797 5 
0005 0013 6 1671003145129526 -13.0 -61.0 2.435961491162398 5 
0005 0004 6 1671003145130486 10.5625 -59.5 2.2396119503130363 5 
0005 0005 7 1671003145156379 -156.1875 -64.5 4.460816131171445 5 
0005 0014 7 1671003145158152 -81.375 -67.5 2.4175537217077703 5 
0005 0011 7 1671003145159100 -19.5 -64.0 4.767612288748572 5 
0005 0013 7 1671003145160281 -172.5 -69.5 1.3560390164909069 5 
0005 0015 7 1671003145162023 26.0 -58.0 1.7671458676442586 5 
0005 0004 7 1671003145168407 83.0 -71.5 1.8223691760081417 5 
0005 0010 7 1671003145170107 192.0 -71.0 0.5890486225480862 5 
0005 0012 7 1671003145172345 -172.5 -70.5 3.2949907323783574 5 
0005 0014 8 1671003145195940 87.875 -72.0 4.215379205109742 5 
0005 0011 8 1671003145196889 -3.25 -62.0 1.380582709097077 5 
0005 0012 8 1671003145199303 0.0 -71.5 2.730485802436441 5 
0005 0015 8 1671003145200245 -74.8125 -68.5 6.043884304269426 5 
0005 0004 8 1671003145203796 -13.8125 -63.0 0.17794177139473438 5 
0005 0000 8 1671003145206358 22.75 -65.5 3.509748042682347 5 
0005 0013 8 1671003145209291 16.25 -68.0 1.4726215563702154 5 
0005 0006 8 1671003145213774 -65.0625 -71.0 2.60776733940559 5 
0005 0008 8 1671003145215305 48.8125 -67.5 1.8714565612204823 5 
0005 0005 8 1671003145217555 121.25 -70.5 2.779573187648782 5 
0005 0003 1 1671003145436900 0.0 -69.5 1.2517283229146832 5 
0005 0005 1 1671003145438589 -45.5625 -61.5 3.8288160465625602 5 
0005 0008 1 1671003145442462 -71.5625 -69.0 3.9392626632903265 5 
0005 0015 1 1671003145445280 61.8125 -64.0 6.068427996875596 5 
0005 0013 1 1671003145452339 -61.8125 -69.0 4.755340442445488 5 
0005 0014 1 1671003145453772 120.4375 -68.0 5.651185222570702 5 
0005 0005 2 1671003145476417 -65.875 -63.5 4.767612288748572 5 
0005 0015 2 1671003145480442 227.8125 -70.0 4.239922897715912 5 
0005 0014 2 1671003145481760 -52.0625 -66.0 1.859184714917397 5 
0005 0004 3 1671003145510593 73.1875 -64.0 1.214912784005428 5 
0005 0014 3 1671003145514176 3.25 -61.5 4.779884135051658 5 
0005 0005 3 1671003145516461 -83.0 -66.0 3.4913402732277192 5 
0005 0009 3 1671003145517940 -130.1875 -67.5 4.1601558967458585 5 
0005 0013 4 1671003145554405 35.75 -67.5 0.6258641614573416 5 
0005 0004 4 1671003145555465 -62.625 -70.5 2.9943304979527716 5 
0005 0015 4 1671003145558696 -22.75 -70.0 3.761320891895592 5 
0005 0015 5 1671003145585943 -3.25 -60.5 5.798447378207723 5 
0005 0012 5 1671003145588200 22.75 -70.5 5.056000676871073 5 
0005 0013 5 1671003145590566 -35.75 -60.0 2.110757564130642 5 
0005 0011 5 1671003145591770 6.5 -67.0 1.2640001692177683 5 
0005 0009 5 1671003145593192 58.5625 -65.5 2.2580197197676637 5 
0005 0005 5 1671003145595384 6.5 -71.0 0.5706408530934585 5 
0005 0004 5 1671003145598091 -52.0625 -65.0 5.8475347634200645 5 
0005 0010 5 1671003145599042 45.5625 -65.0 2.030990563160589 5 
0005 0014 5 1671003145600133 -3.25 -66.0 3.6692820446224537 5 
0005 0004 6 1671003145626739 3.25 -59.5 2.356194490192345 5 
0005 0015 6 1671003145627933 39.0 -61.0 1.6566992509164924 5 
0005 0006 6 1671003145629450 -39.0 -67.5 1.9573594853420782 5 
0005 0010 6 1671003145630642 -19.5 -67.0 4.09266074207889 5 
0005 0013 6 1671003145631790 3.25 -61.0 2.497320722677824 5 
0005 0009 6 1671003145632773 -42.3125 -68.5 6.17273869045182 5 
0005 0005 6 1671003145634414 -30.875 -65.0 5.93343768754166 5 
0005 0014 6 1671003145639542 -3.25 -66.5 1.2701360923693108 5 
0005 0012 6 1671003145640637 26.0 -71.0 4.123340357836604 5 
0005 0014 7 1671003145666258 -240.875 -67.5 2.791845033951867 5 
0005 0011 7 1671003145669051 -94.375 -64.0 5.105088062083414 5 
0005 0015 7 1671003145671450 -9.75 -58.0 1.8100973297050567 5 
0005 0005 7 1671003145672373 -94.375 -64.0 4.749204519293945 5 
0005 0004 7 1671003145674039 -100.875 -71.5 2.1353012567368124 5 
0005 0013 7 1671003145675639 26.0 -69.5 1.2885438618239387 5 
0005 0010 7 1671003145678810 84.625 -72.0 0.6994952392758523 5 
0005 0012 7 1671003145681105 81.375 -70.5 3.11091303783208 5 
0005 0000 8 1671003145705904 -6.5 -66.0 3.6999616603801666 5 
0005 0011 8 1671003145707605 26.0 -62.0 1.4173982480063325 5 
0005 0008 8 1671003145708778 -6.5 -68.0 2.1659808724945253 5 
0005 0006 8 1671003145710720 90.3125 -70.5 2.5034566458293663 5 
0005 0005 8 1671003145713708 21.125 -69.0 2.945243112740431 5 
0005 0004 8 1671003145714768 -3.25 -62.5 0.3129320807286708 5 
0005 0013 8 1671003145718478 32.5 -68.0 1.533980787885641 5 
0005 0012 8 1671003145719371 91.125 -71.0 2.6384469551633027 5 
0005 0015 8 1671003145721567 42.3125 -69.5 5.8659425328746915 5 
0005 0014 8 1671003145723652 172.5 -72.5 4.129476280988146 5 
