0005 0014 1 1671010237587173 -104.125 -65.5 5.688000761479957 7 
0005 0004 1 1671010237590979 3.25 -49.0 1.9389517158874505 7 
0005 0012 1 1671010237592526 -39.0 -59.0 4.3933209765044765 7 
0005 0006 1 1671010237596675 42.3125 -59.5 1.9082721001297376 7 
0005 0015 1 1671010237598079 -26.0 -57.5 3.9515345095934116 7 
0005 0006 2 1671010237625925 0.0 -55.5 2.061670178918302 7 
0005 0012 2 1671010237626881 -39.0 -66.0 4.252194744018997 7 
0005 0004 2 1671010237631734 10.5625 -58.0 1.227184630308513 7 
0005 0015 2 1671010237633823 -3.25 -60.5 3.6324665057131984 7 
0005 0014 2 1671010237639115 -113.875 -69.0 2.1598449493429825 7 
0005 0013 3 1671010237675912 61.8125 -59.5 6.1420590746941075 7 
0005 0008 3 1671010237676830 -13.0 -65.5 1.0492428589137786 7 
0005 0014 3 1671010237681910 22.75 -66.0 5.540738605842936 7 
0005 0004 3 1671010237683036 0.0 -62.5 3.816544200259475 7 
0005 0015 3 1671010237686401 -6.5 -61.5 5.148039524144211 7 
0005 0010 3 1671010237687949 123.6875 -65.0 5.5714182216006485 7 
0005 0007 3 1671010237689225 35.75 -65.5 0.018407769454627694 7 
0005 0006 3 1671010237690159 -84.625 -63.5 1.8285050991596843 7 
0005 0011 3 1671010237693611 -146.4375 -69.5 4.601942363656923 7 
0005 0005 3 1671010237695247 -195.25 -71.5 2.6813984172241008 7 
0005 0015 4 1671010237716878 35.75 -67.0 1.9512235621905356 7 
0005 0011 4 1671010237718297 -78.0625 -69.5 4.460816131171445 7 
0005 0004 4 1671010237719228 -30.875 -68.5 4.509903516383785 7 
0005 0010 4 1671010237720890 -42.3125 -67.5 0.0859029241215959 7 
0005 0009 4 1671010237728324 -117.125 -71.0 4.724660826687775 7 
0005 0007 4 1671010237734841 6.5 -68.5 0.11044661672776616 7 
0005 0013 5 1671010237758594 9.75 -61.5 6.043884304269426 7 
0005 0011 5 1671010237759799 9.75 -59.0 4.589670517353839 7 
0005 0014 5 1671010237760732 0.0 -61.5 1.086058397823034 7 
0005 0008 5 1671010237764893 0.0 -64.5 4.6878452877785195 7 
0005 0007 5 1671010237768162 -32.5 -65.5 3.0925052683774528 7 
0005 0009 5 1671010237769326 107.375 -72.0 1.945087639038993 7 
0005 0015 5 1671010237771877 117.125 -67.0 5.749359992995383 7 
0005 0013 6 1671010237808207 16.25 -66.5 0.4724660826687775 7 
0005 0005 6 1671010237809424 -13.0 -62.5 3.043417883165112 7 
0005 0011 6 1671010237812034 -3.25 -62.0 4.516039439535327 7 
0005 0010 6 1671010237815930 -16.25 -66.5 1.1965050145508 7 
0005 0008 6 1671010237817222 19.5 -67.0 4.0558452031696355 7 
0005 0007 6 1671010237818373 -58.5625 -67.0 3.6079228131070282 7 
0005 0014 6 1671010237822328 22.75 -69.5 5.485515297479052 7 
0005 0007 7 1671010237850936 19.5 -58.5 5.749359992995383 7 
0005 0005 7 1671010237851899 35.75 -59.5 3.423845118560751 7 
0005 0008 7 1671010237861974 130.1875 -68.0 1.2578642460662257 7 
0005 0013 7 1671010237869331 -26.0 -70.0 2.4727770300716534 7 
0005 0015 7 1671010237870284 -65.0625 -72.0 2.9820586516496865 7 
0005 0013 8 1671010237896920 -16.25 -63.5 3.650874275167826 7 
0005 0007 8 1671010237898510 100.875 -73.5 6.050020227420969 7 
0005 0005 8 1671010237902932 9.75 -56.5 2.4850488763747385 7 
0005 0015 8 1671010237906261 19.5 -55.5 1.2640001692177683 7 
0005 0011 8 1671010237907240 -3.25 -58.5 5.663457068873787 7 
0005 0004 8 1671010237913925 55.3125 -67.5 2.3193789512830896 7 
0005 0014 8 1671010237915828 -48.8125 -64.5 5.93343768754166 7 
0005 0006 8 1671010237917145 84.625 -70.5 2.337786720737717 7 
0005 0004 1 1671010238137856 10.5625 -52.0 0.3620194659410113 7 
0005 0010 1 1671010238138839 35.75 -66.0 0.7853981633974483 7 
0005 0015 1 1671010238140819 0.0 -55.5 3.706097583531709 7 
0005 0007 1 1671010238143716 -9.75 -65.0 3.117048960983623 7 
0005 0014 1 1671010238144624 65.0625 -68.0 2.0064468705544187 7 
0005 0006 1 1671010238146557 -22.75 -54.0 3.2888548092268146 7 
0005 0013 1 1671010238151988 9.75 -66.5 0.7976700097005334 7 
0005 0006 2 1671010238195238 42.3125 -58.5 0.23930100291016002 7 
0005 0005 2 1671010238197859 29.25 -67.5 0.4970097752749477 7 
0005 0015 2 1671010238200720 22.75 -58.5 2.742757648739526 7 
0005 0004 2 1671010238204567 -22.75 -56.5 2.761165418194154 7 
0005 0013 2 1671010238205523 68.3125 -68.0 3.8533597391687304 7 
0005 0008 3 1671010238239977 22.75 -59.5 3.56497135104623 7 
0005 0014 3 1671010238241143 -55.3125 -66.5 4.01902966426038 7 
0005 0015 3 1671010238242279 -240.875 -69.5 6.209554229361076 7 
0005 0007 3 1671010238245760 -39.0 -66.0 0.23930100291016002 7 
0005 0004 3 1671010238246619 6.5 -57.0 4.577398671050753 7 
0005 0006 3 1671010238248407 136.6875 -66.0 1.4051264017032472 7 
0005 0013 3 1671010238250606 55.3125 -64.5 4.841243366567084 7 
0005 0011 4 1671010238276870 19.5 -66.0 5.375068680751287 7 
0005 0012 4 1671010238278433 120.4375 -68.5 2.110757564130642 7 
0005 0013 4 1671010238281217 -29.25 -62.0 0.3988350048502667 7 
0005 0005 4 1671010238283743 13.0 -60.5 2.859340188618835 7 
0005 0015 4 1671010238285641 -65.0625 -68.0 4.522175362686871 7 
0005 0004 4 1671010238287835 35.75 -66.0 3.822680123411018 7 
0005 0006 4 1671010238289052 -35.75 -68.5 1.533980787885641 7 
0005 0007 4 1671010238290199 16.25 -66.0 1.5278448647340985 7 
0005 0009 4 1671010238295343 84.625 -75.0 1.0246991663076084 7 
0005 0010 4 1671010238296579 -139.9375 -72.0 5.043728830567988 7 
0005 0014 4 1671010238297569 9.75 -66.0 1.8223691760081417 7 
0005 0014 5 1671010238326703 104.125 -67.0 5.442563835418255 7 
0005 0015 5 1671010238327879 19.5 -63.0 0.9510680884890975 7 
0005 0005 5 1671010238329396 61.8125 -61.0 2.337786720737717 7 
0005 0007 5 1671010238333092 -9.75 -64.0 5.620505606812989 7 
0005 0012 5 1671010238336324 -22.75 -64.5 2.073942025221387 7 
0005 0006 5 1671010238337796 -84.625 -69.0 4.338097668140593 7 
0005 0011 5 1671010238344892 16.25 -70.0 0.9878836273983529 7 
0005 0012 6 1671010238366252 -52.0625 -63.5 0.42337869745643697 7 
0005 0008 6 1671010238367907 -6.5 -68.0 5.595961914206819 7 
0005 0015 6 1671010238371069 65.0625 -65.5 0.8099418560036186 7 
0005 0011 6 1671010238373216 0.0 -63.5 0.4663301595172349 7 
0005 0005 6 1671010238376104 -16.25 -62.5 5.595961914206819 7 
0005 0014 6 1671010238379901 -58.5625 -66.0 5.332117218690489 7 
0005 0010 6 1671010238381009 48.8125 -69.0 6.037748381117884 7 
0005 0004 6 1671010238383755 -17.0625 -72.0 2.9513790358919736 7 
0005 0009 6 1671010238385638 156.1875 -73.0 2.350058567040802 7 
0005 0003 6 1671010238387579 -214.8125 -73.0 0.5890486225480862 7 
0005 0005 7 1671010238430855 -19.5 -60.0 1.3744467859455345 7 
0005 0012 7 1671010238433659 45.5625 -67.0 0.5583690067903734 7 
0005 0015 7 1671010238434582 55.3125 -61.5 4.466952054322987 7 
0005 0011 7 1671010238436241 22.75 -69.0 3.429981041712294 7 
0005 0004 7 1671010238441442 22.75 -71.0 0.5460971604872883 7 
0005 0008 7 1671010238443407 78.0625 -70.0 1.4051264017032472 7 
0005 0012 8 1671010238479298 39.0 -64.0 5.227806525114265 7 
0005 0005 8 1671010238480502 16.25 -57.0 2.6261751088602177 7 
0005 0015 8 1671010238486852 19.5 -60.0 1.3744467859455345 7 
0005 0007 8 1671010238496057 42.3125 -63.0 2.423689644859313 7 
0005 0004 1 1671010238727112 17.0625 -55.5 1.0737865515199487 7 
0005 0014 1 1671010238728756 16.25 -65.5 3.3195344249845276 7 
0005 0010 1 1671010238731099 35.75 -66.5 2.7857091108003242 7 
0005 0005 1 1671010238732329 -48.8125 -66.5 2.9820586516496865 7 
0005 0006 1 1671010238733288 -9.75 -62.5 0.4540583132141498 7 
0005 0015 1 1671010238738845 6.5 -60.0 1.1290098598838318 7 
0005 0012 1 1671010238743711 16.25 -67.0 1.380582709097077 7 
0005 0007 1 1671010238745016 9.75 -70.5 5.062136600022616 7 
0005 0014 2 1671010238768024 -87.875 -68.0 5.884350302329319 7 
0005 0006 2 1671010238771717 61.8125 -62.0 6.14819499784565 7 
0005 0011 2 1671010238773570 -100.875 -67.5 4.227651051412827 7 
0005 0015 2 1671010238779039 -84.625 -67.5 3.8717675086233583 7 
0005 0013 2 1671010238791924 -84.625 -69.0 4.651029748869264 7 
0005 0004 2 1671010238797684 -79.75 -70.0 5.049864753719531 7 
0005 0006 3 1671010238827146 -13.0 -58.0 2.8286605728611223 7 
0005 0004 3 1671010238828363 -65.875 -62.5 3.3440781175906977 7 
0005 0014 3 1671010238830037 -58.5625 -62.5 1.521708941582556 7 
0005 0015 3 1671010238834756 6.5 -61.5 1.5155730184310134 7 
0005 0007 3 1671010238835978 -22.75 -65.0 2.509592568980909 7 
0005 0010 3 1671010238836903 -26.0 -67.5 6.031612457966341 7 
0005 0013 3 1671010238839667 -13.0 -57.0 3.2827188860752723 7 
0005 0005 3 1671010238841469 131.8125 -70.0 5.332117218690489 7 
0005 0008 3 1671010238842614 22.75 -65.5 5.546874528994478 7 
0005 0004 4 1671010238865958 69.125 -68.0 0.28838838812250056 7 
0005 0005 4 1671010238868320 -107.375 -73.0 0.5583690067903734 7 
0005 0009 4 1671010238869511 -32.5 -61.5 4.123340357836604 7 
0005 0010 4 1671010238871410 -84.625 -66.0 0.1043106935762236 7 
0005 0013 4 1671010238879081 42.3125 -66.0 0.521553467881118 7 
0005 0006 4 1671010238880042 42.3125 -61.5 1.8714565612204823 7 
0005 0015 4 1671010238880992 6.5 -63.5 5.264622064023521 7 
0005 0003 4 1671010238883676 -123.6875 -73.5 4.767612288748572 7 
0005 0000 4 1671010238892203 296.1875 -75.0 5.264622064023521 7 
0005 0015 5 1671010238926243 32.5 -68.0 0.9019807032767571 7 
0005 0013 5 1671010238927491 16.25 -66.5 0.9878836273983529 7 
0005 0005 5 1671010238928512 218.875 -72.0 5.485515297479052 7 
0005 0005 6 1671010238958018 0.0 -66.5 3.9638063558964967 7 
0005 0007 6 1671010238963447 -22.75 -65.5 2.6445828783148455 7 
0005 0013 6 1671010238964395 0.0 -66.5 1.564660403643354 7 
0005 0011 6 1671010238967121 -29.25 -70.0 0.21475731030398976 7 
0005 0015 7 1671010238996892 -3.25 -62.5 0.5338253141842031 7 
0005 0005 7 1671010239001802 -97.625 -66.5 4.466952054322987 7 
0005 0013 7 1671010239002766 -19.5 -62.0 5.148039524144211 7 
0005 0006 8 1671010239036681 -3.25 -63.0 3.718369429834794 7 
0005 0014 8 1671010239040392 71.5625 -65.5 6.050020227420969 7 
0005 0015 8 1671010239048227 42.3125 -59.0 2.9268353432858034 7 
0005 0005 8 1671010239051920 52.0625 -65.5 0.380427235395639 7 
0005 0013 8 1671010239053732 0.0 -66.5 2.9022916506796332 7 
0005 0004 8 1671010239055736 -90.3125 -68.5 3.2888548092268146 7 
0005 0011 8 1671010239057224 -58.5625 -69.5 5.491651220630596 7 
0005 0014 1 1671010239280298 -78.0625 -68.5 0.6320000846088841 7 
0005 0006 1 1671010239284330 -19.5 -57.0 4.9823695990525625 7 
0005 0015 1 1671010239286769 9.75 -55.5 1.086058397823034 7 
0005 0013 1 1671010239287751 19.5 -65.5 4.97623367590102 7 
0005 0004 1 1671010239288981 -10.5625 -55.0 0.3313398501832985 7 
0005 0010 1 1671010239291738 -136.6875 -70.0 5.945709533844745 7 
0005 0007 2 1671010239316879 152.9375 -69.0 0.14726215563702155 7 
0005 0015 2 1671010239320285 -117.125 -66.0 3.693825737228624 7 
0005 0006 2 1671010239323797 -9.75 -61.5 5.853670686571607 7 
0005 0004 2 1671010239326551 -6.5 -61.5 1.0921943209745766 7 
0005 0007 3 1671010239376704 -6.5 -65.5 2.7550294950426117 7 
0005 0004 3 1671010239382431 -9.75 -57.0 2.724349879284899 7 
0005 0008 3 1671010239383368 -52.0625 -61.0 1.9696313316451632 7 
0005 0010 3 1671010239384361 -13.0 -60.5 4.025165587411922 7 
0005 0014 3 1671010239385865 19.5 -66.0 0.7363107781851077 7 
0005 0006 3 1671010239387396 -35.75 -63.5 5.964117303299373 7 
0005 0005 3 1671010239389562 -133.4375 -65.0 5.092816215780329 7 
0005 0009 4 1671010239426791 -78.0625 -67.0 6.1420590746941075 7 
0005 0006 4 1671010239428006 3.25 -65.0 4.577398671050753 7 
0005 0008 4 1671010239429248 0.0 -64.5 6.209554229361076 7 
0005 0005 4 1671010239430228 -9.75 -59.0 1.2885438618239387 7 
0005 0013 4 1671010239433023 -32.5 -70.0 1.0615147052168636 7 
0005 0010 4 1671010239434004 -22.75 -60.5 3.761320891895592 7 
0005 0012 4 1671010239437498 9.75 -65.0 1.1351457830353744 7 
0005 0007 4 1671010239438692 -26.0 -67.5 5.749359992995383 7 
0005 0014 4 1671010239445374 -9.75 -65.0 4.822835597112456 7 
0005 0015 4 1671010239450188 61.8125 -68.5 1.4296700943094176 7 
0005 0004 4 1671010239451388 -7.3125 -62.5 5.258486140871978 7 
0005 0015 5 1671010239477189 -9.75 -62.5 5.3198453723874035 7 
0005 0012 5 1671010239486255 -104.125 -67.0 2.748893571891069 7 
0005 0004 5 1671010239487557 -27.625 -68.5 4.344233591292136 7 
0005 0006 5 1671010239490119 244.125 -67.5 5.559146375297564 7 
0005 0009 5 1671010239491672 71.5625 -72.5 5.270757987175063 7 
0005 0008 5 1671010239492579 -159.5 -67.5 3.031146036862027 7 
0005 0008 6 1671010239523246 -52.0625 -67.0 3.877903431774901 7 
0005 0011 6 1671010239526064 58.5625 -66.5 5.289165756629691 7 
0005 0009 6 1671010239529157 35.75 -72.5 0.9387962421860124 7 
0005 0004 6 1671010239530328 -3.25 -72.0 3.834951969714103 7 
0005 0007 7 1671010239559401 -16.25 -62.0 3.988350048502667 7 
0005 0005 7 1671010239565035 -10.5625 -59.5 5.595961914206819 7 
0005 0010 7 1671010239575803 84.625 -70.5 0.6872233929727672 7 
0005 0015 8 1671010239596680 6.5 -62.5 1.4296700943094176 7 
0005 0005 8 1671010239600334 48.8125 -63.5 0.5767767762450011 7 
0005 0007 8 1671010239607397 13.0 -61.0 4.95168998329485 7 
0005 0012 8 1671010239608644 3.25 -60.0 4.589670517353839 7 
0005 0006 1 1671010239828505 -13.0 -58.5 2.779573187648782 7 
0005 0005 1 1671010239829695 42.3125 -68.0 1.5953400194010667 7 
0005 0004 1 1671010239833546 -19.5 -62.0 3.0066023442558567 7 
0005 0014 1 1671010239847000 71.5625 -64.0 5.6143696836614465 7 
0005 0007 1 1671010239849270 -87.875 -71.5 3.8717675086233583 7 
0005 0004 2 1671010239893110 -32.5 -67.0 5.448699758569798 7 
0005 0007 2 1671010239900345 -3.25 -67.0 0.1349903093339364 7 
0005 0014 2 1671010239901410 32.5 -69.5 0.5583690067903734 7 
0005 0005 2 1671010239902361 130.1875 -66.5 0.9572040116406401 7 
0005 0014 3 1671010239928242 13.0 -61.5 2.8532042654672924 7 
0005 0015 3 1671010239929209 -29.25 -60.0 3.9147189706841563 7 
0005 0004 3 1671010239930395 -27.625 -63.5 4.743068596142402 7 
0005 0010 3 1671010239932553 -6.5 -60.5 1.705786636128833 7 
0005 0012 3 1671010239934284 -16.25 -62.5 4.178563666200486 7 
0005 0013 3 1671010239936000 -16.25 -62.0 5.810719224510809 7 
0005 0011 3 1671010239937956 -61.8125 -62.0 5.338253141842031 7 
0005 0006 3 1671010239939115 -32.5 -58.5 4.4362724385652745 7 
0005 0009 4 1671010239966589 26.0 -69.0 0.6994952392758523 7 
0005 0011 4 1671010239968942 42.3125 -57.5 1.1228739367322893 7 
0005 0013 4 1671010239972183 -3.25 -66.5 2.6568547246179306 7 
0005 0004 4 1671010239975568 -13.0 -60.5 2.2027964114037806 7 
0005 0010 4 1671010239978968 9.75 -62.0 1.7794177139473437 7 
0005 0005 4 1671010239979931 39.0 -71.5 2.6813984172241008 7 
0005 0015 4 1671010239982974 71.5625 -65.5 1.2762720155208536 7 
0005 0006 4 1671010239985976 32.5 -63.0 1.3437671701878218 7 
0005 0007 5 1671010240016499 -84.625 -64.5 5.289165756629691 7 
0005 0008 5 1671010240019271 0.0 -58.0 4.331961744989051 7 
0005 0013 5 1671010240020183 -16.25 -58.5 0.12885438618239387 7 
0005 0006 5 1671010240021893 -16.25 -62.5 3.2765829629237295 7 
0005 0009 5 1671010240025850 -159.5 -72.0 5.988660995905543 7 
0005 0011 5 1671010240026814 -61.8125 -66.5 2.742757648739526 7 
0005 0004 5 1671010240028691 22.75 -65.5 3.4913402732277192 7 
0005 0015 5 1671010240029842 48.8125 -58.0 1.8653206380689396 7 
0005 0014 5 1671010240031022 143.1875 -70.5 4.135612204139688 7 
0005 0009 6 1671010240055921 -32.5 -67.5 2.988194574801229 7 
0005 0011 6 1671010240057100 58.5625 -63.0 0.9326603190344698 7 
0005 0007 6 1671010240058562 -9.75 -71.5 5.111223985234957 7 
0005 0008 6 1671010240059767 26.0 -60.5 6.2034183062095325 7 
0005 0001 6 1671010240061171 -198.5625 -72.5 2.859340188618835 7 
0005 0004 6 1671010240064987 17.0625 -70.0 1.0246991663076084 7 
0005 0013 6 1671010240071291 19.5 -65.0 4.6878452877785195 7 
0005 0007 7 1671010240107173 -78.0625 -65.0 3.80427235395639 7 
0005 0008 7 1671010240108362 42.3125 -69.0 1.141281706186917 7 
0005 0015 7 1671010240112150 -42.3125 -63.5 1.736466251886546 7 
0005 0005 7 1671010240115980 -29.25 -63.0 2.000310947402876 7 
0005 0006 7 1671010240118145 -3.25 -66.0 5.737088146692298 7 
0005 0005 8 1671010240151895 0.0 -58.5 4.626486056263094 7 
0005 0006 8 1671010240152792 -32.5 -64.0 1.0983302441261191 7 
0005 0015 8 1671010240155409 3.25 -63.0 2.2089323345553233 7 
0005 0004 8 1671010240157560 -3.25 -61.5 4.8351074434155406 7 
0005 0007 8 1671010240159193 -175.75 -68.5 3.074097498922825 7 
0005 0013 8 1671010240161730 29.25 -63.0 0.760854470791278 7 
0005 0015 1 1671010240388070 78.0625 -66.5 2.60776733940559 7 
0005 0007 1 1671010240389018 13.0 -72.0 4.227651051412827 7 
0005 0006 1 1671010240390191 -6.5 -58.5 2.890019804376548 7 
0005 0004 1 1671010240395737 58.5625 -66.5 0.4540583132141498 7 
0005 0013 1 1671010240396872 -16.25 -63.0 1.1719613219446299 7 
0005 0013 2 1671010240427112 -84.625 -67.0 5.8475347634200645 7 
0005 0006 2 1671010240437010 -13.0 -63.5 0.5767767762450011 7 
0005 0005 2 1671010240443923 -6.5 -66.0 3.08636934522591 7 
0005 0015 3 1671010240466254 3.25 -65.0 2.5280003384355365 7 
0005 0004 3 1671010240467456 -13.8125 -54.5 3.3624858870453256 7 
0005 0013 3 1671010240469966 -6.5 -63.0 3.730641276137879 7 
0005 0007 3 1671010240470874 22.75 -61.0 5.516194913236766 7 
0005 0005 3 1671010240472303 29.25 -60.0 5.516194913236766 7 
0005 0006 3 1671010240473945 39.0 -66.0 4.8351074434155406 7 
0005 0008 3 1671010240480905 -35.75 -65.0 4.356505437595221 7 
0005 0012 3 1671010240483371 -68.3125 -67.0 3.0372819600135696 7 
0005 0014 3 1671010240487790 126.9375 -68.0 1.5278448647340985 7 
0005 0004 4 1671010240516157 34.9375 -65.0 1.9819031779482483 7 
0005 0014 4 1671010240518370 35.75 -61.5 0.619728238305799 7 
0005 0007 4 1671010240519758 -32.5 -65.0 4.908738521234052 7 
0005 0005 4 1671010240521426 -19.5 -55.5 3.6017868899554855 7 
0005 0010 4 1671010240522362 -6.5 -57.0 4.313553975534423 7 
0005 0009 4 1671010240523274 117.125 -73.0 0.23316507975861744 7 
0005 0015 4 1671010240524210 74.8125 -70.0 1.3008157081270237 7 
0005 0011 4 1671010240528009 -16.25 -64.0 4.988505522204105 7 
0005 0013 4 1671010240529427 9.75 -60.5 0.7976700097005334 7 
0005 0012 4 1671010240532118 -22.75 -67.5 4.957825906446392 7 
0005 0006 4 1671010240534530 -13.0 -67.5 2.4911847995262812 7 
0005 0006 5 1671010240555912 13.0 -62.5 4.4362724385652745 7 
0005 0014 5 1671010240556832 16.25 -58.0 3.3747577333484107 7 
0005 0013 5 1671010240559398 -39.0 -63.0 4.104932588381976 7 
0005 0010 5 1671010240560649 -48.8125 -68.0 4.945554060143307 7 
0005 0007 5 1671010240562066 6.5 -56.0 0.6135923151542565 7 
0005 0015 5 1671010240563544 19.5 -53.5 2.742757648739526 7 
0005 0008 5 1671010240566305 -32.5 -57.0 4.921010367537137 7 
0005 0005 5 1671010240567954 -19.5 -62.5 0.1349903093339364 7 
0005 0012 5 1671010240571104 -68.3125 -68.5 4.626486056263094 7 
0005 0011 5 1671010240572170 -35.75 -62.0 1.9941750242513334 7 
0005 0009 5 1671010240580536 -387.3125 -74.0 6.105243535784852 7 
0005 0013 6 1671010240606023 -113.875 -69.5 5.755495916146925 7 
0005 0012 6 1671010240609994 -45.5625 -64.0 4.7307967498393175 7 
0005 0014 6 1671010240611510 -48.8125 -62.0 2.7857091108003242 7 
0005 0008 6 1671010240612444 19.5 -65.5 5.049864753719531 7 
0005 0015 6 1671010240613454 -29.25 -70.5 6.080699843178682 7 
0005 0005 6 1671010240618569 -30.875 -58.5 4.1417481272912315 7 
0005 0009 6 1671010240623002 78.0625 -72.0 1.1167380135807468 7 
0005 0011 6 1671010240623969 -71.5625 -62.5 4.448544284868359 7 
0005 0001 6 1671010240625993 159.5 -73.5 1.337631247036279 7 
0005 0010 6 1671010240627002 -35.75 -67.5 0.28225246497095796 7 
0005 0015 7 1671010240677291 -6.5 -66.0 4.479223900626073 7 
0005 0004 7 1671010240679034 13.8125 -65.5 3.6324665057131984 7 
0005 0005 7 1671010240682051 -7.3125 -62.5 0.8467573949128739 7 
0005 0004 8 1671010240712188 -30.875 -71.5 4.172427743048944 7 
0005 0012 1 1671010240935952 0.0 -66.0 4.963961829597935 7 
0005 0004 1 1671010240937144 30.875 -65.5 2.5280003384355365 7 
0005 0007 1 1671010240940038 205.0625 -71.5 4.632621979414636 7 
0005 0005 1 1671010240945773 19.5 -63.0 0.9387962421860124 7 
0005 0015 1 1671010240948882 -55.3125 -70.5 6.025476534814799 7 
0005 0014 1 1671010240956067 -29.25 -70.0 3.356349963893783 7 
0005 0006 1 1671010240962510 -130.1875 -71.5 4.828971520263998 7 
0005 0006 2 1671010240986715 -35.75 -63.0 3.890175278077986 7 
0005 0007 2 1671010240998429 126.9375 -65.0 1.9880391010997909 7 
0005 0004 3 1671010241045876 -24.375 -57.0 3.8288160465625602 7 
0005 0012 3 1671010241048174 68.3125 -66.5 4.994641445355648 7 
0005 0014 3 1671010241049673 -26.0 -58.0 1.705786636128833 7 
0005 0015 3 1671010241053181 61.8125 -65.5 1.1965050145508 7 
0005 0006 3 1671010241054638 42.3125 -59.5 5.264622064023521 7 
0005 0008 3 1671010241057505 22.75 -65.5 1.6751070203711202 7 
0005 0013 3 1671010241058444 87.875 -68.0 6.117515382087937 7 
0005 0010 3 1671010241059495 3.25 -65.5 0.19634954084936207 7 
0005 0013 4 1671010241097434 3.25 -57.0 1.000155473701438 7 
0005 0011 4 1671010241098613 -29.25 -59.0 5.5714182216006485 7 
0005 0004 4 1671010241099558 7.3125 -53.5 0.8406214717613314 7 
0005 0006 4 1671010241100959 6.5 -60.5 1.4419419406125027 7 
0005 0010 4 1671010241101912 -13.0 -60.5 2.6875343403756435 7 
0005 0012 4 1671010241108166 9.75 -70.0 0.30679615757712825 7 
0005 0015 4 1671010241110307 16.25 -63.0 5.945709533844745 7 
0005 0008 4 1671010241113286 -35.75 -68.5 2.000310947402876 7 
0005 0001 4 1671010241128043 -458.9375 -74.0 5.767767762450011 7 
0005 0011 5 1671010241157617 -35.75 -65.0 1.0921943209745766 7 
0005 0007 5 1671010241162065 52.0625 -62.5 2.8532042654672924 7 
0005 0004 5 1671010241163024 17.0625 -59.5 4.387185053352934 7 
0005 0015 5 1671010241164019 -61.8125 -60.5 5.8045833013592665 7 
0005 0013 5 1671010241164969 16.25 -60.0 1.0246991663076084 7 
0005 0008 5 1671010241165919 48.8125 -64.0 3.2949907323783574 7 
0005 0014 5 1671010241169853 26.0 -70.5 3.442252888015379 7 
0005 0009 6 1671010241198240 6.5 -65.0 6.000932842208628 7 
0005 0005 6 1671010241199440 0.0 -69.5 4.693981210930062 7 
0005 0011 6 1671010241203117 6.5 -59.0 3.153864499892878 7 
0005 0013 6 1671010241204053 6.5 -60.0 2.1905245651006955 7 
0005 0004 6 1671010241210192 -142.375 -67.5 0.30679615757712825 7 
0005 0013 7 1671010241242672 -61.8125 -66.0 4.804427827657828 7 
0005 0004 7 1671010241246530 9.75 -64.0 4.847379289718626 7 
0005 0005 7 1671010241251603 222.125 -68.0 1.4480778637640452 7 
0005 0013 8 1671010241285105 -9.75 -66.5 5.8045833013592665 7 
0005 0004 8 1671010241294146 55.3125 -70.0 3.6324665057131984 7 
0005 0013 1 1671010241512093 -35.75 -63.0 5.9518454569962875 7 
0005 0015 1 1671010241515693 9.75 -61.0 0.9756117810952678 7 
0005 0006 1 1671010241516655 55.3125 -60.0 0.9203884727313847 7 
0005 0005 1 1671010241521168 -149.6875 -72.0 4.957825906446392 7 
0005 0004 2 1671010241556017 -13.0 -64.5 3.724505352986337 7 
0005 0013 2 1671010241558457 -48.8125 -66.5 3.890175278077986 7 
0005 0015 2 1671010241561416 35.75 -69.5 5.939573610693203 7 
0005 0005 3 1671010241587237 104.125 -65.0 2.1905245651006955 7 
0005 0007 3 1671010241592145 87.875 -68.0 0.4295146206079795 7 
0005 0015 3 1671010241593110 -6.5 -64.0 5.117359908386499 7 
0005 0004 3 1671010241594540 24.375 -57.5 1.0799224746714913 7 
0005 0008 3 1671010241598434 -182.25 -64.5 0.662679700366597 7 
0005 0006 3 1671010241608734 -84.625 -70.0 1.380582709097077 7 
0005 0009 4 1671010241637249 -120.4375 -68.0 5.203262832508095 7 
0005 0004 4 1671010241638675 13.8125 -63.0 0.18407769454627693 7 
0005 0010 4 1671010241640900 39.0 -57.0 2.742757648739526 7 
0005 0008 4 1671010241643491 -22.75 -62.5 5.540738605842936 7 
0005 0015 4 1671010241644442 19.5 -63.5 4.3933209765044765 7 
0005 0014 4 1671010241645376 3.25 -61.5 1.4664856332186729 7 
0005 0012 4 1671010241646864 26.0 -70.0 1.0185632431560658 7 
0005 0006 4 1671010241648789 -13.0 -56.0 4.81056375080937 7 
0005 0007 4 1671010241649783 16.25 -70.0 2.442097414313941 7 
0005 0000 4 1671010241651145 68.3125 -72.5 1.8714565612204823 7 
0005 0005 4 1671010241652285 0.0 -55.5 1.5401167110371838 7 
0005 0013 4 1671010241656795 6.5 -67.5 4.362641360746763 7 
0005 0011 4 1671010241658927 61.8125 -64.5 1.9082721001297376 7 
0005 0001 4 1671010241660343 81.375 -73.5 1.1965050145508 7 
0005 0010 5 1671010241686206 42.3125 -68.5 5.141903600992669 7 
0005 0014 5 1671010241689228 -78.0625 -59.0 5.387340527054372 7 
0005 0008 5 1671010241690232 22.75 -62.0 3.80427235395639 7 
0005 0015 5 1671010241692052 9.75 -54.0 0.6258641614573416 7 
0005 0011 5 1671010241693005 -16.25 -65.5 4.871922982324796 7 
0005 0005 5 1671010241693937 6.5 -51.0 1.9757672547967058 7 
0005 0007 5 1671010241696353 -35.75 -64.0 0.944932165337555 7 
0005 0013 5 1671010241701502 97.625 -67.5 2.0371264863121317 7 
0005 0011 6 1671010241726282 -29.25 -59.5 1.0185632431560658 7 
0005 0015 6 1671010241728648 -26.0 -62.5 4.405592822807561 7 
0005 0013 6 1671010241729600 68.3125 -74.5 0.35588354278946877 7 
0005 0005 6 1671010241731550 3.25 -55.5 3.000466421104314 7 
0005 0008 6 1671010241740815 26.0 -70.0 0.44178646691106466 7 
0005 0010 6 1671010241741768 -87.875 -71.5 0.37429131224409645 7 
0005 0012 6 1671010241745366 -39.0 -70.5 5.712544454086128 7 
0005 0005 7 1671010241776423 139.125 -68.5 1.552388557340269 7 
0005 0015 7 1671010241793672 -29.25 -69.5 0.5154175447295755 7 
0005 0007 7 1671010241795356 -159.5 -71.5 5.5100589900852235 7 
0005 0015 8 1671010241829877 3.25 -69.5 5.497787143782138 7 
0005 0004 8 1671010241838817 0.0 -61.5 5.66959299202533 7 
0005 0015 1 1671010242067698 -136.6875 -70.5 4.626486056263094 7 
0005 0014 1 1671010242070079 -26.0 -68.0 1.8346410223112268 7 
0005 0006 1 1671010242076535 -35.75 -66.0 5.141903600992669 7 
0005 0004 2 1671010242107086 38.1875 -68.5 1.5707963267948966 7 
0005 0007 2 1671010242120187 117.125 -66.5 0.8897088569736719 7 
0005 0006 3 1671010242159662 0.0 -57.5 0.8406214717613314 7 
0005 0015 3 1671010242160602 -19.5 -58.0 4.227651051412827 7 
0005 0004 3 1671010242162712 10.5625 -57.0 0.1718058482431918 7 
0005 0012 3 1671010242164171 45.5625 -59.0 1.6382914814618648 7 
0005 0007 3 1671010242165731 -58.5625 -69.5 2.399145952253143 7 
0005 0014 3 1671010242170003 -22.75 -63.0 2.650718801466388 7 
0005 0004 4 1671010242196142 3.25 -52.5 0.23316507975861744 7 
0005 0008 4 1671010242197361 -35.75 -60.0 4.657165672020807 7 
0005 0012 4 1671010242200299 -19.5 -54.5 3.5158839658338894 7 
0005 0015 4 1671010242201493 29.25 -66.0 3.6386024288647407 7 
0005 0013 4 1671010242202669 26.0 -53.0 3.0066023442558567 7 
0005 0014 4 1671010242203617 22.75 -61.5 1.4726215563702154 7 
0005 0010 4 1671010242206225 32.5 -56.0 1.214912784005428 7 
0005 0001 4 1671010242207672 126.9375 -71.5 0.9817477042468103 7 
0005 0011 4 1671010242209247 -16.25 -64.0 3.0066023442558567 7 
0005 0006 4 1671010242212033 -3.25 -58.0 1.043106935762236 7 
0005 0009 4 1671010242214061 42.3125 -64.0 3.3440781175906977 7 
0005 0005 5 1671010242238546 -35.75 -60.5 4.878058905476339 7 
0005 0011 5 1671010242239937 -91.125 -66.0 5.675728915176872 7 
0005 0014 5 1671010242241156 -71.5625 -69.5 3.859495662320273 7 
0005 0015 5 1671010242244958 0.0 -57.5 3.834951969714103 7 
0005 0007 5 1671010242245882 9.75 -57.5 2.435961491162398 7 
0005 0012 5 1671010242247977 -19.5 -64.0 0.7485826244881929 7 
0005 0010 5 1671010242250092 -9.75 -65.0 4.76147636559703 7 
0005 0008 5 1671010242253783 -68.3125 -63.5 4.908738521234052 7 
0005 0009 6 1671010242287102 -48.8125 -65.5 5.4671075280244255 7 
0005 0008 6 1671010242288789 55.3125 -68.5 1.000155473701438 7 
0005 0011 6 1671010242292303 -9.75 -63.0 2.509592568980909 7 
0005 0005 6 1671010242295871 -26.0 -58.0 4.97623367590102 7 
0005 0004 6 1671010242302448 16.25 -69.0 1.509437095279471 7 
0005 0007 6 1671010242303642 -68.3125 -69.5 2.5770877236478773 7 
0005 0012 7 1671010242326242 152.9375 -68.0 5.577554144752192 7 
0005 0015 7 1671010242327942 3.25 -63.0 2.1966604882522383 7 
0005 0013 7 1671010242329138 143.1875 -69.0 5.565282298449106 7 
0005 0005 7 1671010242332688 -65.0625 -66.5 3.3318062712876126 7 
0005 0006 7 1671010242333563 68.3125 -67.0 3.160000423044421 7 
0005 0004 7 1671010242334751 39.0 -63.0 5.080544369477243 7 
0005 0014 8 1671010242386844 -3.25 -63.0 2.1659808724945253 7 
0005 0006 8 1671010242391687 -13.0 -67.5 5.577554144752192 7 
0005 0004 8 1671010242400243 45.5625 -70.5 2.098485717827557 7 
