0008 0013 1 1671010251430748 6.5 -60.5 1.7426021750380885 8 
0008 0005 1 1671010251432406 -48.8125 -68.5 4.491495746929157 8 
0008 0004 1 1671010251435293 59.375 -65.5 4.994641445355648 8 
0008 0007 1 1671010251439345 3.25 -58.5 4.405592822807561 8 
0008 0011 1 1671010251443284 -104.125 -67.5 2.411417798556228 8 
0008 0006 1 1671010251445889 -13.8125 -71.0 4.123340357836604 8 
0008 0005 2 1671010251480661 32.5 -63.0 5.583690067903734 8 
0008 0014 2 1671010251488858 38.1875 -64.0 3.718369429834794 8 
0008 0011 2 1671010251489861 97.625 -63.5 0.9756117810952678 8 
0008 0013 2 1671010251492050 -16.25 -66.5 3.2336315008629315 8 
0008 0005 3 1671010251517199 7.3125 -59.5 4.172427743048944 8 
0008 0011 3 1671010251522526 -27.625 -68.0 3.11091303783208 8 
0008 0013 3 1671010251523968 65.0625 -64.0 1.5401167110371838 8 
0008 0007 3 1671010251524919 29.25 -60.5 5.71868037723767 8 
0008 0015 3 1671010251526352 26.0 -61.5 3.9392626632903265 8 
0008 0004 3 1671010251528124 156.1875 -69.5 6.14819499784565 8 
0008 0013 4 1671010251556204 -9.75 -62.5 6.056156150572511 8 
0008 0015 4 1671010251558588 -9.75 -69.0 3.6263305825616556 8 
0008 0007 4 1671010251563996 6.5 -54.0 0.9387962421860124 8 
0008 0005 4 1671010251565895 17.0625 -53.5 0.5399612373357456 8 
0008 0004 4 1671010251567184 -68.3125 -67.5 4.724660826687775 8 
0008 0011 4 1671010251571773 -30.875 -66.0 6.264777537724958 8 
0008 0007 5 1671010251606711 0.0 -65.0 4.669437518323892 8 
0008 0013 5 1671010251609452 39.0 -68.5 2.5586799541932495 8 
0008 0014 5 1671010251610412 -13.8125 -59.5 2.9329712664373457 8 
0008 0001 5 1671010251614056 -125.3125 -69.0 5.135767677841127 8 
0008 0006 5 1671010251615412 -34.9375 -55.5 5.313709449235861 8 
0008 0015 5 1671010251623463 -32.5 -69.5 3.8288160465625602 8 
0008 0012 5 1671010251633541 120.4375 -69.5 4.270602513473625 8 
0008 0004 6 1671010251657429 -13.8125 -54.0 0.5031456984264903 8 
0008 0006 6 1671010251660832 41.5 -65.0 1.6566992509164924 8 
0008 0007 6 1671010251664026 -45.5625 -72.5 4.331961744989051 8 
0008 0011 6 1671010251666120 -10.5625 -70.0 0.7731263170943632 8 
0008 0014 6 1671010251668271 3.25 -60.5 0.5522330836388308 8 
0008 0001 6 1671010251670890 -52.0625 -68.0 1.0615147052168636 8 
0008 0005 6 1671010251672801 -6.5 -70.0 2.6139032625571326 8 
0008 0015 6 1671010251675901 -35.75 -69.5 2.6998061866787286 8 
0008 0007 7 1671010251718060 -22.75 -64.0 2.509592568980909 8 
0008 0015 7 1671010251719269 -123.6875 -68.5 6.160466844148735 8 
0008 0010 7 1671010251721619 6.5 -62.5 1.6137477888556946 8 
0008 0006 7 1671010251727495 -3.25 -70.0 1.7119225592803755 8 
0008 0001 7 1671010251728644 -125.3125 -65.5 5.221670601962723 8 
0008 0013 7 1671010251729574 -16.25 -56.5 0.9756117810952678 8 
0008 0011 7 1671010251730590 10.5625 -63.0 1.662835174068035 8 
0008 0014 7 1671010251732386 -6.5 -64.0 2.724349879284899 8 
0008 0004 7 1671010251737233 -159.5 -68.0 5.5284667595398505 8 
0008 0005 7 1671010251739354 -52.0625 -71.5 5.460971604872882 8 
0008 0005 8 1671010251765946 -16.25 -69.0 5.485515297479052 8 
0008 0014 8 1671010251770395 -27.625 -62.0 4.890330751779424 8 
0008 0006 8 1671010251772334 21.125 -68.0 0.7117670855789375 8 
0008 0013 8 1671010251774200 -19.5 -64.0 0.9387962421860124 8 
0008 0004 8 1671010251775443 34.9375 -68.0 2.141437179888355 8 
0008 0015 8 1671010251780766 -58.5625 -67.0 3.5956509668039427 8 
0008 0005 1 1671010251995867 -35.75 -60.5 4.3503695144436785 8 
0008 0010 1 1671010251999872 26.0 -60.5 1.662835174068035 8 
0008 0004 1 1671010252002025 87.875 -68.5 0.6749515466696822 8 
0008 0007 1 1671010252005679 0.0 -62.5 3.5342917352885173 8 
0008 0009 1 1671010252006644 9.75 -69.5 5.589825991055276 8 
0008 0015 1 1671010252007597 16.25 -58.5 4.95168998329485 8 
0008 0014 1 1671010252008999 73.1875 -67.0 0.9387962421860124 8 
0008 0012 1 1671010252012323 -73.1875 -67.5 3.2949907323783574 8 
0008 0006 1 1671010252017964 10.5625 -67.0 0.5645049299419159 8 
0008 0015 2 1671010252048263 123.6875 -62.0 4.706253057233147 8 
0008 0007 2 1671010252049498 100.875 -65.0 3.847223816017188 8 
0008 0005 2 1671010252058469 16.25 -65.0 1.1167380135807468 8 
0008 0011 2 1671010252061126 -79.75 -66.5 0.46019423636569234 8 
0008 0014 2 1671010252062444 -35.75 -66.0 5.258486140871978 8 
0008 0005 3 1671010252096980 -7.3125 -61.0 2.773437264497239 8 
0008 0007 3 1671010252102668 58.5625 -57.5 0.14726215563702155 8 
0008 0015 3 1671010252103848 52.0625 -62.5 3.6999616603801666 8 
0008 0011 4 1671010252137097 -13.8125 -65.0 2.497320722677824 8 
0008 0005 4 1671010252138256 17.0625 -52.5 1.945087639038993 8 
0008 0007 4 1671010252143986 0.0 -59.0 4.565126824747668 8 
0008 0000 4 1671010252146726 -22.75 -69.0 4.589670517353839 8 
0008 0015 4 1671010252147648 -13.0 -59.5 4.963961829597935 8 
0008 0007 5 1671010252176788 71.5625 -62.0 2.2457478734645786 8 
0008 0004 5 1671010252177765 -201.8125 -64.0 2.6384469551633027 8 
0008 0014 5 1671010252183135 21.125 -66.0 1.1106020904292042 8 
0008 0015 5 1671010252186529 68.3125 -68.0 3.031146036862027 8 
0008 0011 5 1671010252187488 21.125 -70.5 5.577554144752192 8 
0008 0012 5 1671010252188705 61.8125 -61.0 2.859340188618835 8 
0008 0006 5 1671010252190800 -65.875 -67.0 3.2765829629237295 8 
0008 0005 5 1671010252192369 -10.5625 -67.5 5.915029918087033 8 
0008 0010 5 1671010252203051 -166.0 -70.5 4.061981126321178 8 
0008 0004 6 1671010252228860 -13.0 -58.0 1.0799224746714913 8 
0008 0014 6 1671010252230061 -6.5 -55.5 0.1718058482431918 8 
0008 0007 6 1671010252236515 -6.5 -69.5 3.9760782021995817 8 
0008 0006 6 1671010252239677 55.3125 -59.5 5.663457068873787 8 
0008 0012 6 1671010252240624 -19.5 -71.0 4.331961744989051 8 
0008 0015 6 1671010252244111 -19.5 -63.0 6.2034183062095325 8 
0008 0014 7 1671010252280649 3.25 -62.5 5.3627968344482015 8 
0008 0011 7 1671010252281612 -45.5625 -66.5 1.5278448647340985 8 
0008 0004 7 1671010252282546 -114.6875 -69.5 1.9205439464328227 8 
0008 0015 7 1671010252283833 -13.0 -63.0 2.466641106920111 8 
0008 0010 7 1671010252286048 -13.0 -61.5 4.362641360746763 8 
0008 0006 7 1671010252287376 76.4375 -68.5 4.221515128261284 8 
0008 0013 7 1671010252288295 -74.8125 -66.5 4.571262747899211 8 
0008 0013 8 1671010252328846 -55.3125 -62.0 5.240078371417351 8 
0008 0000 8 1671010252330038 39.0 -74.0 4.405592822807561 8 
0008 0015 8 1671010252334371 -6.5 -66.0 0.4970097752749477 8 
0008 0012 8 1671010252337481 -39.0 -63.5 3.859495662320273 8 
0008 0005 8 1671010252342258 3.25 -71.0 1.736466251886546 8 
0008 0013 1 1671010252555936 -26.0 -56.0 3.8288160465625602 8 
0008 0011 1 1671010252564732 -59.375 -69.5 2.8654761117703775 8 
0008 0005 1 1671010252565921 -30.875 -63.0 4.663301595172349 8 
0008 0007 1 1671010252567365 6.5 -62.0 4.104932588381976 8 
0008 0010 1 1671010252569563 -32.5 -58.0 3.1661363461959633 8 
0008 0015 1 1671010252570531 -39.0 -68.5 4.675573441475434 8 
0008 0004 1 1671010252577577 9.75 -68.5 0.8099418560036186 8 
0008 0005 2 1671010252607258 -13.0 -65.5 0.03681553890925539 8 
0008 0015 2 1671010252608694 81.375 -66.0 2.2641556429192065 8 
0008 0001 2 1671010252611215 -21.125 -66.0 5.190990986205009 8 
0008 0014 2 1671010252613567 -19.5 -63.0 4.1601558967458585 8 
0008 0013 2 1671010252616705 -84.625 -59.0 5.688000761479957 8 
0008 0005 3 1671010252646685 -29.25 -61.5 5.964117303299373 8 
0008 0015 3 1671010252649764 -9.75 -62.0 0.006135923151542565 8 
0008 0007 3 1671010252659345 -29.25 -60.5 6.252505691421874 8 
0008 0013 3 1671010252663153 65.0625 -69.5 3.6692820446224537 8 
0008 0004 3 1671010252665729 -145.625 -70.5 4.1172044346850605 8 
0008 0015 4 1671010252686530 -13.0 -60.0 3.663146121470911 8 
0008 0004 4 1671010252687492 3.25 -67.5 1.2578642460662257 8 
0008 0013 4 1671010252690368 -16.25 -58.5 5.43029198911517 8 
0008 0007 4 1671010252694080 16.25 -60.0 6.135923151542564 8 
0008 0005 4 1671010252697199 16.25 -59.0 5.283029833478148 8 
0008 0000 4 1671010252704539 -22.75 -75.0 0.1043106935762236 8 
0008 0014 5 1671010252737564 -27.625 -57.5 2.6998061866787286 8 
0008 0006 5 1671010252740187 125.3125 -68.5 4.871922982324796 8 
0008 0007 5 1671010252745334 3.25 -69.5 2.2334760271614935 8 
0008 0010 5 1671010252748530 -58.5625 -69.5 4.81056375080937 8 
0008 0004 5 1671010252750384 19.5 -69.0 0.7301748550335652 8 
0008 0015 5 1671010252753118 91.125 -67.5 0.5154175447295755 8 
0008 0015 6 1671010252782412 -91.125 -72.0 5.780039608753096 8 
0008 0004 6 1671010252787553 0.0 -52.0 1.6505633277649499 8 
0008 0014 6 1671010252790532 30.875 -62.5 3.485204350076177 8 
0008 0006 6 1671010252791462 -17.0625 -62.0 3.4054373491061236 8 
0008 0011 7 1671010252820418 83.0 -62.5 5.786175531904639 8 
0008 0010 7 1671010252821893 -35.75 -56.0 4.552854978444583 8 
0008 0013 7 1671010252822826 -26.0 -60.0 3.436116964863836 8 
0008 0007 7 1671010252827503 -68.3125 -69.0 1.9880391010997909 8 
0008 0005 7 1671010252828422 32.5 -59.0 4.2031073588066565 8 
0008 0015 7 1671010252829387 -26.0 -61.0 4.325825821837508 8 
0008 0006 7 1671010252831413 -191.1875 -72.5 2.7857091108003242 8 
0008 0001 7 1671010252835426 -21.125 -61.5 3.54042765844006 8 
0008 0014 7 1671010252836369 0.0 -61.5 3.9208548938356986 8 
0008 0004 8 1671010252856261 91.125 -70.0 5.9518454569962875 8 
0008 0001 8 1671010252857421 27.625 -68.0 2.8654761117703775 8 
0008 0015 8 1671010252858642 19.5 -65.0 0.9633399347921826 8 
0008 0013 8 1671010252860991 -9.75 -62.5 4.362641360746763 8 
0008 0011 8 1671010252862394 52.0625 -70.5 0.8099418560036186 8 
0008 0012 8 1671010252863325 19.5 -70.5 6.031612457966341 8 
0008 0010 8 1671010252867178 3.25 -67.0 4.417864669110647 8 
0008 0007 8 1671010252876609 26.0 -69.0 5.485515297479052 8 
0008 0014 8 1671010252877729 45.5625 -61.5 1.2333205534600555 8 
0008 0005 8 1671010252878887 7.3125 -62.5 3.7429131224409646 8 
0008 0010 1 1671010253100746 32.5 -64.0 4.215379205109742 8 
0008 0005 1 1671010253104801 0.0 -60.0 5.135767677841127 8 
0008 0007 1 1671010253106634 -32.5 -63.5 3.8840393549264434 8 
0008 0015 1 1671010253109801 -48.8125 -63.0 2.5893595699509624 8 
0008 0001 2 1671010253146146 -139.125 -68.5 5.595961914206819 8 
0008 0014 2 1671010253148208 45.5625 -68.5 5.387340527054372 8 
0008 0005 2 1671010253151891 -65.875 -67.0 0.8774370106705868 8 
0008 0005 3 1671010253185917 39.0 -58.5 1.8530487917658545 8 
0008 0011 3 1671010253188057 -58.5625 -67.0 4.264466590322082 8 
0008 0007 3 1671010253192519 6.5 -61.5 5.111223985234957 8 
0008 0015 3 1671010253204202 45.5625 -63.0 4.0128937411088375 8 
0008 0004 4 1671010253241225 -35.75 -66.5 5.111223985234957 8 
0008 0009 4 1671010253242940 -128.5625 -67.5 5.227806525114265 8 
0008 0005 4 1671010253244850 -32.5 -62.5 5.129631754689584 8 
0008 0012 4 1671010253248332 39.0 -67.5 1.8285050991596843 8 
0008 0015 4 1671010253249497 -91.125 -69.5 3.6692820446224537 8 
0008 0007 4 1671010253250659 3.25 -62.0 1.7794177139473437 8 
0008 0014 4 1671010253251550 30.875 -66.0 1.1535535524900022 8 
0008 0010 5 1671010253275928 6.5 -64.0 0.1227184630308513 8 
0008 0015 5 1671010253279598 0.0 -62.0 3.018874190558942 8 
0008 0007 5 1671010253281021 32.5 -59.0 1.5892040962495242 8 
0008 0005 5 1671010253284519 7.3125 -64.5 5.129631754689584 8 
0008 0006 5 1671010253285679 39.0 -70.5 0.4724660826687775 8 
0008 0004 5 1671010253287782 7.3125 -65.5 4.608078286808466 8 
0008 0014 5 1671010253289014 -125.3125 -70.5 2.3746022596469727 8 
0008 0015 6 1671010253324337 22.75 -65.5 0.8958447801252144 8 
0008 0007 6 1671010253325275 -97.625 -66.5 4.896466674930966 8 
0008 0004 6 1671010253327917 9.75 -61.0 3.6876898140770815 8 
0008 0006 6 1671010253330083 55.3125 -63.5 3.2949907323783574 8 
0008 0014 6 1671010253332234 27.625 -59.0 5.8475347634200645 8 
0008 0015 7 1671010253368687 32.5 -56.5 1.9389517158874505 8 
0008 0001 7 1671010253369860 -39.0 -60.5 4.540583132141498 8 
0008 0011 7 1671010253370823 -121.25 -61.0 5.589825991055276 8 
0008 0012 7 1671010253372237 55.3125 -67.5 1.9941750242513334 8 
0008 0014 7 1671010253375347 26.0 -55.5 2.227340104009951 8 
0008 0010 7 1671010253378821 13.0 -60.0 0.2761165418194154 8 
0008 0005 7 1671010253380670 0.0 -68.5 5.927301764390117 8 
0008 0006 7 1671010253382503 -87.0625 -70.0 4.006757817957295 8 
0008 0015 8 1671010253408147 26.0 -65.0 5.829126993965437 8 
0008 0005 8 1671010253409204 0.0 -68.5 4.1417481272912315 8 
0008 0014 8 1671010253413087 -117.9375 -69.5 3.902447124381071 8 
0008 0012 8 1671010253415436 32.5 -56.0 0.8774370106705868 8 
0008 0009 8 1671010253416599 -52.0625 -69.0 2.509592568980909 8 
0008 0011 8 1671010253418672 -21.125 -68.0 3.9760782021995817 8 
0008 0001 8 1671010253420855 -41.5 -66.5 4.614214209960009 8 
0008 0010 8 1671010253422048 -39.0 -67.0 4.2031073588066565 8 
0008 0006 8 1671010253424096 3.25 -68.5 5.1725832167503825 8 
0008 0004 8 1671010253425016 24.375 -65.5 4.246058820867455 8 
0008 0010 1 1671010253638730 16.25 -68.5 1.8714565612204823 8 
0008 0005 1 1671010253640655 -45.5625 -61.5 4.2031073588066565 8 
0008 0007 1 1671010253647134 35.75 -62.5 1.0062913968529805 8 
0008 0015 1 1671010253649009 39.0 -66.5 3.6815538909255388 8 
0008 0011 2 1671010253675951 -111.4375 -68.5 4.074252972624263 8 
0008 0013 2 1671010253682578 -13.0 -65.0 4.276738436625168 8 
0008 0014 2 1671010253686742 -17.0625 -65.0 6.240233845118788 8 
0008 0013 3 1671010253706950 35.75 -68.5 1.8960002538266525 8 
0008 0005 3 1671010253708539 45.5625 -67.0 3.9515345095934116 8 
0008 0015 3 1671010253713688 -9.75 -55.0 4.693981210930062 8 
0008 0007 3 1671010253717595 6.5 -62.5 3.9085830475326135 8 
0008 0015 4 1671010253746490 -3.25 -56.0 0.2270291566070749 8 
0008 0013 4 1671010253748276 32.5 -60.5 1.2578642460662257 8 
0008 0011 4 1671010253750626 -13.8125 -60.0 1.846912868614312 8 
0008 0004 4 1671010253756925 -9.75 -65.5 4.638757902566179 8 
0008 0005 4 1671010253763209 10.5625 -64.0 1.6812429435226628 8 
0008 0010 5 1671010253797793 6.5 -66.0 2.172116795646068 8 
0008 0014 5 1671010253803089 -149.6875 -69.0 0.5031456984264903 8 
0008 0005 5 1671010253813477 -3.25 -70.0 0.5031456984264903 8 
0008 0006 6 1671010253837160 -41.5 -73.0 0.14726215563702155 8 
0008 0015 6 1671010253839248 26.0 -69.0 4.424000592262189 8 
0008 0004 6 1671010253843619 3.25 -53.0 5.313709449235861 8 
0008 0005 6 1671010253849233 22.75 -67.5 0.4540583132141498 8 
0008 0010 7 1671010253879247 6.5 -65.5 0.21475731030398976 8 
0008 0011 7 1671010253881542 3.25 -57.0 1.030835089459151 8 
0008 0009 7 1671010253882433 9.75 -65.5 6.031612457966341 8 
0008 0013 7 1671010253883674 3.25 -60.0 4.01902966426038 8 
0008 0005 7 1671010253888983 -9.75 -62.5 3.509748042682347 8 
0008 0015 7 1671010253890193 -48.8125 -64.0 5.773903685601553 8 
0008 0004 7 1671010253891155 -84.625 -64.5 1.5462526341887264 8 
0008 0001 7 1671010253892119 -139.125 -68.0 4.374913207049849 8 
0008 0014 7 1671010253893561 48.8125 -61.5 1.4358060174609601 8 
0008 0000 7 1671010253898774 -234.3125 -72.5 4.902602598082509 8 
0008 0013 8 1671010253928240 6.5 -57.5 0.25770877236478773 8 
0008 0015 8 1671010253929181 -45.5625 -70.5 2.9145634969827183 8 
0008 0004 8 1671010253932057 6.5 -61.5 2.36846633649543 8 
0008 0014 8 1671010253933047 3.25 -63.0 1.9573594853420782 8 
0008 0010 8 1671010253938224 -42.3125 -66.0 5.00077736850719 8 
0008 0005 8 1671010253940102 -3.25 -71.0 5.93343768754166 8 
0008 0007 8 1671010253941084 45.5625 -70.0 0.6565437772150544 8 
0008 0012 8 1671010253943941 139.125 -76.0 5.945709533844745 8 
0008 0013 1 1671010254158852 -84.625 -63.0 5.497787143782138 8 
0008 0007 1 1671010254165464 123.6875 -72.5 5.8659425328746915 8 
0008 0014 2 1671010254189199 32.5 -68.5 5.773903685601553 8 
0008 0007 2 1671010254191116 61.8125 -67.0 0.4908738521234052 8 
0008 0011 2 1671010254193254 -68.3125 -65.5 4.595806440505381 8 
0008 0013 2 1671010254194712 -19.5 -64.0 1.337631247036279 8 
0008 0012 2 1671010254195915 -97.625 -64.0 0.37429131224409645 8 
0008 0005 2 1671010254197489 -198.5625 -70.5 2.9513790358919736 8 
0008 0011 3 1671010254229586 0.0 -70.0 3.650874275167826 8 
0008 0015 3 1671010254232985 -9.75 -58.5 4.1172044346850605 8 
0008 0007 3 1671010254237911 -45.5625 -57.0 4.933282213840222 8 
0008 0014 3 1671010254245823 -214.8125 -68.0 2.098485717827557 8 
0008 0011 4 1671010254276771 91.125 -65.5 3.0250101137104846 8 
0008 0014 4 1671010254281020 -35.75 -61.0 3.3011266555298997 8 
0008 0004 4 1671010254282309 79.75 -69.5 6.135923151542564 8 
0008 0015 4 1671010254287213 16.25 -65.0 5.553010452146021 8 
0008 0005 4 1671010254294884 -6.5 -63.0 3.031146036862027 8 
0008 0004 5 1671010254330520 3.25 -69.0 0.6872233929727672 8 
0008 0006 5 1671010254335093 -465.4375 -71.5 2.5770877236478773 8 
0008 0014 6 1671010254362039 -21.125 -59.5 3.3502140407422405 8 
0008 0012 6 1671010254367245 -13.0 -66.5 3.773592738198677 8 
0008 0006 6 1671010254368403 17.0625 -65.0 0.1227184630308513 8 
0008 0004 7 1671010254397579 170.0625 -67.5 1.8346410223112268 8 
0008 0014 7 1671010254400935 -26.0 -57.5 1.3499030933393643 8 
0008 0012 7 1671010254401881 -48.8125 -69.0 0.7853981633974483 8 
0008 0011 7 1671010254403311 30.875 -60.0 5.301437602932776 8 
0008 0007 7 1671010254405014 -71.5625 -71.5 4.430136515413731 8 
0008 0015 7 1671010254407386 100.875 -70.5 4.921010367537137 8 
0008 0001 7 1671010254408959 -52.0625 -66.5 4.988505522204105 8 
0008 0010 8 1671010254436192 94.375 -71.0 4.933282213840222 8 
0008 0015 8 1671010254437412 -16.25 -68.0 1.6873788666742053 8 
0008 0007 8 1671010254439982 22.75 -62.0 5.620505606812989 8 
0008 0005 8 1671010254442461 100.875 -68.5 0.09817477042468103 8 
0008 0004 8 1671010254443677 -3.25 -67.5 3.1906800388021335 8 
0008 0012 8 1671010254445759 13.8125 -54.5 0.6258641614573416 8 
0008 0009 8 1671010254450548 39.0 -67.5 1.239456476611598 8 
0008 0007 1 1671010254665884 39.0 -64.5 5.712544454086128 8 
0008 0009 1 1671010254668153 -120.4375 -68.0 5.681864838328415 8 
0008 0013 1 1671010254671168 -45.5625 -65.5 2.337786720737717 8 
0008 0010 1 1671010254672119 45.5625 -64.0 6.264777537724958 8 
0008 0015 1 1671010254674049 -3.25 -58.0 6.056156150572511 8 
0008 0006 1 1671010254675026 30.875 -64.0 2.3746022596469727 8 
0008 0004 1 1671010254676029 9.75 -64.0 4.006757817957295 8 
0008 0011 1 1671010254678694 0.0 -60.5 1.0676506283684062 8 
0008 0005 1 1671010254680967 -81.375 -71.5 6.234097921967246 8 
0008 0014 1 1671010254688118 -30.875 -67.5 3.3502140407422405 8 
0008 0004 2 1671010254715940 34.9375 -65.5 1.4542137869155878 8 
0008 0006 2 1671010254718028 -136.6875 -68.5 5.049864753719531 8 
0008 0012 2 1671010254718957 6.5 -64.0 2.8102528034064944 8 
0008 0014 2 1671010254719934 55.3125 -64.0 0.4111068511533518 8 
0008 0015 2 1671010254722781 3.25 -65.5 2.84706834231575 8 
0008 0001 2 1671010254725187 -38.1875 -69.0 0.1043106935762236 8 
0008 0009 2 1671010254727552 128.5625 -67.0 1.5585244804918115 8 
0008 0011 2 1671010254730375 7.3125 -54.0 4.09266074207889 8 
0008 0010 2 1671010254733314 6.5 -63.5 4.2031073588066565 8 
0008 0013 2 1671010254735140 22.75 -63.5 3.4054373491061236 8 
0008 0005 3 1671010254758228 19.5 -57.0 1.5033011721279284 8 
0008 0007 3 1671010254759423 -32.5 -55.5 5.080544369477243 8 
0008 0015 3 1671010254762126 0.0 -57.0 3.1354567304382504 8 
0008 0014 3 1671010254769604 -91.125 -63.0 1.736466251886546 8 
0008 0011 3 1671010254775356 76.4375 -67.5 5.240078371417351 8 
0008 0014 4 1671010254805906 38.1875 -57.5 2.705942109830271 8 
0008 0015 4 1671010254808467 6.5 -57.0 4.374913207049849 8 
0008 0004 4 1671010254813998 -84.625 -69.5 2.110757564130642 8 
0008 0013 4 1671010254816872 45.5625 -70.0 4.620350133111551 8 
0008 0005 4 1671010254818685 -13.8125 -67.5 0.02454369260617026 8 
0008 0013 5 1671010254861959 -117.125 -69.5 1.7426021750380885 8 
0008 0006 5 1671010254865059 38.1875 -66.5 4.405592822807561 8 
0008 0004 6 1671010254895914 19.5 -60.5 6.2034183062095325 8 
0008 0006 6 1671010254898714 0.0 -63.0 5.945709533844745 8 
0008 0014 6 1671010254912502 -48.8125 -67.5 2.12916533358527 8 
0008 0011 6 1671010254916310 90.3125 -68.5 1.7119225592803755 8 
0008 0011 7 1671010254947148 -21.125 -57.5 5.338253141842031 8 
0008 0010 7 1671010254953213 32.5 -59.5 0.5092816215780329 8 
0008 0013 7 1671010254954177 -71.5625 -66.5 0.7669903939428205 8 
0008 0001 7 1671010254955886 38.1875 -61.5 3.810408277107933 8 
0008 0015 7 1671010254956951 16.25 -61.0 2.1537090261914402 8 
0008 0005 7 1671010254957930 52.0625 -68.5 1.0737865515199487 8 
0008 0006 7 1671010254959763 3.25 -64.0 3.442252888015379 8 
0008 0004 7 1671010254960839 3.25 -58.5 0.619728238305799 8 
0008 0014 7 1671010254964575 -260.375 -69.5 4.896466674930966 8 
0008 0001 8 1671010255006092 -26.0 -67.5 5.706408530934585 8 
0008 0014 8 1671010255010337 -10.5625 -62.5 5.405748296509 8 
0008 0004 8 1671010255012490 -7.3125 -61.5 3.2643111166206444 8 
0008 0013 8 1671010255013648 -9.75 -61.5 5.043728830567988 8 
0008 0006 8 1671010255014808 -87.0625 -70.5 3.650874275167826 8 
0008 0015 8 1671010255016455 -45.5625 -61.0 0.7301748550335652 8 
0008 0007 8 1671010255019378 39.0 -62.5 4.657165672020807 8 
0008 0005 8 1671010255023041 -13.0 -61.0 5.283029833478148 8 
0008 0015 1 1671010255247021 -16.25 -65.5 4.81056375080937 8 
0008 0007 1 1671010255247972 -26.0 -59.0 1.6321555583103222 8 
0008 0004 1 1671010255250083 -97.625 -63.0 4.509903516383785 8 
0008 0005 1 1671010255251255 19.5 -57.0 1.662835174068035 8 
0008 0012 1 1671010255256585 58.5625 -67.5 5.013049214810275 8 
0008 0014 1 1671010255259398 0.0 -71.5 1.7303303287350031 8 
0008 0010 1 1671010255260325 -45.5625 -69.5 5.663457068873787 8 
0008 0000 1 1671010255262199 91.125 -75.5 0.9572040116406401 8 
0008 0013 2 1671010255286781 -39.0 -60.5 6.14819499784565 8 
0008 0011 2 1671010255287725 7.3125 -55.5 3.6263305825616556 8 
0008 0014 2 1671010255288899 -16.25 -57.0 4.1172044346850605 8 
0008 0001 2 1671010255291176 59.375 -64.0 0.4172427743048944 8 
0008 0015 2 1671010255293544 22.75 -61.0 1.2517283229146832 8 
0008 0005 2 1671010255294533 -3.25 -61.0 3.184544115650591 8 
0008 0007 2 1671010255297800 -117.125 -69.0 2.3930100291016 8 
0008 0009 2 1671010255299358 81.375 -68.5 0.7792622402459057 8 
0008 0012 2 1671010255300336 -55.3125 -64.0 3.522019888985432 8 
0008 0005 3 1671010255337196 45.5625 -67.5 4.6448938257177215 8 
0008 0011 3 1671010255340074 90.3125 -64.0 6.22182607566416 8 
0008 0012 3 1671010255344226 117.9375 -69.5 2.5770877236478773 8 
0008 0015 3 1671010255347507 48.8125 -62.0 1.9880391010997909 8 
0008 0015 4 1671010255376228 0.0 -61.0 2.141437179888355 8 
0008 0013 4 1671010255383398 -3.25 -68.0 4.1601558967458585 8 
0008 0005 4 1671010255384333 13.8125 -66.0 3.693825737228624 8 
0008 0007 5 1671010255421732 52.0625 -68.5 0.5276893910326605 8 
0008 0014 5 1671010255426664 -117.9375 -70.0 3.54042765844006 8 
0008 0004 6 1671010255459581 -52.0625 -65.0 5.64504929941916 8 
0008 0014 6 1671010255462859 -26.0 -66.0 0.1595340019401067 8 
0008 0015 6 1671010255464044 0.0 -66.5 5.399612373357457 8 
0008 0006 6 1671010255465024 62.625 -68.0 4.417864669110647 8 
0008 0012 6 1671010255470638 84.625 -64.5 5.982525072754001 8 
0008 0011 6 1671010255474914 83.0 -70.0 3.11091303783208 8 
0008 0012 7 1671010255507597 65.0625 -63.0 5.700272607783043 8 
0008 0014 7 1671010255509446 -22.75 -55.0 4.755340442445488 8 
0008 0011 7 1671010255510845 -3.25 -58.5 3.147728576741336 8 
0008 0001 7 1671010255513260 21.125 -59.0 3.7122335066832517 8 
0008 0015 7 1671010255516424 -84.625 -65.5 6.154330920997192 8 
0008 0010 7 1671010255519344 68.3125 -62.5 5.620505606812989 8 
0008 0005 7 1671010255521926 211.5625 -68.5 1.0921943209745766 8 
0008 0012 8 1671010255545962 0.0 -57.0 4.933282213840222 8 
0008 0007 8 1671010255546892 91.125 -68.5 5.289165756629691 8 
0008 0005 8 1671010255553781 -100.875 -69.5 5.117359908386499 8 
0008 0006 8 1671010255554715 -139.125 -70.0 0.07976700097005335 8 
0008 0015 8 1671010255555892 -35.75 -65.0 3.749049045592507 8 
0008 0009 8 1671010255557381 35.75 -59.0 1.1658253987930873 8 
0008 0008 8 1671010255559177 19.5 -72.5 0.9203884727313847 8 
0008 0000 8 1671010255560771 -188.75 -75.5 0.5092816215780329 8 
0008 0005 1 1671010255779126 -10.5625 -61.0 4.430136515413731 8 
0008 0007 1 1671010255780278 26.0 -64.5 3.129320807286708 8 
0008 0012 1 1671010255781153 22.75 -68.0 0.4540583132141498 8 
0008 0013 1 1671010255784654 -32.5 -70.0 4.577398671050753 8 
0008 0015 1 1671010255787267 19.5 -56.0 1.055378782065321 8 
0008 0010 1 1671010255788232 32.5 -59.5 4.123340357836604 8 
0008 0011 1 1671010255790442 -97.625 -67.5 2.7979809571034093 8 
0008 0009 1 1671010255791362 111.4375 -69.5 2.36846633649543 8 
0008 0000 1 1671010255792297 71.5625 -70.0 5.264622064023521 8 
0008 0006 1 1671010255794235 -26.0 -72.5 6.086835766330224 8 
0008 0014 2 1671010255817596 -3.25 -62.0 4.914874444385594 8 
0008 0011 2 1671010255820626 -27.625 -54.0 1.705786636128833 8 
0008 0001 2 1671010255822539 39.0 -61.5 5.043728830567988 8 
0008 0010 2 1671010255823816 -32.5 -63.0 2.0064468705544187 8 
0008 0005 2 1671010255825731 -211.5625 -66.5 3.8963112012295285 8 
0008 0004 2 1671010255826805 -68.3125 -65.0 5.706408530934585 8 
0008 0007 2 1671010255828083 -22.75 -67.0 4.184699589352029 8 
0008 0012 2 1671010255829031 26.0 -62.0 0.0674951546669682 8 
0008 0000 2 1671010255834431 120.4375 -70.0 4.540583132141498 8 
0008 0015 2 1671010255837404 -35.75 -68.0 1.6444274046134073 8 
0008 0005 3 1671010255869643 26.0 -64.0 5.209398755659637 8 
0008 0015 3 1671010255873388 65.0625 -60.5 6.19728238305799 8 
0008 0015 4 1671010255919437 -16.25 -63.5 5.878214379177777 8 
0008 0004 4 1671010255921559 10.5625 -66.0 0.8160777791551611 8 
0008 0005 4 1671010255927810 -39.0 -70.0 0.2270291566070749 8 
0008 0014 4 1671010255928757 -39.0 -67.5 5.283029833478148 8 
0008 0007 4 1671010255934242 -58.5625 -65.5 2.6139032625571326 8 
0008 0014 5 1671010255973961 41.5 -63.0 2.012582793705961 8 
0008 0007 5 1671010255975137 3.25 -64.0 2.6691265709210157 8 
0008 0004 5 1671010255978930 24.375 -67.0 5.399612373357457 8 
0008 0013 5 1671010255981260 19.5 -65.5 3.08636934522591 8 
0008 0006 5 1671010255987234 -65.875 -71.0 2.110757564130642 8 
0008 0015 5 1671010256000093 97.625 -71.0 0.28838838812250056 8 
0008 0006 6 1671010256026737 -83.0 -69.5 3.5833791205008576 8 
0008 0011 6 1671010256030219 -48.8125 -68.5 3.8963112012295285 8 
0008 0014 6 1671010256032429 -21.125 -70.0 5.957981380147831 8 
0008 0004 7 1671010256069885 -21.125 -65.5 0.1043106935762236 8 
0008 0005 7 1671010256072479 -107.375 -67.5 4.890330751779424 8 
0008 0010 7 1671010256073384 -13.0 -53.5 4.215379205109742 8 
0008 0011 7 1671010256075551 -24.375 -63.5 3.098641191528995 8 
0008 0001 7 1671010256076682 30.875 -61.5 2.12916533358527 8 
0008 0014 7 1671010256077856 48.8125 -63.0 0.15339807878856412 8 
0008 0015 7 1671010256080457 -55.3125 -59.5 5.638913376267617 8 
0008 0011 8 1671010256108282 24.375 -69.5 5.5100589900852235 8 
0008 0010 8 1671010256111136 3.25 -63.0 5.976389149602458 8 
0008 0015 8 1671010256112344 -13.0 -63.0 5.092816215780329 8 
0008 0005 8 1671010256113545 24.375 -60.5 1.1658253987930873 8 
0008 0004 8 1671010256114506 17.0625 -62.0 5.098952138931871 8 
0008 0001 8 1671010256116144 -7.3125 -66.0 4.71238898038469 8 
0008 0007 8 1671010256117099 -26.0 -64.0 5.240078371417351 8 
0008 0013 8 1671010256118984 -35.75 -60.5 3.380893656499953 8 
0008 0014 8 1671010256120017 39.0 -62.5 1.7732817907958012 8 
0008 0009 8 1671010256125556 -61.8125 -71.0 5.190990986205009 8 
0008 0008 8 1671010256127436 -42.3125 -73.0 5.792311455056181 8 
0008 0000 8 1671010256133405 19.5 -75.0 5.6941366846315 8 
0008 0013 1 1671010256345855 74.8125 -63.5 1.239456476611598 8 
0008 0005 1 1671010256347083 -7.3125 -58.0 0.9326603190344698 8 
0008 0012 1 1671010256349237 3.25 -73.0 5.712544454086128 8 
0008 0007 1 1671010256350387 6.5 -54.5 1.6137477888556946 8 
0008 0015 1 1671010256353932 16.25 -61.0 2.435961491162398 8 
0008 0004 1 1671010256359665 -90.3125 -70.0 1.8285050991596843 8 
0008 0001 2 1671010256385907 -24.375 -59.5 4.8351074434155406 8 
0008 0005 2 1671010256386824 6.5 -56.5 4.411728745959104 8 
0008 0000 2 1671010256387780 211.5625 -70.0 3.3870295796514958 8 
0008 0014 2 1671010256389262 24.375 -60.5 0.8897088569736719 8 
0008 0015 2 1671010256390939 -16.25 -68.5 4.970097752749477 8 
0008 0013 2 1671010256392111 -6.5 -66.0 3.074097498922825 8 
0008 0007 2 1671010256393378 29.25 -57.5 4.718524903536232 8 
0008 0011 2 1671010256394552 -83.0 -62.0 2.779573187648782 8 
0008 0012 2 1671010256396887 87.875 -65.5 0.0859029241215959 8 
0008 0006 2 1671010256399281 -35.75 -70.0 1.030835089459151 8 
