0008 0004 1 1671005282488557 0.0 -55.5 5.344389064993574 13 
0008 0009 1 1671005282489496 42.3125 -69.5 0.7240389318820226 13 
0008 0015 1 1671005282493291 -6.5 -58.0 3.6876898140770815 13 
0008 0014 1 1671005282494264 0.0 -60.5 4.239922897715912 13 
0008 0006 1 1671005282495456 48.8125 -71.0 0.6442719309119693 13 
0008 0005 1 1671005282496375 -13.0 -68.0 5.810719224510809 13 
0008 0011 1 1671005282497592 -172.5 -67.0 2.2641556429192065 13 
0008 0012 1 1671005282498879 -32.5 -65.0 3.5833791205008576 13 
0008 0010 1 1671005282501668 -32.5 -62.5 2.1659808724945253 13 
0008 0013 1 1671005282504676 -68.3125 -72.0 0.9817477042468103 13 
0008 0007 1 1671005282508318 -110.625 -70.5 2.945243112740431 13 
0008 0004 2 1671005282536458 10.5625 -60.5 2.5893595699509624 13 
0008 0006 2 1671005282538428 73.1875 -67.5 5.43029198911517 13 
0008 0013 2 1671005282539672 -9.75 -61.5 3.2704470397721868 13 
0008 0009 2 1671005282541874 -244.125 -65.5 4.792155981354743 13 
0008 0007 2 1671005282543078 39.0 -67.5 6.092971689481767 13 
0008 0012 2 1671005282544719 26.0 -63.5 0.01227184630308513 13 
0008 0010 2 1671005282545936 -3.25 -66.0 4.957825906446392 13 
0008 0009 3 1671005282585883 3.25 -63.5 1.1596894756415448 13 
0008 0005 3 1671005282588729 3.25 -61.5 2.2457478734645786 13 
0008 0010 3 1671005282589695 61.8125 -61.0 1.368310862793992 13 
0008 0007 3 1671005282590672 -6.5 -62.5 1.0799224746714913 13 
0008 0004 3 1671005282597027 9.75 -66.0 3.018874190558942 13 
0008 0012 3 1671005282600198 -9.75 -64.0 1.4296700943094176 13 
0008 0011 3 1671005282602590 -79.75 -70.0 3.8533597391687304 13 
0008 0006 4 1671005282626959 -34.9375 -66.5 3.497476196379262 13 
0008 0014 4 1671005282628145 13.8125 -56.5 1.2701360923693108 13 
0008 0015 4 1671005282629126 -42.3125 -61.0 5.9088939949354895 13 
0008 0005 4 1671005282631308 74.8125 -67.5 0.1349903093339364 13 
0008 0011 4 1671005282633641 -13.8125 -53.0 4.190835512503572 13 
0008 0007 4 1671005282636557 39.0 -62.5 2.1353012567368124 13 
0008 0001 4 1671005282638455 -17.0625 -66.5 1.086058397823034 13 
0008 0012 4 1671005282639602 83.0 -61.0 1.7303303287350031 13 
0008 0004 4 1671005282643002 -13.0 -64.5 3.436116964863836 13 
0008 0013 4 1671005282645725 -130.1875 -66.5 1.8162332528565992 13 
0008 0015 5 1671005282667664 94.375 -67.0 1.1351457830353744 13 
0008 0007 5 1671005282680917 29.25 -57.0 0.6381360077604268 13 
0008 0005 5 1671005282686413 81.375 -65.0 0.06135923151542565 13 
0008 0014 6 1671005282729778 45.5625 -68.0 0.5399612373357456 13 
0008 0015 6 1671005282733045 -19.5 -62.5 6.258641614573416 13 
0008 0005 6 1671005282736173 26.0 -60.5 2.2641556429192065 13 
0008 0007 6 1671005282743755 -13.0 -59.5 4.227651051412827 13 
0008 0004 7 1671005282777471 0.0 -57.0 0.7363107781851077 13 
0008 0007 7 1671005282779830 19.5 -68.5 4.921010367537137 13 
0008 0014 7 1671005282781032 -26.0 -57.5 5.957981380147831 13 
0008 0013 7 1671005282781967 32.5 -65.5 2.9084275738311756 13 
0008 0012 7 1671005282790091 126.9375 -65.5 2.270291566070749 13 
0008 0010 7 1671005282793057 -55.3125 -67.0 0.0859029241215959 13 
0008 0005 7 1671005282793976 35.75 -66.5 5.368932757599744 13 
0008 0006 7 1671005282798235 -13.8125 -67.5 0.662679700366597 13 
0008 0004 8 1671005282843218 32.5 -66.5 1.5707963267948966 13 
0008 0005 8 1671005282845768 -68.3125 -67.0 3.147728576741336 13 
0008 0012 8 1671005282849098 -61.8125 -67.5 4.601942363656923 13 
0008 0013 8 1671005282850287 39.0 -69.0 0.9756117810952678 13 
0008 0007 8 1671005282851551 78.0625 -68.5 0.4479223900626072 13 
0008 0004 1 1671005283071362 -22.75 -55.5 5.45483568172134 13 
0008 0012 1 1671005283073117 58.5625 -65.0 3.552699504743145 13 
0008 0006 1 1671005283078161 -10.5625 -69.5 0.7240389318820226 13 
0008 0010 1 1671005283079155 3.25 -63.0 2.3193789512830896 13 
0008 0015 1 1671005283081059 -3.25 -58.0 3.724505352986337 13 
0008 0009 1 1671005283082166 -26.0 -70.0 0.7485826244881929 13 
0008 0007 1 1671005283083145 -9.75 -70.5 2.8532042654672924 13 
0008 0014 1 1671005283084348 3.25 -60.5 4.246058820867455 13 
0008 0013 1 1671005283085691 -6.5 -72.0 0.859029241215959 13 
0008 0011 1 1671005283088962 -13.8125 -66.5 2.2457478734645786 13 
0008 0005 1 1671005283089971 -30.875 -69.0 6.050020227420969 13 
0008 0004 2 1671005283116883 -62.625 -61.0 2.736621725587984 13 
0008 0010 2 1671005283119085 -45.5625 -65.0 5.166447293598839 13 
0008 0009 2 1671005283121309 19.5 -67.5 4.037437433715008 13 
0008 0007 2 1671005283122799 -32.5 -68.0 0.01227184630308513 13 
0008 0013 2 1671005283124511 9.75 -61.5 3.2643111166206444 13 
0008 0012 2 1671005283125958 9.75 -62.5 0.12885438618239387 13 
0008 0006 2 1671005283126908 -121.25 -67.5 5.810719224510809 13 
0008 0010 3 1671005283155922 -3.25 -60.5 1.4910293258248433 13 
0008 0012 3 1671005283160821 45.5625 -65.0 1.380582709097077 13 
0008 0005 3 1671005283162423 76.4375 -61.5 2.1966604882522383 13 
0008 0004 3 1671005283163369 -19.5 -66.0 3.2029518851052186 13 
0008 0009 3 1671005283168207 -68.3125 -65.5 0.9142525495798421 13 
0008 0007 3 1671005283169186 61.8125 -61.5 1.0676506283684062 13 
0008 0011 3 1671005283175781 289.6875 -70.5 3.4054373491061236 13 
0008 0001 4 1671005283206194 69.125 -65.5 1.6014759425526093 13 
0008 0012 4 1671005283207169 16.25 -61.5 1.8039614065535141 13 
0008 0005 4 1671005283208117 79.75 -69.0 0.2454369260617026 13 
0008 0004 4 1671005283211106 -21.125 -64.0 3.3870295796514958 13 
0008 0015 4 1671005283212554 -19.5 -61.5 5.8659425328746915 13 
0008 0013 4 1671005283214453 -16.25 -67.0 1.521708941582556 13 
0008 0011 4 1671005283216303 -34.9375 -53.0 4.166291819897402 13 
0008 0014 4 1671005283217940 10.5625 -56.5 1.239456476611598 13 
0008 0006 4 1671005283220348 -17.0625 -66.0 3.6754179677739964 13 
0008 0007 4 1671005283223213 26.0 -62.0 2.1598449493429825 13 
0008 0007 5 1671005283255914 0.0 -56.5 0.662679700366597 13 
0008 0015 5 1671005283260985 42.3125 -68.0 1.055378782065321 13 
0008 0005 5 1671005283277929 -83.0 -66.0 0.3190680038802134 13 
0008 0007 6 1671005283314224 19.5 -59.5 4.252194744018997 13 
0008 0015 6 1671005283315190 16.25 -62.5 6.227961998815704 13 
0008 0014 6 1671005283316111 -55.3125 -68.0 0.8099418560036186 13 
0008 0005 6 1671005283317310 -6.5 -60.5 2.36846633649543 13 
0008 0006 6 1671005283320107 -3.25 -66.5 4.28287435977671 13 
0008 0004 6 1671005283325955 -246.5625 -73.0 4.473087977474529 13 
0008 0014 7 1671005283346224 -9.75 -57.0 5.927301764390117 13 
0008 0013 7 1671005283351926 -65.0625 -65.0 3.0925052683774528 13 
0008 0012 7 1671005283354800 68.3125 -65.0 2.4850488763747385 13 
0008 0010 7 1671005283356700 -26.0 -68.0 6.209554229361076 13 
0008 0004 7 1671005283358126 9.75 -57.0 0.7792622402459057 13 
0008 0005 7 1671005283362789 3.25 -66.5 5.405748296509 13 
0008 0006 7 1671005283364619 -55.3125 -68.5 0.6933593161243098 13 
0008 0007 7 1671005283367595 -9.75 -68.0 4.914874444385594 13 
0008 0005 8 1671005283397584 -7.3125 -67.0 3.031146036862027 13 
0008 0004 8 1671005283399967 52.0625 -67.0 1.552388557340269 13 
0008 0013 8 1671005283406497 113.875 -68.5 0.9387962421860124 13 
0008 0012 8 1671005283410518 -59.375 -67.0 4.651029748869264 13 
0008 0011 1 1671005283625894 -87.0625 -67.5 2.061670178918302 13 
0008 0010 1 1671005283628743 6.5 -63.5 2.2518837966161214 13 
0008 0012 1 1671005283632758 -32.5 -64.0 3.5833791205008576 13 
0008 0015 1 1671005283633951 -26.0 -58.0 3.767456815047135 13 
0008 0004 1 1671005283636373 -27.625 -55.5 5.289165756629691 13 
0008 0014 1 1671005283639303 26.0 -60.0 4.252194744018997 13 
0008 0005 1 1671005283640477 48.8125 -67.5 5.743224069843841 13 
0008 0007 1 1671005283643101 -136.6875 -71.0 3.160000423044421 13 
0008 0006 1 1671005283644060 -62.625 -71.0 0.5460971604872883 13 
0008 0013 1 1671005283646822 -78.0625 -71.0 0.8897088569736719 13 
0008 0009 1 1671005283647969 149.6875 -72.0 0.07976700097005335 13 
0008 0013 2 1671005283676960 19.5 -62.0 3.1231848841351653 13 
0008 0009 2 1671005283678773 87.875 -68.0 3.6017868899554855 13 
0008 0010 2 1671005283681436 48.8125 -65.0 5.019185137961818 13 
0008 0004 2 1671005283683826 166.8125 -60.5 2.2334760271614935 13 
0008 0012 2 1671005283687241 22.75 -62.5 0.04295146206079795 13 
0008 0007 2 1671005283689143 -97.625 -67.5 0.02454369260617026 13 
0008 0006 2 1671005283692084 -65.875 -66.5 5.491651220630596 13 
0008 0004 3 1671005283716242 10.5625 -66.0 3.0127382674073995 13 
0008 0010 3 1671005283717207 19.5 -59.0 1.4051264017032472 13 
0008 0005 3 1671005283720400 65.875 -61.0 2.086213871524472 13 
0008 0009 3 1671005283721348 48.8125 -64.0 0.4111068511533518 13 
0008 0007 3 1671005283722608 9.75 -62.5 0.9203884727313847 13 
0008 0012 3 1671005283723997 -13.0 -63.0 1.3499030933393643 13 
0008 0013 3 1671005283728574 -107.375 -69.5 2.1659808724945253 13 
0008 0011 3 1671005283732018 -126.9375 -69.0 2.8777479580734626 13 
0008 0015 4 1671005283757730 -68.3125 -61.0 6.062292073724054 13 
0008 0005 4 1671005283759487 -29.25 -68.0 6.227961998815704 13 
0008 0014 4 1671005283760687 10.5625 -56.5 1.2640001692177683 13 
0008 0007 4 1671005283761635 0.0 -63.0 1.9634954084936207 13 
0008 0013 4 1671005283762828 32.5 -65.5 1.337631247036279 13 
0008 0011 4 1671005283763729 -13.8125 -52.0 3.5588354278946874 13 
0008 0004 4 1671005283766172 -76.4375 -64.0 3.2949907323783574 13 
0008 0006 4 1671005283767599 69.125 -66.0 3.2459033471660166 13 
0008 0012 4 1671005283771104 -6.5 -60.0 1.8714565612204823 13 
0008 0001 4 1671005283774371 -3.25 -65.0 2.1230294104337273 13 
0008 0005 5 1671005283799429 22.75 -66.0 0.1227184630308513 13 
0008 0007 5 1671005283801418 29.25 -58.5 1.4726215563702154 13 
0008 0015 5 1671005283808116 94.375 -66.5 1.3130875544301088 13 
0008 0007 6 1671005283846212 16.25 -55.0 5.013049214810275 13 
0008 0012 6 1671005283847146 9.75 -70.0 3.8288160465625602 13 
0008 0006 6 1671005283853866 22.75 -69.0 4.0558452031696355 13 
0008 0005 6 1671005283859108 -6.5 -61.0 2.2886993355253766 13 
0008 0014 6 1671005283863687 0.0 -72.5 1.2026409377023426 13 
0008 0015 6 1671005283867131 13.0 -62.0 5.8045833013592665 13 
0008 0004 7 1671005283905870 -16.25 -60.0 0.705631162427395 13 
0008 0005 7 1671005283910533 -9.75 -66.5 4.896466674930966 13 
0008 0013 7 1671005283915812 0.0 -69.5 2.380738182798515 13 
0008 0014 7 1671005283919470 6.5 -57.5 6.0991076126333095 13 
0008 0015 7 1671005283920705 84.625 -70.0 1.239456476611598 13 
0008 0007 7 1671005283921658 -201.8125 -68.5 5.4671075280244255 13 
0008 0012 7 1671005283923513 -35.75 -62.5 2.3009711818284617 13 
0008 0011 7 1671005283924574 156.1875 -69.5 5.473243451175968 13 
0008 0006 7 1671005283925971 -30.875 -68.0 0.8958447801252144 13 
0008 0007 8 1671005283957104 -19.5 -65.5 0.11658253987930872 13 
0008 0015 8 1671005283958311 16.25 -69.5 6.227961998815704 13 
0008 0012 8 1671005283959274 -84.625 -67.0 4.9394181369917645 13 
0008 0004 8 1671005283961680 55.3125 -64.0 1.7548740213411735 13 
0008 0005 8 1671005283965491 27.625 -70.0 2.773437264497239 13 
0008 0009 1 1671005284195866 -3.25 -61.0 1.8346410223112268 13 
0008 0004 1 1671005284197721 -110.625 -62.5 5.301437602932776 13 
0008 0000 1 1671005284200887 -71.5625 -69.0 0.14112623248547898 13 
0008 0015 1 1671005284204176 6.5 -57.0 3.8717675086233583 13 
0008 0014 1 1671005284205601 0.0 -56.5 4.779884135051658 13 
0008 0006 1 1671005284207995 3.25 -67.5 1.325359400733194 13 
0008 0010 1 1671005284211090 113.875 -71.5 5.6573211457222445 13 
0008 0007 1 1671005284212183 -22.75 -71.5 0.2270291566070749 13 
0008 0005 1 1671005284215003 -39.0 -71.0 0.9142525495798421 13 
0008 0001 1 1671005284216123 26.0 -63.0 5.154175447295755 13 
0008 0011 1 1671005284217523 -55.3125 -67.0 0.6872233929727672 13 
0008 0004 2 1671005284247563 16.25 -59.5 6.037748381117884 13 
0008 0006 2 1671005284248524 -73.1875 -63.5 6.12365130523948 13 
0008 0011 2 1671005284253597 87.0625 -67.5 2.8961557275280905 13 
0008 0011 3 1671005284286082 -149.6875 -67.0 6.17273869045182 13 
0008 0004 3 1671005284290057 22.75 -65.0 4.178563666200486 13 
0008 0006 3 1671005284291004 -38.1875 -68.5 3.7551849687440497 13 
0008 0010 3 1671005284291968 22.75 -61.5 2.5157284921324514 13 
0008 0007 3 1671005284293162 -126.9375 -70.0 6.037748381117884 13 
0008 0001 3 1671005284296017 68.3125 -63.5 5.5284667595398505 13 
0008 0005 3 1671005284297192 32.5 -64.5 4.129476280988146 13 
0008 0014 3 1671005284298965 152.9375 -69.5 4.8351074434155406 13 
0008 0011 4 1671005284335923 -24.375 -56.0 3.7429131224409646 13 
0008 0015 4 1671005284336850 -26.0 -57.5 5.988660995905543 13 
0008 0008 4 1671005284337824 -3.25 -55.0 6.252505691421874 13 
0008 0009 4 1671005284340948 0.0 -58.5 1.1351457830353744 13 
0008 0005 4 1671005284342922 -90.3125 -67.5 3.9269908169872414 13 
0008 0000 4 1671005284343872 9.75 -67.5 5.473243451175968 13 
0008 0007 4 1671005284344838 81.375 -70.5 2.0923497946760143 13 
0008 0001 4 1671005284345797 -9.75 -57.0 4.718524903536232 13 
0008 0010 4 1671005284348176 -9.75 -53.5 4.963961829597935 13 
0008 0004 4 1671005284349138 -13.0 -64.0 2.9636508821950587 13 
0008 0014 4 1671005284356403 19.5 -59.0 1.9819031779482483 13 
0008 0007 5 1671005284392045 16.25 -57.0 1.3928545554001621 13 
0008 0004 5 1671005284393020 -16.25 -62.0 1.4542137869155878 13 
0008 0000 5 1671005284399724 32.5 -67.0 2.9022916506796332 13 
0008 0009 5 1671005284400913 -74.8125 -64.5 1.576932249946439 13 
0008 0008 5 1671005284401891 -35.75 -63.0 0.4295146206079795 13 
0008 0005 5 1671005284405445 48.8125 -65.0 3.442252888015379 13 
0008 0015 5 1671005284407106 -29.25 -65.5 0.04295146206079795 13 
0008 0010 5 1671005284412715 26.0 -70.5 1.0737865515199487 13 
0008 0008 6 1671005284437699 -113.875 -68.5 4.031301510563465 13 
0008 0001 6 1671005284438828 16.25 -69.0 4.485359823777615 13 
0008 0007 6 1671005284442963 9.75 -60.5 1.000155473701438 13 
0008 0010 6 1671005284445093 -126.9375 -70.5 3.3502140407422405 13 
0008 0004 6 1671005284452404 -32.5 -67.0 3.9208548938356986 13 
0008 0015 6 1671005284453805 9.75 -63.5 4.0987966652304335 13 
0008 0005 6 1671005284454980 -19.5 -62.0 4.571262747899211 13 
0008 0014 7 1671005284486433 -149.6875 -67.5 5.994796919057086 13 
0008 0004 7 1671005284487394 -42.3125 -65.5 4.104932588381976 13 
0008 0010 7 1671005284493701 -123.6875 -63.5 3.4177091954092087 13 
0008 0004 8 1671005284532503 10.5625 -61.0 3.2765829629237295 13 
0008 0015 8 1671005284533457 -42.3125 -70.5 5.080544369477243 13 
0008 0010 8 1671005284536110 42.3125 -65.0 1.2701360923693108 13 
0008 0009 1 1671005284756709 -87.875 -70.5 4.81056375080937 13 
0008 0007 1 1671005284757689 -16.25 -70.0 4.675573441475434 13 
0008 0015 1 1671005284759492 -9.75 -56.5 4.798291904506286 13 
0008 0014 1 1671005284761117 7.3125 -58.0 5.730952223540755 13 
0008 0001 1 1671005284764404 -6.5 -58.5 4.706253057233147 13 
0008 0006 1 1671005284765292 -10.5625 -60.5 3.693825737228624 13 
0008 0011 1 1671005284766255 -69.125 -68.5 3.227495577711389 13 
0008 0008 1 1671005284768122 9.75 -64.0 2.6568547246179306 13 
0008 0004 1 1671005284770081 13.8125 -67.5 0.4970097752749477 13 
0008 0014 2 1671005284796757 83.0 -66.5 1.2701360923693108 13 
0008 0010 2 1671005284797962 -110.625 -65.0 4.792155981354743 13 
0008 0004 2 1671005284800096 -71.5625 -65.5 3.865631585471816 13 
0008 0008 2 1671005284801768 55.3125 -63.5 3.393165502803038 13 
0008 0009 2 1671005284802942 123.6875 -65.0 2.313243028131547 13 
0008 0015 2 1671005284806995 126.9375 -69.5 1.521708941582556 13 
0008 0011 2 1671005284809038 246.5625 -70.5 2.282563412373834 13 
0008 0005 2 1671005284811826 87.0625 -70.0 0.9265243958829272 13 
0008 0006 2 1671005284814799 120.4375 -71.5 2.12916533358527 13 
0008 0005 3 1671005284836161 9.75 -62.0 6.270913460876501 13 
0008 0001 3 1671005284837326 84.625 -65.0 3.4606606574700063 13 
0008 0011 3 1671005284839844 -7.3125 -65.0 1.6382914814618648 13 
0008 0009 3 1671005284841376 16.25 -57.5 1.41126232485479 13 
0008 0007 3 1671005284842592 -6.5 -63.0 1.0983302441261191 13 
0008 0008 3 1671005284844772 -19.5 -58.5 1.7978254834019713 13 
0008 0015 3 1671005284845754 -45.5625 -65.0 0.07363107781851078 13 
0008 0004 3 1671005284847381 -121.25 -69.0 2.748893571891069 13 
0008 0015 4 1671005284887836 0.0 -54.5 0.3988350048502667 13 
0008 0009 4 1671005284889696 -6.5 -57.5 3.767456815047135 13 
0008 0010 4 1671005284890663 32.5 -57.5 0.3129320807286708 13 
0008 0001 4 1671005284891581 13.0 -58.0 2.5893595699509624 13 
0008 0011 4 1671005284892483 -7.3125 -55.5 5.1725832167503825 13 
0008 0014 4 1671005284894833 41.5 -57.5 2.411417798556228 13 
0008 0008 4 1671005284896772 -3.25 -54.0 4.945554060143307 13 
0008 0007 4 1671005284898308 16.25 -64.0 3.6079228131070282 13 
0008 0000 4 1671005284900112 58.5625 -66.0 0.8344855486097889 13 
0008 0005 4 1671005284901993 62.625 -68.0 0.9572040116406401 13 
0008 0006 5 1671005284936027 83.0 -68.0 1.859184714917397 13 
0008 0008 5 1671005284942682 29.25 -67.5 5.184855063053467 13 
0008 0011 5 1671005284945356 0.0 -70.5 5.485515297479052 13 
0008 0007 5 1671005284946383 42.3125 -59.0 2.767301341345697 13 
0008 0009 5 1671005284947855 -185.5 -66.5 5.994796919057086 13 
0008 0005 5 1671005284950145 -29.25 -63.0 3.724505352986337 13 
0008 0001 6 1671005284978500 21.125 -64.0 1.6689710972195777 13 
0008 0004 6 1671005284979873 -61.8125 -67.0 3.816544200259475 13 
0008 0015 6 1671005284982284 -16.25 -63.5 3.890175278077986 13 
0008 0008 6 1671005284983459 -9.75 -68.0 4.779884135051658 13 
0008 0007 6 1671005284984396 -13.0 -55.0 0.21475731030398976 13 
0008 0005 6 1671005284988471 7.3125 -68.0 1.8775924843720249 13 
0008 0006 7 1671005285016870 211.5625 -70.0 1.012427320004523 13 
0008 0004 7 1671005285017799 10.5625 -57.0 0.18407769454627693 13 
0008 0007 7 1671005285023248 68.3125 -67.5 0.7547185476397354 13 
0008 0010 7 1671005285027810 29.25 -63.5 3.865631585471816 13 
0008 0014 7 1671005285031562 0.0 -66.0 5.350524988145116 13 
0008 0004 8 1671005285057128 6.5 -64.5 5.448699758569798 13 
0008 0005 8 1671005285060458 -35.75 -73.0 2.5709518004963345 13 
0008 0007 8 1671005285069513 48.8125 -72.0 5.559146375297564 13 
0008 0010 8 1671005285074715 -26.0 -69.0 2.2457478734645786 13 
0008 0006 1 1671005285286373 27.625 -62.0 3.2643111166206444 13 
0008 0014 1 1671005285287348 -19.5 -58.5 5.896622148632405 13 
0008 0015 1 1671005285288542 -29.25 -56.5 4.614214209960009 13 
0008 0010 1 1671005285292047 -26.0 -69.5 3.509748042682347 13 
0008 0008 1 1671005285293121 -3.25 -63.5 5.64504929941916 13 
0008 0001 1 1671005285295268 7.3125 -66.0 5.2768939103266055 13 
0008 0007 1 1671005285299314 39.0 -70.0 3.9944859716542096 13 
0008 0004 1 1671005285300262 183.875 -68.5 4.626486056263094 13 
0008 0011 1 1671005285301178 -13.8125 -62.0 1.9573594853420782 13 
0008 0008 2 1671005285329456 97.625 -61.5 2.000310947402876 13 
0008 0014 2 1671005285330547 152.9375 -66.0 0.7547185476397354 13 
0008 0005 2 1671005285332030 34.9375 -68.0 6.000932842208628 13 
0008 0009 2 1671005285333190 48.8125 -62.0 1.9941750242513334 13 
0008 0015 2 1671005285334145 214.8125 -70.0 1.5707963267948966 13 
0008 0011 2 1671005285337864 -273.375 -68.0 3.2765829629237295 13 
0008 0004 2 1671005285342394 -62.625 -67.0 1.4910293258248433 13 
0008 0007 3 1671005285377811 68.3125 -61.0 0.1595340019401067 13 
0008 0008 3 1671005285378969 -87.875 -63.5 0.2638446955163303 13 
0008 0009 3 1671005285380666 -3.25 -54.5 1.0492428589137786 13 
0008 0015 3 1671005285385034 32.5 -67.0 0.30066023442558565 13 
0008 0005 3 1671005285386050 9.75 -60.0 3.522019888985432 13 
0008 0001 3 1671005285389563 -68.3125 -67.0 5.767767762450011 13 
0008 0011 3 1671005285390794 3.25 -64.5 1.0369710126106935 13 
0008 0010 3 1671005285396754 65.0625 -70.0 4.178563666200486 13 
0008 0007 4 1671005285437227 13.0 -68.0 2.116893487282185 13 
0008 0010 4 1671005285438575 3.25 -60.0 6.050020227420969 13 
0008 0015 4 1671005285439741 -13.0 -55.5 0.5092816215780329 13 
0008 0014 4 1671005285441170 21.125 -57.5 2.2027964114037806 13 
0008 0005 4 1671005285442373 24.375 -66.5 5.50392306693368 13 
0008 0009 4 1671005285443294 26.0 -57.0 2.9391071895888885 13 
0008 0008 4 1671005285445471 -6.5 -56.5 3.055689729468197 13 
0008 0011 4 1671005285446403 -24.375 -54.5 4.270602513473625 13 
0008 0001 4 1671005285448203 13.0 -58.0 5.982525072754001 13 
0008 0006 4 1671005285449164 -90.3125 -73.0 0.09817477042468103 13 
0008 0000 4 1671005285450851 16.25 -66.0 5.2768939103266055 13 
0008 0005 5 1671005285477531 -21.125 -65.5 5.240078371417351 13 
0008 0007 5 1671005285478509 -6.5 -59.0 2.9759227284981438 13 
0008 0009 5 1671005285484356 52.0625 -70.0 5.8475347634200645 13 
0008 0011 5 1671005285485544 -139.125 -68.5 4.7860200582032 13 
0008 0010 5 1671005285488478 6.5 -65.5 5.350524988145116 13 
0008 0006 5 1671005285490947 27.625 -72.5 0.9817477042468103 13 
0008 0004 5 1671005285493829 -110.625 -71.5 5.160311370447297 13 
0008 0007 6 1671005285521171 -16.25 -57.5 0.7976700097005334 13 
0008 0004 6 1671005285523249 -35.75 -65.5 3.663146121470911 13 
0008 0005 6 1671005285524168 -19.5 -63.0 3.393165502803038 13 
0008 0001 6 1671005285526287 -6.5 -62.5 4.331961744989051 13 
0008 0015 6 1671005285527192 0.0 -63.5 4.442408361716817 13 
0008 0004 7 1671005285558701 -7.3125 -55.5 0.2761165418194154 13 
0008 0010 7 1671005285560843 -42.3125 -62.5 4.325825821837508 13 
0008 0014 7 1671005285566079 -52.0625 -66.0 5.3627968344482015 13 
0008 0006 7 1671005285571317 0.0 -69.5 0.8406214717613314 13 
0008 0007 7 1671005285574006 -45.5625 -69.0 0.9265243958829272 13 
0008 0010 8 1671005285598664 -3.25 -68.0 2.6200391857086753 13 
0008 0011 8 1671005285600815 -10.5625 -71.5 3.031146036862027 13 
0008 0007 8 1671005285606626 19.5 -70.0 5.66959299202533 13 
0008 0004 8 1671005285613596 -9.75 -66.5 6.080699843178682 13 
0008 0011 1 1671005285828366 3.25 -61.5 1.9819031779482483 13 
0008 0014 1 1671005285832610 -13.0 -59.0 5.878214379177777 13 
0008 0008 1 1671005285833772 -22.75 -63.0 5.743224069843841 13 
0008 0010 1 1671005285835556 -22.75 -68.5 3.2949907323783574 13 
0008 0007 1 1671005285836538 81.375 -69.0 3.847223816017188 13 
0008 0001 1 1671005285837545 48.8125 -65.0 5.798447378207723 13 
0008 0015 1 1671005285838808 -26.0 -56.5 4.509903516383785 13 
0008 0006 1 1671005285839994 -34.9375 -61.5 3.2520392703175593 13 
0008 0004 1 1671005285842860 -32.5 -68.0 4.374913207049849 13 
0008 0008 2 1671005285869029 -74.8125 -61.5 2.172116795646068 13 
0008 0009 2 1671005285869963 -90.3125 -61.0 2.448233337465483 13 
0008 0011 2 1671005285871858 -133.4375 -68.0 3.1906800388021335 13 
0008 0005 2 1671005285878905 -91.125 -67.5 6.166602767300278 13 
0008 0015 2 1671005285879817 -257.125 -69.0 2.1966604882522383 13 
0008 0014 2 1671005285880776 26.0 -66.5 1.0185632431560658 13 
0008 0004 2 1671005285882106 249.8125 -68.5 1.1290098598838318 13 
0008 0008 3 1671005285917152 -42.3125 -64.0 0.03681553890925539 13 
0008 0001 3 1671005285918201 -26.0 -67.0 5.3627968344482015 13 
0008 0009 3 1671005285919403 7.3125 -54.0 1.0246991663076084 13 
0008 0007 3 1671005285921245 -32.5 -61.0 0.3436116964863836 13 
0008 0011 3 1671005285922219 24.375 -66.0 0.8528933180644165 13 
0008 0005 3 1671005285923182 27.625 -60.5 3.6079228131070282 13 
0008 0006 3 1671005285924667 -104.125 -71.0 4.000621894805752 13 
0008 0015 3 1671005285925820 -65.0625 -66.5 0.47860200582032003 13 
0008 0010 3 1671005285928184 -152.9375 -70.0 4.129476280988146 13 
0008 0009 4 1671005285957398 22.75 -57.5 2.9145634969827183 13 
0008 0014 4 1671005285958596 0.0 -57.0 2.1537090261914402 13 
0008 0011 4 1671005285960935 -24.375 -55.0 4.23378697456437 13 
0008 0000 4 1671005285962186 68.3125 -65.5 5.3627968344482015 13 
0008 0015 4 1671005285964083 -16.25 -55.0 0.5092816215780329 13 
0008 0010 4 1671005285965584 -39.0 -60.5 6.000932842208628 13 
0008 0005 4 1671005285966619 39.0 -66.5 5.559146375297564 13 
0008 0007 4 1671005285967583 -9.75 -68.0 2.270291566070749 13 
0008 0001 4 1671005285971276 -29.25 -58.0 5.927301764390117 13 
0008 0008 4 1671005285972407 -9.75 -56.5 2.9820586516496865 13 
0008 0006 4 1671005285973694 59.375 -73.0 5.767767762450011 13 
0008 0007 5 1671005285998924 -22.75 -59.0 2.9636508821950587 13 
0008 0011 5 1671005286002322 83.0 -68.5 4.921010367537137 13 
0008 0005 5 1671005286003270 35.75 -66.0 5.098952138931871 13 
0008 0010 5 1671005286004645 9.75 -65.0 4.963961829597935 13 
0008 0006 5 1671005286026681 -117.9375 -72.0 1.0185632431560658 13 
0008 0005 6 1671005286047201 45.5625 -63.5 3.172272269347506 13 
0008 0015 6 1671005286049258 -22.75 -63.0 4.601942363656923 13 
0008 0001 6 1671005286050729 -84.625 -63.0 4.123340357836604 13 
0008 0007 6 1671005286051605 -3.25 -57.5 0.7915340865489908 13 
0008 0008 6 1671005286058445 52.0625 -69.5 4.031301510563465 13 
0008 0004 6 1671005286059659 21.125 -66.0 3.466796580621549 13 
0008 0007 7 1671005286089210 -65.0625 -70.0 1.043106935762236 13 
0008 0014 7 1671005286090638 27.625 -66.0 5.325981295538946 13 
0008 0010 7 1671005286093259 -61.8125 -62.0 4.405592822807561 13 
0008 0004 7 1671005286094488 13.8125 -55.5 0.2270291566070749 13 
0008 0006 7 1671005286101576 211.5625 -69.5 0.6810874698212247 13 
0008 0004 8 1671005286129474 13.8125 -66.5 6.013204688511713 13 
0008 0015 8 1671005286138061 -9.75 -72.5 6.12365130523948 13 
0008 0007 8 1671005286140391 35.75 -71.0 5.4671075280244255 13 
0008 0010 8 1671005286143137 42.3125 -67.0 2.6200391857086753 13 
0008 0011 8 1671005286144055 3.25 -71.0 2.9391071895888885 13 
0008 0015 1 1671005286356194 9.75 -56.5 4.460816131171445 13 
0008 0001 1 1671005286357099 -19.5 -65.5 6.050020227420969 13 
0008 0007 1 1671005286358237 -58.5625 -69.5 4.09266074207889 13 
0008 0010 1 1671005286359455 -29.25 -68.0 3.2949907323783574 13 
0008 0004 1 1671005286360403 61.8125 -69.0 4.252194744018997 13 
0008 0011 1 1671005286362323 -3.25 -61.5 2.000310947402876 13 
0008 0014 1 1671005286364661 3.25 -59.5 5.9088939949354895 13 
0008 0006 1 1671005286367748 -38.1875 -61.5 3.2520392703175593 13 
0008 0008 1 1671005286368695 -22.75 -63.0 5.6941366846315 13 
0008 0014 2 1671005286408003 16.25 -66.5 1.141281706186917 13 
0008 0015 2 1671005286411037 117.125 -69.5 1.6321555583103222 13 
0008 0011 2 1671005286412267 94.375 -69.0 2.8409324191642074 13 
0008 0008 2 1671005286413486 -32.5 -61.5 2.1046216409791 13 
0008 0005 2 1671005286415209 -3.25 -67.5 6.043884304269426 13 
0008 0009 2 1671005286416427 6.5 -60.5 2.5157284921324514 13 
0008 0004 2 1671005286428587 3.25 -68.0 1.012427320004523 13 
0008 0007 3 1671005286456233 16.25 -61.5 0.3374757733348411 13 
0008 0001 3 1671005286457663 -17.0625 -69.0 5.4671075280244255 13 
0008 0011 3 1671005286459390 -7.3125 -65.5 0.6810874698212247 13 
0008 0009 3 1671005286462031 6.5 -54.0 1.0737865515199487 13 
0008 0008 3 1671005286465359 29.25 -64.0 6.129787228391022 13 
0008 0005 3 1671005286466333 19.5 -60.5 3.6201946594101133 13 
0008 0015 3 1671005286467556 -52.0625 -66.0 0.4111068511533518 13 
0008 0010 3 1671005286470987 42.3125 -69.5 3.9208548938356986 13 
0008 0006 3 1671005286477071 -61.8125 -69.5 3.77972866135022 13 
0008 0006 4 1671005286509391 -152.9375 -72.5 0.006135923151542565 13 
0008 0014 4 1671005286510819 27.625 -57.0 2.110757564130642 13 
0008 0011 4 1671005286511761 -10.5625 -55.0 4.190835512503572 13 
0008 0008 4 1671005286512937 19.5 -56.0 2.9084275738311756 13 
0008 0009 4 1671005286513899 6.5 -57.0 2.9575149590435164 13 
0008 0015 4 1671005286515049 -6.5 -55.5 0.521553467881118 13 
0008 0010 4 1671005286516263 -19.5 -60.5 5.921165841238575 13 
0008 0001 4 1671005286517664 -13.0 -57.5 6.013204688511713 13 
0008 0005 4 1671005286519266 27.625 -65.5 5.602097837358362 13 
0008 0000 4 1671005286522374 -39.0 -65.5 6.074563920027139 13 
0008 0007 4 1671005286523441 113.875 -68.5 2.2764274892222915 13 
0008 0010 5 1671005286552565 65.0625 -65.0 5.166447293598839 13 
0008 0007 5 1671005286554944 -9.75 -59.0 2.84706834231575 13 
0008 0005 5 1671005286557377 -3.25 -65.5 5.062136600022616 13 
0008 0011 5 1671005286562945 -13.0 -68.5 4.988505522204105 13 
0008 0004 5 1671005286569921 41.5 -70.5 4.865787059173254 13 
0008 0006 5 1671005286573554 121.25 -71.5 0.8467573949128739 13 
0008 0007 6 1671005286608107 13.0 -57.5 0.7363107781851077 13 
0008 0008 6 1671005286609740 -35.75 -68.0 3.9576704327449543 13 
0008 0015 6 1671005286613090 -32.5 -62.5 4.657165672020807 13 
0008 0001 6 1671005286614019 0.0 -64.0 3.847223816017188 13 
0008 0004 6 1671005286616018 -65.875 -66.0 3.6201946594101133 13 
0008 0005 6 1671005286616951 -48.8125 -64.0 3.1784081924990484 13 
0008 0004 7 1671005286651375 -6.5 -55.5 0.28838838812250056 13 
0008 0014 7 1671005286652368 -111.4375 -66.0 5.565282298449106 13 
0008 0010 7 1671005286655955 -32.5 -62.0 4.368777283898306 13 
0008 0007 7 1671005286659259 123.6875 -70.0 0.7485826244881929 13 
0008 0006 7 1671005286663011 -52.0625 -71.5 0.8406214717613314 13 
0008 0015 8 1671005286688786 -179.0 -72.0 0.04295146206079795 13 
0008 0004 8 1671005286692887 13.8125 -66.5 6.037748381117884 13 
0008 0010 8 1671005286693839 -71.5625 -68.0 2.761165418194154 13 
0008 0007 8 1671005286705722 -94.375 -71.5 5.8045833013592665 13 
0008 0011 8 1671005286706712 3.25 -71.0 3.1661363461959633 13 
0008 0011 1 1671005286916906 13.8125 -61.5 1.945087639038993 13 
0008 0008 1 1671005286918438 -45.5625 -62.5 5.835262917116979 13 
0008 0010 1 1671005286919403 74.8125 -69.5 3.129320807286708 13 
0008 0006 1 1671005286921424 -30.875 -61.5 3.184544115650591 13 
0008 0014 1 1671005286923800 -48.8125 -59.0 5.982525072754001 13 
0008 0001 1 1671005286924791 -29.25 -65.5 6.215690152512618 13 
0008 0015 1 1671005286925997 -19.5 -56.0 4.522175362686871 13 
0008 0007 1 1671005286926965 -123.6875 -69.0 4.178563666200486 13 
0008 0004 1 1671005286928435 -26.0 -69.0 4.3074180523828804 13 
0008 0015 2 1671005286955894 45.5625 -68.5 1.8714565612204823 13 
0008 0009 2 1671005286957084 -55.3125 -61.5 2.521864415283994 13 
0008 0005 2 1671005286960362 91.125 -67.5 5.945709533844745 13 
0008 0008 2 1671005286963843 22.75 -62.0 2.086213871524472 13 
0008 0011 2 1671005286969361 156.1875 -67.5 2.859340188618835 13 
0008 0004 2 1671005286972717 -71.5625 -68.5 1.3560390164909069 13 
0008 0014 2 1671005286974131 -123.6875 -67.5 1.2946797849754812 13 
0008 0010 3 1671005287006458 61.8125 -70.5 3.902447124381071 13 
0008 0008 3 1671005287007860 32.5 -64.5 6.215690152512618 13 
0008 0001 3 1671005287009047 -13.0 -67.0 5.663457068873787 13 
0008 0009 3 1671005287010011 26.0 -54.0 1.0062913968529805 13 
0008 0005 3 1671005287011706 9.75 -60.5 3.6876898140770815 13 
0008 0015 3 1671005287014732 71.5625 -66.5 0.30066023442558565 13 
0008 0011 3 1671005287016554 41.5 -65.0 0.7547185476397354 13 
0008 0007 3 1671005287017459 6.5 -61.0 0.36815538909255385 13 
0008 0007 4 1671005287066408 39.0 -69.0 2.36846633649543 13 
0008 0005 4 1671005287067569 -94.375 -66.0 5.884350302329319 13 
0008 0011 4 1671005287068484 7.3125 -55.0 4.270602513473625 13 
0008 0006 4 1671005287071959 -111.4375 -72.0 6.264777537724958 13 
0008 0014 4 1671005287072992 26.0 -57.0 2.116893487282185 13 
0008 0015 4 1671005287073944 29.25 -55.5 0.4479223900626072 13 
0008 0001 4 1671005287075117 16.25 -57.5 6.240233845118788 13 
0008 0008 4 1671005287076841 22.75 -56.5 3.0495538063166547 13 
0008 0009 4 1671005287080062 -3.25 -57.0 2.9636508821950587 13 
0008 0010 4 1671005287081411 -16.25 -60.0 5.9518454569962875 13 
0008 0000 4 1671005287082364 55.3125 -66.0 5.460971604872882 13 
0008 0005 5 1671005287118443 42.3125 -64.5 4.957825906446392 13 
0008 0004 5 1671005287120254 -388.9375 -72.0 5.460971604872882 13 
0008 0010 5 1671005287125448 -6.5 -65.0 5.062136600022616 13 
0008 0009 5 1671005287126681 -296.1875 -71.0 6.252505691421874 13 
0008 0007 5 1671005287127885 55.3125 -59.0 2.816388726558037 13 
0008 0011 5 1671005287131221 100.875 -69.5 4.859651136021712 13 
0008 0005 6 1671005287165901 27.625 -64.0 2.9329712664373457 13 
0008 0007 6 1671005287171647 19.5 -57.0 0.6688156235181395 13 
0008 0008 6 1671005287172610 -32.5 -68.5 3.9392626632903265 13 
0008 0001 6 1671005287174053 -13.0 -63.5 3.5772431973493153 13 
0008 0004 6 1671005287179866 -62.625 -65.5 3.552699504743145 13 
0008 0015 6 1671005287180902 -3.25 -62.5 4.595806440505381 13 
0008 0014 7 1671005287206448 -48.8125 -66.0 5.344389064993574 13 
0008 0010 7 1671005287207369 -97.625 -62.0 4.442408361716817 13 
0008 0004 7 1671005287208825 -7.3125 -56.0 0.2086213871524472 13 
0008 0007 7 1671005287222595 -16.25 -68.5 0.8467573949128739 13 
0008 0007 8 1671005287257440 -16.25 -71.0 5.620505606812989 13 
0008 0004 8 1671005287259965 13.8125 -66.0 6.007068765360171 13 
0008 0010 8 1671005287261847 -42.3125 -67.0 2.693670263527186 13 
0008 0015 8 1671005287264282 65.0625 -72.5 5.976389149602458 13 
0008 0014 1 1671005287475845 -6.5 -59.5 5.896622148632405 13 
0008 0010 1 1671005287477010 -97.625 -69.5 3.4177091954092087 13 
0008 0011 1 1671005287480718 -45.5625 -61.5 2.073942025221387 13 
0008 0015 1 1671005287482121 -9.75 -56.5 4.473087977474529 13 
0008 0001 1 1671005287484462 -71.5625 -66.0 0.030679615757712823 13 
0008 0006 1 1671005287485635 26.0 -61.0 3.1231848841351653 13 
0008 0007 1 1671005287487935 -29.25 -69.0 4.031301510563465 13 
0008 0008 1 1671005287489227 -42.3125 -63.0 5.798447378207723 13 
0008 0004 1 1671005287491239 -121.25 -70.0 4.583534594202296 13 
