0005 0003 1 1671003161745953 6.5 -71.5 0.4540583132141498 5 
0005 0015 1 1671003161747844 -13.0 -63.5 5.957981380147831 5 
0005 0005 1 1671003161750404 -17.0625 -62.5 3.1968159619536762 5 
0005 0013 1 1671003161752290 107.375 -69.5 4.362641360746763 5 
0005 0008 1 1671003161753450 13.0 -67.0 3.2949907323783574 5 
0005 0014 1 1671003161755878 -74.8125 -67.5 5.902758071783947 5 
0005 0015 2 1671003161787886 6.5 -68.5 4.608078286808466 5 
0005 0014 2 1671003161789060 0.0 -65.5 1.6505633277649499 5 
0005 0005 2 1671003161790208 21.125 -62.0 4.2031073588066565 5 
0005 0014 3 1671003161825895 19.5 -61.5 4.773748211900116 5 
0005 0005 3 1671003161828716 -166.8125 -66.0 3.6876898140770815 5 
0005 0004 3 1671003161833554 69.125 -66.5 1.4173982480063325 5 
0005 0009 3 1671003161841602 -87.875 -69.0 4.252194744018997 5 
0005 0006 4 1671003161868546 35.75 -70.5 1.748738098189631 5 
0005 0013 4 1671003161870021 16.25 -67.5 0.7179030087304801 5 
0005 0004 4 1671003161873809 -113.875 -70.0 3.147728576741336 5 
0005 0015 4 1671003161876984 -52.0625 -70.0 3.767456815047135 5 
0005 0004 5 1671003161909548 -76.4375 -65.5 6.062292073724054 5 
0005 0015 5 1671003161910769 -71.5625 -60.5 5.93343768754166 5 
0005 0014 5 1671003161912428 169.25 -66.5 3.54042765844006 5 
0005 0013 5 1671003161914395 -9.75 -60.5 2.3009711818284617 5 
0005 0009 5 1671003161915904 81.375 -65.0 2.5709518004963345 5 
0005 0010 5 1671003161917138 52.0625 -64.5 2.1966604882522383 5 
0005 0011 5 1671003161918330 -35.75 -66.5 1.5707963267948966 5 
0005 0005 5 1671003161924797 257.125 -70.0 0.5829126993965437 5 
0005 0006 6 1671003161945937 71.5625 -68.5 1.8653206380689396 5 
0005 0013 6 1671003161949352 71.5625 -60.5 2.5280003384355365 5 
0005 0012 6 1671003161951197 130.1875 -70.5 3.9576704327449543 5 
0005 0014 6 1671003161952117 48.8125 -65.0 1.2455923997631406 5 
0005 0015 6 1671003161953053 9.75 -60.0 1.8285050991596843 5 
0005 0005 6 1671003161953969 0.0 -65.0 6.215690152512618 5 
0005 0004 6 1671003161954890 24.375 -59.5 2.5402721847386216 5 
0005 0010 6 1671003161956070 -61.8125 -67.0 4.184699589352029 5 
0005 0009 6 1671003161958128 -52.0625 -67.5 0.48473792897186263 5 
0005 0015 7 1671003161988350 0.0 -58.0 1.8162332528565992 5 
0005 0011 7 1671003161991509 68.3125 -64.0 4.749204519293945 5 
0005 0005 7 1671003161993598 -65.0625 -64.0 4.657165672020807 5 
0005 0014 7 1671003161998517 -71.5625 -68.0 2.442097414313941 5 
0005 0013 7 1671003161999754 52.0625 -68.0 1.2026409377023426 5 
0005 0012 7 1671003162000773 78.0625 -69.5 3.043417883165112 5 
0005 0012 8 1671003162026200 -3.25 -72.5 1.9389517158874505 5 
0005 0008 8 1671003162029616 65.0625 -68.0 2.0493983326152168 5 
0005 0013 8 1671003162030608 -3.25 -68.5 1.3621749396424494 5 
0005 0004 8 1671003162033057 62.625 -63.5 0.2699806186678728 5 
0005 0015 8 1671003162035349 -9.75 -68.5 6.037748381117884 5 
0005 0000 8 1671003162037204 -16.25 -66.0 3.6017868899554855 5 
0005 0003 8 1671003162038185 130.1875 -73.0 1.6812429435226628 5 
0005 0011 8 1671003162039376 61.8125 -62.5 1.3069516312785663 5 
0005 0006 8 1671003162042723 29.25 -69.5 2.5280003384355365 5 
0005 0005 8 1671003162043655 90.3125 -68.0 2.6691265709210157 5 
0005 0013 1 1671003162258787 16.25 -69.5 4.4362724385652745 5 
0005 0005 1 1671003162260981 13.8125 -62.5 3.2213596545598464 5 
0005 0014 1 1671003162263877 -139.9375 -68.0 6.080699843178682 5 
0005 0015 1 1671003162264814 91.125 -63.5 5.810719224510809 5 
0005 0008 1 1671003162267393 -107.375 -66.5 3.5281558121369745 5 
0005 0003 1 1671003162271223 29.25 -70.5 0.17794177139473438 5 
0005 0014 2 1671003162297844 26.0 -65.5 1.5278448647340985 5 
0005 0005 2 1671003162299272 -21.125 -61.5 4.246058820867455 5 
0005 0015 2 1671003162301079 120.4375 -68.0 4.411728745959104 5 
0005 0014 3 1671003162335876 -22.75 -61.0 4.804427827657828 5 
0005 0009 3 1671003162342479 -78.0625 -68.5 4.331961744989051 5 
0005 0004 3 1671003162343453 -65.875 -66.0 1.7119225592803755 5 
0005 0005 3 1671003162348410 -111.4375 -65.0 3.5833791205008576 5 
0005 0006 4 1671003162377879 -22.75 -71.0 1.8837284075235674 5 
0005 0013 4 1671003162381965 42.3125 -67.5 0.6504078540635119 5 
0005 0004 4 1671003162384709 -156.1875 -69.5 3.399301425954581 5 
0005 0015 4 1671003162386559 -6.5 -69.5 3.663146121470911 5 
0005 0011 5 1671003162415954 -71.5625 -67.0 1.6566992509164924 5 
0005 0014 5 1671003162417823 -22.75 -65.5 3.816544200259475 5 
0005 0013 5 1671003162419710 -13.0 -60.5 2.356194490192345 5 
0005 0004 5 1671003162420697 -7.3125 -65.5 6.050020227420969 5 
0005 0015 5 1671003162423677 16.25 -60.5 5.822991070813893 5 
0005 0010 5 1671003162429150 81.375 -64.5 2.141437179888355 5 
0005 0005 5 1671003162430181 -13.8125 -70.5 0.9878836273983529 5 
0005 0009 5 1671003162431374 -26.0 -64.5 2.773437264497239 5 
0005 0004 6 1671003162467775 -21.125 -59.5 2.650718801466388 5 
0005 0005 6 1671003162468992 34.9375 -65.0 6.178874613603362 5 
0005 0014 6 1671003162469940 91.125 -65.0 1.1719613219446299 5 
0005 0015 6 1671003162470921 -52.0625 -60.0 1.902136176978195 5 
0005 0012 6 1671003162472393 -9.75 -70.0 4.190835512503572 5 
0005 0013 6 1671003162473374 -16.25 -61.0 2.675262494072558 5 
0005 0006 6 1671003162477436 -32.5 -67.0 1.932815792735908 5 
0005 0010 6 1671003162479012 -97.625 -66.5 4.295146206079795 5 
0005 0009 6 1671003162479965 -97.625 -66.5 0.4663301595172349 5 
0005 0011 7 1671003162517245 -22.75 -64.5 4.9823695990525625 5 
0005 0015 7 1671003162519941 39.0 -58.0 1.8039614065535141 5 
0005 0014 7 1671003162521131 87.875 -68.0 2.2396119503130363 5 
0005 0013 7 1671003162523864 100.875 -69.0 1.055378782065321 5 
0005 0005 7 1671003162524812 -79.75 -64.0 4.675573441475434 5 
0005 0010 7 1671003162528477 205.0625 -73.0 0.5829126993965437 5 
0005 0012 8 1671003162562824 -48.8125 -73.0 2.116893487282185 5 
0005 0004 8 1671003162563727 3.25 -63.5 0.3190680038802134 5 
0005 0013 8 1671003162564936 55.3125 -69.0 1.2885438618239387 5 
0005 0006 8 1671003162566096 -19.5 -70.5 2.5893595699509624 5 
0005 0015 8 1671003162567033 -35.75 -68.0 6.12365130523948 5 
0005 0008 8 1671003162569482 -32.5 -67.5 2.110757564130642 5 
0005 0003 8 1671003162573340 130.1875 -72.0 1.748738098189631 5 
0005 0005 8 1671003162575834 41.5 -68.5 2.705942109830271 5 
0005 0011 8 1671003162582248 0.0 -62.5 1.3744467859455345 5 
0005 0000 8 1671003162583202 19.5 -66.0 3.5833791205008576 5 
0005 0003 1 1671003162796783 94.375 -71.0 0.25157284921324513 5 
0005 0013 1 1671003162798927 -94.375 -69.5 4.503767593232243 5 
0005 0015 1 1671003162799849 65.0625 -64.0 5.9088939949354895 5 
0005 0014 1 1671003162809558 -16.25 -68.5 5.9088939949354895 5 
0005 0005 1 1671003162810477 -42.3125 -62.5 3.2581751934691017 5 
0005 0008 1 1671003162813224 35.75 -67.0 3.4177091954092087 5 
0005 0014 2 1671003162836189 65.0625 -65.0 1.5278448647340985 5 
0005 0015 2 1671003162837637 -166.0 -68.0 4.853515212870168 5 
0005 0005 2 1671003162844677 -52.0625 -62.0 4.295146206079795 5 
0005 0005 3 1671003162871665 45.5625 -65.0 3.423845118560751 5 
0005 0004 3 1671003162872890 -121.25 -66.5 1.945087639038993 5 
0005 0009 3 1671003162873871 42.3125 -67.5 4.147884050442774 5 
0005 0014 3 1671003162880620 -16.25 -60.5 4.8351074434155406 5 
0005 0004 4 1671003162905916 -93.5625 -70.0 3.356349963893783 5 
0005 0015 4 1671003162908695 -3.25 -69.5 3.663146121470911 5 
0005 0013 4 1671003162916708 -39.0 -67.5 0.7792622402459057 5 
0005 0006 4 1671003162919161 26.0 -71.5 1.8407769454627694 5 
0005 0015 5 1671003162945943 -13.0 -60.0 5.884350302329319 5 
0005 0004 5 1671003162947417 -93.5625 -66.5 6.105243535784852 5 
0005 0013 5 1671003162950025 26.0 -60.5 2.227340104009951 5 
0005 0009 5 1671003162951589 133.4375 -66.0 2.497320722677824 5 
0005 0010 5 1671003162954745 -91.125 -64.0 2.4175537217077703 5 
0005 0014 5 1671003162957944 -16.25 -65.5 3.792000507653305 5 
0005 0011 5 1671003162958925 91.125 -66.5 1.1965050145508 5 
0005 0005 5 1671003162961891 87.0625 -70.5 0.9510680884890975 5 
0005 0012 6 1671003162985901 74.8125 -70.0 3.9576704327449543 5 
0005 0005 6 1671003162988958 -13.8125 -64.5 6.215690152512618 5 
0005 0009 6 1671003162990618 9.75 -67.5 0.34974761963792617 5 
0005 0014 6 1671003162991570 35.75 -64.5 1.282407938672396 5 
0005 0010 6 1671003162992506 9.75 -67.0 4.129476280988146 5 
0005 0013 6 1671003162994195 -3.25 -60.5 2.6200391857086753 5 
0005 0015 6 1671003162997552 -9.75 -60.5 1.8653206380689396 5 
0005 0004 6 1671003163000861 3.25 -59.0 2.6139032625571326 5 
0005 0006 6 1671003163003728 26.0 -68.0 1.8837284075235674 5 
0005 0015 7 1671003163028266 -19.5 -58.0 1.8407769454627694 5 
0005 0013 7 1671003163031670 188.75 -68.5 0.8958447801252144 5 
0005 0014 7 1671003163032873 16.25 -67.5 2.3193789512830896 5 
0005 0005 7 1671003163033951 45.5625 -65.0 4.522175362686871 5 
0005 0011 7 1671003163034916 78.0625 -63.5 4.76147636559703 5 
0005 0012 7 1671003163037642 0.0 -70.5 3.043417883165112 5 
0005 0010 7 1671003163039594 -45.5625 -71.0 0.5338253141842031 5 
0005 0013 8 1671003163066016 45.5625 -69.0 1.337631247036279 5 
0005 0000 8 1671003163068080 42.3125 -66.0 3.5833791205008576 5 
0005 0011 8 1671003163068999 -13.0 -62.5 1.41126232485479 5 
0005 0005 8 1671003163071225 41.5 -68.5 2.748893571891069 5 
0005 0004 8 1671003163075059 52.0625 -63.5 0.25157284921324513 5 
0005 0015 8 1671003163076222 -35.75 -68.5 6.025476534814799 5 
0005 0003 8 1671003163080322 185.5 -73.0 1.8407769454627694 5 
0005 0008 8 1671003163083278 19.5 -69.0 2.116893487282185 5 
0005 0012 8 1671003163085279 -26.0 -72.5 2.0923497946760143 5 
0005 0006 8 1671003163088397 195.25 -70.0 2.227340104009951 5 
0005 0013 1 1671003163308196 -146.4375 -69.5 4.804427827657828 5 
0005 0003 1 1671003163309867 71.5625 -71.5 0.3865631585471816 5 
0005 0005 1 1671003163312533 -13.8125 -62.5 3.2704470397721868 5 
0005 0015 1 1671003163313713 26.0 -64.0 5.976389149602458 5 
0005 0014 1 1671003163316888 29.25 -67.0 5.872078456026235 5 
0005 0008 1 1671003163319739 9.75 -66.5 3.3440781175906977 5 
0005 0014 2 1671003163347742 -94.375 -64.0 1.6382914814618648 5 
0005 0005 2 1671003163348732 38.1875 -62.5 4.252194744018997 5 
0005 0015 2 1671003163355931 107.375 -67.5 4.534447208989955 5 
0005 0004 3 1671003163377183 -97.625 -66.5 1.6137477888556946 5 
0005 0009 3 1671003163379633 13.0 -66.0 3.9269908169872414 5 
0005 0014 3 1671003163383849 35.75 -60.5 4.724660826687775 5 
0005 0005 3 1671003163390297 -79.75 -65.5 3.5711072741977725 5 
0005 0004 4 1671003163417602 24.375 -69.5 2.9636508821950587 5 
0005 0015 4 1671003163419968 -110.625 -69.0 3.822680123411018 5 
0005 0013 4 1671003163424533 35.75 -68.0 0.6872233929727672 5 
0005 0006 4 1671003163430829 9.75 -70.5 1.607611865704152 5 
0005 0009 5 1671003163456489 97.625 -66.0 2.5402721847386216 5 
0005 0004 5 1671003163459844 7.3125 -65.5 5.8659425328746915 5 
0005 0014 5 1671003163461969 -9.75 -65.0 3.785864584501762 5 
0005 0013 5 1671003163464113 35.75 -60.0 2.2027964114037806 5 
0005 0010 5 1671003163465292 -97.625 -64.5 2.356194490192345 5 
0005 0015 5 1671003163466183 -9.75 -60.5 5.829126993965437 5 
0005 0011 5 1671003163469321 32.5 -68.5 1.3989904785517047 5 
0005 0005 5 1671003163470284 -128.5625 -71.0 1.0921943209745766 5 
0005 0013 6 1671003163499667 19.5 -61.0 2.5954954931025047 5 
0005 0009 6 1671003163500636 -61.8125 -68.5 0.34974761963792617 5 
0005 0014 6 1671003163502891 -32.5 -64.5 1.3130875544301088 5 
0005 0015 6 1671003163504949 13.0 -60.0 1.8039614065535141 5 
0005 0004 6 1671003163506316 0.0 -59.5 2.6016314162540475 5 
0005 0005 6 1671003163507531 0.0 -65.5 6.270913460876501 5 
0005 0012 6 1671003163508516 55.3125 -69.0 4.0558452031696355 5 
0005 0010 6 1671003163509483 -58.5625 -67.5 4.313553975534423 5 
0005 0006 6 1671003163511070 32.5 -67.5 1.902136176978195 5 
0005 0014 7 1671003163536875 84.625 -67.0 2.116893487282185 5 
0005 0015 7 1671003163538152 -6.5 -58.0 1.8530487917658545 5 
0005 0012 7 1671003163539588 -84.625 -70.5 3.4054373491061236 5 
0005 0011 7 1671003163542971 -16.25 -64.0 5.117359908386499 5 
0005 0005 7 1671003163543933 -111.4375 -64.0 4.884194828627882 5 
0005 0013 7 1671003163548129 -3.25 -68.5 1.2578642460662257 5 
0005 0015 8 1671003163576118 -42.3125 -69.0 6.1850105367549055 5 
0005 0013 8 1671003163578403 -35.75 -69.0 1.5707963267948966 5 
0005 0008 8 1671003163579863 -68.3125 -69.0 2.5280003384355365 5 
0005 0000 8 1671003163582550 107.375 -66.0 3.773592738198677 5 
0005 0004 8 1671003163583509 -10.5625 -63.0 0.4356505437595221 5 
0005 0011 8 1671003163584405 13.0 -62.5 1.5401167110371838 5 
0005 0005 8 1671003163585340 -90.3125 -68.5 3.0802334220743677 5 
0005 0012 8 1671003163587508 -48.8125 -72.5 2.1966604882522383 5 
0005 0006 8 1671003163595615 -48.8125 -71.5 2.650718801466388 5 
0005 0008 1 1671003163816810 139.9375 -66.5 3.2336315008629315 5 
0005 0005 1 1671003163818179 -10.5625 -62.5 3.2520392703175593 5 
0005 0014 1 1671003163820253 -58.5625 -67.5 5.988660995905543 5 
0005 0015 1 1671003163825945 -13.0 -64.0 6.007068765360171 5 
0005 0013 1 1671003163827433 -48.8125 -69.5 4.577398671050753 5 
0005 0003 1 1671003163835818 159.5 -72.5 0.4049709280018093 5 
0005 0005 2 1671003163858468 -48.8125 -62.5 4.3933209765044765 5 
0005 0015 2 1671003163861739 -107.375 -69.5 4.706253057233147 5 
0005 0014 2 1671003163865127 26.0 -65.0 1.607611865704152 5 
0005 0014 3 1671003163887956 -42.3125 -61.5 4.804427827657828 5 
0005 0009 3 1671003163889760 19.5 -69.5 3.9392626632903265 5 
0005 0004 3 1671003163895699 -34.9375 -66.0 1.3130875544301088 5 
0005 0005 3 1671003163899137 90.3125 -66.5 3.1231848841351653 5 
0005 0015 4 1671003163944200 -113.875 -69.5 3.816544200259475 5 
0005 0013 4 1671003163946155 -29.25 -68.0 0.705631162427395 5 
0005 0004 4 1671003163949282 -7.3125 -68.0 2.816388726558037 5 
0005 0013 5 1671003163975917 -13.0 -60.5 2.2396119503130363 5 
0005 0004 5 1671003163977887 -34.9375 -65.5 6.074563920027139 5 
0005 0005 5 1671003163979442 -10.5625 -70.5 0.8222137023067037 5 
0005 0009 5 1671003163980381 6.5 -65.5 2.748893571891069 5 
0005 0014 5 1671003163982322 3.25 -65.5 3.6999616603801666 5 
0005 0015 5 1671003163983248 65.0625 -60.0 5.706408530934585 5 
0005 0011 5 1671003163984141 32.5 -67.5 1.3437671701878218 5 
0005 0010 5 1671003163986338 58.5625 -64.5 2.1475731030398975 5 
0005 0010 6 1671003164015958 -52.0625 -67.0 4.368777283898306 5 
0005 0013 6 1671003164019233 13.0 -60.5 2.662990647769473 5 
0005 0015 6 1671003164021500 9.75 -60.0 1.8285050991596843 5 
0005 0004 6 1671003164022448 13.8125 -59.5 2.6323110320117604 5 
0005 0005 6 1671003164024573 -38.1875 -65.5 0.11658253987930872 5 
0005 0014 6 1671003164025523 19.5 -65.0 1.2333205534600555 5 
0005 0006 6 1671003164026416 32.5 -67.0 1.9757672547967058 5 
0005 0012 6 1671003164027325 -52.0625 -70.0 4.239922897715912 5 
0005 0009 6 1671003164029606 139.9375 -68.5 0.22089323345553233 5 
0005 0012 7 1671003164057880 45.5625 -70.5 3.380893656499953 5 
0005 0013 7 1671003164061226 87.875 -69.0 1.282407938672396 5 
0005 0014 7 1671003164062203 48.8125 -67.5 2.423689644859313 5 
0005 0011 7 1671003164064592 -3.25 -63.5 5.141903600992669 5 
0005 0005 7 1671003164066452 -76.4375 -64.0 4.9394181369917645 5 
0005 0015 7 1671003164067374 22.75 -58.0 1.8530487917658545 5 
0005 0004 8 1671003164097946 59.375 -63.0 0.4663301595172349 5 
0005 0013 8 1671003164100624 68.3125 -68.5 1.4971652489763858 5 
0005 0015 8 1671003164103722 -48.8125 -68.5 6.2034183062095325 5 
0005 0011 8 1671003164106167 6.5 -63.0 1.6198837120072371 5 
0005 0012 8 1671003164107163 -182.25 -73.0 2.9759227284981438 5 
0005 0014 8 1671003164108141 78.0625 -72.5 3.9822141253511245 5 
0005 0000 8 1671003164112037 22.75 -66.0 4.06811704947272 5 
0005 0005 8 1671003164113850 -84.625 -68.0 3.141592653589793 5 
0005 0008 8 1671003164114856 26.0 -69.0 2.509592568980909 5 
0005 0006 8 1671003164118862 -32.5 -70.5 2.9206994201342606 5 
0005 0003 1 1671003164336068 3.25 -72.0 0.3620194659410113 5 
0005 0014 1 1671003164337486 74.8125 -67.0 5.792311455056181 5 
0005 0015 1 1671003164338438 -29.25 -63.5 5.982525072754001 5 
0005 0005 1 1671003164341813 6.5 -62.5 3.153864499892878 5 
0005 0013 1 1671003164347825 -94.375 -69.5 4.6448938257177215 5 
0005 0008 1 1671003164350017 -61.8125 -65.5 3.448388811166921 5 
0005 0005 2 1671003164377845 -65.0625 -62.0 4.356505437595221 5 
0005 0014 2 1671003164379617 22.75 -63.5 1.5155730184310134 5 
0005 0015 2 1671003164382552 -143.1875 -70.5 4.8351074434155406 5 
0005 0004 3 1671003164422340 -69.125 -66.0 1.3069516312785663 5 
0005 0014 3 1671003164423272 3.25 -60.5 4.798291904506286 5 
0005 0005 3 1671003164427415 117.125 -67.0 3.018874190558942 5 
0005 0009 3 1671003164431580 182.25 -70.0 3.6324665057131984 5 
0005 0004 4 1671003164463118 76.4375 -68.5 2.859340188618835 5 
0005 0015 4 1671003164468380 -32.5 -69.5 3.6201946594101133 5 
0005 0006 4 1671003164470502 -19.5 -71.0 1.4419419406125027 5 
0005 0013 4 1671003164476423 3.25 -67.5 0.7301748550335652 5 
0005 0014 5 1671003164506924 -52.0625 -66.5 3.767456815047135 5 
0005 0011 5 1671003164510131 13.0 -67.0 1.4848934026733007 5 
0005 0004 5 1671003164512297 27.625 -65.5 5.994796919057086 5 
0005 0009 5 1671003164513221 29.25 -66.0 2.705942109830271 5 
0005 0010 5 1671003164514128 3.25 -64.5 2.337786720737717 5 
0005 0005 5 1671003164516821 76.4375 -69.5 0.6381360077604268 5 
0005 0015 5 1671003164519301 -35.75 -60.5 5.859806609723149 5 
0005 0013 5 1671003164520224 -29.25 -60.0 2.3439226438892597 5 
0005 0009 6 1671003164555937 -16.25 -68.0 0.3988350048502667 5 
0005 0004 6 1671003164556841 13.8125 -59.5 2.6875343403756435 5 
0005 0010 6 1671003164558559 -35.75 -66.0 4.442408361716817 5 
0005 0015 6 1671003164560685 19.5 -60.0 1.8407769454627694 5 
0005 0006 6 1671003164561621 -32.5 -67.5 2.043262409463674 5 
0005 0005 6 1671003164564408 -55.3125 -65.0 0.20248546400090464 5 
0005 0012 6 1671003164565344 -94.375 -70.0 4.331961744989051 5 
0005 0014 6 1671003164566322 35.75 -64.5 1.214912784005428 5 
0005 0013 6 1671003164570399 -29.25 -60.5 2.773437264497239 5 
0005 0011 7 1671003164596875 -71.5625 -64.5 5.375068680751287 5 
0005 0005 7 1671003164599761 -65.0625 -63.5 5.031456984264903 5 
0005 0015 7 1671003164602843 9.75 -58.0 1.8530487917658545 5 
0005 0014 7 1671003164604166 107.375 -68.0 2.184388641949153 5 
0005 0012 7 1671003164605099 -22.75 -71.5 3.442252888015379 5 
0005 0013 7 1671003164606332 9.75 -69.5 1.368310862793992 5 
0005 0011 8 1671003164636496 65.0625 -63.0 1.564660403643354 5 
0005 0004 8 1671003164638536 -45.5625 -63.0 0.6258641614573416 5 
0005 0013 8 1671003164639996 78.0625 -68.5 1.4726215563702154 5 
0005 0000 8 1671003164643631 3.25 -66.0 4.154019973594316 5 
0005 0012 8 1671003164649046 0.0 -72.5 2.227340104009951 5 
0005 0008 8 1671003164652258 -58.5625 -68.5 2.6261751088602177 5 
0005 0006 8 1671003164653305 58.5625 -70.0 2.767301341345697 5 
0005 0015 8 1671003164654231 159.5 -69.5 6.019340611663256 5 
0005 0005 8 1671003164656410 -100.875 -68.0 3.1661363461959633 5 
0005 0005 1 1671003164875893 13.8125 -62.0 3.098641191528995 5 
0005 0008 1 1671003164881885 -130.1875 -66.5 4.049709280018092 5 
0005 0015 1 1671003164883259 -16.25 -63.5 5.976389149602458 5 
0005 0013 1 1671003164888765 143.1875 -69.5 4.264466590322082 5 
0005 0003 1 1671003164891528 117.125 -71.0 0.2270291566070749 5 
0005 0014 1 1671003164893471 87.875 -67.0 5.688000761479957 5 
0005 0014 2 1671003164925900 133.4375 -64.5 1.4848934026733007 5 
0005 0015 2 1671003164929642 -48.8125 -68.5 4.724660826687775 5 
0005 0005 2 1671003164933180 7.3125 -62.0 4.23378697456437 5 
0005 0005 3 1671003164966967 -107.375 -65.5 3.2704470397721868 5 
0005 0014 3 1671003164968434 -6.5 -61.0 4.792155981354743 5 
0005 0009 3 1671003164971128 -61.8125 -67.0 4.0987966652304335 5 
0005 0004 3 1671003164974702 -69.125 -66.0 1.282407938672396 5 
0005 0015 4 1671003164996755 61.8125 -69.5 3.509748042682347 5 
0005 0004 4 1671003164998555 71.5625 -68.5 2.761165418194154 5 
0005 0006 4 1671003165005303 16.25 -71.5 1.368310862793992 5 
0005 0013 4 1671003165007784 -3.25 -67.0 0.760854470791278 5 
0005 0015 5 1671003165038665 -58.5625 -60.0 5.9088939949354895 5 
0005 0009 5 1671003165040973 -13.0 -66.0 2.82252464970958 5 
0005 0004 5 1671003165042548 121.25 -66.5 5.822991070813893 5 
0005 0005 5 1671003165043736 -84.625 -72.0 0.8713010875190442 5 
0005 0010 5 1671003165044687 -52.0625 -64.5 2.5341362615870793 5 
0005 0013 5 1671003165045667 45.5625 -60.5 2.2396119503130363 5 
0005 0014 5 1671003165047862 -68.3125 -66.0 3.834951969714103 5 
0005 0011 5 1671003165050374 42.3125 -68.0 1.3867186322486196 5 
0005 0014 6 1671003165078562 0.0 -65.0 1.2885438618239387 5 
0005 0004 6 1671003165079754 30.875 -59.5 2.675262494072558 5 
0005 0009 6 1671003165081936 -16.25 -67.5 0.5399612373357456 5 
0005 0015 6 1671003165082919 52.0625 -60.5 1.8100973297050567 5 
0005 0012 6 1671003165084789 -42.3125 -69.5 4.3074180523828804 5 
0005 0006 6 1671003165086938 -3.25 -68.0 2.1046216409791 5 
0005 0005 6 1671003165087872 21.125 -65.5 0.09817477042468103 5 
0005 0013 6 1671003165088821 -3.25 -61.0 2.7550294950426117 5 
0005 0010 6 1671003165091478 -74.8125 -66.0 4.528311285838413 5 
0005 0013 7 1671003165116166 -91.125 -70.0 1.5830681730979816 5 
0005 0014 7 1671003165117385 87.875 -68.0 2.429825568010856 5 
0005 0015 7 1671003165119720 39.0 -57.5 1.8346410223112268 5 
0005 0005 7 1671003165120609 -7.3125 -64.0 4.902602598082509 5 
0005 0011 7 1671003165124240 -22.75 -63.5 5.240078371417351 5 
0005 0012 7 1671003165126182 -26.0 -69.5 3.2949907323783574 5 
0005 0000 8 1671003165156097 -26.0 -66.0 4.522175362686871 5 
0005 0008 8 1671003165157090 35.75 -69.5 2.7979809571034093 5 
0005 0013 8 1671003165160818 61.8125 -68.0 1.4787574795217582 5 
0005 0015 8 1671003165161801 179.0 -69.0 5.902758071783947 5 
0005 0004 8 1671003165163212 83.0 -63.0 0.4663301595172349 5 
0005 0006 8 1671003165164176 -42.3125 -70.5 2.791845033951867 5 
0005 0003 8 1671003165165083 -100.875 -72.5 2.5770877236478773 5 
0005 0005 8 1671003165168971 -13.8125 -68.0 3.0250101137104846 5 
0005 0011 8 1671003165170602 13.0 -63.5 1.6812429435226628 5 
0005 0014 1 1671003165398883 87.875 -67.5 5.737088146692298 5 
0005 0005 1 1671003165401199 -38.1875 -62.5 3.147728576741336 5 
0005 0015 1 1671003165402630 45.5625 -64.0 5.829126993965437 5 
0005 0013 1 1671003165403596 -87.875 -70.0 4.565126824747668 5 
0005 0008 1 1671003165406685 -61.8125 -67.0 4.0558452031696355 5 
0005 0003 1 1671003165411121 -126.9375 -72.0 0.4908738521234052 5 
0005 0015 2 1671003165436505 22.75 -68.5 4.6448938257177215 5 
0005 0005 2 1671003165441829 0.0 -62.0 4.23378697456437 5 
0005 0014 2 1671003165445211 35.75 -65.0 1.4848934026733007 5 
0005 0005 3 1671003165475884 3.25 -66.0 3.2827188860752723 5 
0005 0014 3 1671003165477784 32.5 -61.0 4.749204519293945 5 
0005 0004 3 1671003165479234 29.25 -67.0 1.0983302441261191 5 
0005 0009 3 1671003165481911 0.0 -67.5 4.1172044346850605 5 
0005 0015 4 1671003165523225 -78.0625 -69.5 3.785864584501762 5 
0005 0004 4 1671003165524171 -180.625 -68.5 3.2213596545598464 5 
0005 0013 4 1671003165528748 52.0625 -67.5 0.5829126993965437 5 
0005 0011 5 1671003165556420 -48.8125 -66.0 1.748738098189631 5 
0005 0009 5 1671003165560037 -29.25 -66.0 2.9022916506796332 5 
0005 0014 5 1671003165561439 -32.5 -66.5 3.773592738198677 5 
0005 0013 5 1671003165562375 -48.8125 -60.5 2.405281875404685 5 
0005 0010 5 1671003165563594 22.75 -64.0 2.448233337465483 5 
0005 0004 5 1671003165564698 76.4375 -66.0 6.037748381117884 5 
0005 0005 5 1671003165567287 -35.75 -72.5 0.760854470791278 5 
0005 0015 5 1671003165568492 -16.25 -60.5 5.872078456026235 5 
0005 0012 6 1671003165606218 -91.125 -70.0 4.28287435977671 5 
0005 0015 6 1671003165607634 9.75 -60.0 1.859184714917397 5 
0005 0006 6 1671003165609636 52.0625 -67.5 2.012582793705961 5 
0005 0010 6 1671003165611516 22.75 -66.5 4.405592822807561 5 
0005 0013 6 1671003165612496 16.25 -61.0 2.742757648739526 5 
0005 0004 6 1671003165613412 10.5625 -59.5 2.730485802436441 5 
0005 0009 6 1671003165622955 -87.875 -67.5 0.48473792897186263 5 
0005 0005 6 1671003165623986 59.375 -66.0 0.09817477042468103 5 
0005 0014 6 1671003165625386 -9.75 -65.0 1.2640001692177683 5 
0005 0015 7 1671003165645946 -13.0 -58.0 1.945087639038993 5 
0005 0005 7 1671003165649380 10.5625 -64.5 4.95168998329485 5 
0005 0004 7 1671003165650829 348.25 -71.5 1.9144080232812801 5 
0005 0011 7 1671003165653672 55.3125 -64.0 5.098952138931871 5 
0005 0014 7 1671003165655587 107.375 -67.0 2.4175537217077703 5 
0005 0013 7 1671003165657823 -19.5 -69.0 1.552388557340269 5 
0005 0012 7 1671003165660947 -149.6875 -71.0 3.399301425954581 5 
0005 0005 8 1671003165686730 -27.625 -68.5 3.0495538063166547 5 
0005 0015 8 1671003165688317 61.8125 -68.5 6.111379458936394 5 
0005 0000 8 1671003165689522 -35.75 -66.0 4.546719055293041 5 
0005 0003 8 1671003165690461 -179.0 -73.5 2.859340188618835 5 
0005 0008 8 1671003165691389 0.0 -68.5 2.8102528034064944 5 
0005 0013 8 1671003165695866 78.0625 -68.5 1.509437095279471 5 
0005 0011 8 1671003165696758 22.75 -63.5 1.6137477888556946 5 
0005 0004 8 1671003165697961 35.75 -63.5 0.5767767762450011 5 
0005 0012 8 1671003165701971 -117.125 -72.5 2.3009711818284617 5 
0005 0006 8 1671003165705481 -19.5 -70.0 2.7979809571034093 5 
0005 0013 1 1671003165916909 -55.3125 -70.0 4.491495746929157 5 
0005 0015 1 1671003165921215 -3.25 -63.5 5.896622148632405 5 
0005 0014 1 1671003165923142 39.0 -67.5 5.792311455056181 5 
0005 0005 1 1671003165926360 -24.375 -62.0 3.184544115650591 5 
0005 0008 1 1671003165928641 -45.5625 -66.0 3.8963112012295285 5 
0005 0003 1 1671003165931536 -91.125 -72.0 0.4908738521234052 5 
0005 0014 2 1671003165960334 -45.5625 -64.5 1.718058482431918 5 
0005 0015 2 1671003165961542 -35.75 -68.0 4.767612288748572 5 
0005 0005 2 1671003165963194 -3.25 -62.0 4.25833066717054 5 
0005 0005 3 1671003165997285 179.0 -66.0 3.074097498922825 5 
0005 0014 3 1671003166003376 42.3125 -61.0 4.718524903536232 5 
0005 0009 3 1671003166012658 -48.8125 -68.5 4.111068511533518 5 
0005 0004 3 1671003166013863 87.0625 -66.0 1.1658253987930873 5 
0005 0013 4 1671003166038151 61.8125 -68.0 0.5460971604872883 5 
0005 0006 4 1671003166040076 48.8125 -70.0 1.3560390164909069 5 
0005 0004 4 1671003166041022 -17.0625 -69.0 2.9513790358919736 5 
0005 0015 4 1671003166044131 -87.875 -69.5 3.8717675086233583 5 
0005 0005 5 1671003166078449 -48.8125 -70.5 0.9019807032767571 5 
0005 0013 5 1671003166079685 26.0 -60.5 2.282563412373834 5 
0005 0014 5 1671003166080889 -26.0 -66.0 3.792000507653305 5 
0005 0011 5 1671003166082562 35.75 -67.5 1.5462526341887264 5 
0005 0004 5 1671003166083990 -34.9375 -66.0 6.000932842208628 5 
0005 0015 5 1671003166085408 -13.0 -60.5 5.798447378207723 5 
0005 0009 5 1671003166086447 -74.8125 -65.5 2.9391071895888885 5 
0005 0010 5 1671003166088180 68.3125 -64.5 2.350058567040802 5 
0005 0014 6 1671003166129421 26.0 -65.5 1.2455923997631406 5 
0005 0009 6 1671003166131102 39.0 -67.5 0.5399612373357456 5 
0005 0010 6 1671003166132549 16.25 -66.5 4.331961744989051 5 
0005 0015 6 1671003166133697 9.75 -60.0 1.8285050991596843 5 
0005 0004 6 1671003166134673 -7.3125 -59.5 2.705942109830271 5 
0005 0012 6 1671003166135626 -87.875 -70.0 4.28287435977671 5 
0005 0013 6 1671003166137043 -16.25 -61.0 2.730485802436441 5 
0005 0006 6 1671003166138801 -9.75 -67.5 2.018718716857504 5 
0005 0005 6 1671003166140403 -34.9375 -66.0 0.18407769454627693 5 
0005 0005 7 1671003166165911 -13.0 -63.5 4.871922982324796 5 
0005 0014 7 1671003166168345 100.875 -68.0 2.2150682577068657 5 
0005 0013 7 1671003166170374 9.75 -68.5 1.368310862793992 5 
0005 0011 7 1671003166171312 -94.375 -63.5 5.289165756629691 5 
0005 0015 7 1671003166175054 22.75 -58.0 1.8775924843720249 5 
0005 0012 7 1671003166178536 42.3125 -71.0 3.3318062712876126 5 
0005 0006 8 1671003166206719 35.75 -70.5 2.662990647769473 5 
0005 0004 8 1671003166209203 0.0 -63.5 0.4724660826687775 5 
0005 0015 8 1671003166210173 9.75 -68.0 6.160466844148735 5 
0005 0013 8 1671003166211112 -39.0 -68.0 1.7241944055834606 5 
0005 0000 8 1671003166213432 19.5 -65.5 4.01902966426038 5 
0005 0011 8 1671003166214850 -13.0 -64.0 1.607611865704152 5 
0005 0012 8 1671003166215817 192.0 -72.5 1.9389517158874505 5 
0005 0005 8 1671003166218417 34.9375 -68.0 2.9575149590435164 5 
0005 0008 8 1671003166223049 65.0625 -68.0 2.448233337465483 5 
0005 0015 1 1671003166445876 -9.75 -64.0 5.9518454569962875 5 
0005 0013 1 1671003166449901 -71.5625 -69.0 4.681709364626977 5 
0005 0014 1 1671003166454665 58.5625 -68.5 5.700272607783043 5 
0005 0008 1 1671003166455869 -32.5 -66.5 3.724505352986337 5 
0005 0003 1 1671003166457543 68.3125 -71.5 0.21475731030398976 5 
0005 0005 1 1671003166459720 17.0625 -62.0 3.172272269347506 5 
0005 0005 2 1671003166491610 27.625 -62.0 4.301282129231338 5 
0005 0015 2 1671003166493042 19.5 -69.0 4.681709364626977 5 
0005 0014 2 1671003166494379 120.4375 -65.0 1.4542137869155878 5 
0005 0014 3 1671003166515958 -26.0 -60.5 4.81056375080937 5 
0005 0004 3 1671003166519085 187.125 -66.0 1.1290098598838318 5 
0005 0005 3 1671003166520045 13.8125 -66.0 3.2029518851052186 5 
0005 0009 3 1671003166527684 -104.125 -69.5 4.006757817957295 5 
0005 0006 4 1671003166557357 -19.5 -70.5 1.6873788666742053 5 
0005 0013 4 1671003166562897 -107.375 -68.0 0.760854470791278 5 
0005 0004 4 1671003166563871 -90.3125 -69.5 3.1231848841351653 5 
0005 0015 4 1671003166567770 -182.25 -68.5 3.8963112012295285 5 
0005 0010 5 1671003166595957 45.5625 -65.5 2.1782527187976104 5 
0005 0009 5 1671003166597874 -39.0 -66.5 2.7979809571034093 5 
0005 0014 5 1671003166598796 -32.5 -66.0 3.761320891895592 5 
0005 0011 5 1671003166602533 22.75 -66.5 1.368310862793992 5 
0005 0015 5 1671003166603712 -29.25 -60.5 5.8475347634200645 5 
0005 0013 5 1671003166606358 42.3125 -60.5 2.1598449493429825 5 
0005 0004 5 1671003166609124 65.875 -65.5 5.872078456026235 5 
0005 0005 5 1671003166616650 48.8125 -71.0 0.9817477042468103 5 
0005 0005 6 1671003166646224 45.5625 -65.0 6.252505691421874 5 
0005 0004 6 1671003166647368 17.0625 -59.5 2.5586799541932495 5 
0005 0006 6 1671003166648375 -42.3125 -68.0 2.12916533358527 5 
0005 0012 6 1671003166652691 -94.375 -70.0 4.325825821837508 5 
0005 0013 6 1671003166653854 22.75 -61.0 2.5832236467994196 5 
0005 0009 6 1671003166657423 3.25 -67.5 0.21475731030398976 5 
0005 0014 6 1671003166658341 0.0 -65.0 1.2946797849754812 5 
0005 0010 6 1671003166660064 -52.0625 -66.5 4.23378697456437 5 
0005 0015 6 1671003166661269 13.0 -60.0 1.8223691760081417 5 
0005 0005 7 1671003166688148 -74.8125 -64.5 4.767612288748572 5 
0005 0011 7 1671003166689978 9.75 -64.0 5.074408446325701 5 
0005 0014 7 1671003166690900 -13.0 -67.5 2.405281875404685 5 
0005 0013 7 1671003166691853 -19.5 -68.5 1.3989904785517047 5 
0005 0015 7 1671003166692819 -26.0 -58.0 1.8775924843720249 5 
0005 0012 7 1671003166694081 156.1875 -70.0 3.067961575771282 5 
0005 0000 8 1671003166727840 -35.75 -66.0 3.761320891895592 5 
0005 0015 8 1671003166729670 9.75 -69.0 6.105243535784852 5 
0005 0006 8 1671003166731102 -26.0 -71.0 2.6813984172241008 5 
0005 0004 8 1671003166732939 34.9375 -63.0 0.28838838812250056 5 
0005 0005 8 1671003166735574 -34.9375 -68.5 3.0066023442558567 5 
0005 0011 8 1671003166737980 26.0 -63.0 1.4910293258248433 5 
0005 0013 8 1671003166739909 35.75 -68.5 1.4173982480063325 5 
0005 0008 8 1671003166740859 110.625 -68.0 2.172116795646068 5 
0005 0012 8 1671003166744835 107.375 -72.0 2.5402721847386216 5 
