0008 0005 1 1671011417247960 -87.0625 -61.5 3.9085830475326135 10 
0008 0011 1 1671011417252151 -7.3125 -61.0 5.5100589900852235 10 
0008 0010 1 1671011417253826 -55.3125 -67.0 4.430136515413731 10 
0008 0015 1 1671011417254749 45.5625 -59.0 1.000155473701438 10 
0008 0004 1 1671011417257524 -34.9375 -70.0 5.393476450205914 10 
0008 0001 1 1671011417259667 -45.5625 -63.5 4.528311285838413 10 
0008 0007 1 1671011417260631 -22.75 -60.5 4.571262747899211 10 
0008 0009 1 1671011417262033 13.0 -68.0 4.577398671050753 10 
0008 0005 2 1671011417310230 -65.0625 -68.0 0.5338253141842031 10 
0008 0015 2 1671011417313329 45.5625 -59.0 3.147728576741336 10 
0008 0011 2 1671011417314756 3.25 -66.5 2.2518837966161214 10 
0008 0001 2 1671011417319237 16.25 -68.0 5.332117218690489 10 
0008 0004 2 1671011417325556 192.0 -67.0 5.608233760509904 10 
0008 0005 3 1671011417360263 65.0625 -66.5 0.5583690067903734 10 
0008 0015 3 1671011417363823 68.3125 -61.5 1.4480778637640452 10 
0008 0007 3 1671011417367694 3.25 -62.5 1.902136176978195 10 
0008 0014 4 1671011417400897 24.375 -65.5 3.859495662320273 10 
0008 0013 4 1671011417405060 22.75 -68.0 1.8837284075235674 10 
0008 0015 4 1671011417406014 32.5 -68.5 2.82252464970958 10 
0008 0005 4 1671011417408631 -3.25 -63.0 6.019340611663256 10 
0008 0007 4 1671011417409582 -19.5 -63.5 3.650874275167826 10 
0008 0002 5 1671011417450137 -104.125 -66.0 3.9453985864418692 10 
0008 0015 5 1671011417451631 -309.1875 -68.0 3.9085830475326135 10 
0008 0004 5 1671011417452561 39.0 -57.5 5.375068680751287 10 
0008 0012 5 1671011417454186 -39.0 -66.5 2.5770877236478773 10 
0008 0010 5 1671011417458810 9.75 -63.5 3.2029518851052186 10 
0008 0002 6 1671011417495875 58.5625 -67.5 1.086058397823034 10 
0008 0014 6 1671011417499516 111.4375 -72.0 5.393476450205914 10 
0008 0004 6 1671011417501340 -13.8125 -50.0 5.884350302329319 10 
0008 0006 6 1671011417504666 -3.25 -61.0 1.945087639038993 10 
0008 0007 6 1671011417507079 -87.875 -70.0 2.834796496012665 10 
0008 0012 6 1671011417509928 65.875 -68.5 2.1046216409791 10 
0008 0009 6 1671011417512577 39.0 -70.5 0.5706408530934585 10 
0008 0006 7 1671011417546825 -111.4375 -70.5 5.724816300389213 10 
0008 0015 7 1671011417548442 -13.0 -57.5 3.663146121470911 10 
0008 0001 7 1671011417549860 -250.625 -69.0 4.9394181369917645 10 
0008 0014 7 1671011417552241 0.0 -61.0 2.4175537217077703 10 
0008 0010 7 1671011417553181 13.0 -54.5 1.3314953238847365 10 
0008 0004 7 1671011417554381 -3.25 -58.0 0.6381360077604268 10 
0008 0007 7 1671011417555546 29.25 -60.5 1.8714565612204823 10 
0008 0013 7 1671011417557105 42.3125 -60.0 2.718213956133356 10 
0008 0011 7 1671011417558011 -29.25 -67.0 3.2213596545598464 10 
0008 0004 8 1671011417599206 0.0 -66.0 1.8223691760081417 10 
0008 0013 8 1671011417601008 3.25 -62.0 1.6382914814618648 10 
0008 0015 8 1671011417601918 13.0 -60.0 0.6994952392758523 10 
0008 0005 8 1671011417611537 38.1875 -69.5 1.5953400194010667 10 
0008 0007 1 1671011417825885 26.0 -62.0 4.325825821837508 10 
0008 0004 1 1671011417827298 19.5 -63.5 0.9817477042468103 10 
0008 0005 1 1671011417831309 -45.5625 -65.5 4.135612204139688 10 
0008 0010 1 1671011417832274 97.625 -65.5 5.332117218690489 10 
0008 0015 1 1671011417834388 -3.25 -57.0 3.859495662320273 10 
0008 0013 1 1671011417836285 -16.25 -58.5 5.927301764390117 10 
0008 0001 1 1671011417837744 -32.5 -69.5 3.2090878082567613 10 
0008 0013 2 1671011417876151 -39.0 -66.5 5.8659425328746915 10 
0008 0005 2 1671011417881323 38.1875 -63.0 0.11044661672776616 10 
0008 0015 2 1671011417884780 -32.5 -65.0 3.9576704327449543 10 
0008 0001 2 1671011417888709 -179.0 -68.0 5.5714182216006485 10 
0008 0015 3 1671011417919771 16.25 -63.0 0.8222137023067037 10 
0008 0007 3 1671011417927219 78.0625 -62.5 1.3008157081270237 10 
0008 0013 3 1671011417930612 78.0625 -67.5 1.012427320004523 10 
0008 0011 3 1671011417931532 -52.0625 -66.5 4.651029748869264 10 
0008 0005 3 1671011417934374 -166.8125 -67.0 6.0991076126333095 10 
0008 0005 4 1671011417958766 17.0625 -61.5 6.056156150572511 10 
0008 0007 4 1671011417959745 -13.0 -62.5 1.9512235621905356 10 
0008 0013 4 1671011417964505 -22.75 -60.5 4.479223900626073 10 
0008 0014 4 1671011417967436 -10.5625 -63.5 0.1043106935762236 10 
0008 0002 5 1671011418003060 13.0 -69.5 0.09817477042468103 10 
0008 0014 5 1671011418004037 -34.9375 -63.0 6.068427996875596 10 
0008 0004 5 1671011418004983 27.625 -56.5 1.9512235621905356 10 
0008 0012 5 1671011418013877 107.375 -71.0 0.5706408530934585 10 
0008 0010 6 1671011418046401 -55.3125 -64.0 6.117515382087937 10 
0008 0004 6 1671011418048525 -17.0625 -48.5 4.006757817957295 10 
0008 0014 6 1671011418050223 10.5625 -63.5 0.42337869745643697 10 
0008 0006 6 1671011418052364 38.1875 -58.5 1.0737865515199487 10 
0008 0002 6 1671011418054010 -94.375 -68.5 5.074408446325701 10 
0008 0005 6 1671011418063262 7.3125 -67.0 5.086680292628786 10 
0008 0012 6 1671011418065363 -32.5 -69.0 4.01902966426038 10 
0008 0014 7 1671011418087227 16.25 -62.5 4.031301510563465 10 
0008 0013 7 1671011418088274 16.25 -56.5 5.6941366846315 10 
0008 0011 7 1671011418089207 -114.6875 -67.0 1.8223691760081417 10 
0008 0007 7 1671011418091618 -3.25 -62.5 0.8283496254582462 10 
0008 0010 7 1671011418093804 -6.5 -57.0 0.34974761963792617 10 
0008 0004 7 1671011418094808 16.25 -57.5 5.663457068873787 10 
0008 0015 7 1671011418097232 42.3125 -62.0 4.123340357836604 10 
0008 0005 7 1671011418098252 117.125 -65.5 2.5954954931025047 10 
0008 0001 7 1671011418100910 0.0 -60.0 4.681709364626977 10 
0008 0012 7 1671011418103111 156.1875 -70.0 3.6876898140770815 10 
0008 0015 8 1671011418127535 16.25 -64.5 1.509437095279471 10 
0008 0012 8 1671011418128667 30.875 -61.0 1.4542137869155878 10 
0008 0010 8 1671011418132749 32.5 -64.5 4.166291819897402 10 
0008 0013 8 1671011418136778 32.5 -68.5 5.5100589900852235 10 
0008 0004 8 1671011418138632 7.3125 -66.0 0.7792622402459057 10 
0008 0004 1 1671011418358733 -6.5 -62.0 5.577554144752192 10 
0008 0007 1 1671011418360471 55.3125 -66.0 1.521708941582556 10 
0008 0015 1 1671011418365300 32.5 -64.5 2.478912953223196 10 
0008 0010 1 1671011418373776 74.8125 -68.0 1.8346410223112268 10 
0008 0005 2 1671011418410478 -59.375 -62.0 4.908738521234052 10 
0008 0015 2 1671011418417486 45.5625 -63.5 2.4911847995262812 10 
0008 0007 2 1671011418421262 9.75 -70.0 4.9823695990525625 10 
0008 0012 2 1671011418424219 45.5625 -72.0 0.5092816215780329 10 
0008 0007 3 1671011418449222 -104.125 -66.0 5.270757987175063 10 
0008 0005 3 1671011418450436 9.75 -64.0 2.9759227284981438 10 
0008 0015 3 1671011418451616 22.75 -60.5 5.872078456026235 10 
0008 0011 3 1671011418463659 -7.3125 -66.5 5.6143696836614465 10 
0008 0014 4 1671011418489618 13.8125 -66.5 0.9817477042468103 10 
0008 0005 4 1671011418494765 -3.25 -63.0 1.7426021750380885 10 
0008 0007 4 1671011418502509 -19.5 -61.5 5.964117303299373 10 
0008 0006 5 1671011418536688 128.5625 -69.5 6.1420590746941075 10 
0008 0014 5 1671011418538838 107.375 -67.0 5.399612373357457 10 
0008 0010 5 1671011418545855 -74.8125 -68.0 3.693825737228624 10 
0008 0004 5 1671011418549677 -52.0625 -65.0 5.93343768754166 10 
0008 0002 5 1671011418556683 -188.75 -72.5 3.104777114680538 10 
0008 0007 6 1671011418586632 -149.6875 -70.5 5.436427912266712 10 
0008 0006 6 1671011418594130 -3.25 -58.0 4.3074180523828804 10 
0008 0014 6 1671011418595091 10.5625 -65.0 1.3744467859455345 10 
0008 0004 6 1671011418596051 10.5625 -53.0 1.086058397823034 10 
0008 0015 6 1671011418596992 -16.25 -66.0 3.9147189706841563 10 
0008 0012 6 1671011418597926 -71.5625 -67.0 3.8533597391687304 10 
0008 0005 6 1671011418606103 -22.75 -71.5 0.5645049299419159 10 
0008 0002 6 1671011418607704 13.0 -69.0 2.9206994201342606 10 
0008 0015 7 1671011418637330 -6.5 -52.0 1.1780972450961724 10 
0008 0010 7 1671011418638720 3.25 -55.5 5.3198453723874035 10 
0008 0004 7 1671011418640153 -145.625 -69.0 4.037437433715008 10 
0008 0011 7 1671011418641777 41.5 -60.5 1.012427320004523 10 
0008 0005 7 1671011418644722 -29.25 -68.0 2.5280003384355365 10 
0008 0013 7 1671011418645926 65.0625 -63.5 5.105088062083414 10 
0008 0007 7 1671011418646833 -13.0 -58.5 5.240078371417351 10 
0008 0001 7 1671011418649432 19.5 -61.0 3.380893656499953 10 
0008 0014 7 1671011418650378 3.25 -61.0 0.04295146206079795 10 
0008 0012 7 1671011418654409 -104.125 -66.5 2.2580197197676637 10 
0008 0013 8 1671011418686611 9.75 -62.5 5.460971604872882 10 
0008 0015 8 1671011418691932 -9.75 -57.5 4.442408361716817 10 
0008 0010 8 1671011418693170 130.1875 -69.5 2.4727770300716534 10 
0008 0004 8 1671011418694103 131.8125 -70.5 0.8528933180644165 10 
0008 0012 8 1671011418696385 -29.25 -63.5 5.080544369477243 10 
0008 0005 8 1671011418697572 6.5 -63.0 0.5645049299419159 10 
0008 0010 1 1671011418918726 61.8125 -65.5 0.25770877236478773 10 
0008 0013 1 1671011418921319 13.0 -62.0 0.9019807032767571 10 
0008 0015 1 1671011418925631 -35.75 -64.0 4.853515212870168 10 
0008 0007 1 1671011418928272 -22.75 -65.0 1.1658253987930873 10 
0008 0005 1 1671011418930426 -27.625 -69.5 3.718369429834794 10 
0008 0013 2 1671011418956726 -19.5 -63.0 2.0493983326152168 10 
0008 0011 2 1671011418965441 -45.5625 -66.0 1.1351457830353744 10 
0008 0004 2 1671011418966392 266.875 -68.5 5.589825991055276 10 
0008 0005 2 1671011418970007 83.0 -64.5 4.23378697456437 10 
0008 0015 2 1671011418971273 68.3125 -63.5 1.5707963267948966 10 
0008 0014 2 1671011418972220 -65.875 -72.0 3.3440781175906977 10 
0008 0011 3 1671011419000117 -117.9375 -66.0 3.153864499892878 10 
0008 0005 3 1671011419002289 0.0 -63.0 3.454524734318464 10 
0008 0001 3 1671011419003242 -38.1875 -66.5 5.019185137961818 10 
0008 0015 3 1671011419005847 -39.0 -61.5 5.105088062083414 10 
0008 0007 3 1671011419007522 42.3125 -64.5 5.0253210611133605 10 
0008 0013 3 1671011419014443 -68.3125 -67.5 1.6321555583103222 10 
0008 0007 4 1671011419047378 19.5 -59.0 3.693825737228624 10 
0008 0013 4 1671011419049350 29.25 -61.5 6.050020227420969 10 
0008 0014 4 1671011419054492 -121.25 -68.0 4.295146206079795 10 
0008 0005 4 1671011419055665 41.5 -62.5 6.086835766330224 10 
0008 0004 5 1671011419088517 -93.5625 -64.5 2.3071071049800045 10 
0008 0014 5 1671011419089477 27.625 -61.0 1.0246991663076084 10 
0008 0013 5 1671011419090672 0.0 -65.5 0.705631162427395 10 
0008 0005 5 1671011419096204 -182.25 -68.0 4.28287435977671 10 
0008 0006 5 1671011419099336 -52.0625 -66.0 4.006757817957295 10 
0008 0013 6 1671011419127953 -3.25 -66.0 4.878058905476339 10 
0008 0007 6 1671011419130476 117.125 -69.5 2.086213871524472 10 
0008 0004 6 1671011419131886 10.5625 -57.5 4.896466674930966 10 
0008 0014 6 1671011419133997 -3.25 -57.5 1.6321555583103222 10 
0008 0006 6 1671011419134985 -10.5625 -61.5 2.4727770300716534 10 
0008 0015 6 1671011419136396 -113.875 -66.5 4.97623367590102 10 
0008 0002 6 1671011419144849 22.75 -70.5 4.945554060143307 10 
0008 0005 6 1671011419150485 -79.75 -72.0 4.509903516383785 10 
0008 0013 7 1671011419175935 -6.5 -59.0 2.8102528034064944 10 
0008 0001 7 1671011419178232 -73.1875 -61.5 1.8407769454627694 10 
0008 0010 7 1671011419180073 -6.5 -53.5 4.338097668140593 10 
0008 0005 7 1671011419181834 -45.5625 -67.0 0.4295146206079795 10 
0008 0014 7 1671011419183774 -41.5 -61.0 2.0493983326152168 10 
0008 0007 7 1671011419186422 -22.75 -59.0 4.669437518323892 10 
0008 0015 7 1671011419187317 -13.0 -55.0 0.7669903939428205 10 
0008 0011 7 1671011419190945 30.875 -58.0 0.15339807878856412 10 
0008 0009 7 1671011419191909 162.75 -69.5 5.651185222570702 10 
0008 0007 8 1671011419225895 -19.5 -69.5 3.6017868899554855 10 
0008 0010 8 1671011419227864 -13.0 -68.5 2.270291566070749 10 
0008 0015 8 1671011419231169 -35.75 -63.0 4.767612288748572 10 
0008 0012 8 1671011419233621 -32.5 -62.0 6.019340611663256 10 
0008 0004 8 1671011419235703 34.9375 -70.5 6.086835766330224 10 
0008 0013 8 1671011419236905 -13.0 -64.0 2.5709518004963345 10 
0008 0001 8 1671011419238928 19.5 -65.0 0.34974761963792617 10 
0008 0005 8 1671011419241447 -22.75 -67.5 5.546874528994478 10 
0008 0010 1 1671011419465918 58.5625 -66.0 3.067961575771282 10 
0008 0007 1 1671011419473287 65.0625 -73.0 3.32567034813607 10 
0008 0015 1 1671011419475417 -26.0 -56.5 0.7117670855789375 10 
0008 0004 2 1671011419506308 32.5 -62.0 4.025165587411922 10 
0008 0012 2 1671011419508840 -125.3125 -66.0 4.884194828627882 10 
0008 0011 2 1671011419510010 7.3125 -65.0 5.712544454086128 10 
0008 0015 2 1671011419514803 -42.3125 -69.0 5.45483568172134 10 
0008 0011 3 1671011419546440 55.3125 -63.0 2.454369260617026 10 
0008 0005 3 1671011419556322 26.0 -61.5 0.018407769454627694 10 
0008 0015 3 1671011419559329 -117.125 -67.5 3.792000507653305 10 
0008 0007 3 1671011419560409 -68.3125 -62.5 2.313243028131547 10 
0008 0001 3 1671011419561368 10.5625 -67.5 0.09817477042468103 10 
0008 0014 4 1671011419594067 -336.875 -73.0 4.405592822807561 10 
0008 0007 4 1671011419596231 -45.5625 -64.0 6.160466844148735 10 
0008 0005 4 1671011419597120 13.8125 -62.5 3.141592653589793 10 
0008 0015 4 1671011419606285 -13.0 -68.0 2.1353012567368124 10 
0008 0006 5 1671011419646850 -65.875 -67.5 5.878214379177777 10 
0008 0014 5 1671011419650775 -39.0 -66.0 5.43029198911517 10 
0008 0007 5 1671011419658509 -152.9375 -68.5 4.246058820867455 10 
0008 0005 5 1671011419659456 93.5625 -68.0 1.5155730184310134 10 
0008 0007 6 1671011419700110 48.8125 -70.5 0.7179030087304801 10 
0008 0004 6 1671011419702033 6.5 -61.5 0.9142525495798421 10 
0008 0011 6 1671011419703222 -45.5625 -65.0 4.246058820867455 10 
0008 0005 6 1671011419704184 65.875 -67.5 1.88986433067511 10 
0008 0014 6 1671011419705384 -55.3125 -62.0 2.429825568010856 10 
0008 0002 6 1671011419706745 -42.3125 -73.0 0.9203884727313847 10 
0008 0006 6 1671011419707945 -107.375 -65.0 4.049709280018092 10 
0008 0007 7 1671011419736283 6.5 -60.5 2.773437264497239 10 
0008 0004 7 1671011419737459 30.875 -63.5 0.7547185476397354 10 
0008 0001 7 1671011419739160 121.25 -68.0 1.2455923997631406 10 
0008 0011 7 1671011419740626 -21.125 -54.0 4.859651136021712 10 
0008 0010 7 1671011419742554 -48.8125 -56.0 3.1968159619536762 10 
0008 0005 7 1671011419743515 -73.1875 -64.5 5.546874528994478 10 
0008 0014 7 1671011419748018 27.625 -59.0 2.730485802436441 10 
0008 0015 7 1671011419749508 -6.5 -53.0 4.95168998329485 10 
0008 0012 7 1671011419753099 -128.5625 -70.5 5.829126993965437 10 
0008 0009 7 1671011419754300 -19.5 -64.5 4.565126824747668 10 
0008 0006 7 1671011419760913 -13.8125 -72.0 2.60776733940559 10 
0008 0013 8 1671011419786821 -6.5 -68.0 2.1966604882522383 10 
0008 0012 8 1671011419790491 19.5 -59.0 2.82252464970958 10 
0008 0005 8 1671011419791680 -90.3125 -62.0 5.700272607783043 10 
0008 0011 8 1671011419795484 48.8125 -67.5 5.442563835418255 10 
0008 0007 8 1671011419796425 110.625 -68.5 1.9573594853420782 10 
0008 0015 8 1671011419800491 6.5 -56.0 3.153864499892878 10 
0008 0004 8 1671011419803542 -48.8125 -70.0 2.7857091108003242 10 
0008 0010 1 1671011420015977 -26.0 -64.0 4.700117134081604 10 
0008 0007 1 1671011420016942 61.8125 -67.5 2.8654761117703775 10 
0008 0015 1 1671011420025457 -22.75 -67.0 2.350058567040802 10 
0008 0005 1 1671011420026405 35.75 -66.0 4.663301595172349 10 
0008 0004 1 1671011420027834 30.875 -66.0 1.8714565612204823 10 
0008 0013 1 1671011420031151 97.625 -69.0 3.5158839658338894 10 
0008 0015 2 1671011420056145 9.75 -58.0 0.6135923151542565 10 
0008 0005 2 1671011420057575 -100.875 -69.0 3.6815538909255388 10 
0008 0013 2 1671011420059636 -32.5 -60.0 0.9878836273983529 10 
0008 0014 2 1671011420064677 0.0 -61.5 2.184388641949153 10 
0008 0001 2 1671011420065897 -19.5 -70.0 1.4480778637640452 10 
0008 0005 3 1671011420110846 -142.375 -66.5 0.1718058482431918 10 
0008 0015 3 1671011420111750 0.0 -63.0 2.3193789512830896 10 
0008 0007 3 1671011420112677 29.25 -62.5 1.2701360923693108 10 
0008 0013 3 1671011420124137 -26.0 -67.5 0.521553467881118 10 
0008 0015 4 1671011420155937 -13.0 -67.5 5.534602682691394 10 
0008 0004 4 1671011420156871 -45.5625 -65.5 4.816699673960914 10 
0008 0013 4 1671011420161839 3.25 -58.5 1.5155730184310134 10 
0008 0007 4 1671011420162763 26.0 -64.0 5.473243451175968 10 
0008 0005 4 1671011420172242 34.9375 -60.0 1.3989904785517047 10 
0008 0011 4 1671011420176980 -45.5625 -63.5 0.42337869745643697 10 
0008 0005 5 1671011420206289 -38.1875 -68.0 2.7120780329818137 10 
0008 0014 5 1671011420207986 73.1875 -69.0 1.1596894756415448 10 
0008 0004 5 1671011420214143 24.375 -64.0 3.77972866135022 10 
0008 0007 5 1671011420216852 52.0625 -67.0 5.5714182216006485 10 
0008 0011 6 1671011420266711 -65.875 -67.0 4.227651051412827 10 
0008 0006 6 1671011420274117 38.1875 -65.5 0.030679615757712823 10 
0008 0014 6 1671011420275689 45.5625 -62.0 2.2396119503130363 10 
0008 0004 6 1671011420281176 22.75 -63.0 1.4173982480063325 10 
0008 0013 6 1671011420282108 -9.75 -63.5 4.546719055293041 10 
0008 0014 7 1671011420307419 3.25 -61.0 5.45483568172134 10 
0008 0009 7 1671011420310097 -152.9375 -69.5 2.5709518004963345 10 
0008 0004 7 1671011420311535 30.875 -57.5 5.135767677841127 10 
0008 0005 7 1671011420319375 -19.5 -60.5 5.062136600022616 10 
0008 0011 7 1671011420320577 -21.125 -53.5 3.4606606574700063 10 
0008 0007 7 1671011420321544 94.375 -61.5 2.012582793705961 10 
0008 0010 7 1671011420322892 42.3125 -57.0 2.693670263527186 10 
0008 0015 7 1671011420324054 -9.75 -57.0 4.878058905476339 10 
0008 0013 7 1671011420325017 -26.0 -54.0 5.798447378207723 10 
0008 0001 7 1671011420326404 27.625 -68.0 1.718058482431918 10 
0008 0004 8 1671011420357169 71.5625 -64.5 0.7669903939428205 10 
0008 0009 8 1671011420359717 110.625 -71.5 2.024854640009046 10 
0008 0007 8 1671011420362850 35.75 -63.0 5.9518454569962875 10 
0008 0010 8 1671011420365797 45.5625 -65.5 1.8837284075235674 10 
0008 0005 8 1671011420368658 -17.0625 -64.0 4.675573441475434 10 
0008 0015 8 1671011420369822 -13.0 -57.5 2.761165418194154 10 
0008 0013 8 1671011420371011 52.0625 -65.0 0.3436116964863836 10 
0008 0014 8 1671011420373489 24.375 -65.0 2.1537090261914402 10 
0008 0012 8 1671011420374819 -16.25 -61.5 2.5586799541932495 10 
0008 0014 1 1671011420596216 -30.875 -70.0 6.031612457966341 10 
0008 0005 1 1671011420599798 39.0 -64.5 4.479223900626073 10 
0008 0015 1 1671011420601475 22.75 -57.5 0.5154175447295755 10 
0008 0007 1 1671011420604851 -13.0 -60.5 1.9941750242513334 10 
0008 0001 1 1671011420606084 24.375 -69.5 3.2581751934691017 10 
0008 0009 1 1671011420607989 0.0 -71.0 1.41126232485479 10 
0008 0004 1 1671011420611479 -58.5625 -63.0 5.3627968344482015 10 
0008 0010 1 1671011420612483 -3.25 -57.5 1.7548740213411735 10 
0008 0012 1 1671011420619771 -34.9375 -71.0 3.2643111166206444 10 
0008 0015 2 1671011420648111 -9.75 -56.0 1.8714565612204823 10 
0008 0011 2 1671011420649083 0.0 -62.0 5.6573211457222445 10 
0008 0014 2 1671011420650246 -13.0 -58.5 0.030679615757712823 10 
0008 0012 2 1671011420651687 -3.25 -60.0 0.705631162427395 10 
0008 0001 2 1671011420657681 -79.75 -69.0 5.399612373357457 10 
0008 0005 2 1671011420658870 -90.3125 -69.5 0.9142525495798421 10 
0008 0006 2 1671011420670674 -240.875 -70.5 4.620350133111551 10 
0008 0011 3 1671011420701731 -30.875 -64.5 0.8222137023067037 10 
0008 0005 3 1671011420706110 -73.1875 -62.0 2.2027964114037806 10 
0008 0015 3 1671011420707953 -84.625 -63.0 6.031612457966341 10 
0008 0007 3 1671011420713212 -35.75 -60.5 3.6079228131070282 10 
0008 0014 4 1671011420735894 -65.875 -69.5 5.730952223540755 10 
0008 0007 4 1671011420746058 55.3125 -63.0 0.46019423636569234 10 
0008 0005 4 1671011420750592 7.3125 -66.5 2.9575149590435164 10 
0008 0004 4 1671011420752209 -162.75 -68.5 0.4172427743048944 10 
0008 0012 4 1671011420754279 -48.8125 -65.0 1.7916895602504288 10 
0008 0000 4 1671011420766457 91.125 -74.5 0.7976700097005334 10 
0008 0015 5 1671011420789066 0.0 -70.0 0.05522330836388308 10 
0008 0007 5 1671011420792841 -9.75 -61.5 2.1537090261914402 10 
0008 0004 5 1671011420798873 -27.625 -68.0 5.344389064993574 10 
0008 0005 5 1671011420803632 -162.75 -71.0 0.12885438618239387 10 
0008 0006 6 1671011420842090 3.25 -67.0 0.9387962421860124 10 
0008 0005 6 1671011420846697 -58.5625 -64.0 5.737088146692298 10 
0008 0014 6 1671011420847883 21.125 -64.5 3.2090878082567613 10 
0008 0004 6 1671011420850459 -7.3125 -58.0 3.5833791205008576 10 
0008 0015 6 1671011420853021 -78.0625 -70.0 0.7179030087304801 10 
0008 0014 7 1671011420887536 -9.75 -56.5 0.44178646691106466 10 
0008 0011 7 1671011420889689 3.25 -52.0 2.380738182798515 10 
0008 0005 7 1671011420890648 0.0 -63.0 3.988350048502667 10 
0008 0004 7 1671011420892351 -27.625 -55.5 4.71238898038469 10 
0008 0007 7 1671011420893229 13.0 -64.5 2.2764274892222915 10 
0008 0009 7 1671011420894692 -68.3125 -67.0 1.4480778637640452 10 
0008 0010 7 1671011420895656 13.0 -56.5 2.098485717827557 10 
0008 0015 7 1671011420899324 32.5 -60.0 2.4727770300716534 10 
0008 0001 7 1671011420904159 -32.5 -65.5 2.1353012567368124 10 
0008 0006 7 1671011420908484 266.875 -69.5 3.2090878082567613 10 
0008 0007 8 1671011420935975 -52.0625 -67.5 5.534602682691394 10 
0008 0005 8 1671011420939162 -3.25 -63.5 3.8288160465625602 10 
0008 0013 8 1671011420940097 6.5 -64.5 1.4787574795217582 10 
0008 0012 8 1671011420941225 0.0 -55.5 0.4663301595172349 10 
0008 0004 8 1671011420944875 6.5 -59.5 0.662679700366597 10 
0008 0015 8 1671011420946122 0.0 -59.0 0.9633399347921826 10 
0008 0006 8 1671011420947458 208.3125 -72.5 2.2764274892222915 10 
0008 0011 8 1671011420950499 13.8125 -62.0 2.6691265709210157 10 
0008 0010 8 1671011420953579 52.0625 -69.5 0.30066023442558565 10 
0008 0005 1 1671011421167018 -13.0 -56.0 2.448233337465483 10 
0008 0009 1 1671011421168010 -55.3125 -71.5 5.651185222570702 10 
0008 0007 1 1671011421170306 -6.5 -59.0 0.14726215563702155 10 
0008 0015 1 1671011421172857 6.5 -53.0 5.595961914206819 10 
0008 0011 1 1671011421175007 21.125 -65.0 2.3439226438892597 10 
0008 0001 1 1671011421176466 48.8125 -66.0 1.7978254834019713 10 
0008 0010 1 1671011421178862 29.25 -56.5 5.706408530934585 10 
0008 0013 1 1671011421179838 52.0625 -58.5 6.019340611663256 10 
0008 0004 1 1671011421181207 -45.5625 -65.5 3.043417883165112 10 
0008 0015 2 1671011421216187 42.3125 -60.0 1.8407769454627694 10 
0008 0013 2 1671011421221495 35.75 -57.0 2.061670178918302 10 
0008 0014 2 1671011421223151 -30.875 -62.0 3.9699422790480394 10 
0008 0011 2 1671011421224308 -7.3125 -62.0 4.816699673960914 10 
0008 0004 2 1671011421227985 -32.5 -65.5 5.411884219660542 10 
0008 0001 2 1671011421229910 -17.0625 -62.5 4.276738436625168 10 
0008 0007 3 1671011421264963 -16.25 -58.0 1.7794177139473437 10 
0008 0015 3 1671011421272814 107.375 -64.5 2.6200391857086753 10 
0008 0005 3 1671011421273775 -30.875 -60.5 5.970253226450915 10 
0008 0001 3 1671011421277217 257.125 -69.0 6.129787228391022 10 
0008 0013 4 1671011421309577 22.75 -58.5 0.9878836273983529 10 
0008 0015 4 1671011421312674 -81.375 -65.0 5.534602682691394 10 
0008 0004 4 1671011421321740 45.5625 -66.0 0.6442719309119693 10 
0008 0007 4 1671011421325341 39.0 -66.5 3.663146121470911 10 
0008 0005 4 1671011421327262 0.0 -66.0 0.9326603190344698 10 
0008 0014 4 1671011421328203 -55.3125 -68.0 0.030679615757712823 10 
0008 0004 5 1671011421360071 -9.75 -65.5 1.2210487071569704 10 
0008 0015 5 1671011421364968 -201.8125 -68.0 4.601942363656923 10 
0008 0013 5 1671011421366156 58.5625 -64.5 5.325981295538946 10 
0008 0007 5 1671011421368642 -87.875 -68.5 3.8963112012295285 10 
0008 0014 6 1671011421395901 3.25 -64.0 2.9759227284981438 10 
0008 0005 6 1671011421403470 -143.1875 -68.5 0.8467573949128739 10 
0008 0006 6 1671011421407080 -30.875 -71.5 2.386874105950058 10 
0008 0015 6 1671011421408274 42.3125 -65.5 0.0859029241215959 10 
0008 0004 6 1671011421409474 -3.25 -58.5 5.675728915176872 10 
0008 0011 7 1671011421447889 -10.5625 -54.5 6.215690152512618 10 
0008 0010 7 1671011421450346 19.5 -56.5 1.043106935762236 10 
0008 0007 7 1671011421452843 13.0 -61.0 1.0062913968529805 10 
0008 0001 7 1671011421453779 39.0 -62.0 5.927301764390117 10 
0008 0004 7 1671011421455235 -38.1875 -56.0 1.9512235621905356 10 
0008 0013 7 1671011421456460 -6.5 -62.0 2.5034566458293663 10 
0008 0005 7 1671011421457752 32.5 -63.0 1.423534171157875 10 
0008 0014 7 1671011421458686 39.0 -61.5 2.2212041808584084 10 
0008 0012 7 1671011421465207 139.125 -73.0 6.068427996875596 10 
0008 0006 8 1671011421496691 59.375 -73.0 6.160466844148735 10 
0008 0010 8 1671011421500372 -97.625 -68.5 0.23930100291016002 10 
0008 0015 8 1671011421502193 -9.75 -61.5 0.5951845456996288 10 
0008 0014 8 1671011421503145 32.5 -57.5 5.368932757599744 10 
0008 0004 8 1671011421505253 -24.375 -57.0 5.092816215780329 10 
0008 0013 8 1671011421509168 -48.8125 -63.5 4.822835597112456 10 
0008 0012 8 1671011421510073 -84.625 -67.0 4.957825906446392 10 
0008 0007 8 1671011421511267 52.0625 -66.5 2.350058567040802 10 
0008 0005 8 1671011421512513 48.8125 -66.5 1.3744467859455345 10 
0008 0015 1 1671011421727230 32.5 -55.5 0.4970097752749477 10 
0008 0014 1 1671011421729428 -139.125 -71.5 3.6140587362585705 10 
0008 0011 1 1671011421730870 -17.0625 -61.0 5.178719139901925 10 
0008 0007 1 1671011421735307 -13.0 -61.5 2.8961557275280905 10 
0008 0009 1 1671011421738621 52.0625 -70.0 2.662990647769473 10 
0008 0004 1 1671011421739806 3.25 -68.5 2.356194490192345 10 
0008 0012 1 1671011421741291 -13.8125 -66.0 5.049864753719531 10 
0008 0005 1 1671011421743487 -120.4375 -58.0 5.737088146692298 10 
0008 0010 1 1671011421749055 0.0 -61.5 2.399145952253143 10 
0008 0001 2 1671011421779194 -6.5 -61.5 1.1474176293384597 10 
0008 0010 2 1671011421780330 -42.3125 -65.0 0.3190680038802134 10 
0008 0015 2 1671011421781282 29.25 -59.0 2.791845033951867 10 
0008 0012 2 1671011421782172 16.25 -57.0 2.024854640009046 10 
0008 0014 2 1671011421783871 -19.5 -64.5 1.748738098189631 10 
0008 0004 2 1671011421785499 22.75 -61.5 3.2827188860752723 10 
0008 0011 2 1671011421786443 -24.375 -55.5 2.1905245651006955 10 
0008 0005 2 1671011421787804 -253.875 -67.0 3.9515345095934116 10 
0008 0005 3 1671011421845767 142.375 -68.0 2.6016314162540475 10 
0008 0015 3 1671011421846717 -22.75 -60.0 1.7855536370988863 10 
0008 0007 3 1671011421851322 26.0 -61.5 5.092816215780329 10 
0008 0007 4 1671011421885859 -9.75 -66.0 1.8039614065535141 10 
0008 0015 4 1671011421887065 6.5 -62.0 1.8530487917658545 10 
0008 0014 4 1671011421892749 3.25 -64.0 4.871922982324796 10 
0008 0005 4 1671011421899428 -83.0 -64.5 4.448544284868359 10 
0008 0004 5 1671011421938107 -6.5 -68.0 1.3192234775816514 10 
0008 0014 5 1671011421939057 149.6875 -69.5 5.8659425328746915 10 
0008 0015 5 1671011421948022 74.8125 -69.5 3.6324665057131984 10 
0008 0012 6 1671011421977908 -45.5625 -69.0 5.436427912266712 10 
0008 0014 6 1671011421982332 41.5 -62.0 2.055534255766759 10 
0008 0004 6 1671011421987296 9.75 -63.0 0.4049709280018093 10 
0008 0006 6 1671011421988244 -69.125 -66.0 3.6324665057131984 10 
0008 0015 6 1671011421989845 52.0625 -68.5 1.2701360923693108 10 
0008 0015 7 1671011422016284 0.0 -57.5 2.9022916506796332 10 
0008 0001 7 1671011422017205 9.75 -60.0 4.693981210930062 10 
0008 0010 7 1671011422018636 19.5 -55.0 6.234097921967246 10 
0008 0007 7 1671011422020247 0.0 -59.5 5.368932757599744 10 
0008 0011 7 1671011422025333 -24.375 -55.0 5.5100589900852235 10 
0008 0012 7 1671011422027299 -45.5625 -60.5 4.405592822807561 10 
0008 0005 7 1671011422030177 131.8125 -62.5 1.88986433067511 10 
0008 0004 7 1671011422032751 32.5 -58.0 1.0983302441261191 10 
0008 0014 7 1671011422036149 -3.25 -57.5 3.4177091954092087 10 
0008 0006 7 1671011422039771 -16.25 -71.0 5.945709533844745 10 
0008 0011 8 1671011422066101 -52.0625 -67.0 5.50392306693368 10 
0008 0004 8 1671011422070232 -45.5625 -59.5 4.227651051412827 10 
0008 0014 8 1671011422071163 -10.5625 -68.0 6.062292073724054 10 
0008 0007 8 1671011422074770 81.375 -71.5 1.2026409377023426 10 
0008 0005 8 1671011422075759 13.8125 -62.5 1.7916895602504288 10 
0008 0012 8 1671011422079365 -7.3125 -54.5 3.399301425954581 10 
0008 0015 8 1671011422080546 26.0 -63.0 2.36846633649543 10 
0008 0013 8 1671011422083449 -13.0 -70.0 3.761320891895592 10 
0008 0006 8 1671011422084382 173.3125 -72.0 5.872078456026235 10 
