0008 0004 1 1671002963205998 -48.8125 -67.5 2.650718801466388 16 
0008 0015 1 1671002963206920 -16.25 -68.5 1.2946797849754812 16 
0008 0005 1 1671002963207912 30.875 -57.5 0.09817477042468103 16 
0008 0006 1 1671002963211156 -87.0625 -71.0 2.000310947402876 16 
0008 0007 1 1671002963215435 91.125 -66.0 0.521553467881118 16 
0008 0015 2 1671002963235875 -29.25 -57.5 0.9203884727313847 16 
0008 0005 2 1671002963236838 27.625 -64.0 0.3620194659410113 16 
0008 0006 2 1671002963257318 -288.0625 -70.5 5.264622064023521 16 
0008 0006 4 1671002963331396 -41.5 -70.5 4.387185053352934 16 
0008 0006 5 1671002963357663 45.5625 -69.0 3.3502140407422405 16 
0008 0004 5 1671002963363454 55.3125 -67.5 0.8467573949128739 16 
0008 0006 6 1671002963391398 -52.0625 -64.5 5.013049214810275 16 
0008 0015 7 1671002963430096 35.75 -63.5 1.521708941582556 16 
0008 0001 7 1671002963431059 139.125 -67.5 2.6445828783148455 16 
0008 0004 7 1671002963433451 -7.3125 -60.5 2.061670178918302 16 
0008 0005 7 1671002963434882 117.125 -69.0 0.5092816215780329 16 
0008 0006 7 1671002963437020 100.875 -64.5 0.9510680884890975 16 
0008 0007 7 1671002963438381 107.375 -67.0 3.2397674240144743 16 
0008 0014 7 1671002963442031 -100.875 -64.0 5.45483568172134 16 
0008 0015 8 1671002963476848 22.75 -69.5 3.3379421944391554 16 
0008 0014 8 1671002963480702 39.0 -64.0 2.9145634969827183 16 
0008 0007 8 1671002963484686 42.3125 -67.0 0.04908738521234052 16 
0008 0005 8 1671002963486101 45.5625 -67.0 5.988660995905543 16 
0008 0004 8 1671002963487554 -10.5625 -60.0 0.3374757733348411 16 
0008 0006 8 1671002963493106 0.0 -62.0 4.374913207049849 16 
0008 0002 8 1671002963495922 -3.25 -68.0 2.509592568980909 16 
0008 0007 1 1671002963716660 6.5 -65.5 0.6872233929727672 16 
0008 0015 1 1671002963722202 -3.25 -69.0 1.2762720155208536 16 
0008 0005 1 1671002963724060 13.0 -57.5 0.14726215563702155 16 
0008 0004 1 1671002963724981 -52.0625 -67.0 3.043417883165112 16 
0008 0006 1 1671002963735798 309.1875 -71.0 1.4419419406125027 16 
0008 0005 2 1671002963774068 -19.5 -63.0 0.44178646691106466 16 
0008 0015 2 1671002963777416 19.5 -57.0 0.8958447801252144 16 
0008 0006 2 1671002963791481 -21.125 -69.0 5.006913291658733 16 
0008 0006 4 1671002963850899 21.125 -71.0 4.295146206079795 16 
0008 0004 5 1671002963880912 61.8125 -68.5 0.6810874698212247 16 
0008 0006 5 1671002963885172 -38.1875 -69.0 3.436116964863836 16 
0008 0006 6 1671002963914167 -131.8125 -65.0 5.166447293598839 16 
0008 0007 7 1671002963946371 130.1875 -67.0 3.1661363461959633 16 
0008 0004 7 1671002963947855 55.3125 -60.5 1.9880391010997909 16 
0008 0001 7 1671002963956916 -187.125 -67.5 3.1661363461959633 16 
0008 0015 7 1671002963957825 -22.75 -64.0 1.6873788666742053 16 
0008 0014 7 1671002963959027 32.5 -64.0 5.301437602932776 16 
0008 0006 7 1671002963961093 3.25 -64.5 1.0246991663076084 16 
0008 0005 7 1671002963965306 -21.125 -69.0 0.8958447801252144 16 
0008 0005 8 1671002963992065 -17.0625 -67.5 6.129787228391022 16 
0008 0006 8 1671002963994441 -41.5 -62.5 4.374913207049849 16 
0008 0007 8 1671002964000039 32.5 -67.0 0.06135923151542565 16 
0008 0004 8 1671002964010234 0.0 -60.5 0.35588354278946877 16 
0008 0015 8 1671002964011847 -120.4375 -72.0 3.6140587362585705 16 
0008 0002 8 1671002964016148 -52.0625 -67.5 2.5034566458293663 16 
0008 0014 8 1671002964017066 27.625 -64.0 2.9206994201342606 16 
0008 0005 1 1671002964236658 -13.8125 -58.0 0.16566992509164924 16 
0008 0015 1 1671002964249784 -32.5 -68.5 1.3621749396424494 16 
0008 0006 1 1671002964253239 -10.5625 -71.5 1.9880391010997909 16 
0008 0007 1 1671002964254902 13.0 -66.0 0.6135923151542565 16 
0008 0004 1 1671002964258004 79.75 -67.5 2.8716120349219203 16 
0008 0015 2 1671002964288764 0.0 -57.5 0.9265243958829272 16 
0008 0005 2 1671002964298983 -32.5 -64.5 0.4172427743048944 16 
0008 0006 4 1671002964391691 -100.875 -72.0 4.374913207049849 16 
0008 0004 5 1671002964423403 -7.3125 -68.0 0.9878836273983529 16 
0008 0006 5 1671002964424336 -41.5 -69.5 3.399301425954581 16 
0008 0006 6 1671002964449786 -13.8125 -65.0 4.902602598082509 16 
0008 0015 7 1671002964487743 48.8125 -64.0 1.5462526341887264 16 
0008 0004 7 1671002964489682 62.625 -60.5 2.024854640009046 16 
0008 0005 7 1671002964493144 21.125 -69.0 0.7547185476397354 16 
0008 0006 7 1671002964494304 55.3125 -65.0 0.9326603190344698 16 
0008 0014 7 1671002964498196 16.25 -64.0 5.313709449235861 16 
0008 0001 7 1671002964499128 -7.3125 -67.5 2.8961557275280905 16 
0008 0007 7 1671002964502027 -123.6875 -67.5 3.5772431973493153 16 
0008 0014 8 1671002964541818 -7.3125 -64.0 2.9513790358919736 16 
0008 0015 8 1671002964546631 -48.8125 -71.0 3.56497135104623 16 
0008 0005 8 1671002964547862 10.5625 -67.0 6.043884304269426 16 
0008 0006 8 1671002964549048 17.0625 -62.0 4.356505437595221 16 
0008 0007 8 1671002964551704 32.5 -67.0 0.05522330836388308 16 
0008 0004 8 1671002964554649 -7.3125 -60.0 0.36815538909255385 16 
0008 0002 8 1671002964555831 126.9375 -67.0 1.9144080232812801 16 
0008 0005 1 1671002964776365 10.5625 -57.5 0.12885438618239387 16 
0008 0015 1 1671002964792824 32.5 -69.0 1.1106020904292042 16 
0008 0007 1 1671002964794513 35.75 -65.5 0.619728238305799 16 
0008 0004 1 1671002964799024 121.25 -67.0 2.834796496012665 16 
0008 0006 1 1671002964800568 229.4375 -71.5 1.6751070203711202 16 
0008 0015 2 1671002964826337 13.0 -57.0 0.8835729338221293 16 
0008 0005 2 1671002964837322 159.5 -63.5 0.11044661672776616 16 
0008 0006 4 1671002964917211 -277.4375 -71.5 4.681709364626977 16 
0008 0006 5 1671002964950874 52.0625 -69.5 3.3195344249845276 16 
0008 0004 5 1671002964951876 -24.375 -68.0 0.9203884727313847 16 
0008 0006 6 1671002964976156 21.125 -64.5 4.902602598082509 16 
0008 0001 7 1671002965016417 -225.375 -68.5 3.1968159619536762 16 
0008 0006 7 1671002965018425 -29.25 -64.0 1.012427320004523 16 
0008 0015 7 1671002965019630 -3.25 -63.5 1.6689710972195777 16 
0008 0005 7 1671002965024567 45.5625 -69.5 0.7792622402459057 16 
0008 0004 7 1671002965029117 -3.25 -60.0 2.1537090261914402 16 
0008 0007 7 1671002965035723 -136.6875 -67.0 3.5772431973493153 16 
0008 0014 7 1671002965036840 -19.5 -64.0 5.43029198911517 16 
0008 0005 8 1671002965066479 3.25 -67.5 6.074563920027139 16 
0008 0002 8 1671002965070192 -35.75 -67.0 2.429825568010856 16 
0008 0007 8 1671002965072720 133.4375 -66.0 6.166602767300278 16 
0008 0004 8 1671002965077765 -52.0625 -60.5 0.662679700366597 16 
0008 0006 8 1671002965079727 -27.625 -62.5 4.411728745959104 16 
0008 0014 8 1671002965081155 71.5625 -64.0 2.834796496012665 16 
0008 0015 8 1671002965089690 16.25 -70.0 3.466796580621549 16 
0008 0007 1 1671002965306595 19.5 -66.0 0.6320000846088841 16 
0008 0005 1 1671002965308069 6.5 -57.5 0.1595340019401067 16 
0008 0004 1 1671002965313289 -84.625 -67.5 3.06182565261974 16 
0008 0015 1 1671002965324159 84.625 -69.5 1.0983302441261191 16 
0008 0006 1 1671002965326080 130.1875 -70.0 1.5707963267948966 16 
0008 0005 2 1671002965355867 76.4375 -63.0 0.28838838812250056 16 
0008 0006 2 1671002965357818 -38.1875 -70.0 4.933282213840222 16 
0008 0015 2 1671002965371690 -3.25 -57.5 0.9265243958829272 16 
0008 0006 4 1671002965443308 -142.375 -71.5 4.387185053352934 16 
0008 0006 5 1671002965482620 121.25 -68.5 3.129320807286708 16 
0008 0004 5 1671002965483582 78.0625 -68.5 0.4356505437595221 16 
0008 0006 6 1671002965514027 -24.375 -64.5 4.957825906446392 16 
0008 0014 7 1671002965549832 13.0 -64.0 5.387340527054372 16 
0008 0001 7 1671002965552298 29.25 -67.5 2.8838838812250054 16 
0008 0007 7 1671002965553207 -68.3125 -67.5 3.4054373491061236 16 
0008 0006 7 1671002965556978 100.875 -65.0 0.8651651643675016 16 
0008 0015 7 1671002965559777 81.375 -63.5 1.5155730184310134 16 
0008 0004 7 1671002965561627 59.375 -61.0 2.055534255766759 16 
0008 0005 7 1671002965564543 173.3125 -68.0 0.5092816215780329 16 
0008 0002 8 1671002965594682 42.3125 -67.5 1.88986433067511 16 
0008 0006 8 1671002965596377 -3.25 -62.5 4.313553975534423 16 
0008 0007 8 1671002965598023 29.25 -66.5 0.030679615757712823 16 
0008 0015 8 1671002965600026 6.5 -71.0 3.479068426924634 16 
0008 0004 8 1671002965603100 -13.0 -60.5 0.34974761963792617 16 
0008 0014 8 1671002965604332 26.0 -64.0 2.9022916506796332 16 
0008 0005 8 1671002965606602 90.3125 -67.0 5.921165841238575 16 
0008 0004 1 1671002965838879 -110.625 -66.5 2.779573187648782 16 
0008 0005 1 1671002965844957 19.5 -57.5 0.1043106935762236 16 
0008 0007 1 1671002965849359 29.25 -65.5 0.6258641614573416 16 
0008 0006 1 1671002965851030 -139.9375 -71.5 2.000310947402876 16 
0008 0015 1 1671002965852605 -3.25 -67.5 1.2578642460662257 16 
0008 0006 2 1671002965903810 -139.125 -70.0 4.97623367590102 16 
0008 0005 2 1671002965906888 111.4375 -63.5 0.3129320807286708 16 
0008 0015 2 1671002965908093 -19.5 -57.5 0.9081166264282996 16 
0008 0006 4 1671002965972820 139.9375 -71.0 4.1417481272912315 16 
0008 0006 5 1671002966009601 121.25 -68.5 3.055689729468197 16 
0008 0004 5 1671002966014526 61.8125 -69.0 0.3374757733348411 16 
0008 0006 6 1671002966042535 48.8125 -64.5 4.908738521234052 16 
0008 0007 7 1671002966078874 6.5 -68.0 3.356349963893783 16 
0008 0004 7 1671002966081170 34.9375 -60.5 2.024854640009046 16 
0008 0001 7 1671002966083381 -93.5625 -68.5 3.1231848841351653 16 
0008 0006 7 1671002966085306 97.625 -65.0 0.9142525495798421 16 
0008 0014 7 1671002966086253 -59.375 -64.5 5.4671075280244255 16 
0008 0015 7 1671002966087759 -104.125 -64.0 1.6689710972195777 16 
0008 0005 7 1671002966092850 100.875 -68.0 0.6135923151542565 16 
0008 0004 8 1671002966117989 7.3125 -60.5 0.3190680038802134 16 
0008 0014 8 1671002966120910 27.625 -64.5 2.890019804376548 16 
0008 0002 8 1671002966122147 13.0 -67.5 2.5464081078901644 16 
0008 0006 8 1671002966127035 -73.1875 -62.5 4.4362724385652745 16 
0008 0015 8 1671002966135835 -35.75 -70.5 3.2888548092268146 16 
0008 0007 8 1671002966138077 6.5 -67.0 0.07976700097005335 16 
0008 0005 8 1671002966139396 -34.9375 -67.0 6.074563920027139 16 
0008 0004 1 1671002966358660 10.5625 -67.5 2.6200391857086753 16 
0008 0015 1 1671002966368797 185.5 -68.5 0.9019807032767571 16 
0008 0007 1 1671002966370891 0.0 -66.0 0.6933593161243098 16 
0008 0005 1 1671002966372749 3.25 -57.5 0.12885438618239387 16 
0008 0006 1 1671002966374119 81.375 -71.0 1.6260196351587797 16 
0008 0015 2 1671002966396629 -6.5 -57.5 0.9326603190344698 16 
0008 0006 2 1671002966401904 -128.5625 -71.0 4.865787059173254 16 
0008 0005 2 1671002966404411 -3.25 -63.0 0.4049709280018093 16 
0008 0006 4 1671002966469013 -107.375 -72.0 4.552854978444583 16 
0008 0006 5 1671002966516729 -152.9375 -68.0 3.5588354278946874 16 
0008 0004 5 1671002966518075 38.1875 -68.5 0.4356505437595221 16 
0008 0006 6 1671002966549930 -24.375 -64.5 5.013049214810275 16 
0008 0006 7 1671002966586226 -13.8125 -66.0 0.944932165337555 16 
0008 0004 7 1671002966589566 -24.375 -60.0 2.1353012567368124 16 
0008 0015 7 1671002966594221 68.3125 -63.5 1.564660403643354 16 
0008 0005 7 1671002966602122 -10.5625 -68.5 0.7179030087304801 16 
0008 0014 7 1671002966603638 -68.3125 -64.0 5.4671075280244255 16 
0008 0001 7 1671002966604913 38.1875 -67.0 2.890019804376548 16 
0008 0007 7 1671002966605851 -6.5 -68.5 3.423845118560751 16 
0008 0014 8 1671002966639714 58.5625 -64.5 2.8532042654672924 16 
0008 0006 8 1671002966643650 -59.375 -62.0 4.405592822807561 16 
0008 0004 8 1671002966648250 21.125 -60.5 0.25770877236478773 16 
0008 0005 8 1671002966649198 9.75 -67.0 5.853670686571607 16 
0008 0002 8 1671002966650707 166.0 -67.0 1.748738098189631 16 
0008 0015 8 1671002966656178 -94.375 -70.0 3.497476196379262 16 
0008 0007 8 1671002966657443 -26.0 -67.0 0.1043106935762236 16 
0008 0007 1 1671002966886327 -26.0 -66.0 0.6872233929727672 16 
0008 0005 1 1671002966890203 3.25 -57.0 0.1349903093339364 16 
0008 0004 1 1671002966892133 52.0625 -67.0 2.9206994201342606 16 
0008 0006 1 1671002966895130 79.75 -71.5 2.0371264863121317 16 
0008 0015 1 1671002966896254 42.3125 -69.0 1.086058397823034 16 
0008 0005 2 1671002966922961 0.0 -63.0 0.35588354278946877 16 
0008 0015 2 1671002966924626 6.5 -57.0 0.8897088569736719 16 
0008 0006 2 1671002966931241 -128.5625 -70.5 5.013049214810275 16 
0008 0006 4 1671002966997728 48.8125 -71.0 4.264466590322082 16 
0008 0006 5 1671002967030082 13.8125 -69.0 3.3379421944391554 16 
0008 0004 5 1671002967033272 -55.3125 -68.0 1.012427320004523 16 
0008 0006 6 1671002967062912 30.875 -65.0 4.890330751779424 16 
0008 0007 7 1671002967098833 -61.8125 -67.0 3.429981041712294 16 
0008 0014 7 1671002967100912 7.3125 -64.0 5.344389064993574 16 
0008 0006 7 1671002967101817 48.8125 -65.5 0.9633399347921826 16 
0008 0015 7 1671002967105309 81.375 -63.0 1.5585244804918115 16 
0008 0004 7 1671002967110256 48.8125 -60.5 2.0493983326152168 16 
0008 0001 7 1671002967113630 21.125 -68.0 2.779573187648782 16 
0008 0005 7 1671002967114594 117.9375 -70.0 0.5767767762450011 16 
0008 0015 8 1671002967148802 -185.5 -70.0 3.785864584501762 16 
0008 0007 8 1671002967151353 -16.25 -66.5 0.06135923151542565 16 
0008 0006 8 1671002967152541 -42.3125 -62.5 4.368777283898306 16 
0008 0002 8 1671002967154726 -6.5 -67.0 2.000310947402876 16 
0008 0004 8 1671002967159902 -24.375 -60.5 0.380427235395639 16 
0008 0005 8 1671002967162763 -100.875 -67.0 6.092971689481767 16 
0008 0014 8 1671002967163695 13.8125 -64.0 2.9329712664373457 16 
0008 0015 1 1671002967388319 -58.5625 -68.0 1.239456476611598 16 
0008 0005 1 1671002967392842 0.0 -57.5 0.1227184630308513 16 
0008 0006 1 1671002967395929 -79.75 -72.0 1.8530487917658545 16 
0008 0004 1 1671002967399287 -24.375 -67.0 3.043417883165112 16 
0008 0007 1 1671002967407435 35.75 -65.0 0.6258641614573416 16 
0008 0015 2 1671002967442142 13.0 -57.5 0.8835729338221293 16 
0008 0005 2 1671002967448845 -34.9375 -63.5 0.4908738521234052 16 
0008 0006 4 1671002967532532 -97.625 -72.0 4.28287435977671 16 
0008 0004 5 1671002967569940 73.1875 -68.0 0.8099418560036186 16 
0008 0006 5 1671002967574189 104.125 -69.5 3.2459033471660166 16 
0008 0006 6 1671002967604466 -24.375 -64.0 4.9394181369917645 16 
0008 0007 7 1671002967628024 91.125 -67.5 3.2520392703175593 16 
0008 0004 7 1671002967629436 -21.125 -60.5 2.110757564130642 16 
0008 0006 7 1671002967634197 38.1875 -65.0 0.9510680884890975 16 
0008 0014 7 1671002967638022 -16.25 -64.0 5.399612373357457 16 
0008 0015 7 1671002967638989 -13.0 -63.0 1.6935147898257479 16 
0008 0001 7 1671002967642586 -38.1875 -68.5 2.9636508821950587 16 
0008 0005 7 1671002967645753 -163.5625 -67.5 0.8283496254582462 16 
0008 0006 8 1671002967667938 -34.9375 -62.0 4.405592822807561 16 
0008 0005 8 1671002967668859 -62.625 -66.5 6.062292073724054 16 
0008 0015 8 1671002967672770 -9.75 -70.5 3.32567034813607 16 
0008 0007 8 1671002967677349 -13.0 -66.5 0.1595340019401067 16 
0008 0004 8 1671002967678824 -29.25 -60.5 0.42337869745643697 16 
0008 0014 8 1671002967680695 26.0 -64.0 2.890019804376548 16 
0008 0002 8 1671002967682997 19.5 -66.5 1.9266798695843652 16 
0008 0004 1 1671002967907784 29.25 -67.0 2.9268353432858034 16 
0008 0015 1 1671002967911459 16.25 -68.5 1.239456476611598 16 
0008 0005 1 1671002967915780 13.8125 -57.5 0.11658253987930872 16 
0008 0006 1 1671002967925640 69.125 -71.5 1.8100973297050567 16 
0008 0007 1 1671002967926846 26.0 -66.0 0.6135923151542565 16 
0008 0005 2 1671002967961568 58.5625 -63.5 0.34974761963792617 16 
0008 0015 2 1671002967967098 3.25 -57.5 0.9142525495798421 16 
0008 0006 2 1671002967972064 -45.5625 -70.5 4.8351074434155406 16 
0008 0006 4 1671002968049971 -93.5625 -72.0 4.338097668140593 16 
0008 0006 5 1671002968079938 48.8125 -68.0 3.3318062712876126 16 
0008 0004 5 1671002968086809 69.125 -68.5 0.380427235395639 16 
0008 0006 6 1671002968109316 -21.125 -65.0 4.963961829597935 16 
0008 0005 7 1671002968147719 173.3125 -69.0 0.5645049299419159 16 
0008 0004 7 1671002968153073 76.4375 -60.5 2.000310947402876 16 
0008 0006 7 1671002968155263 30.875 -65.0 0.9265243958829272 16 
0008 0015 7 1671002968156245 26.0 -64.0 1.552388557340269 16 
0008 0007 7 1671002968159693 -107.375 -67.5 3.5711072741977725 16 
0008 0001 7 1671002968160889 6.5 -67.5 2.9697868053466014 16 
0008 0014 7 1671002968161895 13.0 -63.5 5.3627968344482015 16 
