0005 0004 1 1671011832700857 48.8125 -63.5 1.8775924843720249 11 
0005 0005 1 1671011832702088 32.5 -63.0 0.380427235395639 11 
0005 0006 1 1671011832706723 -22.75 -67.5 2.184388641949153 11 
0005 0011 1 1671011832711426 55.3125 -68.5 0.14112623248547898 11 
0005 0014 1 1671011832716253 -61.8125 -68.0 3.767456815047135 11 
0005 0015 1 1671011832717715 -13.0 -63.0 0.11044661672776616 11 
0005 0015 2 1671011832747555 -6.5 -61.5 2.552544031041707 11 
0005 0006 2 1671011832751659 39.0 -63.0 3.9085830475326135 11 
0005 0005 2 1671011832755748 22.75 -60.0 3.2827188860752723 11 
0005 0013 2 1671011832757648 6.5 -64.0 4.387185053352934 11 
0005 0004 2 1671011832761412 -74.8125 -70.5 4.95168998329485 11 
0005 0007 2 1671011832765326 -397.125 -71.0 6.2463697682703305 11 
0005 0011 2 1671011832767212 -45.5625 -63.5 4.516039439535327 11 
0005 0006 3 1671011832796267 78.0625 -59.5 2.564815877344792 11 
0005 0015 3 1671011832802859 19.5 -62.0 3.0925052683774528 11 
0005 0014 3 1671011832804094 -58.5625 -63.5 1.1658253987930873 11 
0005 0004 3 1671011832807536 3.25 -53.5 3.6201946594101133 11 
0005 0010 3 1671011832809155 -97.625 -67.5 0.521553467881118 11 
0005 0015 4 1671011832845120 -22.75 -60.0 0.6320000846088841 11 
0005 0010 4 1671011832846116 -97.625 -70.5 2.718213956133356 11 
0005 0006 4 1671011832848504 13.0 -57.0 0.521553467881118 11 
0005 0004 4 1671011832849745 0.0 -57.5 2.859340188618835 11 
0005 0005 5 1671011832887410 -32.5 -63.5 3.54042765844006 11 
0005 0015 5 1671011832888869 0.0 -60.0 1.8162332528565992 11 
0005 0014 5 1671011832890547 -52.0625 -63.0 0.9142525495798421 11 
0005 0010 5 1671011832892861 26.0 -64.0 0.4172427743048944 11 
0005 0011 5 1671011832895961 0.0 -62.0 2.073942025221387 11 
0005 0004 5 1671011832898681 -6.5 -57.0 3.822680123411018 11 
0005 0006 5 1671011832901587 19.5 -61.0 1.2333205534600555 11 
0005 0007 5 1671011832902538 3.25 -63.5 5.546874528994478 11 
0005 0007 6 1671011832927122 -71.5625 -71.0 3.6386024288647407 11 
0005 0004 6 1671011832931075 52.0625 -62.5 6.007068765360171 11 
0005 0006 6 1671011832931978 29.25 -56.0 5.792311455056181 11 
0005 0012 6 1671011832933862 48.8125 -64.0 1.6014759425526093 11 
0005 0014 6 1671011832934839 94.375 -66.5 0.7424467013366504 11 
0005 0015 6 1671011832935733 -16.25 -68.0 4.8351074434155406 11 
0005 0005 6 1671011832936709 58.5625 -64.5 2.6568547246179306 11 
0005 0008 6 1671011832937686 -13.0 -67.5 0.17794177139473438 11 
0005 0010 6 1671011832939234 13.0 -70.0 0.6994952392758523 11 
0005 0009 7 1671011832966732 188.75 -70.0 4.73693267299086 11 
0005 0004 7 1671011832967864 -19.5 -67.5 2.3439226438892597 11 
0005 0005 7 1671011832970796 3.25 -62.0 0.7117670855789375 11 
0005 0011 7 1671011832971720 13.0 -63.0 3.000466421104314 11 
0005 0006 7 1671011832974125 42.3125 -62.5 2.497320722677824 11 
0005 0014 7 1671011832979060 149.6875 -68.0 5.325981295538946 11 
0005 0012 7 1671011832983350 -152.9375 -69.0 3.0066023442558567 11 
0005 0005 8 1671011833007055 52.0625 -64.5 2.2027964114037806 11 
0005 0015 8 1671011833007962 -13.0 -53.0 4.693981210930062 11 
0005 0008 8 1671011833010047 26.0 -67.0 2.791845033951867 11 
0005 0004 8 1671011833011177 27.625 -60.5 1.2087768608538851 11 
0005 0007 8 1671011833015014 9.75 -62.5 1.9941750242513334 11 
0005 0006 8 1671011833016263 -45.5625 -67.0 3.153864499892878 11 
0005 0012 8 1671011833017410 13.0 -65.5 1.5033011721279284 11 
0005 0014 8 1671011833019577 42.3125 -67.0 1.8714565612204823 11 
0005 0015 1 1671011833237903 -32.5 -58.0 2.6445828783148455 11 
0005 0005 1 1671011833241754 -16.25 -57.5 0.2945243112740431 11 
0005 0012 1 1671011833244178 -152.9375 -71.5 6.17273869045182 11 
0005 0007 1 1671011833245452 19.5 -65.0 6.062292073724054 11 
0005 0004 1 1671011833257528 -68.3125 -69.0 4.319689898685965 11 
0005 0011 1 1671011833258764 -126.9375 -68.5 5.258486140871978 11 
0005 0013 2 1671011833296177 61.8125 -64.5 2.804116880254952 11 
0005 0015 2 1671011833298303 -87.875 -66.0 1.055378782065321 11 
0005 0011 2 1671011833302646 74.8125 -63.5 2.2150682577068657 11 
0005 0005 2 1671011833305431 19.5 -64.0 6.160466844148735 11 
0005 0007 2 1671011833312714 52.0625 -65.0 1.736466251886546 11 
0005 0004 3 1671011833348070 58.5625 -61.0 1.8960002538266525 11 
0005 0010 3 1671011833355387 -9.75 -60.5 0.521553467881118 11 
0005 0006 3 1671011833357466 19.5 -59.5 3.018874190558942 11 
0005 0014 3 1671011833358404 -55.3125 -63.5 1.7671458676442586 11 
0005 0015 3 1671011833359340 -61.8125 -63.0 3.6140587362585705 11 
0005 0013 3 1671011833364735 -218.0625 -71.5 4.620350133111551 11 
0005 0007 3 1671011833369006 130.1875 -69.0 2.030990563160589 11 
0005 0014 4 1671011833416216 13.0 -66.0 4.190835512503572 11 
0005 0004 4 1671011833417869 -22.75 -60.5 5.197126909356553 11 
0005 0006 4 1671011833418770 0.0 -56.0 1.7732817907958012 11 
0005 0013 4 1671011833420634 -32.5 -64.5 3.6386024288647407 11 
0005 0015 4 1671011833430756 26.0 -64.0 2.0923497946760143 11 
0005 0010 4 1671011833433947 87.875 -71.5 2.356194490192345 11 
0005 0004 5 1671011833477004 -6.5 -62.0 4.743068596142402 11 
0005 0011 5 1671011833478281 6.5 -65.5 0.944932165337555 11 
0005 0010 5 1671011833479756 -6.5 -59.0 6.062292073724054 11 
0005 0006 5 1671011833484819 -19.5 -56.0 0.23316507975861744 11 
0005 0015 5 1671011833485758 32.5 -65.5 0.3620194659410113 11 
0005 0013 5 1671011833486694 32.5 -61.0 6.14819499784565 11 
0005 0014 5 1671011833488079 39.0 -62.5 5.970253226450915 11 
0005 0000 5 1671011833490637 -35.75 -72.0 5.534602682691394 11 
0005 0008 5 1671011833492960 -3.25 -70.0 6.1420590746941075 11 
0005 0009 5 1671011833497061 -91.125 -71.0 1.0615147052168636 11 
0005 0006 6 1671011833515957 9.75 -65.5 5.8659425328746915 11 
0005 0014 6 1671011833519234 -6.5 -65.5 0.4356505437595221 11 
0005 0008 6 1671011833521400 -16.25 -64.0 0.5522330836388308 11 
0005 0007 6 1671011833522579 -22.75 -64.5 2.2027964114037806 11 
0005 0015 6 1671011833528768 -16.25 -67.5 4.196971435655114 11 
0005 0005 6 1671011833529688 -3.25 -65.5 0.7731263170943632 11 
0005 0004 6 1671011833531156 -9.75 -58.5 3.724505352986337 11 
0005 0010 6 1671011833534163 -26.0 -64.0 1.607611865704152 11 
0005 0004 7 1671011833557662 -126.9375 -66.0 4.933282213840222 11 
0005 0007 7 1671011833559147 39.0 -68.0 1.5033011721279284 11 
0005 0011 7 1671011833560337 -13.0 -59.5 4.651029748869264 11 
0005 0010 7 1671011833563758 -100.875 -67.5 5.743224069843841 11 
0005 0014 7 1671011833566547 39.0 -67.0 5.589825991055276 11 
0005 0006 7 1671011833568413 42.3125 -67.5 1.1596894756415448 11 
0005 0013 7 1671011833573280 42.3125 -65.0 1.2210487071569704 11 
0005 0000 7 1671011833578168 29.25 -69.5 4.945554060143307 11 
0005 0005 8 1671011833606156 -26.0 -62.5 3.5158839658338894 11 
0005 0007 8 1671011833608198 9.75 -61.0 0.0859029241215959 11 
0005 0014 8 1671011833609147 -6.5 -57.5 4.675573441475434 11 
0005 0015 8 1671011833610384 19.5 -61.0 3.313398501832985 11 
0005 0004 8 1671011833613673 34.9375 -69.0 0.3436116964863836 11 
0005 0013 8 1671011833617245 -9.75 -65.5 2.6384469551633027 11 
0005 0008 8 1671011833618821 -61.8125 -66.5 4.601942363656923 11 
0005 0010 8 1671011833620000 39.0 -69.5 5.086680292628786 11 
0005 0005 1 1671011833840280 22.75 -66.0 0.01227184630308513 11 
0005 0015 1 1671011833842877 -100.875 -64.5 5.344389064993574 11 
0005 0013 2 1671011833878349 -35.75 -65.5 4.700117134081604 11 
0005 0015 2 1671011833880462 35.75 -62.5 1.7119225592803755 11 
0005 0005 2 1671011833883321 -52.0625 -63.5 4.000621894805752 11 
0005 0004 3 1671011833926199 26.0 -56.5 2.9206994201342606 11 
0005 0015 3 1671011833927166 -74.8125 -62.5 2.5157284921324514 11 
0005 0010 3 1671011833928345 -104.125 -65.0 1.859184714917397 11 
0005 0014 3 1671011833930767 48.8125 -66.5 3.80427235395639 11 
0005 0006 3 1671011833934930 -9.75 -59.0 5.8045833013592665 11 
0005 0004 4 1671011833983749 16.25 -62.5 1.1290098598838318 11 
0005 0007 4 1671011833985381 39.0 -67.0 1.2578642460662257 11 
0005 0015 4 1671011833988935 9.75 -66.5 0.9572040116406401 11 
0005 0006 4 1671011833991280 -3.25 -60.0 3.9515345095934116 11 
0005 0014 4 1671011833992344 -45.5625 -70.5 5.3627968344482015 11 
0005 0010 4 1671011834000764 -152.9375 -70.5 4.945554060143307 11 
0005 0009 5 1671011834026698 -48.8125 -69.0 2.227340104009951 11 
0005 0014 5 1671011834028286 39.0 -63.5 1.4910293258248433 11 
0005 0010 5 1671011834031881 -61.8125 -66.5 6.000932842208628 11 
0005 0006 5 1671011834034557 48.8125 -62.0 3.399301425954581 11 
0005 0004 5 1671011834035502 9.75 -58.0 5.037592907416445 11 
0005 0015 5 1671011834039980 9.75 -66.5 6.215690152512618 11 
0005 0005 5 1671011834042528 -143.1875 -67.5 5.516194913236766 11 
0005 0011 5 1671011834043521 -55.3125 -70.0 3.3072625786814425 11 
0005 0012 6 1671011834066707 3.25 -61.0 3.380893656499953 11 
0005 0004 6 1671011834067909 30.875 -61.0 6.111379458936394 11 
0005 0015 6 1671011834071789 13.0 -63.0 0.42337869745643697 11 
0005 0006 6 1671011834075115 -13.0 -58.0 0.3988350048502667 11 
0005 0008 6 1671011834078311 19.5 -65.5 0.8467573949128739 11 
0005 0014 6 1671011834081217 -48.8125 -69.0 3.368621810196868 11 
0005 0014 7 1671011834108751 -247.375 -68.5 5.178719139901925 11 
0005 0011 7 1671011834110467 35.75 -61.0 2.1905245651006955 11 
0005 0006 7 1671011834112829 48.8125 -69.0 5.915029918087033 11 
0005 0012 7 1671011834117824 -3.25 -66.0 2.0371264863121317 11 
0005 0005 7 1671011834120205 -9.75 -61.0 3.11091303783208 11 
0005 0009 7 1671011834129952 -94.375 -73.0 3.9453985864418692 11 
0005 0000 8 1671011834158493 263.625 -75.0 0.35588354278946877 11 
0005 0007 8 1671011834159441 -68.3125 -65.5 0.006135923151542565 11 
0005 0004 8 1671011834160389 27.625 -61.0 1.3499030933393643 11 
0005 0015 8 1671011834161367 22.75 -53.0 3.693825737228624 11 
0005 0008 8 1671011834162873 19.5 -68.0 3.06182565261974 11 
0005 0014 8 1671011834164841 3.25 -58.5 1.368310862793992 11 
0005 0012 8 1671011834170139 6.5 -66.0 1.8530487917658545 11 
0005 0011 1 1671011834387395 -65.0625 -68.0 4.552854978444583 11 
0005 0007 1 1671011834392493 81.375 -67.0 1.6873788666742053 11 
0005 0005 1 1671011834393396 9.75 -55.5 5.915029918087033 11 
0005 0015 1 1671011834395992 6.5 -64.5 5.810719224510809 11 
0005 0004 1 1671011834400211 87.0625 -72.0 1.5033011721279284 11 
0005 0005 2 1671011834438760 -205.0625 -65.0 5.6573211457222445 11 
0005 0007 2 1671011834448426 -84.625 -66.0 2.5832236467994196 11 
0005 0011 2 1671011834455071 -39.0 -68.0 4.417864669110647 11 
0005 0015 2 1671011834458208 19.5 -64.0 0.2638446955163303 11 
0005 0013 3 1671011834487851 -45.5625 -64.5 1.5155730184310134 11 
0005 0014 3 1671011834490676 123.6875 -66.5 2.184388641949153 11 
0005 0015 3 1671011834495151 -22.75 -60.5 5.258486140871978 11 
0005 0010 3 1671011834496173 6.5 -61.0 0.34974761963792617 11 
0005 0004 3 1671011834497627 -3.25 -55.0 4.154019973594316 11 
0005 0006 3 1671011834498930 13.0 -60.0 6.000932842208628 11 
0005 0015 4 1671011834548580 68.3125 -63.0 3.11091303783208 11 
0005 0010 4 1671011834555700 22.75 -63.5 3.129320807286708 11 
0005 0004 4 1671011834558747 58.5625 -61.0 1.325359400733194 11 
0005 0006 4 1671011834562013 16.25 -54.5 4.620350133111551 11 
0005 0013 4 1671011834563828 -22.75 -71.5 4.957825906446392 11 
0005 0006 5 1671011834594761 16.25 -54.0 0.6442719309119693 11 
0005 0015 5 1671011834595700 -35.75 -64.5 6.234097921967246 11 
0005 0014 5 1671011834597497 -19.5 -61.0 5.252350217720435 11 
0005 0013 5 1671011834598633 -35.75 -59.5 5.442563835418255 11 
0005 0010 5 1671011834599851 -3.25 -60.5 0.30066023442558565 11 
0005 0011 5 1671011834608858 -19.5 -68.0 0.47860200582032003 11 
0005 0004 5 1671011834610059 6.5 -61.5 3.7551849687440497 11 
0005 0014 6 1671011834646337 -13.0 -61.5 0.09203884727313846 11 
0005 0000 6 1671011834648971 100.875 -73.0 0.23930100291016002 11 
0005 0004 6 1671011834651365 -13.8125 -57.0 3.356349963893783 11 
0005 0006 6 1671011834658887 -52.0625 -68.5 5.387340527054372 11 
0005 0015 6 1671011834659809 -68.3125 -69.5 4.693981210930062 11 
0005 0007 6 1671011834661145 78.0625 -66.5 3.141592653589793 11 
0005 0010 6 1671011834664872 52.0625 -63.5 1.9634954084936207 11 
0005 0005 6 1671011834665790 -22.75 -67.0 0.3190680038802134 11 
0005 0008 6 1671011834667690 35.75 -69.5 6.031612457966341 11 
0005 0007 7 1671011834696524 -113.875 -68.0 2.890019804376548 11 
0005 0011 7 1671011834701688 -3.25 -61.0 3.902447124381071 11 
0005 0013 7 1671011834708630 3.25 -63.5 0.06135923151542565 11 
0005 0006 7 1671011834713772 58.5625 -68.5 0.1718058482431918 11 
0005 0014 7 1671011834714732 0.0 -66.5 5.516194913236766 11 
0005 0010 7 1671011834715689 81.375 -67.0 5.927301764390117 11 
0005 0004 7 1671011834720199 -39.0 -67.0 3.0495538063166547 11 
0005 0007 8 1671011834757272 -19.5 -70.5 2.9268353432858034 11 
0005 0011 8 1671011834762336 26.0 -68.5 4.663301595172349 11 
0005 0015 8 1671011834765218 35.75 -60.0 1.7916895602504288 11 
0005 0008 8 1671011834767356 48.8125 -70.0 3.8410878928656453 11 
0005 0005 8 1671011834768332 -26.0 -59.5 3.368621810196868 11 
0005 0013 8 1671011834769950 39.0 -62.5 1.043106935762236 11 
0005 0014 8 1671011834771523 -35.75 -59.0 4.466952054322987 11 
0005 0005 1 1671011834995861 9.75 -59.0 4.09266074207889 11 
0005 0011 1 1671011834999417 3.25 -65.5 4.994641445355648 11 
0005 0004 1 1671011835009214 13.0 -65.0 0.5092816215780329 11 
0005 0015 1 1671011835012931 -35.75 -62.0 5.626641529964532 11 
0005 0005 2 1671011835046643 3.25 -64.0 4.086524818927348 11 
0005 0007 2 1671011835060481 19.5 -69.5 2.466641106920111 11 
0005 0011 2 1671011835063777 117.125 -69.5 3.2459033471660166 11 
0005 0010 3 1671011835091294 81.375 -66.5 0.1043106935762236 11 
0005 0006 3 1671011835094478 87.875 -62.5 0.35588354278946877 11 
0005 0004 3 1671011835095663 -22.75 -58.5 4.896466674930966 11 
0005 0015 3 1671011835096701 -35.75 -63.5 2.736621725587984 11 
0005 0014 3 1671011835097695 81.375 -65.0 3.356349963893783 11 
0005 0007 4 1671011835140242 58.5625 -70.5 6.117515382087937 11 
0005 0006 4 1671011835151043 16.25 -59.5 1.0062913968529805 11 
0005 0004 4 1671011835152232 29.25 -59.0 0.21475731030398976 11 
0005 0010 4 1671011835154173 -87.875 -69.5 4.804427827657828 11 
0005 0015 4 1671011835156171 -9.75 -64.5 4.509903516383785 11 
0005 0014 4 1671011835157589 -13.0 -64.0 5.092816215780329 11 
0005 0013 5 1671011835188811 97.625 -62.5 1.662835174068035 11 
0005 0014 5 1671011835189745 -39.0 -60.5 2.0800779483729293 11 
0005 0004 5 1671011835193688 -21.125 -61.0 3.3502140407422405 11 
0005 0009 5 1671011835194630 117.125 -66.5 2.521864415283994 11 
0005 0010 5 1671011835195581 29.25 -59.0 1.3008157081270237 11 
0005 0005 5 1671011835197672 3.25 -68.5 5.148039524144211 11 
0005 0015 5 1671011835198653 13.0 -59.5 1.3314953238847365 11 
0005 0011 5 1671011835202511 9.75 -67.0 3.988350048502667 11 
0005 0012 6 1671011835226114 -9.75 -59.5 0.20248546400090464 11 
0005 0015 6 1671011835230705 9.75 -63.0 1.3621749396424494 11 
0005 0006 6 1671011835231638 9.75 -55.5 0.6688156235181395 11 
0005 0013 6 1671011835233770 65.0625 -67.0 4.651029748869264 11 
0005 0014 6 1671011835237592 -22.75 -64.0 5.313709449235861 11 
0005 0008 6 1671011835239394 -45.5625 -74.5 6.062292073724054 11 
0005 0004 6 1671011835240982 135.0625 -71.0 4.0987966652304335 11 
0005 0005 7 1671011835265961 6.5 -60.0 3.1784081924990484 11 
0005 0007 7 1671011835269364 3.25 -68.5 5.608233760509904 11 
0005 0014 7 1671011835271503 -32.5 -64.5 5.706408530934585 11 
0005 0006 7 1671011835275407 -126.9375 -69.5 5.123495831538041 11 
0005 0012 7 1671011835276384 -91.125 -62.5 1.3867186322486196 11 
0005 0011 7 1671011835277336 65.0625 -64.5 1.4664856332186729 11 
0005 0013 7 1671011835282576 -22.75 -71.0 3.693825737228624 11 
0005 0009 7 1671011835293412 71.5625 -69.5 3.5956509668039427 11 
0005 0015 8 1671011835319054 6.5 -55.0 3.098641191528995 11 
0005 0014 8 1671011835319989 13.0 -58.5 1.423534171157875 11 
0005 0006 8 1671011835320935 6.5 -63.0 2.509592568980909 11 
0005 0007 8 1671011835322158 100.875 -67.5 2.030990563160589 11 
0005 0008 8 1671011835326837 -16.25 -72.5 1.8039614065535141 11 
0005 0012 8 1671011835327871 -9.75 -64.0 1.2640001692177683 11 
0005 0004 8 1671011835329955 27.625 -66.5 0.6381360077604268 11 
0005 0000 8 1671011835335311 146.4375 -76.0 5.448699758569798 11 
0005 0005 1 1671011835547598 -34.9375 -55.5 5.712544454086128 11 
0005 0015 1 1671011835549015 22.75 -64.5 5.8475347634200645 11 
0005 0006 1 1671011835550500 -55.3125 -69.5 1.1658253987930873 11 
0005 0007 1 1671011835551874 -13.0 -66.5 0.9081166264282996 11 
0005 0005 2 1671011835585954 -113.875 -61.5 4.71238898038469 11 
0005 0015 2 1671011835587614 84.625 -65.0 0.521553467881118 11 
0005 0011 2 1671011835592143 -16.25 -68.0 5.117359908386499 11 
0005 0004 3 1671011835628062 17.0625 -61.0 5.8659425328746915 11 
0005 0013 3 1671011835630771 -74.8125 -62.5 2.1475731030398975 11 
0005 0014 3 1671011835633131 166.0 -68.0 1.8775924843720249 11 
0005 0006 3 1671011835635538 58.5625 -61.5 2.172116795646068 11 
0005 0015 3 1671011835641925 -19.5 -54.0 4.988505522204105 11 
0005 0015 4 1671011835677539 42.3125 -60.0 3.5711072741977725 11 
0005 0011 4 1671011835678700 -6.5 -71.0 0.4970097752749477 11 
0005 0006 4 1671011835680159 16.25 -56.5 6.105243535784852 11 
0005 0010 4 1671011835681127 74.8125 -65.5 2.0923497946760143 11 
0005 0005 4 1671011835682332 -74.8125 -70.0 2.6016314162540475 11 
0005 0013 4 1671011835693932 3.25 -67.0 0.030679615757712823 11 
0005 0004 4 1671011835699195 17.0625 -59.0 1.7671458676442586 11 
0005 0006 5 1671011835735921 19.5 -58.0 1.2701360923693108 11 
0005 0014 5 1671011835740147 -45.5625 -62.0 0.28838838812250056 11 
0005 0004 5 1671011835744235 0.0 -53.5 0.5706408530934585 11 
0005 0015 5 1671011835747357 78.0625 -63.0 0.2945243112740431 11 
0005 0011 5 1671011835748252 162.75 -66.0 0.4295146206079795 11 
0005 0009 5 1671011835751954 201.8125 -70.0 1.3192234775816514 11 
0005 0013 5 1671011835753769 42.3125 -61.5 0.48473792897186263 11 
0005 0010 5 1671011835754959 -13.0 -60.0 0.5154175447295755 11 
0005 0008 5 1671011835756152 -120.4375 -69.0 5.105088062083414 11 
0005 0007 5 1671011835757100 -39.0 -68.5 0.5522330836388308 11 
0005 0000 5 1671011835761192 -16.25 -72.5 5.080544369477243 11 
0005 0006 6 1671011835785990 -9.75 -68.0 1.0799224746714913 11 
0005 0014 6 1671011835789898 -3.25 -60.0 0.7240389318820226 11 
0005 0008 6 1671011835790835 42.3125 -66.0 0.11658253987930872 11 
0005 0004 6 1671011835796692 -7.3125 -63.5 1.859184714917397 11 
0005 0015 6 1671011835798268 -19.5 -67.5 4.387185053352934 11 
0005 0005 6 1671011835800082 6.5 -68.0 5.240078371417351 11 
0005 0010 6 1671011835800992 -19.5 -66.5 2.767301341345697 11 
0005 0007 6 1671011835802893 -81.375 -70.0 2.405281875404685 11 
0005 0013 7 1671011835838974 -100.875 -64.5 5.945709533844745 11 
0005 0006 7 1671011835841098 -130.1875 -67.0 4.473087977474529 11 
0005 0011 7 1671011835843997 -19.5 -63.0 3.5036121195308043 11 
0005 0004 7 1671011835846914 -39.0 -63.5 1.3621749396424494 11 
0005 0007 7 1671011835850092 -192.0 -67.5 2.429825568010856 11 
0005 0014 7 1671011835851894 -166.0 -66.0 5.295301679781233 11 
0005 0010 7 1671011835855984 -139.9375 -68.0 5.700272607783043 11 
0005 0005 8 1671011835898184 -13.0 -60.0 3.0495538063166547 11 
0005 0015 8 1671011835899418 32.5 -60.0 1.1167380135807468 11 
0005 0013 8 1671011835900380 -3.25 -59.0 0.8835729338221293 11 
0005 0008 8 1671011835902759 -13.0 -66.0 3.8533597391687304 11 
0005 0014 8 1671011835906819 -19.5 -62.0 4.006757817957295 11 
0005 0007 8 1671011835908802 -71.5625 -73.0 3.2888548092268146 11 
0005 0005 1 1671011836126330 -42.3125 -58.0 5.2339424482658075 11 
0005 0007 1 1671011836130337 -65.0625 -71.0 1.9880391010997909 11 
0005 0013 1 1671011836135828 -6.5 -65.5 0.9387962421860124 11 
0005 0015 1 1671011836137560 -9.75 -63.0 5.295301679781233 11 
0005 0011 1 1671011836138753 35.75 -64.0 6.258641614573416 11 
0005 0005 2 1671011836172192 -221.3125 -67.5 3.9822141253511245 11 
0005 0004 3 1671011836208172 -16.25 -55.0 4.368777283898306 11 
0005 0007 3 1671011836212899 39.0 -67.5 2.6691265709210157 11 
0005 0015 3 1671011836215038 -13.0 -64.5 3.6447383520162835 11 
0005 0005 3 1671011836218714 -55.3125 -67.5 0.9878836273983529 11 
0005 0006 3 1671011836219646 16.25 -64.0 0.018407769454627694 11 
0005 0014 3 1671011836220554 -149.6875 -64.0 3.454524734318464 11 
0005 0010 3 1671011836225879 -48.8125 -66.0 2.067806102069844 11 
0005 0004 4 1671011836257153 6.5 -59.5 0.030679615757712823 11 
0005 0010 4 1671011836260058 -81.375 -66.5 4.816699673960914 11 
0005 0006 4 1671011836261994 3.25 -58.0 0.8835729338221293 11 
0005 0015 4 1671011836274035 -6.5 -65.5 5.190990986205009 11 
0005 0010 5 1671011836305914 3.25 -60.5 1.576932249946439 11 
0005 0015 5 1671011836307890 39.0 -60.5 1.8653206380689396 11 
0005 0013 5 1671011836310793 81.375 -64.0 2.1598449493429825 11 
0005 0011 5 1671011836316715 29.25 -65.0 5.141903600992669 11 
0005 0009 5 1671011836318631 139.9375 -65.5 3.7551849687440497 11 
0005 0014 5 1671011836321660 26.0 -57.5 2.779573187648782 11 
0005 0012 5 1671011836324437 94.375 -66.5 0.6688156235181395 11 
0005 0004 5 1671011836325527 -35.75 -61.5 4.792155981354743 11 
0005 0006 6 1671011836358988 29.25 -55.0 1.4480778637640452 11 
0005 0013 6 1671011836359935 0.0 -68.5 5.559146375297564 11 
0005 0004 6 1671011836360930 30.875 -68.5 3.9392626632903265 11 
0005 0008 6 1671011836362813 32.5 -69.5 1.5953400194010667 11 
0005 0011 6 1671011836364754 -22.75 -68.0 5.2339424482658075 11 
0005 0012 6 1671011836367500 -29.25 -60.0 0.619728238305799 11 
0005 0015 6 1671011836369844 97.625 -65.0 1.9205439464328227 11 
0005 0014 6 1671011836372362 -16.25 -63.5 5.878214379177777 11 
0005 0011 7 1671011836396301 133.4375 -68.5 1.7426021750380885 11 
0005 0012 7 1671011836397503 -29.25 -61.5 1.7303303287350031 11 
0005 0009 7 1671011836400664 71.5625 -66.0 4.6448938257177215 11 
0005 0010 7 1671011836402954 -84.625 -70.0 0.7669903939428205 11 
0005 0005 7 1671011836406247 6.5 -62.5 1.3560390164909069 11 
0005 0014 7 1671011836415265 32.5 -63.5 5.822991070813893 11 
0005 0000 8 1671011836446663 35.75 -75.5 6.22182607566416 11 
0005 0009 8 1671011836448818 -26.0 -69.0 5.957981380147831 11 
0005 0004 8 1671011836449807 24.375 -62.0 2.2334760271614935 11 
0005 0006 8 1671011836451536 29.25 -66.5 3.0802334220743677 11 
0005 0015 8 1671011836453717 -6.5 -55.5 2.834796496012665 11 
0005 0012 8 1671011836459531 48.8125 -68.0 2.227340104009951 11 
0005 0007 8 1671011836461796 -22.75 -70.0 4.608078286808466 11 
0005 0014 8 1671011836464236 26.0 -59.0 1.282407938672396 11 
0005 0008 8 1671011836466382 -65.0625 -70.0 2.6200391857086753 11 
0005 0015 1 1671011836682723 29.25 -62.5 4.945554060143307 11 
0005 0010 1 1671011836683646 -94.375 -70.5 5.013049214810275 11 
0005 0005 1 1671011836684603 0.0 -56.0 4.669437518323892 11 
0005 0007 1 1671011836686508 22.75 -62.5 6.215690152512618 11 
0005 0011 1 1671011836688521 -61.8125 -67.5 5.332117218690489 11 
0005 0006 1 1671011836690448 74.8125 -69.0 0.8283496254582462 11 
0005 0007 2 1671011836730299 58.5625 -68.5 3.4177091954092087 11 
0005 0015 2 1671011836735211 16.25 -60.5 1.5155730184310134 11 
0005 0005 2 1671011836739307 182.25 -68.5 2.5893595699509624 11 
0005 0011 2 1671011836740455 94.375 -67.0 4.246058820867455 11 
0005 0014 3 1671011836776193 -175.75 -69.0 2.6139032625571326 11 
0005 0013 3 1671011836779763 -104.125 -67.0 2.0064468705544187 11 
0005 0006 3 1671011836782170 13.0 -60.0 3.736777199289422 11 
0005 0004 3 1671011836783176 -45.5625 -61.0 5.405748296509 11 
0005 0015 3 1671011836789390 -22.75 -55.5 3.5895150436524004 11 
0005 0004 4 1671011836827281 9.75 -60.5 1.2885438618239387 11 
0005 0014 4 1671011836828956 29.25 -64.0 0.006135923151542565 11 
0005 0006 4 1671011836836070 29.25 -61.0 0.6442719309119693 11 
0005 0015 4 1671011836837276 19.5 -59.5 2.000310947402876 11 
0005 0013 4 1671011836842074 -35.75 -68.0 3.9208548938356986 11 
0005 0010 4 1671011836845225 6.5 -65.0 1.8346410223112268 11 
0005 0006 5 1671011836877227 19.5 -58.5 1.2578642460662257 11 
0005 0009 5 1671011836879750 -32.5 -68.0 2.270291566070749 11 
0005 0014 5 1671011836880685 -42.3125 -67.5 1.055378782065321 11 
0005 0010 5 1671011836884063 16.25 -59.5 0.7547185476397354 11 
0005 0007 5 1671011836885327 143.1875 -69.0 2.1966604882522383 11 
0005 0004 5 1671011836886310 0.0 -55.0 1.7303303287350031 11 
0005 0015 5 1671011836889052 42.3125 -69.5 1.3867186322486196 11 
0005 0011 5 1671011836891613 65.0625 -65.0 1.8223691760081417 11 
0005 0013 5 1671011836892593 -68.3125 -64.5 1.1351457830353744 11 
0005 0000 5 1671011836896894 58.5625 -71.5 4.95168998329485 11 
0005 0008 6 1671011836918047 130.1875 -71.0 5.9518454569962875 11 
0005 0010 6 1671011836920827 9.75 -67.0 2.9513790358919736 11 
0005 0007 6 1671011836921752 -97.625 -70.5 3.06182565261974 11 
0005 0004 6 1671011836922729 -62.625 -63.5 3.399301425954581 11 
0005 0014 6 1671011836923943 6.5 -59.5 0.5399612373357456 11 
0005 0006 6 1671011836924893 16.25 -69.0 2.184388641949153 11 
0005 0015 6 1671011836933628 22.75 -66.5 4.92714629068868 11 
0005 0011 7 1671011836967199 6.5 -61.0 4.491495746929157 11 
0005 0004 7 1671011836968576 -26.0 -67.0 3.4606606574700063 11 
0005 0013 7 1671011836970361 175.75 -64.0 0.9326603190344698 11 
0005 0006 7 1671011836972846 -48.8125 -68.0 6.154330920997192 11 
0005 0007 7 1671011836986637 -84.625 -68.0 3.4913402732277192 11 
0005 0010 7 1671011836988113 -45.5625 -67.5 6.2034183062095325 11 
0005 0014 7 1671011836989332 -19.5 -66.5 4.28287435977671 11 
0005 0015 8 1671011837026648 42.3125 -61.0 2.2334760271614935 11 
0005 0014 8 1671011837028166 -78.0625 -67.5 3.693825737228624 11 
0005 0005 8 1671011837029095 -9.75 -58.5 4.301282129231338 11 
0005 0004 8 1671011837031223 -29.25 -70.0 0.30066023442558565 11 
0005 0013 8 1671011837035058 -19.5 -57.0 1.5278448647340985 11 
0005 0008 8 1671011837040232 19.5 -73.5 3.055689729468197 11 
0005 0015 1 1671011837258808 -22.75 -61.5 4.970097752749477 11 
0005 0007 1 1671011837264368 78.0625 -62.5 2.1782527187976104 11 
0005 0006 1 1671011837265331 180.625 -71.0 4.25833066717054 11 
0005 0005 1 1671011837268835 -32.5 -56.0 5.006913291658733 11 
0005 0005 2 1671011837295976 -68.3125 -64.0 4.908738521234052 11 
0005 0011 2 1671011837299948 107.375 -69.5 5.700272607783043 11 
0005 0007 2 1671011837304245 94.375 -67.0 4.595806440505381 11 
0005 0010 3 1671011837337164 16.25 -63.5 1.4787574795217582 11 
0005 0005 3 1671011837340544 -3.25 -69.0 1.4848934026733007 11 
0005 0004 3 1671011837349365 22.75 -55.0 4.522175362686871 11 
0005 0015 3 1671011837351114 91.125 -66.5 2.6445828783148455 11 
0005 0007 3 1671011837352064 16.25 -68.0 2.2150682577068657 11 
0005 0006 3 1671011837353496 -175.75 -64.5 5.602097837358362 11 
0005 0014 3 1671011837355652 39.0 -64.0 4.0987966652304335 11 
0005 0015 4 1671011837393276 -3.25 -64.5 4.473087977474529 11 
0005 0004 4 1671011837399179 29.25 -60.0 0.2699806186678728 11 
0005 0006 4 1671011837400948 -9.75 -60.5 1.3989904785517047 11 
0005 0010 4 1671011837404399 182.25 -71.5 4.184699589352029 11 
0005 0014 5 1671011837447182 -3.25 -57.5 2.2764274892222915 11 
0005 0004 5 1671011837450357 -13.0 -60.0 4.166291819897402 11 
0005 0010 5 1671011837452526 -35.75 -61.0 1.7241944055834606 11 
0005 0015 5 1671011837455203 42.3125 -60.5 1.012427320004523 11 
0005 0012 5 1671011837456394 -22.75 -64.5 5.71868037723767 11 
0005 0013 5 1671011837457375 74.8125 -64.0 1.9880391010997909 11 
0005 0009 5 1671011837461434 55.3125 -67.5 3.160000423044421 11 
0005 0005 5 1671011837462978 -48.8125 -69.0 4.957825906446392 11 
0005 0011 5 1671011837464170 -58.5625 -66.0 5.0682725231741586 11 
0005 0010 6 1671011837495903 -6.5 -71.5 3.2090878082567613 11 
0005 0014 6 1671011837497082 -78.0625 -65.0 5.178719139901925 11 
0005 0008 6 1671011837498256 6.5 -68.0 1.2701360923693108 11 
0005 0012 6 1671011837504997 6.5 -58.5 5.651185222570702 11 
0005 0006 6 1671011837506893 6.5 -56.0 1.3314953238847365 11 
0005 0013 6 1671011837508379 -65.0625 -68.5 4.822835597112456 11 
0005 0015 6 1671011837514557 6.5 -63.5 0.7179030087304801 11 
0005 0014 7 1671011837537037 -58.5625 -65.5 5.700272607783043 11 
0005 0012 7 1671011837544982 94.375 -64.0 0.8897088569736719 11 
0005 0013 7 1671011837547576 87.875 -70.5 2.2089323345553233 11 
0005 0005 7 1671011837548536 26.0 -59.5 2.337786720737717 11 
0005 0009 7 1671011837552564 22.75 -69.5 4.09266074207889 11 
0005 0010 7 1671011837555287 -263.625 -70.5 6.227961998815704 11 
0005 0011 7 1671011837556249 22.75 -65.0 1.552388557340269 11 
0005 0007 8 1671011837575921 16.25 -65.5 0.006135923151542565 11 
0005 0004 8 1671011837579900 55.3125 -64.5 1.030835089459151 11 
0005 0014 8 1671011837582544 -16.25 -60.5 1.1290098598838318 11 
0005 0015 8 1671011837584191 22.75 -57.5 2.6016314162540475 11 
0005 0009 8 1671011837585130 94.375 -74.0 5.031456984264903 11 
0005 0008 8 1671011837588333 -3.25 -70.5 1.9082721001297376 11 
0005 0012 8 1671011837589568 198.5625 -70.0 2.2027964114037806 11 
0005 0006 8 1671011837593766 110.625 -68.5 2.2212041808584084 11 
0005 0000 8 1671011837595519 -48.8125 -74.5 5.5284667595398505 11 
