0008 0004 1 1671003244606929 163.5625 -71.5 5.123495831538041 19 
0008 0011 1 1671003244613827 34.9375 -64.5 1.576932249946439 19 
0008 0014 1 1671003244629091 91.125 -64.0 5.080544369477243 19 
0008 0001 2 1671003244656246 145.625 -66.0 0.04295146206079795 19 
0008 0015 2 1671003244666520 104.125 -70.0 4.479223900626073 19 
0008 0004 2 1671003244667478 13.8125 -70.5 5.43029198911517 19 
0008 0009 2 1671003244689836 -13.0 -72.0 3.5158839658338894 19 
0008 0010 3 1671003244718943 52.0625 -70.5 2.448233337465483 19 
0008 0005 3 1671003244719932 -32.5 -61.5 4.319689898685965 19 
0008 0007 3 1671003244722553 97.625 -64.5 4.902602598082509 19 
0008 0015 3 1671003244723506 26.0 -64.5 2.718213956133356 19 
0008 0004 3 1671003244727733 -128.5625 -70.0 0.6504078540635119 19 
0008 0001 4 1671003244759933 24.375 -56.5 0.4663301595172349 19 
0008 0007 4 1671003244761781 -48.8125 -63.5 4.424000592262189 19 
0008 0011 4 1671003244762739 -17.0625 -55.0 4.921010367537137 19 
0008 0009 4 1671003244763730 16.25 -71.5 5.135767677841127 19 
0008 0010 4 1671003244764624 -35.75 -69.5 3.356349963893783 19 
0008 0005 4 1671003244765615 -45.5625 -62.5 3.761320891895592 19 
0008 0008 4 1671003244769293 110.625 -75.0 1.9573594853420782 19 
0008 0015 4 1671003244770244 -74.8125 -68.5 3.785864584501762 19 
0008 0006 4 1671003244772408 -13.8125 -69.5 1.239456476611598 19 
0008 0000 4 1671003244775059 -32.5 -74.5 5.602097837358362 19 
0008 0001 5 1671003244797033 10.5625 -55.0 0.7915340865489908 19 
0008 0014 5 1671003244798308 38.1875 -65.5 4.147884050442774 19 
0008 0005 5 1671003244799241 -13.0 -60.5 1.6505633277649499 19 
0008 0011 5 1671003244800515 55.3125 -62.5 3.3195344249845276 19 
0008 0006 5 1671003244801700 -69.125 -64.0 4.620350133111551 19 
0008 0004 5 1671003244802901 29.25 -57.0 4.933282213840222 19 
0008 0007 5 1671003244806531 -35.75 -68.5 0.39269908169872414 19 
0008 0010 5 1671003244808306 -22.75 -66.5 0.4111068511533518 19 
0008 0004 6 1671003244837396 -21.125 -53.5 5.2339424482658075 19 
0008 0009 6 1671003244838344 -39.0 -67.0 5.436427912266712 19 
0008 0010 6 1671003244839536 35.75 -60.0 6.007068765360171 19 
0008 0007 6 1671003244840489 29.25 -64.0 2.8102528034064944 19 
0008 0014 6 1671003244841405 10.5625 -70.5 0.6442719309119693 19 
0008 0011 6 1671003244842579 -3.25 -66.0 2.1353012567368124 19 
0008 0001 6 1671003244844248 10.5625 -54.0 2.834796496012665 19 
0008 0005 6 1671003244845194 7.3125 -62.0 3.2029518851052186 19 
0008 0015 6 1671003244855924 -16.25 -72.0 1.1228739367322893 19 
0008 0004 7 1671003244876230 -19.5 -57.5 5.123495831538041 19 
0008 0011 7 1671003244877129 0.0 -63.0 4.479223900626073 19 
0008 0015 7 1671003244881889 48.8125 -70.0 3.08636934522591 19 
0008 0010 7 1671003244885322 22.75 -67.5 3.9944859716542096 19 
0008 0014 7 1671003244890295 -78.0625 -69.0 4.626486056263094 19 
0008 0005 7 1671003244892894 -48.8125 -64.5 3.730641276137879 19 
0008 0006 7 1671003244897293 -145.625 -70.0 4.111068511533518 19 
0008 0014 8 1671003244925911 19.5 -61.5 2.748893571891069 19 
0008 0010 8 1671003244927741 84.625 -68.0 1.3928545554001621 19 
0008 0015 8 1671003244935717 -35.75 -65.5 4.129476280988146 19 
0008 0007 8 1671003244937050 94.375 -69.5 1.282407938672396 19 
0008 0005 8 1671003244942151 -45.5625 -65.0 4.0128937411088375 19 
0008 0001 8 1671003244943096 -10.5625 -69.5 2.60776733940559 19 
0008 0011 8 1671003244944059 34.9375 -69.5 1.0492428589137786 19 
0008 0004 8 1671003244948863 13.8125 -69.5 4.577398671050753 19 
0008 0014 1 1671003245170429 -87.875 -65.0 5.3627968344482015 19 
0008 0011 1 1671003245187995 -17.0625 -65.0 1.761009944492716 19 
0008 0001 2 1671003245216493 34.9375 -65.5 0.2454369260617026 19 
0008 0004 2 1671003245219215 45.5625 -71.0 5.381204603902829 19 
0008 0015 2 1671003245224740 -91.125 -70.5 4.632621979414636 19 
0008 0015 3 1671003245275899 -9.75 -64.5 2.890019804376548 19 
0008 0007 3 1671003245278443 48.8125 -65.5 4.9394181369917645 19 
0008 0005 3 1671003245281701 -16.25 -60.5 4.28287435977671 19 
0008 0010 3 1671003245284806 -100.875 -71.0 2.7120780329818137 19 
0008 0004 3 1671003245285785 143.1875 -68.5 0.36815538909255385 19 
0008 0000 4 1671003245325963 -266.875 -76.0 5.743224069843841 19 
0008 0001 4 1671003245327600 21.125 -56.5 0.4970097752749477 19 
0008 0010 4 1671003245328990 -9.75 -71.5 3.356349963893783 19 
0008 0015 4 1671003245330396 -22.75 -69.0 3.552699504743145 19 
0008 0005 4 1671003245331571 -38.1875 -62.0 3.724505352986337 19 
0008 0006 4 1671003245332773 38.1875 -69.0 1.1535535524900022 19 
0008 0011 4 1671003245335477 -21.125 -55.0 4.9823695990525625 19 
0008 0007 4 1671003245336456 -3.25 -63.5 4.381049130201391 19 
0008 0009 4 1671003245340314 -35.75 -72.5 5.227806525114265 19 
0008 0007 5 1671003245376705 214.8125 -68.5 5.939573610693203 19 
0008 0004 5 1671003245379279 -13.8125 -57.0 4.994641445355648 19 
0008 0001 5 1671003245382181 -7.3125 -55.0 0.8344855486097889 19 
0008 0005 5 1671003245383115 -21.125 -60.5 1.6137477888556946 19 
0008 0011 5 1671003245384345 -3.25 -63.0 3.479068426924634 19 
0008 0010 5 1671003245385907 -22.75 -67.5 0.3865631585471816 19 
0008 0006 5 1671003245387503 -3.25 -64.5 4.485359823777615 19 
0008 0014 5 1671003245389113 -35.75 -64.5 4.252194744018997 19 
0008 0007 6 1671003245425950 -39.0 -64.5 2.8961557275280905 19 
0008 0009 6 1671003245427140 -29.25 -68.5 5.252350217720435 19 
0008 0014 6 1671003245428571 78.0625 -70.5 0.4663301595172349 19 
0008 0004 6 1671003245429526 0.0 -53.5 5.209398755659637 19 
0008 0001 6 1671003245433691 17.0625 -54.0 2.8409324191642074 19 
0008 0005 6 1671003245434641 -52.0625 -62.5 3.3072625786814425 19 
0008 0011 6 1671003245436026 100.875 -66.0 2.030990563160589 19 
0008 0010 6 1671003245437685 16.25 -60.5 6.0991076126333095 19 
0008 0015 6 1671003245439570 9.75 -72.0 1.1106020904292042 19 
0008 0004 7 1671003245466462 10.5625 -57.5 5.080544369477243 19 
0008 0011 7 1671003245468910 -38.1875 -63.5 4.583534594202296 19 
0008 0006 7 1671003245469855 -6.5 -69.0 4.01902966426038 19 
0008 0015 7 1671003245473003 94.375 -69.5 2.9943304979527716 19 
0008 0005 7 1671003245474445 26.0 -64.5 3.6140587362585705 19 
0008 0010 7 1671003245477806 -162.75 -68.0 4.270602513473625 19 
0008 0014 7 1671003245481789 6.5 -69.0 4.442408361716817 19 
0008 0015 8 1671003245525569 3.25 -66.5 4.04357335686655 19 
0008 0014 8 1671003245526518 19.5 -62.0 2.742757648739526 19 
0008 0007 8 1671003245528689 29.25 -69.5 1.4358060174609601 19 
0008 0005 8 1671003245534391 -97.625 -64.5 4.074252972624263 19 
0008 0004 8 1671003245535352 -52.0625 -69.5 4.663301595172349 19 
0008 0011 8 1671003245539819 117.9375 -70.0 1.0676506283684062 19 
0008 0001 8 1671003245543300 -90.3125 -69.0 2.767301341345697 19 
0008 0010 8 1671003245544507 26.0 -67.5 1.4664856332186729 19 
0008 0014 1 1671003245768864 26.0 -64.0 5.283029833478148 19 
0008 0011 1 1671003245770983 17.0625 -65.0 1.6996507129772904 19 
0008 0001 2 1671003245820342 79.75 -65.5 0.11658253987930872 19 
0008 0004 2 1671003245822728 -90.3125 -71.0 5.706408530934585 19 
0008 0015 2 1671003245828503 16.25 -70.5 4.546719055293041 19 
0008 0015 3 1671003245867376 -120.4375 -64.5 3.06182565261974 19 
0008 0005 3 1671003245870404 7.3125 -61.5 4.23378697456437 19 
0008 0007 3 1671003245871486 -97.625 -66.0 5.111223985234957 19 
0008 0010 3 1671003245877393 29.25 -70.5 2.6139032625571326 19 
0008 0004 3 1671003245881704 -45.5625 -69.5 0.5890486225480862 19 
0008 0001 4 1671003245906221 21.125 -57.0 0.4724660826687775 19 
0008 0008 4 1671003245910628 139.9375 -75.0 1.9696313316451632 19 
0008 0007 4 1671003245912827 -55.3125 -64.0 4.448544284868359 19 
0008 0005 4 1671003245913816 27.625 -62.5 3.5833791205008576 19 
0008 0011 4 1671003245914761 -13.8125 -55.5 4.9823695990525625 19 
0008 0015 4 1671003245915713 -22.75 -68.5 3.706097583531709 19 
0008 0006 4 1671003245917066 10.5625 -68.5 1.2701360923693108 19 
0008 0009 4 1671003245921498 -74.8125 -71.5 5.221670601962723 19 
0008 0010 4 1671003245922435 -87.875 -70.5 3.380893656499953 19 
0008 0006 5 1671003245945945 41.5 -65.5 4.558990901596125 19 
0008 0010 5 1671003245949292 55.3125 -66.0 0.3436116964863836 19 
0008 0007 5 1671003245953717 39.0 -68.5 6.17273869045182 19 
0008 0001 5 1671003245955088 -7.3125 -55.0 0.8528933180644165 19 
0008 0011 5 1671003245956035 13.8125 -63.0 3.466796580621549 19 
0008 0005 5 1671003245956984 48.8125 -60.5 1.5462526341887264 19 
0008 0014 5 1671003245958186 -35.75 -65.0 4.252194744018997 19 
0008 0004 5 1671003245959146 17.0625 -56.5 4.95168998329485 19 
0008 0007 6 1671003245995936 -16.25 -64.5 2.8409324191642074 19 
0008 0004 6 1671003245996839 -27.625 -53.5 5.240078371417351 19 
0008 0014 6 1671003245998254 45.5625 -70.0 0.48473792897186263 19 
0008 0011 6 1671003246000471 7.3125 -66.0 2.1598449493429825 19 
0008 0005 6 1671003246002158 41.5 -62.5 3.184544115650591 19 
0008 0010 6 1671003246003062 -3.25 -60.0 6.12365130523948 19 
0008 0009 6 1671003246004720 26.0 -68.0 5.209398755659637 19 
0008 0015 6 1671003246007089 -6.5 -71.0 1.0737865515199487 19 
0008 0001 6 1671003246010189 -7.3125 -53.5 2.8838838812250054 19 
0008 0011 7 1671003246047859 13.8125 -63.5 4.491495746929157 19 
0008 0006 7 1671003246049753 -34.9375 -69.5 3.9699422790480394 19 
0008 0004 7 1671003246053181 -69.125 -57.5 5.264622064023521 19 
0008 0010 7 1671003246054141 0.0 -67.5 4.104932588381976 19 
0008 0005 7 1671003246055389 -41.5 -64.5 3.7122335066832517 19 
0008 0015 7 1671003246058876 -32.5 -68.5 3.2827188860752723 19 
0008 0014 7 1671003246061130 -3.25 -69.0 4.534447208989955 19 
0008 0007 8 1671003246097430 117.125 -70.0 1.1780972450961724 19 
0008 0004 8 1671003246098404 30.875 -69.0 4.522175362686871 19 
0008 0010 8 1671003246099865 71.5625 -68.0 1.3560390164909069 19 
0008 0014 8 1671003246101545 -3.25 -62.0 2.816388726558037 19 
0008 0015 8 1671003246107671 -13.0 -66.0 4.074252972624263 19 
0008 0005 8 1671003246111871 -41.5 -65.0 3.988350048502667 19 
0008 0011 8 1671003246115451 87.0625 -69.5 0.9633399347921826 19 
0008 0001 8 1671003246117642 76.4375 -69.0 2.442097414313941 19 
0008 0014 1 1671003246343459 -24.375 -64.5 5.313709449235861 19 
0008 0011 1 1671003246348927 34.9375 -65.5 1.564660403643354 19 
0008 0004 1 1671003246356141 -170.0625 -72.0 5.638913376267617 19 
0008 0004 2 1671003246392543 -222.125 -71.0 5.8475347634200645 19 
0008 0001 2 1671003246395414 19.5 -66.5 0.1349903093339364 19 
0008 0015 2 1671003246408123 84.625 -70.5 4.491495746929157 19 
0008 0009 3 1671003246438804 166.0 -72.0 2.6445828783148455 19 
0008 0015 3 1671003246439982 -16.25 -65.0 2.9022916506796332 19 
0008 0005 3 1671003246443112 52.0625 -61.0 4.1601558967458585 19 
0008 0010 3 1671003246444063 -32.5 -69.0 2.724349879284899 19 
0008 0007 3 1671003246445498 -185.5 -65.5 5.264622064023521 19 
0008 0004 3 1671003246448260 30.875 -68.5 0.3988350048502667 19 
0008 0011 4 1671003246475956 -21.125 -55.0 4.921010367537137 19 
0008 0007 4 1671003246480126 -32.5 -64.0 4.448544284868359 19 
0008 0015 4 1671003246481076 -19.5 -69.0 3.6263305825616556 19 
0008 0005 4 1671003246482961 -21.125 -62.5 3.663146121470911 19 
0008 0001 4 1671003246484645 30.875 -56.5 0.4540583132141498 19 
0008 0010 4 1671003246487066 -35.75 -70.5 3.3318062712876126 19 
0008 0006 4 1671003246489047 -73.1875 -69.5 1.2210487071569704 19 
0008 0009 4 1671003246492289 13.8125 -72.0 5.154175447295755 19 
0008 0008 4 1671003246507700 146.4375 -75.0 1.6260196351587797 19 
0008 0006 5 1671003246536177 7.3125 -64.5 4.528311285838413 19 
0008 0014 5 1671003246537155 -52.0625 -65.5 4.2031073588066565 19 
0008 0005 5 1671003246538823 30.875 -60.5 1.5278448647340985 19 
0008 0004 5 1671003246543087 -13.8125 -57.0 5.006913291658733 19 
0008 0007 5 1671003246544052 13.0 -67.5 0.030679615757712823 19 
0008 0001 5 1671003246546885 3.25 -55.0 0.8344855486097889 19 
0008 0011 5 1671003246547860 -97.625 -63.0 3.5342917352885173 19 
0008 0010 5 1671003246551661 71.5625 -66.5 0.28838838812250056 19 
0008 0014 6 1671003246586454 34.9375 -71.0 0.48473792897186263 19 
0008 0004 6 1671003246587356 -13.8125 -53.5 5.2339424482658075 19 
0008 0011 6 1671003246589721 -41.5 -65.5 2.2518837966161214 19 
0008 0010 6 1671003246590910 -3.25 -60.0 6.068427996875596 19 
0008 0015 6 1671003246593594 9.75 -72.0 0.9940195505498954 19 
0008 0009 6 1671003246595745 19.5 -66.5 5.356660911296659 19 
0008 0007 6 1671003246600506 29.25 -64.5 2.791845033951867 19 
0008 0001 6 1671003246604115 10.5625 -54.0 2.8532042654672924 19 
0008 0005 6 1671003246605103 0.0 -62.0 3.184544115650591 19 
0008 0010 7 1671003246640165 91.125 -68.0 3.8288160465625602 19 
0008 0011 7 1671003246644759 26.0 -63.0 4.454680208019902 19 
0008 0014 7 1671003246645963 -17.0625 -68.5 4.479223900626073 19 
0008 0004 7 1671003246646910 21.125 -57.5 5.117359908386499 19 
0008 0005 7 1671003246650238 -68.3125 -64.5 3.693825737228624 19 
0008 0015 7 1671003246653963 -65.0625 -70.0 3.227495577711389 19 
0008 0006 7 1671003246657079 -121.25 -71.0 4.061981126321178 19 
0008 0015 8 1671003246688806 -9.75 -66.5 4.01902966426038 19 
0008 0010 8 1671003246694237 74.8125 -67.0 1.2885438618239387 19 
0008 0005 8 1671003246695140 -3.25 -64.5 3.877903431774901 19 
0008 0014 8 1671003246700390 -39.0 -62.0 2.7979809571034093 19 
0008 0004 8 1671003246701364 -10.5625 -69.5 4.516039439535327 19 
0008 0007 8 1671003246702317 32.5 -70.0 1.4419419406125027 19 
0008 0001 8 1671003246704260 -79.75 -69.0 2.6875343403756435 19 
0008 0011 8 1671003246708720 -152.9375 -70.5 1.0983302441261191 19 
0008 0011 1 1671003246929094 17.0625 -64.5 1.4726215563702154 19 
0008 0014 1 1671003246941538 30.875 -64.0 5.178719139901925 19 
0008 0004 1 1671003246943023 -27.625 -73.0 5.221670601962723 19 
0008 0001 2 1671003246976618 -62.625 -67.0 0.25157284921324513 19 
0008 0015 2 1671003246989532 -48.8125 -70.0 4.884194828627882 19 
0008 0004 2 1671003246999235 173.3125 -69.0 5.313709449235861 19 
0008 0015 3 1671003247039146 0.0 -64.5 2.748893571891069 19 
0008 0005 3 1671003247040396 -45.5625 -62.0 4.338097668140593 19 
0008 0007 3 1671003247043201 107.375 -65.5 4.847379289718626 19 
0008 0004 3 1671003247049937 -152.9375 -68.5 0.7117670855789375 19 
0008 0010 3 1671003247050918 250.625 -70.0 2.3071071049800045 19 
0008 0009 3 1671003247055644 -286.4375 -70.5 3.2336315008629315 19 
0008 0010 4 1671003247086933 -185.5 -69.5 3.6324665057131984 19 
0008 0006 4 1671003247087893 73.1875 -69.5 1.141281706186917 19 
0008 0009 4 1671003247090286 34.9375 -71.0 5.148039524144211 19 
0008 0011 4 1671003247092207 -10.5625 -55.0 4.8351074434155406 19 
0008 0001 4 1671003247094270 24.375 -56.5 0.4908738521234052 19 
0008 0007 4 1671003247095193 6.5 -63.5 4.362641360746763 19 
0008 0005 4 1671003247097131 3.25 -62.5 3.6447383520162835 19 
0008 0008 4 1671003247102075 91.125 -76.5 1.9389517158874505 19 
0008 0015 4 1671003247106417 -126.9375 -68.5 3.847223816017188 19 
0008 0000 4 1671003247111143 -393.8125 -74.5 5.620505606812989 19 
0008 0006 5 1671003247136336 59.375 -64.5 4.430136515413731 19 
0008 0004 5 1671003247140143 -45.5625 -57.0 5.056000676871073 19 
0008 0005 5 1671003247141147 48.8125 -60.0 1.5033011721279284 19 
0008 0011 5 1671003247142573 -24.375 -62.0 3.3318062712876126 19 
0008 0001 5 1671003247143826 3.25 -55.5 0.803805932852076 19 
0008 0014 5 1671003247146320 -68.3125 -66.0 4.252194744018997 19 
0008 0007 5 1671003247147557 182.25 -68.0 0.19634954084936207 19 
0008 0010 5 1671003247150823 -6.5 -65.5 0.4908738521234052 19 
0008 0009 6 1671003247177397 -68.3125 -66.0 5.559146375297564 19 
0008 0010 6 1671003247178588 42.3125 -59.5 5.970253226450915 19 
0008 0001 6 1671003247180224 0.0 -54.0 2.84706834231575 19 
0008 0004 6 1671003247181628 -22.75 -53.5 5.240078371417351 19 
0008 0005 6 1671003247184488 17.0625 -62.0 3.1661363461959633 19 
0008 0015 6 1671003247188302 -32.5 -72.0 1.0185632431560658 19 
0008 0014 6 1671003247189490 -45.5625 -70.5 0.7547185476397354 19 
0008 0007 6 1671003247190442 35.75 -64.0 2.8409324191642074 19 
0008 0011 6 1671003247193944 -55.3125 -66.0 2.356194490192345 19 
0008 0004 7 1671003247220367 41.5 -57.5 5.019185137961818 19 
0008 0010 7 1671003247223062 -16.25 -69.0 3.8963112012295285 19 
0008 0014 7 1671003247225683 73.1875 -69.0 4.3933209765044765 19 
0008 0005 7 1671003247228951 -35.75 -65.0 3.663146121470911 19 
0008 0011 7 1671003247230150 -48.8125 -62.0 4.626486056263094 19 
0008 0006 7 1671003247234296 110.625 -70.5 4.031301510563465 19 
0008 0015 7 1671003247236177 6.5 -70.0 3.172272269347506 19 
0008 0004 8 1671003247269760 13.0 -69.5 4.4976316700806995 19 
0008 0010 8 1671003247270963 0.0 -68.0 1.380582709097077 19 
0008 0005 8 1671003247272200 -71.5625 -64.5 3.9576704327449543 19 
0008 0014 8 1671003247273424 0.0 -62.0 2.736621725587984 19 
0008 0011 8 1671003247277104 97.625 -70.5 0.7179030087304801 19 
0008 0015 8 1671003247287670 -22.75 -66.5 4.06811704947272 19 
0008 0007 8 1671003247291686 -3.25 -70.0 1.41126232485479 19 
0008 0001 8 1671003247292735 69.125 -69.0 2.497320722677824 19 
0008 0014 1 1671003247518311 3.25 -64.0 5.21553467881118 19 
0008 0004 1 1671003247521731 -81.375 -72.0 5.565282298449106 19 
0008 0011 1 1671003247522676 -30.875 -64.5 1.4542137869155878 19 
0008 0004 2 1671003247557186 163.5625 -69.5 5.123495831538041 19 
0008 0001 2 1671003247563260 -6.5 -65.5 0.07976700097005335 19 
0008 0015 2 1671003247569786 -107.375 -69.5 4.792155981354743 19 
0008 0005 3 1671003247612257 -21.125 -61.5 4.295146206079795 19 
0008 0007 3 1671003247613577 68.3125 -65.5 4.970097752749477 19 
0008 0015 3 1671003247614712 -84.625 -65.0 2.9943304979527716 19 
0008 0010 3 1671003247616032 -39.0 -70.5 2.4175537217077703 19 
0008 0004 3 1671003247620560 -10.5625 -69.5 0.5890486225480862 19 
0008 0009 3 1671003247638023 -110.625 -72.0 2.6016314162540475 19 
0008 0015 4 1671003247667337 52.0625 -68.5 3.5711072741977725 19 
0008 0011 4 1671003247671823 -7.3125 -54.5 4.859651136021712 19 
0008 0009 4 1671003247673298 -81.375 -70.5 5.184855063053467 19 
0008 0005 4 1671003247675381 87.0625 -62.5 3.4913402732277192 19 
0008 0007 4 1671003247676798 -6.5 -63.5 4.381049130201391 19 
0008 0001 4 1671003247679207 9.75 -56.5 0.47860200582032003 19 
0008 0006 4 1671003247682074 52.0625 -69.5 1.1596894756415448 19 
0008 0010 4 1671003247684244 -71.5625 -69.5 3.509748042682347 19 
0008 0000 4 1671003247685852 -449.1875 -76.0 5.915029918087033 19 
0008 0008 4 1671003247691961 -35.75 -73.0 2.141437179888355 19 
0008 0011 5 1671003247716739 -21.125 -62.5 3.3502140407422405 19 
0008 0010 5 1671003247717705 16.25 -66.0 0.30679615757712825 19 
0008 0004 5 1671003247719771 -9.75 -56.5 5.019185137961818 19 
0008 0006 5 1671003247721823 3.25 -65.5 4.479223900626073 19 
0008 0005 5 1671003247722783 0.0 -60.5 1.564660403643354 19 
0008 0001 5 1671003247723762 -10.5625 -55.0 0.8160777791551611 19 
0008 0014 5 1671003247724640 -34.9375 -65.0 4.147884050442774 19 
0008 0007 5 1671003247730844 -13.0 -67.5 0.0674951546669682 19 
0008 0015 6 1671003247757066 -91.125 -72.0 1.0492428589137786 19 
0008 0011 6 1671003247758014 -30.875 -66.0 2.227340104009951 19 
0008 0009 6 1671003247760614 6.5 -67.0 5.344389064993574 19 
0008 0014 6 1671003247761576 -3.25 -71.5 0.521553467881118 19 
0008 0001 6 1671003247762735 24.375 -54.0 2.8286605728611223 19 
0008 0010 6 1671003247764464 3.25 -59.5 6.062292073724054 19 
0008 0005 6 1671003247765356 17.0625 -62.0 3.1661363461959633 19 
0008 0004 6 1671003247770355 9.75 -53.5 5.21553467881118 19 
0008 0007 6 1671003247771563 16.25 -64.0 2.8286605728611223 19 
0008 0015 7 1671003247808843 -35.75 -69.0 3.2520392703175593 19 
0008 0004 7 1671003247810538 -35.75 -57.5 5.129631754689584 19 
0008 0014 7 1671003247819941 22.75 -68.5 4.485359823777615 19 
0008 0010 7 1671003247821037 -74.8125 -68.5 4.166291819897402 19 
0008 0011 7 1671003247822478 -3.25 -63.0 4.473087977474529 19 
0008 0005 7 1671003247823571 -27.625 -64.5 3.6140587362585705 19 
0008 0006 7 1671003247829445 -17.0625 -69.0 3.890175278077986 19 
0008 0015 8 1671003247866208 -26.0 -66.5 4.09266074207889 19 
0008 0010 8 1671003247867895 16.25 -67.5 1.4051264017032472 19 
0008 0005 8 1671003247872062 -13.8125 -64.5 3.9147189706841563 19 
0008 0004 8 1671003247873985 41.5 -69.5 4.442408361716817 19 
0008 0014 8 1671003247876643 3.25 -62.0 2.736621725587984 19 
0008 0011 8 1671003247882139 -7.3125 -71.5 0.8713010875190442 19 
0008 0007 8 1671003247885353 -3.25 -70.5 1.4358060174609601 19 
0008 0001 8 1671003247886555 -7.3125 -69.5 2.5893595699509624 19 
0008 0011 1 1671003248105884 65.875 -64.5 1.5462526341887264 19 
0008 0014 1 1671003248107101 -22.75 -64.0 5.313709449235861 19 
0008 0004 1 1671003248129126 34.9375 -73.0 5.399612373357457 19 
0008 0001 2 1671003248157714 -42.3125 -66.5 0.19634954084936207 19 
0008 0004 2 1671003248170480 -65.875 -71.0 5.681864838328415 19 
0008 0015 2 1671003248171800 48.8125 -70.5 4.896466674930966 19 
0008 0010 3 1671003248216340 -315.6875 -71.0 3.117048960983623 19 
0008 0005 3 1671003248219565 -13.8125 -62.0 4.2092432819582 19 
0008 0007 3 1671003248222078 42.3125 -66.5 4.957825906446392 19 
0008 0015 3 1671003248225622 -97.625 -64.5 2.945243112740431 19 
0008 0004 3 1671003248231586 -73.1875 -68.0 0.5338253141842031 19 
0008 0015 4 1671003248257609 -22.75 -68.0 3.6754179677739964 19 
0008 0011 4 1671003248258554 -17.0625 -55.0 4.963961829597935 19 
0008 0007 4 1671003248263627 -35.75 -63.5 4.424000592262189 19 
0008 0001 4 1671003248264796 3.25 -56.5 0.4908738521234052 19 
0008 0005 4 1671003248267985 13.8125 -62.5 3.6263305825616556 19 
0008 0006 4 1671003248270110 114.6875 -69.0 1.012427320004523 19 
0008 0009 4 1671003248271682 -78.0625 -72.0 5.197126909356553 19 
0008 0010 4 1671003248272858 58.5625 -70.5 3.2581751934691017 19 
0008 0000 4 1671003248285574 123.6875 -76.5 5.313709449235861 19 
0008 0008 4 1671003248288511 -39.0 -75.5 2.086213871524472 19 
0008 0001 5 1671003248316697 -10.5625 -55.0 0.8467573949128739 19 
0008 0004 5 1671003248317589 -48.8125 -57.0 5.006913291658733 19 
0008 0014 5 1671003248318750 -48.8125 -65.5 4.221515128261284 19 
0008 0006 5 1671003248319724 24.375 -65.5 4.466952054322987 19 
0008 0007 5 1671003248321896 35.75 -67.5 0.30679615757712825 19 
0008 0005 5 1671003248326228 3.25 -60.5 1.564660403643354 19 
0008 0011 5 1671003248328982 -34.9375 -62.5 3.5588354278946874 19 
0008 0010 5 1671003248333144 -45.5625 -67.0 0.4970097752749477 19 
0008 0009 6 1671003248365992 -42.3125 -68.5 5.283029833478148 19 
0008 0001 6 1671003248367202 0.0 -54.0 2.8716120349219203 19 
0008 0015 6 1671003248368160 -55.3125 -72.5 1.1351457830353744 19 
0008 0010 6 1671003248369139 35.75 -60.5 6.068427996875596 19 
0008 0007 6 1671003248376912 -16.25 -64.5 2.8838838812250054 19 
0008 0011 6 1671003248379019 -3.25 -66.5 2.1353012567368124 19 
0008 0004 6 1671003248380222 13.8125 -53.5 5.203262832508095 19 
0008 0005 6 1671003248381169 -16.25 -62.0 3.2643111166206444 19 
0008 0014 6 1671003248382460 45.5625 -71.0 0.5583690067903734 19 
0008 0004 7 1671003248406735 -6.5 -57.5 5.141903600992669 19 
0008 0010 7 1671003248411248 -32.5 -69.0 4.04357335686655 19 
0008 0015 7 1671003248414863 0.0 -68.0 3.184544115650591 19 
0008 0011 7 1671003248416114 139.125 -63.5 4.424000592262189 19 
0008 0014 7 1671003248422626 45.5625 -69.0 4.460816131171445 19 
0008 0006 7 1671003248426953 -239.25 -70.0 4.1172044346850605 19 
0008 0001 8 1671003248466992 65.875 -69.5 2.4850488763747385 19 
0008 0005 8 1671003248467954 -71.5625 -64.5 3.988350048502667 19 
0008 0004 8 1671003248469610 26.0 -69.5 4.424000592262189 19 
0008 0010 8 1671003248474110 42.3125 -67.5 1.3867186322486196 19 
0008 0014 8 1671003248475100 17.0625 -62.5 2.7120780329818137 19 
0008 0011 8 1671003248477975 10.5625 -71.5 1.0799224746714913 19 
0008 0015 8 1671003248480135 -55.3125 -66.0 4.172427743048944 19 
0008 0007 8 1671003248488462 -143.1875 -70.0 1.4910293258248433 19 
0008 0011 1 1671003248720005 35.75 -64.5 1.6505633277649499 19 
0008 0014 1 1671003248722394 -76.4375 -64.5 5.350524988145116 19 
0008 0004 1 1671003248724649 123.6875 -72.0 5.270757987175063 19 
0008 0004 2 1671003248759817 367.8125 -70.5 5.080544369477243 19 
0008 0001 2 1671003248762422 235.9375 -65.0 6.166602767300278 19 
0008 0015 2 1671003248780660 -175.75 -70.0 5.037592907416445 19 
0008 0007 3 1671003248826473 -146.4375 -66.5 5.148039524144211 19 
0008 0005 3 1671003248830807 13.0 -62.0 4.190835512503572 19 
0008 0010 3 1671003248833928 179.0 -70.5 2.380738182798515 19 
0008 0015 3 1671003248835503 26.0 -64.5 2.8409324191642074 19 
0008 0004 3 1671003248841416 -114.6875 -69.0 0.5460971604872883 19 
0008 0009 4 1671003248876465 -159.5 -72.0 5.295301679781233 19 
0008 0001 4 1671003248877453 34.9375 -56.5 0.4540583132141498 19 
0008 0007 4 1671003248878407 -52.0625 -63.5 4.479223900626073 19 
0008 0015 4 1671003248880373 9.75 -68.5 3.6570101983193686 19 
0008 0010 4 1671003248882999 -84.625 -70.5 3.436116964863836 19 
0008 0005 4 1671003248887065 -34.9375 -62.5 3.7122335066832517 19 
0008 0011 4 1671003248888274 0.0 -55.0 4.95168998329485 19 
0008 0006 4 1671003248892541 100.875 -69.5 1.1903690913992575 19 
0008 0000 4 1671003248906496 58.5625 -76.0 5.424156065963627 19 
0008 0014 5 1671003248935933 -16.25 -64.5 4.215379205109742 19 
0008 0004 5 1671003248938171 -45.5625 -57.0 5.031456984264903 19 
0008 0005 5 1671003248939329 6.5 -60.5 1.5707963267948966 19 
0008 0001 5 1671003248940769 3.25 -55.0 0.8467573949128739 19 
0008 0006 5 1671003248941941 -159.5 -64.5 4.669437518323892 19 
0008 0010 5 1671003248942878 42.3125 -67.0 0.3374757733348411 19 
0008 0011 5 1671003248945737 -17.0625 -62.5 3.436116964863836 19 
0008 0007 5 1671003248947808 120.4375 -68.5 6.154330920997192 19 
0008 0014 6 1671003248986002 110.625 -71.5 0.4295146206079795 19 
0008 0004 6 1671003248986902 -7.3125 -53.5 5.221670601962723 19 
0008 0001 6 1671003248988076 7.3125 -54.0 2.859340188618835 19 
0008 0015 6 1671003248988973 -35.75 -73.0 1.0737865515199487 19 
0008 0011 6 1671003248990882 21.125 -65.5 2.141437179888355 19 
0008 0005 6 1671003248994185 -48.8125 -62.5 3.2581751934691017 19 
0008 0010 6 1671003248996775 0.0 -60.0 6.0991076126333095 19 
0008 0007 6 1671003248999914 16.25 -64.5 2.834796496012665 19 
0008 0009 6 1671003249003833 -61.8125 -67.5 5.418020142812084 19 
0008 0011 7 1671003249027548 -24.375 -62.5 4.601942363656923 19 
0008 0015 7 1671003249030414 13.0 -69.0 3.1784081924990484 19 
0008 0004 7 1671003249031575 26.0 -57.5 5.080544369477243 19 
0008 0005 7 1671003249033699 58.5625 -65.0 3.4606606574700063 19 
0008 0006 7 1671003249035565 -59.375 -69.5 4.289010282928253 19 
0008 0014 7 1671003249040960 -358.0625 -67.5 5.013049214810275 19 
0008 0010 7 1671003249043350 -3.25 -69.0 3.9638063558964967 19 
0008 0015 8 1671003249082054 -48.8125 -66.0 4.1172044346850605 19 
0008 0005 8 1671003249083484 -65.875 -65.0 3.9822141253511245 19 
0008 0014 8 1671003249086572 3.25 -61.5 2.767301341345697 19 
0008 0010 8 1671003249087527 45.5625 -68.0 1.3928545554001621 19 
0008 0011 8 1671003249089427 -45.5625 -70.0 1.1106020904292042 19 
0008 0004 8 1671003249090556 7.3125 -70.0 4.4976316700806995 19 
0008 0001 8 1671003249093582 -34.9375 -69.0 2.5280003384355365 19 
0008 0007 8 1671003249098030 -48.8125 -69.5 1.5892040962495242 19 
0008 0014 1 1671003249328607 -6.5 -65.0 5.246214294568893 19 
0008 0011 1 1671003249332454 -10.5625 -64.0 1.552388557340269 19 
0008 0004 1 1671003249337233 149.6875 -73.0 5.2339424482658075 19 
0008 0004 2 1671003249366474 -16.25 -71.5 5.71868037723767 19 
0008 0001 2 1671003249384487 -10.5625 -65.5 0.2699806186678728 19 
0008 0015 2 1671003249386391 16.25 -70.0 4.792155981354743 19 
0008 0010 3 1671003249437196 -16.25 -70.0 2.6445828783148455 19 
0008 0015 3 1671003249439030 39.0 -64.5 2.6875343403756435 19 
0008 0004 3 1671003249441181 52.0625 -68.5 0.3313398501832985 19 
0008 0005 3 1671003249443345 -3.25 -62.0 4.215379205109742 19 
0008 0007 3 1671003249445463 26.0 -66.0 5.111223985234957 19 
0008 0006 4 1671003249477881 -79.75 -70.0 1.368310862793992 19 
0008 0001 4 1671003249480892 -10.5625 -56.5 0.5031456984264903 19 
0008 0015 4 1671003249482823 -81.375 -68.5 3.810408277107933 19 
0008 0010 4 1671003249484199 -87.875 -70.5 3.485204350076177 19 
0008 0007 4 1671003249486371 -39.0 -63.0 4.479223900626073 19 
0008 0011 4 1671003249487271 -7.3125 -55.0 4.865787059173254 19 
0008 0009 4 1671003249489322 -21.125 -71.0 5.111223985234957 19 
0008 0005 4 1671003249491509 7.3125 -62.5 3.6570101983193686 19 
0008 0008 4 1671003249503724 -32.5 -73.5 2.061670178918302 19 
0008 0010 5 1671003249526995 39.0 -65.5 0.4111068511533518 19 
0008 0006 5 1671003249528575 0.0 -65.0 4.491495746929157 19 
0008 0004 5 1671003249529453 -24.375 -57.0 4.994641445355648 19 
0008 0001 5 1671003249530385 -3.25 -55.0 0.8467573949128739 19 
0008 0014 5 1671003249531620 3.25 -66.0 4.080388895775806 19 
0008 0005 5 1671003249533460 3.25 -60.5 1.552388557340269 19 
0008 0011 5 1671003249536474 -38.1875 -62.0 3.3502140407422405 19 
0008 0007 5 1671003249538076 -35.75 -68.5 0.34974761963792617 19 
0008 0004 6 1671003249577878 -3.25 -54.0 5.209398755659637 19 
0008 0014 6 1671003249579396 -83.0 -70.5 0.8651651643675016 19 
0008 0015 6 1671003249580872 -6.5 -71.0 1.0062913968529805 19 
0008 0009 6 1671003249581822 -39.0 -66.5 5.546874528994478 19 
0008 0010 6 1671003249582827 -9.75 -59.5 6.037748381117884 19 
0008 0001 6 1671003249584465 0.0 -54.0 2.859340188618835 19 
0008 0007 6 1671003249585407 -19.5 -64.0 2.9268353432858034 19 
0008 0011 6 1671003249587064 -38.1875 -66.5 2.2518837966161214 19 
0008 0005 6 1671003249589632 52.0625 -62.0 3.129320807286708 19 
0008 0015 7 1671003249616279 32.5 -69.0 2.9943304979527716 19 
0008 0011 7 1671003249622127 -38.1875 -62.5 4.558990901596125 19 
0008 0005 7 1671003249624650 -81.375 -64.5 3.6876898140770815 19 
0008 0004 7 1671003249626488 -10.5625 -57.5 5.178719139901925 19 
0008 0014 7 1671003249631611 117.125 -67.0 4.381049130201391 19 
0008 0010 7 1671003249632577 -29.25 -68.5 4.031301510563465 19 
0008 0006 7 1671003249633524 38.1875 -71.5 3.8717675086233583 19 
