0008 0015 1 1671011939377466 3.25 -54.5 6.000932842208628 12 
0008 0006 1 1671011939378429 34.9375 -69.0 0.06135923151542565 12 
0008 0008 1 1671011939380331 97.625 -70.0 0.07363107781851078 12 
0008 0009 1 1671011939381295 478.5 -74.0 5.675728915176872 12 
0008 0005 1 1671011939382949 45.5625 -65.5 1.8775924843720249 12 
0008 0012 1 1671011939383880 6.5 -65.0 5.375068680751287 12 
0008 0001 1 1671011939386363 16.25 -64.0 0.9203884727313847 12 
0008 0010 1 1671011939387298 6.5 -54.0 0.9203884727313847 12 
0008 0014 1 1671011939390856 13.8125 -65.5 4.184699589352029 12 
0008 0004 1 1671011939391888 -17.0625 -61.0 3.9392626632903265 12 
0008 0011 1 1671011939392877 -21.125 -57.5 0.8283496254582462 12 
0008 0007 1 1671011939393871 22.75 -59.0 4.933282213840222 12 
0008 0010 2 1671011939426151 65.0625 -68.0 6.068427996875596 12 
0008 0004 2 1671011939428318 26.0 -59.5 4.252194744018997 12 
0008 0007 2 1671011939431094 -9.75 -70.0 2.6016314162540475 12 
0008 0015 2 1671011939433251 -3.25 -56.5 0.36815538909255385 12 
0008 0014 2 1671011939435205 -21.125 -57.5 2.043262409463674 12 
0008 0012 2 1671011939436609 -87.875 -62.0 4.080388895775806 12 
0008 0005 2 1671011939437569 -22.75 -63.5 1.6689710972195777 12 
0008 0006 2 1671011939439070 104.125 -68.0 2.8286605728611223 12 
0008 0009 2 1671011939443396 -71.5625 -71.0 4.417864669110647 12 
0008 0008 2 1671011939446498 9.75 -70.0 2.184388641949153 12 
0008 0012 3 1671011939475991 -29.25 -67.0 5.283029833478148 12 
0008 0010 3 1671011939478502 -97.625 -63.0 6.14819499784565 12 
0008 0011 3 1671011939479674 121.25 -62.0 3.000466421104314 12 
0008 0015 3 1671011939480638 16.25 -65.0 3.54042765844006 12 
0008 0005 3 1671011939482065 -13.0 -55.5 5.148039524144211 12 
0008 0007 3 1671011939484486 13.0 -57.0 3.7551849687440497 12 
0008 0009 3 1671011939489214 -19.5 -63.0 0.7179030087304801 12 
0008 0004 3 1671011939503047 185.5 -68.0 1.5278448647340985 12 
0008 0007 4 1671011939529235 6.5 -60.0 4.632621979414636 12 
0008 0005 4 1671011939530441 52.0625 -63.0 1.1965050145508 12 
0008 0015 4 1671011939531685 9.75 -60.0 0.662679700366597 12 
0008 0011 4 1671011939534004 -13.8125 -56.0 2.227340104009951 12 
0008 0012 4 1671011939534965 -16.25 -66.0 0.6135923151542565 12 
0008 0014 4 1671011939538961 38.1875 -67.0 0.18407769454627693 12 
0008 0013 4 1671011939539950 -9.75 -68.0 6.062292073724054 12 
0008 0004 4 1671011939540899 41.5 -70.0 3.2459033471660166 12 
0008 0000 4 1671011939543300 149.6875 -73.0 5.092816215780329 12 
0008 0004 5 1671011939573301 -3.25 -70.5 1.9205439464328227 12 
0008 0011 6 1671011939606210 41.5 -71.0 6.056156150572511 12 
0008 0005 7 1671011939648507 -87.0625 -66.0 0.2454369260617026 12 
0008 0014 7 1671011939657533 83.0 -70.0 1.3560390164909069 12 
0008 0006 7 1671011939659300 -3.25 -64.5 2.1230294104337273 12 
0008 0015 8 1671011939688184 -9.75 -68.0 5.405748296509 12 
0008 0014 8 1671011939689798 -24.375 -71.5 3.902447124381071 12 
0008 0004 8 1671011939691578 -6.5 -64.0 2.6384469551633027 12 
0008 0006 8 1671011939697107 111.4375 -67.5 0.760854470791278 12 
0008 0000 1 1671011939905922 -169.25 -74.5 5.203262832508095 12 
0008 0014 1 1671011939907122 90.3125 -70.0 0.05522330836388308 12 
0008 0001 1 1671011939908055 -21.125 -66.5 5.148039524144211 12 
0008 0007 1 1671011939910434 -6.5 -59.0 6.007068765360171 12 
0008 0011 1 1671011939911438 -27.625 -60.0 0.20248546400090464 12 
0008 0009 1 1671011939912359 -91.125 -71.0 6.105243535784852 12 
0008 0006 1 1671011939914044 -104.125 -68.5 0.1349903093339364 12 
0008 0005 1 1671011939915941 58.5625 -62.5 2.3316507975861747 12 
0008 0010 1 1671011939918389 9.75 -55.5 0.7669903939428205 12 
0008 0004 1 1671011939919588 3.25 -59.0 3.8963112012295285 12 
0008 0013 1 1671011939931991 -146.4375 -70.0 0.9940195505498954 12 
0008 0015 1 1671011939933454 52.0625 -70.0 6.000932842208628 12 
0008 0009 2 1671011939958013 -71.5625 -68.5 4.626486056263094 12 
0008 0004 2 1671011939958915 -6.5 -58.5 2.9084275738311756 12 
0008 0014 2 1671011939962377 -35.75 -64.0 4.374913207049849 12 
0008 0005 2 1671011939964015 100.875 -68.5 0.19634954084936207 12 
0008 0007 2 1671011939966903 -55.3125 -64.0 2.4605051837685683 12 
0008 0010 2 1671011939967853 26.0 -63.5 5.822991070813893 12 
0008 0012 2 1671011939969556 71.5625 -72.5 2.055534255766759 12 
0008 0006 2 1671011939971667 -225.375 -68.0 2.521864415283994 12 
0008 0013 2 1671011939975621 -26.0 -68.5 0.3374757733348411 12 
0008 0013 3 1671011939995925 61.8125 -63.0 2.478912953223196 12 
0008 0004 3 1671011939998673 17.0625 -66.0 1.7732817907958012 12 
0008 0005 3 1671011940003385 -13.0 -56.0 0.11044661672776616 12 
0008 0007 3 1671011940005749 -22.75 -57.0 4.381049130201391 12 
0008 0011 3 1671011940008041 -41.5 -64.0 4.7860200582032 12 
0008 0009 3 1671011940009512 -91.125 -68.0 2.282563412373834 12 
0008 0001 3 1671011940015096 -104.125 -70.0 4.25833066717054 12 
0008 0010 3 1671011940016074 -48.8125 -64.5 1.533980787885641 12 
0008 0015 3 1671011940017423 -22.75 -61.5 0.9142525495798421 12 
0008 0014 3 1671011940018328 34.9375 -63.5 1.1351457830353744 12 
0008 0008 3 1671011940026948 205.0625 -70.5 5.822991070813893 12 
0008 0007 4 1671011940056448 -16.25 -58.0 4.767612288748572 12 
0008 0000 4 1671011940057429 65.0625 -72.0 0.9265243958829272 12 
0008 0013 4 1671011940062430 -35.75 -56.5 5.638913376267617 12 
0008 0014 4 1671011940065554 13.8125 -60.5 1.8346410223112268 12 
0008 0015 4 1671011940066533 3.25 -55.5 6.117515382087937 12 
0008 0005 4 1671011940068490 -32.5 -61.0 1.7671458676442586 12 
0008 0011 4 1671011940069805 -24.375 -61.5 3.1968159619536762 12 
0008 0012 4 1671011940072756 -19.5 -66.5 1.7732817907958012 12 
0008 0010 4 1671011940074494 -29.25 -68.0 1.8837284075235674 12 
0008 0005 5 1671011940101330 69.125 -70.5 1.5707963267948966 12 
0008 0013 5 1671011940120060 -16.25 -66.0 1.8100973297050567 12 
0008 0007 5 1671011940121156 117.125 -71.5 3.184544115650591 12 
0008 0006 7 1671011940198688 34.9375 -68.0 0.8897088569736719 12 
0008 0014 7 1671011940216156 -34.9375 -69.0 0.5522330836388308 12 
0008 0005 7 1671011940222913 7.3125 -69.0 0.6872233929727672 12 
0008 0004 7 1671011940236856 -159.5 -70.5 0.4295146206079795 12 
0008 0004 8 1671011940262700 7.3125 -62.0 2.748893571891069 12 
0008 0014 8 1671011940263675 6.5 -60.5 4.706253057233147 12 
0008 0005 8 1671011940264952 -7.3125 -70.5 2.024854640009046 12 
0008 0006 8 1671011940267499 -194.4375 -73.0 0.8222137023067037 12 
0008 0004 1 1671011940487632 0.0 -58.5 5.062136600022616 12 
0008 0015 1 1671011940489425 3.25 -56.0 5.092816215780329 12 
0008 0014 1 1671011940491859 -3.25 -65.0 4.166291819897402 12 
0008 0005 1 1671011940492811 68.3125 -66.0 1.6505633277649499 12 
0008 0010 1 1671011940494216 32.5 -53.5 1.368310862793992 12 
0008 0011 1 1671011940495174 24.375 -56.0 0.8835729338221293 12 
0008 0001 1 1671011940496860 65.0625 -69.5 0.5890486225480862 12 
0008 0012 1 1671011940497781 205.0625 -68.5 5.3627968344482015 12 
0008 0007 1 1671011940498789 -26.0 -59.0 4.865787059173254 12 
0008 0009 1 1671011940500315 35.75 -71.5 0.22089323345553233 12 
0008 0006 1 1671011940501870 13.8125 -69.5 1.4910293258248433 12 
0008 0005 2 1671011940527619 55.3125 -66.0 1.0369710126106935 12 
0008 0012 2 1671011940529301 19.5 -63.0 3.5281558121369745 12 
0008 0015 2 1671011940530197 -22.75 -60.0 0.030679615757712823 12 
0008 0014 2 1671011940533181 0.0 -57.0 1.7426021750380885 12 
0008 0006 2 1671011940534829 -21.125 -65.5 4.460816131171445 12 
0008 0010 2 1671011940541675 3.25 -68.5 0.36815538909255385 12 
0008 0004 2 1671011940542609 -34.9375 -61.5 4.847379289718626 12 
0008 0007 2 1671011940547052 -94.375 -68.5 2.030990563160589 12 
0008 0009 2 1671011940554935 182.25 -69.5 4.95168998329485 12 
0008 0013 2 1671011940560393 -234.3125 -70.5 5.344389064993574 12 
0008 0007 3 1671011940586630 -6.5 -57.5 3.429981041712294 12 
0008 0001 3 1671011940592183 -79.75 -69.0 3.792000507653305 12 
0008 0015 3 1671011940593101 0.0 -57.0 3.5158839658338894 12 
0008 0010 3 1671011940595275 42.3125 -62.5 0.4356505437595221 12 
0008 0013 3 1671011940596451 133.4375 -64.0 4.97623367590102 12 
0008 0005 3 1671011940599580 -22.75 -55.0 5.5284667595398505 12 
0008 0009 3 1671011940600530 -52.0625 -61.5 2.3071071049800045 12 
0008 0008 3 1671011940601902 13.0 -69.0 5.841398840268521 12 
0008 0011 3 1671011940602861 21.125 -61.0 4.847379289718626 12 
0008 0015 4 1671011940628219 3.25 -58.5 1.521708941582556 12 
0008 0007 4 1671011940630559 -6.5 -60.0 4.798291904506286 12 
0008 0011 4 1671011940633721 34.9375 -58.5 3.2581751934691017 12 
0008 0014 4 1671011940635218 3.25 -65.5 1.0492428589137786 12 
0008 0001 4 1671011940636932 133.4375 -68.5 1.6566992509164924 12 
0008 0005 4 1671011940638007 6.5 -61.0 1.2762720155208536 12 
0008 0000 4 1671011940640374 263.625 -72.5 0.23930100291016002 12 
0008 0013 4 1671011940641336 -143.1875 -69.0 0.07363107781851078 12 
0008 0004 4 1671011940642522 -24.375 -70.0 3.411573272257666 12 
0008 0012 4 1671011940644336 -6.5 -66.5 0.6442719309119693 12 
0008 0013 5 1671011940677665 -117.125 -70.5 6.135923151542564 12 
0008 0007 6 1671011940720199 39.0 -69.0 0.030679615757712823 12 
0008 0005 7 1671011940749890 59.375 -67.0 6.2034183062095325 12 
0008 0006 7 1671011940754715 7.3125 -66.0 1.227184630308513 12 
0008 0014 7 1671011940756303 21.125 -64.0 0.8835729338221293 12 
0008 0006 8 1671011940792059 45.5625 -70.0 0.44178646691106466 12 
0008 0004 8 1671011940795918 35.75 -63.5 2.2150682577068657 12 
0008 0015 8 1671011940796871 45.5625 -65.0 4.411728745959104 12 
0008 0014 8 1671011940797788 -10.5625 -67.5 2.6691265709210157 12 
0008 0004 1 1671011941016151 16.25 -57.5 4.399456899656019 12 
0008 0001 1 1671011941017073 74.8125 -65.5 4.387185053352934 12 
0008 0005 1 1671011941018019 9.75 -63.5 2.5893595699509624 12 
0008 0010 1 1671011941022228 -6.5 -54.5 1.7671458676442586 12 
0008 0015 1 1671011941024121 26.0 -67.0 6.17273869045182 12 
0008 0011 1 1671011941025079 3.25 -58.0 1.1596894756415448 12 
0008 0007 1 1671011941028766 -3.25 -60.0 5.927301764390117 12 
0008 0014 1 1671011941032245 -173.3125 -70.0 1.6321555583103222 12 
0008 0006 1 1671011941035018 -128.5625 -73.5 1.576932249946439 12 
0008 0000 1 1671011941036210 -42.3125 -71.5 6.252505691421874 12 
0008 0007 2 1671011941056795 32.5 -65.0 2.313243028131547 12 
0008 0013 2 1671011941059702 61.8125 -66.0 0.36815538909255385 12 
0008 0009 2 1671011941060651 65.0625 -67.5 5.338253141842031 12 
0008 0006 2 1671011941062331 -24.375 -68.0 3.5036121195308043 12 
0008 0010 2 1671011941063299 -120.4375 -64.0 0.37429131224409645 12 
0008 0014 2 1671011941064217 -83.0 -64.5 5.240078371417351 12 
0008 0004 2 1671011941065288 -3.25 -59.5 3.466796580621549 12 
0008 0005 2 1671011941068757 58.5625 -67.0 0.944932165337555 12 
0008 0005 3 1671011941096951 13.8125 -55.5 1.2087768608538851 12 
0008 0015 3 1671011941098130 -48.8125 -63.0 1.7119225592803755 12 
0008 0010 3 1671011941099351 35.75 -67.0 1.9082721001297376 12 
0008 0009 3 1671011941100781 91.125 -67.5 3.0925052683774528 12 
0008 0007 3 1671011941103675 39.0 -59.5 5.190990986205009 12 
0008 0014 3 1671011941108787 65.0625 -62.0 1.6260196351587797 12 
0008 0011 3 1671011941114972 -26.0 -65.5 6.2463697682703305 12 
0008 0013 3 1671011941116358 26.0 -65.0 3.436116964863836 12 
0008 0004 3 1671011941120562 -114.6875 -71.5 2.3746022596469727 12 
0008 0000 4 1671011941156265 -55.3125 -69.5 2.116893487282185 12 
0008 0014 4 1671011941157692 22.75 -59.5 2.086213871524472 12 
0008 0001 4 1671011941159798 -7.3125 -67.5 2.742757648739526 12 
0008 0013 4 1671011941161911 -13.0 -59.5 0.04908738521234052 12 
0008 0005 4 1671011941164111 22.75 -60.5 2.061670178918302 12 
0008 0012 4 1671011941165726 -38.1875 -72.0 1.8285050991596843 12 
0008 0015 4 1671011941167853 6.5 -56.5 0.8099418560036186 12 
0008 0007 4 1671011941170246 13.0 -57.5 5.258486140871978 12 
0008 0011 4 1671011941173938 7.3125 -62.0 3.8840393549264434 12 
0008 0010 4 1671011941174876 71.5625 -69.5 2.5157284921324514 12 
0008 0005 5 1671011941215876 -73.1875 -69.0 1.282407938672396 12 
0008 0013 5 1671011941217962 -126.9375 -66.5 3.117048960983623 12 
0008 0007 5 1671011941221763 65.0625 -67.0 2.423689644859313 12 
0008 0007 6 1671011941252017 13.0 -68.5 0.34974761963792617 12 
0008 0015 6 1671011941260543 -3.25 -70.0 3.7122335066832517 12 
0008 0006 7 1671011941291738 -79.75 -70.0 0.4356505437595221 12 
0008 0015 7 1671011941294110 -91.125 -69.0 2.1659808724945253 12 
0008 0014 7 1671011941297070 -79.75 -66.5 0.3620194659410113 12 
0008 0004 7 1671011941299183 -55.3125 -67.5 6.22182607566416 12 
0008 0005 7 1671011941301532 -34.9375 -69.0 5.945709533844745 12 
0008 0004 8 1671011941338803 22.75 -63.0 1.4971652489763858 12 
0008 0014 8 1671011941344846 17.0625 -59.5 4.589670517353839 12 
0008 0012 8 1671011941348734 39.0 -69.5 1.6873788666742053 12 
0008 0009 1 1671011941565915 55.3125 -71.0 1.0737865515199487 12 
0008 0007 1 1671011941568695 -22.75 -59.0 5.608233760509904 12 
0008 0015 1 1671011941569646 6.5 -55.5 5.632777453116074 12 
0008 0004 1 1671011941571587 3.25 -60.0 5.393476450205914 12 
0008 0011 1 1671011941572492 30.875 -54.5 1.705786636128833 12 
0008 0006 1 1671011941573650 27.625 -69.5 2.061670178918302 12 
0008 0010 1 1671011941575762 6.5 -52.5 2.0064468705544187 12 
0008 0001 1 1671011941577815 55.3125 -66.0 2.3071071049800045 12 
0008 0012 1 1671011941578734 -163.5625 -71.0 0.09817477042468103 12 
0008 0005 1 1671011941581455 117.9375 -71.0 2.2948352586769194 12 
0008 0008 1 1671011941582446 -78.0625 -70.0 1.3744467859455345 12 
0008 0014 1 1671011941585563 -83.0 -69.0 4.430136515413731 12 
0008 0004 2 1671011941616141 -22.75 -59.0 4.97623367590102 12 
0008 0007 2 1671011941617305 -74.8125 -66.0 3.3502140407422405 12 
0008 0014 2 1671011941619316 26.0 -58.5 1.9573594853420782 12 
0008 0015 2 1671011941621405 -61.8125 -62.0 0.4111068511533518 12 
0008 0012 2 1671011941622579 -19.5 -61.5 4.325825821837508 12 
0008 0009 2 1671011941627687 -152.9375 -70.0 5.878214379177777 12 
0008 0005 2 1671011941629129 159.5 -64.5 2.0371264863121317 12 
0008 0010 2 1671011941635348 -39.0 -68.5 1.0185632431560658 12 
0008 0010 3 1671011941665917 -26.0 -64.0 0.8651651643675016 12 
0008 0004 3 1671011941667646 107.375 -69.0 1.9757672547967058 12 
0008 0011 3 1671011941669058 17.0625 -63.0 5.436427912266712 12 
0008 0005 3 1671011941670340 0.0 -55.5 0.25157284921324513 12 
0008 0015 3 1671011941675392 -45.5625 -59.5 3.9944859716542096 12 
0008 0009 3 1671011941677037 156.1875 -63.5 2.313243028131547 12 
0008 0007 3 1671011941677985 -9.75 -61.5 4.577398671050753 12 
0008 0001 3 1671011941679330 143.1875 -67.5 3.356349963893783 12 
0008 0005 4 1671011941708145 -16.25 -61.5 1.607611865704152 12 
0008 0004 4 1671011941709263 26.0 -68.0 3.067961575771282 12 
0008 0000 4 1671011941710471 211.5625 -73.0 5.7616318392984684 12 
0008 0001 4 1671011941711870 -29.25 -69.5 0.803805932852076 12 
0008 0007 4 1671011941713745 -26.0 -59.0 4.902602598082509 12 
0008 0006 4 1671011941714750 -159.5 -72.0 4.626486056263094 12 
0008 0012 4 1671011941715711 16.25 -66.5 1.3560390164909069 12 
0008 0011 4 1671011941717151 27.625 -60.5 3.5956509668039427 12 
0008 0013 4 1671011941718100 84.625 -72.0 0.32520392703175593 12 
0008 0014 4 1671011941719968 38.1875 -65.0 1.6382914814618648 12 
0008 0015 4 1671011941723584 16.25 -60.0 1.7916895602504288 12 
0008 0005 5 1671011941749494 -126.9375 -70.0 0.22089323345553233 12 
0008 0004 5 1671011941751507 27.625 -69.5 1.8837284075235674 12 
0008 0007 5 1671011941755788 -39.0 -66.0 1.5707963267948966 12 
0008 0007 6 1671011941787657 -6.5 -69.0 6.025476534814799 12 
0008 0015 6 1671011941793040 42.3125 -69.5 3.2090878082567613 12 
0008 0006 7 1671011941836208 52.0625 -67.0 1.3437671701878218 12 
0008 0005 7 1671011941843871 -32.5 -69.0 5.21553467881118 12 
0008 0007 7 1671011941851961 -136.6875 -70.5 1.4542137869155878 12 
0008 0014 7 1671011941855409 65.0625 -66.0 0.7485826244881929 12 
0008 0004 8 1671011941879466 9.75 -64.0 2.3746022596469727 12 
0008 0015 8 1671011941886374 3.25 -68.5 3.650874275167826 12 
0008 0014 8 1671011941889662 38.1875 -66.5 2.5893595699509624 12 
0008 0006 8 1671011941890851 58.5625 -69.0 6.2463697682703305 12 
0008 0007 1 1671011942109925 0.0 -60.0 0.19634954084936207 12 
0008 0001 1 1671011942110906 -30.875 -67.0 0.17794177139473438 12 
0008 0010 1 1671011942112035 0.0 -56.0 2.116893487282185 12 
0008 0000 1 1671011942112961 6.5 -72.0 6.1850105367549055 12 
0008 0011 1 1671011942114411 0.0 -59.0 1.5830681730979816 12 
0008 0004 1 1671011942116959 10.5625 -59.5 4.399456899656019 12 
0008 0005 1 1671011942118531 -19.5 -64.5 3.6017868899554855 12 
0008 0006 1 1671011942120139 -79.75 -69.5 1.4542137869155878 12 
0008 0015 1 1671011942123494 52.0625 -67.0 0.4540583132141498 12 
0008 0009 1 1671011942125973 -78.0625 -73.0 1.3130875544301088 12 
0008 0014 1 1671011942126935 121.25 -69.0 1.1290098598838318 12 
0008 0007 2 1671011942149624 -19.5 -64.0 2.988194574801229 12 
0008 0004 2 1671011942152555 -32.5 -57.5 2.988194574801229 12 
0008 0006 2 1671011942153489 -90.3125 -69.5 2.6445828783148455 12 
0008 0005 2 1671011942154836 253.875 -65.0 1.6812429435226628 12 
0008 0010 2 1671011942155783 45.5625 -65.5 0.2761165418194154 12 
0008 0014 2 1671011942157131 -281.5625 -67.5 6.264777537724958 12 
0008 0009 2 1671011942158742 146.4375 -69.5 5.399612373357457 12 
0008 0013 2 1671011942159674 16.25 -67.5 0.4111068511533518 12 
0008 0013 3 1671011942188518 71.5625 -67.0 4.006757817957295 12 
0008 0014 3 1671011942193880 -24.375 -60.0 1.5892040962495242 12 
0008 0007 3 1671011942195087 35.75 -60.5 5.098952138931871 12 
0008 0005 3 1671011942196216 3.25 -55.0 0.9756117810952678 12 
0008 0011 3 1671011942198446 52.0625 -65.5 5.773903685601553 12 
0008 0015 3 1671011942199610 -19.5 -64.0 2.4850488763747385 12 
0008 0010 3 1671011942201067 -16.25 -69.0 1.8530487917658545 12 
0008 0009 3 1671011942202030 65.875 -68.0 2.497320722677824 12 
0008 0004 3 1671011942204915 -22.75 -66.5 1.8960002538266525 12 
0008 0014 4 1671011942228620 21.125 -61.0 2.337786720737717 12 
0008 0001 4 1671011942229524 -7.3125 -69.0 1.8223691760081417 12 
0008 0007 4 1671011942230960 -35.75 -56.5 5.197126909356553 12 
0008 0011 4 1671011942233114 27.625 -63.5 3.785864584501762 12 
0008 0015 4 1671011942234307 29.25 -55.5 1.055378782065321 12 
0008 0013 4 1671011942239386 19.5 -59.5 0.21475731030398976 12 
0008 0000 4 1671011942241043 87.875 -70.0 1.2762720155208536 12 
0008 0005 4 1671011942242469 -9.75 -60.0 1.9205439464328227 12 
0008 0012 4 1671011942244690 162.75 -71.5 2.061670178918302 12 
0008 0007 5 1671011942279994 -58.5625 -70.0 1.945087639038993 12 
0008 0005 5 1671011942285556 62.625 -68.0 0.9633399347921826 12 
0008 0013 5 1671011942295366 -136.6875 -67.0 3.7981364308048478 12 
0008 0015 6 1671011942328159 71.5625 -70.5 3.3379421944391554 12 
0008 0007 6 1671011942329352 -48.8125 -70.0 0.14726215563702155 12 
0008 0015 7 1671011942366551 -71.5625 -69.0 1.9205439464328227 12 
0008 0014 7 1671011942373179 19.5 -65.5 6.22182607566416 12 
0008 0005 7 1671011942380526 143.1875 -68.5 5.559146375297564 12 
0008 0006 7 1671011942382416 -87.0625 -70.0 0.4908738521234052 12 
0008 0014 8 1671011942409588 -6.5 -57.0 4.76147636559703 12 
0008 0006 8 1671011942410519 -7.3125 -73.0 0.5890486225480862 12 
0008 0005 8 1671011942413906 -26.0 -72.5 1.8223691760081417 12 
0008 0004 8 1671011942417264 32.5 -62.5 1.000155473701438 12 
0008 0006 1 1671011942645937 32.5 -68.5 2.3071071049800045 12 
0008 0011 1 1671011942648032 -10.5625 -54.0 2.429825568010856 12 
0008 0012 1 1671011942651204 -9.75 -67.5 0.7792622402459057 12 
0008 0014 1 1671011942652153 -135.0625 -69.0 4.675573441475434 12 
0008 0015 1 1671011942654073 -22.75 -55.0 5.957981380147831 12 
0008 0007 1 1671011942655251 -29.25 -59.5 5.8659425328746915 12 
0008 0001 1 1671011942656184 68.3125 -65.5 2.030990563160589 12 
0008 0010 1 1671011942662153 35.75 -53.5 2.098485717827557 12 
0008 0009 1 1671011942663074 87.875 -71.5 1.0615147052168636 12 
0008 0004 1 1671011942663994 29.25 -60.5 6.215690152512618 12 
0008 0012 2 1671011942706023 61.8125 -61.5 4.95168998329485 12 
0008 0005 2 1671011942710017 22.75 -62.5 2.2212041808584084 12 
0008 0007 2 1671011942713278 -22.75 -65.5 3.902447124381071 12 
0008 0015 2 1671011942714455 42.3125 -60.5 0.8651651643675016 12 
0008 0014 2 1671011942716236 -13.0 -57.0 2.454369260617026 12 
0008 0004 2 1671011942718075 -79.75 -59.5 5.835262917116979 12 
0008 0006 2 1671011942721660 27.625 -67.0 4.963961829597935 12 
0008 0011 3 1671011942768334 -13.8125 -60.5 4.1172044346850605 12 
0008 0009 3 1671011942769624 -22.75 -64.0 1.6812429435226628 12 
0008 0005 3 1671011942770843 -52.0625 -56.0 5.976389149602458 12 
0008 0010 3 1671011942771835 35.75 -64.0 6.178874613603362 12 
0008 0007 3 1671011942775564 16.25 -63.0 3.773592738198677 12 
0008 0015 3 1671011942776502 -45.5625 -61.5 3.877903431774901 12 
0008 0004 3 1671011942784649 3.25 -71.0 1.1903690913992575 12 
0008 0012 3 1671011942789854 -81.375 -72.0 0.23316507975861744 12 
0008 0000 3 1671011942791192 107.375 -70.5 1.7241944055834606 12 
0008 0006 4 1671011942815920 -107.375 -71.0 3.9760782021995817 12 
0008 0012 4 1671011942817377 -16.25 -65.0 1.1167380135807468 12 
0008 0000 4 1671011942819460 35.75 -67.5 0.9387962421860124 12 
0008 0011 4 1671011942820399 0.0 -57.5 2.6139032625571326 12 
0008 0007 4 1671011942823266 -6.5 -58.5 4.276738436625168 12 
0008 0015 4 1671011942824205 -6.5 -59.5 1.227184630308513 12 
0008 0005 4 1671011942825389 0.0 -61.5 1.1106020904292042 12 
0008 0014 4 1671011942826370 41.5 -72.0 0.4970097752749477 12 
0008 0013 4 1671011942827330 9.75 -66.0 1.3621749396424494 12 
0008 0004 4 1671011942830550 -55.3125 -70.0 2.718213956133356 12 
0008 0001 4 1671011942832389 -26.0 -70.0 0.03681553890925539 12 
0008 0007 5 1671011942869492 22.75 -67.0 1.7671458676442586 12 
0008 0005 5 1671011942872995 246.5625 -71.0 0.15339807878856412 12 
0008 0015 6 1671011942920805 -74.8125 -70.0 2.804116880254952 12 
0008 0007 6 1671011942921770 13.0 -69.5 5.976389149602458 12 
0008 0005 7 1671011942954815 -97.625 -65.5 5.436427912266712 12 
0008 0014 7 1671011942956937 -6.5 -65.0 0.05522330836388308 12 
0008 0006 7 1671011942960541 -131.8125 -66.5 0.8528933180644165 12 
0008 0015 8 1671011942989811 -81.375 -66.5 4.368777283898306 12 
0008 0014 8 1671011942990772 -16.25 -64.5 4.565126824747668 12 
0008 0004 8 1671011942991719 32.5 -63.0 1.761009944492716 12 
0008 0006 8 1671011942996745 7.3125 -72.5 0.11658253987930872 12 
0008 0007 1 1671011943218586 9.75 -60.5 0.9142525495798421 12 
0008 0004 1 1671011943220059 -10.5625 -57.5 5.2768939103266055 12 
0008 0011 1 1671011943220977 19.5 -58.0 2.1966604882522383 12 
0008 0015 1 1671011943221912 0.0 -67.5 1.055378782065321 12 
0008 0014 1 1671011943222849 24.375 -66.0 2.435961491162398 12 
0008 0010 1 1671011943223815 29.25 -58.0 2.2089323345553233 12 
0008 0005 1 1671011943225695 21.125 -64.5 3.761320891895592 12 
0008 0000 1 1671011943228863 71.5625 -70.5 0.7240389318820226 12 
0008 0006 1 1671011943231030 13.8125 -71.0 2.3009711818284617 12 
0008 0001 1 1671011943232490 -19.5 -65.5 5.878214379177777 12 
0008 0009 1 1671011943233836 22.75 -67.5 1.6260196351587797 12 
0008 0004 2 1671011943256782 0.0 -58.0 3.9638063558964967 12 
0008 0010 2 1671011943261116 -29.25 -64.5 1.2210487071569704 12 
0008 0005 2 1671011943263553 24.375 -63.5 2.2580197197676637 12 
0008 0009 2 1671011943265174 0.0 -66.5 5.994796919057086 12 
0008 0006 2 1671011943266764 76.4375 -67.5 3.877903431774901 12 
0008 0007 2 1671011943270682 87.875 -65.0 3.141592653589793 12 
0008 0015 3 1671011943307136 -35.75 -60.0 1.2701360923693108 12 
0008 0008 3 1671011943308112 19.5 -70.0 0.7669903939428205 12 
0008 0014 3 1671011943309270 3.25 -59.0 1.846912868614312 12 
0008 0007 3 1671011943311914 113.875 -63.0 5.755495916146925 12 
0008 0005 3 1671011943314141 -26.0 -57.0 1.4173982480063325 12 
0008 0009 3 1671011943315031 9.75 -66.0 3.160000423044421 12 
0008 0011 3 1671011943316943 -45.5625 -64.5 5.816855147662351 12 
0008 0004 3 1671011943320527 79.75 -68.0 1.9144080232812801 12 
0008 0013 3 1671011943338891 -61.8125 -69.0 3.933126740138784 12 
0008 0015 4 1671011943373007 -13.0 -55.0 0.2086213871524472 12 
0008 0005 4 1671011943373953 16.25 -59.5 1.8039614065535141 12 
0008 0001 4 1671011943377053 30.875 -69.0 1.6198837120072371 12 
0008 0011 4 1671011943378253 -117.9375 -63.0 3.7981364308048478 12 
0008 0007 4 1671011943379684 -22.75 -58.0 5.006913291658733 12 
0008 0014 4 1671011943381114 -48.8125 -61.0 2.3930100291016 12 
0008 0013 4 1671011943382580 0.0 -59.0 6.1420590746941075 12 
0008 0000 4 1671011943384724 58.5625 -68.5 1.5585244804918115 12 
0008 0004 4 1671011943388097 39.0 -70.5 2.454369260617026 12 
0008 0007 5 1671011943425990 -16.25 -69.0 1.6444274046134073 12 
0008 0013 5 1671011943429594 -71.5625 -68.5 3.2827188860752723 12 
0008 0005 5 1671011943434937 -48.8125 -68.5 0.5338253141842031 12 
0008 0007 6 1671011943467444 -68.3125 -68.5 0.05522330836388308 12 
0008 0015 6 1671011943479794 -68.3125 -69.0 2.325514874434632 12 
0008 0005 7 1671011943517113 0.0 -67.5 5.356660911296659 12 
0008 0004 7 1671011943520879 169.25 -69.0 5.982525072754001 12 
0008 0014 7 1671011943523798 22.75 -64.5 6.2463697682703305 12 
0008 0006 7 1671011943527722 -114.6875 -69.0 0.8897088569736719 12 
0008 0005 8 1671011943555947 156.1875 -69.5 1.8653206380689396 12 
0008 0014 8 1671011943557672 10.5625 -61.5 4.509903516383785 12 
0008 0015 8 1671011943561477 -48.8125 -69.5 3.663146121470911 12 
0008 0004 8 1671011943568020 -29.25 -63.5 1.4726215563702154 12 
0008 0006 1 1671011943786145 35.75 -69.5 2.405281875404685 12 
0008 0011 1 1671011943789557 7.3125 -53.5 2.5770877236478773 12 
0008 0015 1 1671011943790524 3.25 -54.0 6.1850105367549055 12 
0008 0001 1 1671011943791700 41.5 -63.0 2.1230294104337273 12 
0008 0010 1 1671011943795713 3.25 -52.0 1.945087639038993 12 
0008 0007 1 1671011943796680 -13.0 -59.5 0.34974761963792617 12 
0008 0004 1 1671011943797643 -83.0 -60.0 0.12885438618239387 12 
0008 0012 1 1671011943798648 -55.3125 -72.5 0.6688156235181395 12 
0008 0009 1 1671011943800825 71.5625 -69.0 1.368310862793992 12 
0008 0014 1 1671011943803142 13.8125 -66.0 5.338253141842031 12 
0008 0005 2 1671011943836169 -55.3125 -62.0 2.6261751088602177 12 
0008 0009 2 1671011943838721 244.125 -71.0 5.203262832508095 12 
0008 0006 2 1671011943840262 -65.875 -64.0 5.737088146692298 12 
0008 0004 2 1671011943841702 74.8125 -59.5 6.22182607566416 12 
0008 0015 2 1671011943842866 16.25 -57.5 1.1535535524900022 12 
0008 0012 2 1671011943843831 39.0 -61.0 4.743068596142402 12 
0008 0014 2 1671011943844759 0.0 -58.5 2.8286605728611223 12 
0008 0007 2 1671011943846326 -55.3125 -66.5 4.565126824747668 12 
0008 0010 3 1671011943886046 3.25 -61.5 6.043884304269426 12 
0008 0005 3 1671011943890039 -45.5625 -56.5 5.559146375297564 12 
0008 0012 3 1671011943892189 -159.5 -68.5 5.178719139901925 12 
0008 0009 3 1671011943893151 -55.3125 -61.5 1.5033011721279284 12 
0008 0007 3 1671011943894117 29.25 -66.0 4.460816131171445 12 
0008 0011 3 1671011943895600 10.5625 -62.5 4.000621894805752 12 
0008 0004 3 1671011943901255 -104.125 -71.0 1.6444274046134073 12 
0008 0001 4 1671011943936160 42.3125 -67.5 5.0682725231741586 12 
0008 0005 4 1671011943937076 -6.5 -61.5 0.7424467013366504 12 
0008 0007 4 1671011943938439 -26.0 -58.0 4.147884050442774 12 
0008 0012 4 1671011943943525 19.5 -63.5 0.3436116964863836 12 
0008 0014 4 1671011943945000 -3.25 -68.5 1.1167380135807468 12 
0008 0011 4 1671011943947889 -10.5625 -58.0 2.8716120349219203 12 
0008 0015 4 1671011943949281 -6.5 -60.0 0.6504078540635119 12 
0008 0006 4 1671011943951774 -65.875 -71.5 4.06811704947272 12 
0008 0004 4 1671011943954377 100.875 -68.0 2.730485802436441 12 
0008 0000 4 1671011943957475 -58.5625 -74.0 5.5284667595398505 12 
0008 0007 5 1671011943987143 -55.3125 -66.0 1.8223691760081417 12 
0008 0015 6 1671011944025874 45.5625 -70.5 2.1598449493429825 12 
0008 0007 6 1671011944031421 247.375 -69.5 5.602097837358362 12 
0008 0014 7 1671011944076929 -48.8125 -68.0 0.8467573949128739 12 
0008 0006 7 1671011944080029 -93.5625 -68.0 0.9940195505498954 12 
0008 0015 7 1671011944089129 -61.8125 -68.5 0.23316507975861744 12 
0008 0005 7 1671011944090064 52.0625 -65.5 5.595961914206819 12 
0008 0004 8 1671011944123291 22.75 -63.5 2.9759227284981438 12 
0008 0014 8 1671011944125826 -41.5 -70.0 3.3379421944391554 12 
0008 0006 8 1671011944126801 48.8125 -71.0 0.7731263170943632 12 
0008 0015 8 1671011944128008 9.75 -66.5 5.675728915176872 12 
