0005 0011 1 1671005356085948 -58.5625 -68.0 5.160311370447297 1 
0005 0007 1 1671005356086923 -6.5 -65.5 0.4295146206079795 1 
0005 0005 1 1671005356087886 35.75 -55.0 1.2640001692177683 1 
0005 0013 1 1671005356089093 78.0625 -67.5 2.5709518004963345 1 
0005 0015 1 1671005356091418 55.3125 -61.5 2.043262409463674 1 
0005 0014 1 1671005356104460 -78.0625 -68.0 0.9019807032767571 1 
0005 0007 2 1671005356136230 -19.5 -63.5 0.6565437772150544 1 
0005 0015 2 1671005356144433 81.375 -62.0 1.368310862793992 1 
0005 0013 2 1671005356148911 16.25 -69.5 5.178719139901925 1 
0005 0006 3 1671005356180143 -19.5 -56.0 5.792311455056181 1 
0005 0004 3 1671005356182536 24.375 -54.5 2.8654761117703775 1 
0005 0013 3 1671005356188147 -48.8125 -69.5 5.049864753719531 1 
0005 0012 3 1671005356189068 6.5 -63.0 1.509437095279471 1 
0005 0014 3 1671005356190005 61.8125 -64.5 1.7119225592803755 1 
0005 0006 4 1671005356216935 -6.5 -55.5 5.7616318392984684 1 
0005 0004 4 1671005356225761 -6.5 -57.0 3.6999616603801666 1 
0005 0008 4 1671005356237204 78.0625 -68.5 0.9387962421860124 1 
0005 0015 5 1671005356276204 -65.0625 -68.5 4.430136515413731 1 
0005 0010 5 1671005356277157 74.8125 -64.0 1.9819031779482483 1 
0005 0007 5 1671005356278065 -32.5 -59.5 3.2765829629237295 1 
0005 0011 5 1671005356283270 -26.0 -65.5 3.773592738198677 1 
0005 0014 5 1671005356284204 -22.75 -60.0 4.0987966652304335 1 
0005 0009 5 1671005356285399 240.875 -69.0 4.516039439535327 1 
0005 0006 5 1671005356288029 -3.25 -55.5 5.9088939949354895 1 
0005 0012 5 1671005356288952 19.5 -57.0 1.012427320004523 1 
0005 0004 5 1671005356290399 34.9375 -64.0 1.9389517158874505 1 
0005 0005 5 1671005356295908 81.375 -66.5 2.724349879284899 1 
0005 0013 5 1671005356297158 -16.25 -67.5 4.23378697456437 1 
0005 0013 6 1671005356325956 6.5 -57.5 1.5892040962495242 1 
0005 0008 6 1671005356332041 -35.75 -69.0 5.178719139901925 1 
0005 0005 6 1671005356333019 42.3125 -71.5 3.0127382674073995 1 
0005 0007 6 1671005356334506 -22.75 -59.0 4.847379289718626 1 
0005 0012 6 1671005356335499 -9.75 -56.5 4.479223900626073 1 
0005 0004 6 1671005356337725 -52.0625 -67.5 1.7119225592803755 1 
0005 0015 6 1671005356339555 9.75 -59.0 5.356660911296659 1 
0005 0006 6 1671005356342386 139.9375 -71.5 3.153864499892878 1 
0005 0013 7 1671005356376255 35.75 -63.0 2.3746022596469727 1 
0005 0004 7 1671005356378648 -139.125 -65.5 3.32567034813607 1 
0005 0014 7 1671005356380077 19.5 -66.0 1.9573594853420782 1 
0005 0012 7 1671005356385673 -52.0625 -58.0 4.387185053352934 1 
0005 0015 7 1671005356390375 -26.0 -64.5 5.859806609723149 1 
0005 0007 7 1671005356391253 13.0 -69.5 2.9206994201342606 1 
0005 0012 8 1671005356428823 -78.0625 -63.5 3.6324665057131984 1 
0005 0011 8 1671005356429775 -32.5 -68.0 2.662990647769473 1 
0005 0015 8 1671005356430712 -32.5 -60.0 3.552699504743145 1 
0005 0013 8 1671005356433164 -39.0 -71.0 5.240078371417351 1 
0005 0005 8 1671005356434124 22.75 -68.5 5.835262917116979 1 
0005 0006 8 1671005356440496 32.5 -66.0 2.9268353432858034 1 
0005 0007 8 1671005356441416 -13.0 -57.5 4.485359823777615 1 
0005 0014 8 1671005356442321 -9.75 -61.5 5.006913291658733 1 
0005 0015 1 1671005356656951 19.5 -61.5 2.1659808724945253 1 
0005 0014 1 1671005356658199 -97.625 -67.0 1.0062913968529805 1 
0005 0007 1 1671005356661783 6.5 -66.0 0.4970097752749477 1 
0005 0005 1 1671005356664957 22.75 -55.0 1.325359400733194 1 
0005 0009 1 1671005356666379 -224.5625 -73.5 2.3316507975861747 1 
0005 0013 1 1671005356668821 -97.625 -67.0 2.8409324191642074 1 
0005 0011 1 1671005356677832 -48.8125 -67.0 5.197126909356553 1 
0005 0013 2 1671005356710189 -201.8125 -69.5 5.436427912266712 1 
0005 0015 2 1671005356714046 16.25 -61.0 1.4542137869155878 1 
0005 0007 2 1671005356722073 61.8125 -64.0 0.5154175447295755 1 
0005 0006 3 1671005356756963 0.0 -56.5 5.773903685601553 1 
0005 0014 3 1671005356764746 29.25 -65.5 1.7426021750380885 1 
0005 0004 3 1671005356767898 13.0 -54.5 2.8286605728611223 1 
0005 0012 3 1671005356770578 -9.75 -63.0 1.5585244804918115 1 
0005 0013 3 1671005356774636 -214.8125 -70.0 5.221670601962723 1 
0005 0004 4 1671005356808179 -3.25 -57.5 3.736777199289422 1 
0005 0008 4 1671005356815651 48.8125 -69.0 0.9633399347921826 1 
0005 0006 4 1671005356822559 -29.25 -55.5 5.773903685601553 1 
0005 0009 5 1671005356856006 58.5625 -70.5 4.902602598082509 1 
0005 0010 5 1671005356858587 6.5 -64.0 2.1782527187976104 1 
0005 0014 5 1671005356860032 -42.3125 -60.0 4.166291819897402 1 
0005 0012 5 1671005356861885 16.25 -56.0 1.0492428589137786 1 
0005 0007 5 1671005356865908 16.25 -59.5 3.1968159619536762 1 
0005 0006 5 1671005356866798 19.5 -55.5 5.822991070813893 1 
0005 0005 5 1671005356870962 -34.9375 -67.0 2.988194574801229 1 
0005 0004 5 1671005356871866 19.5 -63.5 1.9819031779482483 1 
0005 0015 5 1671005356873073 13.0 -69.0 4.368777283898306 1 
0005 0011 5 1671005356874040 39.0 -65.5 3.736777199289422 1 
0005 0013 5 1671005356881360 -55.3125 -67.5 4.215379205109742 1 
0005 0013 6 1671005356906892 13.0 -57.5 1.6014759425526093 1 
0005 0007 6 1671005356909122 0.0 -59.0 4.7860200582032 1 
0005 0005 6 1671005356912670 -97.625 -70.5 3.2888548092268146 1 
0005 0006 6 1671005356914341 104.125 -73.0 3.380893656499953 1 
0005 0004 6 1671005356915286 62.625 -68.0 1.552388557340269 1 
0005 0012 6 1671005356916503 -19.5 -56.5 4.485359823777615 1 
0005 0008 6 1671005356922618 -45.5625 -68.0 5.062136600022616 1 
0005 0015 6 1671005356927209 9.75 -59.5 5.3198453723874035 1 
0005 0013 7 1671005356957775 22.75 -63.0 2.3930100291016 1 
0005 0012 7 1671005356958968 -35.75 -59.0 4.399456899656019 1 
0005 0004 7 1671005356959929 39.0 -66.5 3.0066023442558567 1 
0005 0015 7 1671005356970142 84.625 -64.0 5.681864838328415 1 
0005 0014 7 1671005356976560 39.0 -66.0 1.9389517158874505 1 
0005 0005 8 1671005357006891 -32.5 -68.5 5.7616318392984684 1 
0005 0010 8 1671005357008765 -100.875 -70.0 3.485204350076177 1 
0005 0014 8 1671005357009699 -39.0 -61.5 5.043728830567988 1 
0005 0011 8 1671005357012734 -32.5 -67.5 2.6691265709210157 1 
0005 0006 8 1671005357014132 -9.75 -65.5 3.0127382674073995 1 
0005 0015 8 1671005357016017 -3.25 -59.5 3.5036121195308043 1 
0005 0013 8 1671005357017184 -100.875 -71.0 5.21553467881118 1 
0005 0007 8 1671005357018091 -29.25 -57.5 4.540583132141498 1 
0005 0012 8 1671005357024372 -58.5625 -63.5 3.6570101983193686 1 
0005 0005 1 1671005357238840 10.5625 -55.5 1.41126232485479 1 
0005 0014 1 1671005357240828 48.8125 -68.0 0.7915340865489908 1 
0005 0013 1 1671005357246704 -74.8125 -68.0 2.8777479580734626 1 
0005 0007 1 1671005357251237 39.0 -66.0 0.6565437772150544 1 
0005 0015 1 1671005357252131 16.25 -62.0 2.2212041808584084 1 
0005 0011 1 1671005357253085 -81.375 -67.5 5.460971604872882 1 
0005 0015 2 1671005357287737 9.75 -62.5 1.4542137869155878 1 
0005 0007 2 1671005357300249 22.75 -63.5 0.5338253141842031 1 
0005 0013 2 1671005357301303 -42.3125 -69.0 5.031456984264903 1 
0005 0006 3 1671005357328264 -22.75 -56.0 5.896622148632405 1 
0005 0004 3 1671005357329210 -3.25 -54.5 2.9206994201342606 1 
0005 0012 3 1671005357336481 -13.0 -63.0 1.607611865704152 1 
0005 0014 3 1671005357337375 -65.0625 -65.0 1.932815792735908 1 
0005 0013 3 1671005357340336 -126.9375 -70.0 5.301437602932776 1 
0005 0008 4 1671005357376235 91.125 -68.0 1.227184630308513 1 
0005 0006 4 1671005357381457 19.5 -55.5 5.71868037723767 1 
0005 0004 4 1671005357384665 -3.25 -57.0 3.816544200259475 1 
0005 0009 4 1671005357402882 146.4375 -75.0 4.270602513473625 1 
0005 0014 5 1671005357426444 -16.25 -59.5 4.154019973594316 1 
0005 0011 5 1671005357427601 0.0 -65.0 3.6999616603801666 1 
0005 0013 5 1671005357428574 -113.875 -67.5 4.246058820867455 1 
0005 0004 5 1671005357429776 -52.0625 -63.5 2.098485717827557 1 
0005 0007 5 1671005357432437 6.5 -59.5 3.1354567304382504 1 
0005 0010 5 1671005357436763 87.875 -63.5 2.061670178918302 1 
0005 0015 5 1671005357439603 -214.8125 -71.0 4.620350133111551 1 
0005 0012 5 1671005357441738 9.75 -56.5 1.1044661672776617 1 
0005 0005 5 1671005357442913 55.3125 -66.0 2.8102528034064944 1 
0005 0006 5 1671005357443873 -22.75 -55.5 5.8475347634200645 1 
0005 0009 5 1671005357448750 -130.1875 -69.0 5.111223985234957 1 
0005 0007 6 1671005357475995 -22.75 -59.0 4.749204519293945 1 
0005 0015 6 1671005357478236 -9.75 -59.0 5.350524988145116 1 
0005 0013 6 1671005357481511 9.75 -57.0 1.5278448647340985 1 
0005 0005 6 1671005357485428 9.75 -70.5 3.1784081924990484 1 
0005 0004 6 1671005357487384 38.1875 -67.0 1.2946797849754812 1 
0005 0012 6 1671005357488346 9.75 -56.0 4.430136515413731 1 
0005 0008 6 1671005357490754 -13.0 -66.5 5.589825991055276 1 
0005 0013 7 1671005357531646 -52.0625 -62.5 2.405281875404685 1 
0005 0012 7 1671005357534946 13.0 -59.0 4.289010282928253 1 
0005 0014 7 1671005357538778 61.8125 -66.5 1.9082721001297376 1 
0005 0004 7 1671005357541388 -125.3125 -64.5 3.3195344249845276 1 
0005 0007 7 1671005357547247 -104.125 -69.0 3.000466421104314 1 
0005 0015 7 1671005357549062 16.25 -65.0 5.780039608753096 1 
0005 0010 8 1671005357576276 -48.8125 -71.5 3.3502140407422405 1 
0005 0007 8 1671005357577156 -32.5 -57.5 4.430136515413731 1 
0005 0011 8 1671005357579441 16.25 -68.5 2.509592568980909 1 
0005 0006 8 1671005357580626 0.0 -66.0 2.9391071895888885 1 
0005 0005 8 1671005357582815 34.9375 -69.0 5.460971604872882 1 
0005 0012 8 1671005357584317 9.75 -63.0 3.411573272257666 1 
0005 0014 8 1671005357589638 16.25 -62.5 4.908738521234052 1 
0005 0015 8 1671005357590605 26.0 -60.5 3.411573272257666 1 
0005 0013 8 1671005357595378 6.5 -71.5 5.123495831538041 1 
0005 0011 1 1671005357808286 -39.0 -69.0 5.098952138931871 1 
0005 0014 1 1671005357809718 39.0 -68.0 0.7424467013366504 1 
0005 0013 1 1671005357812055 3.25 -71.5 2.6568547246179306 1 
0005 0009 1 1671005357819591 -26.0 -70.5 3.3870295796514958 1 
0005 0015 1 1671005357822244 -13.0 -62.0 2.2518837966161214 1 
0005 0007 1 1671005357824822 -71.5625 -65.0 0.36815538909255385 1 
0005 0005 1 1671005357825752 10.5625 -54.5 1.086058397823034 1 
0005 0015 2 1671005357856034 3.25 -64.0 1.4664856332186729 1 
0005 0007 2 1671005357866481 -13.0 -65.5 0.1718058482431918 1 
0005 0011 2 1671005357876222 -104.125 -69.5 1.3744467859455345 1 
0005 0013 2 1671005357877644 179.0 -69.0 4.626486056263094 1 
0005 0005 2 1671005357882687 -166.8125 -69.5 1.3192234775816514 1 
0005 0013 3 1671005357917122 205.0625 -70.0 5.092816215780329 1 
0005 0004 3 1671005357919477 0.0 -55.0 2.84706834231575 1 
0005 0012 3 1671005357920716 6.5 -63.0 2.5034566458293663 1 
0005 0009 3 1671005357921913 117.125 -64.0 3.877903431774901 1 
0005 0014 3 1671005357929314 -65.0625 -68.5 1.8775924843720249 1 
0005 0006 3 1671005357931152 -13.0 -56.0 6.166602767300278 1 
0005 0012 4 1671005357966195 -26.0 -66.5 5.086680292628786 1 
0005 0006 4 1671005357973868 0.0 -58.0 5.64504929941916 1 
0005 0004 4 1671005357975763 7.3125 -58.5 2.356194490192345 1 
0005 0006 5 1671005358015920 32.5 -65.0 3.6079228131070282 1 
0005 0011 5 1671005358018651 -9.75 -66.5 5.074408446325701 1 
0005 0010 5 1671005358019833 175.75 -69.0 2.448233337465483 1 
0005 0015 5 1671005358022471 -39.0 -66.5 3.4054373491061236 1 
0005 0014 5 1671005358023857 13.0 -58.5 3.859495662320273 1 
0005 0004 5 1671005358024762 59.375 -67.5 0.3620194659410113 1 
0005 0012 5 1671005358027822 16.25 -59.5 6.037748381117884 1 
0005 0007 5 1671005358029297 -13.0 -59.5 1.8407769454627694 1 
0005 0009 5 1671005358032997 19.5 -58.0 1.9573594853420782 1 
0005 0005 5 1671005358035391 -41.5 -68.5 2.325514874434632 1 
0005 0013 5 1671005358040640 -152.9375 -72.0 2.1230294104337273 1 
0005 0010 6 1671005358065932 55.3125 -64.5 5.737088146692298 1 
0005 0006 6 1671005358067120 -26.0 -58.0 3.4606606574700063 1 
0005 0015 6 1671005358068298 -32.5 -57.5 4.81056375080937 1 
0005 0013 6 1671005358070201 -13.0 -59.0 5.810719224510809 1 
0005 0012 6 1671005358072615 16.25 -64.0 2.693670263527186 1 
0005 0011 6 1671005358075280 -16.25 -63.0 3.442252888015379 1 
0005 0008 6 1671005358078125 -3.25 -60.5 4.718524903536232 1 
0005 0007 6 1671005358083425 -78.0625 -62.0 3.5158839658338894 1 
0005 0004 6 1671005358084485 -52.0625 -70.5 2.5954954931025047 1 
0005 0009 6 1671005358086174 -35.75 -62.0 2.405281875404685 1 
0005 0012 7 1671005358118384 65.0625 -63.5 1.7548740213411735 1 
0005 0009 7 1671005358120044 -29.25 -63.0 2.3746022596469727 1 
0005 0000 7 1671005358121732 -42.3125 -65.5 3.074097498922825 1 
0005 0005 7 1671005358123430 29.25 -62.5 2.9084275738311756 1 
0005 0014 7 1671005358125272 -185.5 -67.0 1.7426021750380885 1 
0005 0004 7 1671005358128144 -71.5625 -61.0 3.9822141253511245 1 
0005 0015 7 1671005358131093 19.5 -63.5 6.000932842208628 1 
0005 0011 7 1671005358135035 -97.625 -71.0 0.9387962421860124 1 
0005 0006 8 1671005358166183 -35.75 -68.5 3.356349963893783 1 
0005 0009 8 1671005358167418 -9.75 -60.5 2.9206994201342606 1 
0005 0005 8 1671005358170955 32.5 -64.5 0.2638446955163303 1 
0005 0000 8 1671005358171902 -9.75 -60.0 5.375068680751287 1 
0005 0012 8 1671005358172797 -26.0 -72.5 0.1349903093339364 1 
0005 0015 8 1671005358174019 32.5 -62.5 3.3072625786814425 1 
0005 0013 8 1671005358174959 74.8125 -70.0 1.3192234775816514 1 
0005 0008 8 1671005358176643 -6.5 -67.0 4.460816131171445 1 
0005 0004 8 1671005358179847 -26.0 -63.0 4.522175362686871 1 
0005 0007 8 1671005358183826 26.0 -65.5 0.5583690067903734 1 
0005 0014 8 1671005358184874 16.25 -63.5 4.4976316700806995 1 
0005 0010 8 1671005358185812 68.3125 -72.0 2.9943304979527716 1 
0005 0005 1 1671005358396625 -6.5 -55.5 4.516039439535327 1 
0005 0015 1 1671005358400768 -29.25 -69.0 1.8223691760081417 1 
0005 0007 1 1671005358410690 -6.5 -67.5 3.1231848841351653 1 
0005 0015 2 1671005358441194 19.5 -68.0 0.8713010875190442 1 
0005 0007 2 1671005358443029 -65.0625 -66.0 2.5586799541932495 1 
0005 0005 2 1671005358445380 94.375 -65.5 2.8654761117703775 1 
0005 0014 3 1671005358476673 -29.25 -65.0 0.9142525495798421 1 
0005 0004 3 1671005358484028 52.0625 -58.5 2.5770877236478773 1 
0005 0006 3 1671005358485894 -39.0 -61.5 1.1535535524900022 1 
0005 0004 4 1671005358518865 -34.9375 -63.5 0.619728238305799 1 
0005 0006 4 1671005358527128 3.25 -63.0 3.117048960983623 1 
0005 0014 5 1671005358555978 -13.0 -63.0 6.043884304269426 1 
0005 0007 5 1671005358557116 -39.0 -64.0 4.552854978444583 1 
0005 0006 5 1671005358560160 -48.8125 -61.0 0.3313398501832985 1 
0005 0004 5 1671005358561119 -7.3125 -63.5 5.663457068873787 1 
0005 0015 5 1671005358563574 45.5625 -69.5 1.718058482431918 1 
0005 0005 5 1671005358566974 -84.625 -66.5 3.356349963893783 1 
0005 0006 6 1671005358616445 55.3125 -60.0 0.380427235395639 1 
0005 0015 6 1671005358617878 81.375 -68.0 0.9326603190344698 1 
0005 0004 6 1671005358622597 -13.8125 -59.0 0.14112623248547898 1 
0005 0008 6 1671005358623562 35.75 -65.0 0.7179030087304801 1 
0005 0014 6 1671005358628776 3.25 -71.5 1.4971652489763858 1 
0005 0014 7 1671005358655919 201.8125 -70.0 0.4724660826687775 1 
0005 0005 7 1671005358657898 6.5 -64.5 1.368310862793992 1 
0005 0015 7 1671005358664647 -65.0625 -70.5 5.939573610693203 1 
0005 0006 8 1671005358696402 35.75 -63.5 1.3560390164909069 1 
0005 0015 8 1671005358697340 29.25 -63.5 5.252350217720435 1 
0005 0005 8 1671005358702516 0.0 -66.5 6.17273869045182 1 
0005 0014 8 1671005358704113 13.0 -57.5 0.6381360077604268 1 
0005 0008 8 1671005358706381 19.5 -66.5 5.3627968344482015 1 
0005 0005 1 1671005358930903 -22.75 -61.5 3.9515345095934116 1 
0005 0015 2 1671005358977900 29.25 -67.5 1.012427320004523 1 
0005 0014 2 1671005358978821 -130.1875 -68.0 3.6999616603801666 1 
0005 0004 3 1671005359018760 -81.375 -63.0 2.8102528034064944 1 
0005 0006 3 1671005359019694 61.8125 -67.0 0.4663301595172349 1 
0005 0014 3 1671005359032240 -87.875 -71.0 0.30066023442558565 1 
0005 0004 4 1671005359071367 -76.4375 -64.0 2.405281875404685 1 
0005 0006 4 1671005359082542 0.0 -64.0 3.5158839658338894 1 
0005 0007 5 1671005359118672 172.5 -66.5 1.8285050991596843 1 
0005 0006 5 1671005359120468 6.5 -59.0 2.7120780329818137 1 
0005 0000 5 1671005359121433 22.75 -67.0 4.828971520263998 1 
0005 0014 5 1671005359122920 -19.5 -68.0 6.2463697682703305 1 
0005 0004 5 1671005359124784 -13.8125 -58.5 4.264466590322082 1 
0005 0008 5 1671005359126131 -26.0 -66.5 3.834951969714103 1 
0005 0015 5 1671005359127746 -68.3125 -66.5 1.846912868614312 1 
0005 0008 6 1671005359159583 19.5 -60.5 1.7732817907958012 1 
0005 0006 6 1671005359164001 3.25 -61.5 6.14819499784565 1 
0005 0004 6 1671005359165653 -9.75 -61.0 3.9208548938356986 1 
0005 0005 6 1671005359170244 -68.3125 -64.0 6.154330920997192 1 
0005 0015 7 1671005359198697 3.25 -71.0 5.8045833013592665 1 
0005 0000 7 1671005359199634 13.0 -64.5 1.5278448647340985 1 
0005 0014 7 1671005359201785 -65.0625 -67.5 1.214912784005428 1 
0005 0005 7 1671005359205917 9.75 -61.0 1.8162332528565992 1 
0005 0008 7 1671005359208864 45.5625 -69.0 6.178874613603362 1 
0005 0006 8 1671005359235900 -19.5 -66.0 1.6444274046134073 1 
0005 0000 8 1671005359238467 35.75 -67.0 1.533980787885641 1 
0005 0005 8 1671005359240333 22.75 -69.5 6.19728238305799 1 
0005 0014 8 1671005359241237 9.75 -58.0 1.0676506283684062 1 
0005 0015 8 1671005359242941 -19.5 -65.5 5.8659425328746915 1 
0005 0008 8 1671005359244639 52.0625 -65.5 0.42337869745643697 1 
0005 0005 1 1671005359469095 34.9375 -61.5 3.9392626632903265 1 
0005 0000 1 1671005359471065 -3.25 -69.0 0.6320000846088841 1 
0005 0008 2 1671005359509351 198.5625 -68.0 2.859340188618835 1 
0005 0015 2 1671005359515723 -104.125 -68.0 1.1044661672776617 1 
0005 0014 3 1671005359559323 120.4375 -67.5 0.23930100291016002 1 
0005 0006 3 1671005359564686 26.0 -69.0 0.5338253141842031 1 
0005 0004 3 1671005359565872 7.3125 -64.5 2.564815877344792 1 
0005 0006 4 1671005359603367 6.5 -63.5 3.5895150436524004 1 
0005 0004 4 1671005359615377 27.625 -66.0 2.350058567040802 1 
0005 0000 5 1671005359641573 65.0625 -66.0 4.295146206079795 1 
0005 0007 5 1671005359643739 -42.3125 -67.0 2.1353012567368124 1 
0005 0014 5 1671005359644688 45.5625 -66.0 6.031612457966341 1 
0005 0015 5 1671005359645967 97.625 -66.0 1.6812429435226628 1 
0005 0006 5 1671005359648510 3.25 -59.5 2.6813984172241008 1 
0005 0004 5 1671005359650913 3.25 -58.5 3.718369429834794 1 
0005 0008 5 1671005359652272 -61.8125 -67.0 2.9084275738311756 1 
0005 0007 6 1671005359678821 -22.75 -70.5 4.749204519293945 1 
0005 0015 6 1671005359679833 126.9375 -71.0 1.239456476611598 1 
0005 0004 6 1671005359681047 -21.125 -61.0 3.5281558121369745 1 
0005 0005 6 1671005359684033 19.5 -63.5 5.246214294568893 1 
0005 0006 6 1671005359689046 9.75 -61.0 5.994796919057086 1 
0005 0008 6 1671005359690986 -13.0 -62.5 0.8528933180644165 1 
0005 0008 7 1671005359716529 3.25 -67.5 5.491651220630596 1 
0005 0000 7 1671005359718317 19.5 -64.0 1.1903690913992575 1 
0005 0005 7 1671005359723709 -22.75 -62.5 1.5707963267948966 1 
0005 0015 7 1671005359728674 48.8125 -70.5 5.737088146692298 1 
0005 0014 7 1671005359729908 74.8125 -67.5 1.2455923997631406 1 
0005 0008 8 1671005359756686 16.25 -64.5 6.252505691421874 1 
0005 0015 8 1671005359760213 13.0 -65.0 5.884350302329319 1 
0005 0000 8 1671005359761151 -58.5625 -66.0 1.1658253987930873 1 
0005 0006 8 1671005359762822 16.25 -65.5 1.6382914814618648 1 
0005 0014 8 1671005359764024 -32.5 -58.5 1.0062913968529805 1 
0005 0005 8 1671005359766812 -39.0 -67.5 5.534602682691394 1 
0005 0000 1 1671005359981435 35.75 -67.0 0.7363107781851077 1 
0005 0005 1 1671005359985704 -61.8125 -59.5 4.3074180523828804 1 
0005 0008 2 1671005360018152 -13.0 -68.5 2.724349879284899 1 
0005 0015 2 1671005360022504 19.5 -67.0 0.8651651643675016 1 
0005 0005 2 1671005360029041 128.5625 -69.0 4.031301510563465 1 
0005 0014 2 1671005360041739 -9.75 -69.0 3.9638063558964967 1 
0005 0004 3 1671005360086495 0.0 -65.5 2.834796496012665 1 
0005 0014 3 1671005360090501 -42.3125 -66.0 0.662679700366597 1 
0005 0006 3 1671005360093898 29.25 -67.0 0.5645049299419159 1 
0005 0006 4 1671005360135353 -45.5625 -64.0 3.8533597391687304 1 
0005 0004 4 1671005360138227 52.0625 -65.5 2.5770877236478773 1 
0005 0014 5 1671005360166941 100.875 -66.0 5.853670686571607 1 
0005 0015 5 1671005360168349 104.125 -66.5 1.6689710972195777 1 
0005 0008 5 1671005360169807 -71.5625 -66.5 2.5341362615870793 1 
0005 0000 5 1671005360170774 -65.0625 -67.5 4.221515128261284 1 
0005 0006 5 1671005360179567 26.0 -59.5 2.6261751088602177 1 
0005 0007 5 1671005360182981 32.5 -66.0 2.172116795646068 1 
0005 0004 5 1671005360183883 10.5625 -58.5 3.56497135104623 1 
0005 0007 6 1671005360216225 -136.6875 -69.0 4.878058905476339 1 
0005 0006 6 1671005360220425 -9.75 -60.5 5.964117303299373 1 
0005 0004 6 1671005360223541 -21.125 -61.5 3.3011266555298997 1 
0005 0015 6 1671005360225005 100.875 -70.0 1.227184630308513 1 
0005 0008 6 1671005360226239 -29.25 -62.0 0.5951845456996288 1 
0005 0005 6 1671005360233490 6.5 -63.0 5.013049214810275 1 
0005 0008 7 1671005360255938 39.0 -67.5 5.062136600022616 1 
0005 0000 7 1671005360257102 -52.0625 -64.5 0.944932165337555 1 
0005 0014 7 1671005360258230 0.0 -69.5 1.184233168247715 1 
0005 0015 7 1671005360259640 -87.875 -70.0 6.0991076126333095 1 
0005 0005 7 1671005360272394 19.5 -62.5 1.3008157081270237 1 
0005 0000 8 1671005360296183 16.25 -65.5 0.6565437772150544 1 
0005 0014 8 1671005360297360 -39.0 -59.0 0.944932165337555 1 
0005 0006 8 1671005360298845 22.75 -65.0 1.6566992509164924 1 
0005 0008 8 1671005360299781 -48.8125 -65.0 5.964117303299373 1 
0005 0015 8 1671005360302391 32.5 -66.5 5.835262917116979 1 
0005 0005 8 1671005360307935 0.0 -66.5 5.203262832508095 1 
0005 0000 1 1671005360529486 -22.75 -67.0 0.8774370106705868 1 
0005 0005 1 1671005360532827 29.25 -59.5 4.215379205109742 1 
0005 0015 2 1671005360577401 -52.0625 -68.0 0.7485826244881929 1 
0005 0008 2 1671005360580360 19.5 -68.0 2.761165418194154 1 
0005 0006 3 1671005360631383 -87.875 -67.5 0.7117670855789375 1 
0005 0004 3 1671005360632700 30.875 -66.0 2.8286605728611223 1 
0005 0014 3 1671005360633650 52.0625 -66.5 0.521553467881118 1 
0005 0015 3 1671005360643278 -276.625 -71.5 5.264622064023521 1 
0005 0004 4 1671005360694673 21.125 -65.5 2.60776733940559 1 
0005 0006 4 1671005360699152 -22.75 -63.5 3.718369429834794 1 
0005 0014 4 1671005360709786 205.0625 -72.0 0.20248546400090464 1 
0005 0004 5 1671005360736490 17.0625 -58.5 3.6017868899554855 1 
0005 0014 5 1671005360739423 35.75 -66.0 6.007068765360171 1 
0005 0000 5 1671005360743540 -78.0625 -67.5 4.1601558967458585 1 
0005 0008 5 1671005360749372 -68.3125 -66.0 2.5157284921324514 1 
0005 0006 5 1671005360751266 -3.25 -59.0 2.6323110320117604 1 
0005 0007 5 1671005360754015 -143.1875 -66.5 2.380738182798515 1 
0005 0015 5 1671005360756796 32.5 -66.5 1.6751070203711202 1 
0005 0004 6 1671005360800437 16.25 -61.5 3.2643111166206444 1 
0005 0006 6 1671005360803827 -26.0 -61.0 6.000932842208628 1 
0005 0008 6 1671005360806222 19.5 -61.5 0.5706408530934585 1 
0005 0005 6 1671005360811187 -19.5 -63.5 5.141903600992669 1 
0005 0015 6 1671005360812905 87.875 -70.5 1.2762720155208536 1 
0005 0007 6 1671005360815381 -32.5 -69.0 4.663301595172349 1 
0005 0005 7 1671005360837464 81.375 -63.0 1.2210487071569704 1 
0005 0008 7 1671005360839529 -45.5625 -67.5 5.368932757599744 1 
0005 0000 7 1671005360844680 -16.25 -64.5 0.859029241215959 1 
0005 0014 7 1671005360848792 58.5625 -68.5 1.3192234775816514 1 
0005 0015 7 1671005360859673 -74.8125 -69.5 5.93343768754166 1 
0005 0005 8 1671005360888252 -55.3125 -67.0 5.2339424482658075 1 
0005 0006 8 1671005360892114 52.0625 -65.5 1.5585244804918115 1 
0005 0014 8 1671005360893597 45.5625 -58.5 0.8344855486097889 1 
0005 0008 8 1671005360894773 16.25 -65.0 5.9518454569962875 1 
0005 0015 8 1671005360896095 -32.5 -66.0 5.9518454569962875 1 
0005 0000 8 1671005360897298 -16.25 -66.5 0.5645049299419159 1 
