0008 0005 1 1671002921349221 -3.25 -57.0 0.3129320807286708 16 
0008 0007 1 1671002921350386 16.25 -65.0 0.48473792897186263 16 
0008 0004 1 1671002921351465 65.875 -68.0 2.110757564130642 16 
0008 0015 1 1671002921355410 104.125 -69.5 1.0492428589137786 16 
0008 0006 1 1671002921356314 191.1875 -70.0 1.7671458676442586 16 
0008 0005 2 1671002921379507 59.375 -63.0 0.4356505437595221 16 
0008 0015 2 1671002921384321 3.25 -58.0 0.8406214717613314 16 
0008 0008 4 1671002921456136 45.5625 -69.5 5.626641529964532 16 
0008 0006 4 1671002921457420 -7.3125 -71.0 4.166291819897402 16 
0008 0006 5 1671002921481174 79.75 -69.5 2.9943304979527716 16 
0008 0004 5 1671002921483752 -135.0625 -70.0 0.6258641614573416 16 
0008 0006 6 1671002921505839 -24.375 -64.5 4.884194828627882 16 
0008 0004 7 1671002921535890 78.0625 -60.5 1.945087639038993 16 
0008 0015 7 1671002921538688 52.0625 -63.0 1.509437095279471 16 
0008 0006 7 1671002921540416 266.875 -64.5 0.8344855486097889 16 
0008 0014 7 1671002921544102 84.625 -64.0 5.123495831538041 16 
0008 0007 7 1671002921547146 -81.375 -68.0 3.4606606574700063 16 
0008 0005 7 1671002921551466 19.5 -68.0 0.8283496254582462 16 
0008 0001 7 1671002921554516 34.9375 -67.0 3.104777114680538 16 
0008 0015 8 1671002921589652 -172.5 -69.5 3.792000507653305 16 
0008 0002 8 1671002921590785 -9.75 -67.5 2.024854640009046 16 
0008 0004 8 1671002921596668 -7.3125 -61.0 0.30066023442558565 16 
0008 0007 8 1671002921599350 22.75 -69.0 6.227961998815704 16 
0008 0006 8 1671002921601244 24.375 -63.0 4.387185053352934 16 
0008 0014 8 1671002921605613 32.5 -64.0 2.890019804376548 16 
0008 0005 8 1671002921606799 9.75 -65.5 0.11658253987930872 16 
0008 0007 1 1671002921826576 32.5 -65.0 0.4663301595172349 16 
0008 0005 1 1671002921832835 6.5 -57.0 0.3190680038802134 16 
0008 0004 1 1671002921841751 71.5625 -67.5 2.3071071049800045 16 
0008 0006 1 1671002921843632 183.875 -71.0 1.6812429435226628 16 
0008 0015 1 1671002921849001 35.75 -69.5 1.1228739367322893 16 
0008 0005 2 1671002921876392 26.0 -61.5 0.4111068511533518 16 
0008 0015 2 1671002921880949 26.0 -57.5 0.8283496254582462 16 
0008 0008 4 1671002921957375 -29.25 -69.5 5.706408530934585 16 
0008 0006 4 1671002921963312 -76.4375 -70.0 4.319689898685965 16 
0008 0004 5 1671002921999987 128.5625 -69.5 0.39269908169872414 16 
0008 0006 5 1671002922003343 45.5625 -68.0 3.06182565261974 16 
0008 0006 6 1671002922032030 -38.1875 -64.5 4.970097752749477 16 
0008 0014 7 1671002922067908 -34.9375 -63.5 5.411884219660542 16 
0008 0006 7 1671002922071307 -24.375 -65.0 1.368310862793992 16 
0008 0004 7 1671002922073222 -34.9375 -60.5 2.1475731030398975 16 
0008 0015 7 1671002922075452 -45.5625 -63.0 1.564660403643354 16 
0008 0007 7 1671002922080815 -198.5625 -68.0 3.6263305825616556 16 
0008 0005 7 1671002922082005 -139.125 -68.5 1.1228739367322893 16 
0008 0001 7 1671002922083356 -10.5625 -67.5 3.055689729468197 16 
0008 0006 8 1671002922109084 -55.3125 -62.5 4.522175362686871 16 
0008 0002 8 1671002922112222 -120.4375 -67.0 2.1537090261914402 16 
0008 0005 8 1671002922113212 -22.75 -65.5 0.18407769454627693 16 
0008 0014 8 1671002922115899 -52.0625 -64.5 3.018874190558942 16 
0008 0004 8 1671002922116843 3.25 -61.0 0.2761165418194154 16 
0008 0015 8 1671002922121856 71.5625 -69.5 3.368621810196868 16 
0008 0007 8 1671002922126991 29.25 -68.0 6.2463697682703305 16 
0008 0005 1 1671002922354187 10.5625 -57.0 0.2761165418194154 16 
0008 0015 1 1671002922356331 -3.25 -69.0 1.1228739367322893 16 
0008 0004 1 1671002922359131 -41.5 -68.0 2.466641106920111 16 
0008 0007 1 1671002922362781 61.8125 -65.5 0.39269908169872414 16 
0008 0006 1 1671002922366129 -17.0625 -70.5 2.012582793705961 16 
0008 0005 2 1671002922388991 9.75 -62.5 0.4479223900626072 16 
0008 0015 2 1671002922396517 35.75 -57.5 0.8344855486097889 16 
0008 0008 4 1671002922471993 -84.625 -69.5 5.675728915176872 16 
0008 0006 4 1671002922475858 45.5625 -70.0 4.276738436625168 16 
0008 0006 5 1671002922498921 -120.4375 -69.0 3.2949907323783574 16 
0008 0004 5 1671002922502868 133.4375 -68.5 0.4479223900626072 16 
0008 0006 6 1671002922532903 -27.625 -64.5 4.9823695990525625 16 
0008 0014 7 1671002922557946 -68.3125 -64.0 5.411884219660542 16 
0008 0015 7 1671002922560129 -3.25 -63.5 1.5462526341887264 16 
0008 0006 7 1671002922565216 69.125 -64.5 1.214912784005428 16 
0008 0007 7 1671002922566168 26.0 -68.5 3.3195344249845276 16 
0008 0005 7 1671002922569255 38.1875 -68.5 0.9203884727313847 16 
0008 0004 7 1671002922570430 -48.8125 -60.5 2.2089323345553233 16 
0008 0001 7 1671002922571377 -41.5 -67.0 3.160000423044421 16 
0008 0006 8 1671002922604773 41.5 -63.0 4.3933209765044765 16 
0008 0002 8 1671002922606651 -6.5 -68.0 2.024854640009046 16 
0008 0007 8 1671002922609192 19.5 -68.5 0.0 16 
0008 0014 8 1671002922610405 -3.25 -64.0 2.9636508821950587 16 
0008 0004 8 1671002922616496 29.25 -60.5 0.25770877236478773 16 
0008 0005 8 1671002922618439 32.5 -65.5 0.12885438618239387 16 
0008 0015 8 1671002922621182 22.75 -70.0 3.522019888985432 16 
0008 0004 1 1671002922842203 -173.3125 -68.5 2.742757648739526 16 
0008 0005 1 1671002922845244 0.0 -57.5 0.28838838812250056 16 
0008 0007 1 1671002922847146 39.0 -65.0 0.521553467881118 16 
0008 0015 1 1671002922849780 22.75 -70.0 1.1719613219446299 16 
0008 0006 1 1671002922851935 -48.8125 -69.5 2.067806102069844 16 
0008 0015 2 1671002922890701 -19.5 -57.5 0.9142525495798421 16 
0008 0005 2 1671002922900012 -32.5 -63.5 0.4724660826687775 16 
0008 0006 4 1671002922966140 7.3125 -70.0 4.196971435655114 16 
0008 0008 4 1671002922972262 120.4375 -71.0 5.436427912266712 16 
0008 0004 5 1671002922999745 -55.3125 -69.5 0.5890486225480862 16 
0008 0006 5 1671002923001271 21.125 -68.5 3.11091303783208 16 
0008 0006 6 1671002923033291 -24.375 -65.0 4.908738521234052 16 
0008 0015 7 1671002923058458 45.5625 -63.0 1.4358060174609601 16 
0008 0014 7 1671002923062096 42.3125 -63.5 5.246214294568893 16 
0008 0006 7 1671002923063978 -7.3125 -65.5 1.1167380135807468 16 
0008 0004 7 1671002923065719 45.5625 -60.5 2.030990563160589 16 
0008 0007 7 1671002923069562 26.0 -68.5 3.3502140407422405 16 
0008 0001 7 1671002923071643 17.0625 -67.5 3.215223731408304 16 
0008 0005 7 1671002923072622 107.375 -69.0 0.9265243958829272 16 
0008 0006 8 1671002923109269 45.5625 -63.0 4.319689898685965 16 
0008 0007 8 1671002923111398 65.0625 -69.0 6.191146459906448 16 
0008 0004 8 1671002923113774 10.5625 -61.0 0.3129320807286708 16 
0008 0015 8 1671002923114742 26.0 -70.0 3.3870295796514958 16 
0008 0002 8 1671002923124004 65.0625 -68.0 1.8346410223112268 16 
0008 0014 8 1671002923126265 -3.25 -64.0 2.9084275738311756 16 
0008 0005 8 1671002923129629 26.0 -66.0 0.11658253987930872 16 
0008 0007 1 1671002923346088 58.5625 -64.5 0.5154175447295755 16 
0008 0015 1 1671002923347973 -3.25 -69.5 1.239456476611598 16 
0008 0005 1 1671002923351464 22.75 -57.0 0.2761165418194154 16 
0008 0006 1 1671002923358317 17.0625 -70.5 1.9880391010997909 16 
0008 0004 1 1671002923366489 30.875 -68.5 2.356194490192345 16 
0008 0015 2 1671002923401715 13.0 -58.0 0.8528933180644165 16 
0008 0005 2 1671002923405277 -45.5625 -62.5 0.5645049299419159 16 
0008 0008 4 1671002923480739 91.125 -69.5 5.6573211457222445 16 
0008 0006 4 1671002923485009 -24.375 -70.0 4.28287435977671 16 
0008 0004 5 1671002923510551 -17.0625 -69.5 0.4970097752749477 16 
0008 0006 5 1671002923513500 -48.8125 -69.5 3.411573272257666 16 
0008 0006 6 1671002923539564 -30.875 -64.5 5.019185137961818 16 
0008 0014 7 1671002923571211 -113.875 -64.0 5.497787143782138 16 
0008 0004 7 1671002923572693 30.875 -60.5 2.0800779483729293 16 
0008 0015 7 1671002923573872 -19.5 -63.0 1.552388557340269 16 
0008 0007 7 1671002923574826 -26.0 -68.0 3.436116964863836 16 
0008 0001 7 1671002923577207 225.375 -66.5 2.748893571891069 16 
0008 0005 7 1671002923580453 52.0625 -70.0 1.0369710126106935 16 
0008 0006 7 1671002923581879 38.1875 -64.5 1.2946797849754812 16 
0008 0014 8 1671002923616364 -9.75 -64.0 2.9575149590435164 16 
0008 0004 8 1671002923617313 -38.1875 -60.5 0.36815538909255385 16 
0008 0007 8 1671002923622794 3.25 -68.5 6.264777537724958 16 
0008 0015 8 1671002923636851 -84.625 -70.5 3.5342917352885173 16 
0008 0006 8 1671002923639226 7.3125 -63.0 4.424000592262189 16 
0008 0005 8 1671002923640148 74.8125 -65.5 6.264777537724958 16 
0008 0002 8 1671002923641485 -52.0625 -68.0 2.0493983326152168 16 
0008 0007 1 1671002923862464 29.25 -65.5 0.607456392002714 16 
0008 0015 1 1671002923863584 13.0 -70.0 1.0983302441261191 16 
0008 0005 1 1671002923864518 -6.5 -57.0 0.28225246497095796 16 
0008 0004 1 1671002923865779 -59.375 -67.5 2.4850488763747385 16 
0008 0006 1 1671002923871396 -59.375 -71.5 2.12916533358527 16 
0008 0015 2 1671002923913789 26.0 -58.0 0.8283496254582462 16 
0008 0005 2 1671002923917114 6.5 -63.0 0.4970097752749477 16 
0008 0006 4 1671002923991159 -90.3125 -70.5 4.491495746929157 16 
0008 0006 5 1671002924039935 -34.9375 -69.5 3.3440781175906977 16 
0008 0004 5 1671002924042443 38.1875 -70.5 0.521553467881118 16 
0008 0006 6 1671002924074323 -76.4375 -66.0 5.056000676871073 16 
0008 0014 7 1671002924110404 -74.8125 -63.5 5.3627968344482015 16 
0008 0015 7 1671002924111666 -6.5 -63.5 1.6014759425526093 16 
0008 0005 7 1671002924113098 -58.5625 -69.0 0.9694758579437253 16 
0008 0001 7 1671002924114327 7.3125 -68.0 3.074097498922825 16 
0008 0004 7 1671002924115515 13.0 -60.5 2.116893487282185 16 
0008 0006 7 1671002924118644 104.125 -65.0 1.1535535524900022 16 
0008 0007 7 1671002924119963 156.1875 -67.0 3.2459033471660166 16 
0008 0014 8 1671002924162756 7.3125 -64.0 2.9391071895888885 16 
0008 0006 8 1671002924164668 -62.625 -62.0 4.516039439535327 16 
0008 0007 8 1671002924166156 0.0 -67.5 0.04908738521234052 16 
0008 0004 8 1671002924168260 22.75 -60.5 0.25157284921324513 16 
0008 0015 8 1671002924169511 -74.8125 -70.0 3.5342917352885173 16 
0008 0005 8 1671002924172331 26.0 -66.0 0.03681553890925539 16 
0008 0002 8 1671002924176246 -19.5 -67.0 1.902136176978195 16 
0008 0006 1 1671002924393273 -73.1875 -69.5 2.1475731030398975 16 
0008 0004 1 1671002924397595 93.5625 -67.5 2.270291566070749 16 
0008 0015 1 1671002924399861 16.25 -69.5 1.1780972450961724 16 
0008 0005 1 1671002924401771 0.0 -57.0 0.2945243112740431 16 
0008 0007 1 1671002924406077 -19.5 -65.5 0.7731263170943632 16 
0008 0005 2 1671002924439882 32.5 -62.0 0.47860200582032003 16 
0008 0015 2 1671002924441088 -3.25 -57.5 0.9142525495798421 16 
0008 0006 4 1671002924506594 107.375 -70.5 4.246058820867455 16 
0008 0004 5 1671002924551543 55.3125 -68.5 0.4479223900626072 16 
0008 0006 5 1671002924552561 61.8125 -69.5 3.2459033471660166 16 
0008 0006 6 1671002924583566 13.8125 -65.5 4.970097752749477 16 
0008 0006 7 1671002924611220 -7.3125 -64.5 1.1596894756415448 16 
0008 0001 7 1671002924616332 17.0625 -68.0 3.0066023442558567 16 
0008 0015 7 1671002924619113 -52.0625 -63.5 1.6137477888556946 16 
0008 0004 7 1671002924620668 13.0 -60.5 2.073942025221387 16 
0008 0005 7 1671002924622625 69.125 -68.0 0.7669903939428205 16 
0008 0014 7 1671002924623814 -55.3125 -63.5 5.418020142812084 16 
0008 0007 7 1671002924624750 52.0625 -67.0 3.3195344249845276 16 
0008 0002 8 1671002924646708 94.375 -67.5 1.8162332528565992 16 
0008 0004 8 1671002924649240 22.75 -60.5 0.2945243112740431 16 
0008 0014 8 1671002924652260 32.5 -64.5 2.8961557275280905 16 
0008 0007 8 1671002924654318 71.5625 -67.5 6.240233845118788 16 
0008 0006 8 1671002924658662 -38.1875 -62.5 4.405592822807561 16 
0008 0015 8 1671002924660476 -6.5 -69.5 3.5158839658338894 16 
0008 0005 8 1671002924663497 -27.625 -66.5 0.1718058482431918 16 
0008 0005 1 1671002924887071 -9.75 -57.0 0.3129320807286708 16 
0008 0007 1 1671002924889118 100.875 -65.0 0.5767767762450011 16 
0008 0015 1 1671002924890624 78.0625 -69.0 1.2333205534600555 16 
0008 0006 1 1671002924898726 197.6875 -69.5 1.8285050991596843 16 
0008 0004 1 1671002924905968 -21.125 -68.0 2.5893595699509624 16 
0008 0015 2 1671002924928985 9.75 -57.5 0.9081166264282996 16 
0008 0005 2 1671002924931012 76.4375 -63.0 0.4356505437595221 16 
0008 0006 2 1671002924941553 -347.4375 -71.0 5.442563835418255 16 
0008 0006 4 1671002925006816 -180.625 -70.5 4.3933209765044765 16 
0008 0004 5 1671002925029309 27.625 -68.5 0.8467573949128739 16 
0008 0006 5 1671002925031290 -62.625 -69.0 3.552699504743145 16 
0008 0006 6 1671002925063672 87.0625 -65.5 5.037592907416445 16 
0008 0001 7 1671002925087847 52.0625 -66.5 2.9820586516496865 16 
0008 0006 7 1671002925090081 -24.375 -63.5 1.337631247036279 16 
0008 0004 7 1671002925091314 41.5 -60.5 2.061670178918302 16 
0008 0015 7 1671002925093623 6.5 -63.5 1.564660403643354 16 
0008 0007 7 1671002925094860 -39.0 -67.0 3.5465635815916023 16 
0008 0014 7 1671002925098177 -52.0625 -64.0 5.411884219660542 16 
0008 0005 7 1671002925101489 76.4375 -69.0 0.8651651643675016 16 
0008 0002 8 1671002925146429 19.5 -68.0 1.8285050991596843 16 
0008 0006 8 1671002925148693 10.5625 -62.0 4.23378697456437 16 
0008 0004 8 1671002925150828 -10.5625 -60.5 0.3313398501832985 16 
0008 0015 8 1671002925152294 -113.875 -70.0 3.6079228131070282 16 
0008 0007 8 1671002925158498 -22.75 -68.0 0.09817477042468103 16 
0008 0014 8 1671002925159953 6.5 -64.0 2.9145634969827183 16 
0008 0005 8 1671002925165271 -41.5 -66.0 0.16566992509164924 16 
0008 0007 1 1671002925389032 26.0 -65.0 0.705631162427395 16 
0008 0004 1 1671002925391486 87.0625 -68.0 2.2396119503130363 16 
0008 0015 1 1671002925397454 26.0 -69.0 1.1965050145508 16 
0008 0005 1 1671002925399606 34.9375 -57.0 0.2638446955163303 16 
0008 0006 1 1671002925406639 -79.75 -69.5 2.2641556429192065 16 
0008 0005 2 1671002925436159 26.0 -62.0 0.4479223900626072 16 
0008 0015 2 1671002925445135 19.5 -57.5 0.8651651643675016 16 
0008 0006 2 1671002925449466 0.0 -72.5 4.878058905476339 16 
0008 0006 4 1671002925514326 -45.5625 -71.5 4.276738436625168 16 
0008 0006 5 1671002925556058 -45.5625 -69.5 3.6263305825616556 16 
0008 0004 5 1671002925557345 55.3125 -69.5 0.5583690067903734 16 
0008 0006 6 1671002925593161 -52.0625 -65.5 5.338253141842031 16 
0008 0007 7 1671002925615922 19.5 -66.5 3.497476196379262 16 
0008 0014 7 1671002925619978 61.8125 -64.5 5.21553467881118 16 
0008 0004 7 1671002925621135 13.8125 -61.0 2.172116795646068 16 
0008 0015 7 1671002925622132 26.0 -63.5 1.521708941582556 16 
0008 0001 7 1671002925623797 -21.125 -66.5 3.2029518851052186 16 
0008 0006 7 1671002925624771 87.0625 -64.0 1.141281706186917 16 
0008 0005 7 1671002925630412 32.5 -68.5 0.8713010875190442 16 
0008 0014 8 1671002925667226 39.0 -64.5 2.8286605728611223 16 
0008 0002 8 1671002925668645 71.5625 -67.5 1.945087639038993 16 
0008 0004 8 1671002925671409 13.0 -60.5 0.25770877236478773 16 
0008 0005 8 1671002925674283 -13.8125 -66.0 0.18407769454627693 16 
0008 0006 8 1671002925681497 0.0 -62.0 4.252194744018997 16 
0008 0015 8 1671002925684197 -110.625 -70.0 3.56497135104623 16 
0008 0007 8 1671002925688939 -3.25 -67.5 0.06135923151542565 16 
0008 0004 1 1671002925906113 -94.375 -68.0 2.5832236467994196 16 
0008 0005 1 1671002925907566 0.0 -57.0 0.2699806186678728 16 
0008 0007 1 1671002925909047 6.5 -65.0 0.760854470791278 16 
0008 0015 1 1671002925916645 35.75 -69.0 1.2210487071569704 16 
0008 0006 1 1671002925924670 38.1875 -70.0 1.9696313316451632 16 
0008 0005 2 1671002925959372 24.375 -62.5 0.5092816215780329 16 
0008 0015 2 1671002925965625 39.0 -57.5 0.8651651643675016 16 
0008 0008 4 1671002926032333 3.25 -69.5 5.853670686571607 16 
0008 0006 4 1671002926033693 -104.125 -71.0 4.381049130201391 16 
0008 0004 5 1671002926062956 -100.875 -69.0 0.5890486225480862 16 
0008 0006 5 1671002926063890 27.625 -69.5 3.497476196379262 16 
0008 0006 6 1671002926088485 -65.875 -65.5 5.387340527054372 16 
0008 0015 7 1671002926126245 -19.5 -63.5 1.5401167110371838 16 
0008 0014 7 1671002926131614 -74.8125 -64.0 5.424156065963627 16 
0008 0004 7 1671002926133425 21.125 -61.0 2.1905245651006955 16 
0008 0006 7 1671002926135532 34.9375 -63.5 1.1228739367322893 16 
0008 0005 7 1671002926139002 -52.0625 -68.5 1.1228739367322893 16 
0008 0001 7 1671002926141295 -55.3125 -67.5 3.117048960983623 16 
0008 0007 7 1671002926142304 -107.375 -67.0 3.56497135104623 16 
0008 0005 8 1671002926166443 -13.8125 -66.0 0.15339807878856412 16 
0008 0014 8 1671002926167434 29.25 -64.0 2.890019804376548 16 
0008 0007 8 1671002926168357 13.0 -67.5 6.270913460876501 16 
0008 0004 8 1671002926176646 -13.8125 -60.5 0.3190680038802134 16 
0008 0002 8 1671002926182805 9.75 -67.0 1.9266798695843652 16 
0008 0015 8 1671002926191600 6.5 -70.0 3.479068426924634 16 
0008 0006 8 1671002926192645 -24.375 -62.0 4.25833066717054 16 
