0008 0014 1 1671003292334042 -6.5 -64.5 5.141903600992669 19 
0008 0011 1 1671003292340061 69.125 -64.0 1.5278448647340985 19 
0008 0001 2 1671003292374808 69.125 -64.5 0.22089323345553233 19 
0008 0015 2 1671003292376424 87.875 -70.0 4.503767593232243 19 
0008 0004 2 1671003292382455 -218.0625 -71.5 5.896622148632405 19 
0008 0015 3 1671003292428122 74.8125 -64.0 2.6261751088602177 19 
0008 0005 3 1671003292429564 -22.75 -62.0 4.295146206079795 19 
0008 0007 3 1671003292430772 -29.25 -66.0 4.970097752749477 19 
0008 0004 3 1671003292439871 -30.875 -70.0 0.44178646691106466 19 
0008 0001 4 1671003292467872 17.0625 -56.5 0.6320000846088841 19 
0008 0005 4 1671003292471886 -24.375 -62.5 3.706097583531709 19 
0008 0007 4 1671003292472840 -39.0 -63.0 4.448544284868359 19 
0008 0011 4 1671003292474748 -13.8125 -55.5 4.847379289718626 19 
0008 0015 4 1671003292475927 3.25 -67.5 3.749049045592507 19 
0008 0010 4 1671003292478345 -19.5 -71.5 3.1784081924990484 19 
0008 0009 4 1671003292481499 -52.0625 -73.5 5.178719139901925 19 
0008 0006 4 1671003292484676 -35.75 -69.5 1.2946797849754812 19 
0008 0011 5 1671003292516172 -10.5625 -62.5 3.423845118560751 19 
0008 0001 5 1671003292517130 0.0 -55.0 0.859029241215959 19 
0008 0006 5 1671003292518549 -69.125 -65.5 4.4976316700806995 19 
0008 0010 5 1671003292519501 81.375 -67.5 0.2638446955163303 19 
0008 0007 5 1671003292520923 32.5 -68.5 6.252505691421874 19 
0008 0014 5 1671003292522807 -52.0625 -65.0 4.1601558967458585 19 
0008 0004 5 1671003292524957 -9.75 -57.0 4.970097752749477 19 
0008 0005 5 1671003292525905 65.875 -60.0 1.4603497100671303 19 
0008 0004 6 1671003292570577 -13.8125 -53.5 5.21553467881118 19 
0008 0001 6 1671003292572588 7.3125 -54.0 2.8654761117703775 19 
0008 0010 6 1671003292574924 -19.5 -60.0 6.086835766330224 19 
0008 0011 6 1671003292575928 41.5 -66.0 1.9941750242513334 19 
0008 0005 6 1671003292576859 -3.25 -61.5 3.2643111166206444 19 
0008 0009 6 1671003292577781 52.0625 -68.5 5.00077736850719 19 
0008 0015 6 1671003292578820 97.625 -72.5 1.000155473701438 19 
0008 0007 6 1671003292581129 9.75 -64.5 2.8532042654672924 19 
0008 0014 6 1671003292583343 34.9375 -70.5 0.4908738521234052 19 
0008 0004 7 1671003292609303 42.3125 -57.5 5.105088062083414 19 
0008 0014 7 1671003292610577 3.25 -68.5 4.454680208019902 19 
0008 0011 7 1671003292613579 27.625 -63.5 4.3503695144436785 19 
0008 0010 7 1671003292614559 -188.75 -68.5 4.356505437595221 19 
0008 0005 7 1671003292615602 3.25 -64.0 3.6201946594101133 19 
0008 0015 7 1671003292623217 35.75 -70.0 3.147728576741336 19 
0008 0006 7 1671003292629037 -121.25 -69.5 4.061981126321178 19 
0008 0015 8 1671003292661510 -91.125 -65.5 4.1172044346850605 19 
0008 0014 8 1671003292665320 78.0625 -62.0 2.5464081078901644 19 
0008 0010 8 1671003292666286 45.5625 -68.0 1.4419419406125027 19 
0008 0011 8 1671003292667246 48.8125 -70.0 0.7976700097005334 19 
0008 0005 8 1671003292673713 -13.8125 -65.0 3.8717675086233583 19 
0008 0004 8 1671003292674661 -90.3125 -69.5 4.693981210930062 19 
0008 0007 8 1671003292680965 110.625 -70.5 1.1596894756415448 19 
0008 0011 1 1671003292900092 52.0625 -64.0 1.509437095279471 19 
0008 0014 1 1671003292908403 -39.0 -64.5 5.21553467881118 19 
0008 0001 2 1671003292966752 -107.375 -65.5 0.6565437772150544 19 
0008 0015 2 1671003292969033 266.875 -70.5 4.264466590322082 19 
0008 0004 2 1671003292970733 -296.1875 -70.0 5.663457068873787 19 
0008 0011 2 1671003292982334 194.4375 -69.5 1.184233168247715 19 
0008 0005 3 1671003293005979 9.75 -61.5 4.23378697456437 19 
0008 0007 3 1671003293008575 -126.9375 -63.5 5.203262832508095 19 
0008 0004 3 1671003293010347 222.125 -69.0 0.030679615757712823 19 
0008 0015 3 1671003293013223 -45.5625 -64.5 2.82252464970958 19 
0008 0005 4 1671003293045940 3.25 -62.5 3.6570101983193686 19 
0008 0006 4 1671003293047568 -38.1875 -70.0 1.2946797849754812 19 
0008 0000 4 1671003293050763 -244.125 -76.5 5.810719224510809 19 
0008 0010 4 1671003293053427 237.5625 -70.5 2.8286605728611223 19 
0008 0011 4 1671003293055630 -17.0625 -55.0 4.822835597112456 19 
0008 0015 4 1671003293056627 -91.125 -68.5 3.80427235395639 19 
0008 0001 4 1671003293057800 13.8125 -56.5 0.5829126993965437 19 
0008 0007 4 1671003293058753 -26.0 -63.5 4.411728745959104 19 
0008 0009 4 1671003293066302 71.5625 -71.0 5.154175447295755 19 
0008 0008 4 1671003293068709 100.875 -74.5 1.88986433067511 19 
0008 0005 5 1671003293106650 21.125 -60.0 1.4603497100671303 19 
0008 0011 5 1671003293109210 17.0625 -62.0 3.2704470397721868 19 
0008 0004 5 1671003293110269 -7.3125 -57.0 5.043728830567988 19 
0008 0010 5 1671003293111448 -13.0 -66.5 0.4356505437595221 19 
0008 0006 5 1671003293112636 -45.5625 -65.0 4.552854978444583 19 
0008 0001 5 1671003293114044 0.0 -55.0 0.8528933180644165 19 
0008 0014 5 1671003293115618 -6.5 -65.5 4.037437433715008 19 
0008 0007 5 1671003293117194 3.25 -67.5 6.264777537724958 19 
0008 0014 6 1671003293147223 -6.5 -70.5 0.5951845456996288 19 
0008 0001 6 1671003293150834 0.0 -54.0 2.8838838812250054 19 
0008 0004 6 1671003293152055 -22.75 -53.5 5.2339424482658075 19 
0008 0005 6 1671003293153283 38.1875 -62.0 3.153864499892878 19 
0008 0015 6 1671003293154775 -169.25 -72.0 1.3928545554001621 19 
0008 0011 6 1671003293157393 -21.125 -66.5 2.086213871524472 19 
0008 0007 6 1671003293158954 3.25 -64.5 2.7979809571034093 19 
0008 0010 6 1671003293162316 6.5 -59.0 5.976389149602458 19 
0008 0009 6 1671003293164668 -19.5 -67.5 5.418020142812084 19 
0008 0010 7 1671003293195906 84.625 -69.0 3.810408277107933 19 
0008 0011 7 1671003293197119 -100.875 -62.5 4.534447208989955 19 
0008 0006 7 1671003293198560 -3.25 -71.5 4.086524818927348 19 
0008 0015 7 1671003293199516 -149.6875 -69.5 3.2765829629237295 19 
0008 0005 7 1671003293203936 3.25 -64.5 3.6754179677739964 19 
0008 0004 7 1671003293205135 7.3125 -57.0 5.123495831538041 19 
0008 0014 7 1671003293213649 74.8125 -68.5 4.313553975534423 19 
0008 0007 8 1671003293246844 -22.75 -70.5 1.4664856332186729 19 
0008 0004 8 1671003293249785 -21.125 -69.0 4.516039439535327 19 
0008 0005 8 1671003293253600 0.0 -65.0 3.890175278077986 19 
0008 0011 8 1671003293256563 24.375 -69.0 0.7976700097005334 19 
0008 0014 8 1671003293257807 35.75 -62.0 2.6384469551633027 19 
0008 0010 8 1671003293260244 39.0 -67.5 1.368310862793992 19 
0008 0015 8 1671003293262111 -6.5 -66.0 4.061981126321178 19 
0008 0011 1 1671003293487864 27.625 -64.0 1.4971652489763858 19 
0008 0014 1 1671003293491176 -3.25 -64.5 5.154175447295755 19 
0008 0001 2 1671003293550228 -91.125 -65.5 0.48473792897186263 19 
0008 0004 2 1671003293551868 -91.125 -71.5 5.313709449235861 19 
0008 0015 2 1671003293553046 6.5 -69.5 4.681709364626977 19 
0008 0005 3 1671003293599908 -7.3125 -61.0 4.289010282928253 19 
0008 0007 3 1671003293600833 45.5625 -65.5 4.908738521234052 19 
0008 0015 3 1671003293604015 -84.625 -64.0 2.84706834231575 19 
0008 0004 3 1671003293609825 117.125 -69.0 0.23930100291016002 19 
0008 0007 4 1671003293648708 0.0 -63.0 4.356505437595221 19 
0008 0006 4 1671003293649649 -55.3125 -69.0 1.4726215563702154 19 
0008 0015 4 1671003293650839 -42.3125 -68.0 3.8410878928656453 19 
0008 0005 4 1671003293652504 -6.5 -62.5 3.718369429834794 19 
0008 0011 4 1671003293653664 -30.875 -55.0 4.767612288748572 19 
0008 0001 4 1671003293654595 13.8125 -56.0 0.607456392002714 19 
0008 0010 4 1671003293656001 -3.25 -70.0 3.2520392703175593 19 
0008 0009 4 1671003293663551 41.5 -71.5 5.209398755659637 19 
0008 0000 4 1671003293669794 -221.3125 -75.5 5.620505606812989 19 
0008 0008 4 1671003293675396 416.625 -74.0 1.509437095279471 19 
0008 0004 5 1671003293697010 -7.3125 -57.0 5.056000676871073 19 
0008 0007 5 1671003293697922 35.75 -67.5 6.240233845118788 19 
0008 0014 5 1671003293699138 3.25 -65.0 4.166291819897402 19 
0008 0005 5 1671003293701691 -6.5 -60.0 1.521708941582556 19 
0008 0010 5 1671003293704005 -52.0625 -66.0 0.4663301595172349 19 
0008 0011 5 1671003293705597 3.25 -62.5 3.215223731408304 19 
0008 0001 5 1671003293706488 -17.0625 -55.0 0.8467573949128739 19 
0008 0006 5 1671003293713412 -38.1875 -65.5 4.485359823777615 19 
0008 0004 6 1671003293746340 6.5 -53.5 5.1725832167503825 19 
0008 0010 6 1671003293749660 13.0 -59.0 5.915029918087033 19 
0008 0005 6 1671003293750862 30.875 -62.0 3.172272269347506 19 
0008 0014 6 1671003293755138 24.375 -70.0 0.3988350048502667 19 
0008 0015 6 1671003293756114 0.0 -72.0 1.1535535524900022 19 
0008 0011 6 1671003293757079 -13.8125 -66.0 2.0800779483729293 19 
0008 0007 6 1671003293758032 32.5 -64.5 2.8102528034064944 19 
0008 0001 6 1671003293759260 3.25 -54.0 2.8532042654672924 19 
0008 0009 6 1671003293763315 16.25 -67.0 5.418020142812084 19 
0008 0005 7 1671003293785986 -34.9375 -64.5 3.6876898140770815 19 
0008 0015 7 1671003293787420 -74.8125 -68.5 3.104777114680538 19 
0008 0011 7 1671003293790032 3.25 -62.5 4.356505437595221 19 
0008 0004 7 1671003293792187 -55.3125 -57.5 5.2339424482658075 19 
0008 0006 7 1671003293793133 -139.125 -71.5 4.190835512503572 19 
0008 0010 7 1671003293794042 188.75 -69.0 3.6754179677739964 19 
0008 0014 7 1671003293801567 -19.5 -67.5 4.381049130201391 19 
0008 0005 8 1671003293836468 30.875 -64.5 3.767456815047135 19 
0008 0004 8 1671003293840689 16.25 -68.5 4.491495746929157 19 
0008 0014 8 1671003293841651 22.75 -62.0 2.6200391857086753 19 
0008 0010 8 1671003293843709 22.75 -68.0 1.4173982480063325 19 
0008 0007 8 1671003293844661 9.75 -70.5 1.4358060174609601 19 
0008 0001 8 1671003293846842 76.4375 -69.5 2.5034566458293663 19 
0008 0011 8 1671003293850941 76.4375 -69.5 0.6442719309119693 19 
0008 0015 8 1671003293852149 -65.0625 -66.0 4.086524818927348 19 
0008 0011 1 1671003294105188 -38.1875 -63.5 1.552388557340269 19 
0008 0014 1 1671003294109613 -7.3125 -64.5 5.209398755659637 19 
0008 0015 2 1671003294137164 -152.9375 -70.5 4.638757902566179 19 
0008 0004 2 1671003294144267 -120.4375 -71.0 5.829126993965437 19 
0008 0001 2 1671003294146846 32.5 -65.5 0.32520392703175593 19 
0008 0005 3 1671003294186919 -41.5 -61.5 4.28287435977671 19 
0008 0015 3 1671003294190174 6.5 -64.0 2.6998061866787286 19 
0008 0007 3 1671003294193564 22.75 -65.5 4.994641445355648 19 
0008 0004 3 1671003294200886 114.6875 -68.5 0.1227184630308513 19 
0008 0015 4 1671003294248302 -84.625 -68.5 3.8533597391687304 19 
0008 0011 4 1671003294251901 -21.125 -55.0 4.792155981354743 19 
0008 0006 4 1671003294254060 0.0 -69.5 1.239456476611598 19 
0008 0001 4 1671003294254957 52.0625 -56.0 0.5460971604872883 19 
0008 0010 4 1671003294255935 -55.3125 -70.5 3.436116964863836 19 
0008 0007 4 1671003294256915 26.0 -63.0 4.338097668140593 19 
0008 0009 4 1671003294260373 -74.8125 -71.5 5.2768939103266055 19 
0008 0005 4 1671003294264971 -59.375 -62.5 3.80427235395639 19 
0008 0000 4 1671003294265977 9.75 -74.5 5.356660911296659 19 
0008 0008 4 1671003294272093 -319.0 -74.0 2.380738182798515 19 
0008 0007 5 1671003294295948 -91.125 -68.5 0.03681553890925539 19 
0008 0005 5 1671003294298208 17.0625 -60.0 1.509437095279471 19 
0008 0004 5 1671003294299664 10.5625 -57.0 5.006913291658733 19 
0008 0001 5 1671003294300866 -21.125 -55.0 0.8528933180644165 19 
0008 0011 5 1671003294301842 -27.625 -62.0 3.2643111166206444 19 
0008 0014 5 1671003294303272 -61.8125 -65.0 4.2031073588066565 19 
0008 0010 5 1671003294307617 55.3125 -66.0 0.32520392703175593 19 
0008 0006 5 1671003294308633 48.8125 -66.0 4.454680208019902 19 
0008 0004 6 1671003294335896 -17.0625 -53.5 5.221670601962723 19 
0008 0005 6 1671003294337108 0.0 -62.0 3.2213596545598464 19 
0008 0001 6 1671003294338272 13.8125 -54.0 2.8654761117703775 19 
0008 0009 6 1671003294339461 -26.0 -67.5 5.2768939103266055 19 
0008 0010 6 1671003294344327 22.75 -59.5 5.957981380147831 19 
0008 0011 6 1671003294346959 21.125 -65.5 2.0923497946760143 19 
0008 0007 6 1671003294348168 35.75 -64.0 2.8286605728611223 19 
0008 0014 6 1671003294352151 -7.3125 -70.0 0.4111068511533518 19 
0008 0015 6 1671003294355233 48.8125 -72.5 0.8774370106705868 19 
0008 0011 7 1671003294375956 -7.3125 -62.5 4.356505437595221 19 
0008 0006 7 1671003294377927 -34.9375 -70.0 4.1417481272912315 19 
0008 0005 7 1671003294382812 13.0 -64.0 3.6201946594101133 19 
0008 0004 7 1671003294385465 22.75 -57.5 5.141903600992669 19 
0008 0014 7 1671003294387132 32.5 -69.0 4.387185053352934 19 
0008 0010 7 1671003294388336 3.25 -69.5 3.9085830475326135 19 
0008 0015 7 1671003294390808 84.625 -69.0 2.859340188618835 19 
0008 0007 8 1671003294430038 -100.875 -69.0 1.5953400194010667 19 
0008 0004 8 1671003294432883 76.4375 -69.0 4.430136515413731 19 
0008 0015 8 1671003294435264 -97.625 -65.5 4.129476280988146 19 
0008 0010 8 1671003294436682 16.25 -67.0 1.4296700943094176 19 
0008 0014 8 1671003294440570 0.0 -62.0 2.675262494072558 19 
0008 0011 8 1671003294446933 -10.5625 -69.5 0.7424467013366504 19 
0008 0005 8 1671003294447895 24.375 -65.0 3.8533597391687304 19 
0008 0001 8 1671003294451017 128.5625 -69.5 2.4850488763747385 19 
0008 0011 1 1671003294677804 13.8125 -63.5 1.5155730184310134 19 
0008 0014 1 1671003294682880 0.0 -65.0 5.252350217720435 19 
0008 0001 2 1671003294717376 -45.5625 -65.5 0.2699806186678728 19 
0008 0004 2 1671003294724174 52.0625 -70.5 5.105088062083414 19 
0008 0015 2 1671003294727026 -94.375 -70.0 4.743068596142402 19 
0008 0015 3 1671003294776932 35.75 -64.5 2.675262494072558 19 
0008 0007 3 1671003294778762 -100.875 -64.0 5.178719139901925 19 
0008 0004 3 1671003294781463 -45.5625 -69.0 0.521553467881118 19 
0008 0005 3 1671003294787395 -52.0625 -61.5 4.381049130201391 19 
0008 0007 4 1671003294818041 -3.25 -63.0 4.3933209765044765 19 
0008 0001 4 1671003294819600 -10.5625 -56.0 0.6258641614573416 19 
0008 0010 4 1671003294820780 -87.875 -70.0 3.2520392703175593 19 
0008 0006 4 1671003294823698 -30.875 -70.0 1.2333205534600555 19 
0008 0011 4 1671003294824613 -7.3125 -55.0 4.828971520263998 19 
0008 0009 4 1671003294826838 -32.5 -73.5 5.129631754689584 19 
0008 0015 4 1671003294828641 -6.5 -68.5 3.6447383520162835 19 
0008 0005 4 1671003294830566 13.0 -62.5 3.6692820446224537 19 
0008 0001 5 1671003294857204 0.0 -55.0 0.859029241215959 19 
0008 0011 5 1671003294858241 52.0625 -62.5 3.2888548092268146 19 
0008 0004 5 1671003294859170 21.125 -57.0 4.988505522204105 19 
0008 0005 5 1671003294862361 0.0 -60.0 1.5278448647340985 19 
0008 0014 5 1671003294863241 -13.0 -65.0 4.123340357836604 19 
0008 0006 5 1671003294866274 -41.5 -65.0 4.522175362686871 19 
0008 0007 5 1671003294867225 -68.3125 -67.5 0.1349903093339364 19 
0008 0010 5 1671003294868398 0.0 -66.5 0.4356505437595221 19 
0008 0001 6 1671003294907367 26.0 -54.0 2.8532042654672924 19 
0008 0010 6 1671003294911491 -19.5 -60.0 6.068427996875596 19 
0008 0007 6 1671003294912683 -16.25 -64.0 2.8716120349219203 19 
0008 0014 6 1671003294914357 35.75 -70.5 0.4479223900626072 19 
0008 0004 6 1671003294915798 6.5 -54.0 5.197126909356553 19 
0008 0005 6 1671003294917214 -24.375 -62.0 3.3011266555298997 19 
0008 0011 6 1671003294918162 52.0625 -65.5 1.932815792735908 19 
0008 0015 6 1671003294919823 61.8125 -72.5 0.9572040116406401 19 
0008 0009 6 1671003294923212 32.5 -68.5 5.178719139901925 19 
0008 0005 7 1671003294947960 -27.625 -64.5 3.6754179677739964 19 
0008 0004 7 1671003294949504 45.5625 -57.5 5.098952138931871 19 
0008 0011 7 1671003294951640 -30.875 -62.5 4.589670517353839 19 
0008 0014 7 1671003294952559 58.5625 -68.0 4.331961744989051 19 
0008 0015 7 1671003294954507 -211.5625 -71.0 3.429981041712294 19 
0008 0010 7 1671003294962414 -78.0625 -68.5 4.074252972624263 19 
0008 0006 7 1671003294966848 -16.25 -71.5 4.061981126321178 19 
0008 0014 8 1671003295000700 9.75 -62.0 2.6139032625571326 19 
0008 0004 8 1671003295005467 17.0625 -69.5 4.473087977474529 19 
0008 0015 8 1671003295006391 19.5 -66.0 4.006757817957295 19 
0008 0007 8 1671003295007570 71.5625 -71.0 1.3008157081270237 19 
0008 0011 8 1671003295008488 90.3125 -70.5 0.6442719309119693 19 
0008 0001 8 1671003295009686 10.5625 -70.0 2.509592568980909 19 
0008 0005 8 1671003295011018 -13.8125 -65.0 3.8963112012295285 19 
0008 0010 8 1671003295013159 74.8125 -68.0 1.3314953238847365 19 
0008 0014 1 1671003295246430 -45.5625 -65.0 5.2768939103266055 19 
0008 0011 1 1671003295250750 21.125 -64.0 1.552388557340269 19 
0008 0004 2 1671003295288122 -173.3125 -71.0 5.546874528994478 19 
0008 0015 2 1671003295294049 -162.75 -69.5 4.73693267299086 19 
0008 0001 2 1671003295301174 34.9375 -66.0 0.3313398501832985 19 
0008 0007 3 1671003295356488 -48.8125 -64.5 5.190990986205009 19 
0008 0015 3 1671003295357978 84.625 -64.0 2.6445828783148455 19 
0008 0005 3 1671003295361222 -38.1875 -62.0 4.344233591292136 19 
0008 0004 3 1671003295370247 139.9375 -70.5 0.42337869745643697 19 
0008 0001 4 1671003295401426 0.0 -56.0 0.607456392002714 19 
0008 0007 4 1671003295402608 -26.0 -63.0 4.374913207049849 19 
0008 0011 4 1671003295403539 -17.0625 -55.0 4.822835597112456 19 
0008 0005 4 1671003295404994 -45.5625 -63.0 3.724505352986337 19 
0008 0010 4 1671003295405989 152.9375 -71.0 3.000466421104314 19 
0008 0009 4 1671003295407800 -26.0 -72.0 5.2339424482658075 19 
0008 0008 4 1671003295409636 -9.75 -76.5 2.0371264863121317 19 
0008 0000 4 1671003295413121 45.5625 -76.0 5.325981295538946 19 
0008 0015 4 1671003295414299 19.5 -68.0 3.761320891895592 19 
0008 0006 4 1671003295417656 38.1875 -70.5 1.3069516312785663 19 
0008 0001 5 1671003295446227 7.3125 -55.0 0.8528933180644165 19 
0008 0007 5 1671003295447210 48.8125 -66.5 6.227961998815704 19 
0008 0010 5 1671003295449509 13.0 -65.0 0.36815538909255385 19 
0008 0005 5 1671003295450711 62.625 -60.0 1.4480778637640452 19 
0008 0014 5 1671003295452126 -42.3125 -65.5 4.147884050442774 19 
0008 0011 5 1671003295453057 -3.25 -62.0 3.2827188860752723 19 
0008 0006 5 1671003295455009 -21.125 -65.0 4.454680208019902 19 
0008 0004 5 1671003295455957 -45.5625 -57.0 5.056000676871073 19 
0008 0015 6 1671003295488196 -61.8125 -72.5 1.0492428589137786 19 
0008 0011 6 1671003295489141 24.375 -65.5 1.9696313316451632 19 
0008 0007 6 1671003295490117 0.0 -64.0 2.7979809571034093 19 
0008 0010 6 1671003295491100 -22.75 -59.5 6.037748381117884 19 
0008 0005 6 1671003295494209 -21.125 -61.5 3.2949907323783574 19 
0008 0014 6 1671003295495400 55.3125 -70.0 0.48473792897186263 19 
0008 0001 6 1671003295497563 7.3125 -53.5 2.9022916506796332 19 
0008 0004 6 1671003295498482 -13.8125 -54.0 5.203262832508095 19 
0008 0009 6 1671003295502696 -55.3125 -68.0 5.448699758569798 19 
0008 0004 7 1671003295529396 -22.75 -57.5 5.21553467881118 19 
0008 0015 7 1671003295531553 81.375 -69.5 3.0925052683774528 19 
0008 0006 7 1671003295532699 -65.0625 -70.5 4.061981126321178 19 
0008 0011 7 1671003295534082 7.3125 -63.0 4.3933209765044765 19 
0008 0005 7 1671003295535996 -10.5625 -65.0 3.6876898140770815 19 
0008 0010 7 1671003295538320 84.625 -69.0 3.9085830475326135 19 
0008 0014 7 1671003295540709 -270.125 -68.0 4.81056375080937 19 
0008 0005 8 1671003295577936 -55.3125 -64.5 3.988350048502667 19 
0008 0014 8 1671003295579756 6.5 -62.0 2.6568547246179306 19 
0008 0001 8 1671003295580734 -52.0625 -69.5 2.675262494072558 19 
0008 0015 8 1671003295581701 -61.8125 -65.5 4.135612204139688 19 
0008 0007 8 1671003295584407 16.25 -69.5 1.380582709097077 19 
0008 0004 8 1671003295592197 3.25 -68.5 4.552854978444583 19 
0008 0011 8 1671003295593891 -38.1875 -69.5 0.8222137023067037 19 
0008 0010 8 1671003295597381 52.0625 -67.5 1.4051264017032472 19 
0008 0014 1 1671003295819493 87.875 -64.5 5.037592907416445 19 
0008 0011 1 1671003295823261 -13.8125 -63.5 1.509437095279471 19 
0008 0001 2 1671003295867849 135.0625 -65.0 0.2945243112740431 19 
0008 0004 2 1671003295892896 215.625 -70.5 5.019185137961818 19 
0008 0015 2 1671003295898976 -296.1875 -70.0 5.037592907416445 19 
0008 0015 3 1671003295937706 3.25 -65.5 2.779573187648782 19 
0008 0005 3 1671003295941416 -19.5 -62.0 4.381049130201391 19 
0008 0007 3 1671003295944481 42.3125 -65.0 5.105088062083414 19 
0008 0009 3 1671003295948460 221.3125 -71.5 2.1905245651006955 19 
0008 0004 3 1671003295951663 201.8125 -68.0 0.28225246497095796 19 
0008 0007 4 1671003295977030 -9.75 -63.5 4.381049130201391 19 
0008 0011 4 1671003295977949 -17.0625 -55.0 4.7860200582032 19 
0008 0015 4 1671003295982081 -26.0 -68.0 3.8288160465625602 19 
0008 0001 4 1671003295983324 17.0625 -56.0 0.5951845456996288 19 
0008 0010 4 1671003295986475 -55.3125 -70.0 3.5342917352885173 19 
0008 0005 4 1671003295987790 -21.125 -63.0 3.718369429834794 19 
0008 0006 4 1671003295988794 -30.875 -70.0 1.2701360923693108 19 
0008 0009 4 1671003295996013 -48.8125 -71.5 5.4671075280244255 19 
0008 0007 5 1671003296036907 -179.0 -67.5 0.09817477042468103 19 
0008 0006 5 1671003296038449 -62.625 -65.0 4.516039439535327 19 
0008 0005 5 1671003296039351 21.125 -60.0 1.509437095279471 19 
0008 0010 5 1671003296041036 -22.75 -66.0 0.3865631585471816 19 
0008 0001 5 1671003296042931 -34.9375 -55.0 0.8958447801252144 19 
0008 0011 5 1671003296044189 -27.625 -62.0 3.2949907323783574 19 
0008 0004 5 1671003296045388 -9.75 -57.0 5.019185137961818 19 
0008 0014 5 1671003296049215 -29.25 -66.0 4.080388895775806 19 
0008 0010 6 1671003296076507 6.5 -59.0 5.939573610693203 19 
0008 0004 6 1671003296079068 -7.3125 -54.0 5.221670601962723 19 
0008 0011 6 1671003296079987 62.625 -66.0 2.086213871524472 19 
0008 0007 6 1671003296083771 -32.5 -64.5 2.8961557275280905 19 
0008 0009 6 1671003296085059 -39.0 -66.0 5.559146375297564 19 
0008 0001 6 1671003296089027 3.25 -54.0 2.8838838812250054 19 
0008 0005 6 1671003296090441 -7.3125 -61.5 3.2643111166206444 19 
0008 0014 6 1671003296093337 65.0625 -70.5 0.4111068511533518 19 
0008 0015 6 1671003296094888 133.4375 -70.5 0.8713010875190442 19 
0008 0014 7 1671003296122020 111.4375 -68.0 4.227651051412827 19 
0008 0006 7 1671003296132052 -7.3125 -70.0 3.9392626632903265 19 
0008 0004 7 1671003296133481 3.25 -57.0 5.178719139901925 19 
0008 0011 7 1671003296134945 -10.5625 -62.0 4.325825821837508 19 
0008 0015 7 1671003296136279 -81.375 -68.5 3.2029518851052186 19 
0008 0010 7 1671003296137202 -26.0 -70.0 4.025165587411922 19 
0008 0005 7 1671003296139126 -10.5625 -64.0 3.693825737228624 19 
0008 0011 8 1671003296166251 -59.375 -69.5 0.8467573949128739 19 
0008 0015 8 1671003296168435 -16.25 -65.5 4.037437433715008 19 
0008 0001 8 1671003296170406 -21.125 -69.5 2.650718801466388 19 
0008 0014 8 1671003296178751 -13.0 -62.0 2.6875343403756435 19 
0008 0007 8 1671003296184223 42.3125 -70.0 1.368310862793992 19 
0008 0005 8 1671003296185809 -24.375 -64.5 3.9576704327449543 19 
0008 0004 8 1671003296191209 -41.5 -69.5 4.589670517353839 19 
0008 0010 8 1671003296194811 65.0625 -68.5 1.4051264017032472 19 
0008 0011 1 1671003296414993 10.5625 -64.0 1.423534171157875 19 
0008 0014 1 1671003296420494 -6.5 -64.5 5.203262832508095 19 
0008 0001 2 1671003296462496 13.0 -66.0 0.4663301595172349 19 
0008 0015 2 1671003296480554 -58.5625 -71.5 5.031456984264903 19 
0008 0015 3 1671003296528970 45.5625 -64.5 2.675262494072558 19 
0008 0005 3 1671003296530894 -30.875 -62.0 4.411728745959104 19 
0008 0007 3 1671003296531817 -39.0 -65.0 5.184855063053467 19 
0008 0009 3 1671003296534478 -257.125 -72.0 3.1968159619536762 19 
0008 0004 3 1671003296536957 -48.8125 -70.5 0.5338253141842031 19 
0008 0001 4 1671003296566678 13.8125 -56.0 0.5951845456996288 19 
0008 0011 4 1671003296568887 0.0 -55.0 4.76147636559703 19 
0008 0010 4 1671003296574934 -117.125 -69.0 3.522019888985432 19 
0008 0006 4 1671003296579164 -27.625 -69.5 1.3008157081270237 19 
0008 0005 4 1671003296580436 24.375 -63.0 3.6692820446224537 19 
0008 0015 4 1671003296582283 -71.5625 -68.5 3.785864584501762 19 
0008 0007 4 1671003296584943 0.0 -63.5 4.362641360746763 19 
0008 0009 4 1671003296587094 -32.5 -71.5 5.393476450205914 19 
0008 0000 4 1671003296589591 -71.5625 -75.0 5.595961914206819 19 
0008 0008 4 1671003296593928 123.6875 -73.5 1.859184714917397 19 
0008 0006 5 1671003296616664 -27.625 -66.0 4.509903516383785 19 
0008 0005 5 1671003296619919 24.375 -60.0 1.5033011721279284 19 
0008 0007 5 1671003296620870 -9.75 -68.5 6.080699843178682 19 
0008 0010 5 1671003296623394 -48.8125 -65.0 0.3988350048502667 19 
0008 0011 5 1671003296624681 -27.625 -62.0 3.147728576741336 19 
0008 0004 5 1671003296625599 -45.5625 -57.0 5.037592907416445 19 
0008 0001 5 1671003296626602 -7.3125 -55.0 0.8958447801252144 19 
0008 0014 5 1671003296627893 19.5 -65.5 4.000621894805752 19 
0008 0010 6 1671003296656885 -3.25 -59.0 5.945709533844745 19 
0008 0015 6 1671003296658464 97.625 -71.5 0.9387962421860124 19 
0008 0001 6 1671003296659410 21.125 -53.5 2.8654761117703775 19 
0008 0004 6 1671003296661579 -3.25 -54.0 5.209398755659637 19 
0008 0005 6 1671003296662782 -38.1875 -62.0 3.356349963893783 19 
0008 0009 6 1671003296664197 26.0 -66.5 5.332117218690489 19 
0008 0011 6 1671003296668335 -45.5625 -65.5 2.116893487282185 19 
0008 0007 6 1671003296669628 26.0 -64.5 2.82252464970958 19 
0008 0014 6 1671003296672121 -42.3125 -69.0 0.5951845456996288 19 
0008 0014 7 1671003296697192 -139.125 -68.5 4.534447208989955 19 
0008 0005 7 1671003296700659 -17.0625 -65.0 3.6692820446224537 19 
0008 0004 7 1671003296701831 3.25 -57.5 5.1725832167503825 19 
0008 0010 7 1671003296702783 84.625 -70.5 3.718369429834794 19 
0008 0011 7 1671003296707226 3.25 -62.5 4.338097668140593 19 
0008 0015 7 1671003296714084 -91.125 -70.0 3.141592653589793 19 
0008 0006 7 1671003296717465 -87.875 -70.0 4.0558452031696355 19 
0008 0005 8 1671003296746438 -13.8125 -65.0 3.9515345095934116 19 
0008 0004 8 1671003296752329 -48.8125 -69.5 4.565126824747668 19 
0008 0007 8 1671003296753777 74.8125 -70.0 1.3989904785517047 19 
0008 0001 8 1671003296754724 48.8125 -70.0 2.6139032625571326 19 
0008 0014 8 1671003296760443 26.0 -62.0 2.6323110320117604 19 
0008 0015 8 1671003296761621 55.3125 -66.0 3.9515345095934116 19 
0008 0011 8 1671003296764888 90.3125 -69.5 0.8160777791551611 19 
0008 0010 8 1671003296768264 -22.75 -67.5 1.5953400194010667 19 
0008 0014 1 1671003296992864 22.75 -64.0 5.148039524144211 19 
0008 0011 1 1671003297002763 -73.1875 -64.0 1.607611865704152 19 
0008 0001 2 1671003297030397 59.375 -64.0 0.36815538909255385 19 
0008 0004 2 1671003297038519 13.8125 -70.0 5.516194913236766 19 
0008 0015 2 1671003297046209 205.0625 -70.0 4.1417481272912315 19 
0008 0007 3 1671003297088149 -61.8125 -65.5 5.043728830567988 19 
0008 0015 3 1671003297092479 52.0625 -64.5 2.748893571891069 19 
0008 0004 3 1671003297094132 -45.5625 -69.5 0.5890486225480862 19 
0008 0005 3 1671003297095306 -9.75 -62.0 4.381049130201391 19 
0008 0011 4 1671003297127555 0.0 -55.0 4.804427827657828 19 
0008 0005 4 1671003297128717 -24.375 -62.5 3.718369429834794 19 
0008 0015 4 1671003297130124 -130.1875 -68.5 3.877903431774901 19 
0008 0010 4 1671003297132664 -84.625 -70.5 3.3747577333484107 19 
0008 0009 4 1671003297133810 -84.625 -72.5 5.252350217720435 19 
0008 0001 4 1671003297134967 10.5625 -56.0 0.6013204688511713 19 
0008 0006 4 1671003297137307 -149.6875 -70.5 1.5278448647340985 19 
0008 0007 4 1671003297142149 -6.5 -63.5 4.374913207049849 19 
0008 0008 4 1671003297145078 -146.4375 -75.5 2.454369260617026 19 
0008 0000 4 1671003297146847 55.3125 -75.5 5.252350217720435 19 
0008 0001 5 1671003297165979 -3.25 -55.0 0.8958447801252144 19 
0008 0005 5 1671003297168203 -17.0625 -60.0 1.5707963267948966 19 
0008 0014 5 1671003297169478 -3.25 -65.0 4.025165587411922 19 
0008 0006 5 1671003297171429 -76.4375 -65.0 4.479223900626073 19 
0008 0007 5 1671003297173765 -16.25 -68.0 6.252505691421874 19 
0008 0010 5 1671003297176324 -84.625 -66.5 0.5092816215780329 19 
0008 0004 5 1671003297177299 39.0 -57.0 4.914874444385594 19 
0008 0011 5 1671003297180651 -21.125 -62.0 3.2704470397721868 19 
0008 0001 6 1671003297216411 13.8125 -53.5 2.859340188618835 19 
0008 0007 6 1671003297220213 -42.3125 -64.5 2.9697868053466014 19 
0008 0010 6 1671003297221119 22.75 -59.5 5.957981380147831 19 
0008 0004 6 1671003297222319 6.5 -54.0 5.197126909356553 19 
0008 0015 6 1671003297225849 48.8125 -72.0 0.8713010875190442 19 
0008 0011 6 1671003297226854 -41.5 -66.0 2.12916533358527 19 
0008 0014 6 1671003297227830 69.125 -71.0 0.4356505437595221 19 
0008 0005 6 1671003297229681 -6.5 -62.0 3.2827188860752723 19 
0008 0009 6 1671003297232555 48.8125 -68.5 5.111223985234957 19 
0008 0014 7 1671003297255970 55.3125 -70.5 4.430136515413731 19 
0008 0004 7 1671003297257410 7.3125 -57.5 5.154175447295755 19 
0008 0010 7 1671003297258846 -100.875 -69.5 4.154019973594316 19 
0008 0005 7 1671003297262797 55.3125 -65.0 3.5956509668039427 19 
0008 0011 7 1671003297263714 24.375 -63.0 4.381049130201391 19 
0008 0015 7 1671003297266309 19.5 -69.5 3.000466421104314 19 
0008 0006 7 1671003297276773 -152.9375 -70.0 4.123340357836604 19 
