0005 0015 1 1671002937056161 6.5 -57.5 3.724505352986337 5 
0005 0011 1 1671002937058048 -13.0 -61.0 4.289010282928253 5 
0005 0014 1 1671002937059820 -19.5 -56.0 4.693981210930062 5 
0005 0013 1 1671002937060771 22.75 -59.0 0.7976700097005334 5 
0005 0003 1 1671002937064623 -3.25 -64.0 1.9144080232812801 5 
0005 0000 1 1671002937065588 6.5 -60.5 5.9088939949354895 5 
0005 0006 1 1671002937069187 -65.0625 -70.0 5.976389149602458 5 
0005 0004 1 1671002937071350 62.625 -63.0 1.533980787885641 5 
0005 0005 1 1671002937074009 0.0 -52.5 3.9576704327449543 5 
0005 0009 1 1671002937077213 0.0 -59.0 5.381204603902829 5 
0005 0007 2 1671002937106680 81.375 -63.5 1.576932249946439 5 
0005 0008 2 1671002937109925 6.5 -67.5 0.1718058482431918 5 
0005 0003 2 1671002937111119 -32.5 -63.0 4.4362724385652745 5 
0005 0009 2 1671002937116070 -16.25 -61.5 1.7855536370988863 5 
0005 0000 2 1671002937117020 16.25 -63.5 1.8346410223112268 5 
0005 0011 2 1671002937119034 -3.25 -61.0 1.607611865704152 5 
0005 0005 2 1671002937121754 -136.6875 -67.0 4.1172044346850605 5 
0005 0014 3 1671002937146240 -87.875 -66.0 5.743224069843841 5 
0005 0005 3 1671002937150777 68.3125 -66.0 0.47860200582032003 5 
0005 0015 3 1671002937152087 -133.4375 -66.0 5.6941366846315 5 
0005 0005 4 1671002937178452 -201.8125 -69.0 4.04357335686655 5 
0005 0015 4 1671002937182805 -3.25 -66.0 5.773903685601553 5 
0005 0004 4 1671002937186213 30.875 -72.5 0.22089323345553233 5 
0005 0014 5 1671002937222421 55.3125 -67.5 1.0062913968529805 5 
0005 0006 6 1671002937250676 -169.25 -72.0 6.191146459906448 5 
0005 0014 6 1671002937251652 -19.5 -68.0 3.442252888015379 5 
0005 0012 6 1671002937252855 -159.5 -71.5 3.1784081924990484 5 
0005 0013 7 1671002937275862 -117.125 -67.0 6.062292073724054 5 
0005 0006 7 1671002937280082 139.9375 -71.5 5.436427912266712 5 
0005 0009 7 1671002937284676 55.3125 -69.0 2.270291566070749 5 
0005 0010 7 1671002937288426 -9.75 -67.5 0.32520392703175593 5 
0005 0004 7 1671002937290413 -17.0625 -71.0 2.380738182798515 5 
0005 0015 7 1671002937291350 39.0 -71.0 5.816855147662351 5 
0005 0005 8 1671002937317696 -34.9375 -67.5 4.534447208989955 5 
0005 0011 8 1671002937319499 -68.3125 -69.5 4.749204519293945 5 
0005 0014 8 1671002937323622 -48.8125 -67.5 5.092816215780329 5 
0005 0006 8 1671002937326046 -32.5 -68.5 1.4910293258248433 5 
0005 0010 8 1671002937326970 -26.0 -59.5 0.30066023442558565 5 
0005 0015 8 1671002937328158 6.5 -62.5 0.4663301595172349 5 
0005 0004 8 1671002937330261 -3.25 -70.0 3.730641276137879 5 
0005 0012 8 1671002937333704 0.0 -70.0 2.6016314162540475 5 
0005 0009 8 1671002937334961 74.8125 -62.5 0.5092816215780329 5 
0005 0013 8 1671002937335928 32.5 -64.0 3.5036121195308043 5 
0005 0015 1 1671002937559423 6.5 -57.5 3.767456815047135 5 
0005 0010 1 1671002937561720 -107.375 -72.0 1.2333205534600555 5 
0005 0005 1 1671002937564055 3.25 -52.5 3.9085830475326135 5 
0005 0004 1 1671002937565451 0.0 -63.5 1.4726215563702154 5 
0005 0009 1 1671002937567627 -9.75 -59.0 5.21553467881118 5 
0005 0006 1 1671002937570255 -29.25 -69.5 6.025476534814799 5 
0005 0011 1 1671002937571913 45.5625 -61.0 4.166291819897402 5 
0005 0000 1 1671002937574566 32.5 -60.5 5.810719224510809 5 
0005 0014 1 1671002937575484 13.0 -56.0 4.632621979414636 5 
0005 0013 1 1671002937577158 6.5 -59.0 0.803805932852076 5 
0005 0003 1 1671002937579944 0.0 -64.5 1.8714565612204823 5 
0005 0000 2 1671002937607143 0.0 -64.5 1.705786636128833 5 
0005 0007 2 1671002937609690 107.375 -64.0 1.4848934026733007 5 
0005 0005 2 1671002937612166 84.625 -66.5 3.785864584501762 5 
0005 0011 2 1671002937614464 -13.0 -61.0 1.6198837120072371 5 
0005 0009 2 1671002937616570 -52.0625 -62.0 1.7671458676442586 5 
0005 0003 2 1671002937617774 26.0 -63.0 4.3933209765044765 5 
0005 0008 2 1671002937619801 221.3125 -67.5 6.227961998815704 5 
0005 0005 3 1671002937648221 10.5625 -66.5 0.4479223900626072 5 
0005 0015 3 1671002937651630 16.25 -67.5 5.424156065963627 5 
0005 0014 3 1671002937653233 -84.625 -65.5 5.816855147662351 5 
0005 0015 4 1671002937678298 6.5 -66.0 5.730952223540755 5 
0005 0004 4 1671002937680820 -10.5625 -72.5 0.3190680038802134 5 
0005 0005 4 1671002937687175 121.25 -69.5 3.5956509668039427 5 
0005 0014 5 1671002937716862 -32.5 -68.5 1.2640001692177683 5 
0005 0006 6 1671002937751396 -81.375 -73.0 0.02454369260617026 5 
0005 0014 6 1671002937752856 -214.8125 -68.5 3.822680123411018 5 
0005 0012 6 1671002937756404 123.6875 -71.0 2.60776733940559 5 
0005 0010 7 1671002937790393 16.25 -66.5 0.4908738521234052 5 
0005 0013 7 1671002937793422 3.25 -66.5 5.9088939949354895 5 
0005 0004 7 1671002937795877 163.5625 -70.0 2.3009711818284617 5 
0005 0006 7 1671002937802439 -130.1875 -71.5 6.080699843178682 5 
0005 0009 7 1671002937803406 120.4375 -68.0 2.1046216409791 5 
0005 0015 7 1671002937807148 182.25 -69.0 5.418020142812084 5 
0005 0005 8 1671002937836738 -7.3125 -68.5 4.7307967498393175 5 
0005 0010 8 1671002937839774 29.25 -59.5 0.30066023442558565 5 
0005 0014 8 1671002937840778 -9.75 -69.0 5.491651220630596 5 
0005 0009 8 1671002937842796 91.125 -63.0 0.6135923151542565 5 
0005 0004 8 1671002937844971 3.25 -70.0 3.724505352986337 5 
0005 0015 8 1671002937845923 -3.25 -62.5 0.5522330836388308 5 
0005 0011 8 1671002937848078 -74.8125 -70.0 4.853515212870168 5 
0005 0006 8 1671002937852736 -52.0625 -68.0 1.552388557340269 5 
0005 0013 8 1671002937855115 -52.0625 -64.0 3.7122335066832517 5 
0005 0012 8 1671002937856079 -39.0 -69.5 2.761165418194154 5 
0005 0015 1 1671002938077991 -26.0 -57.5 3.785864584501762 5 
0005 0014 1 1671002938078952 -19.5 -56.0 4.669437518323892 5 
0005 0013 1 1671002938081062 3.25 -59.0 0.7240389318820226 5 
0005 0006 1 1671002938082494 29.25 -70.0 5.835262917116979 5 
0005 0000 1 1671002938085639 9.75 -60.5 5.712544454086128 5 
0005 0009 1 1671002938086635 -22.75 -58.5 5.301437602932776 5 
0005 0005 1 1671002938087554 -19.5 -52.5 3.877903431774901 5 
0005 0003 1 1671002938089982 65.0625 -64.0 1.718058482431918 5 
0005 0004 1 1671002938091338 -16.25 -63.5 1.3989904785517047 5 
0005 0011 1 1671002938095461 32.5 -61.5 4.154019973594316 5 
0005 0009 2 1671002938126162 -13.0 -62.0 1.6505633277649499 5 
0005 0007 2 1671002938129883 -42.3125 -63.5 1.5155730184310134 5 
0005 0000 2 1671002938131312 -3.25 -64.0 1.7119225592803755 5 
0005 0008 2 1671002938133067 -26.0 -69.0 0.11044661672776616 5 
0005 0003 2 1671002938134696 -71.5625 -62.5 4.381049130201391 5 
0005 0005 2 1671002938136139 -19.5 -66.5 3.9515345095934116 5 
0005 0011 2 1671002938137555 3.25 -61.0 1.6137477888556946 5 
0005 0015 3 1671002938166403 -6.5 -66.0 5.546874528994478 5 
0005 0014 3 1671002938172136 -29.25 -66.5 5.810719224510809 5 
0005 0005 3 1671002938174740 32.5 -67.0 0.3988350048502667 5 
0005 0004 4 1671002938203853 10.5625 -72.0 0.2761165418194154 5 
0005 0005 4 1671002938204846 -125.3125 -70.0 4.000621894805752 5 
0005 0015 4 1671002938210224 71.5625 -66.0 5.577554144752192 5 
0005 0014 5 1671002938242410 9.75 -68.0 0.9633399347921826 5 
0005 0014 6 1671002938269077 -52.0625 -67.5 3.454524734318464 5 
0005 0006 6 1671002938272827 -45.5625 -73.5 0.11044661672776616 5 
0005 0012 6 1671002938275392 6.5 -71.5 3.031146036862027 5 
0005 0015 7 1671002938296118 -175.75 -71.0 0.15339807878856412 5 
0005 0013 7 1671002938301716 -35.75 -66.5 6.007068765360171 5 
0005 0004 7 1671002938302647 3.25 -71.0 2.435961491162398 5 
0005 0010 7 1671002938310925 61.8125 -65.5 0.3374757733348411 5 
0005 0006 7 1671002938315416 -283.1875 -71.5 5.884350302329319 5 
0005 0013 8 1671002938350570 39.0 -65.5 3.6324665057131984 5 
0005 0010 8 1671002938352499 -16.25 -59.5 0.35588354278946877 5 
0005 0004 8 1671002938353489 -65.875 -69.5 3.9392626632903265 5 
0005 0005 8 1671002938355656 149.6875 -68.0 4.381049130201391 5 
0005 0014 8 1671002938356590 -97.625 -67.5 5.154175447295755 5 
0005 0015 8 1671002938358787 -9.75 -62.5 0.5460971604872883 5 
0005 0012 8 1671002938359994 58.5625 -69.5 2.478912953223196 5 
0005 0011 8 1671002938364212 -16.25 -69.0 4.847379289718626 5 
0005 0009 8 1671002938365164 29.25 -62.5 0.705631162427395 5 
0005 0006 8 1671002938366977 195.25 -68.5 1.3069516312785663 5 
0005 0014 1 1671002938589586 9.75 -56.0 4.614214209960009 5 
0005 0013 1 1671002938591136 19.5 -59.5 0.662679700366597 5 
0005 0009 1 1671002938592808 3.25 -58.5 5.2339424482658075 5 
0005 0003 1 1671002938594949 -26.0 -64.5 1.718058482431918 5 
0005 0000 1 1671002938595900 -26.0 -60.5 5.767767762450011 5 
0005 0005 1 1671002938596859 -6.5 -52.5 3.834951969714103 5 
0005 0010 1 1671002938597827 -32.5 -71.5 0.8528933180644165 5 
0005 0011 1 1671002938598777 -16.25 -61.5 4.1601558967458585 5 
0005 0015 1 1671002938599969 -13.0 -57.0 3.730641276137879 5 
0005 0006 1 1671002938603045 -156.1875 -69.5 5.976389149602458 5 
0005 0004 1 1671002938604004 -19.5 -64.0 1.3008157081270237 5 
0005 0007 2 1671002938636964 71.5625 -63.5 1.5892040962495242 5 
0005 0000 2 1671002938638739 97.625 -63.0 1.4358060174609601 5 
0005 0003 2 1671002938641950 -26.0 -63.0 4.331961744989051 5 
0005 0005 2 1671002938644297 -126.9375 -67.0 3.877903431774901 5 
0005 0011 2 1671002938645244 19.5 -60.5 1.5707963267948966 5 
0005 0009 2 1671002938649503 -26.0 -62.0 1.5033011721279284 5 
0005 0008 2 1671002938650523 -74.8125 -67.5 0.1902136176978195 5 
0005 0015 3 1671002938681385 -149.6875 -65.0 5.583690067903734 5 
0005 0005 3 1671002938682432 -90.3125 -66.0 0.4970097752749477 5 
0005 0014 3 1671002938683646 0.0 -66.5 5.927301764390117 5 
0005 0004 3 1671002938686767 -130.1875 -70.0 1.2762720155208536 5 
0005 0005 4 1671002938716459 -83.0 -69.5 4.006757817957295 5 
0005 0004 4 1671002938718727 111.4375 -71.5 0.37429131224409645 5 
0005 0015 4 1671002938725254 52.0625 -66.0 5.608233760509904 5 
0005 0014 5 1671002938761623 6.5 -68.5 1.0369710126106935 5 
0005 0012 6 1671002938787162 -3.25 -71.5 3.0066023442558567 5 
0005 0014 6 1671002938792341 -52.0625 -67.0 3.5281558121369745 5 
0005 0006 6 1671002938793798 -19.5 -73.5 6.215690152512618 5 
0005 0004 7 1671002938817792 -335.25 -69.5 3.0066023442558567 5 
0005 0013 7 1671002938822957 39.0 -67.0 5.915029918087033 5 
0005 0006 7 1671002938824446 -117.125 -72.5 5.9088939949354895 5 
0005 0010 7 1671002938826854 26.0 -67.0 0.5399612373357456 5 
0005 0015 7 1671002938834003 -94.375 -70.5 5.8045833013592665 5 
0005 0009 7 1671002938835283 87.875 -68.5 2.172116795646068 5 
0005 0009 8 1671002938872876 3.25 -63.0 0.7915340865489908 5 
0005 0012 8 1671002938873857 81.375 -70.5 2.6139032625571326 5 
0005 0004 8 1671002938875087 41.5 -69.5 3.7122335066832517 5 
0005 0010 8 1671002938878013 -6.5 -59.0 0.36815538909255385 5 
0005 0015 8 1671002938883036 0.0 -62.5 0.521553467881118 5 
0005 0005 8 1671002938884456 21.125 -68.5 4.657165672020807 5 
0005 0006 8 1671002938885489 13.0 -69.0 1.4787574795217582 5 
0005 0013 8 1671002938886441 16.25 -65.5 3.6386024288647407 5 
0005 0011 8 1671002938887424 -104.125 -69.0 5.00077736850719 5 
0005 0014 8 1671002938888649 -19.5 -68.0 5.037592907416445 5 
0005 0009 1 1671002939106150 -22.75 -58.5 5.350524988145116 5 
0005 0014 1 1671002939110769 -16.25 -56.0 4.675573441475434 5 
0005 0003 1 1671002939112188 58.5625 -64.5 1.748738098189631 5 
0005 0006 1 1671002939113163 3.25 -69.5 5.890486225480862 5 
0005 0004 1 1671002939114636 91.125 -64.0 1.1903690913992575 5 
0005 0015 1 1671002939115827 -13.0 -57.5 3.785864584501762 5 
0005 0011 1 1671002939118262 -22.75 -61.0 4.2092432819582 5 
0005 0013 1 1671002939120571 -3.25 -59.0 0.7547185476397354 5 
0005 0000 1 1671002939122041 9.75 -60.5 5.749359992995383 5 
0005 0005 1 1671002939122987 -9.75 -52.5 3.890175278077986 5 
0005 0010 1 1671002939126921 26.0 -72.5 0.8651651643675016 5 
0005 0000 2 1671002939161097 -113.875 -63.5 1.859184714917397 5 
0005 0009 2 1671002939162190 6.5 -62.5 1.7426021750380885 5 
0005 0011 2 1671002939165245 -13.0 -60.5 1.662835174068035 5 
0005 0005 2 1671002939166436 -19.5 -66.5 4.000621894805752 5 
0005 0008 2 1671002939171189 -81.375 -68.0 0.5092816215780329 5 
0005 0007 2 1671002939172283 29.25 -64.0 1.5830681730979816 5 
0005 0003 2 1671002939173770 -48.8125 -63.0 4.374913207049849 5 
0005 0005 3 1671002939201406 -32.5 -67.5 0.37429131224409645 5 
0005 0014 3 1671002939202439 13.0 -66.5 5.66959299202533 5 
0005 0015 3 1671002939203618 94.375 -66.5 5.166447293598839 5 
0005 0015 4 1671002939230879 39.0 -65.5 5.64504929941916 5 
0005 0005 4 1671002939236439 13.8125 -70.0 3.9392626632903265 5 
0005 0004 4 1671002939239158 159.5 -72.0 0.04295146206079795 5 
0005 0014 5 1671002939268107 48.8125 -70.0 0.9633399347921826 5 
0005 0014 6 1671002939299762 -19.5 -68.0 3.429981041712294 5 
0005 0006 6 1671002939301267 -149.6875 -73.5 0.1227184630308513 5 
0005 0012 6 1671002939304989 97.625 -72.0 2.6568547246179306 5 
0005 0013 7 1671002939348170 45.5625 -67.0 5.93343768754166 5 
0005 0006 7 1671002939350461 -78.0625 -72.0 5.66959299202533 5 
0005 0015 7 1671002939352871 -179.0 -70.0 5.982525072754001 5 
0005 0009 7 1671002939355009 -3.25 -68.0 2.380738182798515 5 
0005 0010 7 1671002939359955 104.125 -67.0 0.4540583132141498 5 
0005 0004 7 1671002939366522 130.1875 -70.0 2.386874105950058 5 
0005 0010 8 1671002939395817 -39.0 -59.0 0.4295146206079795 5 
0005 0006 8 1671002939398335 94.375 -68.5 1.3989904785517047 5 
0005 0005 8 1671002939399340 26.0 -68.5 4.651029748869264 5 
0005 0013 8 1671002939400562 -42.3125 -65.5 3.80427235395639 5 
0005 0014 8 1671002939401753 -68.3125 -67.0 5.141903600992669 5 
0005 0015 8 1671002939403640 -3.25 -62.5 0.48473792897186263 5 
0005 0009 8 1671002939406308 3.25 -62.5 0.8160777791551611 5 
0005 0004 8 1671002939409690 -76.4375 -69.5 4.031301510563465 5 
0005 0012 8 1671002939414329 -65.0625 -70.0 2.767301341345697 5 
0005 0011 8 1671002939422562 -35.75 -68.5 4.92714629068868 5 
0005 0013 1 1671002939641370 -3.25 -59.5 0.8344855486097889 5 
0005 0006 1 1671002939642348 61.8125 -69.0 5.9088939949354895 5 
0005 0005 1 1671002939643278 -9.75 -52.5 3.9147189706841563 5 
0005 0015 1 1671002939644429 -29.25 -57.5 3.834951969714103 5 
0005 0000 1 1671002939645407 -13.0 -60.5 5.872078456026235 5 
0005 0009 1 1671002939648454 -19.5 -59.0 5.3627968344482015 5 
0005 0011 1 1671002939649929 -61.8125 -61.0 4.3074180523828804 5 
0005 0004 1 1671002939652858 -3.25 -64.0 1.4296700943094176 5 
0005 0014 1 1671002939655664 -13.0 -55.5 4.657165672020807 5 
0005 0003 1 1671002939656642 -22.75 -64.5 2.030990563160589 5 
0005 0005 2 1671002939687026 9.75 -66.5 3.847223816017188 5 
0005 0011 2 1671002939691374 0.0 -61.0 1.6566992509164924 5 
0005 0007 2 1671002939693190 6.5 -64.5 1.705786636128833 5 
0005 0003 2 1671002939697201 26.0 -63.0 4.411728745959104 5 
0005 0000 2 1671002939698734 146.4375 -64.0 1.5707963267948966 5 
0005 0009 2 1671002939700308 55.3125 -62.5 1.4910293258248433 5 
0005 0008 2 1671002939701471 -78.0625 -67.0 0.6320000846088841 5 
0005 0015 3 1671002939728145 81.375 -66.5 5.21553467881118 5 
0005 0014 3 1671002939732074 -32.5 -67.5 5.841398840268521 5 
0005 0005 3 1671002939733925 -26.0 -66.0 0.39269908169872414 5 
0005 0004 4 1671002939763376 -149.6875 -72.5 0.46019423636569234 5 
0005 0015 4 1671002939765164 -6.5 -66.5 5.724816300389213 5 
0005 0005 4 1671002939766112 -27.625 -70.0 3.8717675086233583 5 
0005 0014 5 1671002939802831 13.0 -69.0 1.000155473701438 5 
0005 0006 6 1671002939826333 221.3125 -73.5 5.835262917116979 5 
0005 0012 6 1671002939828634 -328.75 -71.5 3.4054373491061236 5 
0005 0014 6 1671002939831818 110.625 -67.5 3.2520392703175593 5 
0005 0013 7 1671002939859632 -42.3125 -66.5 6.12365130523948 5 
0005 0009 7 1671002939861671 -9.75 -69.0 2.478912953223196 5 
0005 0010 7 1671002939869877 152.9375 -67.0 0.2699806186678728 5 
0005 0006 7 1671002939870967 -100.875 -73.0 5.7616318392984684 5 
0005 0004 7 1671002939872736 3.25 -72.0 2.405281875404685 5 
0005 0015 7 1671002939874838 74.8125 -70.5 5.565282298449106 5 
0005 0009 8 1671002939897406 6.5 -63.0 0.5583690067903734 5 
0005 0005 8 1671002939904174 -41.5 -68.5 4.779884135051658 5 
0005 0010 8 1671002939908013 -3.25 -59.0 0.3313398501832985 5 
0005 0014 8 1671002939909204 -13.0 -68.5 5.289165756629691 5 
0005 0011 8 1671002939912103 -52.0625 -68.5 4.871922982324796 5 
0005 0015 8 1671002939913053 -13.0 -62.5 0.5645049299419159 5 
0005 0006 8 1671002939915578 -22.75 -68.5 1.6505633277649499 5 
0005 0013 8 1671002939916533 -65.0625 -65.0 3.718369429834794 5 
0005 0004 8 1671002939920332 -149.6875 -71.0 4.000621894805752 5 
0005 0012 8 1671002939921254 -107.375 -71.5 2.9268353432858034 5 
0005 0009 1 1671002940135860 6.5 -59.0 5.2768939103266055 5 
0005 0013 1 1671002940136755 13.0 -59.5 0.8406214717613314 5 
0005 0006 1 1671002940138883 71.5625 -68.5 5.982525072754001 5 
0005 0004 1 1671002940143027 0.0 -64.0 1.5155730184310134 5 
0005 0005 1 1671002940144007 -17.0625 -52.5 4.0128937411088375 5 
0005 0015 1 1671002940147966 -9.75 -57.5 3.8288160465625602 5 
0005 0000 1 1671002940152618 16.25 -60.5 5.780039608753096 5 
0005 0003 1 1671002940154065 139.9375 -64.5 1.6996507129772904 5 
0005 0014 1 1671002940155775 3.25 -56.0 4.663301595172349 5 
0005 0011 1 1671002940160596 -22.75 -61.0 4.356505437595221 5 
0005 0009 2 1671002940187975 -22.75 -61.5 1.662835174068035 5 
0005 0008 2 1671002940190141 -84.625 -68.0 0.28225246497095796 5 
0005 0005 2 1671002940191315 -19.5 -66.0 3.847223816017188 5 
0005 0007 2 1671002940197058 -68.3125 -63.5 1.8775924843720249 5 
0005 0003 2 1671002940197922 22.75 -64.0 4.424000592262189 5 
0005 0000 2 1671002940199354 9.75 -64.5 1.4542137869155878 5 
0005 0011 2 1671002940202107 74.8125 -61.0 1.5585244804918115 5 
0005 0015 3 1671002940227729 -71.5625 -65.5 5.546874528994478 5 
0005 0005 3 1671002940232729 6.5 -66.0 0.30066023442558565 5 
0005 0014 3 1671002940233937 -55.3125 -66.0 5.890486225480862 5 
0005 0004 3 1671002940239023 21.125 -70.5 1.2333205534600555 5 
0005 0005 4 1671002940268014 -17.0625 -70.0 4.000621894805752 5 
0005 0015 4 1671002940270522 29.25 -66.0 5.66959299202533 5 
0005 0004 4 1671002940276979 128.5625 -72.0 0.14112623248547898 5 
0005 0014 5 1671002940311334 -78.0625 -70.0 1.1903690913992575 5 
0005 0014 6 1671002940336628 -9.75 -67.5 3.442252888015379 5 
0005 0006 6 1671002940339182 6.5 -72.5 6.12365130523948 5 
0005 0012 6 1671002940342814 3.25 -71.5 2.8102528034064944 5 
0005 0006 7 1671002940368909 126.9375 -71.0 5.706408530934585 5 
0005 0004 7 1671002940373161 32.5 -71.0 2.454369260617026 5 
0005 0015 7 1671002940380493 -94.375 -71.5 5.9518454569962875 5 
0005 0013 7 1671002940382431 -107.375 -68.0 6.154330920997192 5 
0005 0010 7 1671002940384935 0.0 -66.5 0.5890486225480862 5 
0005 0009 7 1671002940385934 3.25 -68.5 2.386874105950058 5 
0005 0015 8 1671002940418152 35.75 -62.0 0.5092816215780329 5 
0005 0014 8 1671002940419967 29.25 -67.5 4.890330751779424 5 
0005 0004 8 1671002940421199 -65.875 -70.5 3.8840393549264434 5 
0005 0010 8 1671002940423805 9.75 -59.5 0.35588354278946877 5 
0005 0012 8 1671002940430490 -133.4375 -71.0 3.0495538063166547 5 
0005 0013 8 1671002940433598 -52.0625 -64.5 3.736777199289422 5 
0005 0005 8 1671002940434544 -74.8125 -67.0 4.657165672020807 5 
0005 0009 8 1671002940435525 22.75 -63.0 0.5338253141842031 5 
0005 0006 8 1671002940439691 52.0625 -68.0 1.5585244804918115 5 
0005 0011 8 1671002940440653 -6.5 -68.0 4.798291904506286 5 
0005 0015 1 1671002940657156 3.25 -58.0 3.749049045592507 5 
0005 0003 1 1671002940658122 65.0625 -64.5 1.8346410223112268 5 
0005 0005 1 1671002940661897 -13.0 -52.5 3.9699422790480394 5 
0005 0009 1 1671002940665241 22.75 -59.0 5.264622064023521 5 
0005 0000 1 1671002940666430 3.25 -60.5 5.792311455056181 5 
0005 0004 1 1671002940669349 -16.25 -64.0 1.5278448647340985 5 
0005 0013 1 1671002940672747 3.25 -59.0 0.7792622402459057 5 
0005 0014 1 1671002940673724 -3.25 -56.0 4.718524903536232 5 
0005 0011 1 1671002940674874 -35.75 -61.5 4.3074180523828804 5 
0005 0006 1 1671002940680597 -52.0625 -68.0 5.994796919057086 5 
0005 0008 2 1671002940709437 -22.75 -64.5 6.227961998815704 5 
0005 0003 2 1671002940712120 -26.0 -63.0 4.405592822807561 5 
0005 0009 2 1671002940713355 -35.75 -63.0 1.7794177139473437 5 
0005 0011 2 1671002940715312 16.25 -60.5 1.7426021750380885 5 
0005 0005 2 1671002940716814 -84.625 -66.5 3.761320891895592 5 
0005 0007 2 1671002940718828 -58.5625 -64.0 1.9144080232812801 5 
0005 0000 2 1671002940721118 -52.0625 -62.5 1.5462526341887264 5 
0005 0005 3 1671002940748956 79.75 -65.0 6.270913460876501 5 
0005 0015 3 1671002940754673 -13.0 -65.5 5.387340527054372 5 
0005 0014 3 1671002940756148 6.5 -66.0 5.829126993965437 5 
0005 0004 3 1671002940757625 208.3125 -70.0 0.9265243958829272 5 
0005 0004 4 1671002940791139 19.5 -73.0 0.16566992509164924 5 
0005 0015 4 1671002940794640 -35.75 -66.5 5.71868037723767 5 
0005 0005 4 1671002940795970 24.375 -70.0 3.7429131224409646 5 
0005 0010 4 1671002940797178 -123.6875 -73.0 3.3624858870453256 5 
0005 0014 5 1671002940836900 -29.25 -68.0 1.141281706186917 5 
0005 0012 6 1671002940866923 -78.0625 -72.0 3.018874190558942 5 
0005 0014 6 1671002940873760 -29.25 -67.0 3.4913402732277192 5 
0005 0006 6 1671002940876449 71.5625 -72.5 6.074563920027139 5 
0005 0015 7 1671002940914352 -71.5625 -71.0 6.037748381117884 5 
0005 0009 7 1671002940915277 -39.0 -67.0 2.3193789512830896 5 
0005 0013 7 1671002940918087 -19.5 -68.0 6.013204688511713 5 
0005 0010 7 1671002940919253 -29.25 -66.5 0.5706408530934585 5 
0005 0004 7 1671002940922069 -21.125 -70.0 2.5832236467994196 5 
0005 0006 7 1671002940923162 201.8125 -71.5 5.534602682691394 5 
0005 0009 8 1671002940946705 -13.0 -62.5 0.8406214717613314 5 
0005 0015 8 1671002940951297 16.25 -63.0 0.5276893910326605 5 
0005 0012 8 1671002940952717 -120.4375 -71.0 2.779573187648782 5 
0005 0013 8 1671002940953655 -84.625 -65.0 3.834951969714103 5 
0005 0010 8 1671002940955811 26.0 -59.0 0.32520392703175593 5 
0005 0011 8 1671002940958619 -16.25 -69.0 4.896466674930966 5 
0005 0004 8 1671002940961483 48.8125 -69.0 3.693825737228624 5 
0005 0014 8 1671002940965171 -3.25 -69.0 4.988505522204105 5 
0005 0006 8 1671002940968193 13.0 -68.0 1.6014759425526093 5 
0005 0005 8 1671002940969640 32.5 -67.5 4.522175362686871 5 
0005 0000 1 1671002941188389 48.8125 -60.5 5.730952223540755 5 
0005 0005 1 1671002941189319 7.3125 -52.5 3.933126740138784 5 
0005 0013 1 1671002941190753 -3.25 -59.5 0.8283496254582462 5 
0005 0006 1 1671002941191981 35.75 -69.5 5.859806609723149 5 
0005 0015 1 1671002941196796 9.75 -57.5 3.749049045592507 5 
0005 0014 1 1671002941197959 16.25 -56.0 4.638757902566179 5 
0005 0003 1 1671002941200113 29.25 -64.5 1.761009944492716 5 
0005 0009 1 1671002941201562 -52.0625 -59.5 5.473243451175968 5 
0005 0004 1 1671002941202692 22.75 -64.0 1.4419419406125027 5 
0005 0011 1 1671002941203628 19.5 -61.5 4.23378697456437 5 
0005 0011 2 1671002941236604 58.5625 -60.5 1.6444274046134073 5 
0005 0008 2 1671002941238872 -74.8125 -63.5 0.11658253987930872 5 
0005 0007 2 1671002941245041 -13.0 -64.0 1.8530487917658545 5 
0005 0003 2 1671002941246884 9.75 -62.0 4.368777283898306 5 
0005 0000 2 1671002941250837 -74.8125 -62.5 1.552388557340269 5 
0005 0009 2 1671002941251985 6.5 -64.5 1.6566992509164924 5 
0005 0005 2 1671002941253005 55.3125 -67.5 3.6263305825616556 5 
0005 0014 3 1671002941276378 -19.5 -66.0 5.8475347634200645 5 
0005 0015 3 1671002941280214 -61.8125 -65.5 5.497787143782138 5 
0005 0004 3 1671002941281176 -76.4375 -69.5 1.4296700943094176 5 
0005 0005 3 1671002941283931 0.0 -65.5 0.3436116964863836 5 
0005 0010 4 1671002941306221 117.125 -74.0 3.055689729468197 5 
0005 0004 4 1671002941313255 24.375 -73.0 0.30066023442558565 5 
0005 0005 4 1671002941314459 -32.5 -69.5 3.7551849687440497 5 
0005 0015 4 1671002941315691 6.5 -66.5 5.66959299202533 5 
0005 0014 5 1671002941351214 29.25 -69.0 1.000155473701438 5 
0005 0014 6 1671002941380046 -3.25 -67.5 3.466796580621549 5 
0005 0006 6 1671002941384095 -133.4375 -73.5 6.105243535784852 5 
0005 0012 6 1671002941386429 -97.625 -71.5 3.031146036862027 5 
0005 0010 7 1671002941410507 48.8125 -67.5 0.4172427743048944 5 
0005 0013 7 1671002941419877 104.125 -66.5 5.767767762450011 5 
0005 0009 7 1671002941420815 81.375 -67.0 2.2089323345553233 5 
0005 0014 8 1671002941457712 -113.875 -68.5 5.123495831538041 5 
0005 0010 8 1671002941460120 6.5 -59.0 0.32520392703175593 5 
0005 0009 8 1671002941461314 16.25 -62.5 0.6810874698212247 5 
0005 0012 8 1671002941462251 -152.9375 -70.5 2.9084275738311756 5 
0005 0015 8 1671002941467691 -6.5 -62.5 0.5338253141842031 5 
0005 0005 8 1671002941470608 -68.3125 -67.5 4.663301595172349 5 
0005 0011 8 1671002941473332 35.75 -69.0 4.841243366567084 5 
0005 0006 8 1671002941476613 -52.0625 -67.5 1.6014759425526093 5 
0005 0013 8 1671002941477535 -16.25 -64.5 3.6754179677739964 5 
0005 0004 8 1671002941478484 -55.3125 -68.5 3.865631585471816 5 
0005 0005 1 1671002941702692 -10.5625 -52.5 3.9085830475326135 5 
0005 0015 1 1671002941703900 -29.25 -57.5 3.7551849687440497 5 
0005 0003 1 1671002941705103 29.25 -64.0 1.7794177139473437 5 
0005 0006 1 1671002941706023 -97.625 -69.5 5.976389149602458 5 
0005 0000 1 1671002941706984 3.25 -60.5 5.773903685601553 5 
0005 0009 1 1671002941707879 3.25 -59.5 5.356660911296659 5 
0005 0011 1 1671002941709936 -19.5 -61.5 4.338097668140593 5 
0005 0004 1 1671002941712255 42.3125 -64.0 1.380582709097077 5 
0005 0013 1 1671002941713206 -16.25 -59.5 0.803805932852076 5 
0005 0014 1 1671002941714124 -9.75 -56.0 4.693981210930062 5 
0005 0007 2 1671002941737155 0.0 -64.0 1.761009944492716 5 
0005 0011 2 1671002941740842 -9.75 -60.0 1.718058482431918 5 
0005 0008 2 1671002941742434 58.5625 -64.5 6.227961998815704 5 
0005 0003 2 1671002941743383 26.0 -63.0 4.362641360746763 5 
0005 0005 2 1671002941744373 41.5 -66.0 3.77972866135022 5 
0005 0000 2 1671002941746516 45.5625 -61.5 1.41126232485479 5 
0005 0009 2 1671002941747412 -26.0 -63.5 1.7548740213411735 5 
0005 0015 3 1671002941780974 -13.0 -65.5 5.559146375297564 5 
0005 0005 3 1671002941782562 -48.8125 -67.0 0.380427235395639 5 
0005 0014 3 1671002941783539 13.0 -66.5 5.884350302329319 5 
0005 0004 3 1671002941784519 257.125 -71.0 0.8406214717613314 5 
0005 0005 4 1671002941807714 -121.25 -69.5 3.767456815047135 5 
0005 0015 4 1671002941812778 35.75 -66.5 5.540738605842936 5 
0005 0004 4 1671002941819554 32.5 -73.0 0.32520392703175593 5 
0005 0014 5 1671002941852904 104.125 -68.0 0.9817477042468103 5 
0005 0014 6 1671002941889692 52.0625 -68.0 3.3195344249845276 5 
0005 0006 6 1671002941893712 -81.375 -73.5 6.135923151542564 5 
0005 0012 6 1671002941896127 52.0625 -71.5 3.0066023442558567 5 
0005 0006 7 1671002941920371 -13.0 -72.5 5.651185222570702 5 
0005 0009 7 1671002941923963 -26.0 -67.0 2.2764274892222915 5 
0005 0004 7 1671002941929831 239.25 -71.0 2.3009711818284617 5 
0005 0013 7 1671002941930765 9.75 -67.0 5.927301764390117 5 
0005 0010 7 1671002941932964 -19.5 -66.5 0.5276893910326605 5 
0005 0011 8 1671002941967109 -29.25 -68.5 4.853515212870168 5 
0005 0006 8 1671002941968027 22.75 -68.5 1.4726215563702154 5 
0005 0004 8 1671002941969546 -221.3125 -69.5 4.1172044346850605 5 
0005 0012 8 1671002941972175 198.5625 -70.0 2.282563412373834 5 
0005 0015 8 1671002941979547 45.5625 -62.5 0.5154175447295755 5 
0005 0009 8 1671002941981205 9.75 -63.0 0.662679700366597 5 
0005 0010 8 1671002941983206 -3.25 -59.5 0.30066023442558565 5 
0005 0005 8 1671002941987700 3.25 -67.5 4.522175362686871 5 
0005 0014 8 1671002941988621 -19.5 -68.0 5.062136600022616 5 
0005 0013 8 1671002941989584 0.0 -65.5 3.6263305825616556 5 
