0008 0008 1 1671004868088335 -87.875 -68.5 3.147728576741336 14 
0008 0011 1 1671004868092864 159.5 -64.5 1.3069516312785663 14 
0008 0010 1 1671004868093814 -19.5 -63.5 5.264622064023521 14 
0008 0005 1 1671004868095017 22.75 -54.5 1.2026409377023426 14 
0008 0007 1 1671004868095935 0.0 -52.5 5.031456984264903 14 
0008 0009 1 1671004868097015 -29.25 -56.0 3.1784081924990484 14 
0008 0004 1 1671004868097975 13.8125 -67.5 2.693670263527186 14 
0008 0000 1 1671004868098914 -71.5625 -69.5 0.34974761963792617 14 
0008 0014 1 1671004868100232 -84.625 -69.5 1.6873788666742053 14 
0008 0010 2 1671004868126134 6.5 -61.0 4.264466590322082 14 
0008 0000 2 1671004868129631 3.25 -58.5 0.1227184630308513 14 
0008 0011 2 1671004868130819 45.5625 -56.0 3.442252888015379 14 
0008 0005 2 1671004868132518 110.625 -67.5 4.669437518323892 14 
0008 0009 2 1671004868135306 6.5 -61.0 1.3928545554001621 14 
0008 0008 2 1671004868136925 26.0 -61.0 1.4173982480063325 14 
0008 0015 2 1671004868140494 -104.125 -68.5 5.4671075280244255 14 
0008 0007 3 1671004868165906 -9.75 -57.5 4.7860200582032 14 
0008 0007 4 1671004868206436 -87.875 -71.0 4.196971435655114 14 
0008 0000 4 1671004868208481 48.8125 -66.0 1.2640001692177683 14 
0008 0006 4 1671004868209923 3.25 -69.0 1.1903690913992575 14 
0008 0004 4 1671004868214130 -13.8125 -66.5 1.2885438618239387 14 
0008 0004 5 1671004868242117 19.5 -67.0 2.834796496012665 14 
0008 0007 5 1671004868244258 39.0 -64.0 3.693825737228624 14 
0008 0004 6 1671004868291146 0.0 -60.5 0.05522330836388308 14 
0008 0010 6 1671004868294784 65.0625 -65.0 1.6321555583103222 14 
0008 0006 6 1671004868298241 -152.9375 -73.0 0.2699806186678728 14 
0008 0010 7 1671004868326500 -42.3125 -67.5 0.5399612373357456 14 
0008 0014 7 1671004868327419 -61.8125 -68.0 3.2949907323783574 14 
0008 0005 7 1671004868328367 68.3125 -66.5 2.6691265709210157 14 
0008 0007 7 1671004868331085 -3.25 -61.0 3.8840393549264434 14 
0008 0001 7 1671004868332527 3.25 -70.5 4.792155981354743 14 
0008 0000 7 1671004868334966 39.0 -57.0 2.325514874434632 14 
0008 0008 7 1671004868339999 6.5 -58.0 0.760854470791278 14 
0008 0004 7 1671004868341219 45.5625 -58.0 3.5158839658338894 14 
0008 0012 7 1671004868342138 45.5625 -65.5 4.92714629068868 14 
0008 0011 7 1671004868343055 34.9375 -54.5 1.1167380135807468 14 
0008 0015 7 1671004868343990 6.5 -57.5 1.6751070203711202 14 
0008 0003 7 1671004868345012 3.25 -72.5 1.9512235621905356 14 
0008 0009 7 1671004868345955 0.0 -60.0 1.043106935762236 14 
0008 0006 7 1671004868349281 -114.6875 -70.0 1.6873788666742053 14 
0008 0008 8 1671004868376267 3.25 -58.5 4.178563666200486 14 
0008 0009 8 1671004868377167 0.0 -52.5 3.749049045592507 14 
0008 0000 8 1671004868378648 -9.75 -68.0 0.2454369260617026 14 
0008 0004 8 1671004868381297 -17.0625 -58.5 1.3069516312785663 14 
0008 0006 8 1671004868382706 -187.125 -73.0 0.20248546400090464 14 
0008 0010 8 1671004868384826 9.75 -55.5 4.583534594202296 14 
0008 0005 8 1671004868386766 22.75 -64.5 3.129320807286708 14 
0008 0007 8 1671004868387719 -74.8125 -69.5 5.375068680751287 14 
0008 0011 8 1671004868390163 3.25 -72.5 3.031146036862027 14 
0008 0012 8 1671004868394101 -218.0625 -73.0 4.405592822807561 14 
0008 0015 8 1671004868397364 -13.0 -70.5 4.295146206079795 14 
0008 0007 1 1671004868608004 9.75 -52.5 5.0253210611133605 14 
0008 0010 1 1671004868611876 -68.3125 -63.5 5.3198453723874035 14 
0008 0005 1 1671004868612865 26.0 -54.5 1.2210487071569704 14 
0008 0009 1 1671004868613795 -16.25 -56.0 3.160000423044421 14 
0008 0014 1 1671004868614730 177.375 -70.0 1.325359400733194 14 
0008 0011 1 1671004868617545 13.8125 -65.0 1.4910293258248433 14 
0008 0004 1 1671004868618987 3.25 -67.0 2.748893571891069 14 
0008 0008 1 1671004868619965 -81.375 -69.0 3.141592653589793 14 
0008 0000 1 1671004868621046 35.75 -69.5 0.4540583132141498 14 
0008 0015 1 1671004868623701 -136.6875 -73.0 4.172427743048944 14 
0008 0010 2 1671004868647836 -32.5 -61.5 4.313553975534423 14 
0008 0000 2 1671004868649633 26.0 -58.5 0.11658253987930872 14 
0008 0008 2 1671004868650579 -9.75 -61.0 1.509437095279471 14 
0008 0005 2 1671004868651545 117.9375 -68.0 4.871922982324796 14 
0008 0015 2 1671004868652553 -32.5 -68.0 5.368932757599744 14 
0008 0011 2 1671004868653467 21.125 -56.0 3.472932503773092 14 
0008 0009 2 1671004868656241 -3.25 -60.5 1.4051264017032472 14 
0008 0007 3 1671004868688927 32.5 -57.5 4.73693267299086 14 
0008 0006 4 1671004868728519 -21.125 -70.0 1.227184630308513 14 
0008 0000 4 1671004868733255 68.3125 -66.0 1.214912784005428 14 
0008 0004 4 1671004868734188 26.0 -66.5 1.2455923997631406 14 
0008 0007 4 1671004868735270 -35.75 -70.0 3.859495662320273 14 
0008 0010 5 1671004868766799 -55.3125 -71.5 1.2578642460662257 14 
0008 0007 5 1671004868771501 -42.3125 -64.0 3.80427235395639 14 
0008 0004 5 1671004868773770 131.8125 -67.5 2.6323110320117604 14 
0008 0006 6 1671004868828939 -24.375 -71.5 0.21475731030398976 14 
0008 0004 6 1671004868832419 -3.25 -60.5 0.04908738521234052 14 
0008 0010 6 1671004868839610 -9.75 -65.0 1.748738098189631 14 
0008 0015 7 1671004868866515 6.5 -58.0 1.6505633277649499 14 
0008 0000 7 1671004868868910 -29.25 -57.0 2.411417798556228 14 
0008 0004 7 1671004868870124 -3.25 -58.0 3.5588354278946874 14 
0008 0010 7 1671004868871344 -3.25 -67.5 0.4663301595172349 14 
0008 0005 7 1671004868873308 45.5625 -66.5 2.748893571891069 14 
0008 0011 7 1671004868874806 21.125 -54.0 1.1228739367322893 14 
0008 0012 7 1671004868875754 52.0625 -65.5 4.847379289718626 14 
0008 0003 7 1671004868878137 537.0625 -70.0 1.2578642460662257 14 
0008 0008 7 1671004868879068 3.25 -57.5 0.7363107781851077 14 
0008 0009 7 1671004868880031 58.5625 -60.0 1.1228739367322893 14 
0008 0014 7 1671004868881272 21.125 -68.0 3.074097498922825 14 
0008 0007 7 1671004868882975 -13.0 -60.5 3.9515345095934116 14 
0008 0001 7 1671004868884039 -222.125 -71.0 4.890330751779424 14 
0008 0006 7 1671004868886758 -232.6875 -70.5 1.5830681730979816 14 
0008 0007 8 1671004868916203 68.3125 -69.0 5.043728830567988 14 
0008 0012 8 1671004868920153 -26.0 -74.0 4.184699589352029 14 
0008 0005 8 1671004868922584 13.0 -64.0 3.0925052683774528 14 
0008 0015 8 1671004868923579 -61.8125 -71.0 4.325825821837508 14 
0008 0011 8 1671004868924525 17.0625 -72.5 3.172272269347506 14 
0008 0009 8 1671004868925501 -13.0 -53.0 3.785864584501762 14 
0008 0008 8 1671004868927379 -22.75 -57.5 4.178563666200486 14 
0008 0000 8 1671004868929039 29.25 -66.5 0.22089323345553233 14 
0008 0004 8 1671004868932106 17.0625 -58.0 1.214912784005428 14 
0008 0010 8 1671004868932984 -16.25 -55.5 4.626486056263094 14 
0008 0006 8 1671004868934243 -87.0625 -73.0 0.14112623248547898 14 
0008 0011 1 1671004869145912 41.5 -64.5 1.5830681730979816 14 
0008 0007 1 1671004869148065 -9.75 -52.5 5.037592907416445 14 
0008 0015 1 1671004869149602 -32.5 -71.5 3.792000507653305 14 
0008 0010 1 1671004869152221 22.75 -63.5 5.178719139901925 14 
0008 0005 1 1671004869153183 35.75 -54.5 1.1903690913992575 14 
0008 0000 1 1671004869154603 -130.1875 -71.0 0.4356505437595221 14 
0008 0009 1 1671004869155588 -10.5625 -56.0 3.2029518851052186 14 
0008 0004 1 1671004869159457 58.5625 -68.5 2.6139032625571326 14 
0008 0014 1 1671004869162379 121.25 -70.0 1.3867186322486196 14 
0008 0008 1 1671004869164164 -42.3125 -70.0 3.000466421104314 14 
0008 0000 2 1671004869190869 -45.5625 -58.5 0.1718058482431918 14 
0008 0011 2 1671004869192024 -10.5625 -55.5 3.4913402732277192 14 
0008 0008 2 1671004869194649 9.75 -61.0 1.4419419406125027 14 
0008 0009 2 1671004869195580 0.0 -60.5 1.4173982480063325 14 
0008 0010 2 1671004869196916 6.5 -61.5 4.25833066717054 14 
0008 0015 2 1671004869201503 -175.75 -67.5 5.626641529964532 14 
0008 0005 2 1671004869204535 121.25 -68.0 4.657165672020807 14 
0008 0007 3 1671004869230866 26.0 -57.5 4.743068596142402 14 
0008 0000 4 1671004869268564 -3.25 -65.5 1.3437671701878218 14 
0008 0007 4 1671004869269518 -84.625 -72.0 4.1172044346850605 14 
0008 0006 4 1671004869270948 121.25 -69.5 1.043106935762236 14 
0008 0004 4 1671004869272106 -3.25 -66.5 1.2640001692177683 14 
0008 0007 5 1671004869301134 -61.8125 -62.5 3.9085830475326135 14 
0008 0004 5 1671004869302067 114.6875 -68.0 2.5832236467994196 14 
0008 0010 5 1671004869318058 -68.3125 -70.0 1.4848934026733007 14 
0008 0004 6 1671004869367799 6.5 -60.5 0.01227184630308513 14 
0008 0010 6 1671004869369600 100.875 -65.0 1.6014759425526093 14 
0008 0006 6 1671004869376632 145.625 -71.5 0.16566992509164924 14 
0008 0009 7 1671004869416440 22.75 -61.0 1.141281706186917 14 
0008 0014 7 1671004869418241 68.3125 -67.5 3.0066023442558567 14 
0008 0004 7 1671004869419186 -16.25 -58.5 3.509748042682347 14 
0008 0000 7 1671004869420182 39.0 -57.0 2.325514874434632 14 
0008 0012 7 1671004869421354 -3.25 -65.5 4.896466674930966 14 
0008 0005 7 1671004869422303 -22.75 -65.5 2.705942109830271 14 
0008 0010 7 1671004869423791 16.25 -67.0 0.8897088569736719 14 
0008 0008 7 1671004869426902 -9.75 -57.5 0.7485826244881929 14 
0008 0007 7 1671004869427978 0.0 -60.5 3.9208548938356986 14 
0008 0015 7 1671004869428935 45.5625 -58.0 1.6260196351587797 14 
0008 0011 7 1671004869430674 -24.375 -53.5 1.1535535524900022 14 
0008 0006 7 1671004869440408 79.75 -70.5 1.4542137869155878 14 
0008 0001 7 1671004869441693 -6.5 -69.5 4.473087977474529 14 
0008 0003 7 1671004869443524 22.75 -72.0 2.1659808724945253 14 
0008 0015 8 1671004869466917 6.5 -70.5 4.362641360746763 14 
0008 0011 8 1671004869468762 -39.0 -71.5 3.08636934522591 14 
0008 0005 8 1671004869469721 10.5625 -64.0 3.074097498922825 14 
0008 0009 8 1671004869471177 -6.5 -53.0 3.767456815047135 14 
0008 0010 8 1671004869472625 -32.5 -55.5 4.700117134081604 14 
0008 0008 8 1671004869473601 3.25 -58.0 4.104932588381976 14 
0008 0004 8 1671004869474733 13.8125 -58.0 1.1719613219446299 14 
0008 0012 8 1671004869477676 -22.75 -73.0 4.061981126321178 14 
0008 0007 8 1671004869479170 -45.5625 -69.5 5.203262832508095 14 
0008 0000 8 1671004869480135 9.75 -68.0 0.32520392703175593 14 
0008 0006 8 1671004869481334 13.8125 -74.0 6.240233845118788 14 
0008 0009 1 1671004869697095 -9.75 -56.0 3.2397674240144743 14 
0008 0014 1 1671004869698416 110.625 -70.5 1.325359400733194 14 
0008 0000 1 1671004869699354 68.3125 -71.0 0.35588354278946877 14 
0008 0011 1 1671004869701350 13.8125 -64.5 1.533980787885641 14 
0008 0015 1 1671004869702205 -302.6875 -72.0 4.215379205109742 14 
0008 0008 1 1671004869703167 45.5625 -69.5 2.890019804376548 14 
0008 0005 1 1671004869705090 35.75 -54.5 1.1903690913992575 14 
0008 0004 1 1671004869706941 -78.0625 -67.0 2.8409324191642074 14 
0008 0007 1 1671004869708088 -13.0 -52.5 5.013049214810275 14 
0008 0010 1 1671004869709649 26.0 -63.0 5.240078371417351 14 
0008 0011 2 1671004869739751 34.9375 -56.0 3.380893656499953 14 
0008 0008 2 1671004869740785 52.0625 -62.0 1.337631247036279 14 
0008 0010 2 1671004869741776 -19.5 -62.0 4.221515128261284 14 
0008 0005 2 1671004869742710 30.875 -68.0 4.963961829597935 14 
0008 0000 2 1671004869745215 3.25 -58.5 0.21475731030398976 14 
0008 0009 2 1671004869746180 -35.75 -60.5 1.4787574795217582 14 
0008 0015 2 1671004869749410 -65.0625 -69.0 5.5714182216006485 14 
0008 0007 3 1671004869780877 -45.5625 -57.5 4.890330751779424 14 
0008 0004 4 1671004869816227 -125.3125 -68.0 1.4419419406125027 14 
0008 0000 4 1671004869820232 55.3125 -65.0 1.3069516312785663 14 
0008 0007 4 1671004869821651 -19.5 -72.5 4.147884050442774 14 
0008 0006 4 1671004869822613 -38.1875 -68.0 1.3314953238847365 14 
0008 0004 5 1671004869857384 -180.625 -67.0 3.0127382674073995 14 
0008 0007 5 1671004869862932 13.0 -63.5 3.865631585471816 14 
0008 0010 5 1671004869878169 -16.25 -72.0 1.3069516312785663 14 
0008 0004 6 1671004869917522 0.0 -60.5 6.277049384028044 14 
0008 0010 6 1671004869924138 87.875 -64.5 1.6382914814618648 14 
0008 0006 6 1671004869930779 -41.5 -71.5 0.1902136176978195 14 
0008 0008 7 1671004869965916 -6.5 -57.5 0.6442719309119693 14 
0008 0015 7 1671004869966841 -32.5 -57.5 1.6935147898257479 14 
0008 0000 7 1671004869968090 13.0 -57.5 2.2886993355253766 14 
0008 0005 7 1671004869971691 -52.0625 -66.0 2.742757648739526 14 
0008 0010 7 1671004869972883 29.25 -67.5 0.8713010875190442 14 
0008 0014 7 1671004869973832 123.6875 -67.5 2.9084275738311756 14 
0008 0009 7 1671004869975713 -9.75 -61.0 1.2455923997631406 14 
0008 0011 7 1671004869977154 -7.3125 -54.0 1.141281706186917 14 
0008 0012 7 1671004869979024 -35.75 -66.0 4.9394181369917645 14 
0008 0007 7 1671004869980018 22.75 -61.0 3.7981364308048478 14 
0008 0004 7 1671004869981909 0.0 -58.0 3.4606606574700063 14 
0008 0001 7 1671004869990847 10.5625 -71.0 4.184699589352029 14 
0008 0015 8 1671004870016728 -240.875 -70.0 4.675573441475434 14 
0008 0012 8 1671004870017632 -201.8125 -73.0 4.338097668140593 14 
0008 0007 8 1671004870018568 -19.5 -70.0 5.160311370447297 14 
0008 0008 8 1671004870019490 -45.5625 -58.0 4.111068511533518 14 
0008 0011 8 1671004870022408 -201.8125 -71.5 3.3072625786814425 14 
0008 0005 8 1671004870023354 -22.75 -64.0 2.988194574801229 14 
0008 0000 8 1671004870025045 -45.5625 -67.5 0.44178646691106466 14 
0008 0009 8 1671004870027974 -6.5 -53.0 3.749049045592507 14 
0008 0010 8 1671004870029393 -19.5 -55.5 4.6878452877785195 14 
0008 0004 8 1671004870031993 17.0625 -58.5 1.184233168247715 14 
0008 0006 8 1671004870035394 48.8125 -73.0 6.209554229361076 14 
0008 0005 1 1671004870246696 19.5 -54.5 1.1965050145508 14 
0008 0004 1 1671004870247870 -55.3125 -67.5 2.7979809571034093 14 
0008 0010 1 1671004870250168 -52.0625 -63.0 5.356660911296659 14 
0008 0009 1 1671004870253457 7.3125 -56.0 3.215223731408304 14 
0008 0011 1 1671004870254689 -17.0625 -64.5 1.6198837120072371 14 
0008 0007 1 1671004870255598 -45.5625 -52.5 5.056000676871073 14 
0008 0008 1 1671004870256801 6.5 -69.5 3.0127382674073995 14 
0008 0014 1 1671004870258004 3.25 -70.0 1.5585244804918115 14 
0008 0015 1 1671004870259042 -6.5 -72.0 3.822680123411018 14 
0008 0000 1 1671004870262735 -9.75 -70.5 0.5399612373357456 14 
0008 0011 2 1671004870286238 7.3125 -55.5 3.442252888015379 14 
0008 0000 2 1671004870287672 -22.75 -58.0 0.2454369260617026 14 
0008 0008 2 1671004870291013 -9.75 -61.0 1.4542137869155878 14 
0008 0015 2 1671004870294277 45.5625 -68.0 5.325981295538946 14 
0008 0005 2 1671004870295182 -39.0 -69.0 4.994641445355648 14 
0008 0010 2 1671004870296100 -6.5 -61.5 4.252194744018997 14 
0008 0009 2 1671004870297320 39.0 -61.0 1.3867186322486196 14 
0008 0007 3 1671004870330541 -6.5 -57.5 4.8351074434155406 14 
0008 0006 4 1671004870377755 30.875 -68.0 1.1228739367322893 14 
0008 0004 4 1671004870378951 0.0 -67.0 1.337631247036279 14 
0008 0007 4 1671004870384757 22.75 -72.0 4.104932588381976 14 
0008 0000 4 1671004870385726 87.875 -65.0 1.239456476611598 14 
0008 0007 5 1671004870416462 -68.3125 -64.0 4.000621894805752 14 
0008 0004 5 1671004870420074 -19.5 -67.5 2.8654761117703775 14 
0008 0006 6 1671004870469209 -3.25 -72.0 0.14726215563702155 14 
0008 0010 6 1671004870474707 0.0 -64.5 1.705786636128833 14 
0008 0004 6 1671004870475659 29.25 -60.5 6.22182607566416 14 
0008 0015 7 1671004870515946 -16.25 -57.5 1.6689710972195777 14 
0008 0011 7 1671004870517600 27.625 -54.0 1.1106020904292042 14 
0008 0007 7 1671004870518536 -35.75 -60.5 3.877903431774901 14 
0008 0004 7 1671004870523034 -17.0625 -58.0 3.5158839658338894 14 
0008 0012 7 1671004870524010 -94.375 -65.5 5.111223985234957 14 
0008 0008 7 1671004870524927 9.75 -57.5 0.6565437772150544 14 
0008 0000 7 1671004870526124 39.0 -57.0 2.2580197197676637 14 
0008 0010 7 1671004870527455 120.4375 -67.5 0.36815538909255385 14 
0008 0006 7 1671004870532758 -90.3125 -69.0 1.4971652489763858 14 
0008 0009 7 1671004870536050 -65.0625 -60.5 1.3192234775816514 14 
0008 0001 7 1671004870536982 -281.5625 -71.0 4.921010367537137 14 
0008 0005 7 1671004870538907 19.5 -66.0 2.6813984172241008 14 
0008 0014 7 1671004870541725 110.625 -68.0 2.9575149590435164 14 
0008 0000 8 1671004870566256 55.3125 -68.0 0.16566992509164924 14 
0008 0005 8 1671004870567385 6.5 -64.0 2.9820586516496865 14 
0008 0006 8 1671004870568346 27.625 -74.0 6.234097921967246 14 
0008 0010 8 1671004870571688 -13.0 -55.5 4.657165672020807 14 
0008 0004 8 1671004870572888 32.5 -58.0 1.1965050145508 14 
0008 0009 8 1671004870574103 6.5 -53.0 3.6999616603801666 14 
0008 0008 8 1671004870575545 -16.25 -58.0 4.1172044346850605 14 
0008 0011 8 1671004870577186 142.375 -72.0 2.859340188618835 14 
0008 0015 8 1671004870578662 -81.375 -70.5 4.473087977474529 14 
0008 0007 8 1671004870581358 -104.125 -70.0 5.2768939103266055 14 
0008 0012 8 1671004870586497 -145.625 -73.5 4.387185053352934 14 
0008 0004 1 1671004870796425 55.3125 -67.5 2.804116880254952 14 
0008 0000 1 1671004870799388 -6.5 -71.0 0.5276893910326605 14 
0008 0010 1 1671004870801049 -42.3125 -63.0 5.307573526084319 14 
0008 0007 1 1671004870802013 9.75 -52.5 4.994641445355648 14 
0008 0011 1 1671004870802960 -24.375 -64.5 1.564660403643354 14 
0008 0005 1 1671004870804134 19.5 -54.5 1.214912784005428 14 
0008 0009 1 1671004870805308 -29.25 -56.5 3.160000423044421 14 
0008 0008 1 1671004870807804 -100.875 -69.5 3.184544115650591 14 
0008 0014 1 1671004870809107 74.8125 -69.0 1.3867186322486196 14 
0008 0015 1 1671004870810327 -35.75 -73.0 3.859495662320273 14 
0008 0000 2 1671004870837160 -55.3125 -58.5 0.2699806186678728 14 
0008 0011 2 1671004870839560 3.25 -55.5 3.5158839658338894 14 
0008 0005 2 1671004870840498 -143.1875 -68.5 5.098952138931871 14 
0008 0008 2 1671004870841686 -9.75 -61.0 1.521708941582556 14 
0008 0009 2 1671004870842650 6.5 -60.5 1.3621749396424494 14 
0008 0010 2 1671004870845669 39.0 -62.0 4.196971435655114 14 
0008 0015 2 1671004870847270 39.0 -68.5 5.325981295538946 14 
0008 0007 3 1671004870880244 -6.5 -57.5 4.767612288748572 14 
0008 0004 4 1671004870919087 26.0 -66.5 1.2762720155208536 14 
0008 0007 4 1671004870922644 -130.1875 -72.5 4.049709280018092 14 
0008 0006 4 1671004870923716 -13.8125 -69.5 1.1903690913992575 14 
0008 0000 4 1671004870925123 -42.3125 -65.5 1.3744467859455345 14 
0008 0007 5 1671004870951847 -22.75 -64.0 3.822680123411018 14 
0008 0004 5 1671004870956702 -21.125 -67.5 2.8102528034064944 14 
0008 0010 6 1671004871002659 0.0 -65.0 1.6996507129772904 14 
0008 0004 6 1671004871006752 38.1875 -60.0 6.22182607566416 14 
0008 0006 6 1671004871009130 -3.25 -72.0 0.25770877236478773 14 
0008 0009 7 1671004871052814 16.25 -60.0 1.0185632431560658 14 
0008 0014 7 1671004871054047 -42.3125 -67.0 3.1661363461959633 14 
0008 0010 7 1671004871055593 3.25 -66.5 0.8344855486097889 14 
0008 0004 7 1671004871058537 22.75 -58.5 3.5342917352885173 14 
0008 0006 7 1671004871060039 -215.625 -70.0 1.7303303287350031 14 
0008 0000 7 1671004871061016 19.5 -57.0 2.325514874434632 14 
0008 0007 7 1671004871063188 -78.0625 -61.0 4.06811704947272 14 
0008 0011 7 1671004871064428 3.25 -54.0 1.1535535524900022 14 
0008 0015 7 1671004871065481 13.0 -57.5 1.6566992509164924 14 
0008 0012 7 1671004871066415 -91.125 -65.5 5.111223985234957 14 
0008 0008 7 1671004871067361 9.75 -57.5 0.705631162427395 14 
0008 0005 7 1671004871068779 -55.3125 -66.5 2.84706834231575 14 
0008 0001 7 1671004871072262 -170.0625 -69.5 4.583534594202296 14 
0008 0004 8 1671004871097218 32.5 -58.0 1.1965050145508 14 
0008 0009 8 1671004871101262 16.25 -53.0 3.693825737228624 14 
0008 0007 8 1671004871102173 -143.1875 -69.5 5.350524988145116 14 
0008 0010 8 1671004871105102 -19.5 -55.5 4.620350133111551 14 
0008 0005 8 1671004871107170 13.0 -63.5 3.043417883165112 14 
0008 0006 8 1671004871109267 177.375 -73.5 6.1850105367549055 14 
0008 0008 8 1671004871110413 -29.25 -58.5 4.166291819897402 14 
0008 0000 8 1671004871111777 84.625 -67.5 0.14112623248547898 14 
0008 0015 8 1671004871114910 -71.5625 -71.0 4.356505437595221 14 
0008 0012 8 1671004871117767 -42.3125 -73.0 4.129476280988146 14 
0008 0007 1 1671004871337696 9.75 -52.5 5.00077736850719 14 
0008 0011 1 1671004871340048 41.5 -64.5 1.4848934026733007 14 
0008 0009 1 1671004871342574 6.5 -56.5 3.098641191528995 14 
0008 0005 1 1671004871343507 22.75 -54.5 1.214912784005428 14 
0008 0014 1 1671004871346967 27.625 -69.0 1.3744467859455345 14 
0008 0010 1 1671004871348794 -71.5625 -63.5 5.399612373357457 14 
0008 0000 1 1671004871350359 -78.0625 -71.0 0.7117670855789375 14 
0008 0008 1 1671004871351675 -9.75 -70.0 3.067961575771282 14 
0008 0004 1 1671004871353559 -42.3125 -67.5 2.9513790358919736 14 
0008 0009 2 1671004871386212 0.0 -60.0 1.3989904785517047 14 
0008 0011 2 1671004871387375 30.875 -56.0 3.466796580621549 14 
0008 0005 2 1671004871391891 6.5 -68.0 4.8351074434155406 14 
0008 0010 2 1671004871393183 29.25 -61.5 4.2092432819582 14 
0008 0015 2 1671004871394190 3.25 -69.0 5.356660911296659 14 
0008 0008 2 1671004871395408 3.25 -61.0 1.4664856332186729 14 
0008 0000 2 1671004871396870 -13.0 -58.5 0.21475731030398976 14 
0008 0007 3 1671004871437872 -9.75 -57.5 4.798291904506286 14 
0008 0004 4 1671004871485886 45.5625 -66.5 1.2455923997631406 14 
0008 0000 4 1671004871491635 -16.25 -65.0 1.4603497100671303 14 
0008 0006 4 1671004871492837 -30.875 -70.0 1.2640001692177683 14 
0008 0007 4 1671004871495620 -198.5625 -71.5 4.190835512503572 14 
0008 0004 5 1671004871526338 48.8125 -67.5 2.7550294950426117 14 
0008 0007 5 1671004871535110 -78.0625 -63.5 3.933126740138784 14 
0008 0004 6 1671004871576750 29.25 -60.5 6.2463697682703305 14 
0008 0010 6 1671004871580918 19.5 -64.5 1.662835174068035 14 
0008 0006 6 1671004871592687 277.4375 -71.0 6.105243535784852 14 
0008 0008 7 1671004871617131 42.3125 -57.5 0.6565437772150544 14 
0008 0000 7 1671004871618098 19.5 -57.0 2.3193789512830896 14 
0008 0010 7 1671004871620165 19.5 -66.5 0.9142525495798421 14 
0008 0011 7 1671004871621591 24.375 -54.0 1.1167380135807468 14 
0008 0015 7 1671004871623325 45.5625 -57.5 1.5953400194010667 14 
0008 0005 7 1671004871624300 21.125 -66.0 2.6323110320117604 14 
0008 0009 7 1671004871625334 13.0 -60.5 1.2026409377023426 14 
0008 0004 7 1671004871626268 -17.0625 -58.0 3.5342917352885173 14 
0008 0012 7 1671004871627229 55.3125 -66.0 4.853515212870168 14 
0008 0007 7 1671004871628406 -32.5 -61.0 3.933126740138784 14 
0008 0006 7 1671004871631694 -55.3125 -70.0 1.6689710972195777 14 
0008 0014 7 1671004871634766 -41.5 -68.0 3.153864499892878 14 
0008 0003 7 1671004871639531 81.375 -71.5 2.086213871524472 14 
0008 0001 7 1671004871641486 -121.25 -69.5 4.601942363656923 14 
0008 0012 8 1671004871666286 -69.125 -72.5 4.123340357836604 14 
0008 0011 8 1671004871667565 -201.8125 -71.5 3.3440781175906977 14 
0008 0004 8 1671004871669867 39.0 -58.5 1.1535535524900022 14 
0008 0006 8 1671004871672240 -69.125 -73.0 6.277049384028044 14 
0008 0008 8 1671004871673654 -9.75 -58.5 4.123340357836604 14 
0008 0010 8 1671004871674846 -3.25 -55.5 4.626486056263094 14 
0008 0005 8 1671004871676088 -30.875 -64.0 3.0495538063166547 14 
0008 0000 8 1671004871677977 107.375 -68.5 0.1227184630308513 14 
0008 0007 8 1671004871679181 -61.8125 -70.0 5.062136600022616 14 
0008 0009 8 1671004871680594 9.75 -53.0 3.6999616603801666 14 
0008 0015 8 1671004871686495 -94.375 -70.0 4.448544284868359 14 
0008 0010 1 1671004871906424 9.75 -63.0 5.21553467881118 14 
0008 0007 1 1671004871908978 -13.0 -52.5 5.013049214810275 14 
0008 0005 1 1671004871910479 9.75 -54.5 1.214912784005428 14 
0008 0009 1 1671004871911921 -3.25 -56.0 3.215223731408304 14 
0008 0008 1 1671004871914715 55.3125 -68.5 2.9206994201342606 14 
0008 0004 1 1671004871916515 32.5 -67.5 2.736621725587984 14 
0008 0000 1 1671004871917919 -19.5 -70.5 0.4540583132141498 14 
0008 0014 1 1671004871919179 -3.25 -69.0 1.4910293258248433 14 
0008 0011 1 1671004871921944 68.3125 -64.5 1.5033011721279284 14 
0008 0008 2 1671004871947163 -9.75 -61.0 1.521708941582556 14 
0008 0009 2 1671004871949517 -3.25 -60.5 1.3867186322486196 14 
0008 0000 2 1671004871950413 58.5625 -58.5 0.07976700097005335 14 
0008 0015 2 1671004871951603 -81.375 -68.0 5.71868037723767 14 
0008 0011 2 1671004871953906 -13.8125 -56.0 3.497476196379262 14 
0008 0005 2 1671004871955251 128.5625 -69.0 4.614214209960009 14 
0008 0010 2 1671004871956479 -9.75 -62.0 4.295146206079795 14 
0008 0007 3 1671004871997845 -52.0625 -57.0 4.884194828627882 14 
0008 0006 4 1671004872039259 -48.8125 -69.0 1.2762720155208536 14 
0008 0007 4 1671004872040822 -71.5625 -72.0 3.9085830475326135 14 
0008 0000 4 1671004872046123 74.8125 -65.0 1.2640001692177683 14 
0008 0004 4 1671004872047099 30.875 -67.0 1.3560390164909069 14 
0008 0007 5 1671004872069891 -3.25 -63.5 3.810408277107933 14 
0008 0004 5 1671004872072602 -142.375 -68.0 2.890019804376548 14 
0008 0010 5 1671004872076312 214.8125 -69.5 0.9142525495798421 14 
0008 0010 6 1671004872119637 -13.0 -64.5 1.7303303287350031 14 
0008 0004 6 1671004872121117 7.3125 -60.5 0.01227184630308513 14 
0008 0006 6 1671004872126497 -93.5625 -72.0 0.36815538909255385 14 
0008 0007 7 1671004872166903 9.75 -61.0 3.8410878928656453 14 
0008 0012 7 1671004872167823 -97.625 -65.5 5.098952138931871 14 
0008 0011 7 1671004872169021 10.5625 -54.0 1.1044661672776617 14 
0008 0015 7 1671004872172210 19.5 -57.5 1.6321555583103222 14 
0008 0008 7 1671004872173146 -42.3125 -57.5 0.7547185476397354 14 
0008 0004 7 1671004872174827 7.3125 -58.5 3.448388811166921 14 
0008 0000 7 1671004872175779 35.75 -57.0 2.2641556429192065 14 
0008 0014 7 1671004872177919 48.8125 -68.0 3.067961575771282 14 
0008 0009 7 1671004872179080 -48.8125 -61.0 1.2946797849754812 14 
0008 0010 7 1671004872180456 52.0625 -67.5 0.8406214717613314 14 
0008 0005 7 1671004872183616 -117.125 -66.5 2.804116880254952 14 
0008 0006 7 1671004872184503 -97.625 -69.0 1.4419419406125027 14 
0008 0003 7 1671004872187295 -22.75 -72.0 2.1475731030398975 14 
0008 0001 7 1671004872189559 -117.9375 -71.0 4.669437518323892 14 
0008 0008 8 1671004872216257 22.75 -58.5 4.006757817957295 14 
0008 0010 8 1671004872218555 13.0 -55.5 4.620350133111551 14 
0008 0004 8 1671004872220053 22.75 -58.5 1.1535535524900022 14 
0008 0000 8 1671004872223670 130.1875 -67.5 0.1043106935762236 14 
0008 0009 8 1671004872224856 13.0 -53.0 3.6999616603801666 14 
0008 0012 8 1671004872226939 -145.625 -73.0 4.25833066717054 14 
0008 0005 8 1671004872227885 -21.125 -64.0 3.018874190558942 14 
0008 0006 8 1671004872228803 45.5625 -73.5 0.0859029241215959 14 
0008 0007 8 1671004872231796 -9.75 -69.5 5.0253210611133605 14 
0008 0011 8 1671004872232761 -149.6875 -72.5 3.0066023442558567 14 
0008 0015 8 1671004872233667 6.5 -70.5 4.325825821837508 14 
0008 0010 1 1671004872447401 -74.8125 -62.5 5.424156065963627 14 
0008 0008 1 1671004872449481 74.8125 -68.5 2.8532042654672924 14 
0008 0005 1 1671004872450426 9.75 -54.5 1.227184630308513 14 
0008 0007 1 1671004872451394 -26.0 -52.5 5.013049214810275 14 
0008 0009 1 1671004872452326 -19.5 -56.0 3.2213596545598464 14 
0008 0000 1 1671004872455855 -175.75 -70.5 0.7117670855789375 14 
0008 0015 1 1671004872456893 -263.625 -71.0 4.178563666200486 14 
0008 0004 1 1671004872458705 -61.8125 -68.5 2.816388726558037 14 
0008 0011 1 1671004872459893 -27.625 -64.0 1.6260196351587797 14 
0008 0014 1 1671004872461886 -59.375 -69.5 1.6198837120072371 14 
0008 0015 2 1671004872486668 -52.0625 -69.0 5.6143696836614465 14 
0008 0010 2 1671004872487809 0.0 -61.5 4.239922897715912 14 
0008 0009 2 1671004872489827 -32.5 -60.0 1.4664856332186729 14 
0008 0005 2 1671004872491085 -3.25 -68.0 4.749204519293945 14 
0008 0008 2 1671004872492861 -52.0625 -61.5 1.521708941582556 14 
0008 0011 2 1671004872494925 21.125 -55.5 3.4054373491061236 14 
0008 0000 2 1671004872497558 3.25 -58.5 0.2270291566070749 14 
0008 0007 3 1671004872526958 -35.75 -57.5 4.822835597112456 14 
0008 0007 4 1671004872568110 -231.0625 -70.0 4.190835512503572 14 
0008 0004 4 1671004872569254 -41.5 -67.0 1.3928545554001621 14 
0008 0006 4 1671004872574853 -21.125 -69.0 1.214912784005428 14 
0008 0000 4 1671004872576160 -13.0 -65.5 1.4296700943094176 14 
0008 0010 5 1671004872600547 71.5625 -70.0 1.184233168247715 14 
0008 0004 5 1671004872601905 -123.6875 -67.5 2.9145634969827183 14 
0008 0007 5 1671004872606435 -74.8125 -63.0 3.9760782021995817 14 
0008 0010 6 1671004872651200 16.25 -64.5 1.7241944055834606 14 
0008 0004 6 1671004872652430 30.875 -60.5 6.2463697682703305 14 
0008 0006 6 1671004872657475 0.0 -72.0 0.22089323345553233 14 
0008 0005 7 1671004872686706 -6.5 -65.5 2.6998061866787286 14 
0008 0003 7 1671004872688279 -71.5625 -71.0 2.043262409463674 14 
0008 0006 7 1671004872689947 73.1875 -69.5 1.4051264017032472 14 
0008 0000 7 1671004872691380 -29.25 -57.0 2.3746022596469727 14 
0008 0011 7 1671004872692607 27.625 -53.5 1.0983302441261191 14 
0008 0004 7 1671004872696856 22.75 -58.5 3.399301425954581 14 
0008 0010 7 1671004872697795 -65.0625 -67.5 1.1290098598838318 14 
0008 0008 7 1671004872698741 -29.25 -57.5 0.705631162427395 14 
0008 0015 7 1671004872699780 -16.25 -57.5 1.6873788666742053 14 
0008 0009 7 1671004872700952 -6.5 -60.5 1.214912784005428 14 
0008 0012 7 1671004872702666 -117.125 -66.5 5.209398755659637 14 
0008 0007 7 1671004872703575 -26.0 -61.5 3.865631585471816 14 
0008 0014 7 1671004872704624 -78.0625 -68.5 3.2827188860752723 14 
0008 0001 7 1671004872707721 -3.25 -69.0 4.466952054322987 14 
0008 0007 8 1671004872735895 13.0 -69.5 5.049864753719531 14 
0008 0010 8 1671004872738180 -42.3125 -55.5 4.706253057233147 14 
0008 0015 8 1671004872740547 -61.8125 -70.0 4.516039439535327 14 
0008 0009 8 1671004872742127 13.8125 -53.0 3.693825737228624 14 
0008 0008 8 1671004872743103 -6.5 -58.0 4.06811704947272 14 
0008 0004 8 1671004872744318 3.25 -58.5 1.1965050145508 14 
0008 0005 8 1671004872745650 -55.3125 -64.5 3.0495538063166547 14 
0008 0000 8 1671004872746843 -58.5625 -69.0 0.3129320807286708 14 
0008 0011 8 1671004872760615 163.5625 -72.0 2.791845033951867 14 
0008 0012 8 1671004872762146 -175.75 -73.0 4.239922897715912 14 
0008 0007 1 1671004872976403 -19.5 -52.5 5.037592907416445 14 
0008 0014 1 1671004872979349 74.8125 -69.5 1.4051264017032472 14 
0008 0008 1 1671004872980286 -221.3125 -68.5 3.411573272257666 14 
0008 0010 1 1671004872981432 -29.25 -63.0 5.313709449235861 14 
0008 0000 1 1671004872982428 26.0 -69.0 0.4540583132141498 14 
0008 0009 1 1671004872983356 0.0 -56.0 3.1661363461959633 14 
0008 0011 1 1671004872984319 7.3125 -64.5 1.5278448647340985 14 
0008 0005 1 1671004872987647 16.25 -54.5 1.1965050145508 14 
0008 0004 1 1671004872992089 -48.8125 -68.5 2.773437264497239 14 
0008 0000 2 1671004873016955 -32.5 -58.5 0.20248546400090464 14 
0008 0015 2 1671004873019975 -68.3125 -68.0 5.3627968344482015 14 
0008 0011 2 1671004873021161 13.8125 -56.0 3.429981041712294 14 
0008 0010 2 1671004873022594 32.5 -61.5 4.23378697456437 14 
0008 0008 2 1671004873024578 65.0625 -61.0 1.325359400733194 14 
0008 0009 2 1671004873025569 -9.75 -60.5 1.41126232485479 14 
0008 0005 2 1671004873027982 30.875 -68.5 4.853515212870168 14 
