0005 0004 1 1671004889016243 76.4375 -69.0 0.07363107781851078 2 
0005 0006 1 1671004889024946 -78.0625 -65.5 4.767612288748572 2 
0005 0006 2 1671004889063278 -26.0 -64.5 3.32567034813607 2 
0005 0015 3 1671004889098277 16.25 -58.5 4.313553975534423 2 
0005 0006 3 1671004889103371 58.5625 -58.0 0.9940195505498954 2 
0005 0000 3 1671004889105551 16.25 -64.0 2.6323110320117604 2 
0005 0004 3 1671004889106502 -58.5625 -64.5 0.48473792897186263 2 
0005 0003 3 1671004889109427 0.0 -69.5 4.111068511533518 2 
0005 0005 3 1671004889110335 -13.8125 -70.0 0.4111068511533518 2 
0005 0006 4 1671004889139133 13.0 -60.5 5.841398840268521 2 
0005 0015 4 1671004889143489 -52.0625 -69.5 4.620350133111551 2 
0005 0000 5 1671004889176291 -39.0 -60.5 4.025165587411922 2 
0005 0004 5 1671004889178317 145.625 -65.5 0.28225246497095796 2 
0005 0007 5 1671004889182996 -3.25 -64.5 4.1417481272912315 2 
0005 0004 6 1671004889248192 -111.4375 -65.5 5.178719139901925 2 
0005 0015 6 1671004889252017 9.75 -65.5 4.074252972624263 2 
0005 0005 6 1671004889253191 16.25 -58.5 1.859184714917397 2 
0005 0007 6 1671004889257508 45.5625 -72.0 1.2210487071569704 2 
0005 0000 6 1671004889259095 68.3125 -67.5 0.9265243958829272 2 
0005 0003 6 1671004889262734 -74.8125 -72.0 4.890330751779424 2 
0005 0005 7 1671004889300889 0.0 -66.5 5.418020142812084 2 
0005 0005 8 1671004889338188 -117.9375 -69.5 1.3130875544301088 2 
0005 0004 1 1671004889567746 -100.875 -69.0 0.14726215563702155 2 
0005 0006 1 1671004889573918 -3.25 -66.0 4.638757902566179 2 
0005 0006 2 1671004889610802 -91.125 -65.5 3.3072625786814425 2 
0005 0006 3 1671004889656889 -9.75 -58.0 1.1167380135807468 2 
0005 0015 3 1671004889657797 6.5 -58.5 4.362641360746763 2 
0005 0000 3 1671004889659019 -91.125 -64.5 2.693670263527186 2 
0005 0003 3 1671004889664520 -61.8125 -70.0 4.215379205109742 2 
0005 0004 3 1671004889665538 59.375 -65.5 0.4049709280018093 2 
0005 0005 3 1671004889666915 128.5625 -68.5 0.07363107781851078 2 
0005 0015 4 1671004889707651 29.25 -70.0 4.620350133111551 2 
0005 0006 4 1671004889711513 -6.5 -60.0 5.835262917116979 2 
0005 0007 5 1671004889737666 32.5 -64.0 4.135612204139688 2 
0005 0000 5 1671004889739137 -29.25 -60.5 4.178563666200486 2 
0005 0004 5 1671004889746944 123.6875 -66.0 0.3190680038802134 2 
0005 0005 5 1671004889749063 97.625 -72.0 1.1351457830353744 2 
0005 0004 6 1671004889776343 -32.5 -65.5 5.105088062083414 2 
0005 0005 6 1671004889780011 13.0 -57.5 1.8775924843720249 2 
0005 0015 6 1671004889782903 19.5 -66.0 4.037437433715008 2 
0005 0003 6 1671004889784673 -120.4375 -73.5 5.258486140871978 2 
0005 0000 6 1671004889785935 52.0625 -67.0 1.0799224746714913 2 
0005 0005 7 1671004889832990 -104.125 -66.0 5.338253141842031 2 
0005 0005 8 1671004889881725 65.875 -70.5 0.9142525495798421 2 
0005 0004 1 1671004890106624 114.6875 -70.0 6.074563920027139 2 
0005 0006 1 1671004890117492 32.5 -65.5 4.460816131171445 2 
0005 0006 2 1671004890151861 48.8125 -64.5 2.8838838812250054 2 
0005 0004 3 1671004890196932 -27.625 -67.0 0.6381360077604268 2 
0005 0006 3 1671004890200790 13.0 -58.5 1.1044661672776617 2 
0005 0000 3 1671004890201753 6.5 -63.0 3.098641191528995 2 
0005 0005 3 1671004890202731 39.0 -67.5 0.28838838812250056 2 
0005 0015 3 1671004890203963 6.5 -58.5 4.405592822807561 2 
0005 0003 3 1671004890212966 117.125 -68.5 4.546719055293041 2 
0005 0006 4 1671004890243263 19.5 -60.0 5.835262917116979 2 
0005 0000 5 1671004890267656 -39.0 -61.5 4.7307967498393175 2 
0005 0004 5 1671004890271792 30.875 -66.5 0.5338253141842031 2 
0005 0007 5 1671004890273295 -107.375 -63.5 4.313553975534423 2 
0005 0015 5 1671004890288070 -133.4375 -70.5 4.166291819897402 2 
0005 0005 5 1671004890291053 -48.8125 -71.5 1.7732817907958012 2 
0005 0005 6 1671004890326456 32.5 -58.0 2.024854640009046 2 
0005 0000 6 1671004890328468 6.5 -64.5 1.509437095279471 2 
0005 0004 6 1671004890329914 -41.5 -65.5 5.270757987175063 2 
0005 0015 6 1671004890339455 -84.625 -67.5 4.28287435977671 2 
0005 0007 6 1671004890340676 29.25 -72.5 0.7485826244881929 2 
0005 0000 7 1671004890369193 -35.75 -67.5 5.8659425328746915 2 
0005 0005 7 1671004890377102 30.875 -67.0 4.552854978444583 2 
0005 0005 8 1671004890419133 79.75 -73.0 0.2638446955163303 2 
0005 0004 1 1671004890647086 -52.0625 -70.5 6.056156150572511 2 
0005 0006 1 1671004890663363 -35.75 -66.0 4.338097668140593 2 
0005 0006 2 1671004890695465 29.25 -64.5 2.6691265709210157 2 
0005 0006 3 1671004890726763 -3.25 -58.5 1.1780972450961724 2 
0005 0005 3 1671004890729243 104.125 -66.0 0.44178646691106466 2 
0005 0000 3 1671004890730599 0.0 -60.5 3.736777199289422 2 
0005 0015 3 1671004890731780 -9.75 -58.5 4.509903516383785 2 
0005 0003 3 1671004890736847 26.0 -67.5 5.074408446325701 2 
0005 0004 3 1671004890740109 7.3125 -69.5 0.37429131224409645 2 
0005 0006 4 1671004890767400 -55.3125 -59.5 5.9518454569962875 2 
0005 0000 4 1671004890772282 -22.75 -69.5 2.9206994201342606 2 
0005 0007 5 1671004890796258 19.5 -63.5 4.0987966652304335 2 
0005 0000 5 1671004890797930 -22.75 -61.5 5.325981295538946 2 
0005 0015 5 1671004890799735 -42.3125 -69.5 4.221515128261284 2 
0005 0005 5 1671004890802385 -10.5625 -71.5 1.7241944055834606 2 
0005 0004 5 1671004890804510 -62.625 -67.0 0.7179030087304801 2 
0005 0015 6 1671004890830566 -32.5 -68.0 4.147884050442774 2 
0005 0005 6 1671004890831525 -7.3125 -58.0 2.2212041808584084 2 
0005 0000 6 1671004890833467 -3.25 -63.5 1.9144080232812801 2 
0005 0004 6 1671004890834403 -73.1875 -65.0 5.4671075280244255 2 
0005 0007 6 1671004890837140 35.75 -72.5 0.6320000846088841 2 
0005 0005 7 1671004890883570 27.625 -67.5 4.295146206079795 2 
0005 0005 8 1671004890934918 -97.625 -73.0 0.15339807878856412 2 
0005 0006 1 1671004891157539 -35.75 -65.5 4.246058820867455 2 
0005 0004 1 1671004891160812 111.4375 -69.0 5.681864838328415 2 
0005 0006 2 1671004891191986 -68.3125 -64.5 2.718213956133356 2 
0005 0003 3 1671004891225948 -65.0625 -66.5 0.12885438618239387 2 
0005 0005 3 1671004891227376 -13.0 -66.5 0.8835729338221293 2 
0005 0006 3 1671004891229672 -3.25 -58.5 1.282407938672396 2 
0005 0004 3 1671004891230666 -218.875 -70.0 0.4724660826687775 2 
0005 0015 3 1671004891236963 -9.75 -59.0 4.448544284868359 2 
0005 0000 3 1671004891237900 -55.3125 -59.0 4.196971435655114 2 
0005 0006 4 1671004891266451 35.75 -59.5 5.853670686571607 2 
0005 0000 4 1671004891269688 -35.75 -66.5 3.3011266555298997 2 
0005 0004 5 1671004891298012 17.0625 -66.5 0.6872233929727672 2 
0005 0007 5 1671004891299219 -26.0 -63.5 3.9944859716542096 2 
0005 0005 5 1671004891300108 -91.125 -70.0 2.1905245651006955 2 
0005 0000 5 1671004891301341 -19.5 -61.0 5.583690067903734 2 
0005 0015 5 1671004891308768 16.25 -67.5 4.28287435977671 2 
0005 0000 6 1671004891337351 26.0 -62.5 1.8837284075235674 2 
0005 0005 6 1671004891341879 9.75 -58.0 2.3316507975861747 2 
0005 0004 6 1671004891343294 17.0625 -65.5 5.485515297479052 2 
0005 0015 6 1671004891344490 -61.8125 -69.5 4.276738436625168 2 
0005 0007 6 1671004891347399 166.0 -70.5 0.3129320807286708 2 
0005 0005 7 1671004891394271 -35.75 -69.0 3.877903431774901 2 
0005 0004 1 1671004891658373 -111.4375 -71.5 5.6573211457222445 2 
0005 0006 1 1671004891667302 104.125 -66.0 3.988350048502667 2 
0005 0006 2 1671004891699935 32.5 -64.5 2.497320722677824 2 
0005 0006 3 1671004891738309 -16.25 -59.0 1.3867186322486196 2 
0005 0004 3 1671004891739260 -215.625 -71.0 0.5890486225480862 2 
0005 0003 3 1671004891740192 61.8125 -68.0 0.1595340019401067 2 
0005 0015 3 1671004891741155 -9.75 -59.5 4.700117134081604 2 
0005 0000 3 1671004891744346 -9.75 -58.5 4.693981210930062 2 
0005 0005 3 1671004891746980 3.25 -65.0 1.1167380135807468 2 
0005 0006 4 1671004891776895 -45.5625 -60.0 6.12365130523948 2 
0005 0000 5 1671004891808456 -19.5 -62.0 5.970253226450915 2 
0005 0007 5 1671004891809622 -55.3125 -64.0 4.344233591292136 2 
0005 0015 5 1671004891812921 -3.25 -70.5 4.485359823777615 2 
0005 0004 5 1671004891814607 62.625 -66.0 0.6442719309119693 2 
0005 0004 6 1671004891847499 41.5 -65.5 5.71868037723767 2 
0005 0000 6 1671004891849866 45.5625 -62.0 2.000310947402876 2 
0005 0005 6 1671004891851772 -24.375 -57.0 2.509592568980909 2 
0005 0005 7 1671004891893056 117.9375 -68.0 3.3440781175906977 2 
0005 0006 1 1671004892181405 -45.5625 -67.0 4.154019973594316 2 
0005 0004 1 1671004892188844 69.125 -71.0 5.2768939103266055 2 
0005 0006 2 1671004892238454 42.3125 -64.5 2.3623304133438876 2 
0005 0005 3 1671004892268168 69.125 -66.0 0.9572040116406401 2 
0005 0004 3 1671004892269582 -13.8125 -71.5 0.22089323345553233 2 
0005 0006 3 1671004892270531 26.0 -59.0 1.214912784005428 2 
0005 0003 3 1671004892271525 126.9375 -68.5 6.117515382087937 2 
0005 0000 3 1671004892273661 6.5 -59.0 4.460816131171445 2 
0005 0015 3 1671004892275112 19.5 -59.0 4.595806440505381 2 
0005 0006 4 1671004892310722 -35.75 -60.0 6.068427996875596 2 
0005 0004 5 1671004892336159 48.8125 -66.5 0.619728238305799 2 
0005 0000 5 1671004892341238 -39.0 -62.0 5.749359992995383 2 
0005 0015 5 1671004892343179 -100.875 -70.5 4.374913207049849 2 
0005 0007 5 1671004892344384 -3.25 -64.0 4.2031073588066565 2 
0005 0004 6 1671004892379944 -7.3125 -65.5 5.577554144752192 2 
0005 0005 6 1671004892381613 -7.3125 -57.0 2.36846633649543 2 
0005 0000 6 1671004892382550 -19.5 -62.0 1.9880391010997909 2 
0005 0007 6 1671004892386915 130.1875 -71.5 0.30679615757712825 2 
0005 0005 7 1671004892440834 26.0 -67.5 3.6876898140770815 2 
0005 0006 1 1671004892696410 39.0 -66.0 4.0987966652304335 2 
0005 0004 1 1671004892706084 -107.375 -71.5 5.9088939949354895 2 
0005 0006 2 1671004892745841 0.0 -64.0 2.748893571891069 2 
0005 0000 3 1671004892790261 -6.5 -60.5 4.0558452031696355 2 
0005 0006 3 1671004892792473 48.8125 -59.0 1.1106020904292042 2 
0005 0015 3 1671004892793679 -55.3125 -59.0 4.583534594202296 2 
0005 0003 3 1671004892795412 -35.75 -68.5 5.5284667595398505 2 
0005 0005 3 1671004892796375 59.375 -66.5 0.9510680884890975 2 
0005 0004 3 1671004892797575 17.0625 -69.5 0.662679700366597 2 
0005 0006 4 1671004892832203 3.25 -60.0 5.921165841238575 2 
0005 0015 5 1671004892858234 -3.25 -70.5 3.933126740138784 2 
0005 0004 5 1671004892860284 59.375 -67.0 0.5031456984264903 2 
0005 0000 5 1671004892862410 -39.0 -60.5 5.240078371417351 2 
0005 0007 5 1671004892864140 -55.3125 -63.5 4.252194744018997 2 
0005 0005 5 1671004892871726 -305.9375 -71.0 1.9144080232812801 2 
0005 0000 6 1671004892896913 -6.5 -63.0 1.761009944492716 2 
0005 0007 6 1671004892898193 -100.875 -71.5 0.7363107781851077 2 
0005 0015 6 1671004892901212 26.0 -69.5 3.9638063558964967 2 
0005 0005 6 1671004892902651 3.25 -57.0 2.2027964114037806 2 
0005 0004 6 1671004892904827 -45.5625 -65.5 5.442563835418255 2 
0005 0005 7 1671004892942373 -65.875 -68.0 4.289010282928253 2 
0005 0000 7 1671004892953565 -48.8125 -68.0 5.841398840268521 2 
0005 0006 1 1671004893224152 -45.5625 -65.5 4.3074180523828804 2 
0005 0004 1 1671004893229425 48.8125 -71.5 5.810719224510809 2 
0005 0006 2 1671004893259556 -68.3125 -64.5 2.84706834231575 2 
0005 0015 3 1671004893298445 16.25 -58.5 4.442408361716817 2 
0005 0003 3 1671004893299863 35.75 -68.0 5.50392306693368 2 
0005 0006 3 1671004893302726 -24.375 -58.5 1.2026409377023426 2 
0005 0004 3 1671004893303704 52.0625 -68.5 0.22089323345553233 2 
0005 0000 3 1671004893304636 9.75 -61.0 3.890175278077986 2 
0005 0005 3 1671004893305614 24.375 -67.0 0.6994952392758523 2 
0005 0006 4 1671004893328484 -45.5625 -60.0 5.982525072754001 2 
0005 0007 5 1671004893356194 -42.3125 -63.5 4.289010282928253 2 
0005 0015 5 1671004893357160 -81.375 -70.0 4.28287435977671 2 
0005 0004 5 1671004893362654 3.25 -67.0 0.6872233929727672 2 
0005 0000 5 1671004893365194 -22.75 -60.5 5.111223985234957 2 
0005 0005 5 1671004893373215 -188.75 -71.5 1.7855536370988863 2 
0005 0015 6 1671004893418090 -35.75 -69.5 4.049709280018092 2 
0005 0007 6 1671004893419453 126.9375 -72.0 0.6565437772150544 2 
0005 0000 6 1671004893420701 -35.75 -63.5 1.7548740213411735 2 
0005 0004 6 1671004893425252 48.8125 -64.5 5.295301679781233 2 
0005 0005 6 1671004893426225 7.3125 -57.0 2.1659808724945253 2 
0005 0000 7 1671004893458791 -9.75 -69.0 5.64504929941916 2 
0005 0005 7 1671004893475481 -187.125 -67.5 4.387185053352934 2 
0005 0004 1 1671004893741095 163.5625 -70.5 5.626641529964532 2 
0005 0006 1 1671004893749093 32.5 -65.0 4.178563666200486 2 
0005 0006 2 1671004893776309 -39.0 -64.5 2.6875343403756435 2 
0005 0006 3 1671004893817404 -22.75 -59.5 1.1965050145508 2 
0005 0005 3 1671004893821192 65.0625 -67.0 0.6442719309119693 2 
0005 0004 3 1671004893822453 117.125 -69.5 0.28225246497095796 2 
0005 0003 3 1671004893823403 -58.5625 -67.0 5.737088146692298 2 
0005 0015 3 1671004893824751 26.0 -59.0 4.454680208019902 2 
0005 0000 3 1671004893825729 -29.25 -60.0 3.9760782021995817 2 
0005 0006 4 1671004893863779 -13.0 -60.0 5.970253226450915 2 
0005 0000 5 1671004893887781 -45.5625 -60.5 5.160311370447297 2 
0005 0007 5 1671004893888733 -94.375 -64.0 4.301282129231338 2 
0005 0004 5 1671004893889693 -34.9375 -66.0 0.7240389318820226 2 
0005 0015 5 1671004893897342 104.125 -70.0 3.810408277107933 2 
0005 0000 6 1671004893926889 -35.75 -63.0 1.8346410223112268 2 
0005 0004 6 1671004893930256 73.1875 -65.0 5.307573526084319 2 
0005 0005 6 1671004893931200 -9.75 -57.0 2.1782527187976104 2 
0005 0007 6 1671004893934191 -32.5 -72.0 0.8099418560036186 2 
0005 0015 6 1671004893936222 -100.875 -68.0 4.1601558967458585 2 
0005 0000 7 1671004893982460 6.5 -68.5 5.884350302329319 2 
0005 0005 7 1671004893985572 -187.125 -67.0 4.442408361716817 2 
