0005 0015 1 1671005473528525 13.0 -64.5 0.6749515466696822 1 
0005 0006 1 1671005473530919 22.75 -59.5 6.092971689481767 1 
0005 0004 1 1671005473535863 27.625 -57.0 0.7179030087304801 1 
0005 0010 1 1671005473539524 -110.625 -67.5 4.853515212870168 1 
0005 0011 1 1671005473541208 -22.75 -70.0 2.761165418194154 1 
0005 0006 2 1671005473566920 -42.3125 -62.0 3.0066023442558567 1 
0005 0004 2 1671005473569202 -13.8125 -63.0 1.0799224746714913 1 
0005 0008 2 1671005473570240 250.625 -69.0 4.92714629068868 1 
0005 0010 2 1671005473573757 74.8125 -70.5 0.5951845456996288 1 
0005 0014 2 1671005473574722 -110.625 -69.5 1.1044661672776617 1 
0005 0008 3 1671005473606757 -16.25 -62.5 4.3503695144436785 1 
0005 0015 3 1671005473608669 -39.0 -60.0 1.4848934026733007 1 
0005 0001 3 1671005473611604 -68.3125 -67.5 0.4049709280018093 1 
0005 0011 3 1671005473612541 -32.5 -61.5 4.2031073588066565 1 
0005 0005 3 1671005473613483 0.0 -53.5 1.8775924843720249 1 
0005 0010 3 1671005473617573 100.875 -70.0 0.8283496254582462 1 
0005 0004 3 1671005473620368 30.875 -62.5 5.792311455056181 1 
0005 0012 3 1671005473621305 -35.75 -65.5 0.3620194659410113 1 
0005 0014 3 1671005473622802 -16.25 -65.0 2.497320722677824 1 
0005 0007 3 1671005473624970 32.5 -62.5 1.214912784005428 1 
0005 0013 3 1671005473629861 214.8125 -69.0 1.5953400194010667 1 
0005 0013 4 1671005473668809 32.5 -64.0 4.301282129231338 1 
0005 0014 4 1671005473670229 126.9375 -70.0 1.0492428589137786 1 
0005 0008 4 1671005473671386 -9.75 -59.5 2.6875343403756435 1 
0005 0010 4 1671005473672649 -39.0 -70.5 4.2092432819582 1 
0005 0005 4 1671005473673592 10.5625 -58.5 1.423534171157875 1 
0005 0015 4 1671005473675013 16.25 -57.5 2.086213871524472 1 
0005 0011 4 1671005473677557 3.25 -58.5 4.295146206079795 1 
0005 0000 4 1671005473678494 52.0625 -73.0 0.2761165418194154 1 
0005 0007 4 1671005473681383 3.25 -57.0 1.9757672547967058 1 
0005 0004 4 1671005473682732 -52.0625 -71.5 6.056156150572511 1 
0005 0009 4 1671005473683669 -68.3125 -74.5 2.5893595699509624 1 
0005 0005 5 1671005473706465 -117.125 -62.5 5.307573526084319 1 
0005 0014 5 1671005473709168 146.4375 -68.0 3.11091303783208 1 
0005 0015 5 1671005473710076 -42.3125 -66.5 5.841398840268521 1 
0005 0013 5 1671005473718201 -68.3125 -66.5 3.227495577711389 1 
0005 0007 5 1671005473723709 61.8125 -70.5 4.215379205109742 1 
0005 0007 6 1671005473761335 55.3125 -67.5 2.1905245651006955 1 
0005 0013 6 1671005473768834 -3.25 -66.0 2.12916533358527 1 
0005 0005 6 1671005473771014 0.0 -62.5 4.663301595172349 1 
0005 0013 7 1671005473812351 -81.375 -69.0 4.246058820867455 1 
0005 0014 7 1671005473818496 117.125 -69.0 2.5893595699509624 1 
0005 0006 7 1671005473820844 -13.0 -64.5 4.914874444385594 1 
0005 0006 8 1671005473870987 6.5 -61.0 1.0799224746714913 1 
0005 0013 8 1671005473874602 -13.0 -67.5 5.3198453723874035 1 
0005 0010 1 1671005474096858 -74.8125 -67.5 4.890330751779424 1 
0005 0004 1 1671005474099099 22.75 -57.5 0.619728238305799 1 
0005 0015 1 1671005474100067 32.5 -64.5 0.7669903939428205 1 
0005 0006 1 1671005474102201 -3.25 -59.5 6.1420590746941075 1 
0005 0011 1 1671005474105327 273.375 -69.0 2.448233337465483 1 
0005 0014 1 1671005474111109 -9.75 -73.0 4.448544284868359 1 
0005 0014 2 1671005474135982 68.3125 -69.5 0.6872233929727672 1 
0005 0010 2 1671005474137926 -32.5 -69.5 0.7485826244881929 1 
0005 0004 2 1671005474139445 -83.0 -64.0 0.9878836273983529 1 
0005 0006 2 1671005474146741 -6.5 -62.5 2.736621725587984 1 
0005 0008 3 1671005474177015 16.25 -62.5 4.454680208019902 1 
0005 0014 3 1671005474178335 74.8125 -64.5 2.2764274892222915 1 
0005 0009 3 1671005474179259 48.8125 -68.0 1.325359400733194 1 
0005 0012 3 1671005474181179 42.3125 -66.5 0.5338253141842031 1 
0005 0005 3 1671005474182110 13.0 -53.5 2.1659808724945253 1 
0005 0015 3 1671005474183032 -3.25 -60.5 1.4603497100671303 1 
0005 0013 3 1671005474184706 120.4375 -67.5 1.8837284075235674 1 
0005 0007 3 1671005474185712 19.5 -62.5 1.5155730184310134 1 
0005 0011 3 1671005474187146 22.75 -62.5 4.270602513473625 1 
0005 0004 3 1671005474188334 -13.0 -62.5 5.988660995905543 1 
0005 0001 3 1671005474191815 -52.0625 -67.0 0.662679700366597 1 
0005 0010 3 1671005474204710 -143.1875 -69.0 1.3437671701878218 1 
0005 0008 4 1671005474247138 19.5 -60.0 2.736621725587984 1 
0005 0009 4 1671005474248447 -156.1875 -73.0 3.104777114680538 1 
0005 0013 4 1671005474249368 -16.25 -64.0 4.522175362686871 1 
0005 0007 4 1671005474251496 -13.0 -57.5 2.1230294104337273 1 
0005 0015 4 1671005474253421 3.25 -57.5 2.098485717827557 1 
0005 0000 4 1671005474254356 -19.5 -73.0 0.619728238305799 1 
0005 0011 4 1671005474255730 -3.25 -59.0 4.479223900626073 1 
0005 0005 4 1671005474256691 -3.25 -58.5 1.6751070203711202 1 
0005 0004 4 1671005474259896 -52.0625 -71.5 6.22182607566416 1 
0005 0014 4 1671005474260956 3.25 -68.5 1.227184630308513 1 
0005 0010 4 1671005474262813 -81.375 -71.0 4.319689898685965 1 
0005 0013 5 1671005474301463 68.3125 -66.5 2.8409324191642074 1 
0005 0005 5 1671005474305282 32.5 -63.5 5.105088062083414 1 
0005 0015 5 1671005474307905 -110.625 -66.0 5.8659425328746915 1 
0005 0014 5 1671005474310154 48.8125 -67.5 3.172272269347506 1 
0005 0013 6 1671005474347435 26.0 -66.0 2.061670178918302 1 
0005 0005 6 1671005474357193 -48.8125 -62.5 4.601942363656923 1 
0005 0007 6 1671005474361611 -3.25 -67.5 2.030990563160589 1 
0005 0013 7 1671005474406071 -42.3125 -70.0 4.2092432819582 1 
0005 0004 7 1671005474407420 -201.8125 -71.0 5.1725832167503825 1 
0005 0014 7 1671005474409844 367.8125 -70.0 1.9389517158874505 1 
0005 0006 7 1671005474411245 65.0625 -64.5 4.700117134081604 1 
0005 0006 8 1671005474445904 6.5 -61.5 0.8958447801252144 1 
0005 0013 8 1671005474454066 -35.75 -67.0 5.209398755659637 1 
0005 0014 1 1671005474676874 61.8125 -72.5 4.417864669110647 1 
0005 0004 1 1671005474679066 -3.25 -57.5 0.6933593161243098 1 
0005 0006 1 1671005474683422 -3.25 -60.0 6.17273869045182 1 
0005 0010 1 1671005474687654 0.0 -67.0 4.859651136021712 1 
0005 0015 1 1671005474688619 0.0 -64.0 0.8160777791551611 1 
0005 0011 1 1671005474695087 6.5 -70.5 2.9820586516496865 1 
0005 0006 2 1671005474724374 42.3125 -63.5 2.6875343403756435 1 
0005 0004 2 1671005474728293 10.5625 -64.0 0.8713010875190442 1 
0005 0014 2 1671005474733993 16.25 -69.5 0.9694758579437253 1 
0005 0010 2 1671005474742689 19.5 -71.0 0.619728238305799 1 
0005 0014 3 1671005474767048 104.125 -64.5 2.1537090261914402 1 
0005 0015 3 1671005474769765 61.8125 -60.0 1.380582709097077 1 
0005 0004 3 1671005474770667 -7.3125 -62.5 6.0991076126333095 1 
0005 0012 3 1671005474771664 94.375 -67.5 0.34974761963792617 1 
0005 0011 3 1671005474773146 3.25 -62.5 4.295146206079795 1 
0005 0005 3 1671005474774406 13.0 -54.0 2.313243028131547 1 
0005 0010 3 1671005474779105 -3.25 -70.0 1.282407938672396 1 
0005 0008 3 1671005474784221 -74.8125 -61.5 4.718524903536232 1 
0005 0007 3 1671005474785764 22.75 -62.0 1.6321555583103222 1 
0005 0001 3 1671005474788578 130.1875 -67.5 0.5706408530934585 1 
0005 0013 3 1671005474789557 22.75 -67.5 1.859184714917397 1 
0005 0009 3 1671005474795947 58.5625 -67.0 1.423534171157875 1 
0005 0004 4 1671005474826177 -24.375 -70.5 0.04908738521234052 1 
0005 0011 4 1671005474828208 -29.25 -59.0 4.614214209960009 1 
0005 0013 4 1671005474829896 3.25 -65.0 4.595806440505381 1 
0005 0005 4 1671005474830815 -9.75 -58.0 1.7978254834019713 1 
0005 0000 4 1671005474831780 29.25 -72.0 0.6013204688511713 1 
0005 0007 4 1671005474832700 9.75 -58.0 2.1598449493429825 1 
0005 0015 4 1671005474834077 16.25 -57.5 2.0923497946760143 1 
0005 0010 4 1671005474835017 26.0 -70.5 4.3503695144436785 1 
0005 0008 4 1671005474836912 29.25 -60.5 2.7857091108003242 1 
0005 0014 4 1671005474841096 6.5 -69.0 1.3069516312785663 1 
0005 0009 4 1671005474842166 292.9375 -73.5 2.3009711818284617 1 
0005 0014 5 1671005474865990 -42.3125 -68.0 3.3624858870453256 1 
0005 0015 5 1671005474876768 9.75 -66.5 5.712544454086128 1 
0005 0005 5 1671005474877701 19.5 -63.5 4.97623367590102 1 
0005 0013 5 1671005474880507 -78.0625 -66.0 3.0127382674073995 1 
0005 0005 6 1671005474906391 -16.25 -62.5 4.411728745959104 1 
0005 0013 6 1671005474910552 29.25 -65.5 2.0064468705544187 1 
0005 0007 6 1671005474914685 74.8125 -67.5 1.8285050991596843 1 
0005 0006 7 1671005474955609 -68.3125 -64.5 4.779884135051658 1 
0005 0013 7 1671005474962134 -123.6875 -70.5 4.190835512503572 1 
0005 0014 7 1671005474963921 -29.25 -70.0 2.5770877236478773 1 
0005 0004 7 1671005474967390 -177.375 -69.5 4.749204519293945 1 
0005 0013 8 1671005475003217 -32.5 -67.5 5.197126909356553 1 
0005 0006 8 1671005475006402 -3.25 -61.5 0.760854470791278 1 
0005 0004 1 1671005475237640 0.0 -57.5 0.7485826244881929 1 
0005 0006 1 1671005475242728 0.0 -59.5 6.19728238305799 1 
0005 0015 1 1671005475243938 -45.5625 -64.5 0.9326603190344698 1 
0005 0010 1 1671005475246273 16.25 -66.0 4.994641445355648 1 
0005 0011 1 1671005475252697 -120.4375 -69.5 3.1968159619536762 1 
0005 0014 1 1671005475255170 257.125 -72.5 4.2092432819582 1 
0005 0004 2 1671005475276304 -59.375 -63.0 1.0615147052168636 1 
0005 0008 2 1671005475280274 -42.3125 -69.5 5.448699758569798 1 
0005 0006 2 1671005475282086 13.0 -63.0 2.8409324191642074 1 
0005 0010 2 1671005475292035 -3.25 -69.5 0.8099418560036186 1 
0005 0014 2 1671005475295053 -35.75 -68.5 0.8344855486097889 1 
0005 0009 3 1671005475316815 3.25 -65.5 1.8653206380689396 1 
0005 0014 3 1671005475318548 -26.0 -64.5 2.5954954931025047 1 
0005 0008 3 1671005475320951 84.625 -60.5 4.853515212870168 1 
0005 0007 3 1671005475322186 97.625 -63.5 1.4726215563702154 1 
0005 0004 3 1671005475323133 -30.875 -62.0 6.080699843178682 1 
0005 0015 3 1671005475324322 -3.25 -60.5 1.5155730184310134 1 
0005 0012 3 1671005475325503 -29.25 -66.5 0.4540583132141498 1 
0005 0005 3 1671005475327910 -6.5 -53.5 2.411417798556228 1 
0005 0011 3 1671005475328963 -74.8125 -63.0 4.23378697456437 1 
0005 0001 3 1671005475331004 -55.3125 -67.5 0.8651651643675016 1 
0005 0010 3 1671005475334921 -29.25 -68.5 1.5707963267948966 1 
0005 0013 3 1671005475335899 -9.75 -68.0 1.9573594853420782 1 
0005 0004 4 1671005475377829 34.9375 -71.5 0.07363107781851078 1 
0005 0008 4 1671005475379838 -3.25 -59.0 3.1968159619536762 1 
0005 0005 4 1671005475381337 6.5 -58.0 1.6382914814618648 1 
0005 0013 4 1671005475383253 -13.0 -64.5 4.387185053352934 1 
0005 0015 4 1671005475384247 -16.25 -57.5 2.1537090261914402 1 
0005 0000 4 1671005475385211 126.9375 -71.5 0.7792622402459057 1 
0005 0011 4 1671005475386117 -9.75 -58.0 4.417864669110647 1 
0005 0014 4 1671005475387281 65.0625 -68.5 1.141281706186917 1 
0005 0009 4 1671005475389535 26.0 -69.0 3.172272269347506 1 
0005 0007 4 1671005475391408 6.5 -58.0 1.9880391010997909 1 
0005 0005 5 1671005475425825 35.75 -64.0 4.448544284868359 1 
0005 0013 5 1671005475429100 -78.0625 -67.5 3.80427235395639 1 
0005 0014 5 1671005475434387 22.75 -67.5 3.2888548092268146 1 
0005 0015 5 1671005475436286 -32.5 -65.5 6.013204688511713 1 
0005 0007 5 1671005475438992 22.75 -69.5 4.460816131171445 1 
0005 0013 6 1671005475466470 81.375 -67.0 2.405281875404685 1 
0005 0005 6 1671005475470919 -22.75 -63.5 3.9269908169872414 1 
0005 0007 6 1671005475473063 94.375 -68.5 2.3193789512830896 1 
0005 0006 7 1671005475518329 -6.5 -66.5 5.043728830567988 1 
0005 0004 8 1671005475566170 -9.75 -70.5 0.8160777791551611 1 
0005 0011 8 1671005475567124 71.5625 -70.5 2.890019804376548 1 
0005 0006 8 1671005475572995 6.5 -63.5 0.34974761963792617 1 
0005 0013 8 1671005475580686 -42.3125 -71.5 5.921165841238575 1 
0005 0006 1 1671005475798812 -39.0 -59.5 2.442097414313941 1 
0005 0010 1 1671005475799792 58.5625 -68.0 1.282407938672396 1 
0005 0007 1 1671005475801201 -224.5625 -70.5 3.6692820446224537 1 
0005 0004 1 1671005475802639 -3.25 -55.0 3.08636934522591 1 
0005 0015 1 1671005475804474 -48.8125 -64.5 0.7117670855789375 1 
0005 0013 1 1671005475811376 -179.0 -70.5 4.06811704947272 1 
0005 0014 1 1671005475814961 13.0 -71.5 4.135612204139688 1 
0005 0006 2 1671005475836995 -146.4375 -67.5 4.988505522204105 1 
0005 0004 2 1671005475842165 -10.5625 -70.5 0.23930100291016002 1 
0005 0014 2 1671005475844377 -74.8125 -69.0 1.3008157081270237 1 
0005 0005 3 1671005475866941 -13.8125 -53.5 3.2765829629237295 1 
0005 0014 3 1671005475868249 107.375 -66.5 1.8346410223112268 1 
0005 0000 3 1671005475871163 -29.25 -59.5 3.08636934522591 1 
0005 0015 3 1671005475872081 0.0 -65.0 1.5155730184310134 1 
0005 0009 3 1671005475873054 -130.1875 -66.0 6.074563920027139 1 
0005 0007 3 1671005475874218 152.9375 -71.0 5.540738605842936 1 
0005 0004 3 1671005475875727 -24.375 -64.5 5.559146375297564 1 
0005 0006 3 1671005475876703 -16.25 -61.5 1.4358060174609601 1 
0005 0011 3 1671005475877656 45.5625 -69.5 4.049709280018092 1 
0005 0001 3 1671005475884377 52.0625 -70.5 3.650874275167826 1 
0005 0003 3 1671005475886972 -139.9375 -70.5 0.619728238305799 1 
0005 0009 4 1671005475906286 55.3125 -69.0 1.6321555583103222 1 
0005 0007 4 1671005475907178 9.75 -62.0 1.8346410223112268 1 
0005 0015 4 1671005475912263 39.0 -60.5 2.0493983326152168 1 
0005 0005 4 1671005475913686 0.0 -58.5 2.2580197197676637 1 
0005 0003 4 1671005475915334 218.0625 -73.5 2.0371264863121317 1 
0005 0014 4 1671005475924133 -16.25 -67.5 1.423534171157875 1 
0005 0006 4 1671005475925735 -42.3125 -68.0 5.921165841238575 1 
0005 0008 4 1671005475926883 32.5 -63.5 1.9941750242513334 1 
0005 0007 5 1671005475956220 19.5 -68.0 1.533980787885641 1 
0005 0009 5 1671005475960315 -39.0 -64.5 3.749049045592507 1 
0005 0015 5 1671005475963943 -120.4375 -71.0 6.0991076126333095 1 
0005 0006 5 1671005475968409 -68.3125 -71.5 0.6933593161243098 1 
0005 0005 6 1671005476000704 58.5625 -64.0 0.9940195505498954 1 
0005 0007 6 1671005476013439 -81.375 -70.0 5.203262832508095 1 
0005 0006 7 1671005476049238 19.5 -68.0 3.890175278077986 1 
0005 0006 8 1671005476095567 -6.5 -62.5 5.9518454569962875 1 
0005 0006 1 1671005476316431 -9.75 -57.0 5.773903685601553 1 
0005 0014 1 1671005476317635 9.75 -63.5 3.1661363461959633 1 
0005 0007 1 1671005476320832 -120.4375 -71.0 4.755340442445488 1 
0005 0004 1 1671005476321962 -34.9375 -54.0 5.295301679781233 1 
0005 0015 1 1671005476323155 74.8125 -66.5 1.325359400733194 1 
0005 0006 2 1671005476359758 -74.8125 -59.5 1.7855536370988863 1 
0005 0004 2 1671005476361358 83.0 -68.5 3.153864499892878 1 
0005 0005 3 1671005476387471 -32.5 -55.0 5.896622148632405 1 
0005 0000 3 1671005476389100 -45.5625 -59.0 4.792155981354743 1 
0005 0004 3 1671005476401970 6.5 -69.0 2.859340188618835 1 
0005 0006 3 1671005476408842 6.5 -71.0 3.834951969714103 1 
0005 0000 4 1671005476447439 58.5625 -70.0 1.337631247036279 1 
0005 0015 4 1671005476448392 61.8125 -66.5 1.2946797849754812 1 
0005 0005 4 1671005476450544 -52.0625 -64.5 0.06135923151542565 1 
0005 0007 4 1671005476457954 45.5625 -66.5 2.804116880254952 1 
0005 0014 4 1671005476460548 45.5625 -65.5 1.9082721001297376 1 
0005 0005 5 1671005476495994 65.0625 -71.0 0.4908738521234052 1 
0005 0005 6 1671005476538128 -97.625 -64.5 2.5770877236478773 1 
0005 0004 7 1671005476572682 -45.5625 -68.0 5.387340527054372 1 
0005 0006 8 1671005476614716 -9.75 -62.0 0.2761165418194154 1 
0005 0004 8 1671005476616232 7.3125 -68.5 2.442097414313941 1 
0005 0014 1 1671005476825881 -65.0625 -63.0 3.2213596545598464 1 
0005 0015 1 1671005476828106 6.5 -64.0 1.3314953238847365 1 
0005 0004 1 1671005476830184 -13.8125 -60.0 4.104932588381976 1 
0005 0006 1 1671005476832537 -26.0 -61.5 4.135612204139688 1 
0005 0007 1 1671005476837322 162.75 -73.0 4.147884050442774 1 
0005 0006 2 1671005476873384 0.0 -59.5 1.0737865515199487 1 
0005 0004 2 1671005476876389 -41.5 -70.0 3.448388811166921 1 
0005 0004 3 1671005476899888 111.4375 -69.5 2.1905245651006955 1 
0005 0000 3 1671005476901558 52.0625 -59.5 4.522175362686871 1 
0005 0005 3 1671005476902699 30.875 -58.0 5.767767762450011 1 
0005 0006 3 1671005476904296 22.75 -69.5 3.08636934522591 1 
0005 0014 3 1671005476905604 -126.9375 -67.0 1.4726215563702154 1 
0005 0000 4 1671005476957363 52.0625 -68.5 1.2455923997631406 1 
0005 0005 4 1671005476961406 -22.75 -69.5 6.252505691421874 1 
0005 0004 4 1671005476964275 -97.625 -72.5 1.1474176293384597 1 
0005 0014 4 1671005476965904 -61.8125 -65.0 1.9266798695843652 1 
0005 0015 4 1671005476968647 -32.5 -67.0 1.4419419406125027 1 
0005 0007 4 1671005476969740 81.375 -68.0 2.405281875404685 1 
0005 0006 6 1671005477044931 81.375 -72.5 1.8039614065535141 1 
0005 0005 6 1671005477052796 52.0625 -67.0 2.36846633649543 1 
0005 0004 7 1671005477078396 52.0625 -68.0 5.190990986205009 1 
0005 0006 8 1671005477125531 -16.25 -63.0 0.19634954084936207 1 
0005 0007 1 1671005477346199 -13.0 -71.0 4.037437433715008 1 
0005 0014 1 1671005477348216 -52.0625 -63.0 3.2090878082567613 1 
0005 0006 1 1671005477349133 -42.3125 -61.0 4.154019973594316 1 
0005 0004 1 1671005477352219 -38.1875 -59.5 4.086524818927348 1 
0005 0015 1 1671005477353199 -48.8125 -64.0 1.3192234775816514 1 
0005 0006 2 1671005477391775 -29.25 -59.5 1.1106020904292042 1 
0005 0005 3 1671005477436148 -7.3125 -58.0 5.651185222570702 1 
0005 0004 3 1671005477441079 90.3125 -70.5 2.386874105950058 1 
0005 0000 3 1671005477443404 -9.75 -58.5 4.589670517353839 1 
0005 0014 3 1671005477446142 35.75 -67.0 1.5953400194010667 1 
0005 0006 3 1671005477447461 113.875 -70.5 2.82252464970958 1 
0005 0014 4 1671005477475932 0.0 -65.0 1.846912868614312 1 
0005 0015 4 1671005477479184 -22.75 -67.5 1.4726215563702154 1 
0005 0007 4 1671005477481507 48.8125 -66.5 2.478912953223196 1 
0005 0004 4 1671005477484607 -7.3125 -71.0 0.9019807032767571 1 
0005 0000 4 1671005477488887 0.0 -68.0 1.4296700943094176 1 
0005 0005 4 1671005477490267 45.5625 -69.5 5.964117303299373 1 
0005 0003 4 1671005477493730 -234.3125 -76.0 3.043417883165112 1 
0005 0006 6 1671005477559914 48.8125 -71.5 1.9512235621905356 1 
0005 0005 6 1671005477567812 -7.3125 -69.5 2.82252464970958 1 
0005 0004 7 1671005477596253 -17.0625 -67.5 5.583690067903734 1 
0005 0006 8 1671005477650792 -19.5 -63.0 0.2638446955163303 1 
0005 0007 1 1671005477877304 -26.0 -70.0 4.031301510563465 1 
0005 0014 1 1671005477881364 -32.5 -63.0 3.2581751934691017 1 
0005 0015 1 1671005477886137 -6.5 -64.0 1.2701360923693108 1 
0005 0004 1 1671005477887879 -30.875 -59.0 4.04357335686655 1 
0005 0006 1 1671005477890016 -6.5 -60.5 4.123340357836604 1 
0005 0004 2 1671005477916178 143.1875 -73.0 3.6079228131070282 1 
0005 0006 2 1671005477924224 3.25 -59.0 1.0921943209745766 1 
0005 0014 3 1671005477947161 -45.5625 -66.5 1.748738098189631 1 
0005 0000 3 1671005477948251 6.5 -58.5 4.516039439535327 1 
0005 0005 3 1671005477950303 -71.5625 -57.5 5.6941366846315 1 
0005 0006 3 1671005477953396 48.8125 -71.5 2.9820586516496865 1 
0005 0015 4 1671005477991171 -19.5 -67.5 1.4971652489763858 1 
0005 0005 4 1671005477992162 -41.5 -70.0 6.074563920027139 1 
0005 0014 4 1671005477993862 13.0 -66.0 1.9082721001297376 1 
0005 0007 4 1671005477994813 -32.5 -66.0 2.60776733940559 1 
0005 0000 4 1671005477997711 39.0 -68.5 1.3008157081270237 1 
0005 0006 6 1671005478065858 110.625 -71.5 1.761009944492716 1 
0005 0005 6 1671005478077992 27.625 -69.5 2.890019804376548 1 
0005 0004 7 1671005478116082 -3.25 -67.5 5.688000761479957 1 
0005 0006 8 1671005478157954 -32.5 -62.5 0.3190680038802134 1 
0005 0014 1 1671005478377608 22.75 -63.5 3.153864499892878 1 
0005 0006 1 1671005478379387 0.0 -61.0 4.111068511533518 1 
0005 0004 1 1671005478382538 17.0625 -59.5 3.9638063558964967 1 
0005 0015 1 1671005478388691 58.5625 -64.5 1.1780972450961724 1 
0005 0007 1 1671005478390028 -100.875 -70.5 4.184699589352029 1 
0005 0006 2 1671005478419701 6.5 -59.0 1.0676506283684062 1 
0005 0004 2 1671005478424978 100.875 -69.0 3.847223816017188 1 
0005 0014 3 1671005478456668 -52.0625 -66.5 1.736466251886546 1 
0005 0005 3 1671005478457613 -73.1875 -58.0 5.638913376267617 1 
0005 0000 3 1671005478469223 -3.25 -59.0 4.417864669110647 1 
0005 0006 3 1671005478473438 149.6875 -70.0 2.730485802436441 1 
0005 0015 4 1671005478497659 39.0 -66.5 1.380582709097077 1 
0005 0007 4 1671005478503778 74.8125 -66.0 2.435961491162398 1 
0005 0005 4 1671005478506426 -19.5 -70.0 6.019340611663256 1 
0005 0000 4 1671005478507602 26.0 -67.5 1.2517283229146832 1 
0005 0014 4 1671005478510154 32.5 -65.0 1.8714565612204823 1 
