0002 0013 1 1670747880767502 87.875 -71.0 0.6013204688511713 12 
0002 0007 1 1670747880769303 136.6875 -70.0 1.9205439464328227 12 
0002 0015 1 1670747880775754 295.375 -71.5 5.166447293598839 12 
0002 0005 1 1670747880783065 -117.9375 -70.5 0.25770877236478773 12 
0002 0004 2 1670747880845168 130.1875 -68.5 3.509748042682347 12 
0002 0014 2 1670747880850409 -172.5 -69.5 5.166447293598839 12 
0002 0007 3 1670747880885937 -26.0 -56.5 2.1659808724945253 12 
0002 0009 3 1670747880895283 -26.0 -64.0 2.1598449493429825 12 
0002 0008 3 1670747880897550 42.3125 -62.5 3.6447383520162835 12 
0002 0015 3 1670747880898455 -135.0625 -69.0 3.08636934522591 12 
0002 0013 3 1670747880903971 -3.25 -56.5 0.4540583132141498 12 
0002 0005 3 1670747880910581 0.0 -59.5 1.1474176293384597 12 
0002 0011 3 1670747880915172 162.75 -68.0 1.761009944492716 12 
0002 0014 3 1670747880918132 -100.875 -66.5 0.1595340019401067 12 
0002 0004 3 1670747880919125 -91.125 -64.0 3.129320807286708 12 
0002 0004 4 1670747880967107 26.0 -69.5 3.448388811166921 12 
0002 0010 4 1670747880968310 45.5625 -64.0 0.8713010875190442 12 
0002 0008 4 1670747880970190 19.5 -62.0 3.9085830475326135 12 
0002 0015 4 1670747880977872 13.8125 -54.5 1.0983302441261191 12 
0002 0011 4 1670747880978852 48.8125 -65.0 0.9081166264282996 12 
0002 0009 4 1670747880981983 52.0625 -67.5 4.558990901596125 12 
0002 0014 4 1670747880984585 -35.75 -62.0 3.2949907323783574 12 
0002 0005 4 1670747880987938 -10.5625 -49.0 3.822680123411018 12 
0002 0013 4 1670747880995393 -13.0 -57.5 5.460971604872882 12 
0002 0007 4 1670747880996627 -13.0 -57.5 2.3439226438892597 12 
0002 0000 4 1670747880999904 48.8125 -67.5 5.252350217720435 12 
0002 0003 4 1670747881005882 100.875 -73.0 0.6504078540635119 12 
0002 0001 4 1670747881012379 -146.4375 -75.0 2.6323110320117604 12 
0002 0007 5 1670747881061778 26.0 -69.0 1.239456476611598 12 
0002 0005 6 1670747881121199 93.5625 -70.0 0.46019423636569234 12 
0002 0013 6 1670747881123619 84.625 -68.0 4.460816131171445 12 
0002 0012 1 1670747881491088 -6.5 -64.0 0.521553467881118 12 
0002 0004 1 1670747881498314 -52.0625 -69.5 1.6382914814618648 12 
0002 0013 1 1670747881519068 345.0 -71.5 3.215223731408304 12 
0002 0015 1 1670747881525317 -52.0625 -69.0 2.018718716857504 12 
0002 0005 3 1670747881640809 30.875 -59.5 4.460816131171445 12 
0002 0004 3 1670747881643744 -13.0 -65.0 2.012582793705961 12 
0002 0013 3 1670747881646639 0.0 -61.0 1.7548740213411735 12 
0002 0007 3 1670747881649005 9.75 -59.5 3.9515345095934116 12 
0002 0011 3 1670747881649971 81.375 -61.0 2.024854640009046 12 
0002 0008 3 1670747881651245 -22.75 -64.0 2.313243028131547 12 
0002 0015 3 1670747881657145 61.8125 -62.5 2.270291566070749 12 
0002 0012 3 1670747881663609 -45.5625 -63.5 3.8533597391687304 12 
0002 0014 3 1670747881674160 -29.25 -69.5 4.325825821837508 12 
0002 0009 3 1670747881678782 130.1875 -68.5 0.8835729338221293 12 
0002 0005 4 1670747881716954 21.125 -49.0 2.7857091108003242 12 
0002 0010 4 1670747881720942 -35.75 -66.5 0.09817477042468103 12 
0002 0000 4 1670747881727972 -32.5 -67.0 4.509903516383785 12 
0002 0013 4 1670747881733257 0.0 -58.5 6.2034183062095325 12 
0002 0007 4 1670747881736379 -19.5 -59.0 0.380427235395639 12 
0002 0004 4 1670747881737315 48.8125 -72.0 2.564815877344792 12 
0002 0014 4 1670747881741286 13.0 -65.5 0.9019807032767571 12 
0002 0008 4 1670747881742997 3.25 -61.5 2.5893595699509624 12 
0002 0015 4 1670747881745235 -3.25 -54.5 0.6872233929727672 12 
0002 0011 4 1670747881748283 45.5625 -68.0 5.878214379177777 12 
0002 0009 4 1670747881750166 22.75 -66.5 3.8963112012295285 12 
0002 0003 4 1670747881770198 -286.4375 -75.5 6.14819499784565 12 
0002 0007 5 1670747881804692 6.5 -63.0 1.7732817907958012 12 
0002 0015 5 1670747881812824 -55.3125 -67.0 5.577554144752192 12 
0002 0005 6 1670747881892850 -114.6875 -70.5 1.564660403643354 12 
0002 0013 6 1670747881893784 35.75 -70.0 4.448544284868359 12 
0002 0015 6 1670747881894999 -9.75 -68.0 1.6935147898257479 12 
0002 0015 1 1670747882310937 163.5625 -70.0 1.2885438618239387 12 
0002 0012 1 1670747882324757 16.25 -62.5 0.5092816215780329 12 
0002 0007 3 1670747882437383 -29.25 -57.5 4.09266074207889 12 
0002 0011 3 1670747882442121 -52.0625 -65.0 1.2026409377023426 12 
0002 0008 3 1670747882443066 3.25 -63.0 1.6014759425526093 12 
0002 0012 3 1670747882444044 -32.5 -66.5 2.736621725587984 12 
0002 0014 3 1670747882445515 19.5 -66.0 4.503767593232243 12 
0002 0009 3 1670747882448941 -273.375 -67.5 1.9757672547967058 12 
0002 0005 3 1670747882455666 -7.3125 -57.5 4.172427743048944 12 
0002 0015 3 1670747882456626 3.25 -58.0 4.454680208019902 12 
0002 0013 3 1670747882459141 104.125 -70.5 1.2578642460662257 12 
0002 0004 3 1670747882462927 -32.5 -63.0 2.1905245651006955 12 
0002 0000 4 1670747882525971 78.0625 -68.5 3.5711072741977725 12 
0002 0013 4 1670747882532092 26.0 -64.5 5.368932757599744 12 
0002 0015 4 1670747882533050 17.0625 -60.5 2.662990647769473 12 
0002 0005 4 1670747882539652 7.3125 -48.0 1.9082721001297376 12 
0002 0008 4 1670747882544421 48.8125 -64.0 1.5278448647340985 12 
0002 0009 4 1670747882547235 6.5 -66.5 2.8838838812250054 12 
0002 0010 4 1670747882548383 -35.75 -66.0 5.049864753719531 12 
0002 0007 4 1670747882549331 -13.0 -55.5 0.1902136176978195 12 
0002 0011 4 1670747882558986 58.5625 -66.0 5.565282298449106 12 
0002 0007 5 1670747882615437 68.3125 -69.0 1.3008157081270237 12 
0002 0005 5 1670747882620985 22.75 -72.0 0.23930100291016002 12 
0002 0015 5 1670747882646518 83.0 -69.0 0.5092816215780329 12 
0002 0012 6 1670747882703490 -81.375 -70.0 3.6201946594101133 12 
0002 0007 8 1670747882839662 6.5 -73.0 1.521708941582556 12 
0002 0005 1 1670747883104409 41.5 -71.5 5.301437602932776 12 
0002 0007 2 1670747883171302 328.75 -71.0 5.289165756629691 12 
0002 0008 3 1670747883246925 42.3125 -66.0 2.3623304133438876 12 
0002 0010 3 1670747883254307 74.8125 -68.0 4.448544284868359 12 
0002 0005 3 1670747883256822 -79.75 -58.5 4.4362724385652745 12 
0002 0012 3 1670747883261632 -13.0 -58.0 3.6140587362585705 12 
0002 0004 3 1670747883263037 -52.0625 -61.0 4.06811704947272 12 
0002 0011 3 1670747883268716 45.5625 -62.5 1.8100973297050567 12 
0002 0013 3 1670747883270187 -13.0 -60.5 0.9019807032767571 12 
0002 0007 3 1670747883272325 13.0 -58.0 4.626486056263094 12 
0002 0015 3 1670747883281393 55.3125 -64.5 0.7792622402459057 12 
0002 0014 3 1670747883291938 -149.6875 -67.5 4.896466674930966 12 
0002 0004 4 1670747883341571 -35.75 -66.0 4.841243366567084 12 
0002 0008 4 1670747883343765 -48.8125 -62.5 2.5770877236478773 12 
0002 0007 4 1670747883348593 6.5 -56.5 5.957981380147831 12 
0002 0013 4 1670747883354876 -16.25 -65.5 3.730641276137879 12 
0002 0015 4 1670747883356350 48.8125 -61.5 0.9203884727313847 12 
0002 0005 4 1670747883359188 3.25 -49.5 2.024854640009046 12 
0002 0000 4 1670747883363562 -107.375 -70.0 4.503767593232243 12 
0002 0012 4 1670747883367711 9.75 -67.0 1.1965050145508 12 
0002 0009 4 1670747883369984 -84.625 -70.0 3.3318062712876126 12 
0002 0010 4 1670747883371400 -104.125 -65.0 6.2034183062095325 12 
0002 0014 4 1670747883373536 -29.25 -72.0 0.32520392703175593 12 
0002 0011 4 1670747883375643 -61.8125 -70.0 5.915029918087033 12 
0002 0001 4 1670747883380860 104.125 -74.5 2.4727770300716534 12 
0002 0003 4 1670747883383806 13.0 -74.0 5.2339424482658075 12 
0002 0007 5 1670747883429334 68.3125 -66.0 5.166447293598839 12 
0002 0012 6 1670747883481134 6.5 -63.5 3.2336315008629315 12 
0002 0005 6 1670747883485033 3.25 -65.0 2.7979809571034093 12 
0002 0014 8 1670747883605498 -166.0 -71.5 2.9697868053466014 12 
0002 0013 1 1670747883870154 -45.5625 -68.0 0.04908738521234052 12 
0002 0007 1 1670747883895906 -100.875 -71.0 0.7424467013366504 12 
0002 0007 3 1670747884021057 -22.75 -59.0 0.22089323345553233 12 
0002 0004 3 1670747884024094 48.8125 -60.0 3.7122335066832517 12 
0002 0005 3 1670747884025973 -3.25 -57.5 5.700272607783043 12 
0002 0013 3 1670747884031711 -19.5 -61.0 5.773903685601553 12 
0002 0011 3 1670747884035201 6.5 -66.0 1.9819031779482483 12 
0002 0008 3 1670747884036350 94.375 -64.5 2.6691265709210157 12 
0002 0015 3 1670747884045309 3.25 -70.0 2.116893487282185 12 
0002 0009 3 1670747884069448 0.0 -67.5 1.0185632431560658 12 
0002 0010 4 1670747884106891 -29.25 -64.5 1.3314953238847365 12 
0002 0013 4 1670747884108968 -16.25 -57.5 5.6143696836614465 12 
0002 0008 4 1670747884115028 -3.25 -61.0 3.8840393549264434 12 
0002 0014 4 1670747884115934 13.0 -59.0 4.28287435977671 12 
0002 0011 4 1670747884118114 16.25 -64.0 0.7915340865489908 12 
0002 0004 4 1670747884123338 -32.5 -68.5 3.7551849687440497 12 
0002 0007 4 1670747884127559 -13.0 -59.0 1.4542137869155878 12 
0002 0000 4 1670747884131117 -35.75 -66.0 6.19728238305799 12 
0002 0003 4 1670747884132057 -58.5625 -68.0 1.3989904785517047 12 
0002 0015 4 1670747884133245 19.5 -53.5 1.3008157081270237 12 
0002 0005 4 1670747884134446 3.25 -48.5 3.2520392703175593 12 
0002 0009 4 1670747884152953 -283.1875 -69.5 4.1417481272912315 12 
0002 0013 5 1670747884198347 -45.5625 -67.0 5.829126993965437 12 
0002 0005 5 1670747884201984 -87.0625 -67.5 6.166602767300278 12 
0002 0007 5 1670747884203175 -81.375 -66.0 1.902136176978195 12 
0002 0015 5 1670747884209685 208.3125 -71.0 2.1782527187976104 12 
0002 0005 6 1670747884250796 45.5625 -67.0 1.8162332528565992 12 
0002 0015 6 1670747884267015 -74.8125 -70.0 1.9634954084936207 12 
0002 0013 6 1670747884273616 6.5 -71.0 4.485359823777615 12 
0002 0012 1 1670747884673365 42.3125 -59.5 5.289165756629691 12 
0002 0015 1 1670747884678151 133.4375 -66.5 2.0800779483729293 12 
0002 0013 1 1670747884689389 -3.25 -70.5 2.7120780329818137 12 
0002 0012 2 1670747884747304 -65.0625 -66.5 0.859029241215959 12 
0002 0004 3 1670747884776000 -29.25 -60.5 3.411573272257666 12 
0002 0013 3 1670747884777216 -42.3125 -62.0 3.055689729468197 12 
0002 0012 3 1670747884778178 55.3125 -66.5 2.055534255766759 12 
0002 0010 3 1670747884782749 162.75 -67.5 4.896466674930966 12 
0002 0008 3 1670747884785694 32.5 -65.0 1.9819031779482483 12 
0002 0005 3 1670747884788562 -34.9375 -58.0 4.454680208019902 12 
0002 0015 3 1670747884795329 -16.25 -59.0 2.8409324191642074 12 
0002 0011 3 1670747884801813 84.625 -63.0 2.055534255766759 12 
0002 0007 3 1670747884806830 -39.0 -59.0 5.307573526084319 12 
0002 0014 3 1670747884834232 -26.0 -68.5 4.025165587411922 12 
0002 0007 4 1670747884877430 -3.25 -57.0 6.013204688511713 12 
0002 0003 4 1670747884880928 -6.5 -74.0 5.712544454086128 12 
0002 0015 4 1670747884886024 10.5625 -61.0 0.5706408530934585 12 
0002 0005 4 1670747884890179 21.125 -51.0 2.8838838812250054 12 
0002 0008 4 1670747884895523 39.0 -64.0 2.435961491162398 12 
0002 0014 4 1670747884897437 45.5625 -66.5 0.944932165337555 12 
0002 0000 4 1670747884899378 -84.625 -71.0 4.1601558967458585 12 
0002 0013 4 1670747884901078 -13.0 -65.5 1.0062913968529805 12 
0002 0012 4 1670747884902055 -84.625 -68.5 1.6014759425526093 12 
0002 0011 4 1670747884913680 117.125 -68.5 6.154330920997192 12 
0002 0010 4 1670747884916268 32.5 -65.5 0.3865631585471816 12 
0002 0004 4 1670747884921583 -55.3125 -67.5 4.06811704947272 12 
0002 0009 4 1670747884928271 -68.3125 -71.0 4.227651051412827 12 
0002 0015 5 1670747884976255 -38.1875 -70.5 2.6568547246179306 12 
0002 0007 5 1670747884979728 -3.25 -62.0 2.791845033951867 12 
0002 0005 5 1670747884996349 59.375 -71.5 0.12885438618239387 12 
0002 0005 6 1670747885063961 9.75 -67.0 1.2087768608538851 12 
0002 0015 6 1670747885067372 0.0 -65.0 2.8716120349219203 12 
