0002 0007 1 1670748562568142 -182.25 -68.0 4.06811704947272 12 
0002 0015 1 1670748562571134 100.875 -63.0 6.166602767300278 12 
0002 0013 1 1670748562576133 74.8125 -62.5 1.4603497100671303 12 
0002 0005 1 1670748562582352 45.5625 -66.0 4.963961829597935 12 
0002 0013 2 1670748562671371 -52.0625 -68.0 4.724660826687775 12 
0002 0015 2 1670748562672272 7.3125 -68.5 6.1850105367549055 12 
0002 0007 2 1670748562674545 156.1875 -73.0 0.2454369260617026 12 
0002 0006 3 1670748562723273 -205.0625 -69.5 6.086835766330224 12 
0002 0014 3 1670748562732447 26.0 -60.5 5.730952223540755 12 
0002 0004 3 1670748562733411 -26.0 -59.0 4.878058905476339 12 
0002 0015 3 1670748562740152 -22.75 -65.5 2.8838838812250054 12 
0002 0010 3 1670748562753504 65.0625 -70.0 0.23316507975861744 12 
0002 0013 3 1670748562754439 113.875 -69.5 5.3627968344482015 12 
0002 0004 4 1670748562801160 -16.25 -60.0 4.822835597112456 12 
0002 0014 4 1670748562807111 22.75 -62.0 5.700272607783043 12 
0002 0015 4 1670748562828133 17.0625 -68.5 1.0246991663076084 12 
0002 0006 4 1670748562865413 35.75 -75.5 4.184699589352029 12 
0002 0007 5 1670748562912274 6.5 -65.0 0.9878836273983529 12 
0002 0015 5 1670748562916267 130.1875 -70.5 6.166602767300278 12 
0002 0004 5 1670748562947727 120.4375 -71.5 6.135923151542564 12 
0002 0013 5 1670748562957709 -6.5 -69.0 0.9203884727313847 12 
0002 0007 6 1670748562988704 9.75 -63.0 2.9943304979527716 12 
0002 0010 6 1670748562998386 9.75 -67.5 0.07976700097005335 12 
0002 0013 6 1670748563005773 9.75 -59.5 4.09266074207889 12 
0002 0004 6 1670748563008906 -42.3125 -61.0 5.123495831538041 12 
0002 0014 6 1670748563009913 52.0625 -66.0 2.552544031041707 12 
0002 0012 6 1670748563010887 -22.75 -65.5 0.7792622402459057 12 
0002 0015 6 1670748563018873 -173.3125 -72.5 2.8716120349219203 12 
0002 0005 6 1670748563022276 0.0 -65.0 0.23930100291016002 12 
0002 0005 7 1670748563093371 -13.8125 -70.0 1.7916895602504288 12 
0002 0005 8 1670748563125982 -27.625 -69.5 5.295301679781233 12 
0002 0007 8 1670748563156919 -52.0625 -71.5 0.9878836273983529 12 
0002 0015 1 1670748563380805 81.375 -64.0 1.0062913968529805 12 
0002 0013 1 1670748563387778 -58.5625 -73.0 5.602097837358362 12 
0002 0007 1 1670748563392083 6.5 -61.0 0.2454369260617026 12 
0002 0012 1 1670748563412620 -286.4375 -71.0 4.424000592262189 12 
0002 0008 1 1670748563430186 3.25 -73.5 0.3129320807286708 12 
0002 0013 2 1670748563485993 -45.5625 -71.0 5.675728915176872 12 
0002 0005 2 1670748563490392 263.625 -70.5 3.448388811166921 12 
0002 0015 3 1670748563546064 74.8125 -63.5 1.7855536370988863 12 
0002 0004 3 1670748563547849 -3.25 -55.0 4.252194744018997 12 
0002 0006 3 1670748563549253 -315.6875 -71.0 4.871922982324796 12 
0002 0007 3 1670748563558699 -126.9375 -72.0 6.092971689481767 12 
0002 0014 3 1670748563559931 276.625 -69.0 2.6261751088602177 12 
0002 0012 3 1670748563563956 -7.3125 -69.0 5.3627968344482015 12 
0002 0010 3 1670748563571959 22.75 -68.5 1.227184630308513 12 
0002 0014 4 1670748563640617 48.8125 -65.0 4.23378697456437 12 
0002 0004 4 1670748563644369 -68.3125 -61.0 4.755340442445488 12 
0002 0015 4 1670748563651071 19.5 -66.5 1.6137477888556946 12 
0002 0006 4 1670748563671129 -91.125 -74.0 3.9822141253511245 12 
0002 0008 5 1670748563721131 299.4375 -72.0 5.325981295538946 12 
0002 0007 5 1670748563733328 -55.3125 -66.5 5.252350217720435 12 
0002 0004 6 1670748563797654 3.25 -63.0 4.276738436625168 12 
0002 0007 6 1670748563799781 -117.125 -64.5 3.9085830475326135 12 
0002 0005 6 1670748563824498 0.0 -68.0 4.693981210930062 12 
0002 0013 6 1670748563828910 -19.5 -72.0 2.718213956133356 12 
0002 0005 7 1670748563896496 76.4375 -67.0 2.9145634969827183 12 
0002 0007 7 1670748563914532 -19.5 -69.5 0.8406214717613314 12 
0002 0005 8 1670748563954288 -7.3125 -63.0 5.368932757599744 12 
0002 0013 8 1670748563959582 -9.75 -59.0 1.1719613219446299 12 
0002 0015 8 1670748563961730 -34.9375 -65.0 5.043728830567988 12 
0002 0007 8 1670748563965595 -3.25 -69.5 3.2336315008629315 12 
0002 0007 1 1670748564210064 13.0 -64.0 0.9572040116406401 12 
0002 0015 1 1670748564216702 24.375 -64.0 1.3744467859455345 12 
0002 0012 1 1670748564226028 -19.5 -70.5 5.608233760509904 12 
0002 0015 2 1670748564285318 -76.4375 -69.5 4.534447208989955 12 
0002 0007 2 1670748564287982 -16.25 -67.0 0.47860200582032003 12 
0002 0013 3 1670748564357757 58.5625 -69.5 2.552544031041707 12 
0002 0004 3 1670748564364020 19.5 -54.5 5.730952223540755 12 
0002 0007 3 1670748564370020 3.25 -65.0 0.2454369260617026 12 
0002 0014 3 1670748564375337 -100.875 -67.5 3.06182565261974 12 
0002 0006 3 1670748564392605 -107.375 -72.0 5.626641529964532 12 
0002 0005 3 1670748564396657 48.8125 -68.0 0.05522330836388308 12 
0002 0014 4 1670748564464536 -113.875 -72.5 4.025165587411922 12 
0002 0004 4 1670748564465737 6.5 -57.5 0.619728238305799 12 
0002 0007 4 1670748564467184 32.5 -69.5 1.5585244804918115 12 
0002 0015 4 1670748564493331 39.0 -68.5 0.8774370106705868 12 
0002 0006 4 1670748564497540 32.5 -73.5 5.117359908386499 12 
0002 0012 5 1670748564537208 -81.375 -69.5 6.234097921967246 12 
0002 0007 5 1670748564553191 -58.5625 -72.0 1.2455923997631406 12 
0002 0005 6 1670748564607701 -3.25 -69.0 0.47860200582032003 12 
0002 0007 6 1670748564634806 -39.0 -69.5 2.6323110320117604 12 
0002 0005 7 1670748564676524 45.5625 -66.0 3.6079228131070282 12 
0002 0007 7 1670748564692271 126.9375 -67.0 1.1719613219446299 12 
0002 0007 8 1670748564749849 -104.125 -70.0 5.289165756629691 12 
0002 0005 8 1670748564750768 -52.0625 -61.0 6.092971689481767 12 
0002 0013 8 1670748564762222 9.75 -68.0 1.4051264017032472 12 
0002 0015 8 1670748564765356 65.875 -63.5 0.47860200582032003 12 
0002 0015 1 1670748565006227 93.5625 -63.5 5.086680292628786 12 
0002 0013 1 1670748565022161 -26.0 -64.0 2.9575149590435164 12 
0002 0007 1 1670748565024041 13.0 -66.5 3.5956509668039427 12 
0002 0005 1 1670748565027394 125.3125 -69.0 5.203262832508095 12 
0002 0013 2 1670748565067766 113.875 -69.0 5.8475347634200645 12 
0002 0005 2 1670748565075855 -65.0625 -67.0 4.006757817957295 12 
0002 0015 2 1670748565088860 -93.5625 -70.0 5.688000761479957 12 
0002 0015 3 1670748565137133 52.0625 -68.5 1.748738098189631 12 
0002 0007 3 1670748565144893 195.25 -66.5 4.908738521234052 12 
0002 0004 3 1670748565156434 19.5 -57.0 5.50392306693368 12 
0002 0014 3 1670748565165365 -100.875 -65.5 3.7122335066832517 12 
0002 0006 3 1670748565174892 218.0625 -70.5 5.252350217720435 12 
0002 0014 4 1670748565221365 -68.3125 -68.5 3.5833791205008576 12 
0002 0004 4 1670748565227517 26.0 -58.5 6.258641614573416 12 
0002 0007 4 1670748565251536 -3.25 -70.0 2.141437179888355 12 
0002 0004 5 1670748565282365 -9.75 -67.0 1.8837284075235674 12 
0002 0012 5 1670748565285385 -65.0625 -68.0 1.7303303287350031 12 
0002 0015 5 1670748565306940 -69.125 -67.5 0.4295146206079795 12 
0002 0012 6 1670748565376707 19.5 -65.5 5.5100589900852235 12 
0002 0004 6 1670748565387958 -32.5 -62.5 4.700117134081604 12 
0002 0007 7 1670748565440885 -9.75 -66.5 4.246058820867455 12 
0002 0013 7 1670748565458964 -185.5 -72.5 5.0253210611133605 12 
0002 0011 8 1670748565508321 -110.625 -70.5 5.835262917116979 12 
0002 0007 8 1670748565511641 26.0 -64.5 1.2087768608538851 12 
0002 0005 8 1670748565512631 41.5 -61.0 5.5284667595398505 12 
0002 0015 8 1670748565514952 -6.5 -60.0 0.28225246497095796 12 
0002 0014 8 1670748565521811 26.0 -68.0 4.221515128261284 12 
0002 0013 8 1670748565529502 84.625 -73.0 5.798447378207723 12 
0002 0008 8 1670748565531539 -126.9375 -76.0 0.4908738521234052 12 
0002 0015 1 1670748565758037 -6.5 -65.5 6.1420590746941075 12 
0002 0007 1 1670748565762469 -35.75 -70.0 6.240233845118788 12 
0002 0005 1 1670748565770535 -21.125 -67.0 0.30679615757712825 12 
0002 0013 1 1670748565790323 -162.75 -71.5 4.424000592262189 12 
0002 0005 2 1670748565833525 55.3125 -64.0 5.706408530934585 12 
0002 0015 2 1670748565840189 3.25 -68.0 0.11044661672776616 12 
0002 0014 2 1670748565893975 -29.25 -70.5 6.050020227420969 12 
0002 0006 3 1670748565915865 -29.25 -70.0 5.915029918087033 12 
0002 0010 3 1670748565920778 0.0 -66.0 2.030990563160589 12 
0002 0014 3 1670748565925094 -22.75 -62.5 4.104932588381976 12 
0002 0013 3 1670748565926002 -29.25 -66.5 6.129787228391022 12 
0002 0015 3 1670748565930723 -65.875 -67.0 2.1537090261914402 12 
0002 0004 3 1670748565935616 -3.25 -61.5 5.47937937432751 12 
0002 0014 4 1670748565987945 16.25 -67.5 2.411417798556228 12 
0002 0004 4 1670748565998639 -22.75 -58.5 5.049864753719531 12 
0002 0006 4 1670748566004372 0.0 -74.0 3.80427235395639 12 
0002 0015 4 1670748566011561 21.125 -66.5 0.803805932852076 12 
0002 0004 5 1670748566056456 19.5 -68.5 5.2768939103266055 12 
0002 0015 5 1670748566058748 -10.5625 -64.0 4.693981210930062 12 
0002 0012 5 1670748566105171 110.625 -71.0 0.3865631585471816 12 
0002 0004 6 1670748566152486 -13.0 -62.0 3.1231848841351653 12 
0002 0012 6 1670748566153506 -35.75 -61.5 4.945554060143307 12 
0002 0007 7 1670748566208298 48.8125 -68.5 1.718058482431918 12 
0002 0015 8 1670748566279884 -104.125 -70.0 4.264466590322082 12 
0002 0005 8 1670748566294226 3.25 -62.5 0.05522330836388308 12 
0002 0013 1 1670748566525180 52.0625 -68.0 2.2948352586769194 12 
0002 0011 1 1670748566532619 68.3125 -66.5 0.6688156235181395 12 
0002 0015 1 1670748566537091 -19.5 -64.5 0.859029241215959 12 
0002 0007 1 1670748566541209 16.25 -68.5 2.834796496012665 12 
0002 0005 1 1670748566542398 79.75 -69.0 5.7616318392984684 12 
0002 0014 2 1670748566598437 19.5 -67.0 5.129631754689584 12 
0002 0005 2 1670748566605096 -38.1875 -66.5 4.92714629068868 12 
0002 0015 2 1670748566615640 -30.875 -66.5 0.3620194659410113 12 
0002 0004 3 1670748566678114 -39.0 -59.5 6.062292073724054 12 
0002 0014 3 1670748566683189 -35.75 -59.5 4.154019973594316 12 
0002 0010 3 1670748566704242 74.8125 -68.0 2.000310947402876 12 
0002 0006 3 1670748566732190 74.8125 -71.0 6.234097921967246 12 
0002 0014 4 1670748566775110 -16.25 -61.5 4.743068596142402 12 
0002 0015 4 1670748566778663 58.5625 -68.5 0.6381360077604268 12 
0002 0004 4 1670748566783848 -35.75 -60.5 3.9760782021995817 12 
0002 0006 4 1670748566800514 104.125 -73.5 3.2765829629237295 12 
0002 0004 6 1670748566927679 9.75 -70.0 1.8039614065535141 12 
0002 0007 6 1670748566933943 39.0 -67.0 1.4296700943094176 12 
0002 0013 6 1670748566938136 52.0625 -67.0 0.7792622402459057 12 
0002 0005 6 1670748566941428 26.0 -66.0 5.3627968344482015 12 
0002 0005 7 1670748566995799 211.5625 -70.5 1.859184714917397 12 
0002 0007 7 1670748567014762 45.5625 -70.0 4.301282129231338 12 
0002 0005 8 1670748567073072 7.3125 -64.5 4.97623367590102 12 
0002 0007 8 1670748567087993 48.8125 -68.0 0.9572040116406401 12 
0002 0015 8 1670748567097133 69.125 -70.0 0.859029241215959 12 
0002 0007 1 1670748567320917 74.8125 -64.5 1.3499030933393643 12 
0002 0013 1 1670748567330186 -78.0625 -67.5 3.442252888015379 12 
0002 0015 1 1670748567345617 3.25 -63.0 1.4173982480063325 12 
0002 0015 2 1670748567402604 73.1875 -67.0 2.2027964114037806 12 
0002 0007 3 1670748567459511 29.25 -67.5 5.71868037723767 12 
0002 0015 3 1670748567469952 41.5 -64.5 0.8713010875190442 12 
0002 0004 3 1670748567470945 -29.25 -58.5 0.30066023442558565 12 
0002 0010 3 1670748567471893 -42.3125 -64.5 2.399145952253143 12 
0002 0014 3 1670748567483953 0.0 -65.0 2.454369260617026 12 
0002 0013 3 1670748567494081 -107.375 -69.0 4.123340357836604 12 
0002 0009 3 1670748567507579 240.875 -72.0 2.2518837966161214 12 
