0004 0014 1 1670742148282013 -113.875 -64.5 3.9699422790480394 16 
0004 0003 1 1670742148286798 -22.75 -64.5 3.890175278077986 16 
0004 0001 1 1670742148306333 -34.9375 -58.5 3.098641191528995 16 
0004 0006 1 1670742148321380 -29.25 -66.5 1.2517283229146832 16 
0004 0003 2 1670742148345999 9.75 -62.0 4.374913207049849 16 
0004 0006 2 1670742148353799 162.75 -68.5 5.620505606812989 16 
0004 0014 2 1670742148371439 35.75 -61.0 3.067961575771282 16 
0004 0007 3 1670742148426310 -19.5 -70.0 2.748893571891069 16 
0004 0014 4 1670742148497867 39.0 -69.0 5.344389064993574 16 
0004 0014 5 1670742148578372 -71.5625 -70.5 3.80427235395639 16 
0004 0015 7 1670742148749818 -133.4375 -67.5 4.773748211900116 16 
0004 0001 7 1670742148752107 65.875 -68.5 5.681864838328415 16 
0004 0002 8 1670742148793272 -78.0625 -70.5 0.5890486225480862 16 
0004 0015 8 1670742148798508 34.9375 -69.5 0.9817477042468103 16 
0004 0006 8 1670742148803356 0.0 -64.5 5.356660911296659 16 
0004 0001 1 1670742149066569 13.8125 -59.0 2.9943304979527716 16 
0004 0003 1 1670742149083610 -3.25 -65.0 3.890175278077986 16 
0004 0006 1 1670742149088303 -68.3125 -67.0 1.3867186322486196 16 
0004 0014 1 1670742149102285 3.25 -64.5 3.8410878928656453 16 
0004 0003 2 1670742149144511 -22.75 -62.5 4.503767593232243 16 
0004 0014 2 1670742149146348 9.75 -61.5 3.0372819600135696 16 
0004 0006 2 1670742149168091 221.3125 -69.0 5.491651220630596 16 
0004 0007 3 1670742149235765 208.3125 -71.0 2.386874105950058 16 
0004 0014 4 1670742149292763 -35.75 -69.5 5.473243451175968 16 
0004 0014 5 1670742149389004 -91.125 -69.5 3.6999616603801666 16 
0004 0015 7 1670742149523635 156.1875 -67.5 4.430136515413731 16 
0004 0001 7 1670742149527623 52.0625 -69.5 5.638913376267617 16 
0004 0006 8 1670742149583638 -42.3125 -64.5 5.424156065963627 16 
0004 0002 8 1670742149596845 107.375 -71.0 0.3190680038802134 16 
0004 0001 1 1670742149832404 -3.25 -58.5 3.074097498922825 16 
0004 0003 1 1670742149848010 13.0 -65.0 3.890175278077986 16 
0004 0014 1 1670742149866202 -3.25 -64.5 3.902447124381071 16 
0004 0006 1 1670742149874849 84.625 -67.5 1.1535535524900022 16 
0004 0014 2 1670742149914402 -48.8125 -61.5 3.147728576741336 16 
0004 0006 2 1670742149918852 29.25 -69.5 5.559146375297564 16 
0004 0003 2 1670742149923206 -35.75 -62.5 4.528311285838413 16 
0004 0007 3 1670742149996505 234.3125 -71.0 2.442097414313941 16 
0004 0014 4 1670742150090166 58.5625 -70.0 5.2768939103266055 16 
0004 0014 5 1670742150175744 -104.125 -68.5 3.792000507653305 16 
0004 0001 7 1670742150300235 135.0625 -69.0 5.64504929941916 16 
0004 0015 7 1670742150303913 0.0 -69.5 4.595806440505381 16 
0004 0015 8 1670742150355724 48.8125 -70.0 1.000155473701438 16 
0004 0006 8 1670742150367231 6.5 -65.0 5.393476450205914 16 
0004 0002 8 1670742150371556 22.75 -70.5 0.42337869745643697 16 
0004 0003 1 1670742150614332 -68.3125 -65.0 3.859495662320273 16 
0004 0014 1 1670742150628915 -22.75 -64.5 4.006757817957295 16 
0004 0001 1 1670742150646123 -3.25 -58.5 3.172272269347506 16 
0004 0006 1 1670742150655882 -13.0 -67.5 1.2517283229146832 16 
0004 0014 2 1670742150700286 16.25 -61.5 3.1231848841351653 16 
0004 0003 2 1670742150702983 22.75 -62.0 4.381049130201391 16 
0004 0006 2 1670742150718253 -52.0625 -69.0 5.602097837358362 16 
0004 0007 3 1670742150799997 182.25 -71.5 2.36846633649543 16 
0004 0001 3 1670742150808444 197.6875 -71.0 0.03681553890925539 16 
0004 0014 4 1670742150875979 22.75 -70.0 5.3198453723874035 16 
0004 0014 5 1670742150922066 68.3125 -69.5 3.393165502803038 16 
0004 0015 7 1670742151091504 13.0 -67.5 4.632621979414636 16 
0004 0001 7 1670742151101551 -83.0 -70.0 5.976389149602458 16 
0004 0002 8 1670742151164827 68.3125 -70.5 0.47860200582032003 16 
0004 0015 8 1670742151171373 91.125 -70.0 0.8897088569736719 16 
0004 0006 8 1670742151175973 -39.0 -65.5 5.6143696836614465 16 
0004 0001 1 1670742151427838 24.375 -58.5 3.1784081924990484 16 
0004 0014 1 1670742151434323 13.0 -65.5 3.8288160465625602 16 
0004 0003 1 1670742151435656 -45.5625 -64.5 3.834951969714103 16 
0004 0006 1 1670742151444701 110.625 -68.0 1.141281706186917 16 
0004 0014 2 1670742151485349 -39.0 -62.5 3.160000423044421 16 
0004 0003 2 1670742151486557 -55.3125 -63.5 4.387185053352934 16 
0004 0006 2 1670742151512929 84.625 -69.5 5.730952223540755 16 
0004 0001 2 1670742151532579 -152.9375 -70.0 1.1903690913992575 16 
0004 0007 3 1670742151617875 -113.875 -71.0 2.742757648739526 16 
0004 0014 4 1670742151687255 -94.375 -70.5 5.577554144752192 16 
0004 0014 5 1670742151769241 -91.125 -71.0 4.01902966426038 16 
0004 0015 7 1670742151908080 -68.3125 -69.5 4.792155981354743 16 
0004 0001 7 1670742151917574 -21.125 -68.5 5.896622148632405 16 
0004 0015 8 1670742151959690 117.125 -70.0 0.8651651643675016 16 
0004 0006 8 1670742151975450 13.0 -65.5 5.497787143782138 16 
0004 0002 8 1670742151989993 -42.3125 -69.5 0.6320000846088841 16 
0004 0014 1 1670742152219872 -16.25 -64.5 3.9269908169872414 16 
0004 0006 1 1670742152232897 113.875 -67.5 1.1780972450961724 16 
0004 0003 1 1670742152245032 -26.0 -64.5 3.8840393549264434 16 
0004 0001 1 1670742152252550 3.25 -58.5 3.227495577711389 16 
0004 0006 2 1670742152288777 -74.8125 -69.0 5.681864838328415 16 
0004 0014 2 1670742152300221 32.5 -63.0 3.0066023442558567 16 
0004 0003 2 1670742152311125 -32.5 -63.0 4.4362724385652745 16 
0004 0001 2 1670742152353536 27.625 -70.5 0.9265243958829272 16 
0004 0007 3 1670742152430096 -74.8125 -69.5 2.5770877236478773 16 
0004 0014 4 1670742152517484 -29.25 -71.0 5.602097837358362 16 
0004 0014 5 1670742152580623 -9.75 -69.5 3.724505352986337 16 
0004 0001 7 1670742152709950 0.0 -69.0 5.878214379177777 16 
0004 0015 7 1670742152717713 128.5625 -68.5 4.565126824747668 16 
0004 0002 8 1670742152779602 -61.8125 -69.0 0.5522330836388308 16 
0004 0006 8 1670742152785877 42.3125 -62.0 5.283029833478148 16 
0004 0006 1 1670742153036916 26.0 -66.5 0.8467573949128739 16 
0004 0001 1 1670742153045711 -21.125 -58.0 3.368621810196868 16 
0004 0003 1 1670742153051922 3.25 -63.0 3.9392626632903265 16 
0004 0014 1 1670742153061777 65.0625 -66.0 3.9453985864418692 16 
0004 0015 1 1670742153064016 26.0 -68.5 4.184699589352029 16 
0004 0003 2 1670742153116831 19.5 -61.0 4.503767593232243 16 
0004 0014 2 1670742153117726 -29.25 -62.0 2.791845033951867 16 
0004 0006 2 1670742153128488 32.5 -66.0 5.252350217720435 16 
