0006 0010 1 1670748595108901 -65.0625 -71.0 4.301282129231338 10 
0006 0015 2 1670748595157101 17.0625 -64.0 1.3130875544301088 10 
0006 0004 2 1670748595159973 -9.75 -62.5 1.0676506283684062 10 
0006 0014 2 1670748595166750 -91.125 -70.0 4.123340357836604 10 
0006 0015 3 1670748595241795 -34.9375 -68.5 1.2762720155208536 10 
0006 0010 3 1670748595248372 110.625 -67.5 2.098485717827557 10 
0006 0004 3 1670748595261795 -87.875 -70.5 0.44178646691106466 10 
0006 0010 4 1670748595338621 -120.4375 -67.0 3.522019888985432 10 
0006 0008 4 1670748595340118 32.5 -73.5 2.5709518004963345 10 
0006 0014 5 1670748595410578 0.0 -69.5 1.4173982480063325 10 
0006 0011 5 1670748595432647 59.375 -67.0 2.9943304979527716 10 
0006 0000 6 1670748595492457 94.375 -71.5 2.386874105950058 10 
0006 0009 6 1670748595498272 26.0 -73.5 0.03681553890925539 10 
0006 0003 6 1670748595520462 0.0 -68.5 2.8286605728611223 10 
0006 0014 7 1670748595569482 -68.3125 -66.0 0.07976700097005335 10 
0006 0010 7 1670748595576430 68.3125 -67.0 3.6447383520162835 10 
0006 0009 7 1670748595587934 -146.4375 -69.0 4.853515212870168 10 
0006 0005 7 1670748595588924 -61.8125 -63.0 0.9572040116406401 10 
0006 0003 7 1670748595593713 -507.75 -70.0 3.1354567304382504 10 
0006 0011 7 1670748595596435 -104.125 -70.0 0.03681553890925539 10 
0006 0012 7 1670748595599491 -133.4375 -69.0 5.307573526084319 10 
0006 0003 8 1670748595644124 -55.3125 -65.5 4.01902966426038 10 
0006 0010 8 1670748595647282 -48.8125 -71.0 3.2213596545598464 10 
0006 0012 8 1670748595658778 16.25 -61.5 4.190835512503572 10 
0006 0000 8 1670748595659981 58.5625 -72.5 4.080388895775806 10 
0006 0005 8 1670748595666929 84.625 -69.5 0.2454369260617026 10 
0006 0010 1 1670748595893767 19.5 -70.0 2.7120780329818137 10 
0006 0012 1 1670748595900301 13.0 -66.0 4.325825821837508 10 
0006 0014 1 1670748595911674 35.75 -67.0 3.466796580621549 10 
0006 0015 2 1670748595975720 -38.1875 -64.0 1.2087768608538851 10 
0006 0014 2 1670748595979360 -55.3125 -66.0 3.06182565261974 10 
0006 0012 2 1670748595992988 13.0 -69.5 3.0127382674073995 10 
0006 0004 2 1670748595994162 -32.5 -68.5 2.5586799541932495 10 
0006 0012 3 1670748596056160 143.1875 -69.0 3.184544115650591 10 
0006 0010 3 1670748596092191 74.8125 -70.5 4.902602598082509 10 
0006 0007 4 1670748596140955 -215.625 -75.0 5.964117303299373 10 
0006 0014 4 1670748596143773 -26.0 -66.0 0.01227184630308513 10 
0006 0010 4 1670748596148135 -94.375 -69.0 5.209398755659637 10 
0006 0012 4 1670748596160712 -9.75 -68.0 4.608078286808466 10 
0006 0004 4 1670748596165164 48.8125 -71.5 5.915029918087033 10 
0006 0008 4 1670748596174122 3.25 -70.5 6.2034183062095325 10 
0006 0009 5 1670748596214320 -146.4375 -69.0 4.0558452031696355 10 
0006 0014 5 1670748596215451 -9.75 -63.0 5.313709449235861 10 
0006 0004 5 1670748596230781 319.0 -73.0 5.043728830567988 10 
0006 0003 5 1670748596252670 38.1875 -72.0 0.23316507975861744 10 
0006 0010 5 1670748596267186 -94.375 -72.0 4.71238898038469 10 
0006 0009 6 1670748596312388 9.75 -71.0 5.737088146692298 10 
0006 0010 6 1670748596314200 45.5625 -66.5 5.019185137961818 10 
0006 0008 6 1670748596315599 -69.125 -69.5 2.9513790358919736 10 
0006 0014 6 1670748596327987 45.5625 -68.0 1.1658253987930873 10 
0006 0003 6 1670748596335507 17.0625 -65.0 3.5833791205008576 10 
0006 0000 6 1670748596336428 -152.9375 -71.0 3.8963112012295285 10 
0006 0009 7 1670748596388660 218.0625 -73.0 0.7485826244881929 10 
0006 0005 7 1670748596390587 -55.3125 -66.0 4.000621894805752 10 
0006 0013 7 1670748596393077 -9.75 -63.0 2.0923497946760143 10 
0006 0014 7 1670748596394255 -29.25 -58.5 3.890175278077986 10 
0006 0015 8 1670748596467945 30.875 -65.0 1.012427320004523 10 
0006 0004 1 1670748596726009 -146.4375 -73.0 4.221515128261284 10 
0006 0013 1 1670748596731097 -113.875 -70.0 0.22089323345553233 10 
0006 0015 2 1670748596758395 65.875 -69.0 5.405748296509 10 
0006 0014 2 1670748596791506 -143.1875 -67.0 5.313709449235861 10 
0006 0004 2 1670748596819878 -3.25 -70.5 1.748738098189631 10 
0006 0010 3 1670748596859338 -195.25 -69.0 2.116893487282185 10 
0006 0010 4 1670748596936967 -9.75 -64.0 3.8410878928656453 10 
0006 0015 4 1670748596940569 90.3125 -69.0 2.110757564130642 10 
0006 0014 4 1670748596943870 -32.5 -62.5 5.105088062083414 10 
0006 0005 4 1670748596948106 192.0 -74.0 0.5951845456996288 10 
0006 0008 4 1670748596950823 -149.6875 -71.5 3.393165502803038 10 
0006 0004 4 1670748596978543 52.0625 -68.5 3.6017868899554855 10 
0006 0005 5 1670748597016428 -71.5625 -69.0 3.0802334220743677 10 
0006 0014 5 1670748597025981 13.0 -62.5 4.755340442445488 10 
0006 0009 5 1670748597026950 136.6875 -70.5 1.9144080232812801 10 
0006 0008 5 1670748597038859 24.375 -67.5 5.553010452146021 10 
0006 0000 5 1670748597052495 104.125 -72.0 5.074408446325701 10 
0006 0010 5 1670748597055254 -130.1875 -71.0 4.246058820867455 10 
0006 0000 6 1670748597106988 -3.25 -67.0 2.2212041808584084 10 
0006 0003 6 1670748597114331 52.0625 -65.0 2.435961491162398 10 
0006 0014 6 1670748597122020 16.25 -60.0 4.3074180523828804 10 
0006 0008 6 1670748597123933 29.25 -64.0 0.7240389318820226 10 
0006 0004 6 1670748597127669 110.625 -70.0 3.1231848841351653 10 
0006 0007 6 1670748597128658 -38.1875 -71.5 4.6878452877785195 10 
0006 0005 6 1670748597134628 19.5 -70.5 3.6815538909255388 10 
0006 0012 6 1670748597136784 22.75 -65.0 4.865787059173254 10 
0006 0010 6 1670748597146451 -52.0625 -67.5 2.110757564130642 10 
0006 0008 7 1670748597193473 -166.8125 -68.0 2.380738182798515 10 
0006 0007 7 1670748597206746 16.25 -68.0 5.970253226450915 10 
0006 0014 1 1670748597505451 55.3125 -70.0 6.092971689481767 10 
0006 0004 1 1670748597513090 94.375 -71.0 2.5770877236478773 10 
0006 0007 1 1670748597526905 113.875 -73.5 5.540738605842936 10 
0006 0015 2 1670748597578293 -24.375 -66.5 4.325825821837508 10 
0006 0012 3 1670748597623266 52.0625 -65.0 3.2643111166206444 10 
0006 0004 4 1670748597737754 78.0625 -71.5 5.878214379177777 10 
0006 0011 5 1670748597779707 182.25 -69.5 4.884194828627882 10 
0006 0012 5 1670748597785112 19.5 -63.5 4.540583132141498 10 
0006 0014 5 1670748597786033 3.25 -61.0 1.8223691760081417 10 
0006 0010 5 1670748597788835 61.8125 -69.0 1.0246991663076084 10 
0006 0007 5 1670748597790474 156.1875 -70.5 2.030990563160589 10 
0006 0003 5 1670748597797314 -27.625 -69.0 0.20248546400090464 10 
0006 0000 5 1670748597801878 -6.5 -69.0 4.473087977474529 10 
0006 0008 5 1670748597811068 -114.6875 -70.0 4.04357335686655 10 
0006 0008 6 1670748597848413 -38.1875 -63.0 4.700117134081604 10 
0006 0007 6 1670748597850773 26.0 -70.0 6.025476534814799 10 
0006 0003 6 1670748597857434 21.125 -62.5 0.705631162427395 10 
0006 0012 6 1670748597862988 -42.3125 -63.5 4.921010367537137 10 
0006 0015 6 1670748597866128 17.0625 -64.5 2.816388726558037 10 
0006 0014 6 1670748597875711 9.75 -60.5 1.607611865704152 10 
0006 0000 6 1670748597877654 6.5 -68.5 0.39269908169872414 10 
0006 0005 6 1670748597880926 84.625 -73.5 1.184233168247715 10 
0006 0009 6 1670748597887465 -126.9375 -71.5 3.890175278077986 10 
0006 0006 6 1670748597891801 -68.3125 -77.5 5.688000761479957 10 
0006 0005 7 1670748597931493 19.5 -66.5 0.2454369260617026 10 
0006 0014 7 1670748597936337 3.25 -53.5 2.9268353432858034 10 
0006 0010 7 1670748597941620 -208.3125 -71.0 5.283029833478148 10 
0006 0013 7 1670748597962698 0.0 -71.5 0.17794177139473438 10 
0006 0007 7 1670748597966029 712.8125 -72.0 1.227184630308513 10 
0006 0014 8 1670748598003515 -6.5 -66.0 3.466796580621549 10 
0006 0010 1 1670748598242392 -198.5625 -72.0 5.203262832508095 10 
0006 0013 1 1670748598245991 32.5 -63.5 6.22182607566416 10 
0006 0014 1 1670748598254945 139.9375 -69.5 1.9634954084936207 10 
0006 0008 4 1670748598426891 -111.4375 -71.5 4.792155981354743 10 
0006 0011 4 1670748598429055 22.75 -68.5 5.50392306693368 10 
0006 0014 4 1670748598429991 13.0 -64.5 1.0799224746714913 10 
0006 0007 4 1670748598469581 -39.0 -73.0 4.344233591292136 10 
0006 0007 5 1670748598497752 100.875 -72.5 6.056156150572511 10 
0006 0011 5 1670748598501132 68.3125 -63.0 1.6198837120072371 10 
0006 0013 5 1670748598508722 -6.5 -61.5 3.6140587362585705 10 
0006 0008 5 1670748598509684 24.375 -67.0 1.533980787885641 10 
0006 0010 5 1670748598511879 -39.0 -68.0 4.466952054322987 10 
0006 0009 5 1670748598513069 -52.0625 -66.5 5.166447293598839 10 
0006 0003 5 1670748598528207 -257.125 -71.0 4.71238898038469 10 
0006 0014 5 1670748598531859 91.125 -63.5 0.16566992509164924 10 
0006 0000 5 1670748598533206 -81.375 -68.0 3.074097498922825 10 
0006 0012 5 1670748598553301 117.125 -71.5 2.478912953223196 10 
0006 0013 6 1670748598582111 29.25 -62.5 1.7916895602504288 10 
0006 0005 6 1670748598585671 -113.875 -68.5 5.93343768754166 10 
0006 0009 6 1670748598587626 -71.5625 -66.0 4.97623367590102 10 
0006 0014 6 1670748598592846 -19.5 -60.0 3.5158839658338894 10 
0006 0008 6 1670748598593793 -17.0625 -66.0 0.8713010875190442 10 
0006 0000 6 1670748598597101 -13.0 -68.5 3.9085830475326135 10 
0006 0015 6 1670748598599776 21.125 -69.5 3.0802334220743677 10 
0006 0003 6 1670748598610471 0.0 -61.5 5.160311370447297 10 
0006 0004 6 1670748598619326 -6.5 -72.0 1.1290098598838318 10 
0006 0012 6 1670748598623151 -32.5 -73.0 0.44178646691106466 10 
0006 0015 7 1670748598671281 45.5625 -64.5 3.8963112012295285 10 
0006 0005 7 1670748598689501 -130.1875 -69.5 2.5464081078901644 10 
0006 0003 8 1670748598730483 -55.3125 -72.0 4.724660826687775 10 
0006 0014 1 1670748598974242 -26.0 -69.5 1.3867186322486196 10 
0006 0012 3 1670748599134786 169.25 -67.0 3.06182565261974 10 
0006 0014 4 1670748599184522 -55.3125 -69.0 1.736466251886546 10 
0006 0015 4 1670748599191393 -24.375 -66.5 1.2578642460662257 10 
0006 0003 4 1670748599196309 -93.5625 -71.0 5.332117218690489 10 
0006 0010 4 1670748599200806 -35.75 -71.5 0.09203884727313846 10 
0006 0004 4 1670748599205778 0.0 -72.0 2.024854640009046 10 
0006 0012 4 1670748599208561 -45.5625 -67.0 5.270757987175063 10 
0006 0008 4 1670748599209524 26.0 -70.0 5.141903600992669 10 
0006 0011 4 1670748599219757 -97.625 -74.5 2.5586799541932495 10 
0006 0003 5 1670748599257635 24.375 -63.5 1.4787574795217582 10 
0006 0008 5 1670748599262585 52.0625 -62.5 3.5772431973493153 10 
0006 0010 5 1670748599264000 -87.875 -61.5 5.497787143782138 10 
0006 0000 5 1670748599264949 71.5625 -64.0 5.0253210611133605 10 
0006 0015 5 1670748599269846 97.625 -58.0 1.9819031779482483 10 
0006 0012 5 1670748599274732 6.5 -62.5 1.5953400194010667 10 
0006 0005 5 1670748599275653 -22.75 -65.0 0.9142525495798421 10 
0006 0009 5 1670748599277680 87.875 -64.5 5.976389149602458 10 
0006 0011 5 1670748599305053 -61.8125 -70.0 2.1353012567368124 10 
0006 0008 6 1670748599346628 -7.3125 -61.5 1.7548740213411735 10 
0006 0000 6 1670748599348332 35.75 -66.5 4.933282213840222 10 
0006 0011 6 1670748599350680 16.25 -72.0 2.7857091108003242 10 
0006 0005 6 1670748599353016 -136.6875 -65.5 5.00077736850719 10 
0006 0014 6 1670748599361596 -13.0 -60.5 3.313398501832985 10 
0006 0010 6 1670748599362572 3.25 -66.5 2.012582793705961 10 
0006 0015 6 1670748599371245 52.0625 -61.5 4.933282213840222 10 
0006 0009 6 1670748599374875 13.0 -69.0 5.129631754689584 10 
0006 0012 6 1670748599375828 32.5 -61.5 0.607456392002714 10 
0006 0003 6 1670748599377975 3.25 -59.0 1.3130875544301088 10 
0006 0004 6 1670748599388955 -19.5 -74.5 4.3503695144436785 10 
0006 0012 7 1670748599436573 -52.0625 -70.5 0.8713010875190442 10 
0006 0008 7 1670748599459388 -298.625 -71.5 3.706097583531709 10 
0006 0012 8 1670748599501435 -91.125 -69.5 1.0246991663076084 10 
0006 0011 4 1670748599959971 -35.75 -67.5 3.3440781175906977 10 
0006 0004 4 1670748599963314 45.5625 -69.0 1.6198837120072371 10 
0006 0010 4 1670748599965936 -94.375 -70.5 4.227651051412827 10 
0006 0014 4 1670748599983381 39.0 -62.5 4.178563666200486 10 
0006 0013 4 1670748599991470 26.0 -70.5 2.736621725587984 10 
0006 0008 4 1670748599994421 -218.875 -71.5 4.6448938257177215 10 
0006 0008 5 1670748600017503 10.5625 -60.5 0.4970097752749477 10 
0006 0013 5 1670748600020836 104.125 -64.5 1.141281706186917 10 
0006 0000 5 1670748600022053 39.0 -64.5 2.9513790358919736 10 
0006 0007 5 1670748600023225 -52.0625 -71.0 5.197126909356553 10 
0006 0009 5 1670748600024147 -29.25 -63.5 3.4177091954092087 10 
0006 0003 5 1670748600025852 -7.3125 -58.5 0.1718058482431918 10 
0006 0010 5 1670748600027256 -32.5 -63.5 5.71868037723767 10 
0006 0005 5 1670748600029350 74.8125 -65.0 3.2397674240144743 10 
0006 0011 5 1670748600038603 -42.3125 -57.5 0.521553467881118 10 
