0004 0007 1 1670748643672175 -6.5 -65.0 5.780039608753096 8 
0004 0014 1 1670748643673707 -13.0 -63.5 1.9819031779482483 8 
0004 0009 1 1670748643674656 3.25 -66.0 4.25833066717054 8 
0004 0004 1 1670748643676480 9.75 -58.0 4.000621894805752 8 
0004 0006 1 1670748643682042 -3.25 -58.0 0.006135923151542565 8 
0004 0005 1 1670748643696326 -74.8125 -70.0 5.810719224510809 8 
0004 0001 1 1670748643697681 -111.4375 -69.0 2.282563412373834 8 
0004 0011 1 1670748643702180 83.0 -70.5 4.411728745959104 8 
0004 0008 1 1670748643704021 26.0 -71.0 1.2578642460662257 8 
0004 0014 2 1670748643746547 -74.8125 -63.0 4.374913207049849 8 
0004 0002 2 1670748643749840 29.25 -64.5 1.1658253987930873 8 
0004 0009 2 1670748643750805 -52.0625 -68.0 4.76147636559703 8 
0004 0007 2 1670748643753869 367.8125 -69.5 5.368932757599744 8 
0004 0006 2 1670748643760320 -3.25 -66.5 6.056156150572511 8 
0004 0004 2 1670748643764075 16.25 -59.0 1.932815792735908 8 
0004 0015 2 1670748643772175 -13.0 -61.5 3.834951969714103 8 
0004 0005 2 1670748643782816 -3.25 -71.5 6.2034183062095325 8 
0004 0007 3 1670748643815994 113.875 -65.5 5.197126909356553 8 
0004 0014 3 1670748643836407 -26.0 -64.5 3.08636934522591 8 
0004 0006 3 1670748643845288 149.6875 -68.5 0.3988350048502667 8 
0004 0004 3 1670748643849154 166.0 -68.5 0.46019423636569234 8 
0004 0011 3 1670748643863345 0.0 -66.0 1.9144080232812801 8 
0004 0010 3 1670748643866159 -52.0625 -69.5 4.295146206079795 8 
0004 0005 3 1670748643870080 152.9375 -69.0 2.325514874434632 8 
0004 0008 3 1670748643877546 205.0625 -70.5 1.1719613219446299 8 
0004 0014 4 1670748643918777 52.0625 -65.0 1.380582709097077 8 
0004 0012 4 1670748643923504 6.5 -67.5 2.030990563160589 8 
0004 0008 4 1670748643924510 -16.25 -67.5 0.8160777791551611 8 
0004 0006 4 1670748643938766 58.5625 -71.0 5.583690067903734 8 
0004 0005 4 1670748643949477 107.375 -68.5 1.4480778637640452 8 
0004 0013 4 1670748643950692 -84.625 -68.0 2.9513790358919736 8 
0004 0010 4 1670748643958031 39.0 -65.5 0.4540583132141498 8 
0004 0003 4 1670748643960213 -81.375 -65.5 2.0923497946760143 8 
0004 0009 4 1670748643964076 -9.75 -69.5 2.564815877344792 8 
0004 0003 5 1670748643998115 22.75 -62.5 3.411573272257666 8 
0004 0014 5 1670748643999588 16.25 -61.0 3.9576704327449543 8 
0004 0015 5 1670748644007200 9.75 -67.0 4.129476280988146 8 
0004 0009 5 1670748644012964 201.8125 -69.0 4.608078286808466 8 
0004 0013 5 1670748644018851 3.25 -67.0 1.6321555583103222 8 
0004 0012 5 1670748644037596 123.6875 -69.5 2.6568547246179306 8 
0004 0003 6 1670748644068477 -26.0 -61.5 3.6386024288647407 8 
0004 0013 6 1670748644076993 65.0625 -67.0 6.068427996875596 8 
0004 0014 6 1670748644084151 -52.0625 -70.0 3.1231848841351653 8 
0004 0015 6 1670748644085339 68.3125 -66.0 2.6139032625571326 8 
0004 0007 6 1670748644089675 48.8125 -64.0 0.28225246497095796 8 
0004 0004 6 1670748644100050 3.25 -72.5 1.6321555583103222 8 
0004 0012 6 1670748644102892 35.75 -65.5 1.4480778637640452 8 
0004 0007 8 1670748644234709 0.0 -66.5 1.6566992509164924 8 
0004 0006 8 1670748644236400 -16.25 -69.0 0.4049709280018093 8 
0004 0015 8 1670748644250787 -13.0 -58.5 5.460971604872882 8 
0004 0014 8 1670748644251979 -126.9375 -70.0 5.743224069843841 8 
0004 0001 8 1670748644262252 136.6875 -71.5 2.325514874434632 8 
0004 0004 1 1670748644475903 -19.5 -62.0 1.6382914814618648 8 
0004 0006 1 1670748644478786 9.75 -57.0 5.105088062083414 8 
0004 0012 1 1670748644486110 29.25 -67.5 2.5586799541932495 8 
0004 0014 1 1670748644487103 -55.3125 -66.0 6.234097921967246 8 
0004 0001 1 1670748644493015 -22.75 -68.5 5.632777453116074 8 
0004 0010 1 1670748644503993 -35.75 -68.5 2.454369260617026 8 
0004 0007 1 1670748644506427 100.875 -71.5 2.8102528034064944 8 
0004 0002 2 1670748644557526 61.8125 -68.0 1.5707963267948966 8 
0004 0004 2 1670748644563344 -9.75 -59.0 0.8467573949128739 8 
0004 0006 2 1670748644565933 -26.0 -60.5 1.6137477888556946 8 
0004 0014 2 1670748644572272 19.5 -67.5 3.436116964863836 8 
0004 0007 2 1670748644575112 -205.0625 -68.5 0.23316507975861744 8 
0004 0015 2 1670748644607860 81.375 -71.0 2.6445828783148455 8 
0004 0008 3 1670748644646405 84.625 -69.5 5.915029918087033 8 
0004 0006 3 1670748644647810 39.0 -68.5 1.8837284075235674 8 
0004 0014 3 1670748644650927 48.8125 -61.5 4.859651136021712 8 
0004 0004 3 1670748644659188 -9.75 -61.0 4.4362724385652745 8 
0004 0012 3 1670748644668756 -35.75 -58.5 4.0987966652304335 8 
0004 0007 3 1670748644677120 -192.0 -69.0 4.638757902566179 8 
0004 0013 3 1670748644699387 -136.6875 -67.0 0.17794177139473438 8 
0004 0011 3 1670748644703316 -145.625 -68.0 4.853515212870168 8 
0004 0001 3 1670748644730908 152.9375 -72.0 5.663457068873787 8 
0004 0010 3 1670748644732097 -35.75 -70.0 2.748893571891069 8 
0004 0000 3 1670748644734426 231.0625 -70.0 1.8653206380689396 8 
0004 0004 4 1670748644756142 133.4375 -72.5 3.0250101137104846 8 
0004 0010 4 1670748644759661 -74.8125 -67.0 5.626641529964532 8 
0004 0008 4 1670748644763184 -29.25 -67.5 6.191146459906448 8 
0004 0012 4 1670748644771837 -9.75 -63.0 2.3193789512830896 8 
0004 0015 4 1670748644775149 -61.8125 -68.0 1.055378782065321 8 
0004 0013 4 1670748644778280 -13.0 -68.5 1.3314953238847365 8 
0004 0011 5 1670748644830941 -21.125 -63.5 3.0372819600135696 8 
0004 0015 5 1670748644832436 19.5 -61.0 4.6878452877785195 8 
0004 0006 5 1670748644833982 -149.6875 -67.5 1.7794177139473437 8 
0004 0012 5 1670748644837714 0.0 -65.0 0.6933593161243098 8 
0004 0009 5 1670748644848284 0.0 -64.0 2.5893595699509624 8 
0004 0005 5 1670748644849494 -13.0 -69.0 2.8102528034064944 8 
0004 0014 5 1670748644860392 3.25 -66.0 3.7981364308048478 8 
0004 0007 6 1670748644919692 -68.3125 -68.0 1.5830681730979816 8 
0004 0009 6 1670748644923714 -19.5 -72.0 2.3193789512830896 8 
0004 0006 6 1670748644925903 -270.125 -73.5 0.1595340019401067 8 
0004 0015 6 1670748644928093 13.0 -62.5 2.5341362615870793 8 
0004 0012 6 1670748644934953 32.5 -61.0 0.5092816215780329 8 
0004 0011 6 1670748644951155 -128.5625 -73.0 3.9208548938356986 8 
0004 0004 6 1670748644960358 -9.75 -71.5 2.730485802436441 8 
0004 0005 7 1670748644997328 52.0625 -68.0 2.8838838812250054 8 
0004 0014 7 1670748644998266 231.0625 -68.5 5.730952223540755 8 
0004 0012 7 1670748645005676 166.0 -69.5 5.074408446325701 8 
0004 0012 8 1670748645075958 -19.5 -69.0 4.718524903536232 8 
0004 0001 8 1670748645080330 -10.5625 -69.0 5.522330836388308 8 
0004 0014 8 1670748645083453 91.125 -70.0 5.8659425328746915 8 
0004 0007 8 1670748645087737 3.25 -60.5 4.693981210930062 8 
0004 0005 8 1670748645099304 71.5625 -71.0 3.724505352986337 8 
0004 0013 8 1670748645104689 39.0 -69.5 0.7547185476397354 8 
0004 0006 1 1670748645331459 42.3125 -65.0 2.3746022596469727 8 
0004 0004 1 1670748645336586 -6.5 -58.0 4.7860200582032 8 
0004 0014 1 1670748645356907 22.75 -67.5 1.8285050991596843 8 
0004 0001 1 1670748645363793 -24.375 -71.0 0.662679700366597 8 
0004 0004 2 1670748645403156 -104.125 -63.5 3.6017868899554855 8 
0004 0006 2 1670748645404343 29.25 -63.5 2.030990563160589 8 
0004 0015 2 1670748645408677 35.75 -63.5 2.9329712664373457 8 
0004 0002 2 1670748645425289 -3.25 -67.5 2.2580197197676637 8 
0004 0004 3 1670748645463323 13.0 -56.5 5.129631754689584 8 
0004 0002 3 1670748645466411 107.375 -71.0 5.786175531904639 8 
0004 0014 3 1670748645468532 6.5 -64.0 0.9940195505498954 8 
0004 0010 3 1670748645469496 -16.25 -63.5 4.73693267299086 8 
0004 0011 3 1670748645479082 -21.125 -67.5 2.435961491162398 8 
0004 0006 3 1670748645485441 9.75 -66.5 4.411728745959104 8 
0004 0007 3 1670748645498374 -19.5 -68.5 0.5522330836388308 8 
0004 0014 4 1670748645571457 -6.5 -68.0 2.988194574801229 8 
0004 0008 4 1670748645596878 81.375 -72.0 2.5586799541932495 8 
0004 0003 5 1670748645626272 -32.5 -66.5 0.14112623248547898 8 
0004 0011 5 1670748645632795 48.8125 -62.5 2.564815877344792 8 
0004 0014 5 1670748645633997 -81.375 -67.5 3.215223731408304 8 
0004 0013 5 1670748645640703 -123.6875 -66.5 5.8475347634200645 8 
0004 0015 5 1670748645645062 -45.5625 -63.0 0.7301748550335652 8 
0004 0004 5 1670748645662002 78.0625 -69.5 2.012582793705961 8 
0004 0001 5 1670748645680520 -3.25 -72.0 5.473243451175968 8 
0004 0015 6 1670748645732995 10.5625 -62.5 2.3623304133438876 8 
0004 0007 6 1670748645733950 -104.125 -68.0 2.748893571891069 8 
0004 0012 6 1670748645734954 -91.125 -67.5 0.8774370106705868 8 
0004 0004 6 1670748645746513 29.25 -73.0 3.6570101983193686 8 
0004 0003 6 1670748645759370 -9.75 -66.0 1.4726215563702154 8 
0004 0003 7 1670748645796372 13.0 -61.0 3.227495577711389 8 
0004 0007 7 1670748645806861 48.8125 -67.5 0.6442719309119693 8 
0004 0014 8 1670748645878590 -26.0 -65.0 0.0 8 
0004 0007 8 1670748645880774 9.75 -65.5 6.264777537724958 8 
0004 0015 8 1670748645885950 55.3125 -70.0 0.8774370106705868 8 
0004 0012 8 1670748645894239 179.0 -70.0 1.4664856332186729 8 
0004 0006 8 1670748645899054 -3.25 -68.0 3.3072625786814425 8 
0004 0001 8 1670748645900372 -13.8125 -72.5 3.2643111166206444 8 
0004 0004 1 1670748646130922 3.25 -61.0 1.3867186322486196 8 
0004 0006 1 1670748646140513 -19.5 -64.5 4.583534594202296 8 
0004 0015 1 1670748646145231 13.0 -58.5 6.166602767300278 8 
0004 0012 1 1670748646147289 -45.5625 -69.0 2.767301341345697 8 
0004 0014 1 1670748646151188 -68.3125 -65.5 3.7122335066832517 8 
0004 0001 1 1670748646166602 465.4375 -72.5 3.693825737228624 8 
0004 0012 2 1670748646199719 -65.0625 -69.5 3.031146036862027 8 
0004 0015 2 1670748646201867 19.5 -60.5 1.1719613219446299 8 
0004 0004 2 1670748646207386 149.6875 -69.0 5.878214379177777 8 
0004 0002 2 1670748646221579 -126.9375 -70.0 5.522330836388308 8 
0004 0006 2 1670748646228072 -26.0 -68.5 5.460971604872882 8 
0004 0006 3 1670748646263094 120.4375 -68.5 4.534447208989955 8 
0004 0014 3 1670748646267959 -100.875 -65.5 5.491651220630596 8 
0004 0012 3 1670748646268881 39.0 -69.5 2.2027964114037806 8 
0004 0004 3 1670748646270575 -42.3125 -65.0 3.7429131224409646 8 
0004 0007 3 1670748646281151 -130.1875 -69.5 3.147728576741336 8 
0004 0002 3 1670748646293313 -13.0 -69.0 4.657165672020807 8 
0004 0009 4 1670748646328099 -35.75 -69.0 3.2581751934691017 8 
0004 0012 4 1670748646334246 -32.5 -59.5 3.6754179677739964 8 
0004 0004 4 1670748646336202 16.25 -65.5 0.23316507975861744 8 
0004 0012 5 1670748646393120 -192.0 -69.0 5.227806525114265 8 
0004 0014 5 1670748646400659 0.0 -68.5 5.737088146692298 8 
0004 0005 5 1670748646403711 26.0 -70.5 1.9757672547967058 8 
0004 0004 5 1670748646418598 -87.875 -70.5 5.092816215780329 8 
0004 0015 6 1670748646470731 91.125 -68.5 4.945554060143307 8 
0004 0005 6 1670748646484869 78.0625 -72.5 1.8960002538266525 8 
0004 0007 6 1670748646492408 -58.5625 -69.0 3.773592738198677 8 
0004 0008 7 1670748646551233 39.0 -70.5 5.43029198911517 8 
0004 0015 7 1670748646552154 104.125 -65.0 1.576932249946439 8 
0004 0014 7 1670748646553330 68.3125 -63.0 1.902136176978195 8 
0004 0012 7 1670748646564159 -45.5625 -67.0 2.478912953223196 8 
0004 0007 8 1670748646628589 -48.8125 -65.5 6.178874613603362 8 
0004 0012 8 1670748646629565 -9.75 -61.5 3.147728576741336 8 
0004 0014 8 1670748646641348 55.3125 -64.0 3.8410878928656453 8 
0004 0004 1 1670748646863746 3.25 -60.5 2.693670263527186 8 
0004 0012 1 1670748646869689 74.8125 -68.0 3.2704470397721868 8 
0004 0006 1 1670748646881913 16.25 -65.0 5.773903685601553 8 
0004 0005 1 1670748646886351 94.375 -71.5 1.4296700943094176 8 
0004 0001 1 1670748646893418 0.0 -70.5 5.3627968344482015 8 
0004 0015 1 1670748646898255 0.0 -67.0 1.607611865704152 8 
0004 0012 2 1670748646931752 -94.375 -67.0 1.9573594853420782 8 
0004 0014 2 1670748646941859 22.75 -67.0 1.3621749396424494 8 
0004 0015 2 1670748646950246 91.125 -68.0 2.380738182798515 8 
0004 0004 2 1670748646951154 113.875 -65.0 5.8475347634200645 8 
0004 0007 2 1670748646956889 -52.0625 -66.0 4.485359823777615 8 
0004 0011 3 1670748646999846 139.125 -65.5 2.325514874434632 8 
0004 0006 3 1670748647002530 -48.8125 -63.5 0.19634954084936207 8 
0004 0012 3 1670748647004228 -16.25 -63.5 4.239922897715912 8 
0004 0002 3 1670748647006779 87.875 -68.0 2.4175537217077703 8 
0004 0014 3 1670748647016016 -45.5625 -63.0 5.988660995905543 8 
0004 0008 3 1670748647020385 -13.0 -69.0 4.552854978444583 8 
0004 0007 3 1670748647025562 -16.25 -66.5 0.8160777791551611 8 
0004 0001 3 1670748647028961 29.25 -70.0 3.718369429834794 8 
0004 0009 4 1670748647066584 -55.3125 -65.0 1.7732817907958012 8 
0004 0006 4 1670748647073829 126.9375 -70.5 5.743224069843841 8 
0004 0010 4 1670748647075454 -6.5 -62.0 5.123495831538041 8 
0004 0014 4 1670748647078498 16.25 -64.5 1.2087768608538851 8 
0004 0013 4 1670748647085301 -6.5 -63.0 2.7979809571034093 8 
0004 0005 4 1670748647090925 19.5 -65.5 1.4419419406125027 8 
0004 0015 4 1670748647093327 -9.75 -58.5 4.485359823777615 8 
0004 0008 4 1670748647094320 71.5625 -69.0 6.068427996875596 8 
0004 0002 4 1670748647096897 -3.25 -67.5 5.356660911296659 8 
0004 0010 5 1670748647132087 87.875 -66.5 1.6505633277649499 8 
0004 0003 5 1670748647170752 -289.6875 -72.0 5.792311455056181 8 
0004 0008 6 1670748647211140 -9.75 -72.5 3.1906800388021335 8 
0004 0003 6 1670748647224301 -26.0 -67.0 2.141437179888355 8 
0004 0015 6 1670748647228901 65.0625 -66.5 2.282563412373834 8 
0004 0001 7 1670748647329547 -91.125 -71.0 0.9510680884890975 8 
0004 0013 8 1670748647387722 -65.0625 -69.0 4.749204519293945 8 
0004 0006 8 1670748647403988 -126.9375 -71.0 0.21475731030398976 8 
0004 0015 1 1670748647634070 22.75 -67.0 1.521708941582556 8 
0004 0015 2 1670748647716899 -22.75 -65.5 2.5280003384355365 8 
0004 0014 3 1670748647766253 16.25 -57.5 5.767767762450011 8 
0004 0007 3 1670748647769697 -39.0 -65.5 2.423689644859313 8 
0004 0004 3 1670748647777484 13.0 -56.5 1.000155473701438 8 
0004 0010 3 1670748647779371 120.4375 -66.0 2.3193789512830896 8 
0004 0006 3 1670748647782668 91.125 -65.0 1.7426021750380885 8 
0004 0015 3 1670748647790472 169.25 -67.5 1.1167380135807468 8 
0004 0001 3 1670748647794900 83.0 -71.5 0.7976700097005334 8 
0004 0014 4 1670748647845897 -6.5 -60.5 6.068427996875596 8 
0004 0005 4 1670748647851232 -55.3125 -66.5 2.5402721847386216 8 
0004 0009 4 1670748647857239 58.5625 -69.5 2.3623304133438876 8 
0004 0010 4 1670748647858214 -9.75 -66.0 0.35588354278946877 8 
0004 0007 4 1670748647862973 -42.3125 -58.0 3.988350048502667 8 
0004 0008 4 1670748647863905 -3.25 -66.0 3.2459033471660166 8 
0004 0003 4 1670748647864875 -156.1875 -66.0 3.368621810196868 8 
0004 0006 4 1670748647867265 -3.25 -61.5 1.9696313316451632 8 
0004 0012 4 1670748647873434 29.25 -63.5 5.93343768754166 8 
0004 0013 4 1670748647881358 3.25 -68.5 1.4848934026733007 8 
0004 0001 4 1670748647882634 -149.6875 -71.0 4.2092432819582 8 
0004 0004 4 1670748647889329 48.8125 -71.5 1.6014759425526093 8 
0004 0012 5 1670748647915982 65.0625 -66.5 3.104777114680538 8 
0004 0014 5 1670748647918362 22.75 -63.0 4.528311285838413 8 
0004 0009 5 1670748647923774 -55.3125 -66.0 1.3560390164909069 8 
0004 0011 5 1670748647933702 73.1875 -65.5 2.8409324191642074 8 
0004 0008 5 1670748647937549 -19.5 -70.5 1.086058397823034 8 
0004 0005 5 1670748647938542 -3.25 -63.5 4.571262747899211 8 
0004 0004 5 1670748647940015 42.3125 -67.0 0.21475731030398976 8 
0004 0010 5 1670748647943090 -74.8125 -69.5 0.04908738521234052 8 
0004 0000 5 1670748647945657 16.25 -71.5 4.190835512503572 8 
0004 0007 5 1670748647958121 -205.0625 -71.5 0.8713010875190442 8 
0004 0001 5 1670748647964662 -305.9375 -71.0 4.847379289718626 8 
0004 0008 6 1670748648002882 -26.0 -69.5 2.804116880254952 8 
0004 0012 6 1670748648004730 0.0 -71.0 4.76147636559703 8 
0004 0015 6 1670748648006898 29.25 -67.5 6.234097921967246 8 
0004 0007 6 1670748648021434 -16.25 -64.5 4.295146206079795 8 
0004 0003 6 1670748648024967 -52.0625 -67.5 4.473087977474529 8 
0004 0009 6 1670748648030074 -19.5 -68.0 3.9147189706841563 8 
0004 0011 6 1670748648043862 21.125 -67.5 0.6994952392758523 8 
0004 0006 7 1670748648101643 -39.0 -71.0 2.5402721847386216 8 
0004 0012 7 1670748648111843 -130.1875 -72.0 3.104777114680538 8 
0004 0015 8 1670748648161988 45.5625 -68.5 5.896622148632405 8 
0004 0004 1 1670748648431922 26.0 -66.5 5.448699758569798 8 
0004 0004 2 1670748648489490 -45.5625 -66.5 2.8961557275280905 8 
0004 0007 2 1670748648503963 32.5 -65.5 0.2699806186678728 8 
0004 0012 2 1670748648507319 -94.375 -68.5 2.8102528034064944 8 
0004 0012 3 1670748648576277 16.25 -66.5 2.8654761117703775 8 
0004 0006 3 1670748648578464 87.875 -69.0 1.6198837120072371 8 
0004 0011 3 1670748648581592 -111.4375 -67.0 3.2765829629237295 8 
0004 0014 3 1670748648586963 -52.0625 -58.5 0.04908738521234052 8 
0004 0001 3 1670748648596212 34.9375 -71.0 1.1351457830353744 8 
0004 0010 3 1670748648597836 68.3125 -69.0 2.3623304133438876 8 
0004 0002 3 1670748648604486 -143.1875 -72.0 0.36815538909255385 8 
