0006 0015 1 1670746858648635 65.875 -58.5 1.945087639038993 17 
0006 0000 1 1670746858653609 -65.0625 -66.0 2.5893595699509624 17 
0006 0006 1 1670746858657460 3.25 -70.0 4.1601558967458585 17 
0006 0014 1 1670746858661565 -19.5 -62.5 3.5895150436524004 17 
0006 0014 2 1670746858749421 -123.6875 -67.0 2.767301341345697 17 
0006 0000 2 1670746858758840 -16.25 -66.5 0.9940195505498954 17 
0006 0015 2 1670746858759729 -139.125 -67.0 5.608233760509904 17 
0006 0007 2 1670746858763451 -26.0 -66.0 5.074408446325701 17 
0006 0002 2 1670746858785249 -130.1875 -68.0 1.1228739367322893 17 
0006 0006 5 1670746858959833 -114.6875 -70.5 0.006135923151542565 17 
0006 0014 6 1670746859048604 -52.0625 -69.0 5.50392306693368 17 
0006 0015 7 1670746859173717 93.5625 -71.0 3.6017868899554855 17 
0006 0001 8 1670746859223556 -6.5 -71.0 5.252350217720435 17 
0006 0014 8 1670746859229957 13.0 -65.0 5.019185137961818 17 
0006 0004 8 1670746859257432 -26.0 -75.5 3.1906800388021335 17 
0006 0006 1 1670746859511347 -21.125 -71.5 4.123340357836604 17 
0006 0015 1 1670746859518994 -10.5625 -59.0 2.055534255766759 17 
0006 0014 1 1670746859519943 -3.25 -62.0 3.5711072741977725 17 
0006 0000 1 1670746859532096 -9.75 -66.5 2.4911847995262812 17 
0006 0007 2 1670746859593903 13.0 -65.5 5.135767677841127 17 
0006 0000 2 1670746859596997 113.875 -67.0 0.9019807032767571 17 
0006 0014 2 1670746859604417 -16.25 -67.5 2.9697868053466014 17 
0006 0015 2 1670746859615554 79.75 -67.0 5.313709449235861 17 
0006 0004 2 1670746859621823 -87.875 -72.0 6.111379458936394 17 
0006 0002 2 1670746859630890 -55.3125 -69.5 1.0737865515199487 17 
0006 0006 5 1670746859818506 45.5625 -71.5 6.191146459906448 17 
0006 0014 6 1670746859890307 -55.3125 -71.0 5.460971604872882 17 
0006 0015 7 1670746859975151 -59.375 -70.5 4.031301510563465 17 
0006 0006 8 1670746860037899 21.125 -74.0 3.055689729468197 17 
0006 0014 8 1670746860040821 65.0625 -64.0 4.724660826687775 17 
0006 0004 8 1670746860061270 -55.3125 -72.0 4.71238898038469 17 
0006 0008 1 1670746860278392 79.75 -65.0 4.693981210930062 17 
0006 0014 1 1670746860279554 -16.25 -62.5 4.074252972624263 17 
0006 0015 1 1670746860286630 24.375 -55.5 2.086213871524472 17 
0006 0009 1 1670746860299236 -100.875 -62.5 5.086680292628786 17 
0006 0004 1 1670746860300144 48.8125 -68.5 1.5707963267948966 17 
0006 0002 1 1670746860306055 -29.25 -65.0 2.405281875404685 17 
0006 0000 1 1670746860314464 -149.6875 -65.0 4.454680208019902 17 
0006 0005 1 1670746860318757 -19.5 -58.0 4.755340442445488 17 
0006 0003 1 1670746860328057 62.625 -66.5 6.2463697682703305 17 
0006 0000 2 1670746860368108 13.0 -56.5 2.890019804376548 17 
0006 0005 2 1670746860369778 16.25 -60.0 4.135612204139688 17 
0006 0002 2 1670746860373771 -19.5 -65.5 2.0371264863121317 17 
0006 0015 2 1670746860374956 -3.25 -68.5 5.583690067903734 17 
0006 0009 2 1670746860380466 -6.5 -59.5 2.8286605728611223 17 
0006 0014 2 1670746860383405 -32.5 -69.0 3.724505352986337 17 
0006 0007 2 1670746860389878 6.5 -63.0 4.522175362686871 17 
0006 0008 2 1670746860398831 13.0 -55.5 5.080544369477243 17 
0006 0003 2 1670746860401712 0.0 -68.0 2.497320722677824 17 
0006 0001 2 1670746860402622 55.3125 -66.5 2.3193789512830896 17 
0006 0007 3 1670746860473125 198.5625 -69.0 3.6570101983193686 17 
0006 0005 4 1670746860510352 26.0 -69.0 4.779884135051658 17 
0006 0015 5 1670746860576967 -38.1875 -69.5 5.0682725231741586 17 
0006 0005 5 1670746860578428 61.8125 -67.5 5.988660995905543 17 
0006 0007 5 1670746860591922 3.25 -70.5 2.5280003384355365 17 
0006 0015 6 1670746860654284 -41.5 -72.5 1.9266798695843652 17 
0006 0014 6 1670746860669466 -81.375 -70.5 0.521553467881118 17 
0006 0007 6 1670746860676382 -9.75 -73.5 0.9142525495798421 17 
0006 0006 8 1670746860756882 -35.75 -70.5 5.540738605842936 17 
0006 0014 8 1670746860757829 9.75 -64.0 5.013049214810275 17 
0006 0004 8 1670746860782017 130.1875 -73.5 6.264777537724958 17 
0006 0009 8 1670746860787025 -3.25 -63.0 3.5588354278946874 17 
0006 0008 1 1670746861016139 3.25 -65.5 2.5280003384355365 17 
0006 0015 1 1670746861018715 17.0625 -55.0 2.043262409463674 17 
0006 0014 1 1670746861027825 -26.0 -58.5 3.5588354278946874 17 
0006 0005 1 1670746861036640 58.5625 -71.5 5.878214379177777 17 
0006 0009 1 1670746861040079 0.0 -52.5 3.497476196379262 17 
0006 0004 1 1670746861043098 16.25 -68.0 1.5830681730979816 17 
0006 0001 1 1670746861056497 22.75 -73.5 4.166291819897402 17 
0006 0000 1 1670746861060091 -123.6875 -72.5 0.18407769454627693 17 
0006 0008 2 1670746861106429 -6.5 -63.5 1.4419419406125027 17 
0006 0014 2 1670746861108561 -35.75 -66.5 3.2643111166206444 17 
0006 0009 2 1670746861109809 13.0 -55.0 2.3009711818284617 17 
0006 0015 2 1670746861112449 111.4375 -68.5 5.890486225480862 17 
0006 0000 2 1670746861124874 52.0625 -69.0 3.0925052683774528 17 
0006 0005 2 1670746861136150 -48.8125 -60.0 5.332117218690489 17 
0006 0011 2 1670746861145041 -260.375 -71.0 0.2761165418194154 17 
0006 0005 3 1670746861198941 -3.25 -60.0 3.730641276137879 17 
0006 0007 3 1670746861203015 -6.5 -68.0 5.675728915176872 17 
0006 0000 3 1670746861212744 -133.4375 -70.0 1.368310862793992 17 
0006 0007 4 1670746861284506 35.75 -67.0 4.700117134081604 17 
0006 0015 5 1670746861384288 65.875 -67.5 4.239922897715912 17 
0006 0007 5 1670746861395519 198.5625 -70.0 0.9694758579437253 17 
0006 0005 5 1670746861399973 19.5 -69.0 3.80427235395639 17 
0006 0005 6 1670746861471429 -22.75 -67.5 0.4663301595172349 17 
0006 0007 6 1670746861490294 -16.25 -67.0 4.479223900626073 17 
0006 0015 6 1670746861492020 -97.625 -71.0 2.448233337465483 17 
0006 0014 6 1670746861502442 26.0 -69.0 6.22182607566416 17 
0006 0005 7 1670746861583482 166.0 -69.0 0.859029241215959 17 
0006 0006 8 1670746861636698 62.625 -73.0 5.66959299202533 17 
0006 0014 8 1670746861650428 35.75 -62.0 4.638757902566179 17 
0006 0009 8 1670746861654199 -16.25 -61.5 4.221515128261284 17 
0006 0004 8 1670746861658368 71.5625 -72.5 0.44178646691106466 17 
0006 0009 1 1670746861913439 -6.5 -52.5 3.3502140407422405 17 
0006 0014 1 1670746861917191 19.5 -59.5 3.5036121195308043 17 
0006 0008 1 1670746861918137 -16.25 -65.0 2.3071071049800045 17 
0006 0015 1 1670746861925743 -21.125 -55.5 2.030990563160589 17 
0006 0004 1 1670746861930356 -94.375 -71.0 1.3928545554001621 17 
0006 0001 1 1670746861932066 74.8125 -73.5 4.049709280018092 17 
0006 0011 2 1670746861990100 -227.8125 -70.0 0.28838838812250056 17 
0006 0009 2 1670746861992639 -29.25 -55.0 2.1598449493429825 17 
0006 0015 2 1670746862002296 -131.8125 -70.0 6.092971689481767 17 
0006 0005 2 1670746862003429 -58.5625 -60.0 5.356660911296659 17 
0006 0008 2 1670746862006035 -68.3125 -62.5 1.368310862793992 17 
0006 0000 2 1670746862009318 -162.75 -69.0 3.313398501832985 17 
0006 0014 2 1670746862018524 -188.75 -66.0 3.663146121470911 17 
0006 0007 3 1670746862056207 152.9375 -67.5 5.4671075280244255 17 
0006 0005 3 1670746862059251 26.0 -59.5 3.479068426924634 17 
0006 0007 4 1670746862147823 9.75 -66.5 4.749204519293945 17 
0006 0015 5 1670746862230985 -52.0625 -67.0 4.442408361716817 17 
0006 0005 5 1670746862253260 -159.5 -69.0 3.9269908169872414 17 
0006 0007 5 1670746862259880 136.6875 -71.5 1.141281706186917 17 
0006 0015 6 1670746862296135 13.8125 -73.0 1.9573594853420782 17 
0006 0014 6 1670746862307613 87.875 -69.0 6.154330920997192 17 
0006 0007 6 1670746862327180 -16.25 -67.0 4.381049130201391 17 
0006 0005 6 1670746862332336 52.0625 -67.5 0.2086213871524472 17 
0006 0005 7 1670746862382983 -39.0 -68.0 1.2640001692177683 17 
0006 0014 8 1670746862477026 -65.0625 -62.0 4.798291904506286 17 
0006 0009 8 1670746862482752 -16.25 -61.5 4.01902966426038 17 
0006 0006 8 1670746862484891 59.375 -71.5 5.786175531904639 17 
0006 0004 8 1670746862520715 104.125 -74.0 0.39269908169872414 17 
0006 0014 1 1670746862736383 -19.5 -59.0 3.5342917352885173 17 
0006 0008 1 1670746862743127 -45.5625 -65.0 2.405281875404685 17 
0006 0015 1 1670746862756023 -7.3125 -55.5 2.0371264863121317 17 
0006 0009 1 1670746862761634 -19.5 -53.0 3.368621810196868 17 
0006 0004 1 1670746862765331 48.8125 -70.0 1.3069516312785663 17 
0006 0001 1 1670746862783363 -61.8125 -74.0 4.166291819897402 17 
0006 0000 1 1670746862801413 -149.6875 -72.5 6.1850105367549055 17 
0006 0014 2 1670746862839543 -32.5 -66.0 3.466796580621549 17 
0006 0015 2 1670746862840729 38.1875 -67.0 5.6941366846315 17 
0006 0009 2 1670746862845782 -45.5625 -56.0 2.2764274892222915 17 
0006 0005 2 1670746862846845 9.75 -60.0 5.350524988145116 17 
0006 0008 2 1670746862860157 7.3125 -62.5 1.2762720155208536 17 
0006 0000 2 1670746862881805 45.5625 -70.5 3.1661363461959633 17 
0006 0007 2 1670746862887133 84.625 -69.5 6.178874613603362 17 
0006 0011 2 1670746862892816 185.5 -71.0 6.013204688511713 17 
0006 0007 3 1670746862942062 -45.5625 -66.5 5.583690067903734 17 
0006 0005 3 1670746862945855 -65.0625 -60.0 3.5956509668039427 17 
0006 0000 3 1670746862961217 113.875 -69.5 1.0921943209745766 17 
0006 0007 4 1670746863031821 -26.0 -67.0 4.71238898038469 17 
0006 0005 5 1670746863084596 -16.25 -69.5 3.6815538909255388 17 
0006 0015 5 1670746863094573 -69.125 -66.5 4.534447208989955 17 
0006 0005 6 1670746863157238 -32.5 -69.0 0.46019423636569234 17 
0006 0007 6 1670746863183320 0.0 -67.0 4.424000592262189 17 
0006 0015 6 1670746863193537 121.25 -73.0 1.8285050991596843 17 
0006 0014 6 1670746863196817 81.375 -68.5 0.006135923151542565 17 
0006 0005 7 1670746863249473 42.3125 -68.0 0.9572040116406401 17 
0006 0009 8 1670746863328880 -16.25 -62.0 4.025165587411922 17 
0006 0014 8 1670746863331024 -16.25 -62.5 4.755340442445488 17 
0006 0006 8 1670746863346372 -26.0 -73.0 6.037748381117884 17 
0006 0004 8 1670746863347843 182.25 -72.5 0.3436116964863836 17 
0006 0009 1 1670746863587335 -19.5 -53.0 3.3624858870453256 17 
0006 0014 1 1670746863588254 9.75 -59.0 3.5281558121369745 17 
0006 0008 1 1670746863607056 29.25 -64.5 2.2764274892222915 17 
0006 0015 1 1670746863609685 21.125 -55.5 2.055534255766759 17 
0006 0004 1 1670746863618576 -120.4375 -69.5 1.4542137869155878 17 
0006 0000 1 1670746863628767 -78.0625 -70.5 0.06135923151542565 17 
0006 0001 1 1670746863632722 123.6875 -72.5 3.8288160465625602 17 
