0007 0011 1 1670748703086996 -81.375 -68.5 1.2762720155208536 11 
0007 0007 1 1670748703112123 45.5625 -67.5 5.970253226450915 11 
0007 0005 1 1670748703120279 3.25 -68.5 0.4049709280018093 11 
0007 0009 2 1670748703159641 -22.75 -68.0 5.295301679781233 11 
0007 0004 2 1670748703184690 -222.125 -69.0 4.724660826687775 11 
0007 0011 3 1670748703246909 -201.8125 -67.5 4.6878452877785195 11 
0007 0007 3 1670748703264969 -126.9375 -71.0 1.6444274046134073 11 
0007 0008 3 1670748703266018 9.75 -69.5 4.399456899656019 11 
0007 0010 4 1670748703336439 -21.125 -69.0 4.540583132141498 11 
0007 0015 4 1670748703348906 16.25 -65.0 5.927301764390117 11 
0007 0009 4 1670748703351556 45.5625 -68.0 4.23378697456437 11 
0007 0005 4 1670748703358292 -48.8125 -64.5 4.749204519293945 11 
0007 0007 4 1670748703362677 22.75 -63.5 1.8530487917658545 11 
0007 0005 5 1670748703435337 19.5 -70.5 5.203262832508095 11 
0007 0015 5 1670748703437020 -19.5 -65.5 0.9510680884890975 11 
0007 0007 5 1670748703439370 -159.5 -70.0 1.9266798695843652 11 
0007 0006 7 1670748703560272 0.0 -59.5 2.1659808724945253 11 
0007 0004 7 1670748703568078 0.0 -52.5 0.8897088569736719 11 
0007 0009 7 1670748703573835 -84.625 -63.0 1.4971652489763858 11 
0007 0001 7 1670748703585095 -100.875 -64.0 1.1044661672776617 11 
0007 0014 7 1670748703590337 6.5 -64.5 2.270291566070749 11 
0007 0008 7 1670748703595002 -22.75 -67.5 0.30679615757712825 11 
0007 0008 8 1670748703646572 29.25 -67.5 1.509437095279471 11 
0007 0006 8 1670748703651539 -26.0 -62.5 2.061670178918302 11 
0007 0010 8 1670748703660922 -208.3125 -69.5 0.1902136176978195 11 
0007 0007 1 1670748703898740 91.125 -71.0 5.829126993965437 11 
0007 0008 1 1670748703904810 -32.5 -69.5 3.9576704327449543 11 
0007 0005 1 1670748703911838 -19.5 -66.0 3.5342917352885173 11 
0007 0010 1 1670748703916980 -17.0625 -69.0 1.6198837120072371 11 
0007 0008 2 1670748703956809 -29.25 -65.5 1.012427320004523 11 
0007 0004 2 1670748703970816 10.5625 -65.0 5.9518454569962875 11 
0007 0014 2 1670748704020975 211.5625 -70.0 2.5341362615870793 11 
0007 0015 3 1670748704049164 120.4375 -66.5 3.767456815047135 11 
0007 0005 3 1670748704053241 16.25 -69.0 1.0185632431560658 11 
0007 0009 3 1670748704077351 -74.8125 -65.0 4.798291904506286 11 
0007 0007 3 1670748704078354 0.0 -70.5 0.5890486225480862 11 
0007 0015 4 1670748704122619 -6.5 -61.0 5.626641529964532 11 
0007 0007 4 1670748704123826 55.3125 -65.0 1.030835089459151 11 
0007 0005 4 1670748704142652 61.8125 -65.5 4.111068511533518 11 
0007 0006 4 1670748704150119 -35.75 -71.0 1.9144080232812801 11 
0007 0007 5 1670748704185644 9.75 -69.5 2.693670263527186 11 
0007 0007 6 1670748704254904 26.0 -56.0 1.1903690913992575 11 
0007 0012 7 1670748704300473 32.5 -55.5 2.6813984172241008 11 
0007 0009 7 1670748704302401 -39.0 -66.5 4.381049130201391 11 
0007 0008 7 1670748704303325 84.625 -68.5 0.9756117810952678 11 
0007 0014 7 1670748704304287 -29.25 -66.0 1.4664856332186729 11 
0007 0015 7 1670748704306653 -48.8125 -65.0 0.9817477042468103 11 
0007 0010 7 1670748704308108 -117.9375 -69.0 5.246214294568893 11 
0007 0004 7 1670748704314980 -38.1875 -56.5 4.963961829597935 11 
0007 0001 7 1670748704323087 24.375 -63.5 2.5770877236478773 11 
0007 0005 7 1670748704326897 32.5 -61.5 1.0799224746714913 11 
0007 0006 7 1670748704332901 -19.5 -60.5 1.0185632431560658 11 
0007 0010 8 1670748704389604 30.875 -62.5 0.5767767762450011 11 
0007 0012 8 1670748704395085 13.8125 -61.5 0.1349903093339364 11 
0007 0004 8 1670748704396073 21.125 -61.0 1.2087768608538851 11 
0007 0015 1 1670748704645391 6.5 -70.5 6.215690152512618 11 
0007 0010 1 1670748704654256 52.0625 -64.0 6.191146459906448 11 
0007 0008 2 1670748704702957 -6.5 -60.5 1.7978254834019713 11 
0007 0014 2 1670748704715036 -39.0 -66.0 0.18407769454627693 11 
0007 0004 2 1670748704721101 38.1875 -64.5 3.3072625786814425 11 
0007 0015 2 1670748704747363 -195.25 -69.5 0.8344855486097889 11 
0007 0005 2 1670748704758768 81.375 -71.5 4.448544284868359 11 
0007 0014 4 1670748704857326 16.25 -65.5 2.6445828783148455 11 
0007 0011 4 1670748704876559 19.5 -63.0 1.736466251886546 11 
0007 0005 4 1670748704880478 22.75 -58.5 1.2578642460662257 11 
0007 0009 4 1670748704885263 13.0 -67.5 6.019340611663256 11 
0007 0013 4 1670748704887306 -9.75 -68.5 5.724816300389213 11 
0007 0005 5 1670748704927944 -136.6875 -69.0 6.080699843178682 11 
0007 0007 6 1670748705011427 110.625 -70.5 6.043884304269426 11 
0007 0004 7 1670748705066225 -13.8125 -61.5 1.552388557340269 11 
0007 0010 7 1670748705070891 -34.9375 -61.5 4.700117134081604 11 
0007 0001 7 1670748705072137 -79.75 -64.5 2.3930100291016 11 
0007 0014 7 1670748705076694 42.3125 -64.0 0.9387962421860124 11 
0007 0006 7 1670748705086996 0.0 -61.5 1.576932249946439 11 
0007 0012 7 1670748705088884 -117.125 -64.5 5.252350217720435 11 
0007 0015 7 1670748705089860 -35.75 -64.5 1.1290098598838318 11 
0007 0012 8 1670748705125962 32.5 -71.5 3.933126740138784 11 
0007 0004 8 1670748705134337 38.1875 -66.0 5.988660995905543 11 
0007 0010 8 1670748705142049 -45.5625 -63.5 5.8659425328746915 11 
0007 0014 1 1670748705365942 -71.5625 -65.5 1.8714565612204823 11 
0007 0007 1 1670748705368483 -13.0 -71.0 5.608233760509904 11 
0007 0015 1 1670748705375197 -45.5625 -65.5 2.12916533358527 11 
0007 0012 1 1670748705388217 -22.75 -58.0 3.4913402732277192 11 
0007 0008 1 1670748705390345 -39.0 -67.5 3.2827188860752723 11 
0007 0010 1 1670748705395057 -13.8125 -64.5 1.9696313316451632 11 
0007 0011 1 1670748705398165 -84.625 -65.5 0.5645049299419159 11 
0007 0008 2 1670748705438318 -136.6875 -67.5 3.7981364308048478 11 
0007 0013 2 1670748705440530 107.375 -60.0 5.43029198911517 11 
0007 0011 2 1670748705447739 -136.6875 -66.5 0.44178646691106466 11 
0007 0004 2 1670748705458349 24.375 -63.0 5.006913291658733 11 
0007 0015 2 1670748705459296 -84.625 -62.0 2.4727770300716534 11 
0007 0014 2 1670748705461715 146.4375 -67.0 2.6200391857086753 11 
0007 0007 3 1670748705511365 126.9375 -70.5 0.23930100291016002 11 
0007 0015 4 1670748705606641 156.1875 -71.5 2.6016314162540475 11 
0007 0013 6 1670748705724190 22.75 -67.5 2.4605051837685683 11 
0007 0005 6 1670748705745223 39.0 -66.5 0.030679615757712823 11 
0007 0006 6 1670748705746187 113.875 -72.0 4.411728745959104 11 
0007 0004 6 1670748705747600 -62.625 -70.0 5.313709449235861 11 
0007 0014 7 1670748705790069 13.0 -54.5 0.36815538909255385 11 
0007 0004 7 1670748705791303 -180.625 -67.0 5.902758071783947 11 
0007 0013 7 1670748705793457 -55.3125 -66.0 4.4976316700806995 11 
0007 0006 7 1670748705794901 74.8125 -68.0 1.4910293258248433 11 
0007 0008 7 1670748705799844 -52.0625 -64.5 1.6873788666742053 11 
0007 0015 7 1670748705801899 35.75 -69.5 5.7616318392984684 11 
0007 0007 7 1670748705812295 39.0 -60.0 5.5714182216006485 11 
0007 0001 7 1670748705816580 -7.3125 -63.5 2.282563412373834 11 
0007 0011 7 1670748705819698 -81.375 -67.5 2.4850488763747385 11 
0007 0005 7 1670748705821568 -91.125 -60.5 1.9205439464328227 11 
0007 0010 7 1670748705824639 -45.5625 -66.0 1.380582709097077 11 
0007 0013 8 1670748705868976 3.25 -68.0 4.743068596142402 11 
0007 0004 8 1670748705871294 -38.1875 -69.5 3.0925052683774528 11 
0007 0007 8 1670748705881468 -35.75 -69.0 4.853515212870168 11 
0007 0006 8 1670748705883367 110.625 -71.5 1.2517283229146832 11 
0007 0005 8 1670748705884527 32.5 -71.0 2.988194574801229 11 
0007 0014 8 1670748705886183 3.25 -67.5 5.00077736850719 11 
0007 0007 1 1670748706121796 13.0 -67.5 3.147728576741336 11 
0007 0001 1 1670748706123675 24.375 -70.5 2.4850488763747385 11 
0007 0008 1 1670748706124642 -16.25 -63.5 3.6140587362585705 11 
0007 0010 1 1670748706135180 -114.6875 -64.5 3.6017868899554855 11 
0007 0012 1 1670748706136382 59.375 -69.0 2.693670263527186 11 
0007 0014 1 1670748706140756 58.5625 -65.5 1.8960002538266525 11 
0007 0005 1 1670748706147642 -84.625 -68.0 4.908738521234052 11 
0007 0011 1 1670748706148632 22.75 -66.0 0.30066023442558565 11 
0007 0015 1 1670748706149835 9.75 -63.5 3.663146121470911 11 
0007 0015 2 1670748706201909 22.75 -59.5 6.068427996875596 11 
0007 0014 2 1670748706202899 -6.5 -68.5 2.3071071049800045 11 
0007 0005 2 1670748706206949 -100.875 -70.5 5.123495831538041 11 
0007 0011 2 1670748706211000 55.3125 -66.5 6.264777537724958 11 
0007 0010 2 1670748706213504 16.25 -65.5 2.2334760271614935 11 
0007 0008 2 1670748706217261 -13.0 -65.0 4.767612288748572 11 
0007 0006 2 1670748706223667 175.75 -68.0 0.3190680038802134 11 
0007 0005 3 1670748706267798 -26.0 -68.5 2.478912953223196 11 
0007 0015 5 1670748706421673 149.6875 -68.0 5.773903685601553 11 
0007 0005 6 1670748706487387 19.5 -72.0 0.8099418560036186 11 
0007 0006 7 1670748706548426 -3.25 -63.0 4.798291904506286 11 
0007 0004 7 1670748706549414 7.3125 -54.0 1.576932249946439 11 
0007 0011 7 1670748706567186 19.5 -63.0 3.749049045592507 11 
0007 0014 7 1670748706568092 58.5625 -63.0 2.141437179888355 11 
0007 0001 7 1670748706569009 -62.625 -62.5 4.405592822807561 11 
0007 0005 7 1670748706572891 -3.25 -64.5 1.8653206380689396 11 
0007 0015 7 1670748706574959 32.5 -68.0 0.28838838812250056 11 
0007 0010 8 1670748706616289 24.375 -67.5 0.662679700366597 11 
0007 0006 8 1670748706622736 58.5625 -64.0 2.8102528034064944 11 
0007 0014 8 1670748706643187 -74.8125 -70.5 5.283029833478148 11 
0007 0010 1 1670748706885450 34.9375 -61.0 2.4175537217077703 11 
0007 0007 1 1670748706896228 -48.8125 -60.0 4.589670517353839 11 
0007 0005 1 1670748706913395 35.75 -64.5 4.049709280018092 11 
0007 0008 1 1670748706919502 -84.625 -69.0 3.9269908169872414 11 
0007 0014 1 1670748706932100 -26.0 -72.5 3.6079228131070282 11 
0007 0004 2 1670748706961801 -159.5 -66.5 1.662835174068035 11 
0007 0008 2 1670748706964859 -9.75 -65.0 4.657165672020807 11 
0007 0007 2 1670748706965769 -55.3125 -66.0 0.6442719309119693 11 
0007 0015 2 1670748706973673 -45.5625 -66.0 1.8530487917658545 11 
0007 0014 2 1670748706980971 42.3125 -68.5 4.381049130201391 11 
0007 0009 2 1670748706989433 -13.0 -66.0 5.1725832167503825 11 
0007 0009 3 1670748707027513 35.75 -63.0 2.8532042654672924 11 
0007 0010 3 1670748707047716 76.4375 -65.5 2.411417798556228 11 
0007 0015 3 1670748707050558 48.8125 -66.0 1.1474176293384597 11 
0007 0008 3 1670748707055029 -48.8125 -67.5 4.061981126321178 11 
0007 0015 4 1670748707107954 0.0 -59.0 2.2334760271614935 11 
0007 0010 4 1670748707109982 -3.25 -66.0 4.270602513473625 11 
0007 0007 4 1670748707118050 123.6875 -68.0 4.4976316700806995 11 
0007 0006 4 1670748707121857 -182.25 -70.5 5.375068680751287 11 
0007 0007 6 1670748707245242 13.0 -61.0 3.380893656499953 11 
0007 0015 6 1670748707260980 -6.5 -68.0 4.95168998329485 11 
0007 0014 7 1670748707308069 6.5 -63.5 2.791845033951867 11 
0007 0001 7 1670748707309724 -34.9375 -62.0 5.387340527054372 11 
0007 0004 7 1670748707314312 13.8125 -54.5 0.5338253141842031 11 
0007 0005 7 1670748707315556 26.0 -62.0 3.2520392703175593 11 
0007 0006 7 1670748707316504 -22.75 -62.0 2.5770877236478773 11 
0007 0012 7 1670748707318941 29.25 -57.0 2.718213956133356 11 
0007 0015 7 1670748707322495 -84.625 -65.0 2.116893487282185 11 
0007 0012 8 1670748707398155 0.0 -69.5 0.07976700097005335 11 
0007 0010 8 1670748707400639 -59.375 -67.5 2.816388726558037 11 
0007 0004 8 1670748707402873 13.8125 -57.5 3.4606606574700063 11 
0007 0015 8 1670748707405848 97.625 -72.5 2.3746022596469727 11 
0007 0013 8 1670748707410760 -201.8125 -73.0 4.865787059173254 11 
0007 0010 1 1670748707633786 -24.375 -60.5 3.2397674240144743 11 
0007 0008 1 1670748707650962 -29.25 -68.5 0.11658253987930872 11 
0007 0015 2 1670748707692667 143.1875 -67.0 4.0558452031696355 11 
0007 0008 2 1670748707701510 0.0 -63.0 5.651185222570702 11 
0007 0004 2 1670748707702474 10.5625 -61.0 4.994641445355648 11 
0007 0009 2 1670748707706045 -29.25 -65.5 5.565282298449106 11 
0007 0014 2 1670748707718700 -231.0625 -69.0 6.1420590746941075 11 
0007 0013 2 1670748707722137 6.5 -69.0 5.344389064993574 11 
0007 0007 3 1670748707777659 -16.25 -68.0 4.620350133111551 11 
0007 0013 3 1670748707801153 26.0 -66.5 5.773903685601553 11 
0007 0013 4 1670748707836505 16.25 -71.0 1.5462526341887264 11 
0007 0011 4 1670748707864825 65.0625 -66.0 1.4051264017032472 11 
0007 0014 4 1670748707871031 71.5625 -66.0 0.9265243958829272 11 
0007 0005 4 1670748707871965 -19.5 -63.0 3.54042765844006 11 
0007 0009 6 1670748707973772 -84.625 -67.5 5.019185137961818 11 
0007 0001 7 1670748708028738 -113.875 -62.0 4.442408361716817 11 
0007 0004 7 1670748708039518 -111.4375 -64.5 5.565282298449106 11 
0007 0015 7 1670748708042200 91.125 -67.0 1.4480778637640452 11 
0007 0009 7 1670748708043140 -266.875 -69.5 4.344233591292136 11 
0007 0014 7 1670748708044966 -39.0 -67.0 2.2334760271614935 11 
0007 0006 7 1670748708049866 -3.25 -64.5 4.031301510563465 11 
0007 0012 7 1670748708054934 -100.875 -68.5 6.007068765360171 11 
