0003 0009 1 1670748781519794 -45.5625 -64.5 3.834951969714103 9 
0003 0004 1 1670748781527284 9.75 -65.0 3.497476196379262 9 
0003 0015 1 1670748781531906 113.875 -69.0 6.086835766330224 9 
0003 0011 1 1670748781538347 87.875 -64.5 1.705786636128833 9 
0003 0014 1 1670748781546235 -29.25 -69.0 0.01227184630308513 9 
0003 0013 1 1670748781550657 32.5 -66.5 3.5036121195308043 9 
0003 0007 1 1670748781553641 87.875 -68.5 3.2213596545598464 9 
0003 0005 2 1670748781588196 84.625 -67.0 5.921165841238575 9 
0003 0011 2 1670748781601407 55.3125 -64.5 2.2334760271614935 9 
0003 0014 2 1670748781619351 -87.875 -67.0 2.6568547246179306 9 
0003 0007 3 1670748781669960 35.75 -63.5 5.393476450205914 9 
0003 0008 3 1670748781682564 136.6875 -66.0 1.8407769454627694 9 
0003 0015 3 1670748781690322 55.3125 -65.0 5.872078456026235 9 
0003 0005 3 1670748781691537 -61.8125 -61.0 0.18407769454627693 9 
0003 0003 3 1670748781701720 3.25 -70.0 5.829126993965437 9 
0003 0011 4 1670748781736185 -6.5 -69.0 4.97623367590102 9 
0003 0009 4 1670748781740297 -45.5625 -64.0 2.0800779483729293 9 
0003 0007 4 1670748781747763 -6.5 -59.0 4.620350133111551 9 
0003 0005 4 1670748781749734 -29.25 -56.5 4.06811704947272 9 
0003 0014 4 1670748781751403 -26.0 -67.5 2.1230294104337273 9 
0003 0013 4 1670748781764958 -45.5625 -66.0 4.362641360746763 9 
0003 0015 4 1670748781769197 -19.5 -59.0 3.356349963893783 9 
0003 0000 4 1670748781796748 133.4375 -74.0 2.552544031041707 9 
0003 0014 5 1670748781830318 19.5 -65.0 2.000310947402876 9 
0003 0015 5 1670748781833379 -110.625 -65.5 5.129631754689584 9 
0003 0008 5 1670748781836509 -48.8125 -65.0 0.03681553890925539 9 
0003 0009 5 1670748781840465 -26.0 -63.5 1.8039614065535141 9 
0003 0006 5 1670748781842655 76.4375 -63.5 1.5033011721279284 9 
0003 0013 5 1670748781845052 -74.8125 -68.5 1.7426021750380885 9 
0003 0002 6 1670748781901959 -78.0625 -69.5 5.8475347634200645 9 
0003 0014 6 1670748781906747 74.8125 -68.0 1.7916895602504288 9 
0003 0004 6 1670748781911312 3.25 -61.5 6.1850105367549055 9 
0003 0006 6 1670748781913289 -21.125 -66.0 3.147728576741336 9 
0003 0013 6 1670748781918935 29.25 -71.0 2.9268353432858034 9 
0003 0015 6 1670748781921825 -29.25 -62.5 5.773903685601553 9 
0003 0004 7 1670748781957672 13.0 -68.5 6.117515382087937 9 
0003 0005 7 1670748781958908 -166.0 -72.0 0.9203884727313847 9 
0003 0014 7 1670748781961147 71.5625 -64.5 5.252350217720435 9 
0003 0009 7 1670748781988310 -87.0625 -68.0 5.295301679781233 9 
0003 0007 7 1670748781995284 26.0 -70.5 1.325359400733194 9 
0003 0004 8 1670748782028798 87.875 -71.5 5.307573526084319 9 
0003 0008 8 1670748782029731 -61.8125 -67.0 5.7616318392984684 9 
0003 0009 8 1670748782030863 24.375 -69.0 0.11658253987930872 9 
0003 0010 8 1670748782033305 -3.25 -73.0 0.9326603190344698 9 
0003 0005 8 1670748782044561 -52.0625 -72.0 0.4111068511533518 9 
0003 0006 8 1670748782057055 -139.125 -71.0 0.32520392703175593 9 
0003 0004 1 1670748782284419 48.8125 -68.0 4.516039439535327 9 
0003 0013 1 1670748782288622 3.25 -70.5 0.4479223900626072 9 
0003 0015 1 1670748782296210 61.8125 -71.0 0.30679615757712825 9 
0003 0014 1 1670748782297638 -3.25 -70.5 5.295301679781233 9 
0003 0007 1 1670748782311647 35.75 -67.0 3.9085830475326135 9 
0003 0009 1 1670748782321202 -97.625 -68.0 0.30679615757712825 9 
0003 0005 2 1670748782356518 -71.5625 -67.5 1.1965050145508 9 
0003 0013 2 1670748782362712 -107.375 -67.0 3.2029518851052186 9 
0003 0007 3 1670748782441864 29.25 -62.0 1.8162332528565992 9 
0003 0005 3 1670748782443561 -39.0 -61.5 4.534447208989955 9 
0003 0015 4 1670748782498154 13.0 -58.5 1.9082721001297376 9 
0003 0005 4 1670748782505747 6.5 -63.0 6.000932842208628 9 
0003 0007 4 1670748782507627 6.5 -59.5 1.8223691760081417 9 
0003 0014 4 1670748782509101 94.375 -68.5 0.42337869745643697 9 
0003 0013 4 1670748782528694 42.3125 -62.5 2.6200391857086753 9 
0003 0014 5 1670748782577781 -32.5 -62.0 2.552544031041707 9 
0003 0004 5 1670748782583836 68.3125 -65.5 1.9696313316451632 9 
0003 0015 5 1670748782584801 -16.25 -58.5 1.9205439464328227 9 
0003 0012 5 1670748782589920 -29.25 -62.5 5.994796919057086 9 
0003 0007 5 1670748782600213 100.875 -70.0 6.12365130523948 9 
0003 0006 5 1670748782623100 -10.5625 -69.0 3.9208548938356986 9 
0003 0002 6 1670748782671315 -55.3125 -69.0 5.724816300389213 9 
0003 0012 6 1670748782672309 35.75 -64.5 2.6691265709210157 9 
0003 0014 6 1670748782677531 -42.3125 -59.5 4.196971435655114 9 
0003 0006 6 1670748782690420 -59.375 -68.0 2.2150682577068657 9 
0003 0004 6 1670748782696557 -3.25 -61.5 5.2339424482658075 9 
0003 0007 7 1670748782743569 3.25 -68.0 0.5522330836388308 9 
0003 0009 7 1670748782748865 3.25 -67.0 3.5465635815916023 9 
0003 0004 7 1670748782759066 71.5625 -67.5 3.098641191528995 9 
0003 0012 7 1670748782762288 -78.0625 -65.0 3.0066023442558567 9 
0003 0005 7 1670748782770382 0.0 -71.0 6.086835766330224 9 
0003 0012 8 1670748782815192 -9.75 -70.5 4.816699673960914 9 
0003 0008 8 1670748782817630 -39.0 -68.0 4.221515128261284 9 
0003 0007 1 1670748783066443 -26.0 -65.5 0.4111068511533518 9 
0003 0005 1 1670748783071359 -120.4375 -69.5 5.755495916146925 9 
0003 0003 1 1670748783090525 284.8125 -72.0 1.7119225592803755 9 
0003 0008 1 1670748783093821 19.5 -68.5 5.681864838328415 9 
0003 0009 2 1670748783130893 -221.3125 -68.0 5.2768939103266055 9 
0003 0004 2 1670748783135774 58.5625 -66.0 1.41126232485479 9 
0003 0010 2 1670748783166184 120.4375 -67.0 6.240233845118788 9 
0003 0003 3 1670748783227387 -130.1875 -69.5 4.368777283898306 9 
0003 0005 3 1670748783231424 52.0625 -62.0 0.607456392002714 9 
0003 0008 3 1670748783242884 13.0 -63.5 1.1780972450961724 9 
0003 0015 3 1670748783246073 -42.3125 -63.0 5.589825991055276 9 
0003 0007 3 1670748783260624 -6.5 -64.5 4.558990901596125 9 
0003 0005 4 1670748783310489 13.0 -61.0 2.1966604882522383 9 
0003 0015 4 1670748783316388 -13.0 -59.5 3.9392626632903265 9 
0003 0007 4 1670748783321851 -22.75 -57.0 4.215379205109742 9 
0003 0014 4 1670748783327061 -16.25 -64.5 0.34974761963792617 9 
0003 0015 5 1670748783386627 -58.5625 -66.5 5.45483568172134 9 
0003 0012 5 1670748783395454 3.25 -61.0 1.4358060174609601 9 
0003 0014 5 1670748783397901 42.3125 -58.5 2.184388641949153 9 
0003 0004 6 1670748783448483 6.5 -60.0 1.4910293258248433 9 
0003 0002 6 1670748783461610 -16.25 -69.5 5.8045833013592665 9 
0003 0012 6 1670748783466889 13.0 -64.5 3.9208548938356986 9 
0003 0006 6 1670748783468061 -52.0625 -69.5 4.651029748869264 9 
0003 0005 6 1670748783470416 -175.75 -71.0 5.688000761479957 9 
0003 0011 7 1670748783526614 -22.75 -68.5 6.234097921967246 9 
0003 0004 7 1670748783549959 78.0625 -70.0 2.779573187648782 9 
0003 0015 8 1670748783576740 22.75 -68.0 1.055378782065321 9 
0003 0005 8 1670748783606460 100.875 -71.5 4.3933209765044765 9 
0003 0013 1 1670748783826859 -13.0 -67.5 4.534447208989955 9 
0003 0015 1 1670748783828335 22.75 -65.5 1.227184630308513 9 
0003 0008 1 1670748783840573 45.5625 -65.5 4.681709364626977 9 
0003 0005 1 1670748783845320 208.3125 -72.0 1.932815792735908 9 
0003 0007 1 1670748783852282 123.6875 -69.5 4.792155981354743 9 
0003 0014 1 1670748783866858 -22.75 -68.0 3.5711072741977725 9 
0003 0011 1 1670748783869041 159.5 -67.5 1.8223691760081417 9 
0003 0005 3 1670748783969506 -52.0625 -65.5 3.466796580621549 9 
0003 0013 3 1670748783979370 107.375 -65.5 4.7860200582032 9 
0003 0007 3 1670748783980976 91.125 -63.5 1.6260196351587797 9 
0003 0005 4 1670748784045990 -198.5625 -68.5 5.123495831538041 9 
0003 0007 4 1670748784049518 0.0 -56.0 0.380427235395639 9 
0003 0015 4 1670748784062987 -22.75 -59.5 3.890175278077986 9 
0003 0006 4 1670748784065420 34.9375 -69.5 1.7916895602504288 9 
0003 0013 4 1670748784082778 42.3125 -70.5 3.4913402732277192 9 
0003 0014 5 1670748784131824 -198.5625 -68.0 3.153864499892878 9 
0003 0015 5 1670748784137542 -22.75 -65.0 1.736466251886546 9 
0003 0004 5 1670748784142197 58.5625 -68.5 0.5460971604872883 9 
0003 0013 5 1670748784155978 -175.75 -69.5 4.595806440505381 9 
0003 0014 6 1670748784201571 -58.5625 -66.5 0.5890486225480862 9 
0003 0002 6 1670748784205675 -16.25 -66.5 5.755495916146925 9 
0003 0015 6 1670748784211109 -9.75 -62.5 3.399301425954581 9 
0003 0013 6 1670748784213106 13.0 -70.5 3.7429131224409646 9 
0003 0004 6 1670748784216469 0.0 -63.5 1.0185632431560658 9 
0003 0014 7 1670748784259766 -22.75 -63.0 3.2029518851052186 9 
0003 0009 8 1670748784323925 -38.1875 -64.5 5.939573610693203 9 
0003 0014 8 1670748784329017 -13.0 -59.5 5.2339424482658075 9 
0003 0004 8 1670748784329955 -188.75 -71.5 3.4177091954092087 9 
0003 0014 1 1670748784558428 -78.0625 -69.0 3.3379421944391554 9 
0003 0011 1 1670748784570103 -26.0 -66.5 2.6998061866787286 9 
0003 0008 1 1670748784575336 16.25 -63.0 5.9518454569962875 9 
0003 0012 1 1670748784583996 -39.0 -64.5 3.485204350076177 9 
0003 0009 1 1670748784598430 13.8125 -67.0 5.240078371417351 9 
0003 0011 2 1670748784644143 16.25 -63.0 4.264466590322082 9 
0003 0004 2 1670748784645091 58.5625 -60.0 2.386874105950058 9 
0003 0010 2 1670748784655293 -22.75 -65.0 2.2212041808584084 9 
0003 0014 2 1670748784666408 -22.75 -63.5 2.3009711818284617 9 
0003 0015 2 1670748784678913 58.5625 -67.5 1.4480778637640452 9 
0003 0005 2 1670748784684281 -110.625 -68.5 1.9573594853420782 9 
0003 0005 3 1670748784726724 0.0 -60.0 2.9943304979527716 9 
0003 0007 3 1670748784727991 32.5 -67.0 1.4296700943094176 9 
0003 0015 4 1670748784806244 -52.0625 -62.5 4.0128937411088375 9 
0003 0007 4 1670748784825697 13.0 -64.5 0.09203884727313846 9 
0003 0005 4 1670748784827991 -22.75 -66.5 4.522175362686871 9 
0003 0006 4 1670748784841492 13.8125 -71.0 6.178874613603362 9 
0003 0015 5 1670748784899468 13.0 -58.5 1.5830681730979816 9 
0003 0006 5 1670748784904529 24.375 -69.5 1.337631247036279 9 
0003 0014 5 1670748784924941 87.875 -66.5 5.755495916146925 9 
0003 0007 5 1670748784925877 -78.0625 -71.0 4.074252972624263 9 
0003 0014 6 1670748784977518 -3.25 -64.0 3.429981041712294 9 
0003 0005 6 1670748784993094 -120.4375 -71.5 2.435961491162398 9 
0003 0006 7 1670748785038221 -87.0625 -64.5 4.76147636559703 9 
0003 0010 7 1670748785043045 48.8125 -64.0 2.4175537217077703 9 
0003 0009 7 1670748785049099 -26.0 -65.5 2.8716120349219203 9 
0003 0008 7 1670748785051234 -84.625 -65.0 3.9760782021995817 9 
0003 0015 7 1670748785056567 87.875 -69.0 2.9697868053466014 9 
0003 0002 7 1670748785063265 81.375 -68.5 4.7860200582032 9 
0003 0012 7 1670748785065686 -9.75 -56.5 5.982525072754001 9 
0003 0014 7 1670748785068008 35.75 -61.5 1.4419419406125027 9 
0003 0005 8 1670748785106457 -3.25 -70.0 5.743224069843841 9 
0003 0012 8 1670748785107649 26.0 -60.0 0.7915340865489908 9 
0003 0010 8 1670748785114804 -55.3125 -60.5 5.460971604872882 9 
0003 0009 8 1670748785119706 -27.625 -59.5 4.301282129231338 9 
0003 0008 8 1670748785121390 -22.75 -60.0 4.6878452877785195 9 
0003 0004 8 1670748785126209 -6.5 -59.5 5.21553467881118 9 
0003 0000 8 1670748785144157 274.1875 -75.5 5.0253210611133605 9 
0003 0009 1 1670748785378280 0.0 -56.5 1.6321555583103222 9 
0003 0008 1 1670748785381596 -26.0 -59.5 4.080388895775806 9 
0003 0004 1 1670748785391368 -52.0625 -70.0 5.743224069843841 9 
0003 0003 1 1670748785399428 208.3125 -71.0 2.141437179888355 9 
0003 0012 1 1670748785406117 201.8125 -72.5 0.42337869745643697 9 
0003 0015 1 1670748785407051 -104.125 -69.0 3.215223731408304 9 
0003 0007 1 1670748785408528 107.375 -71.0 6.117515382087937 9 
0003 0014 1 1670748785412604 192.0 -69.0 3.2090878082567613 9 
0003 0010 1 1670748785413553 61.8125 -71.0 2.172116795646068 9 
0003 0005 1 1670748785415154 -169.25 -69.5 3.890175278077986 9 
0003 0014 2 1670748785468497 -55.3125 -61.5 3.160000423044421 9 
0003 0006 2 1670748785471096 -104.125 -67.5 4.779884135051658 9 
0003 0008 2 1670748785475733 -152.9375 -63.0 5.491651220630596 9 
0003 0009 2 1670748785476890 -7.3125 -60.5 4.675573441475434 9 
0003 0004 2 1670748785483494 -97.625 -67.5 5.945709533844745 9 
0003 0011 2 1670748785485419 -42.3125 -68.5 1.7671458676442586 9 
0003 0010 2 1670748785486567 117.125 -64.0 4.552854978444583 9 
0003 0015 2 1670748785488593 -48.8125 -62.5 5.252350217720435 9 
0003 0005 2 1670748785489753 -55.3125 -64.5 0.11658253987930872 9 
0003 0003 2 1670748785491946 79.75 -67.0 1.9512235621905356 9 
0003 0007 4 1670748785647441 -9.75 -73.5 0.44178646691106466 9 
0003 0004 6 1670748785780219 16.25 -66.0 1.533980787885641 9 
0003 0007 7 1670748785832023 78.0625 -67.0 1.5278448647340985 9 
0003 0009 7 1670748785833848 55.3125 -66.0 1.932815792735908 9 
0003 0014 7 1670748785834795 29.25 -57.0 1.846912868614312 9 
0003 0008 7 1670748785842147 0.0 -63.0 3.0925052683774528 9 
0003 0010 7 1670748785844741 -9.75 -61.0 1.8775924843720249 9 
0003 0015 7 1670748785848921 -3.25 -61.5 1.3008157081270237 9 
0003 0012 7 1670748785851474 -16.25 -68.0 5.221670601962723 9 
0003 0006 7 1670748785854037 7.3125 -61.5 4.417864669110647 9 
0003 0011 7 1670748785855818 -48.8125 -64.5 3.2520392703175593 9 
0003 0002 7 1670748785863701 -74.8125 -69.0 3.865631585471816 9 
0003 0012 8 1670748785897647 -16.25 -73.5 0.21475731030398976 9 
0003 0004 8 1670748785898596 -68.3125 -63.5 4.1601558967458585 9 
0003 0010 8 1670748785899969 -22.75 -68.5 3.56497135104623 9 
0003 0015 8 1670748785900892 29.25 -69.0 2.2457478734645786 9 
0003 0006 8 1670748785919378 -135.0625 -68.5 3.6876898140770815 9 
0003 0013 8 1670748785925864 -16.25 -64.5 1.2762720155208536 9 
0003 0008 8 1670748785927892 111.4375 -65.0 5.332117218690489 9 
0003 0008 1 1670748786151371 -9.75 -55.5 1.8530487917658545 9 
0003 0014 1 1670748786153719 3.25 -58.5 3.3379421944391554 9 
0003 0005 1 1670748786160190 -35.75 -61.0 3.466796580621549 9 
0003 0007 1 1670748786161564 42.3125 -60.5 5.295301679781233 9 
0003 0009 1 1670748786167523 10.5625 -55.0 5.755495916146925 9 
0003 0015 1 1670748786170048 19.5 -58.5 0.28838838812250056 9 
0003 0000 1 1670748786171011 29.25 -72.5 0.6013204688511713 9 
0003 0013 1 1670748786176627 -9.75 -64.5 5.829126993965437 9 
0003 0011 1 1670748786179452 -61.8125 -64.5 5.086680292628786 9 
0003 0004 1 1670748786190509 74.8125 -69.5 1.1658253987930873 9 
0003 0007 2 1670748786235938 52.0625 -64.5 2.3746022596469727 9 
0003 0014 2 1670748786238432 152.9375 -59.0 1.012427320004523 9 
0003 0011 2 1670748786241065 113.875 -62.5 5.160311370447297 9 
0003 0013 2 1670748786246408 35.75 -58.5 2.9084275738311756 9 
0003 0005 2 1670748786254778 -45.5625 -67.0 5.209398755659637 9 
0003 0009 2 1670748786255810 10.5625 -64.5 2.8716120349219203 9 
0003 0004 2 1670748786260126 166.0 -67.0 2.9513790358919736 9 
0003 0005 3 1670748786339297 0.0 -62.5 1.3621749396424494 9 
0003 0007 4 1670748786386614 -26.0 -64.5 1.7548740213411735 9 
0003 0014 5 1670748786462609 -19.5 -65.0 5.8475347634200645 9 
