0001 0015 1 1670748796007946 -13.0 -67.0 2.1353012567368124 7 
0001 0007 1 1670748796035883 32.5 -71.5 2.9268353432858034 7 
0001 0011 1 1670748796038963 -39.0 -69.0 3.147728576741336 7 
0001 0012 2 1670748796086625 26.0 -65.5 2.988194574801229 7 
0001 0002 3 1670748796180798 19.5 -64.0 5.5714182216006485 7 
0001 0014 3 1670748796181766 65.0625 -66.0 1.8223691760081417 7 
0001 0007 3 1670748796186442 -100.875 -63.0 5.8475347634200645 7 
0001 0005 3 1670748796202017 9.75 -62.5 3.423845118560751 7 
0001 0003 3 1670748796240116 -6.5 -70.0 3.497476196379262 7 
0001 0004 3 1670748796244502 -146.4375 -67.0 1.3008157081270237 7 
0001 0014 4 1670748796313959 0.0 -63.0 2.141437179888355 7 
0001 0004 4 1670748796319303 -19.5 -62.5 3.6079228131070282 7 
0001 0007 4 1670748796327232 130.1875 -69.5 2.313243028131547 7 
0001 0004 6 1670748796460374 32.5 -66.5 1.9696313316451632 7 
0001 0010 6 1670748796486976 -93.5625 -69.0 2.5832236467994196 7 
0001 0015 7 1670748796522901 29.25 -68.5 5.117359908386499 7 
0001 0004 7 1670748796530490 22.75 -65.5 2.7979809571034093 7 
0001 0006 7 1670748796547828 -55.3125 -70.0 5.141903600992669 7 
0001 0013 7 1670748796553824 -240.875 -70.5 2.3071071049800045 7 
0001 0014 8 1670748796594292 -32.5 -67.5 3.509748042682347 7 
0001 0013 8 1670748796605742 6.5 -67.0 1.9634954084936207 7 
0001 0010 1 1670748796846317 114.6875 -66.0 1.6014759425526093 7 
0001 0014 1 1670748796847748 9.75 -67.0 5.1725832167503825 7 
0001 0004 1 1670748796871431 29.25 -68.5 5.086680292628786 7 
0001 0011 1 1670748796872366 35.75 -66.5 3.5772431973493153 7 
0001 0014 2 1670748796935642 -113.875 -65.0 3.2213596545598464 7 
0001 0004 3 1670748797011845 3.25 -56.5 3.117048960983623 7 
0001 0015 3 1670748797014944 -48.8125 -65.5 2.8777479580734626 7 
0001 0007 3 1670748797019505 -52.0625 -69.0 5.209398755659637 7 
0001 0006 3 1670748797034056 16.25 -66.5 4.356505437595221 7 
0001 0010 3 1670748797036423 76.4375 -70.5 0.2454369260617026 7 
0001 0013 3 1670748797037893 6.5 -61.0 4.04357335686655 7 
0001 0006 4 1670748797086922 -74.8125 -68.5 5.841398840268521 7 
0001 0004 4 1670748797104418 -13.0 -58.5 0.2454369260617026 7 
0001 0014 4 1670748797108115 133.4375 -69.0 0.21475731030398976 7 
0001 0003 4 1670748797116562 -61.8125 -73.0 0.380427235395639 7 
0001 0015 4 1670748797117496 -6.5 -65.0 0.1718058482431918 7 
0001 0010 5 1670748797171980 -104.125 -69.5 4.264466590322082 7 
0001 0004 5 1670748797179305 -84.625 -68.0 3.0372819600135696 7 
0001 0013 6 1670748797255828 -16.25 -69.0 1.8346410223112268 7 
0001 0010 7 1670748797299993 -10.5625 -63.5 3.3195344249845276 7 
0001 0014 8 1670748797367804 -26.0 -64.0 2.2641556429192065 7 
0001 0012 8 1670748797391062 19.5 -68.0 1.1474176293384597 7 
0001 0002 8 1670748797412625 292.9375 -77.5 5.307573526084319 7 
0001 0010 1 1670748797635587 7.3125 -59.5 2.5402721847386216 7 
0001 0005 1 1670748797645299 71.5625 -65.0 4.804427827657828 7 
0001 0011 1 1670748797652203 32.5 -66.0 6.007068765360171 7 
0001 0012 1 1670748797663041 -84.625 -66.5 1.8407769454627694 7 
0001 0015 1 1670748797668562 -117.125 -67.0 0.4724660826687775 7 
0001 0009 1 1670748797669656 -81.375 -65.5 0.6810874698212247 7 
0001 0014 1 1670748797670834 -152.9375 -67.5 4.246058820867455 7 
0001 0007 3 1670748797799198 -39.0 -59.5 2.227340104009951 7 
0001 0014 3 1670748797800405 -156.1875 -61.5 3.104777114680538 7 
0001 0005 3 1670748797801366 -32.5 -58.5 3.1661363461959633 7 
0001 0008 3 1670748797802344 -142.375 -70.5 2.5280003384355365 7 
0001 0006 3 1670748797803336 -227.8125 -69.5 0.25157284921324513 7 
0001 0015 3 1670748797807389 -78.0625 -61.0 1.2455923997631406 7 
0001 0009 3 1670748797834628 -143.1875 -68.5 4.706253057233147 7 
0001 0005 4 1670748797909128 -91.125 -65.5 4.239922897715912 7 
0001 0008 4 1670748797913008 90.3125 -70.5 1.6382914814618648 7 
0001 0012 4 1670748797914199 13.0 -62.0 2.9820586516496865 7 
0001 0003 4 1670748797917821 -146.4375 -71.5 4.724660826687775 7 
0001 0009 4 1670748797920724 -39.0 -65.0 5.589825991055276 7 
0001 0010 4 1670748797927430 130.1875 -73.0 6.135923151542564 7 
0001 0012 5 1670748797956427 26.0 -64.5 1.5155730184310134 7 
0001 0007 5 1670748797987041 16.25 -63.0 5.810719224510809 7 
0001 0015 5 1670748797989364 52.0625 -65.5 2.5034566458293663 7 
0001 0012 7 1670748798111692 74.8125 -69.0 1.2946797849754812 7 
0001 0012 8 1670748798159651 65.0625 -64.0 5.037592907416445 7 
0001 0015 8 1670748798160631 -29.25 -62.5 5.835262917116979 7 
0001 0011 1 1670748798406087 107.375 -66.5 1.3744467859455345 7 
0001 0015 1 1670748798419334 13.0 -60.5 0.44178646691106466 7 
0001 0013 1 1670748798422532 -13.0 -62.5 3.6999616603801666 7 
0001 0010 1 1670748798430122 -62.625 -66.5 2.380738182798515 7 
0001 0009 1 1670748798433431 29.25 -65.0 1.6689710972195777 7 
0001 0011 2 1670748798505766 -29.25 -70.0 3.2949907323783574 7 
0001 0014 3 1670748798539837 -6.5 -58.0 2.098485717827557 7 
0001 0015 3 1670748798544013 130.1875 -69.0 5.638913376267617 7 
0001 0005 3 1670748798555189 52.0625 -60.0 2.448233337465483 7 
0001 0006 3 1670748798557002 113.875 -70.5 0.619728238305799 7 
0001 0012 3 1670748798560795 91.125 -66.5 1.0185632431560658 7 
0001 0007 3 1670748798562932 13.0 -60.5 4.847379289718626 7 
0001 0013 3 1670748798578923 214.8125 -70.0 6.031612457966341 7 
0001 0007 4 1670748798617855 104.125 -67.5 2.116893487282185 7 
0001 0012 4 1670748798648206 -9.75 -63.5 3.9269908169872414 7 
0001 0007 5 1670748798695503 -71.5625 -67.0 2.8532042654672924 7 
0001 0012 5 1670748798710214 -16.25 -72.0 2.098485717827557 7 
0001 0014 6 1670748798767918 -32.5 -64.5 0.03681553890925539 7 
0001 0014 7 1670748798827892 -22.75 -65.0 3.0925052683774528 7 
0001 0014 8 1670748798892609 -29.25 -64.5 5.602097837358362 7 
0001 0014 1 1670748799120505 -87.875 -69.5 5.4671075280244255 7 
0001 0009 1 1670748799122731 -237.5625 -71.0 4.417864669110647 7 
0001 0010 1 1670748799124880 59.375 -64.0 0.6504078540635119 7 
0001 0011 1 1670748799125813 -9.75 -61.0 4.104932588381976 7 
0001 0008 1 1670748799131082 -104.125 -68.5 5.902758071783947 7 
0001 0013 1 1670748799137856 0.0 -59.0 3.2397674240144743 7 
0001 0015 1 1670748799141792 0.0 -62.0 1.8714565612204823 7 
0001 0004 1 1670748799144717 -71.5625 -70.0 6.270913460876501 7 
0001 0006 1 1670748799149119 152.9375 -71.5 0.07363107781851078 7 
0001 0014 2 1670748799206062 -35.75 -69.0 4.933282213840222 7 
0001 0011 2 1670748799211124 146.4375 -68.0 2.9575149590435164 7 
0001 0008 2 1670748799213117 58.5625 -69.5 3.393165502803038 7 
0001 0013 2 1670748799214095 -26.0 -69.5 0.0 7 
0001 0006 2 1670748799231603 -449.1875 -74.0 5.9518454569962875 7 
0001 0006 3 1670748799262250 -29.25 -66.5 0.6135923151542565 7 
0001 0013 3 1670748799263170 61.8125 -63.0 2.6691265709210157 7 
0001 0004 3 1670748799264088 -9.75 -60.5 4.528311285838413 7 
0001 0014 3 1670748799266443 68.3125 -67.5 5.2339424482658075 7 
0001 0004 4 1670748799320976 -6.5 -71.0 4.295146206079795 7 
0001 0013 4 1670748799332295 3.25 -71.5 3.5342917352885173 7 
0001 0006 4 1670748799336930 6.5 -64.5 2.748893571891069 7 
0001 0013 5 1670748799396477 13.0 -69.5 4.71238898038469 7 
0001 0004 5 1670748799410502 -55.3125 -65.5 0.7424467013366504 7 
0001 0004 7 1670748799513842 107.375 -68.5 2.6445828783148455 7 
0001 0013 7 1670748799520178 100.875 -69.5 4.841243366567084 7 
0001 0014 8 1670748799570431 3.25 -58.5 0.09817477042468103 7 
0001 0004 8 1670748799577813 -29.25 -66.5 4.123340357836604 7 
0001 0013 1 1670748799818871 -42.3125 -61.5 3.785864584501762 7 
0001 0010 1 1670748799820073 -13.8125 -63.5 5.577554144752192 7 
0001 0007 1 1670748799822013 -3.25 -64.5 5.773903685601553 7 
0001 0014 1 1670748799829797 -22.75 -64.0 0.6320000846088841 7 
0001 0008 1 1670748799835487 -6.5 -67.0 3.227495577711389 7 
0001 0004 1 1670748799840683 9.75 -64.5 5.743224069843841 7 
0001 0011 1 1670748799853692 -19.5 -64.5 5.516194913236766 7 
0001 0012 1 1670748799859352 -182.25 -71.5 4.749204519293945 7 
0001 0008 2 1670748799980401 -55.3125 -70.5 4.503767593232243 7 
0001 0015 3 1670748800016421 -26.0 -63.5 2.018718716857504 7 
0001 0011 3 1670748800045304 162.75 -68.0 4.6878452877785195 7 
0001 0006 3 1670748800069446 240.875 -72.0 1.761009944492716 7 
0001 0015 4 1670748800116340 -126.9375 -66.0 4.276738436625168 7 
0001 0010 8 1670748800417599 34.9375 -69.0 4.743068596142402 7 
0001 0012 8 1670748800418773 -3.25 -63.5 4.1417481272912315 7 
0001 0015 8 1670748800441391 16.25 -59.0 3.6999616603801666 7 
0001 0014 8 1670748800443716 32.5 -66.0 5.368932757599744 7 
0001 0009 1 1670748800666986 -9.75 -59.0 1.4542137869155878 7 
0001 0013 1 1670748800671643 -61.8125 -70.5 5.375068680751287 7 
0001 0011 1 1670748800681313 29.25 -67.0 0.23930100291016002 7 
0001 0010 1 1670748800688554 7.3125 -57.5 1.7732817907958012 7 
0001 0005 1 1670748800690794 166.0 -66.5 0.944932165337555 7 
0001 0014 1 1670748800697183 123.6875 -66.5 1.4787574795217582 7 
0001 0012 1 1670748800698490 -29.25 -63.0 1.5830681730979816 7 
0001 0006 1 1670748800701855 48.8125 -64.0 4.957825906446392 7 
0001 0015 1 1670748800703342 13.0 -57.5 2.730485802436441 7 
0001 0008 1 1670748800708439 13.8125 -69.5 2.350058567040802 7 
0001 0000 1 1670748800713221 152.9375 -74.5 1.3130875544301088 7 
0001 0015 2 1670748800746477 -6.5 -61.5 5.375068680751287 7 
0001 0012 2 1670748800749497 -9.75 -64.0 1.282407938672396 7 
0001 0006 2 1670748800775506 -61.8125 -70.5 2.724349879284899 7 
0001 0008 2 1670748800776541 42.3125 -70.0 2.313243028131547 7 
0001 0007 3 1670748800846829 52.0625 -60.0 1.3069516312785663 7 
0001 0005 3 1670748800851240 -104.125 -65.0 3.067961575771282 7 
0001 0015 3 1670748800856550 208.3125 -68.0 1.8837284075235674 7 
0001 0012 4 1670748800907074 146.4375 -73.0 4.865787059173254 7 
