0006 0007 1 1670742148285817 -61.8125 -64.0 4.914874444385594 14 
0006 0005 2 1670742148375185 0.0 -69.5 2.1966604882522383 14 
0006 0014 3 1670742148430978 -107.375 -68.5 5.902758071783947 14 
0006 0004 4 1670742148505327 -19.5 -67.0 1.184233168247715 14 
0006 0014 4 1670742148509576 -29.25 -61.0 5.71868037723767 14 
0006 0003 4 1670742148520291 -65.875 -72.0 1.2578642460662257 14 
0006 0005 4 1670742148522161 16.25 -69.0 2.521864415283994 14 
0006 0006 5 1670742148551810 146.4375 -73.0 1.8223691760081417 14 
0006 0008 5 1670742148555827 -21.125 -61.0 4.28287435977671 14 
0006 0005 5 1670742148556777 -22.75 -62.0 4.773748211900116 14 
0006 0014 5 1670742148557968 -32.5 -60.5 5.8475347634200645 14 
0006 0002 5 1670742148559653 42.3125 -66.5 6.240233845118788 14 
0006 0004 5 1670742148561335 19.5 -61.5 1.846912868614312 14 
0006 0009 5 1670742148568508 -117.125 -68.5 3.1906800388021335 14 
0006 0000 5 1670742148569471 91.125 -68.5 2.399145952253143 14 
0006 0011 5 1670742148595489 -205.0625 -71.0 4.914874444385594 14 
0006 0011 6 1670742148638423 39.0 -66.0 0.705631162427395 14 
0006 0007 6 1670742148643523 68.3125 -65.0 0.7363107781851077 14 
0006 0003 6 1670742148645714 3.25 -55.0 1.8285050991596843 14 
0006 0004 6 1670742148646650 -22.75 -66.0 5.8045833013592665 14 
0006 0002 6 1670742148648825 -16.25 -66.5 5.264622064023521 14 
0006 0005 6 1670742148652944 26.0 -69.0 4.522175362686871 14 
0006 0008 6 1670742148653950 -26.0 -61.0 3.429981041712294 14 
0006 0015 6 1670742148656021 10.5625 -61.0 6.129787228391022 14 
0006 0014 6 1670742148656986 -13.0 -58.5 4.289010282928253 14 
0006 0006 6 1670742148659118 6.5 -66.0 4.565126824747668 14 
0006 0000 6 1670742148666832 16.25 -68.0 2.313243028131547 14 
0006 0010 6 1670742148673646 156.1875 -73.5 1.5278448647340985 14 
0006 0009 6 1670742148697156 123.6875 -74.0 2.356194490192345 14 
0006 0005 7 1670742148745751 -3.25 -65.5 3.6140587362585705 14 
0006 0015 7 1670742148756351 -13.8125 -64.0 3.436116964863836 14 
0006 0007 7 1670742148762459 -55.3125 -67.0 4.755340442445488 14 
0006 0014 8 1670742148786498 65.0625 -71.5 1.1228739367322893 14 
0006 0003 8 1670742148797093 97.625 -70.0 2.9206994201342606 14 
0006 0007 8 1670742148802110 3.25 -68.5 2.859340188618835 14 
0006 0005 8 1670742148827912 48.8125 -70.5 5.546874528994478 14 
0006 0005 1 1670742149073787 -3.25 -71.5 5.5100589900852235 14 
0006 0007 1 1670742149075881 16.25 -65.0 4.798291904506286 14 
0006 0005 2 1670742149151379 -247.375 -68.5 2.5157284921324514 14 
0006 0014 3 1670742149241392 -84.625 -70.0 5.878214379177777 14 
0006 0014 4 1670742149291557 -9.75 -61.5 5.712544454086128 14 
0006 0004 4 1670742149304410 0.0 -68.0 1.2210487071569704 14 
0006 0005 4 1670742149306527 42.3125 -69.5 2.60776733940559 14 
0006 0003 4 1670742149329424 0.0 -72.5 1.0799224746714913 14 
0006 0014 5 1670742149367155 16.25 -60.0 5.7616318392984684 14 
0006 0006 5 1670742149368814 247.375 -71.0 1.7732817907958012 14 
0006 0005 5 1670742149369746 -19.5 -61.5 4.773748211900116 14 
0006 0008 5 1670742149371358 -10.5625 -61.0 4.28287435977671 14 
0006 0002 5 1670742149374463 6.5 -65.5 0.006135923151542565 14 
0006 0000 5 1670742149386284 61.8125 -68.5 2.5402721847386216 14 
0006 0004 5 1670742149387869 -9.75 -61.0 1.859184714917397 14 
0006 0009 5 1670742149392116 94.375 -69.5 2.6998061866787286 14 
0006 0003 6 1670742149435994 7.3125 -55.0 1.8530487917658545 14 
0006 0008 6 1670742149437932 -3.25 -61.5 3.3747577333484107 14 
0006 0007 6 1670742149442719 58.5625 -64.5 0.760854470791278 14 
0006 0000 6 1670742149444392 91.125 -67.5 2.172116795646068 14 
0006 0002 6 1670742149447420 19.5 -66.5 5.240078371417351 14 
0006 0014 6 1670742149451469 -22.75 -58.5 4.3074180523828804 14 
0006 0004 6 1670742149452419 -42.3125 -66.0 5.8475347634200645 14 
0006 0011 6 1670742149454554 9.75 -66.0 0.7301748550335652 14 
0006 0015 6 1670742149455542 -3.25 -61.0 6.1420590746941075 14 
0006 0005 6 1670742149460277 19.5 -69.5 4.552854978444583 14 
0006 0006 6 1670742149468644 -35.75 -66.5 4.657165672020807 14 
0006 0010 6 1670742149471517 -35.75 -74.5 1.7303303287350031 14 
0006 0009 6 1670742149477373 84.625 -74.5 2.141437179888355 14 
0006 0015 7 1670742149526076 13.8125 -65.0 3.393165502803038 14 
0006 0007 7 1670742149532386 27.625 -68.0 4.608078286808466 14 
0006 0005 7 1670742149535703 74.8125 -67.0 3.6140587362585705 14 
0006 0005 8 1670742149569685 61.8125 -70.0 5.5100589900852235 14 
0006 0007 8 1670742149584826 16.25 -69.0 2.9575149590435164 14 
0006 0003 8 1670742149597763 45.5625 -70.0 3.06182565261974 14 
0006 0014 8 1670742149603287 39.0 -71.5 1.2026409377023426 14 
0006 0005 1 1670742149856698 100.875 -71.0 5.270757987175063 14 
0006 0007 1 1670742149860440 19.5 -65.0 4.847379289718626 14 
0006 0005 2 1670742149922224 113.875 -69.5 2.1353012567368124 14 
0006 0014 3 1670742150005699 -78.0625 -69.5 5.859806609723149 14 
0006 0005 4 1670742150081253 68.3125 -69.5 2.6384469551633027 14 
0006 0014 4 1670742150092554 -19.5 -61.5 5.712544454086128 14 
0006 0003 4 1670742150094647 13.8125 -72.5 1.1535535524900022 14 
0006 0004 4 1670742150105412 35.75 -67.0 1.1535535524900022 14 
0006 0008 5 1670742150147658 -17.0625 -62.5 4.111068511533518 14 
0006 0009 5 1670742150152787 -16.25 -67.0 3.2029518851052186 14 
0006 0002 5 1670742150154174 -22.75 -65.5 6.270913460876501 14 
0006 0014 5 1670742150155109 -52.0625 -60.5 5.8475347634200645 14 
0006 0005 5 1670742150156028 -45.5625 -61.0 4.767612288748572 14 
0006 0004 5 1670742150159481 9.75 -61.0 1.8407769454627694 14 
0006 0000 5 1670742150164986 -299.4375 -67.5 3.117048960983623 14 
0006 0010 5 1670742150185646 -136.6875 -71.0 1.3989904785517047 14 
0006 0008 6 1670742150231154 -52.0625 -63.0 3.153864499892878 14 
0006 0004 6 1670742150232597 -22.75 -66.0 5.767767762450011 14 
0006 0014 6 1670742150234994 26.0 -58.5 4.221515128261284 14 
0006 0009 6 1670742150235944 65.0625 -73.5 2.5832236467994196 14 
0006 0005 6 1670742150239074 9.75 -69.0 4.540583132141498 14 
0006 0002 6 1670742150240473 0.0 -65.5 5.221670601962723 14 
0006 0003 6 1670742150245987 10.5625 -55.0 1.8223691760081417 14 
0006 0010 6 1670742150247391 42.3125 -73.5 1.552388557340269 14 
0006 0011 6 1670742150248805 13.0 -66.0 0.6810874698212247 14 
0006 0006 6 1670742150249996 -26.0 -66.5 5.037592907416445 14 
0006 0007 6 1670742150252843 -26.0 -65.0 0.8222137023067037 14 
0006 0015 6 1670742150254054 -7.3125 -61.0 6.160466844148735 14 
0006 0000 6 1670742150264124 -9.75 -68.0 2.3623304133438876 14 
0006 0015 7 1670742150296866 -27.625 -65.5 3.4606606574700063 14 
0006 0007 7 1670742150310362 -107.375 -67.5 4.890330751779424 14 
0006 0005 8 1670742150361097 -9.75 -73.0 5.706408530934585 14 
0006 0014 8 1670742150362515 -74.8125 -71.5 1.4971652489763858 14 
0006 0007 8 1670742150375727 -68.3125 -69.0 3.0372819600135696 14 
0006 0003 8 1670742150382784 -73.1875 -70.0 3.1906800388021335 14 
0006 0007 1 1670742150627467 -9.75 -65.0 4.908738521234052 14 
0006 0005 1 1670742150648379 139.9375 -70.5 5.197126909356553 14 
0006 0005 2 1670742150707457 -188.75 -70.5 2.6261751088602177 14 
0006 0014 3 1670742150797019 -6.5 -69.5 5.982525072754001 14 
0006 0014 4 1670742150860664 22.75 -61.5 5.64504929941916 14 
0006 0003 4 1670742150875045 42.3125 -72.5 1.0983302441261191 14 
0006 0004 4 1670742150884932 35.75 -67.0 1.1903690913992575 14 
0006 0005 4 1670742150887183 6.5 -70.0 2.6323110320117604 14 
0006 0002 5 1670742150916438 74.8125 -65.0 6.0991076126333095 14 
0006 0000 5 1670742150917643 6.5 -68.5 2.6323110320117604 14 
0006 0006 5 1670742150919400 -133.4375 -72.0 2.429825568010856 14 
0006 0008 5 1670742150923422 13.8125 -62.0 3.9944859716542096 14 
0006 0014 5 1670742150927048 48.8125 -60.5 5.71868037723767 14 
0006 0004 5 1670742150930589 126.9375 -61.5 1.6444274046134073 14 
0006 0005 5 1670742150933404 32.5 -61.5 4.681709364626977 14 
0006 0009 5 1670742150936916 65.0625 -67.5 2.9206994201342606 14 
0006 0011 5 1670742150956875 237.5625 -72.5 4.301282129231338 14 
0006 0010 5 1670742150958446 -94.375 -70.0 1.4603497100671303 14 
0006 0008 6 1670742150996229 3.25 -62.5 3.153864499892878 14 
0006 0014 6 1670742150997135 -19.5 -58.5 4.295146206079795 14 
0006 0007 6 1670742150999058 13.0 -65.0 0.7915340865489908 14 
0006 0011 6 1670742151001369 45.5625 -67.0 0.7301748550335652 14 
0006 0000 6 1670742151008577 48.8125 -67.0 2.2948352586769194 14 
0006 0015 6 1670742151009790 13.8125 -61.5 6.1420590746941075 14 
0006 0003 6 1670742151014784 -7.3125 -55.0 1.8100973297050567 14 
0006 0002 6 1670742151018220 -29.25 -65.5 5.307573526084319 14 
0006 0010 6 1670742151019907 29.25 -72.5 1.6812429435226628 14 
0006 0004 6 1670742151021392 -16.25 -66.0 5.724816300389213 14 
0006 0006 6 1670742151025513 -35.75 -66.0 5.0253210611133605 14 
0006 0009 6 1670742151030119 276.625 -73.5 2.012582793705961 14 
0006 0005 6 1670742151034995 -100.875 -68.0 4.792155981354743 14 
0006 0015 7 1670742151083492 34.9375 -65.0 3.368621810196868 14 
0006 0005 7 1670742151090218 16.25 -65.5 3.6447383520162835 14 
0006 0007 7 1670742151092495 -35.75 -69.0 4.9394181369917645 14 
0006 0007 8 1670742151159815 -45.5625 -69.0 3.129320807286708 14 
0006 0005 8 1670742151177345 81.375 -71.0 5.460971604872882 14 
0006 0003 8 1670742151178828 65.875 -70.0 3.0372819600135696 14 
0006 0007 1 1670742151420620 32.5 -64.5 4.798291904506286 14 
0006 0005 1 1670742151448924 110.625 -72.0 5.559146375297564 14 
0006 0005 2 1670742151505582 74.8125 -68.5 2.4175537217077703 14 
0006 0015 2 1670742151540784 -215.625 -69.5 1.012427320004523 14 
0006 0014 3 1670742151587243 -52.0625 -68.5 5.902758071783947 14 
0006 0005 4 1670742151668744 -45.5625 -68.5 2.8961557275280905 14 
0006 0004 4 1670742151679945 3.25 -66.5 1.1658253987930873 14 
0006 0014 4 1670742151681177 -42.3125 -61.0 5.743224069843841 14 
0006 0003 4 1670742151697601 136.6875 -72.5 1.1228739367322893 14 
0006 0005 5 1670742151727196 -6.5 -62.0 4.718524903536232 14 
0006 0008 5 1670742151728982 -7.3125 -60.5 4.264466590322082 14 
0006 0014 5 1670742151732319 -19.5 -60.0 5.798447378207723 14 
0006 0000 5 1670742151735760 -29.25 -67.5 2.816388726558037 14 
0006 0006 5 1670742151741008 26.0 -72.0 2.12916533358527 14 
0006 0009 5 1670742151744444 -117.125 -69.5 2.9329712664373457 14 
0006 0004 5 1670742151748747 3.25 -61.0 1.846912868614312 14 
0006 0002 5 1670742151749696 100.875 -66.5 6.0991076126333095 14 
0006 0000 6 1670742151823018 -3.25 -66.0 2.386874105950058 14 
0006 0008 6 1670742151824220 -10.5625 -60.5 3.442252888015379 14 
0006 0011 6 1670742151826117 19.5 -66.0 0.2086213871524472 14 
0006 0015 6 1670742151827303 -30.875 -61.5 6.258641614573416 14 
0006 0014 6 1670742151830392 -6.5 -58.5 4.295146206079795 14 
0006 0010 6 1670742151831357 -26.0 -72.5 1.576932249946439 14 
0006 0005 6 1670742151833484 -42.3125 -69.0 4.620350133111551 14 
0006 0003 6 1670742151834909 -10.5625 -55.0 1.8346410223112268 14 
0006 0002 6 1670742151835845 -78.0625 -67.0 5.344389064993574 14 
0006 0004 6 1670742151837028 0.0 -66.0 5.7616318392984684 14 
0006 0006 6 1670742151844686 -22.75 -66.0 4.994641445355648 14 
0006 0007 6 1670742151845733 -13.0 -65.0 0.8406214717613314 14 
0006 0015 7 1670742151914740 -10.5625 -65.0 3.497476196379262 14 
0006 0005 7 1670742151920209 19.5 -65.0 3.6876898140770815 14 
0006 0007 7 1670742151922293 -78.0625 -68.0 4.779884135051658 14 
0006 0003 8 1670742151971396 59.375 -69.5 2.9636508821950587 14 
0006 0005 8 1670742151980939 -16.25 -71.5 5.675728915176872 14 
0006 0007 8 1670742151993860 -13.0 -69.5 3.0066023442558567 14 
0006 0007 1 1670742152218129 -13.0 -65.5 4.890330751779424 14 
0006 0005 1 1670742152225589 -104.125 -71.5 5.577554144752192 14 
0006 0005 2 1670742152304211 -16.25 -69.0 2.270291566070749 14 
0006 0015 2 1670742152340859 -166.8125 -70.5 0.7363107781851077 14 
0006 0014 3 1670742152419696 152.9375 -69.5 5.491651220630596 14 
0006 0005 4 1670742152490182 58.5625 -68.5 2.675262494072558 14 
0006 0004 4 1670742152491654 22.75 -67.5 1.0799224746714913 14 
0006 0014 4 1670742152503966 -9.75 -61.0 5.688000761479957 14 
0006 0003 4 1670742152523482 166.8125 -73.0 0.8406214717613314 14 
0006 0014 5 1670742152554375 0.0 -60.0 5.743224069843841 14 
0006 0008 5 1670742152555325 -27.625 -60.5 4.362641360746763 14 
0006 0004 5 1670742152556243 22.75 -61.0 1.8346410223112268 14 
0006 0005 5 1670742152562319 13.0 -61.5 4.700117134081604 14 
0006 0002 5 1670742152563624 -169.25 -68.0 0.20248546400090464 14 
0006 0009 5 1670742152564856 -65.0625 -69.5 2.9513790358919736 14 
0006 0006 5 1670742152567527 211.5625 -70.5 1.705786636128833 14 
0006 0011 6 1670742152627633 13.0 -66.0 0.14112623248547898 14 
0006 0007 6 1670742152629676 29.25 -65.0 0.7731263170943632 14 
0006 0002 6 1670742152630892 13.0 -68.0 5.350524988145116 14 
0006 0005 6 1670742152632311 -29.25 -68.5 4.669437518323892 14 
0006 0014 6 1670742152633275 -45.5625 -58.5 4.374913207049849 14 
0006 0000 6 1670742152634438 32.5 -67.0 2.5402721847386216 14 
0006 0008 6 1670742152636587 3.25 -60.5 3.472932503773092 14 
0006 0003 6 1670742152638709 -13.8125 -55.0 1.9696313316451632 14 
0006 0004 6 1670742152643869 -39.0 -66.0 5.939573610693203 14 
0006 0015 6 1670742152653021 -13.8125 -61.0 6.135923151542564 14 
0006 0006 6 1670742152654013 -65.0625 -65.5 5.117359908386499 14 
0006 0010 6 1670742152660700 -201.8125 -75.5 1.5585244804918115 14 
0006 0001 6 1670742152667578 97.625 -75.0 1.6689710972195777 14 
0006 0005 7 1670742152713646 -152.9375 -66.0 3.890175278077986 14 
0006 0015 7 1670742152724316 10.5625 -65.5 3.442252888015379 14 
0006 0007 7 1670742152726213 -156.1875 -68.0 5.0682725231741586 14 
0006 0005 8 1670742152766597 -16.25 -72.5 5.473243451175968 14 
0006 0007 8 1670742152794544 87.875 -70.0 2.8532042654672924 14 
0006 0003 8 1670742152800426 79.75 -69.5 2.736621725587984 14 
0006 0005 1 1670742153029797 13.0 -72.0 5.332117218690489 14 
0006 0007 1 1670742153044284 -29.25 -65.0 4.902602598082509 14 
0006 0005 2 1670742153129470 260.375 -69.5 2.184388641949153 14 
0006 0014 3 1670742153192839 -263.625 -68.5 6.2034183062095325 14 
0006 0014 4 1670742153248229 -6.5 -61.5 5.663457068873787 14 
0006 0003 4 1670742153255988 121.25 -74.0 1.0062913968529805 14 
0006 0005 4 1670742153260561 -26.0 -68.5 2.730485802436441 14 
0006 0004 4 1670742153271276 16.25 -67.0 1.0676506283684062 14 
