0002 0004 1 1670742655248723 205.0625 -72.0 4.6448938257177215 19 
0002 0004 3 1670742655365691 -35.75 -62.5 0.4540583132141498 19 
0002 0011 3 1670742655377050 65.0625 -67.0 4.95168998329485 19 
0002 0011 4 1670742655432882 -6.5 -61.5 1.662835174068035 19 
0002 0005 4 1670742655434320 21.125 -56.5 1.239456476611598 19 
0002 0013 4 1670742655438239 22.75 -64.0 0.09817477042468103 19 
0002 0010 4 1670742655445131 97.625 -70.0 5.325981295538946 19 
0002 0004 4 1670742655457232 -48.8125 -72.0 5.283029833478148 19 
0002 0007 4 1670742655467414 -84.625 -66.5 2.742757648739526 19 
0002 0005 5 1670742655518546 13.8125 -59.5 4.663301595172349 19 
0002 0002 5 1670742655524807 22.75 -66.0 4.724660826687775 19 
0002 0007 5 1670742655528630 48.8125 -68.0 6.074563920027139 19 
0002 0001 5 1670742655540036 -29.25 -70.5 1.1658253987930873 19 
0002 0013 5 1670742655542286 -35.75 -64.5 1.239456476611598 19 
0002 0011 5 1670742655543205 -13.0 -63.5 2.6384469551633027 19 
0002 0006 5 1670742655548846 -283.1875 -71.0 2.1537090261914402 19 
0002 0004 5 1670742655558223 55.3125 -67.5 3.552699504743145 19 
0002 0011 6 1670742655585913 6.5 -65.0 2.9391071895888885 19 
0002 0004 6 1670742655605262 3.25 -64.5 2.8409324191642074 19 
0002 0005 6 1670742655612713 41.5 -61.0 1.1596894756415448 19 
0002 0007 6 1670742655615124 -42.3125 -61.5 5.166447293598839 19 
0002 0002 6 1670742655618072 192.0 -70.5 1.086058397823034 19 
0002 0001 6 1670742655627637 -10.5625 -66.0 3.368621810196868 19 
0002 0004 3 1670742656138356 -16.25 -62.0 0.3620194659410113 19 
0002 0011 3 1670742656148158 0.0 -66.5 5.013049214810275 19 
0002 0005 4 1670742656206209 0.0 -56.5 1.282407938672396 19 
0002 0013 4 1670742656211620 0.0 -64.0 0.16566992509164924 19 
0002 0011 4 1670742656226671 22.75 -61.5 1.662835174068035 19 
0002 0010 4 1670742656230586 -48.8125 -70.0 5.577554144752192 19 
0002 0007 4 1670742656234968 0.0 -66.5 2.5034566458293663 19 
0002 0006 4 1670742656240950 100.875 -73.0 2.141437179888355 19 
0002 0004 4 1670742656242452 152.9375 -72.5 4.921010367537137 19 
0002 0009 4 1670742656243759 -273.375 -75.5 2.8716120349219203 19 
0002 0007 5 1670742656267228 52.0625 -67.5 6.2034183062095325 19 
0002 0002 5 1670742656270864 -136.6875 -66.5 5.006913291658733 19 
0002 0013 5 1670742656273960 9.75 -65.0 1.1658253987930873 19 
0002 0006 5 1670742656289944 -205.0625 -71.0 2.12916533358527 19 
0002 0005 5 1670742656293708 52.0625 -60.5 4.6448938257177215 19 
0002 0011 5 1670742656297250 -32.5 -64.0 2.718213956133356 19 
0002 0004 5 1670742656305775 29.25 -67.5 3.6754179677739964 19 
0002 0001 5 1670742656317794 -17.0625 -70.0 1.2946797849754812 19 
0002 0002 6 1670742656346310 55.3125 -72.0 1.3069516312785663 19 
0002 0004 6 1670742656365995 -16.25 -65.5 2.834796496012665 19 
0002 0007 6 1670742656371256 3.25 -61.5 5.098952138931871 19 
0002 0001 6 1670742656372488 -65.875 -66.0 3.4054373491061236 19 
0002 0005 6 1670742656373687 29.25 -62.0 1.1658253987930873 19 
0002 0011 6 1670742656381503 48.8125 -65.0 2.859340188618835 19 
0002 0004 1 1670742656812976 -211.5625 -72.0 5.270757987175063 19 
0002 0004 3 1670742656948944 9.75 -63.0 0.34974761963792617 19 
0002 0011 3 1670742656957414 6.5 -67.5 4.896466674930966 19 
0002 0013 4 1670742657018440 -3.25 -64.5 0.17794177139473438 19 
0002 0007 4 1670742657020990 19.5 -67.0 2.5034566458293663 19 
0002 0011 4 1670742657023157 -16.25 -62.0 1.6566992509164924 19 
0002 0005 4 1670742657030583 13.8125 -56.5 1.2455923997631406 19 
0002 0009 4 1670742657047960 341.75 -73.5 2.466641106920111 19 
0002 0004 4 1670742657052687 61.8125 -72.5 5.092816215780329 19 
0002 0006 4 1670742657062563 -113.875 -76.0 2.3009711818284617 19 
0002 0010 4 1670742657064647 -35.75 -69.5 5.387340527054372 19 
0002 0006 5 1670742657104381 192.0 -72.5 1.6505633277649499 19 
0002 0005 5 1670742657121996 -10.5625 -60.0 4.718524903536232 19 
0002 0004 5 1670742657123981 45.5625 -67.5 3.6447383520162835 19 
0002 0011 5 1670742657124943 91.125 -63.5 2.411417798556228 19 
0002 0002 5 1670742657127196 -3.25 -66.5 4.853515212870168 19 
0002 0007 5 1670742657128162 -22.75 -68.0 6.227961998815704 19 
0002 0001 5 1670742657142720 13.8125 -69.5 1.2701360923693108 19 
0002 0013 5 1670742657144871 48.8125 -65.0 1.086058397823034 19 
0002 0007 6 1670742657189102 -3.25 -61.5 5.105088062083414 19 
0002 0011 6 1670742657199380 -3.25 -65.0 2.773437264497239 19 
0002 0002 6 1670742657205667 -58.5625 -72.0 1.4542137869155878 19 
0002 0004 6 1670742657206717 39.0 -65.0 2.767301341345697 19 
0002 0005 6 1670742657209955 -3.25 -61.5 1.2087768608538851 19 
0002 0001 6 1670742657220706 -21.125 -66.0 3.3318062712876126 19 
0002 0004 3 1670742657719749 6.5 -62.0 0.28838838812250056 19 
0002 0011 3 1670742657736537 -84.625 -67.0 4.988505522204105 19 
0002 0010 4 1670742657785952 -6.5 -71.0 5.387340527054372 19 
0002 0005 4 1670742657790466 13.8125 -56.5 1.2640001692177683 19 
0002 0013 4 1670742657800332 6.5 -64.5 0.16566992509164924 19 
0002 0007 4 1670742657807256 22.75 -66.5 2.5341362615870793 19 
0002 0011 4 1670742657808207 32.5 -61.5 1.6382914814618648 19 
0002 0004 4 1670742657822478 -52.0625 -72.5 5.080544369477243 19 
0002 0009 4 1670742657829413 -247.375 -74.5 3.3195344249845276 19 
0002 0006 4 1670742657830614 120.4375 -73.0 1.8775924843720249 19 
0002 0006 5 1670742657856000 149.6875 -72.5 1.4910293258248433 19 
0002 0013 5 1670742657860489 6.5 -64.5 1.1228739367322893 19 
0002 0002 5 1670742657876422 -130.1875 -67.0 5.0253210611133605 19 
0002 0005 5 1670742657882749 -10.5625 -60.0 4.700117134081604 19 
0002 0011 5 1670742657884493 29.25 -63.5 2.4727770300716534 19 
0002 0004 5 1670742657888550 0.0 -67.0 3.7551849687440497 19 
0002 0007 5 1670742657892706 19.5 -68.0 6.154330920997192 19 
0002 0001 5 1670742657913668 104.125 -70.0 1.239456476611598 19 
0002 0004 6 1670742657942172 9.75 -65.5 2.779573187648782 19 
0002 0005 6 1670742657947136 -21.125 -61.5 1.2210487071569704 19 
0002 0011 6 1670742657948456 32.5 -64.5 2.767301341345697 19 
0002 0007 6 1670742657955796 -3.25 -61.5 5.105088062083414 19 
0002 0001 6 1670742657956713 10.5625 -65.5 3.2520392703175593 19 
0002 0002 6 1670742657962317 159.5 -73.0 1.1474176293384597 19 
0002 0004 3 1670742658480313 -32.5 -63.0 0.34974761963792617 19 
0002 0011 3 1670742658483770 -39.0 -66.5 5.006913291658733 19 
0002 0004 4 1670742658547913 -126.9375 -72.0 5.221670601962723 19 
0002 0010 4 1670742658554874 110.625 -69.5 5.307573526084319 19 
0002 0005 4 1670742658558974 10.5625 -56.0 1.239456476611598 19 
0002 0013 4 1670742658559950 9.75 -64.5 0.1595340019401067 19 
0002 0009 4 1670742658565047 -6.5 -75.0 2.6445828783148455 19 
0002 0011 4 1670742658573433 0.0 -61.5 1.662835174068035 19 
0002 0007 4 1670742658575569 -32.5 -66.5 2.6261751088602177 19 
0002 0006 4 1670742658577540 172.5 -74.5 1.6198837120072371 19 
0002 0011 5 1670742658626801 35.75 -63.5 2.5157284921324514 19 
0002 0005 5 1670742658634211 0.0 -59.5 4.71238898038469 19 
0002 0013 5 1670742658638545 117.125 -64.5 1.043106935762236 19 
0002 0002 5 1670742658651684 -13.0 -66.5 4.878058905476339 19 
0002 0004 5 1670742658654335 9.75 -67.5 3.7981364308048478 19 
0002 0007 5 1670742658657831 -78.0625 -67.5 0.02454369260617026 19 
0002 0001 5 1670742658670188 104.125 -70.5 1.227184630308513 19 
0002 0006 5 1670742658673316 -367.8125 -72.0 2.000310947402876 19 
0002 0002 6 1670742658710928 48.8125 -71.5 1.2701360923693108 19 
0002 0001 6 1670742658714064 -45.5625 -65.5 3.393165502803038 19 
0002 0011 6 1670742658715746 -35.75 -65.5 2.9206994201342606 19 
0002 0007 6 1670742658722704 -13.0 -62.0 5.098952138931871 19 
0002 0004 6 1670742658734496 -19.5 -65.0 2.816388726558037 19 
0002 0005 6 1670742658740399 7.3125 -61.5 1.2087768608538851 19 
0002 0004 3 1670742659293157 65.0625 -62.0 0.15339807878856412 19 
0002 0011 3 1670742659302299 -87.875 -67.5 5.105088062083414 19 
0002 0009 4 1670742659352320 279.9375 -74.5 2.521864415283994 19 
0002 0013 4 1670742659354734 -3.25 -64.0 0.1349903093339364 19 
0002 0005 4 1670742659361159 3.25 -56.5 1.2455923997631406 19 
0002 0011 4 1670742659365490 6.5 -61.5 1.6566992509164924 19 
0002 0007 4 1670742659375329 42.3125 -66.5 2.4605051837685683 19 
0002 0010 4 1670742659376544 32.5 -70.0 5.405748296509 19 
0002 0006 4 1670742659379175 22.75 -74.0 2.043262409463674 19 
0002 0004 5 1670742659416210 -172.5 -67.5 4.0128937411088375 19 
0002 0005 5 1670742659428406 -27.625 -60.0 4.779884135051658 19 
0002 0002 5 1670742659438171 9.75 -67.0 4.828971520263998 19 
0002 0011 5 1670742659445978 0.0 -64.0 2.6323110320117604 19 
0002 0013 5 1670742659449013 71.5625 -64.5 1.012427320004523 19 
0002 0007 5 1670742659452932 -126.9375 -69.0 6.178874613603362 19 
0002 0001 5 1670742659458037 125.3125 -71.0 1.086058397823034 19 
0002 0006 5 1670742659460200 -29.25 -71.5 1.7426021750380885 19 
0002 0002 6 1670742659485891 152.9375 -72.0 0.9326603190344698 19 
0002 0001 6 1670742659487116 -3.25 -66.0 3.368621810196868 19 
0002 0007 6 1670742659488039 9.75 -61.5 5.086680292628786 19 
0002 0005 6 1670742659497378 -13.8125 -61.0 1.1903690913992575 19 
0002 0004 6 1670742659501557 -9.75 -65.5 2.8654761117703775 19 
0002 0011 6 1670742659504930 -97.625 -65.0 3.1231848841351653 19 
0002 0004 1 1670742659931458 26.0 -72.0 4.970097752749477 19 
0002 0004 3 1670742660049551 22.75 -61.5 0.30679615757712825 19 
0002 0011 3 1670742660053841 16.25 -68.0 4.92714629068868 19 
0002 0013 4 1670742660105909 -9.75 -64.0 0.12885438618239387 19 
0002 0005 4 1670742660113855 3.25 -56.5 1.2517283229146832 19 
0002 0007 4 1670742660119914 104.125 -66.0 2.448233337465483 19 
0002 0004 4 1670742660125624 -19.5 -71.5 5.411884219660542 19 
0002 0011 4 1670742660126530 32.5 -61.5 1.6444274046134073 19 
0002 0010 4 1670742660133655 -58.5625 -70.5 5.540738605842936 19 
0002 0009 4 1670742660150531 -29.25 -75.5 2.791845033951867 19 
0002 0006 4 1670742660156537 -117.125 -74.0 2.282563412373834 19 
0002 0007 5 1670742660188640 -35.75 -68.5 6.17273869045182 19 
0002 0005 5 1670742660197918 -48.8125 -60.0 4.792155981354743 19 
0002 0013 5 1670742660200492 32.5 -64.0 1.1167380135807468 19 
0002 0011 5 1670742660206945 -6.5 -64.0 2.5954954931025047 19 
0002 0002 5 1670742660212077 -91.125 -66.5 4.97623367590102 19 
0002 0004 5 1670742660213010 -3.25 -67.5 3.5772431973493153 19 
0002 0001 5 1670742660220269 -197.6875 -72.0 1.3069516312785663 19 
0002 0006 5 1670742660225254 -146.4375 -72.0 1.902136176978195 19 
