0007 0003 1 1670742663166220 39.0 -62.5 1.607611865704152 0 
0007 0010 1 1670742663167618 -17.0625 -56.0 5.8659425328746915 0 
0007 0007 1 1670742663168778 -3.25 -55.0 0.7363107781851077 0 
0007 0012 1 1670742663178189 -16.25 -56.5 2.442097414313941 0 
0007 0005 1 1670742663181092 45.5625 -63.5 6.062292073724054 0 
0007 0013 1 1670742663182016 -136.6875 -67.0 4.356505437595221 0 
0007 0008 1 1670742663183205 -9.75 -56.0 3.043417883165112 0 
0007 0011 1 1670742663187519 9.75 -55.0 0.9756117810952678 0 
0007 0004 1 1670742663189198 21.125 -59.0 2.2027964114037806 0 
0007 0001 1 1670742663190144 -21.125 -63.5 4.049709280018092 0 
0007 0014 1 1670742663193193 -29.25 -63.5 0.14726215563702155 0 
0007 0009 1 1670742663194414 -26.0 -68.0 6.270913460876501 0 
0007 0015 1 1670742663195855 9.75 -63.5 2.098485717827557 0 
0007 0014 2 1670742663238621 -35.75 -64.0 4.460816131171445 0 
0007 0010 2 1670742663239599 -350.6875 -69.5 5.50392306693368 0 
0007 0008 2 1670742663240493 104.125 -66.0 3.8410878928656453 0 
0007 0013 2 1670742663242705 -26.0 -63.0 5.577554144752192 0 
0007 0003 2 1670742663243683 -22.75 -61.5 3.313398501832985 0 
0007 0007 2 1670742663252033 94.375 -67.0 6.240233845118788 0 
0007 0004 2 1670742663255282 128.5625 -64.0 2.1659808724945253 0 
0007 0015 2 1670742663259710 87.875 -64.0 2.2948352586769194 0 
0007 0011 2 1670742663264022 120.4375 -67.0 0.18407769454627693 0 
0007 0005 2 1670742663265070 55.3125 -67.0 3.9453985864418692 0 
0007 0009 2 1670742663269712 -42.3125 -68.0 0.44178646691106466 0 
0007 0012 2 1670742663282342 -34.9375 -69.5 4.908738521234052 0 
0007 0005 3 1670742663329218 -26.0 -54.0 5.092816215780329 0 
0007 0003 3 1670742663330182 58.5625 -63.0 4.841243366567084 0 
0007 0013 3 1670742663333343 146.4375 -62.0 5.21553467881118 0 
0007 0007 3 1670742663338207 -6.5 -67.0 5.0682725231741586 0 
0007 0004 4 1670742663407359 -10.5625 -71.0 1.214912784005428 0 
0007 0014 4 1670742663409374 -149.6875 -73.0 5.712544454086128 0 
0007 0007 4 1670742663416055 -71.5625 -65.0 2.435961491162398 0 
0007 0003 4 1670742663426091 -84.625 -71.0 4.4362724385652745 0 
0007 0005 4 1670742663429137 29.25 -66.0 3.8717675086233583 0 
0007 0004 5 1670742663476348 -38.1875 -70.5 2.6691265709210157 0 
0007 0003 5 1670742663482352 -195.25 -70.0 0.06135923151542565 0 
0007 0005 5 1670742663492085 -133.4375 -71.0 5.994796919057086 0 
0007 0013 5 1670742663531305 61.8125 -70.0 3.5833791205008576 0 
0007 0001 6 1670742663562176 13.8125 -70.0 4.914874444385594 0 
0007 0005 6 1670742663569151 9.75 -67.0 4.853515212870168 0 
0007 0004 6 1670742663591232 -7.3125 -63.5 3.8410878928656453 0 
0007 0006 7 1670742663631628 -426.375 -73.0 5.418020142812084 0 
0007 0010 7 1670742663635391 45.5625 -65.0 5.540738605842936 0 
0007 0012 7 1670742663636310 52.0625 -66.5 5.93343768754166 0 
0007 0003 7 1670742663639922 152.9375 -68.0 1.859184714917397 0 
0007 0013 7 1670742663658376 -52.0625 -70.0 3.718369429834794 0 
0007 0013 8 1670742663717012 3.25 -62.5 5.056000676871073 0 
0007 0011 8 1670742663721389 13.0 -63.5 1.7241944055834606 0 
0007 0012 8 1670742663723496 83.0 -66.0 2.073942025221387 0 
0007 0003 8 1670742663727748 -45.5625 -69.0 3.2397674240144743 0 
0007 0008 8 1670742663729478 74.8125 -68.5 0.5154175447295755 0 
0007 0009 8 1670742663730938 61.8125 -70.0 0.4479223900626072 0 
0007 0010 8 1670742663734751 -16.25 -64.5 2.1598449493429825 0 
0007 0014 8 1670742663737841 -35.75 -68.5 1.2210487071569704 0 
0007 0005 8 1670742663739372 -172.5 -71.0 5.307573526084319 0 
0007 0015 8 1670742663744025 32.5 -74.0 4.147884050442774 0 
0007 0007 8 1670742663746649 -26.0 -69.5 4.988505522204105 0 
0007 0007 1 1670742663965776 16.25 -54.5 0.9572040116406401 0 
0007 0012 1 1670742663970223 -32.5 -56.5 2.5280003384355365 0 
0007 0001 1 1670742663973135 -3.25 -63.0 4.381049130201391 0 
0007 0015 1 1670742663974070 -13.0 -62.5 2.098485717827557 0 
0007 0004 1 1670742663976758 30.875 -59.0 2.3623304133438876 0 
0007 0003 1 1670742663977921 -13.0 -62.5 1.8407769454627694 0 
0007 0008 1 1670742663979369 -35.75 -55.5 3.3072625786814425 0 
0007 0013 1 1670742663982369 19.5 -67.0 4.06811704947272 0 
0007 0010 1 1670742663983598 3.25 -56.0 6.013204688511713 0 
0007 0005 1 1670742663984489 -3.25 -63.0 0.0674951546669682 0 
0007 0011 1 1670742663986442 13.0 -55.0 1.2087768608538851 0 
0007 0009 1 1670742663987650 78.0625 -67.0 0.1718058482431918 0 
0007 0014 1 1670742663992082 13.0 -63.0 0.09203884727313846 0 
0007 0008 2 1670742664029589 -94.375 -66.5 4.246058820867455 0 
0007 0004 2 1670742664031953 24.375 -64.0 2.5464081078901644 0 
0007 0015 2 1670742664034686 123.6875 -64.5 2.2886993355253766 0 
0007 0003 2 1670742664036848 3.25 -61.5 3.4913402732277192 0 
0007 0009 2 1670742664039543 13.0 -68.0 0.5951845456996288 0 
0007 0007 2 1670742664040762 45.5625 -67.0 0.12885438618239387 0 
0007 0012 2 1670742664043467 -32.5 -68.5 4.970097752749477 0 
0007 0014 2 1670742664045166 -52.0625 -64.5 4.430136515413731 0 
0007 0013 2 1670742664048662 -22.75 -62.0 5.6573211457222445 0 
0007 0005 2 1670742664051180 -9.75 -66.0 4.190835512503572 0 
0007 0011 2 1670742664052784 71.5625 -67.5 0.4908738521234052 0 
0007 0010 2 1670742664067152 -62.625 -69.0 5.111223985234957 0 
0007 0013 3 1670742664101040 -74.8125 -62.0 5.565282298449106 0 
0007 0007 3 1670742664103675 3.25 -68.0 4.92714629068868 0 
0007 0005 3 1670742664108900 -32.5 -54.5 4.994641445355648 0 
0007 0003 3 1670742664112281 -22.75 -63.0 4.841243366567084 0 
0007 0015 3 1670742664123882 -61.8125 -69.5 3.767456815047135 0 
0007 0004 4 1670742664166830 69.125 -71.0 1.1474176293384597 0 
0007 0007 4 1670742664185934 -6.5 -65.5 2.227340104009951 0 
0007 0014 4 1670742664188060 -9.75 -73.0 5.675728915176872 0 
0007 0003 4 1670742664198802 16.25 -71.0 4.111068511533518 0 
0007 0005 4 1670742664202945 -48.8125 -66.0 3.8963112012295285 0 
0007 0005 5 1670742664242687 -48.8125 -71.0 5.896622148632405 0 
0007 0004 5 1670742664254770 100.875 -68.0 2.350058567040802 0 
0007 0003 5 1670742664271501 -45.5625 -71.0 6.277049384028044 0 
0007 0013 5 1670742664280582 -71.5625 -70.5 3.7551849687440497 0 
0007 0005 6 1670742664313107 -107.375 -67.5 5.043728830567988 0 
0007 0004 6 1670742664338340 -17.0625 -63.5 3.9269908169872414 0 
0007 0001 6 1670742664343845 17.0625 -70.0 4.945554060143307 0 
0007 0003 7 1670742664371054 61.8125 -67.5 2.043262409463674 0 
0007 0013 7 1670742664375208 152.9375 -69.5 3.436116964863836 0 
0007 0010 7 1670742664377408 7.3125 -65.5 5.626641529964532 0 
0007 0012 7 1670742664386527 55.3125 -67.0 5.957981380147831 0 
0007 0006 7 1670742664394808 94.375 -71.0 4.822835597112456 0 
0007 0003 8 1670742664445960 -55.3125 -69.5 3.1906800388021335 0 
0007 0009 8 1670742664448579 104.125 -70.0 0.34974761963792617 0 
0007 0013 8 1670742664453291 -9.75 -63.0 4.994641445355648 0 
0007 0012 8 1670742664454198 -87.0625 -65.5 2.3071071049800045 0 
0007 0015 8 1670742664455318 -130.1875 -72.5 4.4362724385652745 0 
0007 0011 8 1670742664456306 16.25 -64.0 1.6014759425526093 0 
0007 0014 8 1670742664457951 68.3125 -68.0 1.0737865515199487 0 
0007 0010 8 1670742664468998 91.125 -64.5 1.9696313316451632 0 
0007 0007 8 1670742664471282 19.5 -70.0 4.828971520263998 0 
0007 0008 8 1670742664476155 117.125 -67.5 0.2945243112740431 0 
0007 0005 8 1670742664477625 -22.75 -70.0 5.209398755659637 0 
0007 0005 1 1670742664695864 35.75 -62.5 6.22182607566416 0 
0007 0013 1 1670742664700015 -123.6875 -66.0 4.381049130201391 0 
0007 0015 1 1670742664701425 45.5625 -63.0 2.024854640009046 0 
0007 0004 1 1670742664703131 -41.5 -59.5 2.423689644859313 0 
0007 0011 1 1670742664704063 13.0 -54.5 1.1474176293384597 0 
0007 0010 1 1670742664705261 13.8125 -56.0 5.945709533844745 0 
0007 0012 1 1670742664706238 30.875 -56.5 2.466641106920111 0 
0007 0008 1 1670742664707853 -19.5 -55.5 3.215223731408304 0 
0007 0007 1 1670742664710145 16.25 -54.5 0.9142525495798421 0 
0007 0001 1 1670742664712534 -27.625 -63.0 4.362641360746763 0 
0007 0009 1 1670742664715412 74.8125 -67.0 0.03681553890925539 0 
0007 0003 1 1670742664716659 3.25 -62.0 1.7241944055834606 0 
0007 0014 1 1670742664720483 -26.0 -63.5 0.0859029241215959 0 
0007 0007 2 1670742664765900 -39.0 -67.0 0.11658253987930872 0 
0007 0015 2 1670742664767627 -45.5625 -64.5 2.521864415283994 0 
0007 0003 2 1670742664776218 16.25 -61.0 3.497476196379262 0 
0007 0014 2 1670742664777267 35.75 -65.0 4.319689898685965 0 
0007 0009 2 1670742664780323 156.1875 -67.5 0.46019423636569234 0 
0007 0004 2 1670742664781733 -10.5625 -64.0 2.4850488763747385 0 
0007 0011 2 1670742664782699 -29.25 -67.0 0.5890486225480862 0 
0007 0005 2 1670742664783620 -19.5 -67.0 4.239922897715912 0 
0007 0013 2 1670742664785470 0.0 -62.0 5.553010452146021 0 
0007 0008 2 1670742664787631 26.0 -67.0 4.147884050442774 0 
0007 0010 2 1670742664789560 -133.4375 -69.0 5.405748296509 0 
0007 0012 2 1670742664791461 0.0 -69.0 4.755340442445488 0 
0007 0005 3 1670742664816916 -42.3125 -54.0 5.00077736850719 0 
0007 0013 3 1670742664818360 -39.0 -61.5 5.491651220630596 0 
0007 0003 3 1670742664823329 -16.25 -62.5 4.779884135051658 0 
0007 0007 3 1670742664842053 179.0 -67.0 4.81056375080937 0 
0007 0015 3 1670742664843382 -139.9375 -70.5 3.9269908169872414 0 
0007 0007 4 1670742664890798 65.0625 -65.0 2.116893487282185 0 
0007 0014 4 1670742664913997 -35.75 -72.5 5.6941366846315 0 
0007 0003 4 1670742664922237 -120.4375 -71.0 4.215379205109742 0 
0007 0004 4 1670742664923154 55.3125 -72.5 1.0921943209745766 0 
0007 0005 4 1670742664924382 -13.0 -67.0 3.7122335066832517 0 
0007 0003 5 1670742664981742 224.5625 -70.5 6.14819499784565 0 
0007 0004 5 1670742664991796 -83.0 -70.5 2.675262494072558 0 
0007 0013 5 1670742665003566 -16.25 -72.0 3.706097583531709 0 
0007 0005 5 1670742665012566 276.625 -71.0 5.338253141842031 0 
0007 0001 6 1670742665065785 -24.375 -70.5 4.988505522204105 0 
0007 0005 6 1670742665079109 16.25 -66.5 4.847379289718626 0 
0007 0004 6 1670742665080294 41.5 -64.0 3.8533597391687304 0 
0007 0006 7 1670742665122829 201.8125 -71.5 4.657165672020807 0 
0007 0012 7 1670742665123790 62.625 -66.5 5.945709533844745 0 
0007 0010 7 1670742665128681 73.1875 -65.0 5.626641529964532 0 
0007 0003 7 1670742665131976 65.0625 -68.5 1.9819031779482483 0 
0007 0013 7 1670742665173070 -156.1875 -69.0 3.8717675086233583 0 
0007 0009 8 1670742665205952 120.4375 -70.5 0.44178646691106466 0 
0007 0013 8 1670742665214154 -9.75 -62.5 5.049864753719531 0 
0007 0010 8 1670742665215102 13.8125 -64.0 2.030990563160589 0 
0007 0007 8 1670742665217104 65.0625 -69.5 4.6878452877785195 0 
0007 0012 8 1670742665218307 -65.0625 -65.5 2.3071071049800045 0 
0007 0011 8 1670742665219749 22.75 -63.5 1.6198837120072371 0 
0007 0005 8 1670742665223829 55.3125 -69.5 4.921010367537137 0 
0007 0014 8 1670742665235226 3.25 -68.0 1.1780972450961724 0 
0007 0008 8 1670742665236209 32.5 -68.5 0.4663301595172349 0 
0007 0003 8 1670742665237895 -71.5625 -69.5 3.184544115650591 0 
0007 0015 8 1670742665240141 -26.0 -72.5 4.362641360746763 0 
0007 0003 1 1670742665458251 29.25 -62.0 1.6751070203711202 0 
0007 0007 1 1670742665459469 -35.75 -54.5 0.9019807032767571 0 
0007 0004 1 1670742665460415 -41.5 -59.0 2.4175537217077703 0 
0007 0015 1 1670742665462555 32.5 -63.0 2.000310947402876 0 
0007 0014 1 1670742665464873 68.3125 -63.5 6.277049384028044 0 
0007 0012 1 1670742665466031 42.3125 -56.5 2.399145952253143 0 
0007 0011 1 1670742665468238 22.75 -54.5 1.0799224746714913 0 
0007 0008 1 1670742665469118 -16.25 -56.0 3.153864499892878 0 
0007 0001 1 1670742665470051 -30.875 -63.0 4.331961744989051 0 
0007 0010 1 1670742665473159 10.5625 -56.0 5.939573610693203 0 
0007 0009 1 1670742665479439 61.8125 -68.0 6.1850105367549055 0 
0007 0005 1 1670742665484325 0.0 -63.0 6.258641614573416 0 
0007 0013 1 1670742665487409 -19.5 -66.5 4.196971435655114 0 
0007 0005 2 1670742665516641 -19.5 -66.5 4.135612204139688 0 
0007 0003 2 1670742665521701 -104.125 -61.5 3.5711072741977725 0 
0007 0004 2 1670742665522887 194.4375 -63.5 2.086213871524472 0 
0007 0007 2 1670742665526070 52.0625 -67.0 6.258641614573416 0 
0007 0013 2 1670742665526989 48.8125 -62.5 5.47937937432751 0 
0007 0015 2 1670742665531158 -48.8125 -64.5 2.466641106920111 0 
0007 0014 2 1670742665533120 13.0 -65.0 4.442408361716817 0 
0007 0011 2 1670742665538074 32.5 -68.0 0.5154175447295755 0 
0007 0009 2 1670742665545677 -32.5 -68.5 0.4479223900626072 0 
0007 0012 2 1670742665557577 -146.4375 -68.5 5.080544369477243 0 
0007 0010 2 1670742665573871 7.3125 -69.0 5.0253210611133605 0 
0007 0005 3 1670742665608991 -13.0 -54.5 5.0682725231741586 0 
0007 0003 3 1670742665613728 22.75 -62.5 4.957825906446392 0 
0007 0007 3 1670742665616394 -32.5 -68.0 5.105088062083414 0 
0007 0013 3 1670742665623256 45.5625 -62.0 5.381204603902829 0 
0007 0015 3 1670742665634062 -39.0 -70.0 3.834951969714103 0 
0007 0014 3 1670742665643791 231.0625 -71.0 0.1595340019401067 0 
0007 0004 4 1670742665686961 65.0625 -70.5 1.1903690913992575 0 
0007 0014 4 1670742665693410 -19.5 -72.0 5.700272607783043 0 
0007 0007 4 1670742665696735 39.0 -65.5 2.3071071049800045 0 
0007 0005 4 1670742665700129 -87.875 -67.0 4.061981126321178 0 
0007 0003 4 1670742665708238 35.75 -72.0 4.147884050442774 0 
0007 0004 5 1670742665777580 97.625 -70.5 2.423689644859313 0 
0007 0005 5 1670742665779354 312.4375 -72.0 5.681864838328415 0 
0007 0013 5 1670742665795092 -9.75 -70.5 3.724505352986337 0 
0007 0003 5 1670742665799999 -42.3125 -70.5 6.240233845118788 0 
0007 0001 6 1670742665850087 13.8125 -70.5 5.043728830567988 0 
0007 0005 6 1670742665857269 55.3125 -67.5 4.773748211900116 0 
0007 0004 6 1670742665863755 -39.0 -63.5 3.8963112012295285 0 
0007 0013 7 1670742665912662 -179.0 -68.5 3.933126740138784 0 
0007 0012 7 1670742665920570 -13.0 -65.5 6.007068765360171 0 
0007 0010 7 1670742665930486 -17.0625 -64.5 5.706408530934585 0 
0007 0006 7 1670742665932639 9.75 -72.0 4.865787059173254 0 
0007 0003 7 1670742665936591 279.9375 -68.5 1.564660403643354 0 
0007 0005 8 1670742665998975 -13.0 -71.0 5.062136600022616 0 
0007 0010 8 1670742666000178 65.875 -64.5 1.945087639038993 0 
0007 0009 8 1670742666007308 123.6875 -71.5 0.2638446955163303 0 
0007 0008 8 1670742666008554 35.75 -69.0 0.36815538909255385 0 
0007 0014 8 1670742666011494 -3.25 -68.5 1.2455923997631406 0 
0007 0011 8 1670742666016770 32.5 -63.5 1.5585244804918115 0 
0007 0012 8 1670742666017703 65.0625 -65.5 2.1046216409791 0 
0007 0007 8 1670742666018947 -16.25 -69.5 4.718524903536232 0 
0007 0015 8 1670742666019896 -179.0 -73.5 4.430136515413731 0 
0007 0013 8 1670742666021398 -16.25 -62.5 4.988505522204105 0 
0007 0003 8 1670742666024040 100.875 -69.0 2.718213956133356 0 
0007 0007 1 1670742666246895 0.0 -55.0 0.8283496254582462 0 
0007 0014 1 1670742666248952 22.75 -63.5 0.03681553890925539 0 
0007 0008 1 1670742666250794 -6.5 -56.0 3.1231848841351653 0 
0007 0011 1 1670742666254771 22.75 -55.0 1.1044661672776617 0 
0007 0013 1 1670742666256895 16.25 -66.5 4.154019973594316 0 
0007 0010 1 1670742666259532 -21.125 -56.0 5.982525072754001 0 
0007 0004 1 1670742666260460 -7.3125 -59.5 2.3746022596469727 0 
0007 0015 1 1670742666261381 -45.5625 -63.0 2.1598449493429825 0 
0007 0003 1 1670742666262842 32.5 -62.0 1.718058482431918 0 
0007 0012 1 1670742666264041 -17.0625 -56.5 2.4911847995262812 0 
0007 0001 1 1670742666268178 24.375 -63.0 4.295146206079795 0 
0007 0005 1 1670742666274380 16.25 -62.5 6.209554229361076 0 
0007 0009 1 1670742666276677 110.625 -68.0 5.9518454569962875 0 
0007 0005 2 1670742666306272 -52.0625 -66.5 4.227651051412827 0 
0007 0009 2 1670742666310252 0.0 -69.0 0.4479223900626072 0 
0007 0007 2 1670742666312324 -32.5 -66.5 0.12885438618239387 0 
0007 0011 2 1670742666313273 19.5 -67.5 0.4724660826687775 0 
0007 0003 2 1670742666314763 -52.0625 -62.0 3.4606606574700063 0 
0007 0015 2 1670742666316477 -65.0625 -65.0 2.5034566458293663 0 
0007 0008 2 1670742666317922 -110.625 -66.5 4.362641360746763 0 
0007 0013 2 1670742666323628 -3.25 -62.5 5.540738605842936 0 
0007 0014 2 1670742666324578 -35.75 -65.0 4.387185053352934 0 
0007 0004 2 1670742666325750 90.3125 -64.0 2.3746022596469727 0 
0007 0012 2 1670742666328321 0.0 -68.0 5.056000676871073 0 
0007 0010 2 1670742666344390 -232.6875 -68.5 5.350524988145116 0 
0007 0003 3 1670742666387709 -26.0 -62.5 4.933282213840222 0 
0007 0007 3 1670742666391746 104.125 -67.0 5.056000676871073 0 
0007 0005 3 1670742666395681 -9.75 -54.5 5.049864753719531 0 
0007 0013 3 1670742666399358 19.5 -61.5 5.497787143782138 0 
0007 0014 3 1670742666409499 -71.5625 -71.0 0.3436116964863836 0 
0007 0015 3 1670742666420183 -107.375 -71.5 3.9576704327449543 0 
0007 0005 4 1670742666447188 -68.3125 -67.0 3.9760782021995817 0 
0007 0014 4 1670742666450104 84.625 -73.0 5.663457068873787 0 
0007 0007 4 1670742666452750 45.5625 -65.0 2.282563412373834 0 
0007 0003 4 1670742666461235 -9.75 -70.5 4.1601558967458585 0 
0007 0004 4 1670742666483599 62.625 -72.5 1.1965050145508 0 
0007 0005 5 1670742666537514 -123.6875 -72.5 5.915029918087033 0 
0007 0003 5 1670742666540504 -61.8125 -70.5 6.240233845118788 0 
0007 0013 5 1670742666543484 61.8125 -70.0 3.7122335066832517 0 
0007 0004 5 1670742666553860 -312.4375 -70.0 2.9636508821950587 0 
0007 0001 6 1670742666612825 97.625 -70.0 4.865787059173254 0 
0007 0005 6 1670742666618310 0.0 -67.5 4.853515212870168 0 
0007 0004 6 1670742666628131 7.3125 -64.0 3.834951969714103 0 
0007 0006 7 1670742666673156 42.3125 -71.5 4.957825906446392 0 
0007 0012 7 1670742666674357 -13.0 -66.5 5.921165841238575 0 
0007 0010 7 1670742666681423 -97.625 -65.0 5.853670686571607 0 
0007 0013 7 1670742666688201 -55.3125 -69.0 3.6692820446224537 0 
0007 0003 7 1670742666690664 -26.0 -68.5 2.0493983326152168 0 
0007 0003 8 1670742666740785 -58.5625 -69.0 3.356349963893783 0 
0007 0011 8 1670742666744223 9.75 -64.0 1.6996507129772904 0 
0007 0005 8 1670742666746107 -9.75 -70.0 5.148039524144211 0 
0007 0014 8 1670742666747325 16.25 -68.5 1.1719613219446299 0 
0007 0010 8 1670742666748597 21.125 -65.0 2.067806102069844 0 
0007 0013 8 1670742666749814 -9.75 -63.0 5.006913291658733 0 
0007 0012 8 1670742666750805 -7.3125 -65.5 2.1659808724945253 0 
0007 0009 8 1670742666753032 45.5625 -70.5 0.4049709280018093 0 
0007 0015 8 1670742666754891 16.25 -73.5 4.313553975534423 0 
0007 0007 8 1670742666756424 -139.9375 -70.0 5.123495831538041 0 
0007 0008 8 1670742666760308 -16.25 -68.5 0.6688156235181395 0 
0007 0015 1 1670742666986574 -32.5 -63.0 2.067806102069844 0 
0007 0004 1 1670742666990033 -3.25 -59.5 2.3930100291016 0 
0007 0012 1 1670742666991218 3.25 -56.5 2.4911847995262812 0 
0007 0008 1 1670742666992724 19.5 -55.5 3.147728576741336 0 
0007 0011 1 1670742666994843 -3.25 -54.5 1.1719613219446299 0 
0007 0014 1 1670742666995864 3.25 -64.0 0.11658253987930872 0 
0007 0007 1 1670742666997747 0.0 -54.5 0.8958447801252144 0 
0007 0010 1 1670742666998710 -3.25 -56.0 6.025476534814799 0 
0007 0005 1 1670742667003870 48.8125 -63.0 6.17273869045182 0 
0007 0001 1 1670742667008484 45.5625 -63.5 4.264466590322082 0 
0007 0013 1 1670742667009663 -159.5 -66.5 4.399456899656019 0 
0007 0003 1 1670742667010657 61.8125 -62.5 1.6873788666742053 0 
0007 0009 1 1670742667014961 -35.75 -67.5 0.11044661672776616 0 
0007 0010 2 1670742667047602 41.5 -69.5 4.994641445355648 0 
0007 0003 2 1670742667049940 13.0 -61.0 3.429981041712294 0 
0007 0005 2 1670742667053862 26.0 -66.5 4.2092432819582 0 
0007 0015 2 1670742667056988 29.25 -64.5 2.423689644859313 0 
0007 0009 2 1670742667060390 84.625 -67.0 0.3436116964863836 0 
0007 0007 2 1670742667061355 -13.0 -66.5 0.11044661672776616 0 
0007 0004 2 1670742667063975 -24.375 -63.5 2.5832236467994196 0 
0007 0013 2 1670742667067544 6.5 -62.0 5.602097837358362 0 
0007 0014 2 1670742667068537 29.25 -65.0 4.368777283898306 0 
0007 0011 2 1670742667076359 -39.0 -66.5 0.6320000846088841 0 
0007 0008 2 1670742667077340 -94.375 -67.5 4.374913207049849 0 
0007 0012 2 1670742667079272 -90.3125 -69.5 5.203262832508095 0 
0007 0007 3 1670742667108227 74.8125 -67.5 5.031456984264903 0 
0007 0005 3 1670742667119020 9.75 -54.0 4.988505522204105 0 
0007 0003 3 1670742667121317 -32.5 -62.5 4.921010367537137 0 
0007 0013 3 1670742667123232 78.0625 -62.0 5.344389064993574 0 
0007 0015 3 1670742667130072 -120.4375 -71.5 4.086524818927348 0 
0007 0014 3 1670742667140007 449.1875 -70.5 5.835262917116979 0 
0007 0004 4 1670742667166221 -48.8125 -70.5 1.2210487071569704 0 
0007 0007 4 1670742667183609 100.875 -65.0 2.1659808724945253 0 
0007 0005 4 1670742667195013 3.25 -66.5 3.8963112012295285 0 
0007 0014 4 1670742667197004 32.5 -73.0 5.64504929941916 0 
0007 0003 4 1670742667200672 -19.5 -71.0 4.276738436625168 0 
0007 0003 5 1670742667251699 166.0 -68.0 6.105243535784852 0 
0007 0004 5 1670742667265254 -197.6875 -69.5 2.791845033951867 0 
0007 0005 5 1670742667269281 100.875 -71.5 5.902758071783947 0 
0007 0013 5 1670742667271177 -104.125 -70.5 3.9699422790480394 0 
0007 0005 6 1670742667350689 -74.8125 -67.5 5.00077736850719 0 
0007 0004 6 1670742667358590 -39.0 -64.0 3.933126740138784 0 
0007 0001 6 1670742667359520 -7.3125 -70.5 5.013049214810275 0 
0007 0013 7 1670742667389342 -45.5625 -70.5 3.724505352986337 0 
0007 0010 7 1670742667394078 0.0 -65.0 5.651185222570702 0 
0007 0012 7 1670742667398442 -76.4375 -66.5 6.000932842208628 0 
0007 0003 7 1670742667405167 0.0 -67.5 2.0493983326152168 0 
0007 0008 8 1670742667466589 35.75 -68.0 0.4356505437595221 0 
0007 0012 8 1670742667476276 -16.25 -66.0 2.110757564130642 0 
0007 0005 8 1670742667477452 65.0625 -70.0 5.037592907416445 0 
0007 0013 8 1670742667478910 -42.3125 -63.0 5.00077736850719 0 
0007 0010 8 1670742667479829 58.5625 -65.0 2.0371264863121317 0 
0007 0011 8 1670742667480749 42.3125 -64.5 1.521708941582556 0 
0007 0003 8 1670742667483157 149.6875 -68.5 2.650718801466388 0 
0007 0009 8 1670742667486272 -6.5 -70.0 0.4663301595172349 0 
0007 0015 8 1670742667492687 -192.0 -73.5 4.546719055293041 0 
0007 0007 8 1670742667494799 -61.8125 -69.5 4.865787059173254 0 
0007 0014 8 1670742667500665 107.375 -69.0 0.9326603190344698 0 
0007 0008 1 1670742667718160 -13.0 -55.5 3.031146036862027 0 
0007 0001 1 1670742667719719 79.75 -63.5 3.8963112012295285 0 
0007 0014 1 1670742667723621 22.75 -63.5 0.06135923151542565 0 
0007 0011 1 1670742667725520 32.5 -55.0 0.9756117810952678 0 
0007 0003 1 1670742667728382 29.25 -62.5 1.576932249946439 0 
0007 0007 1 1670742667731945 -16.25 -55.0 0.7669903939428205 0 
0007 0015 1 1670742667733135 13.0 -63.0 2.067806102069844 0 
0007 0010 1 1670742667734082 -6.5 -56.0 5.927301764390117 0 
0007 0005 1 1670742667736108 42.3125 -63.0 5.9518454569962875 0 
0007 0012 1 1670742667737717 -9.75 -56.5 2.497320722677824 0 
0007 0013 1 1670742667743232 -19.5 -66.0 4.184699589352029 0 
0007 0004 1 1670742667745593 52.0625 -59.0 2.2212041808584084 0 
0007 0009 1 1670742667748028 6.5 -67.0 0.1227184630308513 0 
0007 0003 2 1670742667779535 -68.3125 -61.5 3.3072625786814425 0 
0007 0015 2 1670742667780811 -32.5 -64.5 2.5280003384355365 0 
0007 0014 2 1670742667783226 35.75 -64.0 4.3074180523828804 0 
0007 0012 2 1670742667785418 301.875 -70.5 4.700117134081604 0 
0007 0007 2 1670742667787284 -126.9375 -67.0 0.1902136176978195 0 
0007 0011 2 1670742667789309 120.4375 -67.0 0.18407769454627693 0 
0007 0013 2 1670742667791656 -16.25 -62.0 5.553010452146021 0 
0007 0004 2 1670742667793236 -41.5 -64.5 2.454369260617026 0 
0007 0005 2 1670742667800374 -68.3125 -66.5 4.025165587411922 0 
0007 0009 2 1670742667801597 -65.0625 -67.0 0.44178646691106466 0 
0007 0008 2 1670742667806217 71.5625 -67.5 3.933126740138784 0 
0007 0010 2 1670742667809573 -41.5 -68.5 4.890330751779424 0 
0007 0003 3 1670742667846205 -6.5 -63.5 5.1725832167503825 0 
0007 0005 3 1670742667847593 16.25 -54.5 5.092816215780329 0 
0007 0014 3 1670742667849958 81.375 -71.5 0.1902136176978195 0 
0007 0013 3 1670742667854801 13.0 -61.5 5.485515297479052 0 
0007 0015 3 1670742667856725 -3.25 -70.0 3.693825737228624 0 
0007 0007 3 1670742667860292 -6.5 -67.5 5.313709449235861 0 
0007 0005 4 1670742667886700 -9.75 -66.0 4.178563666200486 0 
0007 0014 4 1670742667909549 -198.5625 -73.5 5.915029918087033 0 
0007 0007 4 1670742667911613 22.75 -65.0 2.478912953223196 0 
0007 0004 4 1670742667914662 3.25 -71.5 1.282407938672396 0 
0007 0003 4 1670742667923037 3.25 -70.5 4.23378697456437 0 
0007 0013 5 1670742667958877 -97.625 -70.5 3.9576704327449543 0 
0007 0004 5 1670742667981633 156.1875 -71.0 2.386874105950058 0 
0007 0005 5 1670742668004464 -74.8125 -70.5 5.964117303299373 0 
0007 0003 5 1670742668005414 -42.3125 -70.5 0.02454369260617026 0 
0007 0001 6 1670742668043673 87.0625 -70.0 4.871922982324796 0 
0007 0005 6 1670742668052131 39.0 -67.5 4.963961829597935 0 
0007 0004 6 1670742668055550 -45.5625 -63.5 4.06811704947272 0 
0007 0003 7 1670742668099561 -120.4375 -68.0 2.2027964114037806 0 
0007 0010 7 1670742668100692 -41.5 -65.5 5.743224069843841 0 
0007 0012 7 1670742668107870 100.875 -66.5 5.816855147662351 0 
0007 0013 7 1670742668114850 169.25 -71.5 3.5833791205008576 0 
0007 0006 7 1670742668124367 -126.9375 -73.0 5.117359908386499 0 
