0007 0004 1 1670742681397220 -24.375 -59.5 2.4175537217077703 0 
0007 0012 1 1670742681398421 17.0625 -56.5 2.442097414313941 0 
0007 0009 1 1670742681403391 -9.75 -68.5 6.270913460876501 0 
0007 0005 1 1670742681405828 -26.0 -62.5 6.043884304269426 0 
0007 0010 1 1670742681406772 -24.375 -56.0 5.970253226450915 0 
0007 0013 1 1670742681408257 -19.5 -66.5 4.154019973594316 0 
0007 0008 1 1670742681409180 -13.0 -55.5 3.031146036862027 0 
0007 0011 1 1670742681410127 -3.25 -54.5 0.9817477042468103 0 
0007 0007 1 1670742681411122 32.5 -55.0 0.619728238305799 0 
0007 0003 1 1670742681413194 29.25 -62.5 1.6444274046134073 0 
0007 0014 1 1670742681417057 48.8125 -63.5 6.2463697682703305 0 
0007 0015 1 1670742681418034 -6.5 -63.0 2.1598449493429825 0 
0007 0001 1 1670742681424286 34.9375 -63.0 4.0987966652304335 0 
0007 0009 2 1670742681457539 117.125 -68.0 0.2270291566070749 0 
0007 0004 2 1670742681460481 24.375 -64.0 2.5770877236478773 0 
0007 0003 2 1670742681465551 19.5 -60.5 3.2090878082567613 0 
0007 0008 2 1670742681467213 -156.1875 -67.0 4.325825821837508 0 
0007 0015 2 1670742681471112 35.75 -64.5 2.3746022596469727 0 
0007 0007 2 1670742681472088 16.25 -66.5 6.178874613603362 0 
0007 0005 2 1670742681473309 -65.0625 -66.5 3.9944859716542096 0 
0007 0013 2 1670742681474286 45.5625 -62.5 5.45483568172134 0 
0007 0014 2 1670742681475234 -110.625 -64.5 4.509903516383785 0 
0007 0010 2 1670742681477674 -3.25 -69.5 4.970097752749477 0 
0007 0011 2 1670742681483819 120.4375 -66.0 0.17794177139473438 0 
0007 0012 2 1670742681492455 -48.8125 -69.5 5.019185137961818 0 
0007 0005 3 1670742681515956 -39.0 -54.5 5.197126909356553 0 
0007 0015 3 1670742681519920 6.5 -70.0 3.9822141253511245 0 
0007 0003 3 1670742681521099 -29.25 -62.5 5.264622064023521 0 
0007 0007 3 1670742681522898 -52.0625 -67.5 5.497787143782138 0 
0007 0013 3 1670742681524794 32.5 -62.0 5.50392306693368 0 
0007 0007 4 1670742681575911 9.75 -65.0 2.5770877236478773 0 
0007 0004 4 1670742681578720 211.5625 -72.0 1.0983302441261191 0 
0007 0014 4 1670742681583074 84.625 -73.5 5.66959299202533 0 
0007 0005 4 1670742681594269 -52.0625 -66.5 4.313553975534423 0 
0007 0003 4 1670742681612889 -74.8125 -70.5 4.454680208019902 0 
0007 0005 5 1670742681648181 172.5 -69.0 5.737088146692298 0 
0007 0003 5 1670742681649131 -32.5 -70.0 0.20248546400090464 0 
0007 0004 5 1670742681670902 -149.6875 -70.0 2.779573187648782 0 
0007 0013 5 1670742681688633 -117.125 -70.0 3.761320891895592 0 
0007 0001 6 1670742681733090 -76.4375 -70.5 5.117359908386499 0 
0007 0005 6 1670742681740772 -52.0625 -66.5 5.092816215780329 0 
0007 0004 6 1670742681746019 -45.5625 -64.0 3.9392626632903265 0 
0007 0003 7 1670742681798140 42.3125 -69.0 1.8837284075235674 0 
0007 0010 7 1670742681803749 -10.5625 -65.5 5.730952223540755 0 
0007 0012 7 1670742681818579 10.5625 -66.5 5.853670686571607 0 
0007 0013 7 1670742681821591 -26.0 -70.0 3.730641276137879 0 
0007 0006 7 1670742681825418 -42.3125 -72.0 4.890330751779424 0 
0007 0009 8 1670742681886529 78.0625 -70.0 0.35588354278946877 0 
0007 0015 8 1670742681891176 -104.125 -73.0 4.331961744989051 0 
0007 0008 8 1670742681893272 -26.0 -68.5 0.4479223900626072 0 
0007 0003 8 1670742681894209 74.8125 -69.0 2.675262494072558 0 
0007 0010 8 1670742681895648 6.5 -64.5 2.012582793705961 0 
0007 0011 8 1670742681896599 58.5625 -63.5 1.4726215563702154 0 
0007 0005 8 1670742681899006 -55.3125 -70.0 5.246214294568893 0 
0007 0013 8 1670742681899853 -3.25 -63.0 5.006913291658733 0 
0007 0007 8 1670742681903005 -52.0625 -69.0 4.71238898038469 0 
0007 0012 8 1670742681905390 69.125 -65.5 1.9941750242513334 0 
0007 0014 8 1670742681906281 136.6875 -68.5 1.0246991663076084 0 
0007 0008 1 1670742682136753 29.25 -55.5 2.9206994201342606 0 
0007 0013 1 1670742682138157 48.8125 -67.0 4.01902966426038 0 
0007 0007 1 1670742682139856 3.25 -55.0 0.7240389318820226 0 
0007 0009 1 1670742682141516 -48.8125 -68.5 0.25770877236478773 0 
0007 0012 1 1670742682143424 -3.25 -56.5 2.4850488763747385 0 
0007 0003 1 1670742682144433 16.25 -62.5 1.6382914814618648 0 
0007 0011 1 1670742682145409 -22.75 -55.0 1.0492428589137786 0 
0007 0005 1 1670742682146313 9.75 -63.0 5.964117303299373 0 
0007 0015 1 1670742682156144 71.5625 -63.0 1.9512235621905356 0 
0007 0010 1 1670742682157514 21.125 -56.0 5.921165841238575 0 
0007 0014 1 1670742682161820 29.25 -63.5 0.030679615757712823 0 
0007 0004 1 1670742682163303 -34.9375 -59.0 2.435961491162398 0 
0007 0001 1 1670742682166010 -3.25 -63.0 4.2092432819582 0 
0007 0014 2 1670742682206780 -42.3125 -66.0 4.454680208019902 0 
0007 0011 2 1670742682214983 146.4375 -66.5 0.07363107781851078 0 
0007 0013 2 1670742682215947 32.5 -62.5 5.448699758569798 0 
0007 0003 2 1670742682219093 -61.8125 -61.5 3.3195344249845276 0 
0007 0005 2 1670742682220027 13.0 -66.5 3.9699422790480394 0 
0007 0010 2 1670742682220976 -156.1875 -68.5 5.283029833478148 0 
0007 0009 2 1670742682223114 29.25 -67.5 0.4049709280018093 0 
0007 0004 2 1670742682225720 34.9375 -64.5 2.552544031041707 0 
0007 0008 2 1670742682229042 -22.75 -66.5 4.111068511533518 0 
0007 0015 2 1670742682233249 -9.75 -64.5 2.399145952253143 0 
0007 0012 2 1670742682240828 125.3125 -68.5 4.706253057233147 0 
0007 0007 2 1670742682241890 65.0625 -67.5 6.227961998815704 0 
0007 0015 3 1670742682278474 -100.875 -71.0 3.9760782021995817 0 
0007 0013 3 1670742682282768 3.25 -62.0 5.516194913236766 0 
0007 0003 3 1670742682286236 -68.3125 -63.0 5.197126909356553 0 
0007 0005 3 1670742682293545 -9.75 -54.0 5.105088062083414 0 
0007 0007 3 1670742682305397 -32.5 -67.5 5.307573526084319 0 
0007 0005 4 1670742682362647 9.75 -66.0 4.074252972624263 0 
0007 0007 4 1670742682369204 26.0 -65.0 2.4911847995262812 0 
0007 0003 4 1670742682374174 -156.1875 -71.5 4.448544284868359 0 
0007 0004 4 1670742682376546 10.5625 -71.5 1.141281706186917 0 
0007 0014 4 1670742682389579 117.125 -73.5 5.66959299202533 0 
0007 0003 5 1670742682437891 -146.4375 -70.0 0.18407769454627693 0 
0007 0004 5 1670742682442000 27.625 -69.5 2.5280003384355365 0 
0007 0005 5 1670742682452799 -201.8125 -70.0 0.006135923151542565 0 
0007 0013 5 1670742682460505 48.8125 -71.0 3.650874275167826 0 
0007 0004 6 1670742682497651 -13.8125 -63.0 3.865631585471816 0 
0007 0001 6 1670742682504225 0.0 -69.5 4.970097752749477 0 
0007 0005 6 1670742682531822 -35.75 -67.0 5.037592907416445 0 
0007 0006 7 1670742682583140 -136.6875 -72.0 5.399612373357457 0 
0007 0013 7 1670742682587896 -55.3125 -70.0 3.77972866135022 0 
0007 0010 7 1670742682591002 21.125 -65.5 5.706408530934585 0 
0007 0012 7 1670742682592786 -13.0 -66.5 6.000932842208628 0 
0007 0003 7 1670742682595323 -58.5625 -68.5 2.1230294104337273 0 
0007 0010 8 1670742682676226 62.625 -64.5 1.9389517158874505 0 
0007 0013 8 1670742682677697 -13.0 -63.0 5.00077736850719 0 
0007 0012 8 1670742682678645 -39.0 -66.0 2.172116795646068 0 
0007 0005 8 1670742682681945 -91.125 -69.5 5.227806525114265 0 
0007 0011 8 1670742682686743 -19.5 -63.0 1.6321555583103222 0 
0007 0015 8 1670742682689618 -146.4375 -72.5 4.460816131171445 0 
0007 0003 8 1670742682691116 -19.5 -69.0 2.945243112740431 0 
0007 0014 8 1670742682697034 42.3125 -69.0 1.030835089459151 0 
0007 0009 8 1670742682701657 39.0 -71.0 0.5031456984264903 0 
0007 0007 8 1670742682702605 -6.5 -69.0 4.7307967498393175 0 
0007 0008 8 1670742682704320 0.0 -68.5 0.4908738521234052 0 
0007 0010 1 1670742682936333 13.8125 -56.0 6.007068765360171 0 
0007 0001 1 1670742682940523 30.875 -63.0 4.325825821837508 0 
0007 0011 1 1670742682941963 6.5 -54.5 1.0983302441261191 0 
0007 0009 1 1670742682942930 3.25 -67.5 0.07363107781851078 0 
0007 0012 1 1670742682943906 29.25 -56.5 2.435961491162398 0 
0007 0007 1 1670742682945831 -9.75 -55.0 0.803805932852076 0 
0007 0014 1 1670742682948544 -39.0 -63.0 0.1227184630308513 0 
0007 0003 1 1670742682949465 13.0 -62.5 1.736466251886546 0 
0007 0008 1 1670742682954170 3.25 -56.0 3.141592653589793 0 
0007 0013 1 1670742682956814 -55.3125 -67.0 4.190835512503572 0 
0007 0004 1 1670742682960210 -24.375 -59.0 2.521864415283994 0 
0007 0005 1 1670742682962718 -29.25 -63.5 6.166602767300278 0 
0007 0015 1 1670742682963680 39.0 -62.5 2.018718716857504 0 
0007 0004 2 1670742682998812 -16.25 -64.0 2.773437264497239 0 
0007 0011 2 1670742683002161 -71.5625 -67.5 0.5154175447295755 0 
0007 0015 2 1670742683003805 192.0 -65.5 2.1353012567368124 0 
0007 0013 2 1670742683006651 71.5625 -62.5 5.393476450205914 0 
0007 0008 2 1670742683008581 -68.3125 -66.5 4.362641360746763 0 
0007 0007 2 1670742683010624 19.5 -67.5 0.12885438618239387 0 
0007 0003 2 1670742683011602 9.75 -61.0 3.4913402732277192 0 
0007 0012 2 1670742683014932 -180.625 -68.0 5.307573526084319 0 
0007 0009 2 1670742683024807 6.5 -69.5 0.3865631585471816 0 
0007 0014 2 1670742683027592 -39.0 -65.5 4.4362724385652745 0 
0007 0010 2 1670742683029811 9.75 -70.0 5.013049214810275 0 
0007 0005 2 1670742683031431 146.4375 -66.5 3.902447124381071 0 
0007 0005 3 1670742683060765 -39.0 -54.5 5.105088062083414 0 
0007 0007 3 1670742683068978 -6.5 -68.0 5.246214294568893 0 
0007 0003 3 1670742683071446 -52.0625 -63.5 4.957825906446392 0 
0007 0013 3 1670742683072423 -45.5625 -62.0 5.589825991055276 0 
0007 0014 3 1670742683078923 0.0 -71.0 0.2945243112740431 0 
0007 0004 4 1670742683134099 -69.125 -72.0 1.282407938672396 0 
0007 0005 4 1670742683136958 -58.5625 -67.0 4.06811704947272 0 
0007 0007 4 1670742683149852 16.25 -65.0 2.399145952253143 0 
0007 0003 4 1670742683162043 -65.0625 -70.0 4.331961744989051 0 
0007 0014 4 1670742683176343 6.5 -73.0 5.810719224510809 0 
0007 0013 5 1670742683207959 -91.125 -70.5 3.761320891895592 0 
0007 0005 5 1670742683216478 -22.75 -71.5 5.6573211457222445 0 
0007 0004 5 1670742683219105 93.5625 -69.0 2.423689644859313 0 
0007 0003 5 1670742683237634 42.3125 -70.0 0.03681553890925539 0 
0007 0001 6 1670742683298283 0.0 -70.0 4.933282213840222 0 
0007 0005 6 1670742683303425 -58.5625 -67.5 4.9394181369917645 0 
0007 0004 6 1670742683319105 10.5625 -63.0 3.7551849687440497 0 
0007 0013 7 1670742683364354 29.25 -70.0 3.5956509668039427 0 
0007 0010 7 1670742683372669 90.3125 -65.0 5.589825991055276 0 
0007 0012 7 1670742683384382 -19.5 -66.0 5.93343768754166 0 
0007 0003 7 1670742683385576 234.3125 -68.5 1.6996507129772904 0 
0007 0006 7 1670742683407553 -45.5625 -72.0 4.945554060143307 0 
0007 0010 8 1670742683447697 34.9375 -64.5 1.9512235621905356 0 
0007 0003 8 1670742683450106 -3.25 -69.5 2.945243112740431 0 
0007 0012 8 1670742683451097 19.5 -65.5 2.073942025221387 0 
0007 0013 8 1670742683455377 -22.75 -64.0 5.0253210611133605 0 
0007 0011 8 1670742683457560 22.75 -63.5 1.6014759425526093 0 
0007 0005 8 1670742683458737 -104.125 -69.5 5.184855063053467 0 
0007 0008 8 1670742683459941 -100.875 -69.5 0.5645049299419159 0 
0007 0014 8 1670742683460919 -78.0625 -68.5 1.2640001692177683 0 
0007 0009 8 1670742683463619 22.75 -72.0 0.2761165418194154 0 
0007 0015 8 1670742683469504 -84.625 -71.5 4.430136515413731 0 
0007 0007 8 1670742683470466 61.8125 -69.5 4.638757902566179 0 
0007 0005 1 1670742683688377 19.5 -63.0 6.1420590746941075 0 
0007 0004 1 1670742683689307 3.25 -59.0 2.5402721847386216 0 
0007 0010 1 1670742683692605 3.25 -56.0 6.031612457966341 0 
0007 0009 1 1670742683693799 29.25 -68.5 6.264777537724958 0 
0007 0011 1 1670742683694761 29.25 -55.0 1.0737865515199487 0 
0007 0008 1 1670742683697747 0.0 -56.0 3.11091303783208 0 
0007 0013 1 1670742683700173 81.375 -66.5 3.9944859716542096 0 
0007 0003 1 1670742683702564 6.5 -62.0 1.8100973297050567 0 
0007 0012 1 1670742683704258 0.0 -56.5 2.478912953223196 0 
0007 0007 1 1670742683705197 16.25 -55.0 0.7853981633974483 0 
0007 0001 1 1670742683707899 -13.8125 -63.0 4.442408361716817 0 
0007 0015 1 1670742683712103 6.5 -63.0 2.061670178918302 0 
0007 0014 1 1670742683713491 39.0 -63.0 6.252505691421874 0 
0007 0015 2 1670742683747230 -139.9375 -65.0 2.650718801466388 0 
0007 0003 2 1670742683756625 -39.0 -61.0 3.4606606574700063 0 
0007 0013 2 1670742683758211 -55.3125 -62.5 5.620505606812989 0 
0007 0011 2 1670742683763510 26.0 -67.0 0.35588354278946877 0 
0007 0007 2 1670742683765407 -26.0 -67.0 6.17273869045182 0 
0007 0005 2 1670742683767873 -91.125 -66.5 4.2031073588066565 0 
0007 0014 2 1670742683768848 87.875 -65.0 4.338097668140593 0 
0007 0004 2 1670742683772285 194.4375 -64.0 2.442097414313941 0 
0007 0008 2 1670742683773237 -58.5625 -68.0 4.411728745959104 0 
0007 0010 2 1670742683774200 -260.375 -69.0 5.240078371417351 0 
0007 0012 2 1670742683777577 3.25 -68.5 5.031456984264903 0 
0007 0009 2 1670742683783899 107.375 -68.5 0.2638446955163303 0 
0007 0015 3 1670742683819948 -52.0625 -71.5 3.8288160465625602 0 
0007 0005 3 1670742683821998 -26.0 -54.5 5.098952138931871 0 
0007 0013 3 1670742683827009 48.8125 -62.0 5.418020142812084 0 
0007 0003 3 1670742683829434 -81.375 -62.5 5.117359908386499 0 
0007 0007 3 1670742683833571 -81.375 -68.0 5.375068680751287 0 
0007 0014 3 1670742683858393 -172.5 -72.5 0.5276893910326605 0 
0007 0007 4 1670742683909410 -29.25 -65.5 2.521864415283994 0 
0007 0003 4 1670742683916037 -130.1875 -70.0 4.466952054322987 0 
0007 0005 4 1670742683917008 0.0 -67.0 4.006757817957295 0 
0007 0014 4 1670742683919248 -146.4375 -73.5 6.000932842208628 0 
0007 0004 4 1670742683928826 -34.9375 -70.0 1.1965050145508 0 
0007 0004 5 1670742683977859 87.0625 -70.0 2.3930100291016 0 
0007 0005 5 1670742683992054 97.625 -70.0 5.737088146692298 0 
0007 0013 5 1670742683995134 126.9375 -69.5 3.650874275167826 0 
0007 0003 5 1670742684007241 -97.625 -69.5 0.18407769454627693 0 
0007 0005 6 1670742684035928 -55.3125 -67.0 4.97623367590102 0 
0007 0001 6 1670742684060251 65.875 -70.5 4.816699673960914 0 
0007 0004 6 1670742684063871 13.8125 -63.5 3.724505352986337 0 
0007 0010 7 1670742684123646 -21.125 -64.5 5.712544454086128 0 
0007 0013 7 1670742684130313 61.8125 -70.0 3.5036121195308043 0 
0007 0006 7 1670742684131235 -143.1875 -71.5 5.117359908386499 0 
0007 0012 7 1670742684140257 -65.0625 -66.0 6.000932842208628 0 
0007 0003 7 1670742684143528 -136.6875 -68.0 2.1475731030398975 0 
0007 0005 8 1670742684197427 19.5 -69.5 5.037592907416445 0 
0007 0008 8 1670742684198434 -6.5 -69.0 0.4049709280018093 0 
0007 0003 8 1670742684199796 -22.75 -69.5 2.9022916506796332 0 
0007 0009 8 1670742684204641 -29.25 -72.0 0.4970097752749477 0 
0007 0014 8 1670742684209769 58.5625 -69.5 1.1351457830353744 0 
0007 0013 8 1670742684211047 26.0 -63.0 4.957825906446392 0 
0007 0011 8 1670742684212844 29.25 -63.5 1.552388557340269 0 
0007 0010 8 1670742684214055 -10.5625 -64.5 2.0493983326152168 0 
0007 0012 8 1670742684214989 13.8125 -65.5 2.098485717827557 0 
0007 0007 8 1670742684216053 -81.375 -69.0 4.822835597112456 0 
0007 0015 8 1670742684220302 -71.5625 -73.0 4.381049130201391 0 
0007 0001 1 1670742684438098 -59.375 -62.5 4.485359823777615 0 
0007 0015 1 1670742684440212 55.3125 -63.0 2.000310947402876 0 
0007 0005 1 1670742684441894 26.0 -63.0 6.135923151542564 0 
0007 0012 1 1670742684443365 38.1875 -56.5 2.429825568010856 0 
0007 0014 1 1670742684444779 22.75 -63.0 0.05522330836388308 0 
0007 0013 1 1670742684445703 -42.3125 -66.5 4.264466590322082 0 
0007 0011 1 1670742684446631 0.0 -54.5 1.1290098598838318 0 
0007 0010 1 1670742684448515 -24.375 -56.0 6.062292073724054 0 
0007 0008 1 1670742684449892 -26.0 -55.5 3.2029518851052186 0 
0007 0007 1 1670742684450839 9.75 -55.0 0.803805932852076 0 
0007 0003 1 1670742684456319 3.25 -62.5 1.718058482431918 0 
0007 0009 1 1670742684462538 58.5625 -67.5 0.2761165418194154 0 
0007 0004 1 1670742684465424 24.375 -59.0 2.4850488763747385 0 
0007 0004 2 1670742684507775 -97.625 -65.0 2.890019804376548 0 
0007 0013 2 1670742684508712 -113.875 -62.5 5.730952223540755 0 
0007 0011 2 1670742684514247 -58.5625 -68.0 0.5706408530934585 0 
0007 0014 2 1670742684516682 -39.0 -64.0 4.485359823777615 0 
0007 0015 2 1670742684520283 201.8125 -65.0 2.110757564130642 0 
0007 0007 2 1670742684525437 87.875 -67.0 6.12365130523948 0 
0007 0003 2 1670742684528468 -58.5625 -61.5 3.4913402732277192 0 
0007 0009 2 1670742684529811 -16.25 -67.5 0.6749515466696822 0 
0007 0008 2 1670742684532561 -113.875 -67.5 4.411728745959104 0 
0007 0010 2 1670742684537466 38.1875 -69.5 4.994641445355648 0 
0007 0012 2 1670742684540766 -13.0 -68.5 4.9394181369917645 0 
0007 0005 2 1670742684544733 -16.25 -66.5 4.0558452031696355 0 
0007 0015 3 1670742684566441 -146.4375 -70.5 4.178563666200486 0 
0007 0007 3 1670742684568111 -97.625 -68.0 5.4671075280244255 0 
0007 0005 3 1670742684574517 -22.75 -54.5 5.086680292628786 0 
0007 0003 3 1670742684577810 22.75 -63.0 4.95168998329485 0 
0007 0013 3 1670742684578989 97.625 -62.0 5.313709449235861 0 
0007 0004 4 1670742684637609 -38.1875 -71.0 1.3192234775816514 0 
0007 0007 4 1670742684650000 -26.0 -65.5 2.405281875404685 0 
0007 0003 4 1670742684653541 -152.9375 -70.5 4.491495746929157 0 
0007 0005 4 1670742684654546 -61.8125 -66.5 4.111068511533518 0 
0007 0014 4 1670742684668863 -48.8125 -73.0 5.786175531904639 0 
0007 0004 5 1670742684705734 -7.3125 -69.0 2.429825568010856 0 
0007 0013 5 1670742684710652 -182.25 -69.5 4.037437433715008 0 
0007 0003 5 1670742684714492 -123.6875 -69.0 0.09817477042468103 0 
0007 0005 5 1670742684735932 253.875 -70.0 5.5714182216006485 0 
0007 0001 6 1670742684803978 38.1875 -70.0 4.853515212870168 0 
0007 0005 6 1670742684805197 26.0 -67.0 4.816699673960914 0 
0007 0004 6 1670742684819647 -10.5625 -63.0 3.810408277107933 0 
0007 0012 7 1670742684848487 -69.125 -66.5 5.945709533844745 0 
0007 0003 7 1670742684863595 -169.25 -69.0 2.3071071049800045 0 
0007 0010 7 1670742684864541 -45.5625 -65.0 5.816855147662351 0 
0007 0013 7 1670742684874586 84.625 -68.5 3.5465635815916023 0 
0007 0006 7 1670742684886687 120.4375 -73.0 5.092816215780329 0 
0007 0011 8 1670742684926469 6.5 -63.5 1.6689710972195777 0 
0007 0008 8 1670742684932114 39.0 -69.0 0.37429131224409645 0 
0007 0009 8 1670742684936575 68.3125 -70.5 0.28225246497095796 0 
0007 0015 8 1670742684937523 -159.5 -72.5 4.491495746929157 0 
0007 0014 8 1670742684938500 -52.0625 -68.5 1.2210487071569704 0 
0007 0007 8 1670742684941202 -39.0 -69.5 4.773748211900116 0 
0007 0013 8 1670742684942153 -32.5 -62.5 5.056000676871073 0 
0007 0003 8 1670742684943104 -55.3125 -69.5 3.0066023442558567 0 
0007 0005 8 1670742684948328 -149.6875 -70.0 5.325981295538946 0 
0007 0010 8 1670742684949629 30.875 -64.5 2.055534255766759 0 
0007 0012 8 1670742684951978 -17.0625 -65.5 2.12916533358527 0 
0007 0007 1 1670742685165910 3.25 -55.0 0.8283496254582462 0 
0007 0014 1 1670742685170224 0.0 -63.5 0.11658253987930872 0 
0007 0012 1 1670742685172623 -3.25 -56.5 2.4911847995262812 0 
0007 0010 1 1670742685173795 -7.3125 -56.0 6.068427996875596 0 
0007 0015 1 1670742685175199 91.125 -63.0 1.9941750242513334 0 
0007 0003 1 1670742685177804 152.9375 -62.5 1.509437095279471 0 
0007 0009 1 1670742685179875 149.6875 -68.5 6.050020227420969 0 
0007 0013 1 1670742685180811 55.3125 -66.5 4.086524818927348 0 
0007 0001 1 1670742685181770 -10.5625 -63.0 4.374913207049849 0 
0007 0011 1 1670742685184451 35.75 -54.5 1.1228739367322893 0 
0007 0004 1 1670742685186871 19.5 -59.0 2.5157284921324514 0 
0007 0008 1 1670742685198733 13.0 -56.0 3.1661363461959633 0 
0007 0005 1 1670742685202582 -45.5625 -63.0 6.227961998815704 0 
0007 0003 2 1670742685236793 -6.5 -62.5 3.4913402732277192 0 
0007 0004 2 1670742685242360 -104.125 -64.0 2.8777479580734626 0 
0007 0015 2 1670742685247823 133.4375 -65.0 2.2580197197676637 0 
0007 0013 2 1670742685250270 -68.3125 -62.5 5.638913376267617 0 
0007 0012 2 1670742685251739 -91.125 -68.0 4.988505522204105 0 
0007 0008 2 1670742685252662 -48.8125 -69.0 4.374913207049849 0 
0007 0014 2 1670742685253849 22.75 -64.5 4.479223900626073 0 
0007 0011 2 1670742685258482 -74.8125 -65.5 0.4970097752749477 0 
0007 0007 2 1670742685262257 39.0 -67.5 6.227961998815704 0 
0007 0005 2 1670742685263503 9.75 -65.5 4.09266074207889 0 
0007 0010 2 1670742685264872 10.5625 -70.0 5.049864753719531 0 
0007 0009 2 1670742685268092 -139.9375 -70.5 0.7976700097005334 0 
0007 0007 3 1670742685297689 -32.5 -69.0 5.080544369477243 0 
0007 0005 3 1670742685298665 13.0 -54.5 5.031456984264903 0 
0007 0003 3 1670742685306708 139.9375 -63.0 4.681709364626977 0 
0007 0013 3 1670742685310095 78.0625 -62.0 5.301437602932776 0 
0007 0014 3 1670742685328992 -39.0 -71.0 0.18407769454627693 0 
0007 0007 4 1670742685367202 35.75 -66.0 2.282563412373834 0 
0007 0005 4 1670742685376453 -48.8125 -67.5 4.031301510563465 0 
0007 0003 4 1670742685401220 -26.0 -70.0 4.147884050442774 0 
0007 0004 4 1670742685409035 104.125 -72.5 0.9633399347921826 0 
0007 0014 4 1670742685422443 -133.4375 -74.0 6.080699843178682 0 
0007 0005 5 1670742685453405 29.25 -71.0 5.93343768754166 0 
0007 0013 5 1670742685454585 -52.0625 -69.0 3.8533597391687304 0 
0007 0003 5 1670742685457986 9.75 -70.0 5.994796919057086 0 
0007 0004 5 1670742685486606 180.625 -70.0 2.3071071049800045 0 
0007 0005 6 1670742685541446 -48.8125 -67.0 4.92714629068868 0 
0007 0004 6 1670742685544501 24.375 -63.0 3.6447383520162835 0 
0007 0001 6 1670742685550848 121.25 -70.0 4.632621979414636 0 
0007 0010 7 1670742685586237 -24.375 -65.5 5.7616318392984684 0 
0007 0003 7 1670742685606094 -104.125 -68.5 2.067806102069844 0 
0007 0012 7 1670742685607919 169.25 -66.5 5.553010452146021 0 
0007 0013 7 1670742685614123 -6.5 -69.5 3.54042765844006 0 
0007 0003 8 1670742685656031 19.5 -69.0 3.000466421104314 0 
0007 0014 8 1670742685657889 -16.25 -68.5 1.2026409377023426 0 
0007 0012 8 1670742685659800 6.5 -66.0 2.1782527187976104 0 
0007 0010 8 1670742685660991 -32.5 -65.0 2.110757564130642 0 
0007 0013 8 1670742685666206 -32.5 -63.5 5.056000676871073 0 
0007 0011 8 1670742685667637 -55.3125 -63.0 1.7426021750380885 0 
0007 0009 8 1670742685671070 -58.5625 -71.0 0.4049709280018093 0 
0007 0008 8 1670742685672233 -16.25 -71.0 0.4540583132141498 0 
0007 0005 8 1670742685673651 -71.5625 -69.5 5.1725832167503825 0 
0007 0007 8 1670742685677476 -81.375 -70.0 4.779884135051658 0 
0007 0015 8 1670742685687865 -48.8125 -72.0 4.190835512503572 0 
0007 0001 1 1670742685905993 -24.375 -62.5 4.6448938257177215 0 
0007 0004 1 1670742685914645 -30.875 -59.5 2.6261751088602177 0 
0007 0013 1 1670742685916391 -45.5625 -66.5 4.239922897715912 0 
0007 0012 1 1670742685917576 3.25 -56.5 2.5034566458293663 0 
0007 0008 1 1670742685920389 6.5 -56.0 3.215223731408304 0 
0007 0010 1 1670742685923248 24.375 -56.0 6.056156150572511 0 
0007 0003 1 1670742685926151 6.5 -62.5 1.7916895602504288 0 
0007 0009 1 1670742685928071 -146.4375 -69.0 0.1349903093339364 0 
0007 0007 1 1670742685929045 -6.5 -55.0 0.859029241215959 0 
0007 0015 1 1670742685931262 45.5625 -62.5 2.055534255766759 0 
0007 0011 1 1670742685932222 -9.75 -55.0 1.2087768608538851 0 
0007 0014 1 1670742685941945 45.5625 -63.0 0.01227184630308513 0 
0007 0005 1 1670742685943147 -6.5 -63.0 6.215690152512618 0 
0007 0007 2 1670742685978769 120.4375 -68.0 6.013204688511713 0 
0007 0015 2 1670742685979731 -52.0625 -64.5 2.5893595699509624 0 
0007 0005 2 1670742685981134 139.9375 -68.0 3.877903431774901 0 
0007 0004 2 1670742685984007 79.75 -64.5 2.748893571891069 0 
0007 0013 2 1670742685986122 -32.5 -62.0 5.6573211457222445 0 
0007 0014 2 1670742685989765 -169.25 -65.0 4.693981210930062 0 
0007 0008 2 1670742685990900 35.75 -68.0 4.2031073588066565 0 
0007 0011 2 1670742685992825 -3.25 -67.5 0.5338253141842031 0 
0007 0003 2 1670742685994306 26.0 -61.5 3.4606606574700063 0 
0007 0009 2 1670742685999281 -84.625 -70.0 0.5522330836388308 0 
0007 0012 2 1670742686001657 -188.75 -69.0 5.074408446325701 0 
0007 0010 2 1670742686007735 -69.125 -70.0 5.2339424482658075 0 
0007 0003 3 1670742686051916 19.5 -62.5 4.884194828627882 0 
0007 0007 3 1670742686054822 -113.875 -67.5 5.197126909356553 0 
0007 0013 3 1670742686055813 -123.6875 -62.0 5.632777453116074 0 
0007 0005 3 1670742686059633 6.5 -54.5 5.019185137961818 0 
0007 0015 3 1670742686071243 244.125 -69.5 3.497476196379262 0 
0007 0004 4 1670742686130548 76.4375 -72.5 1.0369710126106935 0 
0007 0007 4 1670742686132887 13.0 -65.0 2.2764274892222915 0 
0007 0003 4 1670742686137980 -126.9375 -70.5 4.252194744018997 0 
0007 0005 4 1670742686142275 -156.1875 -66.5 4.061981126321178 0 
0007 0014 4 1670742686160264 29.25 -72.5 5.64504929941916 0 
0007 0004 5 1670742686197151 -68.3125 -70.0 2.5893595699509624 0 
0007 0003 5 1670742686204401 -48.8125 -71.0 6.2034183062095325 0 
0007 0013 5 1670742686210672 166.0 -69.5 3.3747577333484107 0 
0007 0005 5 1670742686232101 58.5625 -71.0 5.608233760509904 0 
0007 0005 6 1670742686265885 -26.0 -67.0 4.841243366567084 0 
0007 0001 6 1670742686277857 3.25 -69.5 4.773748211900116 0 
0007 0004 6 1670742686278788 17.0625 -63.0 3.5711072741977725 0 
0007 0010 7 1670742686337541 73.1875 -65.0 5.724816300389213 0 
0007 0012 7 1670742686343799 -26.0 -66.5 5.9088939949354895 0 
0007 0003 7 1670742686351495 -26.0 -68.5 1.8775924843720249 0 
0007 0006 7 1670742686355155 218.0625 -71.5 4.798291904506286 0 
0007 0013 7 1670742686356875 -55.3125 -70.5 3.6692820446224537 0 
