0006 0009 1 1670743070689090 -3.25 -63.0 4.473087977474529 14 
0006 0008 1 1670743070704196 -17.0625 -62.5 2.7120780329818137 14 
0006 0004 1 1670743070711863 -87.875 -63.0 1.736466251886546 14 
0006 0014 2 1670743070776429 -35.75 -66.0 0.37429131224409645 14 
0006 0009 2 1670743070787100 35.75 -63.5 0.4295146206079795 14 
0006 0004 2 1670743070793854 -26.0 -67.5 3.9515345095934116 14 
0006 0003 2 1670743070811269 69.125 -66.0 1.1228739367322893 14 
0006 0014 3 1670743070889115 -42.3125 -66.0 5.190990986205009 14 
0006 0004 3 1670743070921051 -52.0625 -66.5 5.062136600022616 14 
0006 0003 3 1670743070940215 113.875 -70.5 3.56497135104623 14 
0006 0009 4 1670743070985997 -26.0 -68.0 5.583690067903734 14 
0006 0005 4 1670743070990584 -68.3125 -62.5 3.706097583531709 14 
0006 0003 4 1670743070999340 -152.9375 -70.5 4.166291819897402 14 
0006 0015 4 1670743071012188 13.8125 -66.5 4.8351074434155406 14 
0006 0015 5 1670743071056512 -145.625 -65.0 4.006757817957295 14 
0006 0003 5 1670743071057486 -13.8125 -69.0 1.7119225592803755 14 
0006 0005 5 1670743071065855 260.375 -70.5 5.626641529964532 14 
0006 0014 5 1670743071074897 117.125 -70.0 2.448233337465483 14 
0006 0013 6 1670743071135971 29.25 -72.5 0.803805932852076 14 
0006 0009 6 1670743071141641 0.0 -66.0 1.4603497100671303 14 
0006 0015 6 1670743071144668 -90.3125 -69.5 2.435961491162398 14 
0006 0007 6 1670743071149310 -9.75 -61.0 0.5706408530934585 14 
0006 0005 6 1670743071153151 -19.5 -55.0 4.865787059173254 14 
0006 0008 6 1670743071155883 17.0625 -66.5 2.1905245651006955 14 
0006 0014 6 1670743071166849 3.25 -71.5 0.15339807878856412 14 
0006 0004 7 1670743071203554 -9.75 -60.5 5.884350302329319 14 
0006 0005 7 1670743071214770 292.9375 -71.0 1.2701360923693108 14 
0006 0003 7 1670743071223133 -21.125 -70.5 5.283029833478148 14 
0006 0004 8 1670743071288336 32.5 -66.0 0.4724660826687775 14 
0006 0014 8 1670743071297118 48.8125 -66.5 5.448699758569798 14 
0006 0008 1 1670743071532882 -3.25 -63.0 2.761165418194154 14 
0006 0009 1 1670743071545099 35.75 -64.5 4.503767593232243 14 
0006 0004 1 1670743071546145 -13.0 -63.5 1.6321555583103222 14 
0006 0015 1 1670743071572681 -462.1875 -73.5 0.0 14 
0006 0009 2 1670743071608512 -3.25 -64.0 0.47860200582032003 14 
0006 0003 2 1670743071616157 -24.375 -66.0 1.2517283229146832 14 
0006 0014 2 1670743071621357 175.75 -66.5 0.21475731030398976 14 
0006 0008 2 1670743071632239 3.25 -67.5 0.9694758579437253 14 
0006 0004 2 1670743071639072 -58.5625 -68.0 3.7981364308048478 14 
0006 0014 3 1670743071678793 146.4375 -65.0 5.031456984264903 14 
0006 0003 3 1670743071686196 -107.375 -70.0 3.77972866135022 14 
0006 0004 3 1670743071692681 -71.5625 -67.0 5.013049214810275 14 
0006 0015 4 1670743071750814 10.5625 -66.0 4.853515212870168 14 
0006 0005 4 1670743071753376 39.0 -62.5 3.5956509668039427 14 
0006 0009 4 1670743071754329 107.375 -68.5 5.6573211457222445 14 
0006 0003 4 1670743071768062 -69.125 -71.0 3.9576704327449543 14 
0006 0014 5 1670743071832404 -61.8125 -69.5 2.693670263527186 14 
0006 0005 5 1670743071833777 179.0 -70.0 5.700272607783043 14 
0006 0003 5 1670743071842305 -48.8125 -70.5 1.932815792735908 14 
0006 0015 5 1670743071846534 17.0625 -64.5 3.77972866135022 14 
0006 0013 6 1670743071913774 143.1875 -73.0 0.6933593161243098 14 
0006 0008 6 1670743071918094 -24.375 -66.5 2.2886993355253766 14 
0006 0005 6 1670743071919043 -9.75 -55.0 4.841243366567084 14 
0006 0007 6 1670743071919989 -6.5 -61.0 0.5645049299419159 14 
0006 0009 6 1670743071930474 22.75 -65.5 1.8346410223112268 14 
0006 0014 6 1670743071933308 -13.0 -72.5 0.11044661672776616 14 
0006 0015 6 1670743071935440 30.875 -69.5 2.1046216409791 14 
0006 0003 7 1670743071972262 -423.9375 -68.5 5.767767762450011 14 
0006 0004 7 1670743071988312 32.5 -60.5 5.810719224510809 14 
0006 0005 7 1670743071990815 22.75 -68.5 1.705786636128833 14 
0006 0001 7 1670743071993207 -169.25 -72.0 2.7550294950426117 14 
0006 0006 7 1670743072011378 -309.1875 -72.0 1.1167380135807468 14 
0006 0014 8 1670743072048134 -22.75 -65.5 5.497787143782138 14 
0006 0004 8 1670743072063530 65.0625 -66.0 0.3988350048502667 14 
0006 0004 1 1670743072310080 19.5 -63.5 1.5278448647340985 14 
0006 0008 1 1670743072324078 -45.5625 -63.5 2.6691265709210157 14 
0006 0009 1 1670743072336142 16.25 -63.5 4.657165672020807 14 
0006 0003 2 1670743072390849 90.3125 -65.0 0.9387962421860124 14 
0006 0014 2 1670743072395885 9.75 -66.5 0.39269908169872414 14 
0006 0008 2 1670743072398963 -17.0625 -67.5 0.6749515466696822 14 
0006 0009 2 1670743072399873 -19.5 -62.0 1.000155473701438 14 
0006 0004 2 1670743072412832 -19.5 -67.0 3.773592738198677 14 
0006 0004 3 1670743072476804 19.5 -67.5 4.988505522204105 14 
0006 0014 3 1670743072483500 -97.625 -65.5 5.418020142812084 14 
0006 0003 3 1670743072524300 -55.3125 -71.0 3.54042765844006 14 
0006 0003 4 1670743072568545 -7.3125 -71.0 3.7551849687440497 14 
0006 0005 4 1670743072571434 -6.5 -62.5 3.6570101983193686 14 
0006 0009 4 1670743072586990 -9.75 -67.5 6.17273869045182 14 
0006 0015 4 1670743072597770 -27.625 -66.0 5.019185137961818 14 
0006 0014 4 1670743072624633 -113.875 -73.5 1.662835174068035 14 
0006 0003 5 1670743072647178 201.8125 -69.5 1.4664856332186729 14 
0006 0015 5 1670743072659263 -93.5625 -64.0 3.834951969714103 14 
0006 0014 5 1670743072667079 -48.8125 -69.0 2.724349879284899 14 
0006 0005 5 1670743072668057 -97.625 -71.0 5.970253226450915 14 
0006 0007 6 1670743072728399 19.5 -61.0 0.4970097752749477 14 
0006 0009 6 1670743072732237 -6.5 -65.0 2.012582793705961 14 
0006 0015 6 1670743072739563 34.9375 -71.0 2.1598449493429825 14 
0006 0005 6 1670743072742922 -26.0 -55.0 4.792155981354743 14 
0006 0008 6 1670743072743840 -27.625 -65.5 2.3009711818284617 14 
0006 0013 6 1670743072752663 78.0625 -73.0 0.9265243958829272 14 
0006 0014 6 1670743072758864 -71.5625 -72.5 0.2086213871524472 14 
0006 0004 7 1670743072800642 -35.75 -60.0 5.994796919057086 14 
0006 0005 7 1670743072824696 -19.5 -68.5 1.945087639038993 14 
0006 0003 7 1670743072826235 -125.3125 -70.0 5.45483568172134 14 
0006 0006 7 1670743072846902 -188.75 -72.0 1.2210487071569704 14 
0006 0007 8 1670743072891303 -19.5 -71.5 4.921010367537137 14 
0006 0004 8 1670743072900795 52.0625 -66.5 0.5829126993965437 14 
0006 0014 8 1670743072905973 -9.75 -66.5 5.559146375297564 14 
0006 0004 1 1670743073136432 32.5 -63.0 1.5278448647340985 14 
0006 0009 1 1670743073137399 58.5625 -63.5 4.509903516383785 14 
0006 0008 1 1670743073169322 41.5 -63.5 2.466641106920111 14 
0006 0014 2 1670743073224142 3.25 -65.5 0.3988350048502667 14 
0006 0009 2 1670743073228232 3.25 -63.0 1.0983302441261191 14 
0006 0003 2 1670743073231816 100.875 -65.0 1.0185632431560658 14 
0006 0008 2 1670743073232736 52.0625 -66.5 0.7179030087304801 14 
0006 0004 2 1670743073233936 -117.125 -66.5 3.902447124381071 14 
0006 0004 3 1670743073316707 29.25 -67.5 4.908738521234052 14 
0006 0014 3 1670743073319808 45.5625 -65.5 5.270757987175063 14 
0006 0015 4 1670743073402211 38.1875 -65.5 4.871922982324796 14 
0006 0005 4 1670743073414638 9.75 -62.5 3.6263305825616556 14 
0006 0009 4 1670743073422787 0.0 -68.0 6.007068765360171 14 
0006 0014 4 1670743073431451 13.0 -76.0 1.4419419406125027 14 
0006 0003 4 1670743073434820 76.4375 -71.0 3.5956509668039427 14 
0006 0005 5 1670743073480172 104.125 -69.5 5.712544454086128 14 
0006 0003 5 1670743073487851 159.5 -67.5 1.5033011721279284 14 
0006 0015 5 1670743073491201 38.1875 -64.5 3.792000507653305 14 
0006 0014 5 1670743073493592 -61.8125 -68.5 2.736621725587984 14 
0006 0015 6 1670743073552412 87.0625 -70.0 2.0800779483729293 14 
0006 0007 6 1670743073556458 3.25 -61.5 0.5092816215780329 14 
0006 0008 6 1670743073562246 21.125 -65.5 2.1905245651006955 14 
0006 0005 6 1670743073563223 3.25 -55.0 4.724660826687775 14 
0006 0009 6 1670743073579350 -3.25 -65.0 2.024854640009046 14 
0006 0013 6 1670743073584478 136.6875 -72.5 0.705631162427395 14 
0006 0014 6 1670743073586599 -22.75 -72.5 0.1902136176978195 14 
0006 0004 7 1670743073618585 0.0 -60.0 5.890486225480862 14 
0006 0003 7 1670743073628108 48.8125 -70.5 5.325981295538946 14 
0006 0005 7 1670743073635659 -9.75 -68.5 2.043262409463674 14 
0006 0004 8 1670743073702434 9.75 -66.5 0.6810874698212247 14 
0006 0007 8 1670743073712615 -26.0 -71.5 5.086680292628786 14 
0006 0014 8 1670743073724633 6.5 -66.5 5.5284667595398505 14 
0006 0004 1 1670743073977911 32.5 -64.0 1.4971652489763858 14 
0006 0009 1 1670743073978892 -19.5 -64.0 4.7860200582032 14 
0006 0008 1 1670743073982884 17.0625 -64.0 2.5402721847386216 14 
0006 0009 2 1670743074052166 48.8125 -62.0 1.1228739367322893 14 
0006 0003 2 1670743074057484 -59.375 -65.0 1.184233168247715 14 
0006 0004 2 1670743074058441 0.0 -67.5 3.8288160465625602 14 
0006 0014 2 1670743074067828 61.8125 -66.0 0.3313398501832985 14 
0006 0008 2 1670743074069707 -79.75 -66.0 0.8467573949128739 14 
0006 0014 3 1670743074145947 -58.5625 -64.5 5.387340527054372 14 
0006 0004 3 1670743074153200 100.875 -67.5 4.595806440505381 14 
0006 0003 3 1670743074179395 -17.0625 -70.5 3.6201946594101133 14 
0006 0009 4 1670743074220300 29.25 -67.0 5.994796919057086 14 
0006 0015 4 1670743074244726 30.875 -66.0 4.878058905476339 14 
0006 0005 4 1670743074247602 -29.25 -62.0 3.7429131224409646 14 
0006 0003 4 1670743074256314 79.75 -70.0 3.6692820446224537 14 
0006 0014 5 1670743074296041 273.375 -69.5 2.2886993355253766 14 
0006 0005 5 1670743074305371 -117.125 -71.0 6.111379458936394 14 
0006 0015 5 1670743074307268 97.625 -65.5 3.6263305825616556 14 
0006 0003 5 1670743074310313 38.1875 -68.5 1.7978254834019713 14 
0006 0005 6 1670743074379716 -13.0 -54.5 4.792155981354743 14 
0006 0008 6 1670743074381434 17.0625 -65.5 2.086213871524472 14 
0006 0007 6 1670743074389648 26.0 -61.0 0.521553467881118 14 
0006 0014 6 1670743074394268 19.5 -71.5 0.0 14 
0006 0009 6 1670743074396352 29.25 -65.0 1.9634954084936207 14 
0006 0015 6 1670743074397691 21.125 -69.5 2.1353012567368124 14 
0006 0013 6 1670743074403916 91.125 -72.5 0.7915340865489908 14 
0006 0005 7 1670743074440991 224.5625 -68.5 1.6996507129772904 14 
0006 0004 7 1670743074452685 -22.75 -60.5 6.080699843178682 14 
0006 0006 7 1670743074467380 179.0 -73.5 0.7853981633974483 14 
0006 0014 8 1670743074538765 -19.5 -66.5 5.522330836388308 14 
0006 0004 8 1670743074573009 16.25 -66.0 0.8406214717613314 14 
0006 0009 1 1670743074808471 48.8125 -64.5 4.9823695990525625 14 
0006 0008 1 1670743074816317 97.625 -63.5 2.5770877236478773 14 
0006 0004 1 1670743074825587 65.0625 -64.0 1.5278448647340985 14 
0006 0008 2 1670743074881247 24.375 -67.5 0.8467573949128739 14 
0006 0003 2 1670743074892032 9.75 -66.5 1.1596894756415448 14 
0006 0014 2 1670743074893536 -172.5 -65.0 0.7363107781851077 14 
0006 0009 2 1670743074897280 -9.75 -64.0 1.0799224746714913 14 
0006 0004 2 1670743074911984 -55.3125 -67.5 4.000621894805752 14 
0006 0014 3 1670743074972549 87.875 -65.0 5.111223985234957 14 
0006 0004 3 1670743074976289 19.5 -67.5 4.841243366567084 14 
0006 0003 3 1670743074999162 -48.8125 -71.0 3.6263305825616556 14 
0006 0015 4 1670743075034146 27.625 -65.5 4.865787059173254 14 
0006 0003 4 1670743075046820 30.875 -70.5 3.706097583531709 14 
0006 0009 4 1670743075054824 13.0 -67.5 6.013204688511713 14 
0006 0005 4 1670743075057014 6.5 -62.5 3.6754179677739964 14 
0006 0015 5 1670743075122912 10.5625 -65.0 3.6999616603801666 14 
0006 0003 5 1670743075134023 -27.625 -68.5 1.6444274046134073 14 
0006 0005 5 1670743075142847 -84.625 -70.0 6.050020227420969 14 
0006 0014 5 1670743075147954 -162.75 -70.0 3.031146036862027 14 
0006 0007 6 1670743075185885 0.0 -61.5 0.662679700366597 14 
0006 0013 6 1670743075190687 -81.375 -72.5 1.227184630308513 14 
0006 0009 6 1670743075191666 6.5 -65.5 1.8775924843720249 14 
0006 0014 6 1670743075192600 19.5 -71.5 0.03681553890925539 14 
0006 0015 6 1670743075203867 173.3125 -70.0 1.7978254834019713 14 
0006 0005 6 1670743075206974 -9.75 -55.0 4.853515212870168 14 
0006 0008 6 1670743075219256 69.125 -65.5 2.1046216409791 14 
0006 0004 7 1670743075263184 -6.5 -60.5 5.9088939949354895 14 
0006 0005 7 1670743075285786 -61.8125 -69.0 1.8530487917658545 14 
0006 0006 7 1670743075302703 -208.3125 -71.5 1.184233168247715 14 
0006 0014 8 1670743075337431 9.75 -66.0 5.522330836388308 14 
0006 0004 8 1670743075354936 74.8125 -66.0 0.6258641614573416 14 
0006 0004 1 1670743075600823 104.125 -64.5 1.4726215563702154 14 
0006 0009 1 1670743075602749 22.75 -64.0 4.681709364626977 14 
0006 0008 1 1670743075614504 -30.875 -63.5 2.748893571891069 14 
