0002 0004 1 1670743105708999 9.75 -68.0 2.1475731030398975 19 
0002 0005 1 1670743105717885 30.875 -64.5 0.6320000846088841 19 
0002 0014 1 1670743105735522 -45.5625 -71.0 0.8344855486097889 19 
0002 0006 3 1670743105862012 104.125 -66.0 1.6751070203711202 19 
0002 0012 3 1670743105864825 6.5 -61.5 5.283029833478148 19 
0002 0004 3 1670743105867966 410.125 -70.5 4.945554060143307 19 
0002 0014 3 1670743105870502 91.125 -68.0 1.9389517158874505 19 
0002 0011 3 1670743105880032 -71.5625 -68.5 0.9940195505498954 19 
0002 0005 3 1670743105886691 -180.625 -70.5 5.730952223540755 19 
0002 0005 4 1670743105929648 0.0 -56.0 1.6812429435226628 19 
0002 0011 4 1670743105931551 -48.8125 -64.0 4.381049130201391 19 
0002 0007 4 1670743105936098 26.0 -61.0 2.8286605728611223 19 
0002 0004 4 1670743105937032 19.5 -63.0 5.178719139901925 19 
0002 0013 4 1670743105941358 22.75 -60.5 1.662835174068035 19 
0002 0010 4 1670743105946088 39.0 -67.0 0.39269908169872414 19 
0002 0014 4 1670743105947034 -6.5 -59.5 4.460816131171445 19 
0002 0012 4 1670743105950162 3.25 -63.0 5.8045833013592665 19 
0002 0006 4 1670743105955952 81.375 -69.5 0.4663301595172349 19 
0002 0009 4 1670743105965182 175.75 -72.5 1.859184714917397 19 
0002 0013 5 1670743105999339 -26.0 -64.0 3.6876898140770815 19 
0002 0011 5 1670743106007173 6.5 -68.0 6.105243535784852 19 
0002 0005 5 1670743106008120 -21.125 -58.5 5.197126909356553 19 
0002 0007 5 1670743106010276 -29.25 -64.5 2.7550294950426117 19 
0002 0006 5 1670743106019459 32.5 -67.0 5.66959299202533 19 
0002 0004 5 1670743106025930 97.625 -71.5 6.105243535784852 19 
0002 0012 6 1670743106076302 -55.3125 -66.5 3.9699422790480394 19 
0002 0004 6 1670743106078556 71.5625 -69.5 2.791845033951867 19 
0002 0007 6 1670743106081432 26.0 -59.0 0.3865631585471816 19 
0002 0010 6 1670743106100547 -19.5 -71.0 5.283029833478148 19 
0002 0005 6 1670743106103163 17.0625 -60.0 0.8835729338221293 19 
0002 0011 6 1670743106105414 42.3125 -68.0 0.018407769454627694 19 
0002 0001 6 1670743106111549 -263.625 -75.5 2.9391071895888885 19 
0002 0007 7 1670743106170189 -68.3125 -70.5 3.865631585471816 19 
0002 0004 8 1670743106248970 -198.5625 -70.0 3.773592738198677 19 
0002 0014 1 1670743106496179 -143.1875 -72.5 1.000155473701438 19 
0002 0005 1 1670743106500514 -52.0625 -64.0 0.803805932852076 19 
0002 0004 1 1670743106504125 126.9375 -67.5 1.9266798695843652 19 
0002 0004 3 1670743106648206 -221.3125 -68.5 5.71868037723767 19 
0002 0006 3 1670743106654066 -68.3125 -65.0 1.8960002538266525 19 
0002 0014 3 1670743106657923 -39.0 -67.5 2.0923497946760143 19 
0002 0012 3 1670743106663135 -35.75 -61.0 5.197126909356553 19 
0002 0005 3 1670743106664352 -34.9375 -71.0 5.681864838328415 19 
0002 0011 3 1670743106667773 146.4375 -68.5 0.4663301595172349 19 
0002 0010 4 1670743106720352 26.0 -66.5 0.6810874698212247 19 
0002 0005 4 1670743106723025 10.5625 -56.0 1.662835174068035 19 
0002 0011 4 1670743106724965 13.0 -64.0 4.154019973594316 19 
0002 0007 4 1670743106731325 -16.25 -61.0 2.9329712664373457 19 
0002 0014 4 1670743106735749 0.0 -60.0 4.454680208019902 19 
0002 0006 4 1670743106739521 -6.5 -70.5 0.6258641614573416 19 
0002 0012 4 1670743106740486 29.25 -63.0 5.730952223540755 19 
0002 0004 4 1670743106743955 -22.75 -63.0 5.283029833478148 19 
0002 0013 4 1670743106748956 3.25 -61.0 1.662835174068035 19 
0002 0009 4 1670743106751467 78.0625 -73.5 2.110757564130642 19 
0002 0011 5 1670743106797929 -172.5 -67.5 6.068427996875596 19 
0002 0005 5 1670743106804209 -22.75 -59.0 5.246214294568893 19 
0002 0007 5 1670743106810485 42.3125 -64.5 2.5586799541932495 19 
0002 0006 5 1670743106814123 117.125 -67.0 5.546874528994478 19 
0002 0013 5 1670743106826115 -9.75 -64.0 3.7122335066832517 19 
0002 0010 6 1670743106875934 52.0625 -70.5 5.178719139901925 19 
0002 0007 6 1670743106876882 13.0 -59.0 0.4049709280018093 19 
0002 0011 6 1670743106895316 52.0625 -67.5 6.031612457966341 19 
0002 0005 6 1670743106896543 10.5625 -60.0 0.8774370106705868 19 
0002 0004 6 1670743106904255 100.875 -70.5 2.718213956133356 19 
0002 0012 6 1670743106906026 -84.625 -67.0 4.006757817957295 19 
0002 0001 6 1670743106916162 234.3125 -75.0 2.043262409463674 19 
0002 0007 7 1670743106978582 81.375 -70.0 3.4177091954092087 19 
0002 0013 7 1670743106987589 -68.3125 -71.5 5.737088146692298 19 
0002 0004 8 1670743107024670 29.25 -70.0 3.509748042682347 19 
0002 0014 1 1670743107280896 65.0625 -71.5 0.760854470791278 19 
0002 0005 1 1670743107303625 -41.5 -64.5 0.7179030087304801 19 
0002 0004 1 1670743107307339 113.875 -69.0 1.9389517158874505 19 
0002 0004 3 1670743107438953 380.8125 -71.0 4.675573441475434 19 
0002 0006 3 1670743107440855 3.25 -65.0 1.8837284075235674 19 
0002 0005 3 1670743107441834 -201.8125 -71.0 5.786175531904639 19 
0002 0012 3 1670743107444322 -45.5625 -62.0 5.21553467881118 19 
0002 0014 3 1670743107448724 -39.0 -67.0 2.1046216409791 19 
0002 0011 3 1670743107452446 -78.0625 -69.5 0.6994952392758523 19 
0002 0004 4 1670743107497406 19.5 -63.5 5.190990986205009 19 
0002 0012 4 1670743107500327 -3.25 -63.0 5.810719224510809 19 
0002 0013 4 1670743107504182 -9.75 -61.0 1.705786636128833 19 
0002 0014 4 1670743107507636 -6.5 -59.5 4.454680208019902 19 
0002 0005 4 1670743107508864 -7.3125 -56.0 1.6689710972195777 19 
0002 0011 4 1670743107513028 -81.375 -65.5 4.111068511533518 19 
0002 0009 4 1670743107518208 32.5 -72.5 1.8714565612204823 19 
0002 0007 4 1670743107520529 39.0 -61.0 2.84706834231575 19 
0002 0006 4 1670743107523951 52.0625 -71.5 0.6810874698212247 19 
0002 0010 4 1670743107533834 35.75 -66.0 0.3620194659410113 19 
0002 0007 5 1670743107568244 -172.5 -65.0 2.804116880254952 19 
0002 0005 5 1670743107569202 41.5 -59.0 5.129631754689584 19 
0002 0011 5 1670743107578252 -126.9375 -67.0 5.878214379177777 19 
0002 0006 5 1670743107580418 -55.3125 -67.5 5.8659425328746915 19 
0002 0013 5 1670743107584201 19.5 -64.0 3.6447383520162835 19 
0002 0011 6 1670743107658334 -6.5 -68.0 5.988660995905543 19 
0002 0005 6 1670743107664439 3.25 -60.5 0.9081166264282996 19 
0002 0001 6 1670743107665359 179.0 -74.5 2.172116795646068 19 
0002 0012 6 1670743107673088 -16.25 -67.5 3.933126740138784 19 
0002 0010 6 1670743107677054 -39.0 -70.5 5.418020142812084 19 
0002 0007 6 1670743107683400 -3.25 -59.0 0.42337869745643697 19 
0002 0004 6 1670743107691746 13.0 -70.0 2.8654761117703775 19 
0002 0013 7 1670743107758094 97.625 -72.0 5.6573211457222445 19 
0002 0004 8 1670743107838422 -126.9375 -70.5 3.736777199289422 19 
0002 0005 1 1670743108060479 -10.5625 -65.0 0.6504078540635119 19 
0002 0014 1 1670743108067954 -113.875 -71.5 0.9694758579437253 19 
0002 0004 1 1670743108087895 -97.625 -69.5 2.270291566070749 19 
0002 0011 3 1670743108248502 -22.75 -69.0 0.8528933180644165 19 
0002 0014 3 1670743108250672 52.0625 -68.0 2.012582793705961 19 
0002 0005 3 1670743108251858 -76.4375 -72.5 5.773903685601553 19 
0002 0006 3 1670743108253742 84.625 -64.0 1.6382914814618648 19 
0002 0012 3 1670743108255242 9.75 -62.0 5.184855063053467 19 
0002 0004 3 1670743108257144 -55.3125 -70.0 5.405748296509 19 
0002 0014 4 1670743108305890 9.75 -60.0 4.399456899656019 19 
0002 0012 4 1670743108307081 9.75 -63.0 5.71868037723767 19 
0002 0004 4 1670743108310704 -68.3125 -63.5 5.307573526084319 19 
0002 0013 4 1670743108311935 3.25 -61.0 1.6812429435226628 19 
0002 0010 4 1670743108313831 6.5 -66.5 0.30066023442558565 19 
0002 0005 4 1670743108317354 3.25 -56.0 1.6505633277649499 19 
0002 0006 4 1670743108319564 0.0 -71.0 0.5583690067903734 19 
0002 0007 4 1670743108334794 -3.25 -61.0 2.9391071895888885 19 
0002 0011 4 1670743108337841 -35.75 -64.0 4.2092432819582 19 
0002 0009 4 1670743108345709 52.0625 -73.0 2.110757564130642 19 
0002 0011 5 1670743108384312 -68.3125 -67.5 5.927301764390117 19 
0002 0007 5 1670743108394784 3.25 -64.5 2.6384469551633027 19 
0002 0005 5 1670743108398464 -7.3125 -59.0 5.178719139901925 19 
0002 0013 5 1670743108399637 3.25 -64.0 3.724505352986337 19 
0002 0006 5 1670743108404475 0.0 -66.5 5.786175531904639 19 
0002 0005 6 1670743108451619 -21.125 -60.0 0.9019807032767571 19 
0002 0004 6 1670743108459066 -169.25 -70.0 3.067961575771282 19 
0002 0012 6 1670743108464440 -22.75 -66.5 3.9576704327449543 19 
0002 0010 6 1670743108465389 -48.8125 -70.0 5.399612373357457 19 
0002 0007 6 1670743108468502 13.0 -59.0 0.39269908169872414 19 
0002 0011 6 1670743108473280 26.0 -68.5 6.209554229361076 19 
0002 0001 6 1670743108481037 62.625 -76.5 2.521864415283994 19 
0002 0013 7 1670743108541736 126.9375 -72.5 5.577554144752192 19 
0002 0004 8 1670743108612798 -6.5 -70.5 3.6263305825616556 19 
0002 0005 1 1670743108856463 -52.0625 -64.0 0.705631162427395 19 
0002 0004 1 1670743108889643 286.4375 -70.5 1.718058482431918 19 
0002 0006 3 1670743109087811 -26.0 -65.5 1.902136176978195 19 
0002 0012 3 1670743109088888 -13.0 -62.0 5.197126909356553 19 
0002 0005 3 1670743109090495 257.125 -71.5 5.117359908386499 19 
0002 0014 3 1670743109091667 6.5 -68.0 2.1905245651006955 19 
0002 0011 3 1670743109117246 -107.375 -69.0 0.8713010875190442 19 
0002 0004 3 1670743109118864 120.4375 -70.0 5.141903600992669 19 
0002 0006 4 1670743109173562 166.0 -69.5 0.3865631585471816 19 
0002 0005 4 1670743109176076 24.375 -56.0 1.6382914814618648 19 
0002 0010 4 1670743109182289 45.5625 -67.0 0.28838838812250056 19 
0002 0011 4 1670743109184395 13.0 -64.0 4.166291819897402 19 
0002 0007 4 1670743109186321 -6.5 -61.0 2.9268353432858034 19 
0002 0004 4 1670743109187241 3.25 -63.5 5.209398755659637 19 
0002 0014 4 1670743109191819 -19.5 -60.0 4.454680208019902 19 
0002 0013 4 1670743109193972 19.5 -60.5 1.6751070203711202 19 
0002 0012 4 1670743109203932 16.25 -63.0 5.749359992995383 19 
0002 0009 4 1670743109210685 9.75 -72.5 2.1598449493429825 19 
0002 0005 5 1670743109236490 -38.1875 -59.0 5.21553467881118 19 
0002 0011 5 1670743109242073 -32.5 -67.5 5.816855147662351 19 
0002 0007 5 1670743109246039 19.5 -64.5 2.5586799541932495 19 
0002 0013 5 1670743109259006 -42.3125 -64.5 3.730641276137879 19 
0002 0006 5 1670743109266270 -3.25 -67.0 5.810719224510809 19 
0002 0004 6 1670743109325799 -6.5 -70.0 2.84706834231575 19 
0002 0011 6 1670743109330531 -6.5 -67.5 6.227961998815704 19 
0002 0005 6 1670743109331478 -3.25 -60.5 0.8958447801252144 19 
0002 0007 6 1670743109333956 16.25 -59.0 0.3620194659410113 19 
0002 0010 6 1670743109344510 -22.75 -70.5 5.246214294568893 19 
0002 0012 6 1670743109349437 6.5 -67.0 3.8717675086233583 19 
0002 0001 6 1670743109355289 283.1875 -75.0 2.3746022596469727 19 
0002 0013 7 1670743109419559 214.8125 -70.5 5.45483568172134 19 
0002 0004 8 1670743109460336 9.75 -70.0 3.6815538909255388 19 
0002 0014 1 1670743109730568 29.25 -72.0 0.8897088569736719 19 
0002 0004 1 1670743109741521 -139.9375 -70.0 2.466641106920111 19 
0002 0005 1 1670743109755704 7.3125 -65.0 0.5890486225480862 19 
0002 0006 3 1670743109918339 -19.5 -65.5 1.8837284075235674 19 
0002 0012 3 1670743109925622 78.0625 -61.5 5.0253210611133605 19 
0002 0014 3 1670743109930617 97.625 -67.0 1.902136176978195 19 
0002 0011 3 1670743109939361 -97.625 -70.0 0.6258641614573416 19 
0002 0005 3 1670743109953369 -91.125 -72.0 5.540738605842936 19 
0002 0004 3 1670743109960269 -133.4375 -69.5 5.595961914206819 19 
0002 0010 4 1670743110011795 74.8125 -66.0 0.2270291566070749 19 
0002 0011 4 1670743110013695 35.75 -65.5 3.9147189706841563 19 
0002 0005 4 1670743110021577 -3.25 -56.5 1.662835174068035 19 
0002 0013 4 1670743110022453 6.5 -61.0 1.6873788666742053 19 
0002 0004 4 1670743110024379 0.0 -63.5 5.21553467881118 19 
0002 0007 4 1670743110027418 39.0 -60.5 2.8654761117703775 19 
0002 0014 4 1670743110028423 22.75 -59.5 4.399456899656019 19 
0002 0012 4 1670743110042183 22.75 -63.0 5.822991070813893 19 
0002 0009 4 1670743110043164 -68.3125 -73.0 2.067806102069844 19 
0002 0006 4 1670743110046898 166.0 -70.5 0.5092816215780329 19 
0002 0013 5 1670743110077752 -26.0 -64.0 3.693825737228624 19 
0002 0006 5 1670743110080784 16.25 -67.0 5.712544454086128 19 
0002 0007 5 1670743110085176 -39.0 -64.5 2.6323110320117604 19 
0002 0011 5 1670743110088555 -6.5 -67.0 5.712544454086128 19 
0002 0005 5 1670743110098173 -27.625 -59.0 5.240078371417351 19 
0002 0012 6 1670743110172516 -3.25 -67.0 3.8963112012295285 19 
0002 0001 6 1670743110177264 41.5 -75.0 2.5341362615870793 19 
0002 0004 6 1670743110180650 -16.25 -69.5 2.8286605728611223 19 
0002 0005 6 1670743110183421 7.3125 -60.5 0.8835729338221293 19 
0002 0011 6 1670743110185975 -39.0 -68.0 6.074563920027139 19 
0002 0007 6 1670743110187605 19.5 -59.0 0.4111068511533518 19 
0002 0010 6 1670743110188824 -74.8125 -70.5 5.368932757599744 19 
0002 0013 7 1670743110227841 71.5625 -71.0 5.559146375297564 19 
0002 0007 7 1670743110247579 -32.5 -71.0 3.767456815047135 19 
0002 0004 8 1670743110324726 -19.5 -70.5 3.6570101983193686 19 
0002 0005 1 1670743110549728 7.3125 -64.5 0.6442719309119693 19 
0002 0004 1 1670743110562075 -6.5 -69.5 2.061670178918302 19 
0002 0014 1 1670743110586888 65.0625 -71.5 0.9019807032767571 19 
