0002 0010 1 1670742178408706 78.0625 -69.5 0.47860200582032003 19 
0002 0005 1 1670742178412629 29.25 -62.0 0.30679615757712825 19 
0002 0006 1 1670742178420368 61.8125 -65.0 5.123495831538041 19 
0002 0004 1 1670742178448083 -74.8125 -68.0 2.2641556429192065 19 
0002 0007 2 1670742178512737 -9.75 -69.0 0.48473792897186263 19 
0002 0004 3 1670742178558055 16.25 -68.5 0.0 19 
0002 0011 3 1670742178564245 55.3125 -67.0 2.423689644859313 19 
0002 0005 3 1670742178567323 -215.625 -68.5 6.191146459906448 19 
0002 0012 3 1670742178570394 9.75 -71.0 2.000310947402876 19 
0002 0006 3 1670742178588516 -71.5625 -68.0 4.049709280018092 19 
0002 0012 4 1670742178627427 -74.8125 -68.5 3.8533597391687304 19 
0002 0010 4 1670742178633739 3.25 -65.5 1.6198837120072371 19 
0002 0007 4 1670742178635192 6.5 -67.0 2.9145634969827183 19 
0002 0005 4 1670742178636170 30.875 -58.0 1.1106020904292042 19 
0002 0011 4 1670742178640857 -9.75 -60.5 6.080699843178682 19 
0002 0004 4 1670742178644726 29.25 -61.5 5.773903685601553 19 
0002 0009 4 1670742178654292 -22.75 -73.0 2.429825568010856 19 
0002 0011 5 1670742178695276 71.5625 -65.5 1.4848934026733007 19 
0002 0010 5 1670742178699301 -22.75 -71.0 3.1354567304382504 19 
0002 0007 5 1670742178700281 -48.8125 -64.0 5.829126993965437 19 
0002 0005 5 1670742178701183 21.125 -63.5 5.037592907416445 19 
0002 0006 5 1670742178703535 -208.3125 -69.5 2.466641106920111 19 
0002 0004 5 1670742178704965 -71.5625 -67.0 5.810719224510809 19 
0002 0004 6 1670742178777892 -52.0625 -63.5 4.338097668140593 19 
0002 0011 6 1670742178787038 52.0625 -65.5 1.9819031779482483 19 
0002 0012 6 1670742178788446 -19.5 -70.5 1.5585244804918115 19 
0002 0005 6 1670742178789407 13.8125 -61.0 0.48473792897186263 19 
0002 0007 6 1670742178799219 -13.0 -57.5 5.270757987175063 19 
0002 0001 6 1670742178805457 -191.1875 -73.5 3.4606606574700063 19 
0002 0010 6 1670742178810215 35.75 -70.5 6.007068765360171 19 
0002 0006 7 1670742178843352 3.25 -67.5 5.743224069843841 19 
0002 0010 7 1670742178844570 94.375 -70.5 1.736466251886546 19 
0002 0005 7 1670742178855183 121.25 -71.0 2.000310947402876 19 
0002 0007 7 1670742178880690 6.5 -69.5 1.3928545554001621 19 
0002 0006 8 1670742178931938 -52.0625 -64.5 0.42337869745643697 19 
0002 0010 1 1670742179179212 -35.75 -69.0 0.619728238305799 19 
0002 0004 1 1670742179188344 29.25 -67.5 2.2457478734645786 19 
0002 0006 1 1670742179199470 -26.0 -64.5 5.21553467881118 19 
0002 0005 1 1670742179214240 -41.5 -63.0 0.46019423636569234 19 
0002 0007 2 1670742179279126 104.125 -70.5 0.3313398501832985 19 
0002 0011 3 1670742179330915 100.875 -66.5 2.442097414313941 19 
0002 0004 3 1670742179339184 48.8125 -68.5 6.22182607566416 19 
0002 0012 3 1670742179342029 -55.3125 -70.0 2.350058567040802 19 
0002 0005 3 1670742179342972 -17.0625 -68.0 5.675728915176872 19 
0002 0006 3 1670742179371014 -52.0625 -68.5 4.074252972624263 19 
0002 0010 4 1670742179408470 42.3125 -66.5 1.3437671701878218 19 
0002 0011 4 1670742179412527 32.5 -61.0 6.12365130523948 19 
0002 0004 4 1670742179414695 -13.0 -61.5 5.884350302329319 19 
0002 0007 4 1670742179418917 -120.4375 -66.5 3.104777114680538 19 
0002 0009 4 1670742179420592 -250.625 -72.5 2.9513790358919736 19 
0002 0005 4 1670742179425289 -13.0 -58.5 1.184233168247715 19 
0002 0012 4 1670742179435998 -81.375 -70.0 3.80427235395639 19 
0002 0011 5 1670742179469122 -74.8125 -66.0 1.8223691760081417 19 
0002 0006 5 1670742179472031 0.0 -69.0 2.1475731030398975 19 
0002 0005 5 1670742179475798 -69.125 -63.5 5.135767677841127 19 
0002 0007 5 1670742179477699 123.6875 -64.5 5.681864838328415 19 
0002 0004 5 1670742179481747 -3.25 -67.5 5.957981380147831 19 
0002 0004 6 1670742179558455 -29.25 -64.0 4.301282129231338 19 
0002 0010 6 1670742179559643 -19.5 -71.0 6.129787228391022 19 
0002 0007 6 1670742179562753 -13.0 -57.5 5.270757987175063 19 
0002 0005 6 1670742179571818 -7.3125 -61.0 0.5154175447295755 19 
0002 0012 6 1670742179574394 -48.8125 -72.0 1.564660403643354 19 
0002 0011 6 1670742179585996 45.5625 -66.5 2.429825568010856 19 
0002 0001 6 1670742179588063 -78.0625 -73.5 3.2336315008629315 19 
0002 0005 7 1670742179622121 73.1875 -71.0 2.0800779483729293 19 
0002 0006 7 1670742179631661 65.0625 -66.5 5.767767762450011 19 
0002 0010 7 1670742179646082 -58.5625 -71.0 1.325359400733194 19 
0002 0007 7 1670742179647739 68.3125 -70.0 1.423534171157875 19 
0002 0006 8 1670742179709217 -35.75 -64.0 0.44178646691106466 19 
0002 0010 1 1670742179967745 159.5 -70.5 0.4111068511533518 19 
0002 0006 1 1670742179980136 -52.0625 -64.5 5.203262832508095 19 
0002 0005 1 1670742179985066 -34.9375 -62.5 0.42337869745643697 19 
0002 0004 1 1670742179991078 81.375 -66.5 2.2212041808584084 19 
0002 0011 3 1670742180121025 -13.0 -66.5 2.82252464970958 19 
0002 0004 3 1670742180124807 -100.875 -69.0 0.14112623248547898 19 
0002 0005 3 1670742180126886 -10.5625 -68.5 5.841398840268521 19 
0002 0012 3 1670742180128066 260.375 -69.5 1.6566992509164924 19 
0002 0006 3 1670742180157133 26.0 -68.5 3.9576704327449543 19 
0002 0009 4 1670742180188992 29.25 -73.0 2.6445828783148455 19 
0002 0005 4 1670742180191576 24.375 -58.5 1.0983302441261191 19 
0002 0004 4 1670742180194206 -19.5 -61.5 5.8475347634200645 19 
0002 0011 4 1670742180201067 -22.75 -61.5 6.270913460876501 19 
0002 0010 4 1670742180204357 9.75 -66.0 1.5585244804918115 19 
0002 0007 4 1670742180208795 58.5625 -67.0 2.9206994201342606 19 
0002 0012 4 1670742180210734 3.25 -69.0 3.6263305825616556 19 
0002 0004 5 1670742180248560 -65.0625 -68.0 5.994796919057086 19 
0002 0007 5 1670742180263411 74.8125 -65.0 5.724816300389213 19 
0002 0005 5 1670742180265556 7.3125 -63.0 5.092816215780329 19 
0002 0006 5 1670742180272564 -159.5 -68.0 2.435961491162398 19 
0002 0011 5 1670742180274062 65.0625 -66.0 1.7978254834019713 19 
0002 0010 5 1670742180282705 172.5 -70.0 2.705942109830271 19 
0002 0007 6 1670742180351952 -16.25 -57.5 5.283029833478148 19 
0002 0005 6 1670742180355241 21.125 -61.5 0.4908738521234052 19 
0002 0004 6 1670742180357107 0.0 -64.0 4.28287435977671 19 
0002 0010 6 1670742180373577 -55.3125 -71.5 6.215690152512618 19 
0002 0012 6 1670742180374738 113.875 -72.0 1.4051264017032472 19 
0002 0001 6 1670742180378332 -93.5625 -73.0 3.3624858870453256 19 
0002 0011 6 1670742180379975 19.5 -66.0 2.4727770300716534 19 
0002 0007 7 1670742180423795 139.9375 -70.5 1.2455923997631406 19 
0002 0006 7 1670742180430424 39.0 -66.5 5.798447378207723 19 
0002 0010 7 1670742180443250 332.0 -70.0 0.7669903939428205 19 
0002 0005 7 1670742180447014 159.5 -71.5 1.9941750242513334 19 
0002 0006 8 1670742180502852 65.0625 -64.5 0.3313398501832985 19 
0002 0004 1 1670742180752802 39.0 -67.5 2.282563412373834 19 
0002 0005 1 1670742180754694 -17.0625 -62.5 0.36815538909255385 19 
0002 0006 1 1670742180763029 91.125 -64.0 4.908738521234052 19 
0002 0010 1 1670742180788286 0.0 -70.0 0.4908738521234052 19 
0002 0007 2 1670742180857926 -39.0 -69.0 0.3865631585471816 19 
0002 0011 3 1670742180940162 65.0625 -66.0 2.662990647769473 19 
0002 0006 3 1670742180942884 -22.75 -69.5 3.9147189706841563 19 
0002 0004 3 1670742180950842 -13.0 -67.5 6.129787228391022 19 
0002 0005 3 1670742180955072 17.0625 -69.0 5.712544454086128 19 
0002 0012 3 1670742180956740 -126.9375 -71.0 2.1475731030398975 19 
0002 0004 4 1670742181020676 -22.75 -61.5 5.755495916146925 19 
0002 0011 4 1670742181021641 -61.8125 -61.5 6.252505691421874 19 
0002 0005 4 1670742181023535 30.875 -58.0 1.0799224746714913 19 
0002 0012 4 1670742181026751 -84.625 -69.0 3.8840393549264434 19 
0002 0010 4 1670742181028947 -13.0 -66.5 1.6505633277649499 19 
0002 0007 4 1670742181034402 84.625 -66.5 2.82252464970958 19 
0002 0009 4 1670742181044671 -218.0625 -72.5 2.742757648739526 19 
0002 0005 5 1670742181079284 -111.4375 -63.0 5.1725832167503825 19 
0002 0007 5 1670742181081854 6.5 -64.5 5.902758071783947 19 
0002 0011 5 1670742181085835 -13.0 -65.5 1.6996507129772904 19 
0002 0004 5 1670742181094345 -13.0 -67.5 5.896622148632405 19 
0002 0010 5 1670742181097306 0.0 -70.5 3.2704470397721868 19 
0002 0006 5 1670742181103862 68.3125 -68.0 2.061670178918302 19 
0002 0001 6 1670742181169780 128.5625 -73.0 3.08636934522591 19 
0002 0005 6 1670742181175740 17.0625 -61.5 0.5031456984264903 19 
0002 0007 6 1670742181181459 -19.5 -57.5 5.2768939103266055 19 
0002 0012 6 1670742181184588 0.0 -71.5 1.6321555583103222 19 
0002 0010 6 1670742181188455 61.8125 -70.5 5.884350302329319 19 
0002 0011 6 1670742181193018 48.8125 -65.5 2.012582793705961 19 
0002 0004 6 1670742181205070 0.0 -64.0 4.270602513473625 19 
0002 0006 7 1670742181260569 35.75 -67.0 5.798447378207723 19 
0002 0007 7 1670742181269599 87.875 -69.5 1.4848934026733007 19 
0002 0005 7 1670742181276197 263.625 -71.5 1.6873788666742053 19 
0002 0006 8 1670742181326730 26.0 -64.5 0.36815538909255385 19 
0002 0010 1 1670742181600282 -19.5 -70.5 0.6565437772150544 19 
0002 0006 1 1670742181613649 -9.75 -64.5 5.178719139901925 19 
0002 0005 1 1670742181614950 -3.25 -62.0 0.3436116964863836 19 
0002 0004 1 1670742181616258 -110.625 -67.0 2.5157284921324514 19 
0002 0007 2 1670742181685594 -133.4375 -70.0 0.5154175447295755 19 
0002 0004 3 1670742181730221 110.625 -67.5 5.945709533844745 19 
0002 0011 3 1670742181742018 39.0 -67.0 2.4850488763747385 19 
0002 0012 3 1670742181748205 218.875 -71.0 1.8346410223112268 19 
0002 0005 3 1670742181750355 69.125 -68.5 5.915029918087033 19 
0002 0006 3 1670742181751249 -58.5625 -70.5 3.9147189706841563 19 
0002 0004 4 1670742181796980 -58.5625 -61.5 5.884350302329319 19 
0002 0005 4 1670742181804544 -10.5625 -58.5 1.1290098598838318 19 
0002 0011 4 1670742181806459 55.3125 -61.0 5.976389149602458 19 
0002 0012 4 1670742181807663 -84.625 -68.5 3.792000507653305 19 
0002 0010 4 1670742181810717 -3.25 -66.5 1.5953400194010667 19 
0002 0009 4 1670742181821700 113.875 -72.0 2.227340104009951 19 
0002 0007 4 1670742181822635 -94.375 -67.5 3.104777114680538 19 
0002 0005 5 1670742181869293 -17.0625 -63.0 4.994641445355648 19 
0002 0004 5 1670742181871459 -68.3125 -67.0 5.780039608753096 19 
0002 0011 5 1670742181872634 -16.25 -64.5 1.509437095279471 19 
0002 0006 5 1670742181874519 -123.6875 -68.5 2.2641556429192065 19 
0002 0010 5 1670742181881994 48.8125 -70.0 2.9697868053466014 19 
0002 0007 5 1670742181883003 -113.875 -64.0 5.976389149602458 19 
0002 0011 6 1670742181957434 81.375 -65.5 1.8714565612204823 19 
0002 0004 6 1670742181960577 -113.875 -63.0 4.583534594202296 19 
0002 0010 6 1670742181965115 -91.125 -70.5 6.068427996875596 19 
0002 0012 6 1670742181970912 107.375 -70.5 1.4542137869155878 19 
0002 0001 6 1670742181978046 -21.125 -71.0 3.2765829629237295 19 
0002 0007 6 1670742181983118 0.0 -57.5 5.2768939103266055 19 
0002 0005 6 1670742181989534 38.1875 -61.0 0.4295146206079795 19 
0002 0006 7 1670742182039769 143.1875 -65.5 5.638913376267617 19 
0002 0005 7 1670742182040817 -277.4375 -71.5 2.1353012567368124 19 
0002 0007 7 1670742182047647 100.875 -69.5 1.2087768608538851 19 
0002 0010 7 1670742182058596 166.0 -71.0 1.368310862793992 19 
0002 0006 8 1670742182107612 35.75 -64.5 0.34974761963792617 19 
0002 0010 1 1670742182355187 52.0625 -70.5 0.380427235395639 19 
0002 0004 1 1670742182365276 58.5625 -67.0 2.1659808724945253 19 
0002 0005 1 1670742182368356 -21.125 -63.5 0.32520392703175593 19 
0002 0006 1 1670742182373125 -19.5 -64.5 5.129631754689584 19 
0002 0007 2 1670742182416300 -22.75 -69.5 0.4111068511533518 19 
0002 0005 3 1670742182519446 125.3125 -69.0 5.8475347634200645 19 
0002 0006 3 1670742182521059 -87.875 -70.5 4.000621894805752 19 
0002 0004 3 1670742182524671 55.3125 -67.0 5.964117303299373 19 
0002 0011 3 1670742182526074 65.0625 -67.0 2.6323110320117604 19 
0002 0012 3 1670742182527774 -52.0625 -70.0 1.9634954084936207 19 
0002 0005 4 1670742182592952 13.8125 -58.5 1.086058397823034 19 
0002 0011 4 1670742182594311 -35.75 -61.5 6.178874613603362 19 
0002 0010 4 1670742182598113 35.75 -66.0 1.521708941582556 19 
0002 0012 4 1670742182600380 135.0625 -69.5 3.380893656499953 19 
0002 0007 4 1670742182604005 9.75 -67.0 2.890019804376548 19 
0002 0004 4 1670742182607895 39.0 -61.5 5.749359992995383 19 
0002 0009 4 1670742182612631 231.0625 -72.5 2.3071071049800045 19 
0002 0005 5 1670742182646174 -21.125 -63.0 5.013049214810275 19 
0002 0004 5 1670742182648785 32.5 -67.0 5.749359992995383 19 
0002 0010 5 1670742182657627 -45.5625 -69.5 3.2090878082567613 19 
0002 0006 5 1670742182662403 91.125 -68.0 2.073942025221387 19 
0002 0007 5 1670742182664125 22.75 -64.5 5.810719224510809 19 
0002 0011 5 1670742182675339 58.5625 -66.0 1.5892040962495242 19 
0002 0012 6 1670742182728271 -68.3125 -71.0 1.509437095279471 19 
0002 0005 6 1670742182729200 3.25 -61.0 0.521553467881118 19 
0002 0004 6 1670742182733512 -29.25 -63.0 4.3933209765044765 19 
0002 0007 6 1670742182734476 32.5 -57.5 5.209398755659637 19 
0002 0011 6 1670742182743013 81.375 -66.0 2.429825568010856 19 
0002 0001 6 1670742182745686 7.3125 -72.5 3.227495577711389 19 
0002 0010 6 1670742182755391 -94.375 -71.5 6.17273869045182 19 
0002 0006 7 1670742182791990 -6.5 -67.0 5.822991070813893 19 
0002 0010 7 1670742182820185 -94.375 -70.5 1.9634954084936207 19 
0002 0005 7 1670742182825600 -243.3125 -71.5 2.055534255766759 19 
0002 0007 7 1670742182827211 9.75 -70.5 1.4419419406125027 19 
0002 0006 8 1670742182879910 -6.5 -64.5 0.4295146206079795 19 
0002 0006 1 1670742183117050 -13.0 -64.0 5.135767677841127 19 
0002 0004 1 1670742183119161 117.125 -67.0 2.12916533358527 19 
0002 0005 1 1670742183137993 0.0 -63.0 0.28838838812250056 19 
0002 0010 1 1670742183158204 -19.5 -70.5 0.48473792897186263 19 
0002 0007 2 1670742183249187 16.25 -70.0 0.5460971604872883 19 
0002 0011 3 1670742183289450 -13.0 -67.5 2.859340188618835 19 
0002 0005 3 1670742183297896 93.5625 -68.5 5.712544454086128 19 
0002 0004 3 1670742183300543 22.75 -67.0 5.8475347634200645 19 
0002 0012 3 1670742183318215 250.625 -70.0 1.6751070203711202 19 
0002 0006 3 1670742183319799 -87.875 -69.0 4.080388895775806 19 
0002 0004 4 1670742183370101 22.75 -61.0 5.71868037723767 19 
0002 0007 4 1670742183371277 -22.75 -67.5 2.988194574801229 19 
0002 0009 4 1670742183372428 270.125 -73.5 2.184388641949153 19 
0002 0005 4 1670742183376111 30.875 -58.5 1.0737865515199487 19 
0002 0012 4 1670742183380636 71.5625 -70.0 3.6570101983193686 19 
0002 0011 4 1670742183383546 9.75 -61.5 6.178874613603362 19 
0002 0010 4 1670742183391188 -3.25 -65.5 1.521708941582556 19 
