0003 0004 1 1670743747529008 367.8125 -71.5 2.423689644859313 4 
0003 0005 1 1670743747530198 117.125 -65.5 1.8285050991596843 4 
0003 0012 1 1670743747542557 29.25 -65.0 4.454680208019902 4 
0003 0005 3 1670743747681580 -3.25 -60.0 0.36815538909255385 4 
0003 0013 3 1670743747695800 -188.75 -70.0 0.21475731030398976 4 
0003 0003 3 1670743747698959 -117.9375 -69.0 5.829126993965437 4 
0003 0005 4 1670743747737425 -45.5625 -63.5 3.442252888015379 4 
0003 0013 4 1670743747747110 13.0 -61.5 2.2948352586769194 4 
0003 0015 4 1670743747751066 45.5625 -64.5 0.8713010875190442 4 
0003 0011 4 1670743747752844 -3.25 -71.5 4.693981210930062 4 
0003 0001 4 1670743747757488 35.75 -67.5 3.773592738198677 4 
0003 0004 5 1670743747818382 35.75 -60.5 1.509437095279471 4 
0003 0012 5 1670743747825277 0.0 -57.5 0.2761165418194154 4 
0003 0013 5 1670743747836250 136.6875 -68.0 1.0369710126106935 4 
0003 0009 5 1670743747837451 34.9375 -61.5 5.66959299202533 4 
0003 0008 5 1670743747844844 107.375 -64.0 1.1780972450961724 4 
0003 0005 5 1670743747852646 94.375 -69.5 0.619728238305799 4 
0003 0014 5 1670743747859119 65.0625 -63.0 0.8713010875190442 4 
0003 0015 5 1670743747861050 -107.375 -67.0 1.086058397823034 4 
0003 0014 6 1670743747906289 42.3125 -63.5 0.28225246497095796 4 
0003 0002 6 1670743747912064 -22.75 -70.5 3.423845118560751 4 
0003 0012 6 1670743747938089 -16.25 -60.5 2.3316507975861747 4 
0003 0010 6 1670743747944602 39.0 -66.0 2.000310947402876 4 
0003 0011 7 1670743748021717 -13.0 -69.0 3.117048960983623 4 
0003 0010 7 1670743748029716 78.0625 -70.0 2.521864415283994 4 
0003 0013 7 1670743748031191 13.0 -68.0 4.031301510563465 4 
0003 0011 8 1670743748082328 -71.5625 -72.5 2.2641556429192065 4 
0003 0005 8 1670743748096257 -55.3125 -68.5 3.2949907323783574 4 
0003 0010 8 1670743748107086 -214.8125 -72.0 2.227340104009951 4 
0003 0013 8 1670743748121997 -74.8125 -72.0 1.9266798695843652 4 
0003 0012 1 1670743748350694 -55.3125 -65.0 4.522175362686871 4 
0003 0005 1 1670743748356270 91.125 -65.5 1.7794177139473437 4 
0003 0003 1 1670743748360783 -17.0625 -73.5 4.227651051412827 4 
0003 0015 1 1670743748375991 -6.5 -69.5 2.9697868053466014 4 
0003 0004 1 1670743748381293 -104.125 -71.0 3.06182565261974 4 
0003 0005 3 1670743748542345 9.75 -60.0 0.380427235395639 4 
0003 0003 3 1670743748544455 -83.0 -70.0 5.872078456026235 4 
0003 0013 3 1670743748555387 22.75 -70.5 6.12365130523948 4 
0003 0013 4 1670743748588449 -26.0 -61.5 2.429825568010856 4 
0003 0011 4 1670743748590829 19.5 -70.5 4.773748211900116 4 
0003 0005 4 1670743748601087 -29.25 -63.5 3.3502140407422405 4 
0003 0015 4 1670743748604678 -3.25 -64.5 0.9326603190344698 4 
0003 0001 4 1670743748609543 13.8125 -68.0 3.785864584501762 4 
0003 0014 5 1670743748668984 39.0 -63.0 0.8774370106705868 4 
0003 0004 5 1670743748677695 -26.0 -61.0 1.576932249946439 4 
0003 0008 5 1670743748681538 -3.25 -67.0 0.7179030087304801 4 
0003 0012 5 1670743748684691 -9.75 -58.0 0.23930100291016002 4 
0003 0015 5 1670743748686596 -61.8125 -66.5 1.0246991663076084 4 
0003 0009 5 1670743748688946 -16.25 -61.0 5.700272607783043 4 
0003 0013 5 1670743748692377 -35.75 -69.0 1.3437671701878218 4 
0003 0005 5 1670743748713852 97.625 -69.5 0.6442719309119693 4 
0003 0002 6 1670743748749434 -94.375 -70.5 3.448388811166921 4 
0003 0012 6 1670743748752605 -9.75 -60.0 2.282563412373834 4 
0003 0014 6 1670743748774671 -6.5 -63.5 0.3374757733348411 4 
0003 0010 6 1670743748782571 39.0 -65.5 1.9941750242513334 4 
0003 0013 7 1670743748856518 -61.8125 -69.0 4.06811704947272 4 
0003 0010 7 1670743748866092 263.625 -68.5 2.1475731030398975 4 
0003 0011 7 1670743748879949 -91.125 -69.0 3.08636934522591 4 
0003 0013 8 1670743748929886 159.5 -72.0 1.4910293258248433 4 
0003 0005 8 1670743748955654 -6.5 -68.5 3.2090878082567613 4 
0003 0011 8 1670743748972665 9.75 -72.5 1.9819031779482483 4 
0003 0010 8 1670743748975700 240.875 -72.0 1.2455923997631406 4 
0003 0005 1 1670743749210205 -42.3125 -66.0 2.098485717827557 4 
0003 0015 1 1670743749227258 234.3125 -70.5 2.705942109830271 4 
0003 0012 1 1670743749233163 -6.5 -68.0 3.890175278077986 4 
0003 0003 1 1670743749249317 48.8125 -72.5 4.847379289718626 4 
0003 0013 3 1670743749348437 42.3125 -68.0 0.3313398501832985 4 
0003 0005 3 1670743749351793 61.8125 -62.0 6.191146459906448 4 
0003 0008 3 1670743749357471 6.5 -67.0 5.111223985234957 4 
0003 0015 4 1670743749400131 48.8125 -64.5 1.2946797849754812 4 
0003 0013 4 1670743749405672 -35.75 -56.0 3.3440781175906977 4 
0003 0005 4 1670743749420942 3.25 -67.0 1.4726215563702154 4 
0003 0009 4 1670743749421993 126.9375 -68.5 2.380738182798515 4 
0003 0012 4 1670743749425399 -91.125 -70.0 5.2339424482658075 4 
0003 0003 4 1670743749427606 -34.9375 -70.0 4.09266074207889 4 
0003 0011 4 1670743749437474 -146.4375 -70.5 6.17273869045182 4 
0003 0009 5 1670743749472526 -38.1875 -65.5 4.700117134081604 4 
0003 0004 5 1670743749476578 45.5625 -63.5 0.8958447801252144 4 
0003 0008 5 1670743749479878 84.625 -61.0 5.583690067903734 4 
0003 0012 5 1670743749483238 29.25 -55.0 0.3865631585471816 4 
0003 0006 5 1670743749490145 -30.875 -67.5 0.6135923151542565 4 
0003 0014 5 1670743749499420 -19.5 -62.0 1.282407938672396 4 
0003 0015 5 1670743749512055 -9.75 -65.5 1.1167380135807468 4 
0003 0004 6 1670743749551856 -22.75 -67.0 1.423534171157875 4 
0003 0006 6 1670743749565773 21.125 -64.5 1.7916895602504288 4 
0003 0012 6 1670743749574452 -16.25 -59.5 2.227340104009951 4 
0003 0014 6 1670743749576319 61.8125 -65.0 0.7976700097005334 4 
0003 0002 6 1670743749590110 -84.625 -68.0 3.6754179677739964 4 
0003 0009 7 1670743749633566 79.75 -64.0 0.619728238305799 4 
0003 0013 7 1670743749643323 -68.3125 -70.0 5.00077736850719 4 
0003 0004 7 1670743749648948 -19.5 -63.0 0.3190680038802134 4 
0003 0004 8 1670743749714463 -39.0 -65.5 5.252350217720435 4 
0003 0003 8 1670743749720866 -10.5625 -71.0 1.6935147898257479 4 
0003 0000 8 1670743749742518 26.0 -69.0 1.533980787885641 4 
0003 0005 8 1670743749749748 81.375 -70.0 0.5951845456996288 4 
0003 0005 1 1670743750008944 42.3125 -71.0 4.3503695144436785 4 
0003 0005 3 1670743750098839 16.25 -62.5 4.847379289718626 4 
0003 0015 3 1670743750100601 -104.125 -65.5 5.350524988145116 4 
0003 0000 4 1670743750160925 104.125 -70.0 0.1595340019401067 4 
0003 0015 4 1670743750162057 26.0 -67.5 1.0615147052168636 4 
0003 0004 4 1670743750165162 -87.875 -69.5 4.663301595172349 4 
0003 0013 4 1670743750173351 -29.25 -71.0 1.761009944492716 4 
0003 0005 4 1670743750176511 -29.25 -70.5 4.276738436625168 4 
0003 0003 4 1670743750185266 34.9375 -70.0 1.4787574795217582 4 
0003 0011 4 1670743750186799 52.0625 -71.5 1.4480778637640452 4 
0003 0012 5 1670743750226322 29.25 -62.5 0.521553467881118 4 
0003 0015 5 1670743750235456 -48.8125 -62.5 1.1658253987930873 4 
0003 0008 5 1670743750236913 -19.5 -56.0 4.252194744018997 4 
0003 0009 5 1670743750238142 38.1875 -64.5 5.553010452146021 4 
0003 0004 5 1670743750240506 19.5 -62.0 0.06135923151542565 4 
0003 0014 5 1670743750242391 78.0625 -65.5 0.9940195505498954 4 
0003 0010 5 1670743750258436 -39.0 -68.5 2.030990563160589 4 
0003 0001 5 1670743750262780 -10.5625 -69.5 4.6448938257177215 4 
0003 0012 6 1670743750285968 -9.75 -57.5 1.932815792735908 4 
0003 0004 6 1670743750292100 6.5 -62.0 6.12365130523948 4 
0003 0014 6 1670743750295034 3.25 -63.0 1.41126232485479 4 
0003 0006 6 1670743750296235 13.8125 -70.5 0.8835729338221293 4 
0003 0002 6 1670743750298616 110.625 -64.5 1.8346410223112268 4 
0003 0008 6 1670743750299563 42.3125 -65.5 3.2765829629237295 4 
0003 0015 6 1670743750316273 -3.25 -67.5 2.988194574801229 4 
0003 0010 6 1670743750319103 -143.1875 -71.0 2.497320722677824 4 
0003 0004 7 1670743750398315 149.6875 -68.5 4.841243366567084 4 
0003 0008 8 1670743750445908 13.0 -70.5 0.3865631585471816 4 
0003 0004 8 1670743750463170 61.8125 -69.0 4.933282213840222 4 
0003 0005 8 1670743750468243 -45.5625 -69.0 5.730952223540755 4 
0003 0005 3 1670743750821996 -52.0625 -63.0 4.706253057233147 4 
0003 0015 3 1670743750835517 100.875 -67.5 5.129631754689584 4 
0003 0003 4 1670743750890087 173.3125 -70.0 1.0921943209745766 4 
0003 0005 4 1670743750891590 -48.8125 -71.5 3.8533597391687304 4 
0003 0004 4 1670743750895991 -16.25 -69.0 3.890175278077986 4 
0003 0000 4 1670743750898059 74.8125 -67.5 5.8475347634200645 4 
0003 0013 4 1670743750900881 13.0 -68.5 2.043262409463674 4 
0003 0015 4 1670743750902723 26.0 -68.5 0.7915340865489908 4 
0003 0011 4 1670743750911225 -169.25 -72.0 1.3130875544301088 4 
0003 0015 5 1670743750946960 42.3125 -65.0 0.803805932852076 4 
0003 0012 5 1670743750950213 107.375 -64.5 0.7547185476397354 4 
0003 0008 5 1670743750953709 -45.5625 -55.5 4.356505437595221 4 
0003 0009 5 1670743750960075 152.9375 -68.5 5.522330836388308 4 
0003 0004 5 1670743750963140 9.75 -63.0 0.521553467881118 4 
0003 0014 5 1670743750970577 32.5 -66.5 1.1106020904292042 4 
0003 0001 5 1670743750974796 182.25 -70.5 4.626486056263094 4 
0003 0000 5 1670743750978010 -84.625 -68.0 3.859495662320273 4 
0003 0010 5 1670743750992225 65.0625 -69.0 2.2150682577068657 4 
0003 0009 6 1670743751015914 -68.3125 -69.5 1.8653206380689396 4 
0003 0002 6 1670743751028194 -65.0625 -65.0 2.3193789512830896 4 
0003 0015 6 1670743751035331 -3.25 -67.5 2.859340188618835 4 
0003 0012 6 1670743751036298 -13.0 -58.5 1.5830681730979816 4 
0003 0014 6 1670743751039424 -19.5 -63.5 1.1228739367322893 4 
0003 0004 6 1670743751040374 22.75 -66.0 0.7179030087304801 4 
0003 0008 6 1670743751051366 9.75 -65.5 3.356349963893783 4 
0003 0006 6 1670743751054368 7.3125 -66.5 0.5276893910326605 4 
0003 0004 7 1670743751107372 -22.75 -67.5 5.013049214810275 4 
0003 0004 8 1670743751169090 -13.0 -69.5 4.822835597112456 4 
0003 0008 8 1670743751171311 10.5625 -70.0 0.380427235395639 4 
0003 0005 8 1670743751183608 -48.8125 -72.0 5.45483568172134 4 
0003 0015 3 1670743751569364 -16.25 -65.5 5.356660911296659 4 
0003 0005 3 1670743751575797 0.0 -62.5 4.589670517353839 4 
0003 0011 4 1670743751673134 -65.0625 -72.0 1.1719613219446299 4 
0003 0000 4 1670743751677727 -3.25 -67.5 6.000932842208628 4 
0003 0003 4 1670743751683820 104.125 -71.0 1.239456476611598 4 
0003 0013 4 1670743751685113 -13.0 -68.5 1.9757672547967058 4 
0003 0005 4 1670743751690107 224.5625 -72.0 3.497476196379262 4 
0003 0004 4 1670743751693348 -81.375 -69.0 4.074252972624263 4 
0003 0015 4 1670743751694269 -45.5625 -69.5 0.9203884727313847 4 
0003 0004 5 1670743751725973 32.5 -64.0 0.4479223900626072 4 
0003 0014 5 1670743751728874 39.0 -66.0 1.1290098598838318 4 
0003 0010 5 1670743751730335 -45.5625 -69.5 2.2518837966161214 4 
0003 0015 5 1670743751739332 22.75 -65.0 0.7853981633974483 4 
0003 0009 5 1670743751740704 45.5625 -70.0 5.626641529964532 4 
0003 0008 5 1670743751744353 -13.0 -55.5 4.289010282928253 4 
0003 0001 5 1670743751750612 -30.875 -68.5 4.792155981354743 4 
0003 0000 5 1670743751753417 58.5625 -66.5 3.5465635815916023 4 
0003 0012 5 1670743751760679 16.25 -63.5 0.760854470791278 4 
0003 0012 6 1670743751811380 42.3125 -58.5 1.4787574795217582 4 
0003 0014 6 1670743751813732 26.0 -63.0 1.012427320004523 4 
0003 0004 6 1670743751820746 9.75 -66.0 0.9203884727313847 4 
0003 0006 6 1670743751821924 -7.3125 -67.0 0.521553467881118 4 
0003 0008 6 1670743751823166 -74.8125 -65.0 3.436116964863836 4 
0003 0002 6 1670743751824567 58.5625 -64.5 2.172116795646068 4 
0003 0015 6 1670743751830016 -19.5 -67.0 2.9268353432858034 4 
0003 0009 6 1670743751836492 -19.5 -69.5 1.8162332528565992 4 
0003 0004 7 1670743751877573 -192.0 -67.5 5.252350217720435 4 
0003 0004 8 1670743751984913 -87.875 -69.0 4.970097752749477 4 
0003 0005 8 1670743751991018 26.0 -72.5 5.209398755659637 4 
0003 0008 8 1670743751994849 27.625 -68.5 0.3129320807286708 4 
0003 0008 1 1670743752239696 177.375 -69.0 1.6137477888556946 4 
0003 0015 3 1670743752349019 71.5625 -66.5 5.418020142812084 4 
0003 0005 3 1670743752354529 -35.75 -63.0 4.804427827657828 4 
0003 0003 4 1670743752418305 -17.0625 -69.5 1.8837284075235674 4 
0003 0015 4 1670743752423249 29.25 -68.5 0.7240389318820226 4 
0003 0013 4 1670743752427370 -61.8125 -68.0 2.172116795646068 4 
0003 0000 4 1670743752437029 29.25 -67.5 6.240233845118788 4 
0003 0011 4 1670743752443148 120.4375 -71.5 1.0246991663076084 4 
0003 0005 4 1670743752444111 -117.125 -74.0 3.9822141253511245 4 
0003 0004 4 1670743752445058 -81.375 -69.5 4.313553975534423 4 
