0002 0004 1 1670743781891023 -32.5 -61.5 3.80427235395639 18 
0002 0006 1 1670743781892072 48.8125 -65.5 5.031456984264903 18 
0002 0015 1 1670743781894466 -120.4375 -67.0 5.141903600992669 18 
0002 0004 2 1670743781967218 -32.5 -57.0 5.283029833478148 18 
0002 0005 3 1670743782100812 -30.875 -53.5 4.06811704947272 18 
0002 0004 3 1670743782101692 35.75 -67.0 3.1354567304382504 18 
0002 0008 3 1670743782102948 65.0625 -64.5 2.9268353432858034 18 
0002 0015 3 1670743782115602 48.8125 -64.0 2.5157284921324514 18 
0002 0007 3 1670743782119780 166.0 -68.0 5.160311370447297 18 
0002 0006 3 1670743782129442 -26.0 -68.5 4.669437518323892 18 
0002 0015 4 1670743782168013 -100.875 -67.5 3.767456815047135 18 
0002 0005 4 1670743782170446 -19.5 -51.5 4.215379205109742 18 
0002 0008 4 1670743782178983 61.8125 -62.5 1.607611865704152 18 
0002 0007 4 1670743782188105 -58.5625 -66.0 4.270602513473625 18 
0002 0004 5 1670743782268609 172.5 -71.5 2.337786720737717 18 
0002 0007 5 1670743782270674 13.0 -69.5 1.1719613219446299 18 
0002 0005 6 1670743782349820 -10.5625 -67.0 0.8651651643675016 18 
0002 0004 6 1670743782353630 6.5 -72.0 0.5890486225480862 18 
0002 0006 7 1670743782455061 -45.5625 -65.0 5.835262917116979 18 
0002 0014 8 1670743782515589 -61.8125 -69.5 5.049864753719531 18 
0002 0004 8 1670743782516523 -16.25 -62.0 6.0991076126333095 18 
0002 0004 1 1670743782778222 -22.75 -61.5 3.730641276137879 18 
0002 0006 1 1670743782788139 -113.875 -66.5 5.252350217720435 18 
0002 0015 1 1670743782795901 65.0625 -67.0 4.8351074434155406 18 
0002 0004 2 1670743782842190 19.5 -57.5 5.197126909356553 18 
0002 0015 3 1670743782939481 41.5 -64.0 2.509592568980909 18 
0002 0006 3 1670743782940776 247.375 -69.0 4.528311285838413 18 
0002 0005 3 1670743782941719 -24.375 -54.0 4.0558452031696355 18 
0002 0008 3 1670743782944358 -48.8125 -65.0 3.368621810196868 18 
0002 0004 3 1670743782946534 68.3125 -67.0 2.9145634969827183 18 
0002 0007 3 1670743782951549 22.75 -68.0 5.350524988145116 18 
0002 0008 4 1670743783002318 16.25 -62.0 1.7671458676442586 18 
0002 0005 4 1670743783012090 0.0 -51.5 4.215379205109742 18 
0002 0007 4 1670743783013029 22.75 -66.0 4.23378697456437 18 
0002 0015 4 1670743783028605 34.9375 -68.5 3.5281558121369745 18 
0002 0004 5 1670743783065914 52.0625 -69.5 2.386874105950058 18 
0002 0007 5 1670743783098521 136.6875 -69.5 1.1596894756415448 18 
0002 0005 6 1670743783137033 59.375 -67.5 0.7731263170943632 18 
0002 0004 6 1670743783153387 48.8125 -72.0 0.5092816215780329 18 
0002 0006 7 1670743783250600 -3.25 -65.0 5.859806609723149 18 
0002 0004 8 1670743783338384 22.75 -62.5 6.080699843178682 18 
0002 0014 8 1670743783353187 -32.5 -70.0 4.945554060143307 18 
0002 0004 1 1670743783597298 -6.5 -65.0 4.669437518323892 18 
0002 0006 1 1670743783603249 -240.875 -70.5 5.706408530934585 18 
0002 0015 1 1670743783612361 -32.5 -66.5 5.2339424482658075 18 
0002 0004 2 1670743783690190 35.75 -68.5 5.049864753719531 18 
0002 0015 3 1670743783755860 107.375 -66.0 2.6384469551633027 18 
0002 0005 3 1670743783778406 -9.75 -60.0 0.5951845456996288 18 
0002 0008 3 1670743783780277 78.0625 -66.5 5.66959299202533 18 
0002 0007 3 1670743783784734 152.9375 -69.5 4.424000592262189 18 
0002 0005 4 1670743783815902 -42.3125 -58.0 5.902758071783947 18 
0002 0014 4 1670743783823567 61.8125 -70.0 0.09817477042468103 18 
0002 0015 4 1670743783830043 -13.0 -64.5 3.1784081924990484 18 
0002 0008 4 1670743783835953 -52.0625 -59.0 3.9269908169872414 18 
0002 0004 4 1670743783839914 130.1875 -69.5 1.2640001692177683 18 
0002 0005 5 1670743783865933 -7.3125 -67.0 4.399456899656019 18 
0002 0014 5 1670743783869309 3.25 -71.5 3.5588354278946874 18 
0002 0007 5 1670743783887707 -48.8125 -71.5 4.479223900626073 18 
0002 0005 6 1670743783968511 17.0625 -62.0 5.301437602932776 18 
0002 0004 7 1670743784036939 -74.8125 -66.5 3.0372819600135696 18 
0002 0004 8 1670743784081588 -13.0 -66.5 6.19728238305799 18 
0002 0006 8 1670743784093172 -192.0 -70.5 3.074097498922825 18 
0002 0014 8 1670743784102118 94.375 -68.5 4.804427827657828 18 
0002 0004 1 1670743784346148 39.0 -63.5 2.6445828783148455 18 
0002 0011 1 1670743784354491 -107.375 -72.5 1.3621749396424494 18 
0002 0013 1 1670743784359730 0.0 -68.0 5.037592907416445 18 
0002 0006 1 1670743784377754 13.0 -71.0 5.043728830567988 18 
0002 0004 2 1670743784431378 94.375 -69.0 2.890019804376548 18 
0002 0004 3 1670743784497287 -22.75 -66.0 3.933126740138784 18 
0002 0007 3 1670743784498522 16.25 -61.5 2.282563412373834 18 
0002 0009 3 1670743784501100 -65.0625 -69.0 5.626641529964532 18 
0002 0015 3 1670743784502030 3.25 -67.0 6.22182607566416 18 
0002 0013 3 1670743784507561 0.0 -54.0 3.3502140407422405 18 
0002 0005 3 1670743784509915 41.5 -56.5 6.062292073724054 18 
0002 0011 3 1670743784515174 -84.625 -66.0 0.3620194659410113 18 
0002 0008 3 1670743784525358 -266.875 -71.5 2.9268353432858034 18 
0002 0005 4 1670743784566703 -24.375 -50.0 5.6143696836614465 18 
0002 0010 4 1670743784571414 -97.625 -69.0 5.651185222570702 18 
0002 0004 4 1670743784578149 -16.25 -71.0 2.0923497946760143 18 
0002 0007 4 1670743784579082 0.0 -59.0 5.166447293598839 18 
0002 0006 4 1670743784580009 -309.1875 -71.0 2.890019804376548 18 
0002 0013 4 1670743784582121 97.625 -67.5 0.5338253141842031 18 
0002 0011 4 1670743784584006 -58.5625 -66.0 2.552544031041707 18 
0002 0012 4 1670743784589789 -107.375 -68.0 4.9394181369917645 18 
0002 0008 4 1670743784603600 -68.3125 -73.5 0.8651651643675016 18 
0002 0015 5 1670743784646166 3.25 -60.5 4.25833066717054 18 
0002 0005 5 1670743784659929 -39.0 -66.5 2.8102528034064944 18 
0002 0005 6 1670743784713668 -107.375 -67.5 2.5280003384355365 18 
0002 0013 6 1670743784718229 29.25 -70.0 2.7857091108003242 18 
0002 0015 6 1670743784735283 -90.3125 -71.0 5.651185222570702 18 
0002 0014 7 1670743784777116 149.6875 -68.5 5.123495831538041 18 
0002 0005 7 1670743784799299 69.125 -69.0 0.37429131224409645 18 
0002 0012 7 1670743784802660 -35.75 -64.0 3.043417883165112 18 
0002 0012 8 1670743784850557 -84.625 -66.0 3.822680123411018 18 
0002 0014 8 1670743784868583 -52.0625 -64.0 0.09817477042468103 18 
0002 0015 8 1670743784870830 13.8125 -70.5 4.331961744989051 18 
0002 0004 8 1670743784873851 -136.6875 -70.5 3.730641276137879 18 
0002 0013 1 1670743785115086 45.5625 -69.5 5.442563835418255 18 
0002 0006 1 1670743785117458 -13.0 -71.0 4.638757902566179 18 
0002 0004 1 1670743785120690 26.0 -62.0 2.8409324191642074 18 
0002 0015 3 1670743785206426 3.25 -67.0 6.191146459906448 18 
0002 0005 3 1670743785210390 -39.0 -57.0 0.8099418560036186 18 
0002 0011 3 1670743785211427 -84.625 -65.5 0.760854470791278 18 
0002 0013 3 1670743785214447 3.25 -54.0 3.77972866135022 18 
0002 0009 3 1670743785217402 273.375 -70.5 5.8475347634200645 18 
0002 0007 3 1670743785219537 74.8125 -61.0 2.945243112740431 18 
0002 0008 3 1670743785221248 -52.0625 -68.5 3.9269908169872414 18 
0002 0004 3 1670743785226007 -19.5 -66.0 5.6941366846315 18 
0002 0013 4 1670743785278757 -29.25 -66.0 1.5278448647340985 18 
0002 0012 4 1670743785279979 -26.0 -67.5 4.595806440505381 18 
0002 0007 4 1670743785283528 32.5 -60.0 5.841398840268521 18 
0002 0011 4 1670743785288276 -42.3125 -67.0 2.791845033951867 18 
0002 0010 4 1670743785289225 -45.5625 -69.0 5.835262917116979 18 
0002 0005 4 1670743785293101 3.25 -50.5 6.000932842208628 18 
0002 0006 4 1670743785297229 19.5 -69.0 3.859495662320273 18 
0002 0008 4 1670743785304742 198.5625 -73.5 1.2946797849754812 18 
0002 0005 5 1670743785341441 62.625 -66.0 2.0064468705544187 18 
0002 0015 5 1670743785344556 -10.5625 -60.5 4.166291819897402 18 
0002 0013 6 1670743785427194 -3.25 -68.0 3.3195344249845276 18 
0002 0005 6 1670743785434419 139.125 -71.0 1.4910293258248433 18 
0002 0015 6 1670743785448079 -38.1875 -72.5 5.559146375297564 18 
0002 0005 7 1670743785503233 21.125 -69.5 6.1850105367549055 18 
0002 0012 7 1670743785510011 -22.75 -64.5 3.172272269347506 18 
0002 0014 7 1670743785511004 32.5 -67.5 5.325981295538946 18 
0002 0014 8 1670743785591495 -29.25 -64.0 0.06135923151542565 18 
0002 0015 8 1670743785604640 -29.25 -71.5 4.2031073588066565 18 
0002 0012 8 1670743785610060 9.75 -67.5 3.6079228131070282 18 
0002 0004 8 1670743785615795 315.6875 -72.5 2.521864415283994 18 
0002 0004 1 1670743785863278 -9.75 -61.5 2.816388726558037 18 
0002 0013 1 1670743785864218 32.5 -68.5 5.546874528994478 18 
0002 0006 1 1670743785868915 -146.4375 -71.5 4.522175362686871 18 
0002 0008 3 1670743785956924 52.0625 -68.5 3.8288160465625602 18 
0002 0004 3 1670743785958740 74.8125 -66.0 5.295301679781233 18 
0002 0015 3 1670743785960111 34.9375 -66.0 6.062292073724054 18 
0002 0007 3 1670743785963203 -39.0 -61.0 2.890019804376548 18 
0002 0009 3 1670743785965245 -188.75 -70.0 0.1043106935762236 18 
0002 0005 3 1670743785966208 -211.5625 -57.0 0.9081166264282996 18 
0002 0011 3 1670743785968165 58.5625 -65.0 0.4049709280018093 18 
0002 0013 3 1670743785969555 -32.5 -54.0 3.9208548938356986 18 
0002 0013 4 1670743786008947 74.8125 -67.0 1.564660403643354 18 
0002 0005 4 1670743786009902 0.0 -50.0 5.927301764390117 18 
0002 0007 4 1670743786010826 3.25 -59.5 5.829126993965437 18 
0002 0011 4 1670743786015956 143.1875 -67.5 2.1046216409791 18 
0002 0010 4 1670743786019543 -172.5 -68.5 5.743224069843841 18 
0002 0012 4 1670743786020448 -32.5 -68.5 4.6878452877785195 18 
0002 0006 4 1670743786024555 45.5625 -68.0 3.902447124381071 18 
0002 0008 4 1670743786031825 -58.5625 -73.0 1.9634954084936207 18 
0002 0015 5 1670743786066353 -45.5625 -61.0 4.135612204139688 18 
0002 0005 5 1670743786067779 3.25 -67.0 2.6261751088602177 18 
0002 0005 6 1670743786148709 17.0625 -67.5 2.1966604882522383 18 
0002 0013 6 1670743786161790 29.25 -67.5 3.3747577333484107 18 
0002 0015 6 1670743786183989 45.5625 -70.5 5.338253141842031 18 
0002 0005 7 1670743786217413 7.3125 -68.0 0.3374757733348411 18 
0002 0012 7 1670743786224836 -97.625 -65.5 3.2520392703175593 18 
0002 0014 7 1670743786229184 -71.5625 -69.0 5.473243451175968 18 
0002 0014 8 1670743786298364 -9.75 -63.5 0.07976700097005335 18 
0002 0012 8 1670743786299580 -16.25 -66.5 3.865631585471816 18 
0002 0015 8 1670743786316149 -117.9375 -70.0 4.270602513473625 18 
0002 0004 8 1670743786324868 -22.75 -70.0 3.2029518851052186 18 
0002 0006 1 1670743786556831 -94.375 -70.0 4.000621894805752 18 
0002 0012 1 1670743786562334 -32.5 -71.0 4.896466674930966 18 
0002 0004 1 1670743786568695 26.0 -61.5 2.4175537217077703 18 
0002 0013 1 1670743786569603 74.8125 -69.0 5.338253141842031 18 
0002 0011 3 1670743786666352 13.0 -66.0 0.4479223900626072 18 
0002 0015 3 1670743786669166 -21.125 -67.5 6.092971689481767 18 
0002 0013 3 1670743786670087 -22.75 -54.0 4.0128937411088375 18 
0002 0008 3 1670743786673001 -179.0 -67.5 4.2031073588066565 18 
0002 0007 3 1670743786673934 3.25 -61.5 2.6200391857086753 18 
0002 0009 3 1670743786674914 -29.25 -69.0 6.215690152512618 18 
0002 0004 3 1670743786676359 61.8125 -65.0 5.166447293598839 18 
0002 0005 3 1670743786680746 -10.5625 -57.0 0.4172427743048944 18 
0002 0007 4 1670743786724226 3.25 -60.0 5.6143696836614465 18 
0002 0013 4 1670743786726551 19.5 -67.0 1.662835174068035 18 
0002 0011 4 1670743786728630 6.5 -67.0 2.2089323345553233 18 
0002 0005 4 1670743786734971 -21.125 -50.0 5.822991070813893 18 
0002 0006 4 1670743786735995 -182.25 -69.5 3.9822141253511245 18 
0002 0010 4 1670743786737433 0.0 -69.5 5.497787143782138 18 
0002 0008 4 1670743786740776 26.0 -71.5 1.4787574795217582 18 
0002 0012 4 1670743786748570 -13.0 -70.0 4.577398671050753 18 
0002 0015 5 1670743786800605 -41.5 -61.5 4.074252972624263 18 
0002 0005 5 1670743786816830 166.8125 -66.5 2.509592568980909 18 
0002 0005 6 1670743786856365 -13.8125 -68.0 2.435961491162398 18 
0002 0013 6 1670743786867406 52.0625 -68.0 3.2949907323783574 18 
0002 0015 6 1670743786873973 -10.5625 -71.5 5.313709449235861 18 
