0004 0014 1 1670743837420456 -35.75 -65.5 4.362641360746763 13 
0004 0015 2 1670743837513456 -123.6875 -70.0 5.93343768754166 13 
0004 0014 2 1670743837516113 71.5625 -64.0 5.436427912266712 13 
0004 0004 2 1670743837519111 -231.0625 -69.0 3.031146036862027 13 
0004 0000 2 1670743837550660 -133.4375 -71.5 1.5585244804918115 13 
0004 0012 3 1670743837625347 -22.75 -70.0 6.160466844148735 13 
0004 0007 4 1670743837667215 117.125 -70.0 2.1046216409791 13 
0004 0004 4 1670743837680049 -55.3125 -69.0 4.460816131171445 13 
0004 0010 4 1670743837684727 22.75 -71.0 1.7241944055834606 13 
0004 0013 4 1670743837690170 -71.5625 -70.0 2.6691265709210157 13 
0004 0014 5 1670743837727417 9.75 -64.0 5.890486225480862 13 
0004 0007 5 1670743837730963 58.5625 -65.0 5.45483568172134 13 
0004 0013 5 1670743837734160 -9.75 -53.5 3.215223731408304 13 
0004 0010 5 1670743837735365 29.25 -63.0 1.1044661672776617 13 
0004 0003 5 1670743837736274 -188.75 -69.5 0.07976700097005335 13 
0004 0004 5 1670743837738961 -42.3125 -62.0 5.0253210611133605 13 
0004 0012 5 1670743837739893 -9.75 -57.5 2.478912953223196 13 
0004 0015 5 1670743837746890 39.0 -69.5 4.460816131171445 13 
0004 0009 5 1670743837750130 -55.3125 -63.5 5.123495831538041 13 
0004 0005 5 1670743837759395 -58.5625 -67.5 3.5281558121369745 13 
0004 0011 5 1670743837762044 135.0625 -60.5 4.8351074434155406 13 
0004 0008 5 1670743837764415 3.25 -65.5 3.80427235395639 13 
0004 0006 5 1670743837768018 -29.25 -73.0 5.356660911296659 13 
0004 0002 6 1670743837818816 -87.875 -72.5 4.000621894805752 13 
0004 0008 6 1670743837826117 -19.5 -61.5 0.9633399347921826 13 
0004 0007 6 1670743837830848 26.0 -58.0 2.5341362615870793 13 
0004 0010 6 1670743837832976 26.0 -61.0 1.4480778637640452 13 
0004 0012 6 1670743837838259 -32.5 -64.5 3.6876898140770815 13 
0004 0003 6 1670743837840427 6.5 -70.0 3.380893656499953 13 
0004 0006 6 1670743837851981 126.9375 -69.5 3.2459033471660166 13 
0004 0013 6 1670743837857029 13.0 -59.5 4.2031073588066565 13 
0004 0015 6 1670743837860863 3.25 -62.5 4.724660826687775 13 
0004 0004 6 1670743837863624 13.0 -64.0 1.000155473701438 13 
0004 0011 6 1670743837864849 -24.375 -62.5 5.3627968344482015 13 
0004 0009 6 1670743837869637 -3.25 -67.5 0.662679700366597 13 
0004 0007 7 1670743837905974 126.9375 -68.0 0.944932165337555 13 
0004 0015 7 1670743837921791 -29.25 -64.5 5.460971604872882 13 
0004 0012 7 1670743837951154 -32.5 -70.5 2.2764274892222915 13 
0004 0014 7 1670743837952090 71.5625 -70.0 2.0064468705544187 13 
0004 0012 8 1670743838008033 45.5625 -73.0 0.16566992509164924 13 
0004 0015 8 1670743838027946 3.25 -62.0 3.6201946594101133 13 
0004 0000 8 1670743838056762 -19.5 -73.0 0.7915340865489908 13 
0004 0014 1 1670743838281251 -13.0 -66.0 4.473087977474529 13 
0004 0012 1 1670743838297121 16.25 -71.5 2.791845033951867 13 
0004 0014 2 1670743838356103 133.4375 -64.5 5.460971604872882 13 
0004 0004 2 1670743838365030 270.125 -69.5 2.0923497946760143 13 
0004 0007 2 1670743838410238 -87.875 -70.5 5.2339424482658075 13 
0004 0015 2 1670743838434605 110.625 -70.5 6.025476534814799 13 
0004 0010 4 1670743838543791 100.875 -72.5 1.859184714917397 13 
0004 0007 4 1670743838544956 78.0625 -70.0 2.1782527187976104 13 
0004 0013 4 1670743838547067 -81.375 -70.0 2.6016314162540475 13 
0004 0004 4 1670743838556192 26.0 -68.5 4.626486056263094 13 
0004 0006 4 1670743838567791 -13.0 -75.0 0.4295146206079795 13 
0004 0014 5 1670743838596011 -39.0 -63.0 5.902758071783947 13 
0004 0010 5 1670743838597184 19.5 -63.0 1.055378782065321 13 
0004 0013 5 1670743838600514 -9.75 -53.5 3.227495577711389 13 
0004 0004 5 1670743838608338 19.5 -62.5 4.853515212870168 13 
0004 0003 5 1670743838609547 -81.375 -70.5 0.04908738521234052 13 
0004 0006 5 1670743838610752 65.0625 -72.0 5.399612373357457 13 
0004 0011 5 1670743838612846 -21.125 -60.5 5.129631754689584 13 
0004 0009 5 1670743838613810 -78.0625 -64.5 5.074408446325701 13 
0004 0007 5 1670743838621326 -29.25 -65.0 5.583690067903734 13 
0004 0012 5 1670743838622273 6.5 -57.5 2.442097414313941 13 
0004 0008 5 1670743838624891 -9.75 -65.0 3.730641276137879 13 
0004 0015 5 1670743838629461 146.4375 -68.5 4.356505437595221 13 
0004 0005 5 1670743838633513 -3.25 -66.0 3.497476196379262 13 
0004 0011 6 1670743838697347 30.875 -63.5 5.3198453723874035 13 
0004 0004 6 1670743838698296 -22.75 -64.0 0.9756117810952678 13 
0004 0007 6 1670743838702377 13.0 -58.5 2.521864415283994 13 
0004 0013 6 1670743838711734 -9.75 -60.0 4.2092432819582 13 
0004 0008 6 1670743838715783 -19.5 -61.0 0.9265243958829272 13 
0004 0002 6 1670743838716750 -58.5625 -72.5 4.04357335686655 13 
0004 0015 6 1670743838719677 -9.75 -62.0 4.767612288748572 13 
0004 0003 6 1670743838726189 -139.9375 -70.5 3.380893656499953 13 
0004 0009 6 1670743838735943 -45.5625 -68.0 0.7547185476397354 13 
0004 0012 6 1670743838740131 9.75 -63.5 3.54042765844006 13 
0004 0010 6 1670743838742028 29.25 -60.5 1.4051264017032472 13 
0004 0006 6 1670743838747906 -16.25 -70.0 3.393165502803038 13 
0004 0015 7 1670743838783821 -68.3125 -65.0 5.473243451175968 13 
0004 0014 7 1670743838798476 104.125 -70.0 2.000310947402876 13 
0004 0007 7 1670743838804837 39.0 -68.0 1.239456476611598 13 
0004 0012 7 1670743838821186 126.9375 -70.0 1.8530487917658545 13 
0004 0015 8 1670743838871590 -45.5625 -62.0 3.6201946594101133 13 
0004 0013 8 1670743838879243 279.9375 -71.5 5.074408446325701 13 
0004 0000 8 1670743838882901 29.25 -73.0 0.35588354278946877 13 
0004 0014 1 1670743839140109 -39.0 -66.5 4.460816131171445 13 
0004 0012 1 1670743839162706 -126.9375 -72.5 2.8777479580734626 13 
0004 0004 2 1670743839200000 -42.3125 -71.0 2.8286605728611223 13 
0004 0014 2 1670743839211551 -81.375 -64.5 5.6143696836614465 13 
0004 0012 3 1670743839300642 179.0 -69.0 5.976389149602458 13 
0004 0007 4 1670743839347802 -123.6875 -69.0 2.466641106920111 13 
0004 0013 4 1670743839350182 35.75 -70.5 2.2580197197676637 13 
0004 0010 4 1670743839356760 55.3125 -72.0 1.846912868614312 13 
0004 0004 4 1670743839362624 -45.5625 -69.5 4.681709364626977 13 
0004 0006 4 1670743839363575 198.5625 -77.0 0.04908738521234052 13 
0004 0004 5 1670743839405917 -39.0 -61.5 5.074408446325701 13 
0004 0012 5 1670743839407857 16.25 -57.5 2.466641106920111 13 
0004 0007 5 1670743839408879 22.75 -65.0 5.540738605842936 13 
0004 0010 5 1670743839416654 29.25 -63.0 1.227184630308513 13 
0004 0005 5 1670743839419785 -32.5 -66.5 3.749049045592507 13 
0004 0003 5 1670743839424274 -39.0 -70.0 0.11044661672776616 13 
0004 0014 5 1670743839426476 9.75 -63.5 5.859806609723149 13 
0004 0008 5 1670743839427438 -6.5 -65.0 3.7551849687440497 13 
0004 0013 5 1670743839428388 -13.0 -53.5 3.3440781175906977 13 
0004 0006 5 1670743839429352 39.0 -71.5 5.5100589900852235 13 
0004 0009 5 1670743839432451 -13.0 -63.0 5.221670601962723 13 
0004 0011 5 1670743839443049 -55.3125 -61.5 5.381204603902829 13 
0004 0015 5 1670743839449200 71.5625 -69.0 4.4362724385652745 13 
0004 0004 6 1670743839491968 -3.25 -63.5 0.9756117810952678 13 
0004 0007 6 1670743839494542 -6.5 -59.0 2.6445828783148455 13 
0004 0009 6 1670743839500053 0.0 -66.5 0.7669903939428205 13 
0004 0010 6 1670743839504573 3.25 -60.5 1.564660403643354 13 
0004 0012 6 1670743839508569 -9.75 -64.5 3.650874275167826 13 
0004 0003 6 1670743839509776 29.25 -71.5 3.3318062712876126 13 
0004 0013 6 1670743839512424 3.25 -60.0 4.25833066717054 13 
0004 0011 6 1670743839517847 -38.1875 -63.5 5.473243451175968 13 
0004 0008 6 1670743839520717 -13.0 -61.0 0.8835729338221293 13 
0004 0015 6 1670743839525656 -6.5 -62.5 4.76147636559703 13 
0004 0002 6 1670743839526597 -136.6875 -72.5 4.086524818927348 13 
0004 0006 6 1670743839539323 -113.875 -70.0 3.724505352986337 13 
0004 0007 7 1670743839567307 -104.125 -68.5 0.9878836273983529 13 
0004 0015 7 1670743839572290 22.75 -65.0 5.3627968344482015 13 
0004 0012 7 1670743839595311 -55.3125 -70.0 2.1230294104337273 13 
0004 0014 7 1670743839597210 -48.8125 -71.0 2.141437179888355 13 
0004 0004 7 1670743839609463 16.25 -70.5 4.362641360746763 13 
0004 0000 8 1670743839662332 58.5625 -72.0 0.17794177139473438 13 
0004 0012 8 1670743839682973 -48.8125 -71.5 0.6013204688511713 13 
0004 0015 8 1670743839690230 0.0 -62.0 3.472932503773092 13 
0004 0014 2 1670743839981421 29.25 -66.5 5.663457068873787 13 
0004 0000 4 1670743840090705 -84.625 -72.0 0.6320000846088841 13 
0004 0009 4 1670743840094513 -16.25 -65.5 1.8162332528565992 13 
0004 0010 4 1670743840103054 -58.5625 -68.0 2.9759227284981438 13 
0004 0006 4 1670743840128729 250.625 -72.5 1.8162332528565992 13 
0004 0014 5 1670743840185897 9.75 -61.5 5.737088146692298 13 
0004 0001 5 1670743840189241 38.1875 -70.0 4.06811704947272 13 
0004 0000 5 1670743840191622 35.75 -67.5 1.3928545554001621 13 
0004 0004 5 1670743840196873 -6.5 -59.5 0.9142525495798421 13 
0004 0007 5 1670743840207399 -16.25 -65.5 4.933282213840222 13 
0004 0005 5 1670743840208915 -22.75 -65.5 5.1725832167503825 13 
0004 0015 5 1670743840209850 -42.3125 -67.0 3.785864584501762 13 
0004 0008 5 1670743840213703 -74.8125 -72.0 5.8045833013592665 13 
0004 0009 5 1670743840214680 -16.25 -57.5 6.092971689481767 13 
0004 0006 5 1670743840228102 -3.25 -72.0 6.007068765360171 13 
0004 0003 5 1670743840229551 87.875 -71.5 4.000621894805752 13 
0004 0008 6 1670743840259144 -32.5 -61.5 3.2213596545598464 13 
0004 0014 6 1670743840260545 -22.75 -60.0 5.0682725231741586 13 
0004 0006 6 1670743840261483 39.0 -69.5 3.2090878082567613 13 
0004 0015 6 1670743840266113 -35.75 -66.0 5.559146375297564 13 
0004 0001 6 1670743840273895 131.8125 -73.5 3.448388811166921 13 
0004 0007 6 1670743840279392 42.3125 -63.5 2.718213956133356 13 
0004 0002 6 1670743840285104 42.3125 -71.0 1.4726215563702154 13 
0004 0005 6 1670743840287007 -58.5625 -73.5 3.56497135104623 13 
0004 0010 6 1670743840292472 -13.0 -68.5 2.423689644859313 13 
0004 0000 6 1670743840293436 -84.625 -70.0 4.528311285838413 13 
0004 0004 6 1670743840296027 -22.75 -64.5 2.36846633649543 13 
0004 0009 7 1670743840335191 74.8125 -65.0 0.6810874698212247 13 
0004 0007 7 1670743840343475 97.625 -63.0 2.1659808724945253 13 
0004 0005 7 1670743840344641 -139.9375 -68.0 4.81056375080937 13 
0004 0015 7 1670743840354493 -73.1875 -72.0 5.325981295538946 13 
0004 0004 7 1670743840362437 136.6875 -69.5 0.0674951546669682 13 
0004 0007 8 1670743840405849 -78.0625 -66.0 4.154019973594316 13 
0004 0015 8 1670743840415600 34.9375 -65.0 3.1661363461959633 13 
0004 0001 8 1670743840417441 32.5 -73.0 3.785864584501762 13 
0004 0014 4 1670743840803498 -32.5 -70.0 6.1850105367549055 13 
0004 0004 4 1670743840820720 84.625 -73.0 2.5280003384355365 13 
0004 0015 4 1670743840825922 29.25 -72.0 5.626641529964532 13 
0004 0005 5 1670743840856272 156.1875 -65.0 5.540738605842936 13 
0004 0015 5 1670743840859190 -19.5 -68.0 3.6263305825616556 13 
0004 0014 5 1670743840860351 -35.75 -61.0 6.013204688511713 13 
0004 0000 5 1670743840862221 -42.3125 -67.0 5.730952223540755 13 
0004 0007 5 1670743840863157 -81.375 -69.5 3.0495538063166547 13 
0004 0011 5 1670743840867473 -218.875 -70.5 3.8533597391687304 13 
0004 0004 5 1670743840868421 -104.125 -66.0 3.988350048502667 13 
0004 0009 5 1670743840875723 -45.5625 -55.5 1.761009944492716 13 
0004 0008 5 1670743840882376 -35.75 -68.5 2.3439226438892597 13 
0004 0011 6 1670743840950953 -17.0625 -65.5 5.123495831538041 13 
0004 0014 6 1670743840952420 -3.25 -63.5 5.681864838328415 13 
0004 0010 6 1670743840959117 -13.0 -68.5 1.6812429435226628 13 
0004 0006 6 1670743840963943 139.9375 -70.5 1.3989904785517047 13 
0004 0009 6 1670743840965203 55.3125 -70.0 2.509592568980909 13 
0004 0008 6 1670743840971124 -13.0 -68.0 4.97623367590102 13 
0004 0015 6 1670743840972623 -3.25 -66.5 5.350524988145116 13 
0004 0000 6 1670743840979076 -6.5 -71.5 5.148039524144211 13 
0004 0002 6 1670743840983456 -136.6875 -73.0 2.6568547246179306 13 
0004 0007 6 1670743840984406 58.5625 -65.5 5.3627968344482015 13 
0004 0004 6 1670743840986498 6.5 -65.0 4.884194828627882 13 
0004 0009 7 1670743841022566 -107.375 -68.5 0.2638446955163303 13 
0004 0011 7 1670743841032654 -170.0625 -71.0 5.448699758569798 13 
0004 0000 7 1670743841035776 29.25 -66.0 2.325514874434632 13 
0004 0007 7 1670743841052700 345.0 -69.0 1.7794177139473437 13 
0004 0010 7 1670743841058141 -13.0 -68.5 0.2270291566070749 13 
0004 0015 7 1670743841062100 -42.3125 -72.5 5.816855147662351 13 
0004 0000 8 1670743841091331 -185.5 -72.0 4.491495746929157 13 
0004 0015 8 1670743841112135 -6.5 -65.0 3.3870295796514958 13 
0004 0007 8 1670743841117124 55.3125 -69.5 5.798447378207723 13 
0004 0004 1 1670743841354142 -126.9375 -70.5 5.859806609723149 13 
0004 0004 3 1670743841482838 -52.0625 -68.5 2.098485717827557 13 
0004 0014 4 1670743841517257 22.75 -69.0 6.056156150572511 13 
0004 0002 4 1670743841543846 22.75 -72.5 4.460816131171445 13 
0004 0015 4 1670743841551112 21.125 -72.5 5.553010452146021 13 
0004 0000 5 1670743841578042 45.5625 -64.0 1.1106020904292042 13 
0004 0005 5 1670743841584530 -45.5625 -64.5 3.6263305825616556 13 
0004 0015 5 1670743841586200 22.75 -67.5 3.822680123411018 13 
0004 0011 5 1670743841588665 87.0625 -65.0 3.6570101983193686 13 
0004 0004 5 1670743841594635 -3.25 -63.5 0.803805932852076 13 
0004 0009 5 1670743841599404 -9.75 -54.5 0.6872233929727672 13 
0004 0014 5 1670743841605162 -42.3125 -61.0 5.878214379177777 13 
0004 0007 5 1670743841609871 192.0 -68.5 1.9819031779482483 13 
0004 0008 5 1670743841615223 6.5 -66.5 0.030679615757712823 13 
0004 0003 5 1670743841618875 126.9375 -72.5 0.3374757733348411 13 
0004 0004 6 1670743841648378 26.0 -64.5 3.6999616603801666 13 
0004 0009 6 1670743841655244 84.625 -66.0 2.3930100291016 13 
0004 0014 6 1670743841656414 -19.5 -61.5 5.66959299202533 13 
0004 0006 6 1670743841658314 -52.0625 -71.0 1.1596894756415448 13 
0004 0015 6 1670743841659529 -87.875 -66.0 5.638913376267617 13 
0004 0007 6 1670743841660462 6.5 -65.5 4.28287435977671 13 
0004 0010 6 1670743841663099 -35.75 -68.0 2.4911847995262812 13 
0004 0002 6 1670743841664574 113.875 -72.0 0.2454369260617026 13 
0004 0011 6 1670743841666893 -27.625 -61.5 4.7860200582032 13 
0004 0008 6 1670743841669750 58.5625 -67.0 3.1231848841351653 13 
0004 0000 6 1670743841680750 -19.5 -66.5 3.454524734318464 13 
0004 0000 7 1670743841729465 -42.3125 -64.5 2.564815877344792 13 
0004 0010 7 1670743841732103 58.5625 -66.0 1.2026409377023426 13 
0004 0011 7 1670743841739320 62.625 -69.5 5.589825991055276 13 
0004 0008 7 1670743841743328 -71.5625 -69.0 3.5833791205008576 13 
0004 0001 8 1670743841796926 -117.9375 -72.5 0.28225246497095796 13 
0004 0015 8 1670743841812008 -42.3125 -64.5 3.54042765844006 13 
0004 0007 8 1670743841819596 -87.875 -70.0 0.3436116964863836 13 
0004 0004 1 1670743842053436 -39.0 -71.0 5.66959299202533 13 
0004 0000 2 1670743842116410 -120.4375 -67.5 4.522175362686871 13 
0004 0004 3 1670743842174094 211.5625 -69.5 1.6751070203711202 13 
0004 0014 4 1670743842216149 -3.25 -68.0 6.074563920027139 13 
0004 0002 4 1670743842239611 -39.0 -73.0 4.466952054322987 13 
0004 0015 4 1670743842240572 -94.375 -72.5 5.706408530934585 13 
0004 0015 5 1670743842282771 -139.9375 -68.5 4.1172044346850605 13 
0004 0000 5 1670743842287355 9.75 -63.0 1.1167380135807468 13 
0004 0004 5 1670743842291175 0.0 -65.5 0.8528933180644165 13 
0004 0007 5 1670743842292840 52.0625 -67.5 2.12916533358527 13 
0004 0014 5 1670743842295906 6.5 -61.0 5.829126993965437 13 
0004 0009 5 1670743842297816 6.5 -55.0 0.6320000846088841 13 
0004 0011 5 1670743842299387 52.0625 -65.0 3.7551849687440497 13 
0004 0005 5 1670743842302030 -91.125 -64.5 3.816544200259475 13 
0004 0008 5 1670743842304489 -3.25 -66.5 0.2761165418194154 13 
0004 0003 5 1670743842322840 -39.0 -73.0 0.705631162427395 13 
0004 0002 6 1670743842357750 -32.5 -72.5 0.48473792897186263 13 
0004 0015 6 1670743842358653 39.0 -65.5 5.418020142812084 13 
0004 0014 6 1670743842359867 0.0 -62.0 5.724816300389213 13 
0004 0007 6 1670743842361120 -19.5 -65.5 4.325825821837508 13 
0004 0011 6 1670743842368902 -34.9375 -61.5 4.81056375080937 13 
0004 0000 6 1670743842371536 -32.5 -66.0 3.3440781175906977 13 
0004 0004 6 1670743842374865 16.25 -64.0 3.7429131224409646 13 
0004 0008 6 1670743842379294 16.25 -66.5 3.1968159619536762 13 
0004 0010 6 1670743842380232 -48.8125 -69.5 2.9513790358919736 13 
0004 0009 6 1670743842381914 6.5 -68.0 2.36846633649543 13 
0004 0006 6 1670743842389948 -32.5 -71.0 1.2640001692177683 13 
