0001 0004 1 1670743862591984 126.9375 -68.0 2.3316507975861747 1 
0001 0012 2 1670743862649016 19.5 -67.5 2.1905245651006955 1 
0001 0012 4 1670743862790182 58.5625 -68.5 5.4671075280244255 1 
0001 0013 4 1670743862804774 87.875 -67.5 0.28838838812250056 1 
0001 0004 5 1670743862835935 29.25 -57.5 1.8530487917658545 1 
0001 0014 5 1670743862836871 -32.5 -64.0 5.773903685601553 1 
0001 0009 5 1670743862841719 58.5625 -63.0 2.055534255766759 1 
0001 0007 5 1670743862842908 0.0 -66.5 1.509437095279471 1 
0001 0015 5 1670743862847656 6.5 -65.5 1.2210487071569704 1 
0001 0013 5 1670743862855496 32.5 -60.0 1.932815792735908 1 
0001 0012 5 1670743862858600 6.5 -53.5 5.307573526084319 1 
0001 0011 5 1670743862860033 61.8125 -70.0 5.988660995905543 1 
0001 0005 5 1670743862861678 52.0625 -68.5 4.540583132141498 1 
0001 0008 5 1670743862888890 -159.5 -72.0 3.2581751934691017 1 
0001 0009 6 1670743862927150 6.5 -51.0 2.073942025221387 1 
0001 0006 6 1670743862931004 -71.5625 -66.5 0.34974761963792617 1 
0001 0004 6 1670743862932676 26.0 -58.0 1.6321555583103222 1 
0001 0012 6 1670743862936272 -19.5 -61.0 4.000621894805752 1 
0001 0010 6 1670743862944206 10.5625 -56.0 1.5830681730979816 1 
0001 0005 6 1670743862947117 19.5 -63.0 1.2087768608538851 1 
0001 0003 6 1670743862954656 123.6875 -73.5 2.3930100291016 1 
0001 0008 6 1670743862955797 6.5 -67.0 3.4606606574700063 1 
0001 0015 6 1670743862957936 -3.25 -59.5 0.2270291566070749 1 
0001 0013 6 1670743862966236 -16.25 -54.5 5.197126909356553 1 
0001 0011 6 1670743862968349 -45.5625 -64.5 0.28225246497095796 1 
0001 0013 7 1670743863005968 -9.75 -68.0 1.2946797849754812 1 
0001 0007 7 1670743863014383 -68.3125 -65.0 2.356194490192345 1 
0001 0009 7 1670743863015364 -110.625 -68.0 4.147884050442774 1 
0001 0005 7 1670743863018479 6.5 -63.0 0.9756117810952678 1 
0001 0004 7 1670743863055654 -87.875 -68.5 3.067961575771282 1 
0001 0004 8 1670743863109547 19.5 -68.0 4.681709364626977 1 
0001 0013 8 1670743863135590 78.0625 -71.0 1.8039614065535141 1 
0001 0007 8 1670743863141873 -71.5625 -70.0 0.2454369260617026 1 
0001 0004 1 1670743863391184 -42.3125 -68.0 2.405281875404685 1 
0001 0012 2 1670743863448697 71.5625 -68.0 1.7241944055834606 1 
0001 0012 4 1670743863606158 -6.5 -69.0 5.5714182216006485 1 
0001 0013 4 1670743863615481 29.25 -68.0 0.4908738521234052 1 
0001 0013 5 1670743863679639 48.8125 -60.0 1.9941750242513334 1 
0001 0009 5 1670743863687499 48.8125 -62.5 2.3071071049800045 1 
0001 0004 5 1670743863690876 29.25 -57.5 2.061670178918302 1 
0001 0014 5 1670743863694251 78.0625 -65.0 5.602097837358362 1 
0001 0005 5 1670743863701199 -3.25 -68.0 4.718524903536232 1 
0001 0015 5 1670743863707268 16.25 -66.0 1.184233168247715 1 
0001 0011 5 1670743863709421 -29.25 -72.0 0.3129320807286708 1 
0001 0007 5 1670743863710628 42.3125 -67.0 1.521708941582556 1 
0001 0012 5 1670743863711610 -58.5625 -53.5 5.460971604872882 1 
0001 0008 5 1670743863727543 130.1875 -71.5 3.2090878082567613 1 
0001 0010 6 1670743863778724 -10.5625 -56.0 1.736466251886546 1 
0001 0004 6 1670743863786467 -16.25 -57.5 1.902136176978195 1 
0001 0005 6 1670743863787645 42.3125 -63.0 1.1658253987930873 1 
0001 0015 6 1670743863791276 32.5 -59.5 0.1902136176978195 1 
0001 0012 6 1670743863795055 -48.8125 -61.0 4.0987966652304335 1 
0001 0009 6 1670743863797459 0.0 -51.0 2.2457478734645786 1 
0001 0003 6 1670743863799149 48.8125 -73.5 2.6200391857086753 1 
0001 0011 6 1670743863803314 -19.5 -65.0 0.2945243112740431 1 
0001 0013 6 1670743863810107 9.75 -54.5 5.178719139901925 1 
0001 0006 6 1670743863816251 -3.25 -66.5 0.3620194659410113 1 
0001 0008 6 1670743863820559 -55.3125 -67.5 3.761320891895592 1 
0001 0005 7 1670743863863333 -3.25 -63.0 0.8222137023067037 1 
0001 0009 7 1670743863871975 45.5625 -68.5 4.0987966652304335 1 
0001 0013 7 1670743863889390 -68.3125 -68.5 1.0799224746714913 1 
0001 0007 7 1670743863903138 -113.875 -64.0 2.3071071049800045 1 
0001 0004 7 1670743863916620 -94.375 -70.5 3.2397674240144743 1 
0001 0007 8 1670743863964056 -39.0 -70.5 0.1043106935762236 1 
0001 0015 8 1670743863964979 84.625 -72.0 3.6447383520162835 1 
0001 0004 8 1670743863965883 3.25 -67.5 4.700117134081604 1 
0001 0013 8 1670743863978428 -42.3125 -70.0 1.8653206380689396 1 
0001 0004 1 1670743864230084 65.0625 -67.0 2.3746022596469727 1 
0001 0012 2 1670743864300899 74.8125 -70.0 1.9144080232812801 1 
0001 0012 4 1670743864418310 -97.625 -68.5 5.6941366846315 1 
0001 0012 5 1670743864475494 13.0 -53.5 5.6941366846315 1 
0001 0008 5 1670743864476698 22.75 -67.5 3.3502140407422405 1 
0001 0013 5 1670743864479096 100.875 -64.5 2.454369260617026 1 
0001 0007 5 1670743864483389 -32.5 -67.5 1.1106020904292042 1 
0001 0004 5 1670743864487340 58.5625 -57.5 2.1537090261914402 1 
0001 0005 5 1670743864501190 -84.625 -70.5 4.442408361716817 1 
0001 0015 5 1670743864502140 -68.3125 -69.0 0.8528933180644165 1 
0001 0009 5 1670743864505533 16.25 -62.5 0.859029241215959 1 
0001 0003 6 1670743864560521 22.75 -69.0 2.9820586516496865 1 
0001 0009 6 1670743864562658 -9.75 -53.0 1.0676506283684062 1 
0001 0010 6 1670743864563578 -9.75 -59.5 0.1043106935762236 1 
0001 0005 6 1670743864568066 16.25 -59.0 1.1474176293384597 1 
0001 0008 6 1670743864573325 19.5 -65.0 1.932815792735908 1 
0001 0004 6 1670743864575460 -9.75 -64.0 0.7363107781851077 1 
0001 0007 6 1670743864578336 6.5 -66.0 3.104777114680538 1 
0001 0015 6 1670743864580261 6.5 -63.0 5.307573526084319 1 
0001 0013 6 1670743864584214 -6.5 -54.5 4.828971520263998 1 
0001 0011 6 1670743864590199 3.25 -60.5 1.141281706186917 1 
0001 0000 6 1670743864593049 -81.375 -75.5 6.031612457966341 1 
0001 0006 6 1670743864595328 172.5 -71.5 2.141437179888355 1 
0001 0012 6 1670743864597498 -71.5625 -71.0 2.5402721847386216 1 
0001 0015 7 1670743864632460 52.0625 -68.0 2.2334760271614935 1 
0001 0005 7 1670743864641269 117.125 -64.0 5.056000676871073 1 
0001 0007 7 1670743864642940 -35.75 -61.0 5.71868037723767 1 
0001 0007 8 1670743864744588 16.25 -68.5 2.6568547246179306 1 
0001 0004 1 1670743864991009 -16.25 -70.5 0.7424467013366504 1 
0001 0004 5 1670743865227474 71.5625 -60.5 0.1349903093339364 1 
0001 0006 5 1670743865232341 -100.875 -67.5 5.71868037723767 1 
0001 0008 5 1670743865233264 146.4375 -70.0 2.043262409463674 1 
0001 0005 5 1670743865247976 -175.75 -70.0 6.080699843178682 1 
0001 0015 5 1670743865257940 13.0 -68.0 4.914874444385594 1 
0001 0006 6 1670743865310931 68.3125 -68.5 1.8960002538266525 1 
0001 0014 6 1670743865329788 71.5625 -72.5 2.8286605728611223 1 
0001 0005 7 1670743865358438 6.5 -62.0 3.7551849687440497 1 
0001 0007 7 1670743865391338 48.8125 -70.0 5.632777453116074 1 
0001 0015 5 1670743865949415 -107.375 -66.5 5.835262917116979 1 
0001 0004 5 1670743865951536 -22.75 -63.5 5.418020142812084 1 
0001 0006 5 1670743865968231 -6.5 -70.0 0.4049709280018093 1 
0001 0005 5 1670743865969183 -61.8125 -67.5 4.700117134081604 1 
0001 0006 6 1670743866021331 29.25 -67.5 2.2027964114037806 1 
0001 0014 6 1670743866024376 -87.875 -71.0 3.6570101983193686 1 
0001 0015 6 1670743866040647 -45.5625 -70.5 5.111223985234957 1 
0001 0005 7 1670743866077484 42.3125 -59.0 4.111068511533518 1 
0001 0015 7 1670743866092540 -78.0625 -70.5 0.8651651643675016 1 
0001 0005 8 1670743866167634 -110.625 -72.0 2.564815877344792 1 
0001 0005 5 1670743866697654 55.3125 -66.5 4.589670517353839 1 
0001 0004 5 1670743866702894 9.75 -63.5 5.006913291658733 1 
0001 0015 5 1670743866711119 91.125 -65.0 5.565282298449106 1 
0001 0006 5 1670743866714691 -42.3125 -69.0 0.5645049299419159 1 
0001 0006 6 1670743866770785 29.25 -66.5 2.184388641949153 1 
0001 0015 6 1670743866779241 -71.5625 -69.0 4.9823695990525625 1 
0001 0014 6 1670743866787499 26.0 -71.0 3.730641276137879 1 
0001 0015 7 1670743866836339 42.3125 -71.0 0.7792622402459057 1 
0001 0005 7 1670743866851557 -9.75 -58.0 4.270602513473625 1 
0001 0005 8 1670743866897488 -3.25 -71.0 2.386874105950058 1 
0001 0006 5 1670743867398406 35.75 -69.5 0.4908738521234052 1 
0001 0004 5 1670743867400292 -45.5625 -64.0 5.013049214810275 1 
0001 0005 5 1670743867406517 -61.8125 -66.0 4.853515212870168 1 
0001 0015 5 1670743867412794 6.5 -65.0 5.730952223540755 1 
0001 0014 6 1670743867453108 16.25 -69.5 3.859495662320273 1 
0001 0006 6 1670743867483470 39.0 -66.5 2.2150682577068657 1 
0001 0015 6 1670743867487410 -45.5625 -70.5 5.2339424482658075 1 
0001 0015 7 1670743867545211 29.25 -70.5 0.9756117810952678 1 
0001 0005 7 1670743867546128 6.5 -58.0 4.215379205109742 1 
