0007 0007 1 1670743872817597 -65.0625 -61.0 3.466796580621549 3 
0007 0005 1 1670743872828524 -3.25 -56.5 4.28287435977671 3 
0007 0001 1 1670743872829471 45.5625 -68.5 5.577554144752192 3 
0007 0015 1 1670743872832376 97.625 -71.5 5.160311370447297 3 
0007 0015 2 1670743872885121 -94.375 -71.0 5.43029198911517 3 
0007 0007 2 1670743872886326 -100.875 -65.5 6.270913460876501 3 
0007 0005 2 1670743872888406 52.0625 -63.0 0.6810874698212247 3 
0007 0001 2 1670743872894535 -97.625 -66.5 4.614214209960009 3 
0007 0004 3 1670743872947304 3.25 -58.5 1.000155473701438 3 
0007 0005 4 1670743873015073 61.8125 -68.5 1.533980787885641 3 
0007 0005 7 1670743873271833 -45.5625 -66.5 3.706097583531709 3 
0007 0014 7 1670743873272809 -29.25 -68.0 0.9878836273983529 3 
0007 0006 7 1670743873273956 -81.375 -70.0 0.2945243112740431 3 
0007 0004 7 1670743873281028 -76.4375 -62.5 5.148039524144211 3 
0007 0007 7 1670743873301948 104.125 -69.5 1.607611865704152 3 
0007 0015 8 1670743873364182 -3.25 -65.0 4.0987966652304335 3 
0007 0004 8 1670743873366376 7.3125 -56.5 5.810719224510809 3 
0007 0008 8 1670743873367571 -130.1875 -71.5 3.153864499892878 3 
0007 0014 8 1670743873370854 48.8125 -70.5 2.6384469551633027 3 
0007 0005 8 1670743873374494 39.0 -61.0 1.8653206380689396 3 
0007 0001 8 1670743873375696 -17.0625 -72.0 1.4726215563702154 3 
0007 0006 8 1670743873380823 32.5 -65.5 0.5583690067903734 3 
0007 0000 8 1670743873403481 -26.0 -76.0 0.1595340019401067 3 
0007 0007 1 1670743873636302 6.5 -61.0 3.3011266555298997 3 
0007 0005 1 1670743873643367 -48.8125 -56.5 4.319689898685965 3 
0007 0015 1 1670743873646116 -130.1875 -71.5 5.553010452146021 3 
0007 0001 1 1670743873656417 -73.1875 -68.5 5.737088146692298 3 
0007 0001 2 1670743873689584 -30.875 -69.5 4.09266074207889 3 
0007 0007 2 1670743873692396 -39.0 -65.5 6.0991076126333095 3 
0007 0005 2 1670743873697395 55.3125 -64.0 0.6135923151542565 3 
0007 0015 2 1670743873738717 91.125 -69.5 5.424156065963627 3 
0007 0004 3 1670743873788268 -6.5 -59.0 1.055378782065321 3 
0007 0005 3 1670743873801401 -237.5625 -71.5 5.553010452146021 3 
0007 0005 4 1670743873878291 32.5 -68.5 1.5033011721279284 3 
0007 0007 7 1670743874120388 16.25 -70.5 1.7303303287350031 3 
0007 0004 7 1670743874127520 -45.5625 -62.5 4.957825906446392 3 
0007 0005 7 1670743874141926 13.0 -65.5 3.479068426924634 3 
0007 0014 7 1670743874144683 3.25 -66.5 0.9572040116406401 3 
0007 0015 8 1670743874230925 -22.75 -65.0 4.080388895775806 3 
0007 0014 8 1670743874233103 22.75 -70.0 2.675262494072558 3 
0007 0006 8 1670743874236395 42.3125 -66.0 0.4724660826687775 3 
0007 0005 8 1670743874239677 39.0 -61.0 1.7671458676442586 3 
0007 0004 8 1670743874246970 -17.0625 -56.5 5.755495916146925 3 
0007 0001 8 1670743874248031 -17.0625 -71.0 1.2455923997631406 3 
0007 0008 8 1670743874249495 29.25 -68.5 2.6691265709210157 3 
0007 0000 8 1670743874266422 175.75 -75.5 0.06135923151542565 3 
0007 0007 1 1670743874498393 -9.75 -61.5 3.4054373491061236 3 
0007 0001 1 1670743874503503 -76.4375 -68.5 5.700272607783043 3 
0007 0005 1 1670743874504450 9.75 -56.5 4.227651051412827 3 
0007 0015 1 1670743874509215 -195.25 -71.5 5.473243451175968 3 
0007 0007 2 1670743874571815 110.625 -66.0 5.9088939949354895 3 
0007 0005 2 1670743874574517 -13.0 -64.5 0.607456392002714 3 
0007 0015 2 1670743874578844 -6.5 -70.5 5.375068680751287 3 
0007 0001 2 1670743874583056 3.25 -67.0 4.460816131171445 3 
0007 0004 3 1670743874649371 10.5625 -58.5 1.0983302441261191 3 
0007 0005 3 1670743874666605 94.375 -70.0 5.270757987175063 3 
0007 0005 4 1670743874718069 3.25 -68.5 1.6260196351587797 3 
0007 0004 7 1670743874989470 62.625 -62.5 4.853515212870168 3 
0007 0005 7 1670743874999752 16.25 -66.0 3.5588354278946874 3 
0007 0006 7 1670743875006295 52.0625 -69.5 6.252505691421874 3 
0007 0007 7 1670743875008604 35.75 -71.0 1.4664856332186729 3 
0007 0014 7 1670743875013527 -26.0 -67.5 0.9203884727313847 3 
0007 0014 8 1670743875088260 16.25 -70.0 2.779573187648782 3 
0007 0004 8 1670743875089471 7.3125 -56.5 5.743224069843841 3 
0007 0008 8 1670743875090668 104.125 -71.0 2.60776733940559 3 
0007 0005 8 1670743875095293 22.75 -61.5 1.859184714917397 3 
0007 0015 8 1670743875098350 16.25 -65.0 4.080388895775806 3 
0007 0006 8 1670743875112333 -32.5 -66.5 0.6442719309119693 3 
0007 0001 8 1670743875117019 59.375 -70.0 1.3192234775816514 3 
0007 0000 8 1670743875117967 65.0625 -76.5 0.04908738521234052 3 
0007 0007 1 1670743875340108 -16.25 -55.5 2.9084275738311756 3 
0007 0004 1 1670743875341778 65.875 -65.0 1.0246991663076084 3 
0007 0010 1 1670743875347169 -27.625 -67.0 1.8223691760081417 3 
0007 0005 1 1670743875352874 22.75 -55.5 4.111068511533518 3 
0007 0001 1 1670743875354301 7.3125 -69.5 6.068427996875596 3 
0007 0014 1 1670743875368468 -35.75 -71.5 0.9019807032767571 3 
0007 0005 2 1670743875412317 -19.5 -61.5 3.497476196379262 3 
0007 0015 2 1670743875414298 -133.4375 -67.0 4.7307967498393175 3 
0007 0001 2 1670743875415257 -30.875 -64.0 4.595806440505381 3 
0007 0004 2 1670743875419176 34.9375 -68.5 4.6448938257177215 3 
0007 0007 2 1670743875420079 -3.25 -59.0 3.2949907323783574 3 
0007 0006 2 1670743875426219 -120.4375 -66.5 1.9696313316451632 3 
0007 0010 2 1670743875438390 -69.125 -70.0 4.816699673960914 3 
0007 0004 3 1670743875507557 -58.5625 -62.5 5.688000761479957 3 
0007 0001 3 1670743875515213 267.6875 -70.5 3.043417883165112 3 
0007 0015 3 1670743875522182 -39.0 -63.0 4.356505437595221 3 
0007 0005 3 1670743875524503 -16.25 -66.0 3.3318062712876126 3 
0007 0014 3 1670743875526050 162.75 -68.0 3.2888548092268146 3 
0007 0015 4 1670743875577469 45.5625 -66.5 0.6565437772150544 3 
0007 0005 4 1670743875592070 -39.0 -72.5 1.6935147898257479 3 
0007 0004 6 1670743875722997 3.25 -68.0 0.5092816215780329 3 
0007 0010 6 1670743875724427 -27.625 -63.0 5.957981380147831 3 
0007 0006 6 1670743875735345 100.875 -71.0 1.6935147898257479 3 
0007 0006 7 1670743875791316 65.0625 -61.5 2.018718716857504 3 
0007 0007 7 1670743875794179 -107.375 -64.0 3.466796580621549 3 
0007 0015 7 1670743875798004 35.75 -63.5 1.2517283229146832 3 
0007 0005 7 1670743875799952 -22.75 -64.5 4.614214209960009 3 
0007 0004 7 1670743875801361 24.375 -57.5 1.9696313316451632 3 
0007 0010 7 1670743875804691 -55.3125 -69.5 2.043262409463674 3 
0007 0014 7 1670743875811986 -22.75 -62.0 3.000466421104314 3 
0007 0010 8 1670743875859185 -34.9375 -64.0 3.2336315008629315 3 
0007 0007 8 1670743875860331 6.5 -68.5 6.1850105367549055 3 
0007 0001 8 1670743875862002 21.125 -70.0 5.418020142812084 3 
0007 0009 8 1670743875864755 55.3125 -64.5 0.34974761963792617 3 
0007 0014 8 1670743875865730 -19.5 -62.5 3.522019888985432 3 
0007 0004 8 1670743875869286 0.0 -61.5 3.2213596545598464 3 
0007 0015 8 1670743875870253 -16.25 -58.5 4.362641360746763 3 
0007 0013 8 1670743875876149 39.0 -64.5 1.7119225592803755 3 
0007 0005 8 1670743875887324 3.25 -67.0 0.9387962421860124 3 
0007 0006 8 1670743875888334 78.0625 -66.0 6.050020227420969 3 
0007 0011 1 1670743876106912 26.0 -66.5 2.718213956133356 3 
0007 0005 1 1670743876108966 -71.5625 -65.0 4.76147636559703 3 
0007 0001 1 1670743876110886 41.5 -69.5 2.5464081078901644 3 
0007 0015 1 1670743876116008 13.0 -65.0 4.338097668140593 3 
0007 0014 1 1670743876121961 -91.125 -67.0 3.2090878082567613 3 
0007 0008 1 1670743876127365 9.75 -58.5 5.8659425328746915 3 
0007 0007 1 1670743876128542 13.0 -56.5 4.767612288748572 3 
0007 0013 1 1670743876131035 -9.75 -62.0 2.650718801466388 3 
0007 0009 1 1670743876132199 13.0 -57.0 6.135923151542564 3 
0007 0003 1 1670743876143828 19.5 -72.5 3.859495662320273 3 
0007 0010 2 1670743876177726 52.0625 -61.0 5.197126909356553 3 
0007 0015 2 1670743876178898 -74.8125 -65.0 0.2454369260617026 3 
0007 0004 2 1670743876185815 55.3125 -64.0 4.374913207049849 3 
0007 0007 2 1670743876186764 91.125 -63.5 0.32520392703175593 3 
0007 0006 2 1670743876192624 -175.75 -68.5 0.030679615757712823 3 
0007 0005 2 1670743876193829 -185.5 -69.5 4.92714629068868 3 
0007 0013 2 1670743876196491 -19.5 -63.0 2.60776733940559 3 
0007 0009 2 1670743876203354 -48.8125 -67.5 1.5278448647340985 3 
0007 0001 2 1670743876209075 -24.375 -69.5 4.473087977474529 3 
0007 0015 3 1670743876261410 -81.375 -67.0 5.117359908386499 3 
0007 0005 3 1670743876263834 -120.4375 -64.5 0.22089323345553233 3 
0007 0015 4 1670743876314079 -32.5 -69.0 1.5278448647340985 3 
0007 0007 4 1670743876324501 42.3125 -67.5 1.6751070203711202 3 
0007 0014 5 1670743876377200 -13.0 -66.0 2.429825568010856 3 
0007 0004 5 1670743876396518 -52.0625 -68.5 5.945709533844745 3 
0007 0010 6 1670743876482678 -30.875 -63.5 5.749359992995383 3 
0007 0006 6 1670743876502424 55.3125 -72.5 1.6935147898257479 3 
0007 0005 6 1670743876505940 74.8125 -71.5 5.037592907416445 3 
0007 0007 7 1670743876537321 22.75 -63.0 4.804427827657828 3 
0007 0006 7 1670743876540847 -22.75 -61.5 2.5709518004963345 3 
0007 0015 7 1670743876544647 -32.5 -64.0 0.760854470791278 3 
0007 0012 7 1670743876546088 -81.375 -67.0 5.013049214810275 3 
0007 0014 7 1670743876551468 -55.3125 -63.5 2.742757648739526 3 
0007 0011 7 1670743876552615 113.875 -70.5 0.2086213871524472 3 
0007 0013 7 1670743876554417 39.0 -65.0 0.1349903093339364 3 
0007 0004 7 1670743876556563 6.5 -57.5 0.34974761963792617 3 
0007 0010 7 1670743876572489 38.1875 -68.5 2.816388726558037 3 
0007 0009 8 1670743876599988 -39.0 -67.5 0.5645049299419159 3 
0007 0008 8 1670743876603430 58.5625 -71.5 0.01227184630308513 3 
0007 0011 8 1670743876606794 -16.25 -71.0 5.853670686571607 3 
0007 0013 8 1670743876617623 -3.25 -57.0 3.11091303783208 3 
0007 0004 8 1670743876620333 62.625 -63.0 2.2886993355253766 3 
0007 0014 8 1670743876624398 3.25 -64.0 3.104777114680538 3 
0007 0015 8 1670743876625318 -9.75 -60.5 4.000621894805752 3 
0007 0010 8 1670743876626519 -10.5625 -63.0 2.988194574801229 3 
0007 0006 8 1670743876634549 58.5625 -68.0 1.4726215563702154 3 
0007 0012 8 1670743876635537 39.0 -67.5 1.9512235621905356 3 
0007 0011 1 1670743876866127 -48.8125 -65.5 2.5709518004963345 3 
0007 0008 1 1670743876870845 -19.5 -57.5 5.706408530934585 3 
0007 0007 1 1670743876873178 -42.3125 -56.5 4.724660826687775 3 
0007 0014 1 1670743876876756 -117.125 -67.5 2.9820586516496865 3 
0007 0013 1 1670743876877763 26.0 -60.5 3.5158839658338894 3 
0007 0003 1 1670743876879765 42.3125 -70.5 3.736777199289422 3 
0007 0009 1 1670743876880787 29.25 -61.5 5.3198453723874035 3 
0007 0001 1 1670743876881944 -13.8125 -70.0 2.552544031041707 3 
0007 0015 1 1670743876884280 -26.0 -64.5 4.2031073588066565 3 
0007 0005 1 1670743876886162 -68.3125 -64.0 4.669437518323892 3 
0007 0012 1 1670743876891341 -22.75 -73.5 2.8838838812250054 3 
0007 0010 2 1670743876915918 -3.25 -62.5 4.71238898038469 3 
0007 0001 2 1670743876918951 -90.3125 -70.5 3.4606606574700063 3 
0007 0007 2 1670743876924263 16.25 -63.0 5.681864838328415 3 
0007 0004 2 1670743876925168 17.0625 -63.5 3.902447124381071 3 
0007 0013 2 1670743876926995 -32.5 -62.5 3.479068426924634 3 
0007 0005 2 1670743876931248 16.25 -69.5 3.6815538909255388 3 
0007 0006 2 1670743876933614 162.75 -67.5 5.037592907416445 3 
0007 0015 2 1670743876934903 35.75 -66.5 6.178874613603362 3 
0007 0015 3 1670743876984653 -104.125 -68.0 5.056000676871073 3 
0007 0005 3 1670743876997282 35.75 -64.5 0.5645049299419159 3 
0007 0001 3 1670743876998371 -133.4375 -71.0 4.792155981354743 3 
0007 0007 4 1670743877039617 9.75 -69.0 1.748738098189631 3 
0007 0015 4 1670743877053003 91.125 -70.0 1.141281706186917 3 
0007 0014 5 1670743877097852 -136.6875 -67.0 2.356194490192345 3 
0007 0010 6 1670743877157470 27.625 -64.5 5.884350302329319 3 
0007 0005 6 1670743877178520 6.5 -70.5 5.221670601962723 3 
0007 0012 7 1670743877226503 -78.0625 -63.0 5.221670601962723 3 
0007 0006 7 1670743877230650 16.25 -61.5 2.337786720737717 3 
0007 0007 7 1670743877232308 26.0 -63.0 4.828971520263998 3 
0007 0013 7 1670743877236119 -19.5 -62.5 0.3988350048502667 3 
0007 0014 7 1670743877242577 68.3125 -64.0 2.5280003384355365 3 
0007 0004 7 1670743877244587 -45.5625 -58.0 5.93343768754166 3 
0007 0015 7 1670743877257499 58.5625 -63.5 0.5706408530934585 3 
0007 0010 7 1670743877267203 30.875 -69.0 2.3193789512830896 3 
0007 0011 7 1670743877274461 45.5625 -70.0 0.2638446955163303 3 
0007 0010 8 1670743877299003 -30.875 -63.5 2.9513790358919736 3 
0007 0012 8 1670743877309645 -13.0 -63.5 2.6323110320117604 3 
0007 0014 8 1670743877313436 -45.5625 -64.0 3.074097498922825 3 
0007 0013 8 1670743877314386 -16.25 -56.5 3.3011266555298997 3 
0007 0009 8 1670743877317306 -16.25 -68.0 0.15339807878856412 3 
0007 0015 8 1670743877319444 9.75 -60.5 4.0128937411088375 3 
0007 0004 8 1670743877324975 -6.5 -61.0 1.88986433067511 3 
0007 0011 8 1670743877328946 45.5625 -71.0 5.66959299202533 3 
0007 0008 8 1670743877330111 29.25 -69.0 6.178874613603362 3 
0007 0006 8 1670743877331286 45.5625 -68.0 0.4172427743048944 3 
0007 0009 1 1670743877551414 -19.5 -62.0 5.154175447295755 3 
0007 0015 1 1670743877554287 -42.3125 -63.5 4.276738436625168 3 
0007 0007 1 1670743877556411 22.75 -56.5 4.430136515413731 3 
0007 0011 1 1670743877558287 -81.375 -66.0 2.429825568010856 3 
0007 0003 1 1670743877559279 55.3125 -70.0 3.785864584501762 3 
0007 0001 1 1670743877561781 -62.625 -71.0 2.3623304133438876 3 
0007 0014 1 1670743877562745 -42.3125 -67.0 2.9575149590435164 3 
0007 0008 1 1670743877564417 9.75 -57.5 5.436427912266712 3 
0007 0005 1 1670743877565411 -32.5 -64.5 4.454680208019902 3 
0007 0013 1 1670743877570962 -6.5 -61.0 3.736777199289422 3 
0007 0012 1 1670743877571928 -172.5 -70.5 3.6324665057131984 3 
0007 0005 2 1670743877596291 -48.8125 -67.5 3.6079228131070282 3 
0007 0010 2 1670743877600081 -34.9375 -61.5 4.626486056263094 3 
0007 0004 2 1670743877603381 -83.0 -62.5 4.080388895775806 3 
0007 0015 2 1670743877606392 -16.25 -67.0 0.0 3 
0007 0001 2 1670743877609196 -117.125 -70.0 3.6201946594101133 3 
0007 0007 2 1670743877610398 -107.375 -63.5 5.7616318392984684 3 
0007 0013 2 1670743877611617 -29.25 -61.5 3.8717675086233583 3 
0007 0006 2 1670743877613401 74.8125 -68.0 4.988505522204105 3 
0007 0015 3 1670743877676646 -16.25 -68.5 4.92714629068868 3 
0007 0005 3 1670743877680177 -6.5 -64.5 0.8897088569736719 3 
0007 0001 3 1670743877715890 -145.625 -70.0 4.914874444385594 3 
0007 0007 4 1670743877752198 9.75 -68.0 1.7548740213411735 3 
