0007 0001 1 1670743883977346 34.9375 -70.0 5.264622064023521 3 
0007 0007 1 1670743883978817 29.25 -60.5 2.8777479580734626 3 
0007 0005 1 1670743883979807 -22.75 -58.0 3.9699422790480394 3 
0007 0007 2 1670743884025927 0.0 -64.0 6.264777537724958 3 
0007 0005 2 1670743884026852 35.75 -64.5 0.4295146206079795 3 
0007 0001 2 1670743884037554 73.1875 -67.5 3.9638063558964967 3 
0007 0014 3 1670743884111933 -374.3125 -71.0 6.22182607566416 3 
0007 0004 3 1670743884116276 -34.9375 -59.0 1.1044661672776617 3 
0007 0004 4 1670743884182330 -32.5 -73.5 3.2888548092268146 3 
0007 0005 4 1670743884184950 16.25 -68.5 1.662835174068035 3 
0007 0004 7 1670743884413196 10.5625 -59.0 5.197126909356553 3 
0007 0005 7 1670743884418274 -16.25 -64.5 3.9576704327449543 3 
0007 0006 7 1670743884443440 -6.5 -71.0 0.25157284921324513 3 
0007 0004 8 1670743884501710 -21.125 -57.5 0.07976700097005335 3 
0007 0015 8 1670743884504813 3.25 -66.5 3.8963112012295285 3 
0007 0001 8 1670743884505747 201.8125 -70.5 0.47860200582032003 3 
0007 0006 8 1670743884508888 -16.25 -67.0 1.3560390164909069 3 
0007 0005 8 1670743884513689 26.0 -60.5 2.000310947402876 3 
0007 0000 8 1670743884526065 -35.75 -77.0 0.03681553890925539 3 
0007 0007 1 1670743884750715 -39.0 -60.5 3.000466421104314 3 
0007 0005 1 1670743884755132 22.75 -58.5 3.9392626632903265 3 
0007 0001 1 1670743884765516 21.125 -71.0 5.246214294568893 3 
0007 0007 2 1670743884803464 55.3125 -64.5 6.080699843178682 3 
0007 0005 2 1670743884809213 3.25 -64.0 0.5583690067903734 3 
0007 0001 2 1670743884813252 65.875 -65.5 4.104932588381976 3 
0007 0004 3 1670743884906621 -3.25 -59.5 1.0615147052168636 3 
0007 0004 4 1670743884963901 -55.3125 -72.5 3.147728576741336 3 
0007 0005 4 1670743884984241 35.75 -68.0 1.6260196351587797 3 
0007 0004 7 1670743885212125 17.0625 -59.0 5.221670601962723 3 
0007 0005 7 1670743885219491 -78.0625 -65.5 3.933126740138784 3 
0007 0006 7 1670743885237683 68.3125 -69.0 0.02454369260617026 3 
0007 0004 8 1670743885298929 -21.125 -57.5 0.11658253987930872 3 
0007 0015 8 1670743885301009 -65.0625 -66.5 3.9392626632903265 3 
0007 0005 8 1670743885304805 26.0 -60.5 2.000310947402876 3 
0007 0006 8 1670743885310454 117.125 -67.5 1.184233168247715 3 
0007 0001 8 1670743885324240 83.0 -71.0 0.5338253141842031 3 
0007 0005 1 1670743885565633 22.75 -58.0 3.9392626632903265 3 
0007 0007 1 1670743885568010 39.0 -61.0 2.988194574801229 3 
0007 0001 1 1670743885582732 -13.8125 -70.0 5.45483568172134 3 
0007 0007 2 1670743885610193 -6.5 -64.0 0.25157284921324513 3 
0007 0005 2 1670743885615309 0.0 -63.5 0.3313398501832985 3 
0007 0001 2 1670743885627398 -93.5625 -67.5 4.289010282928253 3 
0007 0015 2 1670743885655350 9.75 -70.5 4.620350133111551 3 
0007 0014 3 1670743885706429 -335.25 -71.5 0.2454369260617026 3 
0007 0004 3 1670743885711919 34.9375 -59.0 1.0676506283684062 3 
0007 0004 4 1670743885770924 -107.375 -73.5 3.380893656499953 3 
0007 0005 4 1670743885798593 68.3125 -68.0 1.5830681730979816 3 
0007 0004 7 1670743885997343 -55.3125 -59.0 5.270757987175063 3 
0007 0005 7 1670743886019704 -65.0625 -65.5 3.8840393549264434 3 
0007 0006 7 1670743886026792 -48.8125 -69.0 0.23316507975861744 3 
0007 0015 8 1670743886070956 -22.75 -67.0 3.902447124381071 3 
0007 0006 8 1670743886075936 104.125 -67.0 1.141281706186917 3 
0007 0004 8 1670743886085914 -3.25 -57.5 0.04908738521234052 3 
0007 0005 8 1670743886095690 -13.0 -60.5 1.9880391010997909 3 
0007 0001 8 1670743886103081 7.3125 -71.0 0.4970097752749477 3 
0007 0000 8 1670743886105339 136.6875 -76.5 6.252505691421874 3 
0007 0005 1 1670743886326384 -22.75 -57.5 3.933126740138784 3 
0007 0007 1 1670743886327759 -74.8125 -61.0 3.1968159619536762 3 
0007 0001 1 1670743886353317 -111.4375 -70.5 5.497787143782138 3 
0007 0007 2 1670743886388262 120.4375 -64.0 0.04908738521234052 3 
0007 0005 2 1670743886395986 -13.0 -64.5 0.2761165418194154 3 
0007 0001 2 1670743886402492 -45.5625 -66.5 4.466952054322987 3 
0007 0004 3 1670743886470229 17.0625 -61.5 0.8467573949128739 3 
0007 0004 7 1670743886735963 -3.25 -59.0 5.240078371417351 3 
0007 0007 7 1670743886739735 -26.0 -62.5 5.737088146692298 3 
0007 0014 7 1670743886740683 16.25 -60.5 3.472932503773092 3 
0007 0010 7 1670743886743399 -59.375 -68.5 1.6751070203711202 3 
0007 0011 7 1670743886749191 0.0 -67.5 5.553010452146021 3 
0007 0015 7 1670743886757152 91.125 -69.5 1.8837284075235674 3 
0007 0005 7 1670743886769655 117.125 -67.5 2.36846633649543 3 
0007 0001 8 1670743886797124 -21.125 -66.5 4.25833066717054 3 
0007 0009 8 1670743886807599 -29.25 -70.5 4.804427827657828 3 
0007 0004 8 1670743886815895 0.0 -62.5 1.7548740213411735 3 
0007 0010 8 1670743886819155 34.9375 -62.5 3.5833791205008576 3 
0007 0014 8 1670743886820033 61.8125 -63.5 1.0799224746714913 3 
0007 0011 8 1670743886820996 29.25 -70.5 1.8530487917658545 3 
0007 0005 8 1670743886821914 16.25 -59.5 3.356349963893783 3 
0007 0015 8 1670743886823060 -13.0 -58.0 5.086680292628786 3 
0007 0000 8 1670743886829600 29.25 -73.5 1.214912784005428 3 
0007 0009 1 1670743887049721 6.5 -65.0 4.196971435655114 3 
0007 0007 1 1670743887051070 -13.0 -55.5 5.21553467881118 3 
0007 0008 1 1670743887056277 182.25 -67.5 4.4976316700806995 3 
0007 0015 1 1670743887057507 -74.8125 -63.0 3.8963112012295285 3 
0007 0003 1 1670743887066130 29.25 -70.0 4.123340357836604 3 
0007 0014 1 1670743887067050 -48.8125 -62.5 2.3071071049800045 3 
0007 0010 1 1670743887069347 74.8125 -69.5 3.7551849687440497 3 
0007 0011 1 1670743887074772 -169.25 -72.0 2.6261751088602177 3 
0007 0001 1 1670743887076124 21.125 -68.5 2.2518837966161214 3 
0007 0005 2 1670743887106872 13.0 -57.5 1.043106935762236 3 
0007 0015 2 1670743887110362 152.9375 -62.5 5.289165756629691 3 
0007 0010 2 1670743887115792 -38.1875 -62.0 4.804427827657828 3 
0007 0007 2 1670743887118265 42.3125 -63.0 1.368310862793992 3 
0007 0011 2 1670743887121167 -6.5 -69.5 5.546874528994478 3 
0007 0004 2 1670743887122662 10.5625 -64.5 4.589670517353839 3 
0007 0006 2 1670743887123584 -71.5625 -70.0 4.994641445355648 3 
0007 0014 2 1670743887124534 58.5625 -63.5 5.988660995905543 3 
0007 0013 2 1670743887127310 16.25 -72.0 0.3190680038802134 3 
0007 0001 2 1670743887130556 73.1875 -68.0 4.387185053352934 3 
0007 0005 3 1670743887166611 22.75 -68.5 0.9142525495798421 3 
0007 0015 3 1670743887186787 32.5 -70.5 5.019185137961818 3 
0007 0007 4 1670743887242174 -52.0625 -67.5 1.9573594853420782 3 
0007 0015 4 1670743887245707 -78.0625 -71.0 1.2517283229146832 3 
0007 0004 5 1670743887298887 34.9375 -70.5 0.4295146206079795 3 
0007 0014 5 1670743887302059 -58.5625 -67.5 1.533980787885641 3 
0007 0010 6 1670743887361466 10.5625 -64.0 5.651185222570702 3 
0007 0005 6 1670743887379807 26.0 -71.5 5.381204603902829 3 
0007 0006 6 1670743887381054 152.9375 -69.0 1.6137477888556946 3 
0007 0012 7 1670743887406194 -84.625 -66.0 4.362641360746763 3 
0007 0004 7 1670743887408458 52.0625 -57.0 5.915029918087033 3 
0007 0015 7 1670743887416668 29.25 -63.0 1.1106020904292042 3 
0007 0006 7 1670743887417643 26.0 -61.5 1.8346410223112268 3 
0007 0014 7 1670743887419301 -16.25 -66.5 1.705786636128833 3 
0007 0013 7 1670743887420238 55.3125 -67.5 5.0253210611133605 3 
0007 0010 7 1670743887424094 -22.75 -68.5 1.902136176978195 3 
0007 0005 7 1670743887427420 -9.75 -70.5 4.221515128261284 3 
0007 0007 7 1670743887430845 32.5 -62.5 4.25833066717054 3 
0007 0011 7 1670743887445522 -13.0 -70.5 0.05522330836388308 3 
0007 0012 8 1670743887476554 104.125 -70.5 1.6382914814618648 3 
0007 0004 8 1670743887479591 -6.5 -63.0 1.509437095279471 3 
0007 0010 8 1670743887483663 3.25 -62.0 2.386874105950058 3 
0007 0013 8 1670743887488239 29.25 -58.5 1.8530487917658545 3 
0007 0015 8 1670743887492075 -26.0 -58.5 3.9269908169872414 3 
0007 0009 8 1670743887504324 94.375 -68.0 6.264777537724958 3 
0007 0006 8 1670743887505302 179.0 -70.0 0.20248546400090464 3 
0007 0011 8 1670743887518973 -58.5625 -71.5 5.792311455056181 3 
0007 0003 1 1670743887736951 -97.625 -71.0 4.178563666200486 3 
0007 0012 1 1670743887740945 45.5625 -74.5 2.9022916506796332 3 
0007 0001 1 1670743887742376 253.875 -71.5 1.3560390164909069 3 
0007 0014 1 1670743887746458 -9.75 -62.0 2.6323110320117604 3 
0007 0011 1 1670743887747406 3.25 -66.0 2.6813984172241008 3 
0007 0008 1 1670743887748344 29.25 -58.0 5.540738605842936 3 
0007 0009 1 1670743887749521 -68.3125 -61.0 5.749359992995383 3 
0007 0007 1 1670743887750440 -29.25 -56.0 4.7860200582032 3 
0007 0015 1 1670743887752702 29.25 -62.5 4.104932588381976 3 
0007 0005 1 1670743887755243 -78.0625 -66.5 4.718524903536232 3 
0007 0013 1 1670743887756803 52.0625 -62.5 2.3439226438892597 3 
0007 0006 1 1670743887775827 -97.625 -72.0 4.509903516383785 3 
0007 0005 2 1670743887810098 42.3125 -62.5 4.663301595172349 3 
0007 0001 2 1670743887811048 149.6875 -71.5 2.779573187648782 3 
0007 0013 2 1670743887812010 9.75 -63.5 2.024854640009046 3 
0007 0010 2 1670743887814176 -48.8125 -61.0 4.755340442445488 3 
0007 0004 2 1670743887815180 -69.125 -62.5 4.135612204139688 3 
0007 0015 2 1670743887816394 39.0 -64.5 5.651185222570702 3 
0007 0014 2 1670743887821460 -84.625 -64.0 0.7669903939428205 3 
0007 0007 2 1670743887824783 -16.25 -64.0 5.792311455056181 3 
0007 0006 2 1670743887826000 29.25 -68.0 5.66959299202533 3 
0007 0015 3 1670743887862889 26.0 -68.5 4.681709364626977 3 
0007 0005 3 1670743887875158 -22.75 -65.0 1.000155473701438 3 
0007 0015 4 1670743887938256 -3.25 -72.0 0.9203884727313847 3 
0007 0007 4 1670743887939149 42.3125 -69.0 1.7426021750380885 3 
0007 0014 5 1670743887985191 19.5 -65.5 1.368310862793992 3 
0007 0010 6 1670743888053283 -7.3125 -64.5 5.737088146692298 3 
0007 0005 6 1670743888058846 0.0 -70.0 5.221670601962723 3 
0007 0006 7 1670743888109655 39.0 -61.0 2.945243112740431 3 
0007 0012 7 1670743888111692 -19.5 -66.5 4.73693267299086 3 
0007 0014 7 1670743888116373 -3.25 -67.5 2.5586799541932495 3 
0007 0013 7 1670743888117325 -19.5 -64.0 5.583690067903734 3 
0007 0004 7 1670743888118271 38.1875 -59.5 6.068427996875596 3 
0007 0015 7 1670743888123245 32.5 -63.5 0.8099418560036186 3 
0007 0010 7 1670743888127477 225.375 -70.5 2.000310947402876 3 
0007 0007 7 1670743888136326 -74.8125 -63.0 4.491495746929157 3 
0007 0005 7 1670743888138352 -29.25 -70.0 3.2949907323783574 3 
0007 0011 7 1670743888150012 -97.625 -70.5 0.48473792897186263 3 
0007 0009 8 1670743888177902 26.0 -69.5 0.11044661672776616 3 
0007 0011 8 1670743888180880 -13.0 -71.0 5.66959299202533 3 
0007 0015 8 1670743888181786 -6.5 -59.0 3.9699422790480394 3 
0007 0013 8 1670743888182709 6.5 -58.0 2.5770877236478773 3 
0007 0004 8 1670743888188794 -34.9375 -65.0 2.2764274892222915 3 
0007 0010 8 1670743888193153 38.1875 -62.5 2.8532042654672924 3 
0007 0008 8 1670743888197369 58.5625 -68.0 5.829126993965437 3 
0007 0006 8 1670743888198544 -74.8125 -68.0 1.6382914814618648 3 
0007 0012 8 1670743888207283 0.0 -67.5 2.2396119503130363 3 
0007 0003 8 1670743888214591 26.0 -76.0 1.0737865515199487 3 
0007 0008 1 1670743888436893 3.25 -57.5 5.289165756629691 3 
0007 0003 1 1670743888440861 -45.5625 -68.0 4.129476280988146 3 
0007 0015 1 1670743888441808 -22.75 -62.5 4.061981126321178 3 
0007 0009 1 1670743888443904 13.0 -62.0 5.043728830567988 3 
0007 0014 1 1670743888445886 9.75 -62.0 2.7120780329818137 3 
0007 0012 1 1670743888447799 -55.3125 -72.5 3.3379421944391554 3 
0007 0001 1 1670743888451891 246.5625 -70.5 1.368310862793992 3 
0007 0006 1 1670743888454022 130.1875 -70.5 4.264466590322082 3 
0007 0013 1 1670743888455029 -26.0 -61.0 2.9820586516496865 3 
0007 0007 1 1670743888456003 6.5 -55.5 4.289010282928253 3 
0007 0011 1 1670743888458714 104.125 -67.0 2.6016314162540475 3 
0007 0005 1 1670743888461293 -71.5625 -69.0 3.9576704327449543 3 
0007 0007 2 1670743888497178 55.3125 -63.5 5.399612373357457 3 
0007 0010 2 1670743888498716 3.25 -60.5 4.430136515413731 3 
0007 0013 2 1670743888504574 -42.3125 -63.5 2.3071071049800045 3 
0007 0001 2 1670743888505522 -367.8125 -69.0 3.442252888015379 3 
0007 0004 2 1670743888506452 -45.5625 -63.0 3.902447124381071 3 
0007 0014 2 1670743888507897 -68.3125 -63.5 0.7976700097005334 3 
0007 0005 2 1670743888510500 -22.75 -61.0 4.534447208989955 3 
0007 0015 2 1670743888511689 -9.75 -65.5 5.8659425328746915 3 
0007 0006 2 1670743888517230 123.6875 -67.0 5.399612373357457 3 
0007 0005 3 1670743888562358 39.0 -64.5 0.9694758579437253 3 
0007 0015 3 1670743888568024 146.4375 -69.0 4.442408361716817 3 
0007 0001 3 1670743888577893 201.8125 -70.0 5.019185137961818 3 
0007 0007 4 1670743888626302 -48.8125 -68.5 1.7548740213411735 3 
0007 0014 5 1670743888677940 110.625 -65.5 1.2087768608538851 3 
0007 0004 6 1670743888752569 -87.0625 -71.0 0.5399612373357456 3 
0007 0010 6 1670743888753530 27.625 -64.5 5.620505606812989 3 
0007 0005 6 1670743888774256 -42.3125 -70.5 5.375068680751287 3 
0007 0011 7 1670743888806909 -19.5 -70.0 0.5706408530934585 3 
0007 0004 7 1670743888809099 -30.875 -58.5 6.000932842208628 3 
0007 0013 7 1670743888810760 -35.75 -63.0 6.12365130523948 3 
0007 0006 7 1670743888811961 19.5 -60.5 2.7120780329818137 3 
0007 0015 7 1670743888812852 -35.75 -64.0 0.9326603190344698 3 
0007 0010 7 1670743888822175 19.5 -71.0 2.3193789512830896 3 
0007 0012 7 1670743888830865 -26.0 -65.5 4.669437518323892 3 
0007 0007 7 1670743888834431 19.5 -63.0 4.509903516383785 3 
0007 0005 7 1670743888837198 -29.25 -68.5 3.497476196379262 3 
0007 0014 7 1670743888838797 -48.8125 -67.0 2.718213956133356 3 
0007 0010 8 1670743888880573 7.3125 -61.5 2.816388726558037 3 
0007 0004 8 1670743888884310 -24.375 -64.0 1.9634954084936207 3 
0007 0015 8 1670743888887794 -22.75 -59.0 3.9760782021995817 3 
0007 0013 8 1670743888888673 3.25 -57.0 2.804116880254952 3 
0007 0012 8 1670743888896987 9.75 -66.5 2.2518837966161214 3 
0007 0008 8 1670743888900564 -42.3125 -69.0 6.1420590746941075 3 
0007 0014 8 1670743888902290 -26.0 -69.0 1.6198837120072371 3 
0007 0009 8 1670743888908853 -9.75 -68.5 0.3190680038802134 3 
0007 0006 8 1670743888910197 13.0 -67.0 1.239456476611598 3 
0007 0011 8 1670743888913173 -65.0625 -71.0 6.056156150572511 3 
