0007 0007 1 1670743905621839 -19.5 -63.5 2.3009711818284617 3 
0007 0005 1 1670743905627442 -9.75 -56.5 3.141592653589793 3 
0007 0001 1 1670743905639916 17.0625 -68.0 5.393476450205914 3 
0007 0003 1 1670743905640983 -286.4375 -73.0 5.730952223540755 3 
0007 0005 2 1670743905673895 58.5625 -69.5 5.2339424482658075 3 
0007 0004 2 1670743905675396 -225.375 -70.5 6.000932842208628 3 
0007 0007 2 1670743905678795 -16.25 -61.0 4.681709364626977 3 
0007 0001 2 1670743905687234 -73.1875 -67.5 4.154019973594316 3 
0007 0004 3 1670743905766413 -24.375 -59.5 0.6994952392758523 3 
0007 0005 3 1670743905780599 156.1875 -67.0 4.663301595172349 3 
0007 0004 7 1670743906043488 0.0 -61.0 5.307573526084319 3 
0007 0005 7 1670743906054148 22.75 -63.0 4.23378697456437 3 
0007 0014 7 1670743906064238 149.6875 -69.5 0.6135923151542565 3 
0007 0006 7 1670743906092880 74.8125 -72.0 0.1227184630308513 3 
0007 0005 8 1670743906138383 29.25 -61.0 1.7794177139473437 3 
0007 0004 8 1670743906145501 -10.5625 -56.5 6.22182607566416 3 
0007 0015 8 1670743906150436 -6.5 -64.0 4.178563666200486 3 
0007 0001 8 1670743906152314 -13.8125 -71.5 1.7794177139473437 3 
0007 0007 8 1670743906160415 -19.5 -69.5 0.944932165337555 3 
0007 0006 8 1670743906169210 32.5 -64.0 0.7424467013366504 3 
0007 0000 8 1670743906182123 260.375 -74.0 6.0991076126333095 3 
0007 0005 1 1670743906406336 -13.0 -56.5 3.1354567304382504 3 
0007 0001 1 1670743906410665 -65.875 -66.5 5.129631754689584 3 
0007 0007 1 1670743906414947 -9.75 -63.0 2.2334760271614935 3 
0007 0003 1 1670743906418745 94.375 -73.0 5.491651220630596 3 
0007 0004 2 1670743906464825 131.8125 -70.0 5.375068680751287 3 
0007 0007 2 1670743906468904 16.25 -61.0 4.651029748869264 3 
0007 0005 2 1670743906477493 286.4375 -69.5 5.2339424482658075 3 
0007 0001 2 1670743906485599 -41.5 -67.0 3.5342917352885173 3 
0007 0015 2 1670743906503325 -13.0 -70.5 3.56497135104623 3 
0007 0004 3 1670743906563137 38.1875 -59.5 0.6258641614573416 3 
0007 0005 3 1670743906571171 -39.0 -66.5 4.859651136021712 3 
0007 0005 4 1670743906628078 -19.5 -70.5 1.576932249946439 3 
0007 0004 7 1670743906826872 -3.25 -61.5 5.338253141842031 3 
0007 0006 7 1670743906831361 -91.125 -70.5 0.3865631585471816 3 
0007 0014 7 1670743906839977 68.3125 -68.5 0.6442719309119693 3 
0007 0005 7 1670743906863623 -104.125 -63.0 4.381049130201391 3 
0007 0007 8 1670743906916883 -9.75 -70.0 0.8835729338221293 3 
0007 0004 8 1670743906920527 -29.25 -56.5 6.258641614573416 3 
0007 0006 8 1670743906926167 -48.8125 -64.5 0.944932165337555 3 
0007 0015 8 1670743906934744 -120.4375 -65.0 4.313553975534423 3 
0007 0000 8 1670743906937509 -100.875 -75.5 0.5951845456996288 3 
0007 0005 8 1670743906941062 13.0 -61.0 1.7916895602504288 3 
0007 0001 8 1670743906944488 74.8125 -71.5 1.761009944492716 3 
0007 0007 1 1670743907201538 9.75 -63.5 2.2518837966161214 3 
0007 0015 1 1670743907206038 9.75 -71.5 4.387185053352934 3 
0007 0005 1 1670743907209355 26.0 -56.5 3.074097498922825 3 
0007 0001 1 1670743907211585 13.8125 -66.5 4.902602598082509 3 
0007 0003 1 1670743907216290 152.9375 -73.5 5.3198453723874035 3 
0007 0007 2 1670743907248165 35.75 -61.0 4.6878452877785195 3 
0007 0001 2 1670743907268114 55.3125 -67.5 3.4054373491061236 3 
0007 0005 2 1670743907270492 55.3125 -70.5 5.460971604872882 3 
0007 0004 2 1670743907283352 -84.625 -71.5 5.663457068873787 3 
0007 0004 3 1670743907329974 21.125 -59.5 0.6258641614573416 3 
0007 0005 3 1670743907333944 -240.875 -67.0 5.203262832508095 3 
0007 0005 4 1670743907421951 32.5 -70.0 1.4480778637640452 3 
0007 0005 7 1670743907637899 -22.75 -63.0 4.178563666200486 3 
0007 0004 7 1670743907648544 27.625 -62.0 5.270757987175063 3 
0007 0006 7 1670743907653615 117.125 -70.0 0.11658253987930872 3 
0007 0014 7 1670743907661129 -78.0625 -70.0 0.6933593161243098 3 
0007 0000 8 1670743907736345 -16.25 -75.0 0.25157284921324513 3 
0007 0005 8 1670743907737989 61.8125 -61.5 1.6935147898257479 3 
0007 0007 8 1670743907744163 91.125 -70.5 0.7853981633974483 3 
0007 0015 8 1670743907749128 -45.5625 -64.5 4.289010282928253 3 
0007 0004 8 1670743907750328 -7.3125 -56.5 6.19728238305799 3 
0007 0006 8 1670743907751803 -45.5625 -64.0 0.8528933180644165 3 
0007 0001 8 1670743907765495 -6.5 -72.5 1.2701360923693108 3 
0007 0007 1 1670743908011135 -42.3125 -61.5 4.3933209765044765 3 
0007 0005 1 1670743908014220 22.75 -61.5 6.160466844148735 3 
0007 0001 1 1670743908016140 0.0 -70.0 3.902447124381071 3 
0007 0003 1 1670743908024965 9.75 -72.5 2.423689644859313 3 
0007 0005 2 1670743908059483 -68.3125 -61.5 5.988660995905543 3 
0007 0007 2 1670743908062925 -39.0 -56.0 3.9208548938356986 3 
0007 0001 2 1670743908070023 41.5 -63.5 2.1598449493429825 3 
0007 0015 2 1670743908073609 94.375 -66.0 3.423845118560751 3 
0007 0011 2 1670743908112754 -224.5625 -72.0 2.9636508821950587 3 
0007 0005 3 1670743908165973 -100.875 -65.0 5.47937937432751 3 
0007 0004 3 1670743908172254 -163.5625 -59.0 5.368932757599744 3 
0007 0014 3 1670743908184419 -48.8125 -68.0 3.730641276137879 3 
0007 0001 3 1670743908185308 76.4375 -70.0 3.497476196379262 3 
0007 0015 3 1670743908186260 -107.375 -66.5 4.338097668140593 3 
0007 0010 4 1670743908218832 -104.125 -69.0 3.3379421944391554 3 
0007 0006 4 1670743908223955 -13.0 -70.5 4.448544284868359 3 
0007 0004 4 1670743908230235 48.8125 -70.5 2.5586799541932495 3 
0007 0010 6 1670743908375640 -24.375 -64.0 6.1420590746941075 3 
0007 0006 7 1670743908437643 3.25 -64.0 1.41126232485479 3 
0007 0005 7 1670743908441464 -45.5625 -63.5 4.908738521234052 3 
0007 0015 7 1670743908445030 3.25 -63.5 2.3009711818284617 3 
0007 0004 7 1670743908450077 -7.3125 -55.5 2.1046216409791 3 
0007 0007 7 1670743908459171 48.8125 -63.5 4.04357335686655 3 
0007 0014 7 1670743908460344 -61.8125 -62.5 3.3440781175906977 3 
0007 0011 7 1670743908473286 -81.375 -70.0 1.1535535524900022 3 
0007 0010 7 1670743908475606 -131.8125 -72.0 1.3130875544301088 3 
0007 0007 8 1670743908505883 113.875 -69.0 0.1718058482431918 3 
0007 0006 8 1670743908513746 -13.0 -63.5 5.350524988145116 3 
0007 0015 8 1670743908526498 -16.25 -57.5 4.743068596142402 3 
0007 0004 8 1670743908530086 3.25 -64.5 3.2520392703175593 3 
0007 0005 8 1670743908531067 84.625 -67.5 1.1228739367322893 3 
0007 0010 8 1670743908532542 52.0625 -64.0 2.6139032625571326 3 
0007 0014 8 1670743908533713 -65.0625 -68.5 2.1659808724945253 3 
0007 0013 8 1670743908538511 26.0 -73.0 1.4787574795217582 3 
0007 0001 1 1670743908769326 192.0 -70.5 0.7117670855789375 3 
0007 0003 1 1670743908770260 -19.5 -71.5 3.7122335066832517 3 
0007 0007 1 1670743908773642 -13.0 -56.5 4.448544284868359 3 
0007 0015 1 1670743908777952 -61.8125 -63.5 4.111068511533518 3 
0007 0008 1 1670743908778889 39.0 -60.5 4.921010367537137 3 
0007 0013 1 1670743908783383 91.125 -63.5 1.380582709097077 3 
0007 0009 1 1670743908784331 9.75 -60.0 5.350524988145116 3 
0007 0014 1 1670743908785762 -3.25 -64.0 2.9084275738311756 3 
0007 0011 1 1670743908787070 -149.6875 -69.5 2.60776733940559 3 
0007 0011 2 1670743908819338 107.375 -68.5 5.43029198911517 3 
0007 0007 2 1670743908820581 6.5 -64.5 0.0859029241215959 3 
0007 0010 2 1670743908822011 -90.3125 -62.0 4.319689898685965 3 
0007 0013 2 1670743908823681 -6.5 -66.5 1.4787574795217582 3 
0007 0014 2 1670743908824647 -29.25 -67.5 0.7792622402459057 3 
0007 0015 2 1670743908826340 -26.0 -63.0 5.43029198911517 3 
0007 0004 2 1670743908829464 -10.5625 -61.5 3.442252888015379 3 
0007 0005 2 1670743908830639 -35.75 -57.5 5.890486225480862 3 
0007 0001 2 1670743908855686 -142.375 -68.5 3.730641276137879 3 
0007 0006 2 1670743908858208 -29.25 -69.5 3.890175278077986 3 
0007 0005 3 1670743908904426 -58.5625 -65.0 0.48473792897186263 3 
0007 0007 4 1670743908960383 94.375 -67.0 1.761009944492716 3 
0007 0015 4 1670743908961401 6.5 -70.5 0.859029241215959 3 
0007 0014 5 1670743909020900 -55.3125 -65.5 2.423689644859313 3 
0007 0004 5 1670743909039011 30.875 -65.5 0.8099418560036186 3 
0007 0010 6 1670743909101522 -30.875 -62.0 5.810719224510809 3 
0007 0005 6 1670743909126760 3.25 -71.5 5.098952138931871 3 
0007 0006 6 1670743909129766 97.625 -69.0 2.3623304133438876 3 
0007 0004 7 1670743909168517 13.8125 -56.5 6.019340611663256 3 
0007 0006 7 1670743909169493 3.25 -61.5 2.2457478734645786 3 
0007 0015 7 1670743909172868 -9.75 -61.5 1.3499030933393643 3 
0007 0010 7 1670743909174044 100.875 -68.0 2.0064468705544187 3 
0007 0012 7 1670743909180702 35.75 -59.0 0.17794177139473438 3 
0007 0014 7 1670743909187717 -78.0625 -66.0 2.9513790358919736 3 
0007 0007 7 1670743909188935 26.0 -63.0 4.313553975534423 3 
0007 0013 7 1670743909191828 -3.25 -66.0 5.516194913236766 3 
0007 0011 7 1670743909198367 123.6875 -69.5 0.37429131224409645 3 
0007 0014 8 1670743909240996 22.75 -64.0 1.9573594853420782 3 
0007 0008 8 1670743909241933 -22.75 -70.0 0.16566992509164924 3 
0007 0003 8 1670743909244102 87.875 -74.0 1.846912868614312 3 
0007 0004 8 1670743909245091 34.9375 -63.0 2.030990563160589 3 
0007 0010 8 1670743909246998 34.9375 -61.5 2.2580197197676637 3 
0007 0015 8 1670743909248455 -16.25 -58.0 4.154019973594316 3 
0007 0013 8 1670743909254388 -13.0 -58.5 2.12916533358527 3 
0007 0011 8 1670743909257248 97.625 -71.5 5.957981380147831 3 
0007 0012 8 1670743909266980 -3.25 -66.5 4.104932588381976 3 
0007 0006 8 1670743909273156 9.75 -67.0 0.23316507975861744 3 
0007 0009 8 1670743909274378 45.5625 -67.0 0.39269908169872414 3 
0007 0015 1 1670743909497600 91.125 -63.5 3.6999616603801666 3 
0007 0013 1 1670743909502085 9.75 -59.5 2.9943304979527716 3 
0007 0012 1 1670743909505628 -48.8125 -67.5 5.240078371417351 3 
0007 0009 1 1670743909509096 -22.75 -63.5 4.859651136021712 3 
0007 0008 1 1670743909510046 -32.5 -59.0 5.295301679781233 3 
0007 0007 1 1670743909511233 16.25 -57.0 4.651029748869264 3 
0007 0014 1 1670743909513087 -6.5 -63.0 3.0372819600135696 3 
0007 0011 1 1670743909514150 22.75 -65.5 2.8102528034064944 3 
0007 0005 1 1670743909516050 -55.3125 -67.5 4.356505437595221 3 
0007 0003 1 1670743909518424 9.75 -66.5 4.3074180523828804 3 
0007 0014 2 1670743909547423 16.25 -66.5 0.7853981633974483 3 
0007 0005 2 1670743909549696 -152.9375 -66.0 4.546719055293041 3 
0007 0004 2 1670743909550911 45.5625 -62.5 3.436116964863836 3 
0007 0006 2 1670743909554611 22.75 -66.0 4.6448938257177215 3 
0007 0007 2 1670743909555590 52.0625 -64.5 5.71868037723767 3 
0007 0010 2 1670743909557596 -62.625 -62.0 4.147884050442774 3 
0007 0015 2 1670743909561153 -55.3125 -63.5 5.47937937432751 3 
0007 0013 2 1670743909564165 32.5 -64.0 2.5157284921324514 3 
0007 0001 2 1670743909568046 555.8125 -72.0 2.0800779483729293 3 
0007 0005 3 1670743909621391 13.0 -64.5 0.7301748550335652 3 
0007 0015 3 1670743909622582 -26.0 -68.5 5.098952138931871 3 
0007 0007 4 1670743909707210 16.25 -67.0 1.6505633277649499 3 
0007 0015 4 1670743909711407 117.125 -71.5 0.6994952392758523 3 
0007 0014 5 1670743909771888 -35.75 -64.5 1.9266798695843652 3 
0007 0004 5 1670743909779685 -83.0 -70.0 0.4049709280018093 3 
0007 0010 6 1670743909827954 13.8125 -64.0 5.2768939103266055 3 
0007 0005 6 1670743909837698 35.75 -69.5 4.6878452877785195 3 
0007 0006 6 1670743909842547 -3.25 -71.0 1.8223691760081417 3 
0007 0007 7 1670743909879876 22.75 -62.5 3.6201946594101133 3 
0007 0014 7 1670743909881491 19.5 -66.0 2.6568547246179306 3 
0007 0015 7 1670743909885543 -26.0 -61.5 1.4542137869155878 3 
0007 0013 7 1670743909887948 9.75 -64.5 6.258641614573416 3 
0007 0012 7 1670743909891582 0.0 -58.5 0.5522330836388308 3 
0007 0006 7 1670743909894217 45.5625 -62.0 1.3560390164909069 3 
0007 0004 7 1670743909895418 55.3125 -56.5 5.117359908386499 3 
0007 0010 7 1670743909916303 65.875 -69.0 1.0246991663076084 3 
0007 0011 7 1670743909920064 117.125 -70.0 5.829126993965437 3 
0007 0005 7 1670743909933573 250.625 -70.0 2.4175537217077703 3 
0007 0014 8 1670743909967216 3.25 -64.5 1.846912868614312 3 
0007 0013 8 1670743909970814 -6.5 -57.5 2.6139032625571326 3 
0007 0004 8 1670743909973004 30.875 -63.0 1.4173982480063325 3 
0007 0012 8 1670743909976033 -39.0 -64.5 4.528311285838413 3 
0007 0015 8 1670743909980884 6.5 -58.5 4.049709280018092 3 
0007 0009 8 1670743909983396 -97.625 -71.0 4.921010367537137 3 
0007 0011 8 1670743909986512 6.5 -70.5 5.375068680751287 3 
0007 0006 8 1670743909987756 13.0 -65.0 4.945554060143307 3 
0007 0010 8 1670743909991759 34.9375 -63.0 1.533980787885641 3 
0007 0008 8 1670743909992682 -19.5 -70.5 5.141903600992669 3 
0007 0003 8 1670743909999077 13.0 -72.0 1.5033011721279284 3 
0007 0007 8 1670743910005455 -120.4375 -71.5 0.8528933180644165 3 
0007 0012 1 1670743910225805 -32.5 -66.0 5.283029833478148 3 
0007 0015 1 1670743910226780 9.75 -63.5 3.7122335066832517 3 
0007 0005 1 1670743910234148 -107.375 -67.0 4.196971435655114 3 
0007 0008 1 1670743910236895 6.5 -59.0 5.086680292628786 3 
0007 0009 1 1670743910239473 -26.0 -61.0 5.436427912266712 3 
0007 0007 1 1670743910240461 3.25 -57.0 4.571262747899211 3 
0007 0013 1 1670743910241441 -13.0 -59.0 3.1968159619536762 3 
0007 0014 1 1670743910244452 -9.75 -65.0 3.117048960983623 3 
0007 0011 1 1670743910245533 -61.8125 -67.0 2.9636508821950587 3 
0007 0003 1 1670743910246496 -117.125 -64.0 4.706253057233147 3 
0007 0006 2 1670743910289331 198.5625 -67.0 4.4976316700806995 3 
0007 0005 2 1670743910291934 -55.3125 -65.0 3.9699422790480394 3 
0007 0015 2 1670743910292853 52.0625 -64.0 5.387340527054372 3 
0007 0007 2 1670743910294267 -16.25 -64.5 5.829126993965437 3 
0007 0004 2 1670743910295213 79.75 -62.0 3.160000423044421 3 
0007 0013 2 1670743910296193 104.125 -63.5 2.5709518004963345 3 
0007 0010 2 1670743910297168 -45.5625 -62.5 4.1417481272912315 3 
0007 0014 2 1670743910299418 -26.0 -66.5 1.2455923997631406 3 
0007 0001 2 1670743910300752 315.6875 -71.0 2.650718801466388 3 
0007 0015 3 1670743910337269 -61.8125 -67.5 5.00077736850719 3 
0007 0005 3 1670743910343122 -26.0 -63.5 0.9817477042468103 3 
0007 0015 4 1670743910398548 120.4375 -71.0 0.6688156235181395 3 
0007 0007 4 1670743910399468 -45.5625 -67.0 1.761009944492716 3 
0007 0014 5 1670743910449072 -68.3125 -65.5 2.0800779483729293 3 
0007 0004 5 1670743910484517 -26.0 -70.5 0.6994952392758523 3 
0007 0005 6 1670743910538246 -13.0 -69.0 4.871922982324796 3 
0007 0010 6 1670743910544193 -7.3125 -63.5 5.166447293598839 3 
0007 0006 6 1670743910545115 -16.25 -71.5 2.012582793705961 3 
0007 0015 7 1670743910577960 -48.8125 -61.5 1.4296700943094176 3 
0007 0004 7 1670743910586440 -38.1875 -57.0 5.749359992995383 3 
0007 0014 7 1670743910591824 -52.0625 -67.0 3.184544115650591 3 
0007 0012 7 1670743910595291 22.75 -58.5 0.4540583132141498 3 
0007 0006 7 1670743910596750 32.5 -62.0 1.8714565612204823 3 
0007 0010 7 1670743910598872 79.75 -67.0 1.3560390164909069 3 
0007 0007 7 1670743910599829 0.0 -63.5 3.77972866135022 3 
0007 0013 7 1670743910611017 -19.5 -64.0 0.4908738521234052 3 
0007 0005 7 1670743910623185 179.0 -70.5 2.5770877236478773 3 
0007 0011 7 1670743910624744 130.1875 -71.0 6.209554229361076 3 
