0001 0004 1 1670743916440208 -26.0 -66.5 1.902136176978195 1 
0001 0012 2 1670743916501477 117.125 -71.0 2.9145634969827183 1 
0001 0013 4 1670743916624853 71.5625 -71.0 0.4111068511533518 1 
0001 0012 4 1670743916631142 42.3125 -67.5 4.884194828627882 1 
0001 0004 5 1670743916668155 -19.5 -56.0 1.9512235621905356 1 
0001 0015 5 1670743916669466 84.625 -64.5 1.4664856332186729 1 
0001 0012 5 1670743916670403 22.75 -56.0 5.448699758569798 1 
0001 0007 5 1670743916678047 52.0625 -67.5 1.1780972450961724 1 
0001 0013 5 1670743916687946 -32.5 -60.0 1.7794177139473437 1 
0001 0009 5 1670743916689138 71.5625 -63.0 1.2885438618239387 1 
0001 0014 5 1670743916690061 -65.0625 -65.0 5.9088939949354895 1 
0001 0005 5 1670743916709463 -175.75 -67.5 3.816544200259475 1 
0001 0008 5 1670743916710919 -371.875 -71.0 2.8716120349219203 1 
0001 0015 6 1670743916746012 9.75 -58.5 0.2454369260617026 1 
0001 0009 6 1670743916747879 0.0 -49.5 1.6382914814618648 1 
0001 0010 6 1670743916750529 6.5 -54.0 1.380582709097077 1 
0001 0005 6 1670743916758439 -3.25 -64.0 0.16566992509164924 1 
0001 0011 6 1670743916759931 39.0 -66.5 5.209398755659637 1 
0001 0006 6 1670743916765637 61.8125 -66.5 0.030679615757712823 1 
0001 0004 6 1670743916768496 9.75 -58.5 1.736466251886546 1 
0001 0013 6 1670743916777869 -13.0 -54.0 4.890330751779424 1 
0001 0003 6 1670743916779301 39.0 -73.5 1.7978254834019713 1 
0001 0012 6 1670743916789483 35.75 -69.0 1.576932249946439 1 
0001 0008 6 1670743916794243 -68.3125 -68.5 2.9636508821950587 1 
0001 0013 7 1670743916846575 13.0 -63.5 1.3989904785517047 1 
0001 0007 7 1670743916851748 26.0 -63.5 3.117048960983623 1 
0001 0011 7 1670743916853250 71.5625 -71.5 2.172116795646068 1 
0001 0005 7 1670743916858728 6.5 -64.0 1.4787574795217582 1 
0001 0009 7 1670743916862430 -61.8125 -67.0 3.7429131224409646 1 
0001 0004 7 1670743916869843 -16.25 -67.5 2.9820586516496865 1 
0001 0004 8 1670743916933129 -48.8125 -68.0 4.9394181369917645 1 
0001 0011 8 1670743916940282 -126.9375 -70.5 3.0495538063166547 1 
0001 0007 8 1670743916944176 -61.8125 -70.0 0.5092816215780329 1 
0001 0012 8 1670743916961040 6.5 -71.5 4.123340357836604 1 
0001 0004 1 1670743917221720 -13.0 -66.5 1.9144080232812801 1 
0001 0012 2 1670743917274196 -48.8125 -69.5 2.988194574801229 1 
0001 0013 4 1670743917417868 -159.5 -71.0 0.9387962421860124 1 
0001 0012 4 1670743917428759 -74.8125 -67.0 5.135767677841127 1 
0001 0007 5 1670743917478401 -19.5 -66.5 1.1780972450961724 1 
0001 0004 5 1670743917480823 -6.5 -55.5 1.902136176978195 1 
0001 0014 5 1670743917484634 -3.25 -65.5 5.939573610693203 1 
0001 0012 5 1670743917489706 26.0 -56.0 5.4671075280244255 1 
0001 0009 5 1670743917494648 26.0 -63.5 1.3560390164909069 1 
0001 0013 5 1670743917507223 13.0 -59.5 1.6751070203711202 1 
0001 0015 5 1670743917513769 87.875 -64.5 1.4419419406125027 1 
0001 0005 5 1670743917520606 -32.5 -69.0 3.1661363461959633 1 
0001 0008 5 1670743917528312 121.25 -70.5 2.36846633649543 1 
0001 0005 6 1670743917555968 9.75 -63.5 0.16566992509164924 1 
0001 0013 6 1670743917557851 -19.5 -54.0 4.884194828627882 1 
0001 0012 6 1670743917561870 123.6875 -69.5 1.423534171157875 1 
0001 0008 6 1670743917563032 -62.625 -68.0 3.1661363461959633 1 
0001 0009 6 1670743917564276 6.5 -49.5 1.662835174068035 1 
0001 0004 6 1670743917568649 -13.0 -58.0 1.7548740213411735 1 
0001 0003 6 1670743917586337 -55.3125 -73.5 2.024854640009046 1 
0001 0006 6 1670743917587313 -97.625 -67.0 0.32520392703175593 1 
0001 0010 6 1670743917589194 19.5 -54.0 1.3928545554001621 1 
0001 0011 6 1670743917591805 -74.8125 -65.5 5.418020142812084 1 
0001 0015 6 1670743917593005 0.0 -58.5 0.2761165418194154 1 
0001 0004 7 1670743917650100 9.75 -68.0 3.1661363461959633 1 
0001 0005 7 1670743917656449 6.5 -65.0 1.564660403643354 1 
0001 0013 7 1670743917662219 35.75 -63.0 1.4296700943094176 1 
0001 0009 7 1670743917667713 19.5 -67.5 3.761320891895592 1 
0001 0007 7 1670743917670089 -55.3125 -64.0 3.1968159619536762 1 
0001 0011 7 1670743917691217 -152.9375 -72.0 2.5280003384355365 1 
0001 0004 8 1670743917763024 -13.0 -68.0 4.9394181369917645 1 
0001 0011 8 1670743917767016 19.5 -70.0 2.8961557275280905 1 
0001 0012 8 1670743917785934 -3.25 -71.0 4.2092432819582 1 
0001 0007 8 1670743917794127 52.0625 -71.0 0.4724660826687775 1 
0001 0015 8 1670743917796165 9.75 -72.0 4.01902966426038 1 
0001 0004 1 1670743918039471 -22.75 -68.0 2.000310947402876 1 
0001 0012 4 1670743918219694 3.25 -67.5 5.209398755659637 1 
0001 0012 5 1670743918282838 0.0 -55.5 5.602097837358362 1 
0001 0004 5 1670743918284766 6.5 -55.5 1.9266798695843652 1 
0001 0015 5 1670743918286002 84.625 -64.5 1.2455923997631406 1 
0001 0013 5 1670743918288383 32.5 -60.0 1.8837284075235674 1 
0001 0009 5 1670743918305629 -35.75 -63.0 1.1474176293384597 1 
0001 0007 5 1670743918317661 3.25 -68.5 1.043106935762236 1 
0001 0014 5 1670743918328296 35.75 -68.5 5.338253141842031 1 
0001 0005 5 1670743918332682 -91.125 -69.5 3.749049045592507 1 
0001 0008 5 1670743918335316 208.3125 -71.5 2.521864415283994 1 
0001 0005 6 1670743918358419 -3.25 -63.5 0.5583690067903734 1 
0001 0010 6 1670743918359863 10.5625 -53.0 1.1596894756415448 1 
0001 0006 6 1670743918362288 -19.5 -66.5 5.859806609723149 1 
0001 0009 6 1670743918363726 0.0 -50.0 1.521708941582556 1 
0001 0012 6 1670743918376552 -22.75 -66.0 1.2578642460662257 1 
0001 0015 6 1670743918380987 6.5 -59.5 6.19728238305799 1 
0001 0013 6 1670743918382813 0.0 -52.5 5.258486140871978 1 
0001 0003 6 1670743918386739 -123.6875 -72.0 2.748893571891069 1 
0001 0004 6 1670743918391241 22.75 -60.5 1.552388557340269 1 
0001 0011 6 1670743918395009 -9.75 -66.0 4.104932588381976 1 
0001 0008 6 1670743918397074 -24.375 -68.0 3.0802334220743677 1 
0001 0000 6 1670743918406305 410.125 -76.0 5.50392306693368 1 
0001 0005 7 1670743918436290 78.0625 -66.5 1.1228739367322893 1 
0001 0007 7 1670743918438868 35.75 -64.0 2.6016314162540475 1 
0001 0013 7 1670743918456012 32.5 -64.5 4.957825906446392 1 
0001 0009 7 1670743918457234 81.375 -68.5 3.5711072741977725 1 
0001 0011 7 1670743918475422 -6.5 -72.0 2.564815877344792 1 
0001 0004 8 1670743918531798 -81.375 -67.0 4.9394181369917645 1 
0001 0015 5 1670743919005918 35.75 -68.0 4.878058905476339 1 
0001 0007 5 1670743919010196 -32.5 -70.5 2.8961557275280905 1 
0001 0004 5 1670743919017457 -35.75 -59.5 3.552699504743145 1 
0001 0006 5 1670743919039152 -58.5625 -65.0 1.6751070203711202 1 
0001 0008 5 1670743919043225 94.375 -67.5 2.60776733940559 1 
0001 0005 5 1670743919050396 -179.0 -68.5 3.2888548092268146 1 
0001 0006 6 1670743919102810 78.0625 -64.0 1.9634954084936207 1 
0001 0005 6 1670743919107552 -32.5 -65.5 6.025476534814799 1 
0001 0007 6 1670743919113644 -52.0625 -70.0 4.221515128261284 1 
0001 0007 7 1670743919185776 -156.1875 -70.0 2.5832236467994196 1 
0001 0005 7 1670743919199813 -13.0 -64.0 3.399301425954581 1 
0001 0005 1 1670743919500889 -42.3125 -70.0 3.399301425954581 1 
0001 0015 5 1670743919713594 -143.1875 -69.5 5.460971604872882 1 
0001 0006 5 1670743919734869 -6.5 -69.5 1.325359400733194 1 
0001 0005 5 1670743919737890 -16.25 -69.0 0.7915340865489908 1 
0001 0004 5 1670743919739480 39.0 -62.5 0.6320000846088841 1 
0001 0006 6 1670743919784113 -71.5625 -65.5 2.6384469551633027 1 
0001 0005 6 1670743919789660 71.5625 -72.0 5.970253226450915 1 
0001 0007 7 1670743919838784 -123.6875 -68.5 3.08636934522591 1 
0001 0005 7 1670743919844700 35.75 -60.5 4.374913207049849 1 
0001 0005 8 1670743919944261 -13.0 -71.5 2.5280003384355365 1 
0001 0004 5 1670743920481526 6.5 -61.5 0.46019423636569234 1 
0001 0006 5 1670743920485632 68.3125 -67.5 1.576932249946439 1 
0001 0015 5 1670743920490131 -133.4375 -68.0 5.921165841238575 1 
0001 0005 5 1670743920492651 -100.875 -68.5 6.080699843178682 1 
0001 0006 6 1670743920543994 -16.25 -64.0 2.5402721847386216 1 
0001 0007 7 1670743920601012 78.0625 -71.5 2.748893571891069 1 
0001 0005 7 1670743920614189 19.5 -59.0 4.3074180523828804 1 
0001 0005 8 1670743920711353 -16.25 -71.0 2.478912953223196 1 
0001 0006 5 1670743921205995 123.6875 -68.5 1.141281706186917 1 
0001 0004 5 1670743921213623 -13.0 -61.5 0.3865631585471816 1 
0001 0015 5 1670743921237974 61.8125 -68.0 5.608233760509904 1 
0001 0005 5 1670743921247115 -192.0 -67.0 5.9088939949354895 1 
0001 0006 6 1670743921279401 45.5625 -65.5 2.454369260617026 1 
0001 0005 7 1670743921349375 -16.25 -59.0 4.295146206079795 1 
0001 0007 7 1670743921357454 6.5 -69.0 2.724349879284899 1 
