0003 0003 1 1670744858874181 -13.8125 -70.5 5.6573211457222445 4 
0003 0002 1 1670744858881228 -16.25 -71.0 1.6505633277649499 4 
0003 0005 1 1670744858882377 -26.0 -68.5 3.693825737228624 4 
0003 0005 3 1670744859014196 58.5625 -66.5 1.9941750242513334 4 
0003 0007 3 1670744859036059 -84.625 -70.0 2.5893595699509624 4 
0003 0014 4 1670744859081827 42.3125 -65.5 2.270291566070749 4 
0003 0003 4 1670744859085946 -41.5 -69.0 3.429981041712294 4 
0003 0002 4 1670744859088135 19.5 -65.5 5.841398840268521 4 
0003 0004 4 1670744859090033 -13.0 -60.0 4.522175362686871 4 
0003 0006 4 1670744859090980 17.0625 -70.0 2.478912953223196 4 
0003 0005 4 1670744859093588 35.75 -64.0 2.9206994201342606 4 
0003 0007 4 1670744859099182 -6.5 -64.5 4.534447208989955 4 
0003 0013 4 1670744859102820 -26.0 -67.5 3.0495538063166547 4 
0003 0015 4 1670744859108573 16.25 -65.5 2.8777479580734626 4 
0003 0001 4 1670744859134237 -91.125 -74.0 4.466952054322987 4 
0003 0011 5 1670744859157795 -123.6875 -67.0 5.418020142812084 4 
0003 0002 5 1670744859158770 -32.5 -65.5 0.2699806186678728 4 
0003 0008 5 1670744859161190 22.75 -62.0 3.129320807286708 4 
0003 0004 5 1670744859162604 -6.5 -57.5 5.368932757599744 4 
0003 0010 5 1670744859171525 -29.25 -59.5 3.0250101137104846 4 
0003 0006 5 1670744859174563 21.125 -59.5 2.5464081078901644 4 
0003 0005 5 1670744859176888 -32.5 -61.5 3.9576704327449543 4 
0003 0013 5 1670744859184775 -32.5 -69.0 2.804116880254952 4 
0003 0000 5 1670744859186858 48.8125 -69.5 2.4727770300716534 4 
0003 0009 5 1670744859192025 -84.625 -66.5 0.8897088569736719 4 
0003 0003 5 1670744859196530 -97.625 -69.5 0.02454369260617026 4 
0003 0001 5 1670744859198158 -55.3125 -70.0 1.6444274046134073 4 
0003 0010 6 1670744859239263 3.25 -64.5 4.037437433715008 4 
0003 0000 6 1670744859241628 -159.5 -73.5 3.4606606574700063 4 
0003 0011 6 1670744859242844 16.25 -65.0 1.705786636128833 4 
0003 0005 6 1670744859243836 13.0 -68.5 4.135612204139688 4 
0003 0012 6 1670744859245960 -9.75 -53.5 4.76147636559703 4 
0003 0008 6 1670744859257131 -45.5625 -60.5 3.5588354278946874 4 
0003 0009 6 1670744859262572 -24.375 -62.0 5.534602682691394 4 
0003 0015 6 1670744859263738 52.0625 -65.5 4.528311285838413 4 
0003 0014 6 1670744859273665 19.5 -66.5 5.4671075280244255 4 
0003 0004 6 1670744859275433 6.5 -69.0 5.602097837358362 4 
0003 0011 7 1670744859336240 -172.5 -71.0 3.749049045592507 4 
0003 0008 7 1670744859347165 -45.5625 -63.0 5.755495916146925 4 
0003 0010 7 1670744859369260 39.0 -70.5 0.4356505437595221 4 
0003 0003 1 1670744859681922 79.75 -71.0 5.442563835418255 4 
0003 0005 1 1670744859690787 166.0 -68.5 3.2888548092268146 4 
0003 0002 1 1670744859694424 -152.9375 -70.0 1.9819031779482483 4 
0003 0008 2 1670744859767502 152.9375 -69.5 0.6810874698212247 4 
0003 0005 3 1670744859820877 162.75 -66.0 1.9205439464328227 4 
0003 0007 3 1670744859834750 -65.0625 -69.5 2.386874105950058 4 
0003 0004 4 1670744859895871 -29.25 -59.5 4.534447208989955 4 
0003 0002 4 1670744859897795 -61.8125 -66.5 5.982525072754001 4 
0003 0015 4 1670744859899695 -61.8125 -65.0 3.0250101137104846 4 
0003 0005 4 1670744859909628 0.0 -63.5 3.184544115650591 4 
0003 0013 4 1670744859910854 3.25 -67.0 3.000466421104314 4 
0003 0007 4 1670744859915205 -48.8125 -64.5 4.651029748869264 4 
0003 0014 4 1670744859919574 55.3125 -65.0 2.227340104009951 4 
0003 0006 4 1670744859929074 139.125 -69.5 2.270291566070749 4 
0003 0003 4 1670744859931543 7.3125 -68.5 3.4177091954092087 4 
0003 0005 5 1670744859968120 -42.3125 -62.0 3.8533597391687304 4 
0003 0008 5 1670744859969055 -52.0625 -62.0 3.2029518851052186 4 
0003 0006 5 1670744859971050 48.8125 -59.5 2.4605051837685683 4 
0003 0004 5 1670744859973344 45.5625 -58.0 5.313709449235861 4 
0003 0000 5 1670744859976192 78.0625 -69.0 2.5341362615870793 4 
0003 0002 5 1670744859977139 35.75 -64.5 0.1595340019401067 4 
0003 0011 5 1670744859978319 -195.25 -67.5 5.553010452146021 4 
0003 0010 5 1670744859986763 -6.5 -59.5 3.0495538063166547 4 
0003 0013 5 1670744859994488 -126.9375 -68.5 2.748893571891069 4 
0003 0009 5 1670744859996628 65.875 -67.5 0.859029241215959 4 
0003 0003 5 1670744859997561 13.8125 -69.5 6.22182607566416 4 
0003 0012 6 1670744860054103 -26.0 -54.0 4.792155981354743 4 
0003 0015 6 1670744860055082 -22.75 -65.5 4.583534594202296 4 
0003 0004 6 1670744860059171 -35.75 -69.0 5.6573211457222445 4 
0003 0008 6 1670744860060089 22.75 -60.5 3.436116964863836 4 
0003 0010 6 1670744860066581 -22.75 -64.5 4.04357335686655 4 
0003 0011 6 1670744860067560 -26.0 -65.0 1.705786636128833 4 
0003 0009 6 1670744860075189 -10.5625 -62.0 5.589825991055276 4 
0003 0014 6 1670744860077130 -13.0 -66.5 5.534602682691394 4 
0003 0005 6 1670744860085271 -91.125 -68.5 4.442408361716817 4 
0003 0000 6 1670744860097534 -81.375 -73.5 3.466796580621549 4 
0003 0008 7 1670744860149307 -58.5625 -63.0 5.8475347634200645 4 
0003 0010 7 1670744860176493 81.375 -69.5 0.4295146206079795 4 
0003 0011 7 1670744860186266 234.3125 -69.5 3.129320807286708 4 
0003 0002 1 1670744860496614 -42.3125 -70.5 1.8775924843720249 4 
0003 0003 1 1670744860512043 -45.5625 -71.0 5.620505606812989 4 
0003 0005 1 1670744860514338 -156.1875 -69.0 3.650874275167826 4 
0003 0007 3 1670744860662497 -61.8125 -68.0 2.313243028131547 4 
0003 0005 3 1670744860678134 -104.125 -68.5 2.650718801466388 4 
0003 0013 4 1670744860752402 3.25 -68.0 4.479223900626073 4 
0003 0005 4 1670744860753294 -16.25 -66.5 2.6200391857086753 4 
0003 0004 4 1670744860757974 -39.0 -63.0 3.448388811166921 4 
0003 0007 4 1670744860758922 45.5625 -65.5 4.675573441475434 4 
0003 0003 4 1670744860766648 59.375 -67.5 0.20248546400090464 4 
0003 0014 4 1670744860775828 123.6875 -68.5 2.2518837966161214 4 
0003 0015 4 1670744860777273 -110.625 -67.0 4.184699589352029 4 
0003 0002 5 1670744860830597 -26.0 -60.5 3.3440781175906977 4 
0003 0001 5 1670744860836773 30.875 -71.0 1.0615147052168636 4 
0003 0005 5 1670744860840372 42.3125 -56.5 2.282563412373834 4 
0003 0013 5 1670744860845460 120.4375 -66.5 1.2517283229146832 4 
0003 0006 5 1670744860847821 30.875 -59.5 5.994796919057086 4 
0003 0000 5 1670744860849276 -16.25 -59.0 3.5956509668039427 4 
0003 0010 5 1670744860858143 -16.25 -69.0 2.742757648739526 4 
0003 0004 5 1670744860860114 -13.0 -65.5 3.5772431973493153 4 
0003 0011 5 1670744860869600 -35.75 -70.0 5.203262832508095 4 
0003 0000 6 1670744860906049 -13.0 -63.0 5.448699758569798 4 
0003 0006 6 1670744860907719 -17.0625 -66.5 0.1902136176978195 4 
0003 0009 6 1670744860908667 13.0 -59.0 1.7916895602504288 4 
0003 0012 6 1670744860920276 3.25 -56.0 1.6382914814618648 4 
0003 0015 6 1670744860925988 -6.5 -63.0 4.289010282928253 4 
0003 0007 6 1670744860932129 -9.75 -67.0 4.914874444385594 4 
0003 0008 6 1670744860937003 0.0 -55.5 4.847379289718626 4 
0003 0014 6 1670744860940664 -81.375 -66.0 0.06135923151542565 4 
0003 0011 6 1670744860942069 185.5 -76.0 6.209554229361076 4 
0003 0004 6 1670744860946641 -39.0 -69.5 0.4663301595172349 4 
0003 0013 6 1670744860948114 78.0625 -67.0 0.2454369260617026 4 
0003 0005 6 1670744860951288 -117.125 -73.0 4.387185053352934 4 
0003 0004 7 1670744860983461 -100.875 -66.0 3.313398501832985 4 
0003 0009 7 1670744861008190 22.75 -68.5 5.491651220630596 4 
0003 0004 8 1670744861040395 -3.25 -70.0 5.019185137961818 4 
0003 0005 8 1670744861056458 -52.0625 -73.0 1.1596894756415448 4 
0003 0008 1 1670744861279625 19.5 -67.5 1.607611865704152 4 
0003 0005 1 1670744861303177 0.0 -70.0 5.540738605842936 4 
0003 0004 4 1670744861458789 22.75 -63.0 1.5707963267948966 4 
0003 0007 4 1670744861464894 -19.5 -61.5 4.914874444385594 4 
0003 0003 4 1670744861467490 13.8125 -61.0 1.282407938672396 4 
0003 0014 4 1670744861468650 84.625 -70.5 2.386874105950058 4 
0003 0006 4 1670744861469611 -34.9375 -66.0 0.030679615757712823 4 
0003 0000 4 1670744861475233 -3.25 -69.5 5.436427912266712 4 
0003 0005 4 1670744861477350 159.5 -71.0 2.055534255766759 4 
0003 0002 4 1670744861486905 -22.75 -69.0 3.736777199289422 4 
0003 0003 5 1670744861522220 -30.875 -68.0 0.2945243112740431 4 
0003 0000 5 1670744861525492 -45.5625 -61.5 5.872078456026235 4 
0003 0002 5 1670744861527404 -6.5 -60.0 1.6321555583103222 4 
0003 0004 5 1670744861530044 0.0 -66.0 0.8528933180644165 4 
0003 0006 5 1670744861532542 55.3125 -64.5 0.030679615757712823 4 
0003 0001 5 1670744861540742 -125.3125 -71.0 1.4296700943094176 4 
0003 0009 6 1670744861580581 30.875 -64.0 5.21553467881118 4 
0003 0000 6 1670744861584597 -26.0 -66.0 1.030835089459151 4 
0003 0015 6 1670744861585546 -19.5 -58.5 4.405592822807561 4 
0003 0004 6 1670744861589691 -6.5 -59.5 4.583534594202296 4 
0003 0014 6 1670744861590655 91.125 -68.5 0.04295146206079795 4 
0003 0005 6 1670744861599106 -65.0625 -72.0 4.3503695144436785 4 
0003 0003 6 1670744861612731 -21.125 -65.5 3.6386024288647407 4 
0003 0001 6 1670744861613979 -90.3125 -73.0 5.8475347634200645 4 
0003 0012 6 1670744861615904 -13.0 -65.5 0.0674951546669682 4 
0003 0007 6 1670744861617874 -9.75 -67.5 3.2520392703175593 4 
0003 0008 7 1670744861648915 -61.8125 -63.0 4.847379289718626 4 
0003 0004 7 1670744861651306 -166.0 -66.0 3.411573272257666 4 
0003 0000 7 1670744861662096 -257.125 -70.0 5.835262917116979 4 
0003 0005 1 1670744861962156 -179.0 -70.5 5.884350302329319 4 
0003 0000 2 1670744862031388 149.6875 -69.5 6.019340611663256 4 
0003 0005 3 1670744862104642 305.9375 -71.5 4.522175362686871 4 
0003 0007 4 1670744862152686 -3.25 -62.0 4.552854978444583 4 
0003 0003 4 1670744862153665 -48.8125 -65.0 1.7978254834019713 4 
0003 0015 4 1670744862155139 -55.3125 -69.0 3.933126740138784 4 
0003 0005 4 1670744862156116 42.3125 -66.5 1.214912784005428 4 
0003 0002 4 1670744862159215 35.75 -68.0 3.6386024288647407 4 
0003 0004 4 1670744862162735 39.0 -64.0 2.000310947402876 4 
0003 0006 4 1670744862164093 3.25 -66.5 0.28838838812250056 4 
0003 0014 4 1670744862172706 -201.8125 -71.5 2.9820586516496865 4 
0003 0004 5 1670744862207011 -19.5 -63.0 0.9756117810952678 4 
0003 0003 5 1670744862220945 -27.625 -64.5 0.3620194659410113 4 
0003 0002 5 1670744862222388 29.25 -61.5 1.6198837120072371 4 
0003 0000 5 1670744862223605 -13.0 -60.5 5.816855147662351 4 
0003 0006 5 1670744862227245 -7.3125 -63.5 0.2945243112740431 4 
0003 0001 5 1670744862248759 139.125 -71.0 1.564660403643354 4 
0003 0012 6 1670744862278309 68.3125 -65.5 0.006135923151542565 4 
0003 0015 6 1670744862284644 3.25 -58.0 4.368777283898306 4 
0003 0007 6 1670744862285624 3.25 -66.0 3.5833791205008576 4 
0003 0014 6 1670744862295595 -48.8125 -67.5 0.06135923151542565 4 
0003 0004 6 1670744862296527 -22.75 -60.0 4.540583132141498 4 
0003 0005 6 1670744862298949 130.1875 -72.0 4.037437433715008 4 
0003 0000 6 1670744862301301 39.0 -64.0 0.9633399347921826 4 
0003 0009 6 1670744862304079 -29.25 -65.0 5.921165841238575 4 
0003 0003 6 1670744862307148 -45.5625 -68.0 3.0802334220743677 4 
0003 0004 7 1670744862338128 -91.125 -66.5 3.393165502803038 4 
0003 0008 7 1670744862345966 9.75 -62.5 4.773748211900116 4 
0003 0000 7 1670744862366176 -61.8125 -70.5 5.295301679781233 4 
0003 0005 1 1670744862653164 32.5 -70.5 5.166447293598839 4 
0003 0000 2 1670744862749422 27.625 -69.0 0.03681553890925539 4 
0003 0005 3 1670744862803256 -110.625 -70.0 4.9394181369917645 4 
0003 0015 4 1670744862836164 16.25 -69.5 3.761320891895592 4 
0003 0003 4 1670744862838796 34.9375 -66.5 1.1780972450961724 4 
0003 0004 4 1670744862844194 -19.5 -63.5 1.9941750242513334 4 
0003 0002 4 1670744862845880 -35.75 -68.0 3.9515345095934116 4 
0003 0014 4 1670744862847311 -113.875 -72.0 2.8777479580734626 4 
0003 0007 4 1670744862849394 -3.25 -62.0 4.491495746929157 4 
0003 0005 4 1670744862854133 68.3125 -66.5 1.2026409377023426 4 
0003 0006 4 1670744862860412 -7.3125 -66.5 0.28838838812250056 4 
0003 0001 5 1670744862897755 -179.0 -70.0 1.9389517158874505 4 
0003 0000 5 1670744862900087 0.0 -62.0 5.957981380147831 4 
0003 0004 5 1670744862902791 22.75 -64.5 1.0062913968529805 4 
0003 0015 5 1670744862909488 19.5 -70.5 1.0921943209745766 4 
0003 0002 5 1670744862911464 0.0 -61.5 1.8714565612204823 4 
0003 0006 5 1670744862917179 79.75 -63.0 0.16566992509164924 4 
0003 0003 5 1670744862918166 -13.8125 -67.5 1.0062913968529805 4 
0003 0003 6 1670744862985977 -111.4375 -68.5 3.4054373491061236 4 
0003 0012 6 1670744862987435 32.5 -64.5 0.018407769454627694 4 
0003 0007 6 1670744862994008 0.0 -66.5 3.552699504743145 4 
0003 0000 6 1670744862998976 48.8125 -64.0 1.1167380135807468 4 
0003 0004 6 1670744863001268 -19.5 -60.5 4.779884135051658 4 
0003 0015 6 1670744863002969 -19.5 -58.0 4.381049130201391 4 
0003 0005 6 1670744863009923 32.5 -73.0 3.9638063558964967 4 
0003 0009 6 1670744863016139 27.625 -64.0 5.5714182216006485 4 
0003 0014 6 1670744863017979 48.8125 -68.0 0.02454369260617026 4 
0003 0004 7 1670744863048519 -22.75 -67.0 3.3011266555298997 4 
0003 0008 7 1670744863050130 -74.8125 -62.5 4.92714629068868 4 
0003 0005 1 1670744863390029 -110.625 -72.0 5.092816215780329 4 
0003 0000 2 1670744863420857 -68.3125 -69.0 6.062292073724054 4 
0003 0005 3 1670744863507624 -169.25 -69.0 5.418020142812084 4 
0003 0007 4 1670744863549328 0.0 -62.0 4.595806440505381 4 
0003 0005 4 1670744863552466 0.0 -66.5 1.2333205534600555 4 
0003 0015 4 1670744863557624 -65.0625 -70.0 3.8840393549264434 4 
0003 0014 4 1670744863560707 3.25 -72.5 2.6813984172241008 4 
0003 0006 4 1670744863562576 38.1875 -66.5 0.4111068511533518 4 
0003 0003 4 1670744863566053 -24.375 -65.5 1.3130875544301088 4 
0003 0002 4 1670744863566962 -26.0 -67.0 4.0128937411088375 4 
0003 0004 4 1670744863570471 -48.8125 -63.5 2.067806102069844 4 
0003 0015 5 1670744863605977 -39.0 -71.0 1.0185632431560658 4 
0003 0004 5 1670744863609648 32.5 -65.0 0.8713010875190442 4 
0003 0003 5 1670744863612482 191.1875 -66.0 0.05522330836388308 4 
0003 0006 5 1670744863615588 7.3125 -63.0 0.11044661672776616 4 
0003 0002 5 1670744863623654 -26.0 -61.5 1.6198837120072371 4 
0003 0000 5 1670744863626059 -9.75 -62.0 5.688000761479957 4 
0003 0001 5 1670744863632592 16.25 -72.5 1.6382914814618648 4 
0003 0000 6 1670744863713573 26.0 -64.0 1.012427320004523 4 
0003 0007 6 1670744863720986 -68.3125 -66.0 3.663146121470911 4 
0003 0004 6 1670744863722144 6.5 -60.5 4.571262747899211 4 
0003 0015 6 1670744863724269 -22.75 -58.0 4.362641360746763 4 
0003 0012 6 1670744863728934 32.5 -65.5 6.270913460876501 4 
0003 0003 6 1670744863730086 -79.75 -68.0 3.227495577711389 4 
0003 0014 6 1670744863741317 -32.5 -68.5 0.15339807878856412 4 
0003 0009 6 1670744863742279 -13.8125 -64.0 5.632777453116074 4 
0003 0005 6 1670744863743356 6.5 -73.5 4.123340357836604 4 
0003 0008 7 1670744863782071 -48.8125 -62.0 5.006913291658733 4 
0003 0004 7 1670744863807392 -22.75 -66.5 3.153864499892878 4 
0003 0000 7 1670744863812528 29.25 -70.0 4.890330751779424 4 
