0004 0008 1 1670744907157027 -208.3125 -70.0 5.209398755659637 13 
0004 0015 1 1670744907187338 84.625 -72.5 3.785864584501762 13 
0004 0004 3 1670744907319264 117.125 -68.5 4.01902966426038 13 
0004 0005 4 1670744907392970 58.5625 -69.0 1.9144080232812801 13 
0004 0014 4 1670744907404735 -32.5 -60.5 4.743068596142402 13 
0004 0007 4 1670744907406393 -6.5 -61.0 4.061981126321178 13 
0004 0006 4 1670744907408502 6.5 -69.0 2.9820586516496865 13 
0004 0015 4 1670744907409693 -35.75 -66.0 5.773903685601553 13 
0004 0012 4 1670744907412745 -3.25 -70.0 5.154175447295755 13 
0004 0000 4 1670744907424528 9.75 -73.5 0.760854470791278 13 
0004 0006 5 1670744907481619 32.5 -68.0 4.080388895775806 13 
0004 0007 5 1670744907491809 -100.875 -66.5 2.5709518004963345 13 
0004 0013 5 1670744907495723 -68.3125 -67.0 4.957825906446392 13 
0004 0004 5 1670744907498042 -91.125 -58.5 2.5402721847386216 13 
0004 0004 6 1670744907548876 -6.5 -57.0 3.368621810196868 13 
0004 0015 6 1670744907554327 68.3125 -65.5 1.8162332528565992 13 
0004 0000 6 1670744907559365 -94.375 -72.0 3.454524734318464 13 
0004 0006 6 1670744907568663 16.25 -66.5 4.252194744018997 13 
0004 0012 6 1670744907572811 22.75 -59.5 1.8285050991596843 13 
0004 0014 6 1670744907575918 -22.75 -60.5 2.791845033951867 13 
0004 0001 6 1670744907585441 177.375 -71.5 0.4356505437595221 13 
0004 0007 7 1670744907636062 55.3125 -62.0 2.9145634969827183 13 
0004 0011 7 1670744907638455 41.5 -65.0 5.307573526084319 13 
0004 0004 7 1670744907640398 -35.75 -67.0 2.405281875404685 13 
0004 0009 7 1670744907641560 315.6875 -71.5 5.135767677841127 13 
0004 0012 7 1670744907644160 9.75 -57.0 4.037437433715008 13 
0004 0015 7 1670744907656848 26.0 -63.5 2.4175537217077703 13 
0004 0008 7 1670744907660720 22.75 -65.5 6.056156150572511 13 
0004 0013 7 1670744907662641 9.75 -66.0 0.23930100291016002 13 
0004 0005 8 1670744907730283 0.0 -74.0 3.117048960983623 13 
0004 0007 8 1670744907731763 -84.625 -68.5 5.5284667595398505 13 
0004 0012 8 1670744907732937 -6.5 -57.5 2.2580197197676637 13 
0004 0001 8 1670744907734099 -48.8125 -74.0 4.430136515413731 13 
0004 0010 8 1670744907739339 91.125 -72.5 1.4848934026733007 13 
0004 0015 8 1670744907752120 6.5 -64.5 2.2396119503130363 13 
0004 0013 8 1670744907753566 -13.0 -60.0 2.337786720737717 13 
0004 0000 8 1670744907754502 -100.875 -70.5 3.9576704327449543 13 
0004 0014 8 1670744907755664 32.5 -65.5 1.0185632431560658 13 
0004 0011 8 1670744907764928 -156.1875 -71.0 3.436116964863836 13 
0004 0008 1 1670744908023514 -208.3125 -71.5 5.325981295538946 13 
0004 0000 2 1670744908100658 -42.3125 -71.0 3.3502140407422405 13 
0004 0004 3 1670744908165330 71.5625 -69.5 4.031301510563465 13 
0004 0015 3 1670744908197668 6.5 -70.5 5.00077736850719 13 
0004 0015 4 1670744908253241 29.25 -64.5 5.810719224510809 13 
0004 0007 4 1670744908255243 -29.25 -63.0 3.9944859716542096 13 
0004 0014 4 1670744908260675 -3.25 -62.0 4.749204519293945 13 
0004 0012 4 1670744908264894 -13.0 -66.5 4.871922982324796 13 
0004 0000 4 1670744908270248 19.5 -71.5 6.215690152512618 13 
0004 0006 4 1670744908282109 162.75 -71.0 3.06182565261974 13 
0004 0005 4 1670744908287700 279.9375 -73.5 1.9389517158874505 13 
0004 0004 5 1670744908327512 16.25 -57.0 1.5892040962495242 13 
0004 0009 5 1670744908332119 266.875 -68.5 4.9823695990525625 13 
0004 0006 5 1670744908351421 -211.5625 -70.0 3.356349963893783 13 
0004 0015 5 1670744908355273 61.8125 -71.0 4.080388895775806 13 
0004 0005 5 1670744908370571 91.125 -70.5 3.773592738198677 13 
0004 0004 6 1670744908396190 9.75 -61.5 3.454524734318464 13 
0004 0011 6 1670744908398328 -34.9375 -73.0 2.1046216409791 13 
0004 0000 6 1670744908401259 9.75 -67.5 2.724349879284899 13 
0004 0010 6 1670744908409277 6.5 -64.5 3.6754179677739964 13 
0004 0014 6 1670744908424937 -32.5 -63.5 2.3623304133438876 13 
0004 0009 6 1670744908426805 -3.25 -63.5 0.3436116964863836 13 
0004 0006 6 1670744908427741 -9.75 -61.5 3.9453985864418692 13 
0004 0011 7 1670744908478505 27.625 -56.5 1.1535535524900022 13 
0004 0007 7 1670744908483356 -9.75 -59.5 1.2701360923693108 13 
0004 0009 7 1670744908498034 -26.0 -66.5 2.466641106920111 13 
0004 0004 7 1670744908499847 -22.75 -65.5 2.5280003384355365 13 
0004 0015 7 1670744908505402 -126.9375 -68.5 2.7979809571034093 13 
0004 0011 8 1670744908556329 10.5625 -67.0 3.11091303783208 13 
0004 0000 8 1670744908557310 -104.125 -68.0 0.28838838812250056 13 
0004 0014 8 1670744908568431 26.0 -64.5 1.564660403643354 13 
0004 0009 8 1670744908574151 -9.75 -56.5 0.2270291566070749 13 
0004 0015 8 1670744908578152 104.125 -72.0 2.0371264863121317 13 
0004 0005 8 1670744908583640 3.25 -68.5 5.00077736850719 13 
0004 0000 2 1670744908870060 -29.25 -65.5 0.521553467881118 13 
0004 0007 2 1670744908884522 68.3125 -68.5 4.540583132141498 13 
0004 0007 3 1670744908921665 3.25 -66.0 1.1106020904292042 13 
0004 0004 3 1670744908925719 -81.375 -70.0 5.743224069843841 13 
0004 0000 4 1670744908981601 74.8125 -73.0 1.9512235621905356 13 
0004 0007 4 1670744908989735 0.0 -59.0 0.8774370106705868 13 
0004 0015 4 1670744908990929 61.8125 -67.0 5.6941366846315 13 
0004 0005 4 1670744908994417 -68.3125 -67.5 0.006135923151542565 13 
0004 0004 5 1670744909051831 3.25 -64.0 3.5465635815916023 13 
0004 0006 5 1670744909060589 19.5 -62.0 1.6996507129772904 13 
0004 0005 5 1670744909084820 -166.0 -71.5 6.068427996875596 13 
0004 0014 6 1670744909140223 52.0625 -60.5 1.8775924843720249 13 
0004 0006 6 1670744909150800 -19.5 -56.5 2.429825568010856 13 
0004 0001 6 1670744909163339 59.375 -71.5 3.736777199289422 13 
0004 0010 6 1670744909164330 61.8125 -68.5 2.0371264863121317 13 
0004 0000 6 1670744909166725 -55.3125 -68.0 5.086680292628786 13 
0004 0004 6 1670744909170157 -58.5625 -66.5 5.700272607783043 13 
0004 0007 7 1670744909218082 94.375 -68.5 1.1106020904292042 13 
0004 0009 7 1670744909219058 48.8125 -72.0 2.000310947402876 13 
0004 0015 7 1670744909220023 139.9375 -70.0 2.2089323345553233 13 
0004 0006 7 1670744909226094 29.25 -64.0 4.129476280988146 13 
0004 0004 7 1670744909229039 -22.75 -59.0 3.9085830475326135 13 
0004 0014 8 1670744909272877 61.8125 -63.5 1.8775924843720249 13 
0004 0004 8 1670744909282043 -74.8125 -69.0 5.5284667595398505 13 
0004 0009 8 1670744909284377 42.3125 -71.0 0.37429131224409645 13 
0004 0000 1 1670744909515156 -81.375 -70.5 5.632777453116074 13 
0004 0008 1 1670744909528051 -24.375 -68.5 0.9572040116406401 13 
0004 0000 2 1670744909609803 32.5 -69.5 4.3503695144436785 13 
0004 0000 4 1670744909710590 139.9375 -67.0 0.5338253141842031 13 
0004 0015 4 1670744909719226 39.0 -67.0 6.191146459906448 13 
0004 0007 4 1670744909721098 -39.0 -61.5 4.049709280018092 13 
0004 0005 4 1670744909730185 68.3125 -68.0 2.184388641949153 13 
0004 0003 4 1670744909733688 26.0 -72.0 2.9391071895888885 13 
0004 0004 5 1670744909767494 -26.0 -60.5 4.454680208019902 13 
0004 0005 5 1670744909773172 68.3125 -73.0 0.09817477042468103 13 
0004 0008 5 1670744909777214 -9.75 -64.5 1.2762720155208536 13 
0004 0006 5 1670744909787723 78.0625 -64.0 2.061670178918302 13 
0004 0010 5 1670744909791240 32.5 -68.5 4.822835597112456 13 
0004 0000 5 1670744909802800 55.3125 -70.0 0.9387962421860124 13 
0004 0002 5 1670744909806859 -61.8125 -70.5 4.147884050442774 13 
0004 0009 5 1670744909810261 -87.875 -71.0 1.000155473701438 13 
0004 0014 6 1670744909836310 6.5 -60.0 1.902136176978195 13 
0004 0001 6 1670744909841865 -48.8125 -71.5 3.0925052683774528 13 
0004 0009 6 1670744909844014 -32.5 -74.5 5.411884219660542 13 
0004 0004 6 1670744909846064 22.75 -60.0 4.09266074207889 13 
0004 0010 6 1670744909852060 -52.0625 -63.0 3.6079228131070282 13 
0004 0000 6 1670744909853914 26.0 -71.0 5.098952138931871 13 
0004 0006 6 1670744909855849 -26.0 -59.5 3.706097583531709 13 
0004 0011 7 1670744909902838 65.875 -69.5 5.491651220630596 13 
0004 0004 7 1670744909905401 -81.375 -60.5 1.3314953238847365 13 
0004 0006 7 1670744909911425 -3.25 -66.0 4.2031073588066565 13 
0004 0008 7 1670744909913050 78.0625 -65.0 1.902136176978195 13 
0004 0009 7 1670744909914322 -87.875 -67.0 0.8467573949128739 13 
0004 0005 7 1670744909916945 -130.1875 -71.5 6.074563920027139 13 
0004 0007 7 1670744909925133 -61.8125 -68.5 0.2761165418194154 13 
0004 0015 7 1670744909926937 445.9375 -72.0 1.8285050991596843 13 
0004 0014 8 1670744909962513 -22.75 -64.0 1.9512235621905356 13 
0004 0001 8 1670744909970917 -34.9375 -73.5 1.7671458676442586 13 
0004 0009 8 1670744909973547 78.0625 -68.0 5.393476450205914 13 
0004 0015 8 1670744909981611 159.5 -75.0 1.9512235621905356 13 
0004 0010 8 1670744909982587 -35.75 -68.0 5.798447378207723 13 
0004 0008 1 1670744910200209 0.0 -67.0 0.9510680884890975 13 
0004 0000 1 1670744910223687 -175.75 -70.0 5.945709533844745 13 
0004 0000 2 1670744910275321 45.5625 -69.0 4.147884050442774 13 
0004 0011 2 1670744910282423 -87.0625 -71.0 1.9512235621905356 13 
0004 0015 4 1670744910387636 84.625 -67.0 6.19728238305799 13 
0004 0003 4 1670744910393146 -19.5 -72.5 3.6876898140770815 13 
0004 0007 4 1670744910395515 -26.0 -61.0 4.399456899656019 13 
0004 0005 4 1670744910397879 -22.75 -69.0 2.6998061866787286 13 
0004 0000 4 1670744910401365 45.5625 -69.0 1.4480778637640452 13 
0004 0006 5 1670744910437777 58.5625 -64.5 2.1537090261914402 13 
0004 0009 5 1670744910442619 68.3125 -69.0 1.1719613219446299 13 
0004 0002 5 1670744910443700 52.0625 -69.5 4.09266074207889 13 
0004 0004 5 1670744910447864 13.0 -60.5 4.227651051412827 13 
0004 0010 5 1670744910452550 71.5625 -68.0 4.884194828627882 13 
0004 0000 5 1670744910454009 -61.8125 -70.0 0.8897088569736719 13 
0004 0008 5 1670744910454956 -13.0 -65.0 1.0921943209745766 13 
0004 0000 6 1670744910516358 -139.9375 -73.0 5.47937937432751 13 
0004 0004 6 1670744910517291 -29.25 -61.0 3.9822141253511245 13 
0004 0001 6 1670744910523355 -114.6875 -70.5 2.7857091108003242 13 
0004 0006 6 1670744910526219 -22.75 -59.5 3.6447383520162835 13 
0004 0014 6 1670744910528356 0.0 -60.5 1.9266798695843652 13 
0004 0010 6 1670744910535920 -84.625 -63.0 3.5465635815916023 13 
0004 0009 6 1670744910553632 -19.5 -72.0 5.663457068873787 13 
0004 0004 7 1670744910586660 6.5 -60.5 1.2026409377023426 13 
0004 0009 7 1670744910592412 65.0625 -65.5 0.7363107781851077 13 
0004 0008 7 1670744910598347 39.0 -65.5 1.8775924843720249 13 
0004 0011 7 1670744910600824 -222.125 -70.5 5.8659425328746915 13 
0004 0005 7 1670744910607995 -26.0 -70.5 5.737088146692298 13 
0004 0006 7 1670744910610402 -9.75 -67.0 4.264466590322082 13 
0004 0007 7 1670744910613899 -19.5 -68.5 6.031612457966341 13 
0004 0015 7 1670744910615783 -113.875 -71.0 2.5402721847386216 13 
0004 0009 8 1670744910648847 19.5 -67.0 5.485515297479052 13 
0004 0014 8 1670744910654490 6.5 -64.0 1.8960002538266525 13 
0004 0010 8 1670744910655666 -39.0 -68.0 5.675728915176872 13 
0004 0015 8 1670744910657546 13.0 -74.5 2.227340104009951 13 
0004 0001 8 1670744910664338 41.5 -73.5 1.41126232485479 13 
0004 0008 1 1670744910906403 16.25 -67.5 0.705631162427395 13 
0004 0000 1 1670744910920849 -68.3125 -69.0 5.7616318392984684 13 
0004 0000 2 1670744910979365 -104.125 -67.0 4.154019973594316 13 
0004 0015 4 1670744911112658 22.75 -67.5 0.05522330836388308 13 
0004 0007 4 1670744911117446 9.75 -61.0 4.331961744989051 13 
0004 0005 4 1670744911122467 94.375 -69.0 2.521864415283994 13 
0004 0003 4 1670744911133682 208.3125 -72.5 3.3624858870453256 13 
0004 0000 4 1670744911134630 -35.75 -70.0 1.6873788666742053 13 
0004 0006 5 1670744911166568 74.8125 -64.5 2.2396119503130363 13 
0004 0002 5 1670744911170536 -35.75 -69.5 4.111068511533518 13 
0004 0010 5 1670744911172233 -130.1875 -68.0 5.074408446325701 13 
0004 0004 5 1670744911180637 -6.5 -60.5 4.331961744989051 13 
0004 0008 5 1670744911188936 58.5625 -66.0 1.030835089459151 13 
0004 0009 5 1670744911201130 -29.25 -70.5 1.1658253987930873 13 
0004 0000 5 1670744911216908 -100.875 -72.5 1.0369710126106935 13 
0004 0001 6 1670744911251483 -166.0 -70.5 2.8716120349219203 13 
0004 0006 6 1670744911256254 -9.75 -59.5 3.6386024288647407 13 
0004 0000 6 1670744911259657 -45.5625 -73.0 5.154175447295755 13 
0004 0014 6 1670744911264709 19.5 -60.0 1.8960002538266525 13 
0004 0010 6 1670744911266892 -42.3125 -63.5 3.761320891895592 13 
0004 0004 6 1670744911273626 0.0 -61.0 4.025165587411922 13 
0004 0009 6 1670744911284811 87.875 -73.0 5.332117218690489 13 
0004 0006 7 1670744911321501 39.0 -66.0 4.172427743048944 13 
0004 0004 7 1670744911328494 22.75 -61.0 1.2762720155208536 13 
0004 0008 7 1670744911329459 45.5625 -65.5 1.9144080232812801 13 
0004 0007 7 1670744911332859 -146.4375 -69.0 0.07363107781851078 13 
0004 0011 7 1670744911335778 -281.5625 -70.5 5.712544454086128 13 
0004 0009 7 1670744911336767 113.875 -66.5 0.4479223900626072 13 
0004 0005 7 1670744911341277 185.5 -71.0 5.227806525114265 13 
0004 0015 7 1670744911353817 -117.125 -72.0 2.767301341345697 13 
0004 0001 8 1670744911378043 55.3125 -74.0 1.4910293258248433 13 
0004 0014 8 1670744911383588 19.5 -63.5 1.902136176978195 13 
0004 0010 8 1670744911387113 -26.0 -68.0 5.651185222570702 13 
0004 0009 8 1670744911394398 19.5 -68.5 5.295301679781233 13 
0004 0015 8 1670744911408608 107.375 -74.5 1.9512235621905356 13 
0004 0000 1 1670744911643990 52.0625 -70.0 5.448699758569798 13 
0004 0008 1 1670744911645404 -16.25 -68.5 0.8406214717613314 13 
0004 0000 2 1670744911718724 -130.1875 -68.5 4.184699589352029 13 
0004 0011 2 1670744911745965 3.25 -70.0 1.7303303287350031 13 
0004 0005 4 1670744911833897 -100.875 -69.5 2.736621725587984 13 
0004 0007 4 1670744911834863 -26.0 -61.0 4.25833066717054 13 
0004 0015 4 1670744911841154 0.0 -66.5 0.09817477042468103 13 
0004 0000 4 1670744911843822 16.25 -71.0 1.3867186322486196 13 
0004 0003 4 1670744911854964 -94.375 -73.5 3.693825737228624 13 
0004 0006 5 1670744911889316 117.125 -64.5 2.12916533358527 13 
0004 0008 5 1670744911890563 45.5625 -66.5 1.055378782065321 13 
0004 0010 5 1670744911897143 16.25 -68.5 4.675573441475434 13 
0004 0004 5 1670744911902472 -9.75 -61.0 4.417864669110647 13 
0004 0009 5 1670744911911449 -6.5 -70.0 0.9203884727313847 13 
0004 0002 5 1670744911916652 -87.875 -70.5 4.270602513473625 13 
0004 0000 5 1670744911919955 -166.0 -70.0 1.2087768608538851 13 
0004 0014 6 1670744911959077 45.5625 -60.5 1.8530487917658545 13 
0004 0010 6 1670744911963030 26.0 -63.0 3.3624858870453256 13 
0004 0004 6 1670744911965859 -3.25 -61.0 4.061981126321178 13 
0004 0006 6 1670744911972523 -3.25 -60.0 3.5772431973493153 13 
0004 0001 6 1670744911984111 39.0 -70.5 2.448233337465483 13 
0004 0009 6 1670744911985541 -107.375 -74.0 5.368932757599744 13 
0004 0000 6 1670744911997345 22.75 -73.0 5.092816215780329 13 
0004 0008 7 1670744912037693 22.75 -66.0 1.8653206380689396 13 
0004 0007 7 1670744912039828 -3.25 -69.0 6.1420590746941075 13 
0004 0009 7 1670744912047497 52.0625 -67.5 0.6749515466696822 13 
0004 0011 7 1670744912049005 -3.25 -70.5 5.356660911296659 13 
0004 0006 7 1670744912052383 42.3125 -67.0 4.154019973594316 13 
0004 0004 7 1670744912057384 -19.5 -60.5 1.41126232485479 13 
0004 0015 7 1670744912061536 -142.375 -70.5 2.7979809571034093 13 
0004 0005 7 1670744912068035 22.75 -70.0 5.66959299202533 13 
0004 0009 8 1670744912099619 -6.5 -68.0 5.381204603902829 13 
0004 0010 8 1670744912103586 22.75 -68.0 5.565282298449106 13 
0004 0001 8 1670744912104564 -156.1875 -74.0 1.7916895602504288 13 
0004 0014 8 1670744912112555 19.5 -64.0 1.9266798695843652 13 
0004 0015 8 1670744912127406 -19.5 -74.0 2.3746022596469727 13 
