0006 0005 1 1670744947100058 -3.25 -65.0 0.6135923151542565 15 
0006 0008 1 1670744947102762 21.125 -70.0 4.074252972624263 15 
0006 0002 1 1670744947104959 -42.3125 -70.5 5.074408446325701 15 
0006 0009 1 1670744947109564 -19.5 -54.5 5.184855063053467 15 
0006 0003 1 1670744947111276 -29.25 -67.0 2.3193789512830896 15 
0006 0015 1 1670744947115353 48.8125 -65.5 0.7915340865489908 15 
0006 0000 1 1670744947117905 -35.75 -64.5 3.3502140407422405 15 
0006 0004 1 1670744947121836 -42.3125 -62.0 1.4542137869155878 15 
0006 0014 1 1670744947125166 32.5 -67.0 0.7976700097005334 15 
0006 0014 2 1670744947179691 0.0 -63.5 1.736466251886546 15 
0006 0004 2 1670744947181347 -13.0 -62.5 4.516039439535327 15 
0006 0009 2 1670744947182497 -13.0 -56.0 1.5585244804918115 15 
0006 0000 2 1670744947186850 16.25 -62.5 5.66959299202533 15 
0006 0005 2 1670744947189729 -52.0625 -62.0 4.3074180523828804 15 
0006 0008 2 1670744947192942 -7.3125 -61.0 1.2578642460662257 15 
0006 0007 2 1670744947198868 143.1875 -69.5 6.105243535784852 15 
0006 0012 2 1670744947207712 -146.4375 -71.0 5.442563835418255 15 
0006 0002 2 1670744947227466 -55.3125 -71.5 2.5034566458293663 15 
0006 0009 3 1670744947267378 -61.8125 -65.5 5.019185137961818 15 
0006 0005 3 1670744947275768 16.25 -65.5 0.2638446955163303 15 
0006 0008 3 1670744947287025 -104.125 -65.5 3.098641191528995 15 
0006 0003 4 1670744947338185 -24.375 -61.5 5.105088062083414 15 
0006 0008 4 1670744947358755 21.125 -66.5 1.1596894756415448 15 
0006 0009 4 1670744947363775 152.9375 -69.5 3.663146121470911 15 
0006 0003 5 1670744947467120 -34.9375 -72.0 4.295146206079795 15 
0006 0004 7 1670744947584926 -9.75 -59.0 3.6386024288647407 15 
0006 0015 7 1670744947604896 17.0625 -66.0 2.098485717827557 15 
0006 0004 8 1670744947698796 48.8125 -63.5 5.037592907416445 15 
0006 0014 8 1670744947700625 26.0 -64.0 1.5585244804918115 15 
0006 0009 8 1670744947703037 -68.3125 -62.0 5.816855147662351 15 
0006 0005 8 1670744947710131 -19.5 -71.5 4.552854978444583 15 
0006 0008 8 1670744947716011 121.25 -73.0 0.22089323345553233 15 
0006 0009 1 1670744947955860 -32.5 -54.5 5.252350217720435 15 
0006 0001 1 1670744947963959 58.5625 -73.5 1.5585244804918115 15 
0006 0000 1 1670744947964908 16.25 -65.0 3.000466421104314 15 
0006 0004 1 1670744947968954 9.75 -62.0 1.4910293258248433 15 
0006 0015 1 1670744947970838 21.125 -65.0 1.0185632431560658 15 
0006 0005 1 1670744947975754 16.25 -65.0 0.7117670855789375 15 
0006 0014 1 1670744947979014 71.5625 -67.5 0.7669903939428205 15 
0006 0003 1 1670744947980387 24.375 -67.0 2.1782527187976104 15 
0006 0008 1 1670744947990325 45.5625 -70.0 4.270602513473625 15 
0006 0002 1 1670744947992011 -78.0625 -70.5 4.97623367590102 15 
0006 0005 2 1670744948037732 -29.25 -61.0 4.522175362686871 15 
0006 0007 2 1670744948041636 -16.25 -69.0 0.2454369260617026 15 
0006 0014 2 1670744948050075 68.3125 -63.5 1.6321555583103222 15 
0006 0009 2 1670744948051043 -35.75 -56.5 1.6382914814618648 15 
0006 0000 2 1670744948052263 39.0 -62.5 5.534602682691394 15 
0006 0004 2 1670744948053312 -32.5 -62.0 4.651029748869264 15 
0006 0008 2 1670744948055431 7.3125 -61.0 1.380582709097077 15 
0006 0008 3 1670744948112400 -34.9375 -65.5 3.074097498922825 15 
0006 0009 3 1670744948116978 32.5 -66.0 4.853515212870168 15 
0006 0005 3 1670744948125012 -87.875 -65.0 0.521553467881118 15 
0006 0008 4 1670744948208057 21.125 -66.5 1.1474176293384597 15 
0006 0009 4 1670744948213372 -65.0625 -69.5 3.9699422790480394 15 
0006 0003 4 1670744948214511 3.25 -61.5 5.190990986205009 15 
0006 0003 5 1670744948277424 48.8125 -72.0 4.006757817957295 15 
0006 0015 7 1670744948436536 -27.625 -65.5 2.116893487282185 15 
0006 0004 7 1670744948443006 3.25 -59.0 3.6815538909255388 15 
0006 0009 8 1670744948518778 -19.5 -62.0 5.681864838328415 15 
0006 0005 8 1670744948521258 -94.375 -72.0 4.73693267299086 15 
0006 0014 8 1670744948530083 26.0 -64.5 1.5707963267948966 15 
0006 0004 8 1670744948543273 -61.8125 -63.5 5.301437602932776 15 
0006 0008 8 1670744948545808 62.625 -72.5 0.19634954084936207 15 
0006 0005 1 1670744948766662 16.25 -67.0 0.6810874698212247 15 
0006 0004 1 1670744948770343 -3.25 -61.5 1.6321555583103222 15 
0006 0015 1 1670744948771305 7.3125 -65.5 1.0799224746714913 15 
0006 0000 1 1670744948772741 -68.3125 -66.0 3.147728576741336 15 
0006 0003 1 1670744948774946 -87.0625 -67.5 2.448233337465483 15 
0006 0009 1 1670744948780035 -52.0625 -55.5 5.393476450205914 15 
0006 0014 1 1670744948780999 -84.625 -68.5 0.9203884727313847 15 
0006 0008 1 1670744948782908 22.75 -68.0 4.755340442445488 15 
0006 0002 1 1670744948785740 -159.5 -70.0 5.411884219660542 15 
0006 0012 1 1670744948796300 104.125 -74.0 1.0369710126106935 15 
0006 0001 1 1670744948804024 91.125 -73.0 2.1230294104337273 15 
0006 0000 2 1670744948837051 -26.0 -63.0 5.8659425328746915 15 
0006 0009 2 1670744948840536 16.25 -57.5 1.1780972450961724 15 
0006 0008 2 1670744948844008 -38.1875 -60.0 2.5586799541932495 15 
0006 0004 2 1670744948849944 -84.625 -60.5 5.148039524144211 15 
0006 0014 2 1670744948852403 6.5 -64.0 1.6260196351587797 15 
0006 0005 2 1670744948859808 55.3125 -66.0 3.9147189706841563 15 
0006 0012 2 1670744948879979 -166.0 -71.0 5.798447378207723 15 
0006 0009 3 1670744948950680 -6.5 -68.0 4.227651051412827 15 
0006 0000 3 1670744948960204 19.5 -66.5 0.5890486225480862 15 
0006 0008 4 1670744949031848 -7.3125 -67.0 0.07363107781851078 15 
0006 0003 4 1670744949048078 13.8125 -63.0 5.301437602932776 15 
0006 0003 5 1670744949120417 -410.125 -72.5 5.890486225480862 15 
0006 0008 7 1670744949268358 45.5625 -62.5 6.227961998815704 15 
0006 0015 7 1670744949283422 59.375 -65.0 1.8530487917658545 15 
0006 0004 8 1670744949333515 55.3125 -70.5 1.2455923997631406 15 
0006 0014 8 1670744949351031 -6.5 -66.0 0.9019807032767571 15 
0006 0000 1 1670744949565918 29.25 -59.0 6.19728238305799 15 
0006 0015 1 1670744949578261 104.125 -62.0 0.5706408530934585 15 
0006 0001 1 1670744949584641 68.3125 -67.5 1.5155730184310134 15 
0006 0014 1 1670744949590952 -32.5 -63.5 0.7792622402459057 15 
0006 0003 1 1670744949599652 52.0625 -71.0 3.393165502803038 15 
0006 0001 2 1670744949649187 -68.3125 -67.5 5.203262832508095 15 
0006 0000 2 1670744949652032 58.5625 -58.0 2.9513790358919736 15 
0006 0002 2 1670744949661878 42.3125 -66.5 2.098485717827557 15 
0006 0014 2 1670744949664711 29.25 -65.0 1.7855536370988863 15 
0006 0001 3 1670744949717440 -71.5625 -67.5 1.3130875544301088 15 
0006 0015 7 1670744949958951 -52.0625 -68.0 2.116893487282185 15 
0006 0004 7 1670744949964571 -97.625 -70.5 2.2457478734645786 15 
0006 0001 7 1670744949965550 32.5 -61.5 5.227806525114265 15 
0006 0014 8 1670744950015509 13.0 -66.5 1.4726215563702154 15 
0006 0014 1 1670744950260066 29.25 -62.0 0.9203884727313847 15 
0006 0001 1 1670744950267289 -188.75 -69.5 1.0185632431560658 15 
0006 0015 1 1670744950272998 52.0625 -60.5 0.6994952392758523 15 
0006 0000 1 1670744950277676 -16.25 -59.0 0.5583690067903734 15 
0006 0003 1 1670744950280111 -62.625 -66.5 2.773437264497239 15 
0006 0002 1 1670744950282888 -253.875 -73.0 5.595961914206819 15 
0006 0014 2 1670744950322959 13.0 -66.5 1.9880391010997909 15 
0006 0002 2 1670744950328804 130.1875 -65.5 2.1537090261914402 15 
0006 0000 2 1670744950333861 55.3125 -62.0 3.067961575771282 15 
0006 0001 2 1670744950337726 -3.25 -66.0 4.1601558967458585 15 
0006 0003 2 1670744950344205 -34.9375 -68.5 4.546719055293041 15 
0006 0014 5 1670744950520722 16.25 -71.5 4.2031073588066565 15 
0006 0015 7 1670744950653934 104.125 -68.0 1.945087639038993 15 
0006 0001 7 1670744950663157 -42.3125 -61.0 5.21553467881118 15 
0006 0004 7 1670744950667777 16.25 -72.5 2.073942025221387 15 
0006 0014 8 1670744950698836 -39.0 -66.5 1.607611865704152 15 
0006 0000 1 1670744950937165 9.75 -59.5 0.4724660826687775 15 
0006 0001 1 1670744950941018 -68.3125 -70.5 0.5890486225480862 15 
0006 0015 1 1670744950946779 17.0625 -61.5 0.7485826244881929 15 
0006 0003 1 1670744950957748 -10.5625 -67.0 2.736621725587984 15 
0006 0002 1 1670744950958985 -319.0 -73.0 5.565282298449106 15 
0006 0014 1 1670744950966038 22.75 -62.5 0.9265243958829272 15 
0006 0001 2 1670744950997211 3.25 -66.5 4.154019973594316 15 
0006 0000 2 1670744951005849 -26.0 -62.0 3.2520392703175593 15 
0006 0014 2 1670744951010419 -3.25 -65.0 2.024854640009046 15 
0006 0002 2 1670744951012006 16.25 -66.0 2.3071071049800045 15 
0006 0003 2 1670744951040960 17.0625 -70.0 4.528311285838413 15 
0006 0001 3 1670744951085347 52.0625 -70.0 0.7485826244881929 15 
0006 0014 5 1670744951213178 -107.375 -71.5 4.460816131171445 15 
0006 0001 7 1670744951348736 -35.75 -61.0 5.246214294568893 15 
0006 0015 7 1670744951350837 -83.0 -67.5 2.2150682577068657 15 
0006 0004 7 1670744951365685 -179.0 -72.5 2.411417798556228 15 
0006 0014 8 1670744951410673 48.8125 -67.5 1.4051264017032472 15 
0006 0003 1 1670744951638926 97.625 -67.0 2.466641106920111 15 
0006 0000 1 1670744951648630 6.5 -59.5 0.4356505437595221 15 
0006 0014 1 1670744951664106 -19.5 -61.5 0.8713010875190442 15 
0006 0015 1 1670744951665064 -10.5625 -60.5 0.7485826244881929 15 
0006 0001 1 1670744951666692 -58.5625 -71.0 0.7915340865489908 15 
0006 0002 1 1670744951678807 -74.8125 -75.0 5.418020142812084 15 
0006 0000 2 1670744951714056 3.25 -61.5 3.215223731408304 15 
0006 0002 2 1670744951717988 -6.5 -65.5 2.3930100291016 15 
0006 0014 2 1670744951721883 -16.25 -65.5 2.055534255766759 15 
0006 0001 2 1670744951731324 13.0 -66.5 4.1417481272912315 15 
0006 0001 3 1670744951778232 -58.5625 -69.0 0.9694758579437253 15 
0006 0001 7 1670744952059259 -126.9375 -61.5 5.424156065963627 15 
0006 0004 7 1670744952065445 377.5625 -71.5 1.7548740213411735 15 
0006 0015 7 1670744952071649 76.4375 -67.5 1.9634954084936207 15 
