0001 0004 1 1670744947103801 110.625 -69.0 4.540583132141498 1 
0001 0005 1 1670744947113413 -35.75 -70.5 1.859184714917397 1 
0001 0013 4 1670744947330821 -16.25 -66.5 2.6875343403756435 1 
0001 0012 4 1670744947333233 22.75 -70.5 4.049709280018092 1 
0001 0004 4 1670744947345607 -58.5625 -72.0 3.5895150436524004 1 
0001 0014 4 1670744947362822 -42.3125 -70.0 4.289010282928253 1 
0001 0014 5 1670744947415984 -61.8125 -64.0 4.239922897715912 1 
0001 0004 5 1670744947421164 -16.25 -57.0 5.976389149602458 1 
0001 0005 5 1670744947427323 42.3125 -65.5 1.6444274046134073 1 
0001 0011 5 1670744947431618 -39.0 -63.5 2.435961491162398 1 
0001 0013 5 1670744947437327 55.3125 -58.5 5.884350302329319 1 
0001 0008 5 1670744947440328 -163.5625 -71.5 0.006135923151542565 1 
0001 0009 5 1670744947444333 -52.0625 -60.5 6.252505691421874 1 
0001 0012 5 1670744947446133 -13.0 -59.0 2.5341362615870793 1 
0001 0007 5 1670744947448626 26.0 -66.5 0.7424467013366504 1 
0001 0009 6 1670744947501364 -3.25 -57.5 5.160311370447297 1 
0001 0008 6 1670744947503283 52.0625 -68.5 5.9518454569962875 1 
0001 0011 6 1670744947504995 -13.0 -61.0 2.9329712664373457 1 
0001 0006 6 1670744947506396 -9.75 -67.0 4.006757817957295 1 
0001 0005 6 1670744947507600 -13.0 -58.5 3.80427235395639 1 
0001 0015 6 1670744947510289 0.0 -58.5 2.4175537217077703 1 
0001 0010 6 1670744947512920 -7.3125 -55.5 5.675728915176872 1 
0001 0013 6 1670744947516447 26.0 -53.0 1.9144080232812801 1 
0001 0004 6 1670744947522906 -35.75 -60.0 4.3503695144436785 1 
0001 0007 6 1670744947523855 -22.75 -61.0 1.8653206380689396 1 
0001 0012 6 1670744947527635 -42.3125 -55.5 2.399145952253143 1 
0001 0014 6 1670744947534836 -29.25 -65.0 2.399145952253143 1 
0001 0015 7 1670744947581135 71.5625 -64.5 5.957981380147831 1 
0001 0007 7 1670744947583752 -29.25 -61.0 3.8717675086233583 1 
0001 0005 7 1670744947585863 -13.0 -60.5 2.6200391857086753 1 
0001 0013 7 1670744947621662 81.375 -68.5 5.332117218690489 1 
0001 0012 7 1670744947629392 139.9375 -70.0 1.3621749396424494 1 
0001 0004 8 1670744947692510 -58.5625 -68.0 2.7120780329818137 1 
0001 0007 8 1670744947727811 52.0625 -71.0 3.1906800388021335 1 
0001 0004 1 1670744947971763 -65.0625 -70.0 5.209398755659637 1 
0001 0005 1 1670744947972726 -48.8125 -70.0 1.945087639038993 1 
0001 0013 4 1670744948200913 19.5 -65.5 2.6323110320117604 1 
0001 0012 4 1670744948203071 29.25 -71.5 4.227651051412827 1 
0001 0014 4 1670744948226497 -58.5625 -70.5 4.381049130201391 1 
0001 0004 4 1670744948241442 -26.0 -72.0 3.6324665057131984 1 
0001 0007 5 1670744948283244 3.25 -66.0 0.7976700097005334 1 
0001 0013 5 1670744948284291 -9.75 -58.5 5.982525072754001 1 
0001 0009 5 1670744948287607 52.0625 -61.0 6.050020227420969 1 
0001 0012 5 1670744948290412 35.75 -58.5 2.442097414313941 1 
0001 0011 5 1670744948294063 68.3125 -63.5 2.1230294104337273 1 
0001 0004 5 1670744948294982 6.5 -57.0 5.688000761479957 1 
0001 0014 5 1670744948296306 71.5625 -65.0 4.1172044346850605 1 
0001 0005 5 1670744948301300 -13.0 -67.0 1.6996507129772904 1 
0001 0008 5 1670744948313872 -149.6875 -71.0 6.258641614573416 1 
0001 0009 6 1670744948344602 -35.75 -57.5 5.148039524144211 1 
0001 0010 6 1670744948346522 0.0 -56.0 5.583690067903734 1 
0001 0005 6 1670744948349681 -13.0 -58.0 3.6876898140770815 1 
0001 0015 6 1670744948351625 -6.5 -59.0 2.380738182798515 1 
0001 0004 6 1670744948355848 -26.0 -60.0 4.09266074207889 1 
0001 0006 6 1670744948358471 26.0 -67.5 3.8410878928656453 1 
0001 0008 6 1670744948360320 -19.5 -69.0 5.853670686571607 1 
0001 0013 6 1670744948362500 -3.25 -53.5 2.000310947402876 1 
0001 0011 6 1670744948363479 -13.0 -61.0 2.8716120349219203 1 
0001 0007 6 1670744948366300 -29.25 -61.5 1.8530487917658545 1 
0001 0012 6 1670744948368454 -22.75 -55.5 2.3316507975861747 1 
0001 0014 6 1670744948369657 -22.75 -65.0 2.350058567040802 1 
0001 0005 7 1670744948426470 39.0 -60.0 2.429825568010856 1 
0001 0015 7 1670744948429442 -78.0625 -65.0 6.14819499784565 1 
0001 0013 7 1670744948451821 240.875 -70.5 4.896466674930966 1 
0001 0012 7 1670744948452801 205.0625 -70.0 1.4480778637640452 1 
0001 0007 7 1670744948462075 6.5 -62.0 3.5465635815916023 1 
0001 0004 8 1670744948520025 9.75 -67.5 2.5341362615870793 1 
0001 0007 8 1670744948544833 26.0 -72.0 3.1968159619536762 1 
0001 0005 1 1670744948800580 -16.25 -68.5 1.8346410223112268 1 
0001 0004 1 1670744948805243 42.3125 -69.0 5.0253210611133605 1 
0001 0015 2 1670744948842113 -257.125 -70.0 3.227495577711389 1 
0001 0012 3 1670744948963340 104.125 -72.5 1.1535535524900022 1 
0001 0014 4 1670744949023796 -3.25 -71.0 3.411573272257666 1 
0001 0012 4 1670744949036613 42.3125 -66.0 4.368777283898306 1 
0001 0013 4 1670744949052774 -3.25 -68.0 2.9575149590435164 1 
0001 0004 4 1670744949057201 -42.3125 -73.5 3.718369429834794 1 
0001 0007 5 1670744949089781 -58.5625 -64.0 1.2333205534600555 1 
0001 0011 5 1670744949090971 35.75 -63.0 2.804116880254952 1 
0001 0014 5 1670744949092418 -68.3125 -66.5 5.166447293598839 1 
0001 0013 5 1670744949097979 -48.8125 -62.0 0.4479223900626072 1 
0001 0012 5 1670744949100304 32.5 -62.5 1.7303303287350031 1 
0001 0004 5 1670744949104434 -39.0 -58.5 5.939573610693203 1 
0001 0009 5 1670744949110412 3.25 -62.0 5.270757987175063 1 
0001 0008 5 1670744949121944 -26.0 -67.0 0.30066023442558565 1 
0001 0005 5 1670744949123347 42.3125 -65.5 1.8775924843720249 1 
0001 0002 6 1670744949175893 -78.0625 -73.0 3.2029518851052186 1 
0001 0011 6 1670744949176853 -3.25 -64.5 6.234097921967246 1 
0001 0009 6 1670744949178301 -9.75 -58.0 3.77972866135022 1 
0001 0007 6 1670744949183048 0.0 -56.5 1.2333205534600555 1 
0001 0004 6 1670744949186180 -3.25 -63.5 3.509748042682347 1 
0001 0013 6 1670744949189028 -9.75 -52.0 2.411417798556228 1 
0001 0010 6 1670744949189963 -13.0 -60.0 3.718369429834794 1 
0001 0005 6 1670744949192599 -6.5 -56.5 3.902447124381071 1 
0001 0006 6 1670744949201282 100.875 -70.5 1.945087639038993 1 
0001 0014 6 1670744949213629 3.25 -63.0 1.055378782065321 1 
0001 0015 6 1670744949217030 9.75 -61.5 1.227184630308513 1 
0001 0008 6 1670744949217993 -16.25 -64.0 4.534447208989955 1 
0001 0007 7 1670744949273135 -13.0 -58.5 4.988505522204105 1 
0001 0005 7 1670744949275661 0.0 -60.5 4.9394181369917645 1 
0001 0015 7 1670744949290460 45.5625 -69.0 2.1782527187976104 1 
0001 0005 1 1670744949571360 -22.75 -63.0 3.902447124381071 1 
0001 0004 1 1670744949594294 -61.8125 -71.5 1.1535535524900022 1 
0001 0007 2 1670744949654927 -139.9375 -69.0 1.9757672547967058 1 
0001 0006 5 1670744949820416 -71.5625 -70.0 5.283029833478148 1 
0001 0005 5 1670744949821408 39.0 -65.5 4.264466590322082 1 
0001 0004 5 1670744949823261 -61.8125 -59.5 5.405748296509 1 
0001 0015 5 1670744949825415 -139.9375 -68.5 3.56497135104623 1 
0001 0007 5 1670744949841474 -42.3125 -68.5 3.3870295796514958 1 
0001 0015 6 1670744949878381 74.8125 -70.0 0.8467573949128739 1 
0001 0006 6 1670744949891912 29.25 -64.5 0.2761165418194154 1 
0001 0007 6 1670744949901872 -26.0 -64.0 4.4976316700806995 1 
0001 0005 6 1670744949910208 -35.75 -67.0 1.380582709097077 1 
0001 0007 7 1670744949949251 22.75 -64.0 5.227806525114265 1 
0001 0005 7 1670744949959869 -22.75 -57.0 4.178563666200486 1 
0001 0007 8 1670744950006192 -13.0 -68.5 4.215379205109742 1 
0001 0005 8 1670744950021457 -9.75 -68.5 3.5465635815916023 1 
0001 0005 3 1670744950399859 -52.0625 -70.0 4.9823695990525625 1 
0001 0007 5 1670744950499967 -29.25 -70.5 4.626486056263094 1 
0001 0015 5 1670744950501173 -100.875 -71.5 3.2520392703175593 1 
0001 0005 5 1670744950504768 9.75 -67.0 3.368621810196868 1 
0001 0004 5 1670744950516014 -3.25 -58.5 4.154019973594316 1 
0001 0006 6 1670744950565862 6.5 -64.5 0.1227184630308513 1 
0001 0005 6 1670744950580866 52.0625 -65.5 1.0615147052168636 1 
0001 0007 6 1670744950584713 -22.75 -63.0 4.816699673960914 1 
0001 0015 6 1670744950593892 -16.25 -69.5 0.7547185476397354 1 
0001 0005 7 1670744950636492 -71.5625 -56.5 4.4976316700806995 1 
0001 0007 7 1670744950649323 -68.3125 -66.0 4.963961829597935 1 
0001 0007 8 1670744950709225 -65.0625 -68.5 4.614214209960009 1 
0001 0005 8 1670744950710216 -48.8125 -66.5 3.6876898140770815 1 
0001 0005 1 1670744950935934 113.875 -68.0 1.5585244804918115 1 
0001 0005 3 1670744951079525 78.0625 -70.5 5.190990986205009 1 
0001 0004 5 1670744951179413 9.75 -58.0 4.04357335686655 1 
0001 0005 5 1670744951189485 -52.0625 -66.5 3.7429131224409646 1 
0001 0015 5 1670744951209879 172.5 -71.0 2.521864415283994 1 
0001 0007 5 1670744951221963 -123.6875 -70.0 4.681709364626977 1 
0001 0007 6 1670744951261218 16.25 -63.0 4.724660826687775 1 
0001 0015 6 1670744951274889 91.125 -70.0 0.4172427743048944 1 
0001 0005 6 1670744951278560 19.5 -65.0 1.0737865515199487 1 
0001 0006 6 1670744951280738 0.0 -65.0 0.018407769454627694 1 
0001 0014 6 1670744951283145 32.5 -74.0 1.2333205534600555 1 
0001 0005 7 1670744951347013 13.0 -57.0 4.442408361716817 1 
0001 0007 7 1670744951352935 -110.625 -66.0 4.841243366567084 1 
0001 0005 8 1670744951401100 -61.8125 -67.0 3.8410878928656453 1 
0001 0007 8 1670744951420211 -32.5 -69.0 4.534447208989955 1 
0001 0005 1 1670744951655801 78.0625 -68.0 1.736466251886546 1 
0001 0005 3 1670744951790533 45.5625 -70.5 5.387340527054372 1 
0001 0005 5 1670744951889175 -52.0625 -66.5 3.56497135104623 1 
0001 0015 5 1670744951890336 48.8125 -70.0 2.6261751088602177 1 
0001 0004 5 1670744951898343 -6.5 -58.0 4.025165587411922 1 
0001 0007 5 1670744951923739 26.0 -70.0 4.3503695144436785 1 
0001 0007 6 1670744951991875 -13.0 -63.5 4.749204519293945 1 
0001 0005 6 1670744951995491 65.0625 -64.5 0.8897088569736719 1 
0001 0006 6 1670744951996457 -48.8125 -64.0 0.04908738521234052 1 
0001 0015 6 1670744952005970 -9.75 -69.5 0.6258641614573416 1 
0001 0014 6 1670744952014765 117.125 -72.0 1.0737865515199487 1 
0001 0007 7 1670744952053321 26.0 -66.5 4.718524903536232 1 
0001 0005 7 1670744952058279 -13.0 -56.5 4.485359823777615 1 
