0007 0014 1 1670745016419831 -13.0 -63.0 3.9515345095934116 6 
0007 0012 1 1670745016420792 3.25 -59.0 3.8963112012295285 6 
0007 0001 1 1670745016421725 -13.8125 -61.0 3.141592653589793 6 
0007 0008 1 1670745016423171 -58.5625 -65.0 0.1595340019401067 6 
0007 0003 1 1670745016425846 -22.75 -55.0 4.9394181369917645 6 
0007 0005 1 1670745016437878 -42.3125 -67.0 6.056156150572511 6 
0007 0010 1 1670745016441598 -27.625 -62.0 5.3627968344482015 6 
0007 0011 1 1670745016442560 -32.5 -62.0 4.374913207049849 6 
0007 0015 1 1670745016459012 -87.875 -70.5 0.23930100291016002 6 
0007 0003 2 1670745016494685 -45.5625 -64.5 2.7857091108003242 6 
0007 0011 2 1670745016495606 -257.125 -69.5 2.9636508821950587 6 
0007 0008 2 1670745016501728 9.75 -59.0 2.6998061866787286 6 
0007 0005 3 1670745016564634 0.0 -65.0 5.240078371417351 6 
0007 0015 3 1670745016565954 42.3125 -56.0 2.043262409463674 6 
0007 0014 3 1670745016567212 -6.5 -62.0 0.4540583132141498 6 
0007 0007 3 1670745016568812 110.625 -64.0 2.8102528034064944 6 
0007 0014 4 1670745016641861 -175.75 -71.0 3.6815538909255388 6 
0007 0015 4 1670745016651518 -97.625 -68.0 2.325514874434632 6 
0007 0012 7 1670745016869899 -198.5625 -70.0 6.031612457966341 6 
0007 0008 7 1670745016874913 -58.5625 -63.0 5.737088146692298 6 
0007 0011 7 1670745016903264 -78.0625 -71.0 0.7792622402459057 6 
0007 0011 8 1670745016950901 32.5 -67.5 3.485204350076177 6 
0007 0014 8 1670745016961794 -9.75 -62.0 2.5770877236478773 6 
0007 0015 8 1670745016966611 13.0 -69.5 3.80427235395639 6 
0007 0010 8 1670745016975976 24.375 -71.0 5.043728830567988 6 
0007 0008 8 1670745016979440 42.3125 -69.0 0.9265243958829272 6 
0007 0004 8 1670745016980416 -104.125 -71.5 5.773903685601553 6 
0007 0001 1 1670745017218969 27.625 -60.5 3.2459033471660166 6 
0007 0003 1 1670745017219977 -26.0 -55.5 4.908738521234052 6 
0007 0008 1 1670745017221425 -13.0 -64.5 0.34974761963792617 6 
0007 0011 1 1670745017230579 3.25 -61.5 4.06811704947272 6 
0007 0012 1 1670745017232508 -30.875 -57.5 3.902447124381071 6 
0007 0005 1 1670745017234133 -13.0 -67.0 5.442563835418255 6 
0007 0010 1 1670745017238107 52.0625 -61.0 4.7307967498393175 6 
0007 0014 1 1670745017240529 22.75 -63.0 3.56497135104623 6 
0007 0015 1 1670745017252305 -22.75 -67.0 0.4540583132141498 6 
0007 0009 1 1670745017254449 29.25 -67.5 0.4970097752749477 6 
0007 0008 2 1670745017296410 52.0625 -60.0 2.662990647769473 6 
0007 0003 2 1670745017304058 -91.125 -64.0 2.5893595699509624 6 
0007 0011 2 1670745017306280 -286.4375 -69.0 2.5402721847386216 6 
0007 0015 3 1670745017346691 0.0 -57.0 2.2948352586769194 6 
0007 0014 3 1670745017348720 -9.75 -62.5 0.9756117810952678 6 
0007 0009 3 1670745017350877 -48.8125 -67.0 3.5711072741977725 6 
0007 0005 3 1670745017356007 35.75 -64.0 5.540738605842936 6 
0007 0007 3 1670745017358645 84.625 -64.5 2.8838838812250054 6 
0007 0014 4 1670745017432011 -45.5625 -70.0 4.01902966426038 6 
0007 0015 4 1670745017455192 107.375 -69.5 2.073942025221387 6 
0007 0011 7 1670745017688895 205.0625 -71.5 0.6320000846088841 6 
0007 0012 7 1670745017693608 142.375 -69.5 6.1420590746941075 6 
0007 0008 7 1670745017703153 104.125 -63.5 5.325981295538946 6 
0007 0011 8 1670745017740224 -61.8125 -65.5 3.9638063558964967 6 
0007 0008 8 1670745017744145 91.125 -68.5 0.6442719309119693 6 
0007 0014 8 1670745017753811 16.25 -62.0 2.5341362615870793 6 
0007 0015 8 1670745017764884 -48.8125 -68.5 3.9147189706841563 6 
0007 0004 8 1670745017778560 3.25 -71.5 0.07363107781851078 6 
0007 0014 1 1670745018001137 0.0 -62.5 4.074252972624263 6 
0007 0004 1 1670745018002329 -19.5 -63.5 5.982525072754001 6 
0007 0008 1 1670745018003493 -16.25 -56.0 4.1601558967458585 6 
0007 0001 1 1670745018009707 69.125 -61.0 1.521708941582556 6 
0007 0003 1 1670745018010671 26.0 -54.5 1.368310862793992 6 
0007 0012 1 1670745018012127 -16.25 -59.0 0.11044661672776616 6 
0007 0011 1 1670745018014331 -6.5 -59.5 6.043884304269426 6 
0007 0010 1 1670745018022005 17.0625 -57.0 0.7240389318820226 6 
0007 0000 1 1670745018030064 -188.75 -71.5 3.847223816017188 6 
0007 0014 2 1670745018071578 97.625 -64.5 1.8162332528565992 6 
0007 0003 2 1670745018074226 -58.5625 -66.5 4.1417481272912315 6 
0007 0008 2 1670745018076897 45.5625 -60.5 3.4054373491061236 6 
0007 0004 2 1670745018083966 73.1875 -67.0 4.724660826687775 6 
0007 0013 2 1670745018088492 -52.0625 -65.5 2.067806102069844 6 
0007 0010 2 1670745018109734 41.5 -69.0 3.215223731408304 6 
0007 0003 3 1670745018168129 123.6875 -67.0 3.7981364308048478 6 
0007 0015 3 1670745018176915 -58.5625 -59.0 0.7853981633974483 6 
0007 0009 3 1670745018181422 -58.5625 -65.5 6.240233845118788 6 
0007 0005 3 1670745018182371 42.3125 -70.5 5.921165841238575 6 
0007 0014 3 1670745018183317 -22.75 -60.5 4.356505437595221 6 
0007 0011 3 1670745018184507 -133.4375 -70.5 2.1230294104337273 6 
0007 0001 3 1670745018194097 87.0625 -67.0 0.5829126993965437 6 
0007 0004 4 1670745018274635 62.625 -70.0 1.000155473701438 6 
0007 0001 4 1670745018276750 -34.9375 -68.5 2.705942109830271 6 
0007 0004 7 1670745018488847 17.0625 -60.5 0.39269908169872414 6 
0007 0012 7 1670745018507460 -17.0625 -63.5 1.4419419406125027 6 
0007 0013 7 1670745018516729 61.8125 -71.0 3.6079228131070282 6 
0007 0008 8 1670745018553233 -22.75 -62.0 3.11091303783208 6 
0007 0010 8 1670745018554688 -10.5625 -62.0 3.890175278077986 6 
0007 0012 8 1670745018555577 -21.125 -61.0 5.0682725231741586 6 
0007 0014 8 1670745018557841 6.5 -62.5 2.36846633649543 6 
0007 0004 8 1670745018560131 21.125 -60.5 3.7551849687440497 6 
0007 0003 8 1670745018573359 -87.875 -72.0 4.479223900626073 6 
0007 0010 1 1670745018786179 7.3125 -48.0 1.4787574795217582 6 
0007 0000 1 1670745018787102 45.5625 -65.5 2.184388641949153 6 
0007 0011 1 1670745018790626 16.25 -47.5 1.3744467859455345 6 
0007 0005 1 1670745018793882 13.0 -56.0 5.964117303299373 6 
0007 0012 1 1670745018797716 -6.5 -54.0 3.3072625786814425 6 
0007 0007 1 1670745018801088 58.5625 -58.0 1.859184714917397 6 
0007 0004 1 1670745018801962 24.375 -50.5 4.331961744989051 6 
0007 0008 1 1670745018802884 -3.25 -49.0 0.6381360077604268 6 
0007 0014 1 1670745018805815 81.375 -64.5 4.552854978444583 6 
0007 0001 1 1670745018807000 13.8125 -60.5 2.337786720737717 6 
0007 0015 1 1670745018814625 48.8125 -68.0 4.1601558967458585 6 
0007 0003 2 1670745018837856 -29.25 -59.5 4.037437433715008 6 
0007 0013 2 1670745018840026 -16.25 -57.5 4.368777283898306 6 
0007 0001 2 1670745018843726 -9.75 -66.5 2.337786720737717 6 
0007 0014 2 1670745018846251 -87.875 -66.0 2.5402721847386216 6 
0007 0009 2 1670745018847496 -22.75 -57.0 2.859340188618835 6 
0007 0004 2 1670745018848501 -91.125 -69.0 3.4913402732277192 6 
0007 0005 2 1670745018851804 -55.3125 -68.0 0.9940195505498954 6 
0007 0008 2 1670745018854795 19.5 -67.0 4.914874444385594 6 
0007 0011 2 1670745018856014 -78.0625 -68.5 0.5460971604872883 6 
0007 0015 2 1670745018857714 91.125 -69.5 3.773592738198677 6 
0007 0000 2 1670745018861307 -247.375 -70.5 2.509592568980909 6 
0007 0013 3 1670745018886978 42.3125 -66.0 4.601942363656923 6 
0007 0014 3 1670745018888522 26.0 -62.0 4.430136515413731 6 
0007 0007 3 1670745018899638 156.1875 -70.0 2.5402721847386216 6 
0007 0003 3 1670745018900799 6.5 -65.5 0.4111068511533518 6 
0007 0015 3 1670745018905443 -26.0 -58.5 1.2087768608538851 6 
0007 0012 3 1670745018906602 -10.5625 -68.0 2.5280003384355365 6 
0007 0001 3 1670745018914783 -208.3125 -72.5 3.2397674240144743 6 
0007 0003 4 1670745018954494 -16.25 -69.0 1.239456476611598 6 
0007 0004 4 1670745018971216 -45.5625 -70.0 1.564660403643354 6 
0007 0012 7 1670745019137403 -13.8125 -62.5 1.4480778637640452 6 
0007 0004 7 1670745019141705 27.625 -60.5 0.28838838812250056 6 
0007 0003 8 1670745019206884 -16.25 -71.5 5.565282298449106 6 
0007 0008 8 1670745019209325 -9.75 -61.5 3.5281558121369745 6 
0007 0013 8 1670745019214612 52.0625 -69.5 1.6260196351587797 6 
0007 0012 8 1670745019215584 -9.75 -60.5 5.270757987175063 6 
0007 0014 8 1670745019219822 16.25 -61.5 2.6691265709210157 6 
0007 0004 8 1670745019221265 -52.0625 -61.5 4.04357335686655 6 
0007 0010 8 1670745019224602 -59.375 -62.5 4.430136515413731 6 
0007 0001 1 1670745019457842 -32.5 -59.5 3.485204350076177 6 
0007 0010 1 1670745019460783 0.0 -48.0 1.6689710972195777 6 
0007 0012 1 1670745019462501 -19.5 -53.5 3.5588354278946874 6 
0007 0011 1 1670745019463420 9.75 -47.0 1.8223691760081417 6 
0007 0004 1 1670745019464368 -7.3125 -51.5 4.681709364626977 6 
0007 0008 1 1670745019466489 0.0 -46.5 1.012427320004523 6 
0007 0005 1 1670745019469636 6.5 -55.5 0.6135923151542565 6 
0007 0000 1 1670745019471114 -52.0625 -64.5 2.8409324191642074 6 
0007 0007 1 1670745019472362 -32.5 -59.0 2.945243112740431 6 
0007 0014 1 1670745019481885 -19.5 -65.5 4.743068596142402 6 
0007 0015 1 1670745019484704 -52.0625 -69.5 4.583534594202296 6 
0007 0003 1 1670745019489952 81.375 -70.0 4.749204519293945 6 
0007 0013 2 1670745019516694 -6.5 -56.5 4.601942363656923 6 
0007 0009 2 1670745019518550 -9.75 -58.5 3.356349963893783 6 
0007 0003 2 1670745019520507 -48.8125 -58.0 4.878058905476339 6 
0007 0001 2 1670745019523972 27.625 -65.0 3.5772431973493153 6 
0007 0014 2 1670745019527168 -97.625 -66.0 2.650718801466388 6 
0007 0000 2 1670745019531018 -146.4375 -68.0 3.129320807286708 6 
0007 0008 2 1670745019532905 -74.8125 -64.5 5.5100589900852235 6 
0007 0005 2 1670745019542538 42.3125 -67.0 1.521708941582556 6 
0007 0011 2 1670745019544447 113.875 -67.5 0.47860200582032003 6 
0007 0015 2 1670745019551365 29.25 -71.0 4.025165587411922 6 
0007 0015 3 1670745019589206 39.0 -59.5 0.9510680884890975 6 
0007 0014 3 1670745019592793 -22.75 -62.0 4.4362724385652745 6 
0007 0013 3 1670745019593772 -13.0 -67.5 4.399456899656019 6 
0007 0003 3 1670745019599225 61.8125 -65.0 5.988660995905543 6 
0007 0012 3 1670745019603069 10.5625 -66.5 2.497320722677824 6 
0007 0004 4 1670745019672161 65.875 -70.5 1.1780972450961724 6 
0007 0003 4 1670745019677900 -136.6875 -70.5 0.9572040116406401 6 
0007 0012 7 1670745019872820 45.5625 -63.0 1.3130875544301088 6 
0007 0004 7 1670745019877056 42.3125 -60.5 0.16566992509164924 6 
0007 0013 7 1670745019904836 13.0 -71.0 4.025165587411922 6 
0007 0008 8 1670745019931372 6.5 -62.0 3.6692820446224537 6 
0007 0012 8 1670745019933494 -13.0 -60.5 5.270757987175063 6 
0007 0003 8 1670745019935575 -107.375 -71.0 5.092816215780329 6 
0007 0010 8 1670745019936492 -76.4375 -62.0 4.485359823777615 6 
0007 0014 8 1670745019937467 19.5 -62.0 2.6200391857086753 6 
0007 0004 8 1670745019940553 30.875 -61.5 3.7551849687440497 6 
0007 0013 8 1670745019949722 113.875 -69.0 1.3867186322486196 6 
0007 0010 1 1670745020176404 3.25 -48.5 1.552388557340269 6 
0007 0005 1 1670745020177354 -3.25 -55.0 0.3129320807286708 6 
0007 0003 1 1670745020179868 3.25 -70.5 4.651029748869264 6 
0007 0012 1 1670745020181305 0.0 -53.5 3.3195344249845276 6 
0007 0007 1 1670745020184704 32.5 -58.0 2.6200391857086753 6 
0007 0000 1 1670745020186659 -26.0 -65.0 2.5832236467994196 6 
0007 0008 1 1670745020188881 -9.75 -48.0 0.803805932852076 6 
0007 0001 1 1670745020190603 -17.0625 -60.0 3.129320807286708 6 
0007 0011 1 1670745020193346 0.0 -47.5 1.6444274046134073 6 
0007 0014 1 1670745020196494 -9.75 -64.5 4.693981210930062 6 
0007 0004 1 1670745020198404 -7.3125 -51.0 4.540583132141498 6 
0007 0015 1 1670745020204131 91.125 -68.5 4.301282129231338 6 
0007 0009 2 1670745020268136 32.5 -59.0 2.8532042654672924 6 
0007 0003 2 1670745020269995 13.0 -58.5 4.399456899656019 6 
0007 0013 2 1670745020270987 13.0 -58.0 4.2031073588066565 6 
0007 0015 2 1670745020274745 -159.5 -69.5 4.295146206079795 6 
0007 0008 2 1670745020278900 -65.0625 -65.0 5.098952138931871 6 
0007 0014 2 1670745020281034 100.875 -65.5 2.227340104009951 6 
0007 0005 2 1670745020284277 61.8125 -67.0 1.2087768608538851 6 
0007 0011 2 1670745020285890 -48.8125 -66.5 0.5829126993965437 6 
0007 0001 2 1670745020290613 -27.625 -65.0 3.2520392703175593 6 
0007 0000 2 1670745020295718 133.4375 -71.0 2.5586799541932495 6 
0007 0004 2 1670745020310906 83.0 -69.5 3.172272269347506 6 
0007 0012 3 1670745020347810 169.25 -68.5 2.4175537217077703 6 
0007 0013 3 1670745020349496 -100.875 -66.0 4.95168998329485 6 
0007 0014 3 1670745020351646 -35.75 -62.5 4.565126824747668 6 
0007 0015 3 1670745020359411 -3.25 -58.5 1.2087768608538851 6 
0007 0003 3 1670745020360406 -48.8125 -66.0 0.3436116964863836 6 
0007 0004 3 1670745020375707 -263.625 -70.0 4.583534594202296 6 
0007 0004 4 1670745020406743 3.25 -68.0 1.7732817907958012 6 
0007 0003 4 1670745020415827 39.0 -69.0 1.3008157081270237 6 
0007 0012 7 1670745020598871 -52.0625 -64.0 1.012427320004523 6 
0007 0004 7 1670745020606608 13.0 -61.0 6.166602767300278 6 
0007 0013 7 1670745020632224 -149.6875 -71.5 3.9515345095934116 6 
0007 0014 8 1670745020666834 16.25 -62.5 2.5280003384355365 6 
0007 0004 8 1670745020671924 -55.3125 -61.0 3.6017868899554855 6 
0007 0010 8 1670745020672911 7.3125 -63.0 3.736777199289422 6 
0007 0013 8 1670745020677941 -16.25 -69.5 0.760854470791278 6 
0007 0012 8 1670745020685849 -16.25 -61.0 4.822835597112456 6 
0007 0008 8 1670745020688607 -9.75 -62.0 3.2213596545598464 6 
0007 0014 1 1670745020927367 13.0 -63.5 4.595806440505381 6 
0007 0008 1 1670745020930659 9.75 -48.0 0.6442719309119693 6 
0007 0012 1 1670745020932085 0.0 -53.5 3.3379421944391554 6 
0007 0004 1 1670745020933795 -24.375 -50.0 4.792155981354743 6 
0007 0000 1 1670745020939029 -35.75 -65.0 2.564815877344792 6 
0007 0005 1 1670745020939991 29.25 -55.5 5.829126993965437 6 
0007 0015 1 1670745020940925 19.5 -69.0 4.362641360746763 6 
0007 0001 1 1670745020941884 17.0625 -60.5 3.834951969714103 6 
0007 0007 1 1670745020946376 -3.25 -58.5 2.018718716857504 6 
0007 0011 1 1670745020951151 19.5 -48.5 1.3130875544301088 6 
0007 0010 1 1670745020952337 10.5625 -48.0 1.5462526341887264 6 
0007 0014 2 1670745020976821 94.375 -66.5 2.4175537217077703 6 
0007 0001 2 1670745020978562 30.875 -65.5 3.9760782021995817 6 
0007 0009 2 1670745020981680 -55.3125 -58.0 3.0250101137104846 6 
0007 0008 2 1670745020982658 -9.75 -64.0 4.614214209960009 6 
0007 0013 2 1670745020985791 -9.75 -59.0 3.9576704327449543 6 
0007 0005 2 1670745020989178 -107.375 -65.5 1.3314953238847365 6 
0007 0003 2 1670745020994183 -22.75 -58.5 4.276738436625168 6 
0007 0011 2 1670745020997964 3.25 -68.0 0.11044661672776616 6 
0007 0015 2 1670745021004907 -74.8125 -70.0 4.061981126321178 6 
0007 0004 2 1670745021008714 41.5 -69.5 3.5772431973493153 6 
0007 0000 2 1670745021016377 498.0 -70.5 1.7241944055834606 6 
0007 0012 3 1670745021049514 364.5625 -70.0 1.9634954084936207 6 
0007 0014 3 1670745021053374 -48.8125 -62.5 4.534447208989955 6 
0007 0003 3 1670745021055568 78.0625 -64.5 0.8958447801252144 6 
0007 0015 3 1670745021056798 -19.5 -57.5 1.2885438618239387 6 
0007 0013 3 1670745021059901 58.5625 -65.5 4.9823695990525625 6 
0007 0007 3 1670745021063179 29.25 -70.0 2.859340188618835 6 
0007 0004 4 1670745021118104 -10.5625 -68.5 1.3008157081270237 6 
0007 0003 4 1670745021124089 -130.1875 -70.0 2.2948352586769194 6 
0007 0013 6 1670745021247898 61.8125 -72.5 1.6935147898257479 6 
0007 0004 7 1670745021320668 24.375 -61.5 5.957981380147831 6 
0007 0012 7 1670745021328108 -26.0 -64.5 0.5092816215780329 6 
0007 0008 8 1670745021375957 0.0 -61.5 2.9513790358919736 6 
0007 0004 8 1670745021380064 3.25 -61.5 3.393165502803038 6 
0007 0014 8 1670745021387245 39.0 -62.0 2.4727770300716534 6 
0007 0010 8 1670745021389126 30.875 -63.5 3.4913402732277192 6 
0007 0001 8 1670745021397838 55.3125 -73.0 2.8102528034064944 6 
0007 0013 8 1670745021400246 26.0 -70.5 0.3374757733348411 6 
0007 0012 8 1670745021401235 3.25 -61.5 4.4976316700806995 6 
