0006 0001 2 1670746240117323 -87.875 -69.5 1.8223691760081417 17 
0006 0015 5 1670746240372318 -7.3125 -60.0 3.2827188860752723 17 
0006 0014 5 1670746240375915 -13.0 -62.5 3.56497135104623 17 
0006 0002 5 1670746240387223 81.375 -69.0 0.9081166264282996 17 
0006 0007 5 1670746240392316 13.0 -70.0 5.368932757599744 17 
0006 0002 6 1670746240436807 52.0625 -73.0 0.6504078540635119 17 
0006 0000 6 1670746240437787 -55.3125 -64.5 5.816855147662351 17 
0006 0015 6 1670746240446378 21.125 -64.0 1.4480778637640452 17 
0006 0001 6 1670746240463046 -117.125 -63.5 4.558990901596125 17 
0006 0015 7 1670746240506103 104.125 -69.0 2.024854640009046 17 
0006 0007 7 1670746240512287 26.0 -63.0 4.325825821837508 17 
0006 0001 7 1670746240514709 45.5625 -63.5 0.25157284921324513 17 
0006 0000 7 1670746240516860 -68.3125 -62.0 4.123340357836604 17 
0006 0005 7 1670746240535817 87.875 -68.0 3.0925052683774528 17 
0006 0005 8 1670746240588588 13.0 -59.5 1.7916895602504288 17 
0006 0007 8 1670746240597724 3.25 -70.5 4.2092432819582 17 
0006 0001 2 1670746240925596 39.0 -70.0 1.9205439464328227 17 
0006 0015 5 1670746241147406 10.5625 -60.0 3.227495577711389 17 
0006 0014 5 1670746241162133 -39.0 -62.5 3.5711072741977725 17 
0006 0002 5 1670746241181714 -48.8125 -69.5 0.9510680884890975 17 
0006 0007 5 1670746241188790 113.875 -70.0 5.0253210611133605 17 
0006 0001 6 1670746241218997 -32.5 -63.5 4.381049130201391 17 
0006 0000 6 1670746241228019 -29.25 -64.5 5.651185222570702 17 
0006 0015 6 1670746241244570 -17.0625 -64.0 1.4603497100671303 17 
0006 0002 6 1670746241252628 198.5625 -72.5 0.4663301595172349 17 
0006 0000 7 1670746241287595 29.25 -61.5 3.9699422790480394 17 
0006 0007 7 1670746241298083 -35.75 -63.5 4.430136515413731 17 
0006 0015 7 1670746241303859 -34.9375 -69.0 2.3071071049800045 17 
0006 0005 7 1670746241308147 -71.5625 -67.5 3.32567034813607 17 
0006 0001 7 1670746241311238 19.5 -64.0 0.46019423636569234 17 
0006 0005 8 1670746241367632 29.25 -60.0 1.7855536370988863 17 
0006 0007 8 1670746241394144 42.3125 -70.0 4.104932588381976 17 
0006 0005 1 1670746241610784 -9.75 -67.0 4.822835597112456 17 
0006 0000 1 1670746241631052 -100.875 -69.5 3.4606606574700063 17 
0006 0009 5 1670746241907649 55.3125 -64.5 0.04295146206079795 17 
0006 0008 5 1670746241909419 26.0 -60.0 1.5278448647340985 17 
0006 0007 5 1670746241910863 -13.0 -67.0 0.4663301595172349 17 
0006 0015 5 1670746241912887 13.8125 -61.0 3.479068426924634 17 
0006 0014 5 1670746241922206 -42.3125 -62.0 4.215379205109742 17 
0006 0002 5 1670746241947110 -81.375 -72.5 5.497787143782138 17 
0006 0014 6 1670746241980228 -6.5 -70.0 3.067961575771282 17 
0006 0015 6 1670746241988805 41.5 -62.0 1.141281706186917 17 
0006 0009 6 1670746241990959 -29.25 -56.5 5.264622064023521 17 
0006 0005 6 1670746241991922 13.0 -63.5 2.043262409463674 17 
0006 0008 6 1670746241992926 24.375 -54.5 0.5276893910326605 17 
0006 0002 6 1670746242009723 -247.375 -74.0 4.411728745959104 17 
0006 0000 7 1670746242052730 136.6875 -66.5 5.356660911296659 17 
0006 0005 7 1670746242062729 -52.0625 -64.5 2.1782527187976104 17 
0006 0007 7 1670746242066619 -19.5 -65.0 4.049709280018092 17 
0006 0005 8 1670746242135911 16.25 -55.5 2.9513790358919736 17 
0006 0003 8 1670746242137356 65.0625 -68.5 1.705786636128833 17 
0006 0009 8 1670746242139692 -3.25 -66.5 2.2764274892222915 17 
0006 0007 8 1670746242143953 94.375 -65.0 3.80427235395639 17 
0006 0001 8 1670746242150685 32.5 -68.0 3.3379421944391554 17 
0006 0008 8 1670746242162601 3.25 -61.0 6.227961998815704 17 
0006 0004 1 1670746242427248 -29.25 -70.0 2.435961491162398 17 
0006 0004 2 1670746242490182 159.5 -67.0 4.28287435977671 17 
0006 0004 3 1670746242620116 84.625 -69.5 5.424156065963627 17 
0006 0000 3 1670746242634900 136.6875 -69.5 0.3620194659410113 17 
0006 0009 4 1670746242720704 32.5 -67.5 1.012427320004523 17 
0006 0004 4 1670746242724908 -22.75 -66.5 5.878214379177777 17 
0006 0014 4 1670746242736826 81.375 -71.5 5.540738605842936 17 
0006 0008 4 1670746242738974 17.0625 -67.5 0.5767767762450011 17 
0006 0008 5 1670746242781707 79.75 -67.5 4.3074180523828804 17 
0006 0014 5 1670746242793843 -16.25 -65.0 4.755340442445488 17 
0006 0015 5 1670746242807463 30.875 -62.5 3.767456815047135 17 
0006 0009 5 1670746242811823 -61.8125 -61.5 5.45483568172134 17 
0006 0015 6 1670746242871449 10.5625 -59.0 1.1780972450961724 17 
0006 0008 6 1670746242872398 125.3125 -71.0 2.3009711818284617 17 
0006 0004 6 1670746242875234 42.3125 -70.0 1.2762720155208536 17 
0006 0009 6 1670746242886242 -19.5 -56.5 5.080544369477243 17 
0006 0014 6 1670746242892847 -3.25 -68.5 3.9515345095934116 17 
0006 0000 6 1670746242895767 166.0 -69.5 1.9819031779482483 17 
0006 0005 6 1670746242902135 -45.5625 -64.0 4.3503695144436785 17 
0006 0007 6 1670746242906126 -39.0 -69.0 1.7426021750380885 17 
0006 0007 7 1670746242935941 -26.0 -65.0 4.841243366567084 17 
0006 0000 7 1670746242951952 29.25 -60.5 6.1420590746941075 17 
0006 0008 7 1670746242953413 -55.3125 -65.5 3.4606606574700063 17 
0006 0005 7 1670746242973879 71.5625 -62.5 4.1601558967458585 17 
0006 0009 7 1670746242976232 32.5 -61.5 1.3437671701878218 17 
0006 0003 8 1670746243049296 110.625 -70.0 1.5830681730979816 17 
0006 0005 8 1670746243058431 -22.75 -53.5 4.0558452031696355 17 
0006 0008 8 1670746243060099 -9.75 -60.0 6.037748381117884 17 
0006 0000 8 1670746243062256 -65.0625 -66.5 4.442408361716817 17 
0006 0007 8 1670746243074342 -6.5 -62.0 4.97623367590102 17 
0006 0001 8 1670746243075292 -29.25 -69.0 4.319689898685965 17 
0006 0011 8 1670746243085346 52.0625 -74.5 0.18407769454627693 17 
0006 0001 1 1670746243323106 309.1875 -71.5 1.718058482431918 17 
0006 0004 1 1670746243330583 61.8125 -67.0 3.5342917352885173 17 
0006 0007 2 1670746243420924 -16.25 -70.5 2.1475731030398975 17 
0006 0004 2 1670746243427935 -22.75 -65.0 5.098952138931871 17 
0006 0004 3 1670746243497605 -133.4375 -65.0 5.884350302329319 17 
0006 0000 3 1670746243534079 -42.3125 -70.5 0.6933593161243098 17 
0006 0008 4 1670746243584926 55.3125 -67.5 0.3988350048502667 17 
0006 0009 4 1670746243592637 16.25 -66.5 1.0492428589137786 17 
0006 0014 4 1670746243593767 0.0 -70.0 5.700272607783043 17 
0006 0015 4 1670746243594732 -59.375 -72.0 1.736466251886546 17 
0006 0014 5 1670746243689682 -29.25 -63.0 4.460816131171445 17 
0006 0008 5 1670746243693977 -100.875 -65.5 4.7307967498393175 17 
0006 0015 5 1670746243696111 -48.8125 -61.0 3.7429131224409646 17 
0006 0009 5 1670746243705262 45.5625 -61.0 5.1725832167503825 17 
0006 0007 6 1670746243757262 -71.5625 -69.5 1.6812429435226628 17 
0006 0009 6 1670746243760170 -9.75 -57.5 4.841243366567084 17 
0006 0014 6 1670746243761391 -9.75 -67.5 4.246058820867455 17 
0006 0004 6 1670746243779593 0.0 -69.5 0.4908738521234052 17 
0006 0000 6 1670746243783293 3.25 -71.0 1.6751070203711202 17 
0006 0015 6 1670746243787443 30.875 -59.5 1.0185632431560658 17 
0006 0008 6 1670746243789576 -52.0625 -71.0 2.4175537217077703 17 
0006 0005 6 1670746243797938 -39.0 -63.5 4.1601558967458585 17 
0006 0005 7 1670746243844362 -29.25 -60.5 4.23378697456437 17 
0006 0009 7 1670746243854639 81.375 -62.0 0.8651651643675016 17 
0006 0000 7 1670746243862168 3.25 -61.0 5.798447378207723 17 
0006 0007 7 1670746243871911 -71.5625 -64.0 4.73693267299086 17 
0006 0008 7 1670746243874364 16.25 -65.0 3.172272269347506 17 
0006 0000 8 1670746243948757 -84.625 -68.0 4.129476280988146 17 
0006 0005 8 1670746243952409 0.0 -53.0 3.9515345095934116 17 
0006 0011 8 1670746243955970 -52.0625 -74.0 0.23316507975861744 17 
0006 0001 8 1670746243959110 -74.8125 -69.5 4.166291819897402 17 
0006 0007 8 1670746243970891 -19.5 -61.5 4.859651136021712 17 
0006 0003 8 1670746243972602 -90.3125 -70.5 1.6321555583103222 17 
0006 0008 8 1670746243977344 10.5625 -59.5 5.982525072754001 17 
0006 0004 1 1670746244231608 -91.125 -68.0 3.466796580621549 17 
0006 0001 1 1670746244247657 244.125 -70.5 1.8407769454627694 17 
0006 0004 2 1670746244305369 81.375 -66.0 4.9394181369917645 17 
0006 0004 3 1670746244394255 -9.75 -65.0 5.663457068873787 17 
0006 0009 4 1670746244495882 16.25 -65.5 1.0676506283684062 17 
0006 0014 4 1670746244518647 16.25 -71.5 5.712544454086128 17 
0006 0008 4 1670746244521181 -65.875 -67.0 0.6565437772150544 17 
0006 0015 4 1670746244540124 128.5625 -72.5 1.6751070203711202 17 
0006 0009 5 1670746244583619 6.5 -61.0 5.252350217720435 17 
0006 0014 5 1670746244604023 9.75 -63.0 4.534447208989955 17 
0006 0008 5 1670746244607537 -69.125 -65.5 4.381049130201391 17 
0006 0015 5 1670746244609187 10.5625 -61.0 3.6876898140770815 17 
0006 0014 6 1670746244662147 3.25 -66.5 4.331961744989051 17 
0006 0015 6 1670746244666522 -10.5625 -59.0 1.0492428589137786 17 
0006 0005 6 1670746244667474 -26.0 -62.5 4.178563666200486 17 
0006 0002 6 1670746244669854 -52.0625 -74.5 4.252194744018997 17 
0006 0009 6 1670746244672678 -26.0 -57.5 4.792155981354743 17 
0006 0007 6 1670746244680024 6.5 -68.0 1.1658253987930873 17 
0006 0008 6 1670746244685722 97.625 -70.0 2.0800779483729293 17 
0006 0004 6 1670746244688578 0.0 -69.5 0.4295146206079795 17 
0006 0000 6 1670746244695003 26.0 -69.5 1.761009944492716 17 
0006 0007 7 1670746244730269 84.625 -63.5 4.528311285838413 17 
0006 0005 7 1670746244732141 -42.3125 -61.0 4.252194744018997 17 
0006 0000 7 1670746244735437 -22.75 -60.5 5.872078456026235 17 
0006 0008 7 1670746244739203 -13.0 -66.5 3.1906800388021335 17 
0006 0009 7 1670746244757778 -13.0 -62.5 0.9756117810952678 17 
0006 0000 8 1670746244819324 -195.25 -67.0 4.479223900626073 17 
0006 0008 8 1670746244820735 3.25 -59.5 5.853670686571607 17 
0006 0007 8 1670746244825015 -13.0 -61.0 4.798291904506286 17 
0006 0001 8 1670746244825923 -169.25 -70.0 4.049709280018092 17 
0006 0005 8 1670746244828571 -29.25 -53.5 3.9699422790480394 17 
0006 0003 8 1670746244845413 27.625 -69.5 1.3560390164909069 17 
0006 0011 8 1670746244851280 9.75 -72.5 0.06135923151542565 17 
