0001 0005 1 1670746254062661 19.5 -59.5 0.1227184630308513 3 
0001 0007 1 1670746254096390 42.3125 -69.0 0.2086213871524472 3 
0001 0015 2 1670746254127053 78.0625 -64.5 6.17273869045182 3 
0001 0007 2 1670746254137286 -13.0 -60.5 4.632621979414636 3 
0001 0005 2 1670746254144374 -26.0 -64.0 4.73693267299086 3 
0001 0004 2 1670746254225151 52.0625 -71.0 5.485515297479052 3 
0001 0005 6 1670746254517906 -6.5 -67.0 3.859495662320273 3 
0001 0006 7 1670746254579489 26.0 -66.5 5.313709449235861 3 
0001 0005 7 1670746254584319 84.625 -66.5 5.798447378207723 3 
0001 0004 7 1670746254596516 -91.125 -68.5 5.178719139901925 3 
0001 0014 7 1670746254601758 16.25 -66.5 1.2885438618239387 3 
0001 0004 8 1670746254657428 22.75 -68.5 0.6013204688511713 3 
0001 0005 8 1670746254666795 9.75 -67.0 4.405592822807561 3 
0001 0015 8 1670746254673511 -74.8125 -69.5 0.30066023442558565 3 
0001 0007 8 1670746254676126 -52.0625 -70.5 5.393476450205914 3 
0001 0006 8 1670746254685963 6.5 -71.5 5.436427912266712 3 
0001 0005 1 1670746254935378 -19.5 -59.5 0.23316507975861744 3 
0001 0007 1 1670746254947084 48.8125 -71.0 0.28225246497095796 3 
0001 0007 2 1670746254995261 -3.25 -61.0 4.632621979414636 3 
0001 0015 2 1670746255015334 -52.0625 -65.5 0.0674951546669682 3 
0001 0005 2 1670746255019848 29.25 -63.5 4.522175362686871 3 
0001 0004 2 1670746255043607 -71.5625 -72.0 5.227806525114265 3 
0001 0005 6 1670746255343805 -39.0 -67.0 3.9269908169872414 3 
0001 0005 7 1670746255422424 -143.1875 -67.0 6.105243535784852 3 
0001 0006 7 1670746255426255 -87.875 -66.5 5.45483568172134 3 
0001 0004 7 1670746255428509 97.625 -67.5 4.779884135051658 3 
0001 0014 7 1670746255436358 -110.625 -65.0 1.509437095279471 3 
0001 0005 8 1670746255476949 -58.5625 -66.5 4.522175362686871 3 
0001 0004 8 1670746255480843 117.125 -68.5 0.42337869745643697 3 
0001 0015 8 1670746255484099 -29.25 -70.0 0.6320000846088841 3 
0001 0006 8 1670746255496663 68.3125 -71.5 5.448699758569798 3 
0001 0007 8 1670746255520171 -6.5 -69.5 5.184855063053467 3 
0001 0007 1 1670746255738383 107.375 -70.5 0.32520392703175593 3 
0001 0005 1 1670746255743369 13.0 -61.0 0.5522330836388308 3 
0001 0015 2 1670746255824226 -221.3125 -65.0 0.8651651643675016 3 
0001 0007 2 1670746255829711 -65.0625 -63.0 0.04295146206079795 3 
0001 0004 2 1670746255835044 -61.8125 -64.0 1.9082721001297376 3 
0001 0005 6 1670746256106702 6.5 -67.5 3.663146121470911 3 
0001 0004 6 1670746256112946 -13.0 -63.5 3.2643111166206444 3 
0001 0015 6 1670746256125887 -3.25 -70.5 2.779573187648782 3 
0001 0004 7 1670746256169856 78.0625 -69.0 0.8651651643675016 3 
0001 0013 7 1670746256175820 110.625 -61.5 1.6198837120072371 3 
0001 0015 7 1670746256179447 107.375 -61.5 0.7853981633974483 3 
0001 0009 7 1670746256184116 146.4375 -67.0 1.239456476611598 3 
0001 0010 7 1670746256185701 13.0 -68.0 1.761009944492716 3 
0001 0014 7 1670746256186639 -61.8125 -61.5 2.5402721847386216 3 
0001 0005 7 1670746256188054 -13.0 -59.0 3.479068426924634 3 
0001 0007 7 1670746256196473 58.5625 -65.5 2.748893571891069 3 
0001 0011 7 1670746256197452 -26.0 -62.0 5.086680292628786 3 
0001 0008 7 1670746256204203 -221.3125 -70.5 3.7981364308048478 3 
0001 0006 7 1670746256211627 -71.5625 -66.5 1.7794177139473437 3 
0001 0012 7 1670746256219252 273.375 -72.5 5.264622064023521 3 
0001 0008 8 1670746256249504 48.8125 -69.5 1.4358060174609601 3 
0001 0013 8 1670746256251597 42.3125 -70.0 4.338097668140593 3 
0001 0011 8 1670746256257670 22.75 -66.0 2.386874105950058 3 
0001 0015 8 1670746256259781 -58.5625 -67.5 4.804427827657828 3 
0001 0004 8 1670746256262671 -6.5 -62.0 5.608233760509904 3 
0001 0012 8 1670746256267415 -149.6875 -74.0 0.6320000846088841 3 
0001 0005 8 1670746256269339 -3.25 -57.0 1.5892040962495242 3 
0001 0010 8 1670746256279869 -45.5625 -68.5 3.663146121470911 3 
0001 0014 8 1670746256282855 81.375 -70.5 1.9634954084936207 3 
0001 0007 8 1670746256287292 39.0 -67.5 2.2580197197676637 3 
0001 0009 8 1670746256289249 29.25 -68.5 2.3746022596469727 3 
0001 0000 8 1670746256293353 -139.9375 -78.0 1.3437671701878218 3 
0001 0013 1 1670746256530630 19.5 -65.5 6.215690152512618 3 
0001 0007 1 1670746256542754 84.625 -63.0 1.3314953238847365 3 
0001 0009 1 1670746256554627 74.8125 -64.5 1.8100973297050567 3 
0001 0004 2 1670746256610041 -3.25 -68.0 2.5157284921324514 3 
0001 0013 2 1670746256611089 -9.75 -59.5 1.368310862793992 3 
0001 0007 2 1670746256615831 61.8125 -65.0 1.6137477888556946 3 
0001 0005 2 1670746256628270 -26.0 -66.5 4.620350133111551 3 
0001 0013 3 1670746256705252 224.5625 -71.0 3.423845118560751 3 
0001 0004 4 1670746256770256 -104.125 -68.0 5.71868037723767 3 
0001 0005 6 1670746256912342 19.5 -65.5 0.006135923151542565 3 
0001 0014 6 1670746256940910 32.5 -67.5 6.264777537724958 3 
0001 0006 6 1670746256945319 -29.25 -70.5 1.5401167110371838 3 
0001 0015 7 1670746256980532 -104.125 -58.5 2.8409324191642074 3 
0001 0013 7 1670746256981477 -6.5 -61.0 4.338097668140593 3 
0001 0011 7 1670746256983108 13.0 -56.0 4.706253057233147 3 
0001 0010 7 1670746256984027 -26.0 -57.5 3.2949907323783574 3 
0001 0012 7 1670746256984951 -13.0 -59.0 1.5278448647340985 3 
0001 0008 7 1670746256985900 -104.125 -65.0 4.123340357836604 3 
0001 0006 7 1670746256993117 113.875 -68.0 3.08636934522591 3 
0001 0009 7 1670746256995298 -29.25 -57.0 3.2704470397721868 3 
0001 0005 7 1670746256996502 26.0 -59.5 5.816855147662351 3 
0001 0007 7 1670746257003574 -48.8125 -62.5 3.56497135104623 3 
0001 0004 7 1670746257004817 13.0 -68.5 3.2643111166206444 3 
0001 0013 8 1670746257046002 65.0625 -66.5 2.172116795646068 3 
0001 0008 8 1670746257051887 -52.0625 -66.0 4.276738436625168 3 
0001 0004 8 1670746257057564 48.8125 -63.5 1.932815792735908 3 
0001 0015 8 1670746257061192 26.0 -63.5 3.8288160465625602 3 
0001 0011 8 1670746257063120 -29.25 -61.5 4.626486056263094 3 
0001 0009 8 1670746257064255 48.8125 -65.0 2.6323110320117604 3 
0001 0005 8 1670746257065698 -6.5 -62.5 3.3195344249845276 3 
0001 0007 8 1670746257067160 -6.5 -56.0 0.7547185476397354 3 
0001 0010 8 1670746257071673 -22.75 -63.5 1.184233168247715 3 
0001 0012 8 1670746257072654 22.75 -62.0 2.6323110320117604 3 
0001 0014 8 1670746257076273 -16.25 -62.5 3.834951969714103 3 
0001 0009 1 1670746257310066 32.5 -67.0 1.5462526341887264 3 
0001 0007 1 1670746257320737 -6.5 -62.5 1.8407769454627694 3 
0001 0013 1 1670746257322876 0.0 -65.5 0.34974761963792617 3 
0001 0015 1 1670746257337284 -42.3125 -68.0 6.191146459906448 3 
0001 0005 2 1670746257376254 113.875 -66.0 3.5711072741977725 3 
0001 0013 2 1670746257377161 -55.3125 -58.0 1.5401167110371838 3 
0001 0007 2 1670746257383386 -19.5 -64.0 2.086213871524472 3 
0001 0007 3 1670746257476191 22.75 -70.0 3.1354567304382504 3 
0001 0013 3 1670746257505076 -22.75 -69.0 3.552699504743145 3 
0001 0004 4 1670746257558020 0.0 -67.5 6.019340611663256 3 
0001 0014 6 1670746257721074 -22.75 -69.0 6.2034183062095325 3 
0001 0006 6 1670746257724197 -13.0 -70.0 2.380738182798515 3 
0001 0005 6 1670746257726282 39.0 -68.5 0.5276893910326605 3 
0001 0011 7 1670746257773554 0.0 -55.0 4.957825906446392 3 
0001 0012 7 1670746257774482 -3.25 -59.0 1.4848934026733007 3 
0001 0010 7 1670746257775359 -3.25 -57.5 2.7550294950426117 3 
0001 0009 7 1670746257777513 16.25 -56.0 3.2765829629237295 3 
0001 0007 7 1670746257778466 -61.8125 -62.5 4.01902966426038 3 
0001 0006 7 1670746257779430 -81.375 -67.5 3.227495577711389 3 
0001 0013 7 1670746257780987 -29.25 -61.0 4.442408361716817 3 
0001 0008 7 1670746257782185 22.75 -66.0 3.9453985864418692 3 
0001 0015 7 1670746257785349 -6.5 -58.5 2.6016314162540475 3 
0001 0005 7 1670746257789132 0.0 -60.0 5.810719224510809 3 
0001 0004 7 1670746257810350 35.75 -68.5 3.448388811166921 3 
0001 0015 8 1670746257869152 -29.25 -63.0 3.859495662320273 3 
0001 0012 8 1670746257873240 0.0 -61.5 3.0250101137104846 3 
0001 0010 8 1670746257875142 -9.75 -63.0 1.0246991663076084 3 
0001 0007 8 1670746257876107 -13.0 -54.5 0.9633399347921826 3 
0001 0011 8 1670746257878074 9.75 -61.0 4.724660826687775 3 
0001 0014 8 1670746257884159 9.75 -62.0 3.749049045592507 3 
0001 0008 8 1670746257886410 -9.75 -66.5 4.01902966426038 3 
0001 0005 8 1670746257887431 6.5 -62.0 3.509748042682347 3 
0001 0004 8 1670746257890643 22.75 -64.5 1.6812429435226628 3 
0001 0013 8 1670746257892840 39.0 -66.5 2.36846633649543 3 
0001 0009 8 1670746257896345 -35.75 -64.5 2.779573187648782 3 
0001 0009 1 1670746258142313 81.375 -67.0 1.4051264017032472 3 
0001 0015 1 1670746258146395 26.0 -67.0 6.227961998815704 3 
0001 0013 1 1670746258153379 45.5625 -65.5 6.129787228391022 3 
0001 0007 1 1670746258166592 22.75 -62.5 1.7303303287350031 3 
0001 0007 2 1670746258225918 81.375 -62.5 1.7241944055834606 3 
0001 0013 2 1670746258229351 42.3125 -59.0 1.3560390164909069 3 
0001 0005 2 1670746258231662 -65.0625 -68.5 3.313398501832985 3 
0001 0004 2 1670746258267018 -71.5625 -68.5 1.88986433067511 3 
0001 0013 3 1670746258338965 -182.25 -69.0 3.9760782021995817 3 
0001 0005 3 1670746258343463 9.75 -71.0 2.5464081078901644 3 
0001 0007 3 1670746258353073 -198.5625 -70.0 4.28287435977671 3 
0001 0004 4 1670746258398829 22.75 -68.5 6.277049384028044 3 
0001 0014 6 1670746258558495 45.5625 -69.0 6.105243535784852 3 
0001 0006 6 1670746258571647 87.875 -70.5 2.2886993355253766 3 
0001 0005 6 1670746258573475 55.3125 -70.0 0.619728238305799 3 
0001 0011 7 1670746258646026 -9.75 -55.0 4.773748211900116 3 
0001 0010 7 1670746258647938 3.25 -57.5 2.9759227284981438 3 
0001 0005 7 1670746258651049 -48.8125 -61.5 5.4671075280244255 3 
0001 0007 7 1670746258655635 6.5 -62.5 3.3318062712876126 3 
0001 0009 7 1670746258663302 -3.25 -56.5 2.9329712664373457 3 
0001 0015 7 1670746258664481 45.5625 -58.0 2.478912953223196 3 
0001 0012 7 1670746258667445 26.0 -59.5 1.3560390164909069 3 
0001 0008 7 1670746258677753 55.3125 -64.5 3.5281558121369745 3 
0001 0013 7 1670746258679490 -26.0 -60.5 4.25833066717054 3 
0001 0006 7 1670746258682117 250.625 -68.5 2.073942025221387 3 
0001 0010 8 1670746258746442 6.5 -63.5 0.803805932852076 3 
0001 0004 8 1670746258751015 19.5 -64.0 1.662835174068035 3 
0001 0015 8 1670746258752632 58.5625 -64.0 3.6815538909255388 3 
0001 0012 8 1670746258753569 22.75 -61.0 3.11091303783208 3 
0001 0008 8 1670746258757801 7.3125 -65.5 3.724505352986337 3 
0001 0014 8 1670746258758995 -39.0 -61.5 3.847223816017188 3 
0001 0005 8 1670746258772677 35.75 -62.5 2.84706834231575 3 
0001 0007 8 1670746258773840 -19.5 -56.0 0.5706408530934585 3 
0001 0011 8 1670746258776323 74.8125 -61.0 4.374913207049849 3 
0001 0009 8 1670746258784084 45.5625 -64.0 2.411417798556228 3 
0001 0013 8 1670746258787435 3.25 -66.0 2.423689644859313 3 
