0007 0004 1 1670746285832753 -69.125 -71.5 2.1782527187976104 20 
0007 0010 2 1670746285863370 62.625 -67.5 5.197126909356553 20 
0007 0007 2 1670746285884682 -208.3125 -69.5 5.368932757599744 20 
0007 0005 3 1670746285962701 -19.5 -58.5 3.429981041712294 20 
0007 0011 3 1670746285965534 -26.0 -63.5 2.60776733940559 20 
0007 0007 3 1670746285970076 -22.75 -64.5 3.117048960983623 20 
0007 0003 3 1670746285972262 -45.5625 -70.0 2.9820586516496865 20 
0007 0010 3 1670746285981371 -225.375 -68.0 4.111068511533518 20 
0007 0006 4 1670746286036942 9.75 -63.5 0.8774370106705868 20 
0007 0011 4 1670746286038614 -3.25 -62.0 5.632777453116074 20 
0007 0001 4 1670746286047194 34.9375 -57.5 5.896622148632405 20 
0007 0003 4 1670746286054484 -35.75 -60.5 1.8346410223112268 20 
0007 0007 4 1670746286060918 13.0 -62.0 2.098485717827557 20 
0007 0005 4 1670746286061867 16.25 -55.5 1.9880391010997909 20 
0007 0000 4 1670746286066797 -19.5 -71.5 3.313398501832985 20 
0007 0004 4 1670746286070566 24.375 -68.0 2.9636508821950587 20 
0007 0007 5 1670746286107415 52.0625 -66.0 1.8530487917658545 20 
0007 0001 5 1670746286108812 -30.875 -59.5 4.853515212870168 20 
0007 0014 5 1670746286111024 71.5625 -69.0 1.1167380135807468 20 
0007 0003 5 1670746286113017 -9.75 -58.5 4.227651051412827 20 
0007 0009 5 1670746286114552 -58.5625 -68.5 5.540738605842936 20 
0007 0006 5 1670746286115692 0.0 -52.0 1.6260196351587797 20 
0007 0004 5 1670746286117108 -21.125 -60.0 0.01227184630308513 20 
0007 0005 5 1670746286122055 -65.0625 -68.0 3.399301425954581 20 
0007 0011 5 1670746286123286 -100.875 -64.0 3.018874190558942 20 
0007 0008 5 1670746286127085 -22.75 -66.5 1.7855536370988863 20 
0007 0010 6 1670746286167661 27.625 -55.0 1.0983302441261191 20 
0007 0004 6 1670746286169498 -7.3125 -54.5 0.01227184630308513 20 
0007 0008 6 1670746286178640 52.0625 -65.5 6.154330920997192 20 
0007 0011 6 1670746286186307 0.0 -57.0 1.41126232485479 20 
0007 0007 6 1670746286191599 26.0 -67.5 5.332117218690489 20 
0007 0005 6 1670746286192547 16.25 -66.5 5.013049214810275 20 
0007 0006 6 1670746286194016 -9.75 -54.5 6.178874613603362 20 
0007 0003 6 1670746286198644 22.75 -66.5 6.025476534814799 20 
0007 0001 6 1670746286200414 -38.1875 -63.5 1.718058482431918 20 
0007 0000 6 1670746286202041 -6.5 -69.0 0.11044661672776616 20 
0007 0002 6 1670746286204334 -9.75 -72.0 2.552544031041707 20 
0007 0009 6 1670746286219239 -120.4375 -72.0 3.393165502803038 20 
0007 0004 7 1670746286251755 21.125 -58.5 3.552699504743145 20 
0007 0014 7 1670746286252960 -71.5625 -64.0 6.019340611663256 20 
0007 0003 7 1670746286269346 29.25 -68.0 3.834951969714103 20 
0007 0006 7 1670746286276269 133.4375 -67.0 3.5465635815916023 20 
0007 0004 8 1670746286345299 142.375 -73.0 5.792311455056181 20 
0007 0007 8 1670746286347695 81.375 -72.0 6.019340611663256 20 
0007 0004 1 1670746286591592 -90.3125 -72.0 2.313243028131547 20 
0007 0010 2 1670746286655211 -90.3125 -68.0 5.442563835418255 20 
0007 0010 3 1670746286712070 41.5 -71.0 3.9147189706841563 20 
0007 0005 3 1670746286714429 -22.75 -59.0 3.448388811166921 20 
0007 0007 3 1670746286715621 32.5 -65.0 3.074097498922825 20 
0007 0011 3 1670746286721262 -130.1875 -63.5 2.9391071895888885 20 
0007 0003 3 1670746286730728 -35.75 -69.5 2.84706834231575 20 
0007 0000 4 1670746286777395 234.3125 -71.0 2.7979809571034093 20 
0007 0011 4 1670746286783018 68.3125 -62.0 5.577554144752192 20 
0007 0007 4 1670746286785366 19.5 -62.0 2.1537090261914402 20 
0007 0004 4 1670746286786796 -45.5625 -68.0 3.0127382674073995 20 
0007 0005 4 1670746286790857 16.25 -56.0 2.030990563160589 20 
0007 0001 4 1670746286791788 -3.25 -57.5 6.007068765360171 20 
0007 0006 4 1670746286811748 74.8125 -64.0 0.8344855486097889 20 
0007 0003 4 1670746286812727 16.25 -60.0 1.8162332528565992 20 
0007 0008 5 1670746286837526 -13.0 -66.0 1.8960002538266525 20 
0007 0004 5 1670746286840272 41.5 -60.0 6.191146459906448 20 
0007 0014 5 1670746286842933 13.0 -68.5 1.2026409377023426 20 
0007 0006 5 1670746286846242 13.0 -52.0 1.6321555583103222 20 
0007 0001 5 1670746286848668 7.3125 -60.0 4.945554060143307 20 
0007 0003 5 1670746286849634 -32.5 -58.0 4.270602513473625 20 
0007 0005 5 1670746286851305 -26.0 -68.5 3.399301425954581 20 
0007 0009 5 1670746286855259 -84.625 -69.0 5.632777453116074 20 
0007 0007 5 1670746286858880 -107.375 -67.0 2.12916533358527 20 
0007 0011 5 1670746286861940 -35.75 -63.5 2.9636508821950587 20 
0007 0006 6 1670746286901407 0.0 -54.5 6.160466844148735 20 
0007 0005 6 1670746286902361 -45.5625 -66.5 5.056000676871073 20 
0007 0010 6 1670746286903291 21.125 -55.5 1.1106020904292042 20 
0007 0002 6 1670746286904197 -74.8125 -72.5 2.3930100291016 20 
0007 0004 6 1670746286907966 3.25 -54.5 0.01227184630308513 20 
0007 0003 6 1670746286908932 -19.5 -67.0 6.117515382087937 20 
0007 0011 6 1670746286910598 13.0 -58.0 1.4173982480063325 20 
0007 0007 6 1670746286916149 -52.0625 -67.0 5.473243451175968 20 
0007 0008 6 1670746286919338 -6.5 -66.0 0.1043106935762236 20 
0007 0001 6 1670746286922156 52.0625 -64.0 1.5953400194010667 20 
0007 0000 6 1670746286925019 35.75 -69.5 0.05522330836388308 20 
0007 0009 6 1670746286927125 16.25 -73.0 3.2213596545598464 20 
0007 0006 7 1670746286973365 -35.75 -67.0 3.77972866135022 20 
0007 0004 7 1670746286982843 3.25 -58.0 3.5833791205008576 20 
0007 0003 7 1670746286989474 -9.75 -68.5 3.834951969714103 20 
0007 0014 7 1670746286998626 -13.0 -63.5 6.037748381117884 20 
0007 0007 8 1670746287060220 58.5625 -72.5 5.8659425328746915 20 
0007 0004 8 1670746287069057 76.4375 -74.5 5.896622148632405 20 
0007 0004 1 1670746287307501 -81.375 -71.0 2.1537090261914402 20 
0007 0010 2 1670746287378809 -76.4375 -68.0 5.411884219660542 20 
0007 0010 3 1670746287479186 -13.8125 -70.0 4.080388895775806 20 
0007 0011 3 1670746287481845 84.625 -63.5 2.5954954931025047 20 
0007 0003 3 1670746287484085 -68.3125 -70.0 2.742757648739526 20 
0007 0007 3 1670746287490815 48.8125 -65.5 3.1231848841351653 20 
0007 0005 3 1670746287493003 -16.25 -59.0 3.472932503773092 20 
0007 0004 4 1670746287567626 -76.4375 -67.5 3.227495577711389 20 
0007 0001 4 1670746287579438 -17.0625 -58.0 5.988660995905543 20 
0007 0006 4 1670746287580598 13.0 -64.0 0.9510680884890975 20 
0007 0011 4 1670746287583402 -22.75 -61.5 5.66959299202533 20 
0007 0005 4 1670746287586545 9.75 -57.0 1.859184714917397 20 
0007 0003 4 1670746287587863 -6.5 -62.0 1.6321555583103222 20 
0007 0007 4 1670746287591672 0.0 -61.5 1.945087639038993 20 
0007 0009 4 1670746287594438 61.8125 -73.5 5.074408446325701 20 
0007 0000 4 1670746287598600 65.0625 -66.5 3.3011266555298997 20 
0007 0001 5 1670746287630230 -30.875 -60.5 5.221670601962723 20 
0007 0014 5 1670746287635885 71.5625 -70.0 1.1228739367322893 20 
0007 0004 5 1670746287636813 -21.125 -60.0 6.19728238305799 20 
0007 0009 5 1670746287638908 -123.6875 -69.0 5.3627968344482015 20 
0007 0006 5 1670746287640152 26.0 -52.0 1.4787574795217582 20 
0007 0008 5 1670746287643229 9.75 -54.0 1.2210487071569704 20 
0007 0011 5 1670746287645682 -91.125 -63.5 3.423845118560751 20 
0007 0003 5 1670746287650238 0.0 -61.0 3.693825737228624 20 
0007 0011 6 1670746287707194 3.25 -58.5 1.3069516312785663 20 
0007 0004 6 1670746287712202 30.875 -55.5 0.0674951546669682 20 
0007 0010 6 1670746287714037 17.0625 -54.5 0.6504078540635119 20 
0007 0000 6 1670746287715251 6.5 -63.5 0.8222137023067037 20 
0007 0008 6 1670746287716474 42.3125 -64.5 0.25770877236478773 20 
0007 0007 6 1670746287717889 3.25 -61.0 0.22089323345553233 20 
0007 0006 6 1670746287721843 19.5 -57.0 5.148039524144211 20 
0007 0001 6 1670746287723373 -83.0 -66.0 5.368932757599744 20 
0007 0005 6 1670746287727371 -71.5625 -65.0 4.7307967498393175 20 
0007 0009 6 1670746287731981 13.0 -71.0 1.4910293258248433 20 
0007 0002 6 1670746287744560 -123.6875 -73.5 4.246058820867455 20 
0007 0006 7 1670746287780287 35.75 -63.0 4.264466590322082 20 
0007 0008 7 1670746287781461 9.75 -67.0 0.07363107781851078 20 
0007 0011 7 1670746287784529 55.3125 -67.0 1.9512235621905356 20 
0007 0014 7 1670746287790762 13.0 -68.0 0.01227184630308513 20 
0007 0007 7 1670746287795241 -19.5 -66.5 3.6815538909255388 20 
0007 0001 7 1670746287796428 69.125 -63.5 0.9019807032767571 20 
0007 0004 7 1670746287797345 -73.1875 -58.0 4.196971435655114 20 
0007 0003 7 1670746287812890 -52.0625 -68.0 2.60776733940559 20 
0007 0005 7 1670746287816844 -146.4375 -68.0 0.8344855486097889 20 
0007 0010 8 1670746287849237 -239.25 -74.0 6.215690152512618 20 
0007 0001 8 1670746287856721 21.125 -68.0 2.2886993355253766 20 
0007 0007 8 1670746287878877 0.0 -66.0 5.197126909356553 20 
0007 0007 1 1670746288128407 16.25 -70.5 1.4603497100671303 20 
0007 0004 1 1670746288139637 7.3125 -70.5 4.479223900626073 20 
0007 0001 2 1670746288175972 -3.25 -67.5 0.8897088569736719 20 
0007 0011 2 1670746288177888 -48.8125 -69.5 4.2092432819582 20 
0007 0007 2 1670746288187400 42.3125 -70.0 4.9394181369917645 20 
0007 0006 2 1670746288214509 172.5 -69.5 0.9142525495798421 20 
0007 0005 3 1670746288251789 13.0 -60.0 3.718369429834794 20 
0007 0001 3 1670746288264645 -125.3125 -66.5 5.964117303299373 20 
0007 0007 3 1670746288267649 13.0 -61.5 1.9573594853420782 20 
0007 0011 3 1670746288272170 -42.3125 -68.0 6.209554229361076 20 
0007 0008 3 1670746288273238 -55.3125 -60.0 5.019185137961818 20 
0007 0005 4 1670746288307533 29.25 -56.5 3.3011266555298997 20 
0007 0008 4 1670746288308747 0.0 -60.0 0.9817477042468103 20 
0007 0003 4 1670746288312677 -6.5 -71.0 3.356349963893783 20 
0007 0009 4 1670746288319712 -65.0625 -75.0 2.5893595699509624 20 
0007 0001 4 1670746288326035 45.5625 -62.0 2.12916533358527 20 
0007 0004 4 1670746288328410 -7.3125 -66.5 1.9082721001297376 20 
0007 0011 4 1670746288332394 26.0 -61.5 3.2459033471660166 20 
0007 0006 4 1670746288343838 -48.8125 -68.0 5.338253141842031 20 
0007 0007 5 1670746288380665 29.25 -64.5 3.5036121195308043 20 
0007 0001 5 1670746288381838 -111.4375 -64.5 1.761009944492716 20 
0007 0014 5 1670746288384466 74.8125 -70.5 2.2027964114037806 20 
0007 0004 5 1670746288388012 -104.125 -63.0 5.786175531904639 20 
0007 0008 5 1670746288389234 -48.8125 -66.0 5.859806609723149 20 
0007 0003 5 1670746288395561 -71.5625 -68.0 5.031456984264903 20 
0007 0006 5 1670746288398022 -6.5 -58.0 0.9326603190344698 20 
0007 0011 5 1670746288420111 -130.1875 -69.5 3.454524734318464 20 
0007 0008 6 1670746288477152 42.3125 -62.0 2.675262494072558 20 
0007 0001 6 1670746288478340 45.5625 -65.0 1.2333205534600555 20 
0007 0006 6 1670746288481910 -16.25 -63.5 6.092971689481767 20 
0007 0004 6 1670746288483182 -27.625 -58.0 3.724505352986337 20 
0007 0007 6 1670746288495521 6.5 -67.5 0.6810874698212247 20 
0007 0014 6 1670746288508456 13.0 -69.0 2.8961557275280905 20 
0007 0010 6 1670746288511011 -191.1875 -70.5 4.92714629068868 20 
0007 0011 6 1670746288515657 6.5 -63.5 5.798447378207723 20 
0007 0004 7 1670746288571099 76.4375 -65.5 0.6994952392758523 20 
0007 0006 7 1670746288572333 107.375 -64.5 1.1965050145508 20 
0007 0008 7 1670746288576487 -32.5 -67.5 5.976389149602458 20 
0007 0010 7 1670746288577872 17.0625 -66.5 4.92714629068868 20 
0007 0011 7 1670746288579035 -26.0 -64.5 3.031146036862027 20 
0007 0007 8 1670746288630324 -35.75 -72.0 0.760854470791278 20 
0007 0011 8 1670746288636098 -58.5625 -68.5 4.111068511533518 20 
0007 0008 8 1670746288639656 -3.25 -70.5 5.491651220630596 20 
0007 0004 8 1670746288647423 -83.0 -70.5 2.742757648739526 20 
0007 0003 1 1670746288893499 13.0 -64.0 6.056156150572511 20 
0007 0008 1 1670746288898343 -87.875 -67.5 5.295301679781233 20 
0007 0007 1 1670746288902153 -22.75 -64.5 3.3379421944391554 20 
0007 0005 1 1670746288920576 29.25 -69.5 3.718369429834794 20 
0007 0008 3 1670746289035257 -32.5 -67.0 0.11044661672776616 20 
0007 0001 3 1670746289046237 195.25 -66.0 1.239456476611598 20 
0007 0005 3 1670746289047510 -74.8125 -67.5 5.651185222570702 20 
0007 0007 3 1670746289058389 -169.25 -67.5 0.09203884727313846 20 
0007 0003 3 1670746289061291 -32.5 -66.0 4.970097752749477 20 
0007 0011 4 1670746289096033 39.0 -63.0 1.325359400733194 20 
0007 0007 4 1670746289113726 13.0 -65.0 1.3928545554001621 20 
0007 0005 4 1670746289139492 26.0 -64.5 4.3933209765044765 20 
0007 0001 4 1670746289143931 -41.5 -65.0 3.792000507653305 20 
0007 0014 5 1670746289183606 -26.0 -64.0 1.736466251886546 20 
0007 0006 5 1670746289185898 0.0 -61.0 0.2270291566070749 20 
0007 0007 5 1670746289186809 -29.25 -65.0 3.6140587362585705 20 
0007 0011 5 1670746289188538 -130.1875 -67.0 3.2213596545598464 20 
0007 0001 5 1670746289208743 -69.125 -68.5 3.816544200259475 20 
0007 0003 5 1670746289212134 -55.3125 -71.5 5.706408530934585 20 
0007 0003 6 1670746289251702 -9.75 -65.0 3.6754179677739964 20 
0007 0004 6 1670746289253893 34.9375 -65.0 5.829126993965437 20 
0007 0007 6 1670746289259716 -29.25 -66.5 6.025476534814799 20 
0007 0005 6 1670746289261840 -166.0 -69.5 5.921165841238575 20 
0007 0001 6 1670746289262825 -3.25 -69.0 2.380738182798515 20 
0007 0006 6 1670746289286040 22.75 -59.0 4.700117134081604 20 
0007 0008 6 1670746289293983 -84.625 -67.0 4.994641445355648 20 
0007 0011 7 1670746289327460 136.6875 -63.5 1.8714565612204823 20 
0007 0006 7 1670746289339517 19.5 -66.0 1.1290098598838318 20 
0007 0004 7 1670746289350567 -16.25 -63.0 1.8407769454627694 20 
0007 0001 7 1670746289367468 38.1875 -66.5 3.2581751934691017 20 
0007 0014 7 1670746289368951 -74.8125 -69.5 0.9878836273983529 20 
0007 0007 8 1670746289419444 -16.25 -68.0 4.945554060143307 20 
0007 0011 8 1670746289426421 65.0625 -68.5 3.485204350076177 20 
0007 0004 8 1670746289430592 38.1875 -72.5 2.466641106920111 20 
0007 0006 1 1670746289678577 13.0 -69.0 5.129631754689584 20 
0007 0003 1 1670746289682483 81.375 -68.0 4.417864669110647 20 
0007 0007 1 1670746289683963 0.0 -63.5 3.215223731408304 20 
0007 0005 1 1670746289712259 39.0 -68.5 1.1780972450961724 20 
0007 0004 1 1670746289714662 211.5625 -73.0 4.9823695990525625 20 
0007 0008 1 1670746289716931 -13.0 -68.5 5.6941366846315 20 
0007 0010 2 1670746289796817 -10.5625 -69.0 1.3130875544301088 20 
0007 0005 2 1670746289808058 0.0 -65.0 5.9088939949354895 20 
0007 0005 3 1670746289880252 78.0625 -66.5 4.632621979414636 20 
0007 0003 3 1670746289893566 120.4375 -64.5 2.5954954931025047 20 
0007 0008 3 1670746289903718 -74.8125 -62.5 1.0246991663076084 20 
0007 0007 3 1670746289910352 78.0625 -71.0 0.4663301595172349 20 
0007 0007 4 1670746289971614 -9.75 -68.0 0.1227184630308513 20 
0007 0001 4 1670746289975307 24.375 -68.5 0.04908738521234052 20 
0007 0003 4 1670746289979643 13.0 -69.0 5.970253226450915 20 
0007 0005 4 1670746289980647 -16.25 -60.0 4.3074180523828804 20 
0007 0011 4 1670746289982585 71.5625 -65.0 2.270291566070749 20 
0007 0014 4 1670746289983463 -42.3125 -71.5 4.638757902566179 20 
0007 0008 5 1670746290035964 52.0625 -67.5 1.8285050991596843 20 
0007 0003 5 1670746290037879 -29.25 -65.0 1.509437095279471 20 
0007 0006 5 1670746290048500 -13.0 -59.0 0.7976700097005334 20 
0007 0011 5 1670746290054232 22.75 -70.5 5.663457068873787 20 
0007 0007 5 1670746290063570 -29.25 -63.5 3.933126740138784 20 
0007 0014 5 1670746290066484 152.9375 -64.0 1.6505633277649499 20 
0007 0005 5 1670746290088951 16.25 -68.5 0.4908738521234052 20 
0007 0001 6 1670746290143175 30.875 -58.5 2.6998061866787286 20 
0007 0006 6 1670746290144136 16.25 -60.0 4.651029748869264 20 
0007 0004 6 1670746290156435 48.8125 -66.0 0.47860200582032003 20 
0007 0007 6 1670746290165371 -6.5 -65.0 0.05522330836388308 20 
0007 0008 6 1670746290171101 0.0 -67.5 6.043884304269426 20 
0007 0014 6 1670746290177707 81.375 -68.0 3.1784081924990484 20 
0007 0008 7 1670746290212993 -19.5 -63.5 4.822835597112456 20 
0007 0004 7 1670746290213966 24.375 -62.5 0.9878836273983529 20 
0007 0006 7 1670746290232865 0.0 -70.5 1.030835089459151 20 
0007 0011 7 1670746290243705 -19.5 -62.0 1.7671458676442586 20 
0007 0007 7 1670746290244684 55.3125 -70.5 5.64504929941916 20 
0007 0007 8 1670746290317609 -84.625 -71.0 4.448544284868359 20 
0007 0011 8 1670746290319519 -9.75 -69.5 3.0495538063166547 20 
0007 0001 8 1670746290320747 7.3125 -69.0 0.6749515466696822 20 
0007 0008 1 1670746290555020 -29.25 -65.5 5.859806609723149 20 
0007 0007 1 1670746290559345 -22.75 -63.5 3.4054373491061236 20 
0007 0010 1 1670746290561486 -55.3125 -70.0 1.0983302441261191 20 
0007 0004 1 1670746290568347 62.625 -71.5 5.117359908386499 20 
0007 0006 1 1670746290569322 -9.75 -68.0 4.945554060143307 20 
0007 0005 1 1670746290571699 -78.0625 -68.5 1.214912784005428 20 
0007 0003 1 1670746290575434 -143.1875 -69.5 3.6447383520162835 20 
0007 0005 2 1670746290633651 19.5 -65.0 6.025476534814799 20 
0007 0010 2 1670746290650323 166.8125 -68.5 1.1167380135807468 20 
0007 0001 2 1670746290675331 -100.875 -70.0 1.3130875544301088 20 
0007 0008 3 1670746290717658 55.3125 -62.0 0.7853981633974483 20 
0007 0003 3 1670746290737501 55.3125 -65.0 1.9144080232812801 20 
0007 0005 3 1670746290745116 58.5625 -66.5 4.724660826687775 20 
0007 0007 3 1670746290752970 9.75 -70.5 0.34974761963792617 20 
