0001 0005 1 1670746302106615 35.75 -58.0 0.23316507975861744 3 
0001 0015 2 1670746302168865 -19.5 -62.5 0.4479223900626072 3 
0001 0005 2 1670746302177030 -78.0625 -61.5 4.706253057233147 3 
0001 0007 2 1670746302185906 -100.875 -62.5 5.129631754689584 3 
0001 0005 4 1670746302364218 -231.0625 -69.5 4.620350133111551 3 
0001 0005 6 1670746302500193 -29.25 -67.0 4.086524818927348 3 
0001 0005 7 1670746302569010 -58.5625 -68.5 6.166602767300278 3 
0001 0006 7 1670746302570451 16.25 -66.0 5.675728915176872 3 
0001 0014 7 1670746302584562 -29.25 -67.5 1.6812429435226628 3 
0001 0007 8 1670746302646580 123.6875 -68.0 4.92714629068868 3 
0001 0015 8 1670746302669793 58.5625 -70.0 0.8160777791551611 3 
0001 0005 8 1670746302671869 -16.25 -68.5 4.651029748869264 3 
0001 0004 8 1670746302682964 -6.5 -73.5 5.786175531904639 3 
0001 0005 1 1670746302915640 -39.0 -58.5 0.3190680038802134 3 
0001 0015 2 1670746302968521 149.6875 -63.5 0.20248546400090464 3 
0001 0005 2 1670746302981013 55.3125 -62.5 4.3503695144436785 3 
0001 0007 2 1670746302987940 -3.25 -62.0 5.031456984264903 3 
0001 0005 4 1670746303155689 -42.3125 -71.0 4.454680208019902 3 
0001 0005 6 1670746303296934 -65.0625 -66.0 4.178563666200486 3 
0001 0014 7 1670746303357167 -68.3125 -68.0 1.7303303287350031 3 
0001 0006 7 1670746303370382 52.0625 -66.0 5.921165841238575 3 
0001 0005 7 1670746303395619 -130.1875 -69.0 0.3865631585471816 3 
0001 0007 8 1670746303436218 -3.25 -69.0 5.258486140871978 3 
0001 0015 8 1670746303446159 16.25 -68.5 0.662679700366597 3 
0001 0006 8 1670746303461160 -234.3125 -72.5 5.47937937432751 3 
0001 0004 8 1670746303470409 -32.5 -74.0 0.5154175447295755 3 
0001 0005 1 1670746303708163 29.25 -62.0 4.190835512503572 3 
0001 0007 1 1670746303714741 19.5 -63.5 0.7363107781851077 3 
0001 0004 2 1670746303769053 -9.75 -67.5 0.28225246497095796 3 
0001 0015 2 1670746303771352 -48.8125 -64.5 1.2455923997631406 3 
0001 0005 4 1670746303895906 16.25 -66.5 4.71238898038469 3 
0001 0005 6 1670746304049632 22.75 -65.0 0.8897088569736719 3 
0001 0004 6 1670746304061005 -45.5625 -72.5 2.773437264497239 3 
0001 0014 6 1670746304077022 6.5 -67.5 0.1595340019401067 3 
0001 0006 6 1670746304078682 143.1875 -71.5 2.60776733940559 3 
0001 0009 7 1670746304126870 6.5 -53.0 1.859184714917397 3 
0001 0013 7 1670746304128273 -16.25 -58.5 3.6999616603801666 3 
0001 0015 7 1670746304133416 -3.25 -58.5 2.1475731030398975 3 
0001 0010 7 1670746304134322 22.75 -58.0 1.4051264017032472 3 
0001 0004 7 1670746304135778 9.75 -56.0 0.3620194659410113 3 
0001 0014 7 1670746304136732 -104.125 -66.0 3.3318062712876126 3 
0001 0007 7 1670746304138600 -16.25 -63.5 3.8840393549264434 3 
0001 0005 7 1670746304139535 16.25 -63.0 0.6994952392758523 3 
0001 0011 7 1670746304140526 9.75 -61.5 2.448233337465483 3 
0001 0012 7 1670746304146670 22.75 -59.5 0.8283496254582462 3 
0001 0008 7 1670746304150760 21.125 -67.5 2.8777479580734626 3 
0001 0006 7 1670746304168060 81.375 -66.5 4.061981126321178 3 
0001 0011 8 1670746304227952 -22.75 -68.0 0.5522330836388308 3 
0001 0012 8 1670746304234885 3.25 -62.0 2.3623304133438876 3 
0001 0005 8 1670746304236103 -6.5 -58.0 4.724660826687775 3 
0001 0004 8 1670746304237267 26.0 -60.0 4.3074180523828804 3 
0001 0007 8 1670746304242358 9.75 -56.0 1.8285050991596843 3 
0001 0013 8 1670746304245813 22.75 -64.5 3.1784081924990484 3 
0001 0015 8 1670746304248196 35.75 -66.5 3.6999616603801666 3 
0001 0010 8 1670746304250797 -6.5 -61.0 0.9817477042468103 3 
0001 0009 8 1670746304255150 -3.25 -64.0 2.184388641949153 3 
0001 0008 8 1670746304259562 73.1875 -68.5 3.7551849687440497 3 
0001 0014 8 1670746304263287 42.3125 -64.5 3.785864584501762 3 
0001 0013 1 1670746304491347 32.5 -64.5 0.30679615757712825 3 
0001 0007 1 1670746304495388 -97.625 -64.0 2.454369260617026 3 
0001 0009 1 1670746304499194 9.75 -63.5 1.7303303287350031 3 
0001 0015 2 1670746304556505 -68.3125 -68.5 3.0495538063166547 3 
0001 0013 2 1670746304563443 19.5 -58.0 1.6014759425526093 3 
0001 0007 2 1670746304570666 -32.5 -62.5 2.6568547246179306 3 
0001 0005 2 1670746304574577 -166.0 -65.5 4.589670517353839 3 
0001 0004 2 1670746304592984 -78.0625 -69.0 3.000466421104314 3 
0001 0013 3 1670746304660481 -48.8125 -68.5 3.5036121195308043 3 
0001 0005 3 1670746304666812 126.9375 -67.5 3.54042765844006 3 
0001 0007 3 1670746304667807 -250.625 -69.0 5.350524988145116 3 
0001 0015 5 1670746304814043 3.25 -68.5 4.651029748869264 3 
0001 0014 6 1670746304897643 -52.0625 -68.0 0.14726215563702155 3 
0001 0006 6 1670746304907174 -149.6875 -71.5 4.123340357836604 3 
0001 0005 6 1670746304913461 29.25 -71.0 1.859184714917397 3 
0001 0012 7 1670746304967190 6.5 -58.0 1.7548740213411735 3 
0001 0010 7 1670746304968335 6.5 -56.5 3.000466421104314 3 
0001 0015 7 1670746304973584 -42.3125 -61.5 2.5893595699509624 3 
0001 0009 7 1670746304980431 -9.75 -55.0 3.3318062712876126 3 
0001 0006 7 1670746304984719 68.3125 -68.5 3.2090878082567613 3 
0001 0008 7 1670746304987504 48.8125 -66.0 3.822680123411018 3 
0001 0004 7 1670746304990222 -3.25 -53.0 0.006135923151542565 3 
0001 0005 7 1670746304992204 -52.0625 -60.0 5.129631754689584 3 
0001 0007 7 1670746304993424 52.0625 -64.0 2.227340104009951 3 
0001 0011 7 1670746304994371 -13.0 -58.0 4.399456899656019 3 
0001 0013 7 1670746304996999 68.3125 -59.5 4.381049130201391 3 
0001 0011 8 1670746305047893 -74.8125 -65.5 3.9699422790480394 3 
0001 0009 8 1670746305052682 6.5 -62.0 3.0372819600135696 3 
0001 0008 8 1670746305054368 -107.375 -67.0 3.9760782021995817 3 
0001 0015 8 1670746305059190 -156.1875 -71.5 3.736777199289422 3 
0001 0004 8 1670746305063055 -61.8125 -63.5 4.049709280018092 3 
0001 0007 8 1670746305067329 -6.5 -56.5 6.043884304269426 3 
0001 0005 8 1670746305073461 -19.5 -64.5 3.104777114680538 3 
0001 0010 8 1670746305074423 29.25 -62.5 1.000155473701438 3 
0001 0014 8 1670746305079934 -16.25 -63.5 3.8410878928656453 3 
0001 0013 8 1670746305080983 13.0 -63.5 2.5034566458293663 3 
0001 0012 8 1670746305085394 -35.75 -61.5 2.8838838812250054 3 
0001 0007 1 1670746305308419 74.8125 -62.5 1.6689710972195777 3 
0001 0009 1 1670746305317234 -32.5 -65.0 1.8714565612204823 3 
0001 0013 1 1670746305326896 120.4375 -65.5 6.227961998815704 3 
0001 0007 2 1670746305388600 61.8125 -62.0 1.7855536370988863 3 
0001 0005 2 1670746305390978 -68.3125 -67.0 3.9269908169872414 3 
0001 0015 2 1670746305393842 -52.0625 -69.0 2.9943304979527716 3 
0001 0013 2 1670746305402861 35.75 -58.5 1.6198837120072371 3 
0001 0012 2 1670746305422041 -45.5625 -70.0 3.3011266555298997 3 
0001 0004 2 1670746305427814 100.875 -70.0 2.9820586516496865 3 
0001 0013 3 1670746305498228 -87.875 -67.5 3.3870295796514958 3 
0001 0007 3 1670746305501085 6.5 -69.5 4.442408361716817 3 
0001 0005 3 1670746305505878 -113.875 -67.5 3.184544115650591 3 
0001 0004 4 1670746305573641 61.8125 -72.5 1.9512235621905356 3 
0001 0015 5 1670746305663514 -110.625 -68.5 4.902602598082509 3 
0001 0006 6 1670746305766836 52.0625 -71.0 3.5588354278946874 3 
0001 0014 6 1670746305768563 0.0 -69.5 0.0859029241215959 3 
0001 0005 6 1670746305790291 211.5625 -71.0 1.6444274046134073 3 
0001 0005 7 1670746305840602 -55.3125 -62.0 4.681709364626977 3 
0001 0015 7 1670746305843253 48.8125 -61.5 2.36846633649543 3 
0001 0011 7 1670746305844216 -13.0 -57.5 4.356505437595221 3 
0001 0007 7 1670746305847533 52.0625 -63.0 2.448233337465483 3 
0001 0012 7 1670746305849265 26.0 -58.5 1.7916895602504288 3 
0001 0010 7 1670746305850199 19.5 -57.0 3.0802334220743677 3 
0001 0009 7 1670746305852143 -32.5 -55.5 3.1354567304382504 3 
0001 0008 7 1670746305858061 -48.8125 -66.5 3.6447383520162835 3 
0001 0006 7 1670746305864136 -91.125 -69.5 4.111068511533518 3 
0001 0004 7 1670746305867011 -13.0 -52.0 0.2638446955163303 3 
0001 0013 7 1670746305874532 -9.75 -61.0 4.552854978444583 3 
0001 0005 8 1670746305929363 39.0 -63.0 2.000310947402876 3 
0001 0015 8 1670746305931833 84.625 -71.5 3.2090878082567613 3 
0001 0004 8 1670746305934182 -13.0 -61.0 4.25833066717054 3 
0001 0013 8 1670746305936105 -13.0 -63.5 2.5034566458293663 3 
0001 0007 8 1670746305938004 0.0 -57.5 6.105243535784852 3 
0001 0009 8 1670746305942301 22.75 -62.0 2.6445828783148455 3 
0001 0011 8 1670746305944982 -52.0625 -65.5 3.988350048502667 3 
0001 0008 8 1670746305945944 -45.5625 -65.0 3.6386024288647407 3 
0001 0010 8 1670746305948419 6.5 -63.5 1.141281706186917 3 
0001 0012 8 1670746305950589 -19.5 -60.5 3.3011266555298997 3 
0001 0014 8 1670746305958273 -3.25 -63.0 3.6017868899554855 3 
0001 0009 1 1670746306192716 22.75 -64.0 1.859184714917397 3 
0001 0013 1 1670746306201655 68.3125 -66.5 6.14819499784565 3 
0001 0007 1 1670746306215426 0.0 -63.5 1.8837284075235674 3 
0001 0004 2 1670746306267289 -52.0625 -68.0 3.663146121470911 3 
0001 0007 2 1670746306273676 42.3125 -61.0 2.1782527187976104 3 
0001 0013 2 1670746306282239 32.5 -59.0 1.6014759425526093 3 
0001 0005 2 1670746306321705 -87.875 -68.0 3.5895150436524004 3 
0001 0012 2 1670746306328222 201.8125 -69.0 3.2090878082567613 3 
0001 0013 3 1670746306368192 52.0625 -68.5 3.160000423044421 3 
0001 0005 3 1670746306376024 -13.0 -66.0 3.8533597391687304 3 
0001 0007 3 1670746306377061 91.125 -70.0 4.95168998329485 3 
0001 0004 4 1670746306501796 -3.25 -70.0 2.1537090261914402 3 
0001 0015 5 1670746306580324 -52.0625 -69.0 4.957825906446392 3 
0001 0005 6 1670746306627072 152.9375 -71.0 1.521708941582556 3 
0001 0006 6 1670746306645077 -87.875 -72.5 3.1968159619536762 3 
0001 0014 6 1670746306649971 110.625 -68.0 6.19728238305799 3 
0001 0008 7 1670746306686043 -19.5 -65.0 3.393165502803038 3 
0001 0006 7 1670746306687036 -13.0 -69.0 3.6324665057131984 3 
0001 0004 7 1670746306695244 -13.0 -52.5 0.12885438618239387 3 
0001 0011 7 1670746306696223 13.0 -57.0 4.3503695144436785 3 
0001 0015 7 1670746306697203 13.0 -62.5 2.3930100291016 3 
0001 0010 7 1670746306698179 22.75 -56.5 3.08636934522591 3 
0001 0007 7 1670746306703423 -29.25 -63.5 2.4605051837685683 3 
0001 0005 7 1670746306710462 -9.75 -62.5 4.479223900626073 3 
0001 0013 7 1670746306713111 -9.75 -60.0 4.479223900626073 3 
0001 0012 7 1670746306714576 29.25 -58.5 1.7303303287350031 3 
0001 0009 7 1670746306718879 9.75 -55.5 2.8654761117703775 3 
0001 0004 8 1670746306765944 0.0 -60.5 4.129476280988146 3 
0001 0011 8 1670746306767381 -58.5625 -66.0 4.626486056263094 3 
0001 0013 8 1670746306769792 -6.5 -64.0 2.466641106920111 3 
0001 0008 8 1670746306781634 -41.5 -64.5 3.6447383520162835 3 
0001 0010 8 1670746306783079 22.75 -62.5 1.4480778637640452 3 
0001 0014 8 1670746306785944 -16.25 -62.5 3.5158839658338894 3 
0001 0005 8 1670746306788618 35.75 -62.5 1.9880391010997909 3 
0001 0007 8 1670746306791558 6.5 -57.5 5.921165841238575 3 
0001 0009 8 1670746306796952 6.5 -62.5 2.693670263527186 3 
0001 0012 8 1670746306798217 -26.0 -60.0 3.3318062712876126 3 
0001 0015 8 1670746306810323 -55.3125 -70.5 3.368621810196868 3 
0001 0013 1 1670746307049855 29.25 -66.0 0.06135923151542565 3 
0001 0009 1 1670746307058486 -48.8125 -63.0 1.9634954084936207 3 
0001 0007 1 1670746307062365 19.5 -63.5 1.8960002538266525 3 
0001 0012 1 1670746307069301 -309.1875 -70.5 1.1596894756415448 3 
