0007 0004 1 1670746349085817 -21.125 -67.5 2.1230294104337273 20 
0007 0007 1 1670746349100895 120.4375 -70.5 1.8223691760081417 20 
0007 0007 2 1670746349160470 -87.875 -67.5 5.356660911296659 20 
0007 0010 2 1670746349162397 191.1875 -69.0 5.037592907416445 20 
0007 0011 3 1670746349236263 35.75 -62.0 1.8714565612204823 20 
0007 0007 3 1670746349241265 81.375 -63.5 2.086213871524472 20 
0007 0001 3 1670746349246245 -375.125 -71.0 5.418020142812084 20 
0007 0005 3 1670746349250960 35.75 -60.5 2.9391071895888885 20 
0007 0003 3 1670746349254637 -195.25 -66.0 3.847223816017188 20 
0007 0007 4 1670746349320087 6.5 -62.0 0.7976700097005334 20 
0007 0001 4 1670746349321954 10.5625 -55.5 2.5709518004963345 20 
0007 0003 4 1670746349324971 -13.0 -60.0 2.2150682577068657 20 
0007 0006 4 1670746349326146 32.5 -62.0 1.0062913968529805 20 
0007 0011 4 1670746349327289 9.75 -59.5 4.387185053352934 20 
0007 0005 4 1670746349329429 22.75 -55.5 1.4910293258248433 20 
0007 0000 4 1670746349331982 159.5 -70.5 3.5036121195308043 20 
0007 0004 4 1670746349344377 -26.0 -69.5 3.067961575771282 20 
0007 0010 4 1670746349346219 -117.125 -69.5 2.067806102069844 20 
0007 0005 5 1670746349377759 68.3125 -67.0 4.411728745959104 20 
0007 0004 5 1670746349383449 21.125 -55.5 0.8958447801252144 20 
0007 0006 5 1670746349386525 9.75 -51.5 2.6384469551633027 20 
0007 0003 5 1670746349387756 6.5 -57.5 3.650874275167826 20 
0007 0011 5 1670746349392703 32.5 -66.0 4.430136515413731 20 
0007 0008 5 1670746349394853 78.0625 -67.0 1.7855536370988863 20 
0007 0001 5 1670746349397707 24.375 -59.5 2.1046216409791 20 
0007 0007 5 1670746349403817 -91.125 -67.5 2.454369260617026 20 
0007 0002 5 1670746349405390 152.9375 -72.5 6.019340611663256 20 
0007 0009 5 1670746349408419 452.4375 -71.5 5.565282298449106 20 
0007 0010 5 1670746349434313 205.0625 -69.0 0.3129320807286708 20 
0007 0006 6 1670746349455971 16.25 -52.5 1.0676506283684062 20 
0007 0014 6 1670746349458157 29.25 -70.5 1.6812429435226628 20 
0007 0010 6 1670746349459328 10.5625 -54.0 2.6139032625571326 20 
0007 0007 6 1670746349460477 16.25 -63.0 0.34974761963792617 20 
0007 0001 6 1670746349462371 10.5625 -64.0 0.1902136176978195 20 
0007 0011 6 1670746349466522 -3.25 -54.5 2.791845033951867 20 
0007 0004 6 1670746349468866 24.375 -55.0 0.28838838812250056 20 
0007 0008 6 1670746349474539 74.8125 -66.5 0.30679615757712825 20 
0007 0009 6 1670746349478899 32.5 -71.5 3.693825737228624 20 
0007 0003 6 1670746349480778 3.25 -68.0 6.111379458936394 20 
0007 0002 6 1670746349488445 97.625 -71.0 2.073942025221387 20 
0007 0005 6 1670746349496063 42.3125 -65.5 6.105243535784852 20 
0007 0000 6 1670746349497369 -87.875 -68.5 5.6573211457222445 20 
0007 0003 7 1670746349538765 35.75 -64.5 3.6570101983193686 20 
0007 0011 7 1670746349545905 -110.625 -66.5 5.8045833013592665 20 
0007 0004 7 1670746349546866 -52.0625 -65.5 2.779573187648782 20 
0007 0014 7 1670746349557528 0.0 -65.5 4.356505437595221 20 
0007 0010 7 1670746349563990 -111.4375 -69.5 4.06811704947272 20 
0007 0011 8 1670746349606742 -97.625 -69.5 5.062136600022616 20 
0007 0005 8 1670746349615467 -55.3125 -70.0 3.2213596545598464 20 
0007 0007 8 1670746349617660 -13.0 -68.5 0.4295146206079795 20 
0007 0010 8 1670746349619112 -3.25 -69.5 5.6573211457222445 20 
0007 0004 1 1670746349888027 17.0625 -67.0 2.030990563160589 20 
0007 0007 1 1670746349905976 120.4375 -69.5 1.6873788666742053 20 
0007 0007 2 1670746349939424 61.8125 -66.5 5.203262832508095 20 
0007 0010 2 1670746349957583 39.0 -69.0 5.148039524144211 20 
0007 0005 3 1670746350031784 42.3125 -60.5 2.9513790358919736 20 
0007 0007 3 1670746350035880 -3.25 -63.0 2.1537090261914402 20 
0007 0003 3 1670746350041715 13.0 -66.0 3.6079228131070282 20 
0007 0011 3 1670746350044416 -19.5 -61.5 1.902136176978195 20 
0007 0001 3 1670746350077057 -93.5625 -69.0 5.056000676871073 20 
0007 0000 4 1670746350120416 -113.875 -70.5 3.9515345095934116 20 
0007 0001 4 1670746350124090 -17.0625 -55.5 2.6139032625571326 20 
0007 0004 4 1670746350127465 27.625 -68.0 3.031146036862027 20 
0007 0007 4 1670746350128397 -9.75 -62.5 0.7731263170943632 20 
0007 0005 4 1670746350131000 16.25 -55.5 1.4971652489763858 20 
0007 0006 4 1670746350131961 13.0 -62.0 1.0615147052168636 20 
0007 0011 4 1670746350133831 -29.25 -60.0 4.466952054322987 20 
0007 0003 4 1670746350138792 19.5 -59.5 2.12916533358527 20 
0007 0010 4 1670746350141796 29.25 -70.5 1.8100973297050567 20 
0007 0009 4 1670746350148555 39.0 -75.5 5.031456984264903 20 
0007 0005 5 1670746350177045 -3.25 -67.5 4.460816131171445 20 
0007 0009 5 1670746350180475 -68.3125 -71.5 0.07363107781851078 20 
0007 0011 5 1670746350181874 78.0625 -66.0 4.411728745959104 20 
0007 0003 5 1670746350185566 -16.25 -58.0 3.6079228131070282 20 
0007 0001 5 1670746350186740 45.5625 -60.5 2.1046216409791 20 
0007 0006 5 1670746350188460 -9.75 -51.0 2.6998061866787286 20 
0007 0004 5 1670746350189490 -10.5625 -56.0 0.9572040116406401 20 
0007 0007 5 1670746350191572 -68.3125 -67.5 2.3930100291016 20 
0007 0008 5 1670746350205650 91.125 -67.5 1.7794177139473437 20 
0007 0002 5 1670746350211304 -445.9375 -71.5 0.8958447801252144 20 
0007 0003 6 1670746350278461 -68.3125 -68.5 6.14819499784565 20 
0007 0001 6 1670746350280667 27.625 -64.0 0.19634954084936207 20 
0007 0006 6 1670746350281882 9.75 -52.5 1.086058397823034 20 
0007 0011 6 1670746350284334 16.25 -55.0 2.767301341345697 20 
0007 0004 6 1670746350287832 3.25 -55.0 0.35588354278946877 20 
0007 0007 6 1670746350291273 13.0 -63.5 0.42337869745643697 20 
0007 0000 6 1670746350292239 -65.0625 -70.0 5.559146375297564 20 
0007 0008 6 1670746350293417 -13.0 -67.0 0.4356505437595221 20 
0007 0010 6 1670746350294348 -7.3125 -54.0 2.6568547246179306 20 
0007 0002 6 1670746350299306 65.0625 -71.5 2.1966604882522383 20 
0007 0014 6 1670746350300766 110.625 -71.5 1.576932249946439 20 
0007 0009 6 1670746350308226 -130.1875 -73.0 3.890175278077986 20 
0007 0005 6 1670746350310039 68.3125 -66.5 6.092971689481767 20 
0007 0010 7 1670746350347186 -93.5625 -70.0 4.061981126321178 20 
0007 0011 7 1670746350348359 -3.25 -66.0 5.755495916146925 20 
0007 0004 7 1670746350358631 107.375 -65.0 2.5280003384355365 20 
0007 0003 7 1670746350374213 22.75 -64.5 3.749049045592507 20 
0007 0014 7 1670746350375092 48.8125 -65.0 4.338097668140593 20 
0007 0010 8 1670746350446766 -34.9375 -69.5 5.583690067903734 20 
0007 0005 8 1670746350450594 6.5 -70.0 3.1661363461959633 20 
0007 0011 8 1670746350464425 55.3125 -69.0 4.957825906446392 20 
0007 0007 8 1670746350473372 130.1875 -69.5 0.5276893910326605 20 
0007 0007 1 1670746350704448 45.5625 -68.0 1.4726215563702154 20 
0007 0004 1 1670746350726116 73.1875 -67.0 2.061670178918302 20 
0007 0010 1 1670746350731273 -100.875 -71.5 6.117515382087937 20 
0007 0007 2 1670746350759936 195.25 -66.5 4.626486056263094 20 
0007 0010 2 1670746350793411 -166.8125 -67.5 5.448699758569798 20 
0007 0008 3 1670746350842083 136.6875 -62.0 4.184699589352029 20 
0007 0005 3 1670746350851515 -55.3125 -62.5 2.9820586516496865 20 
0007 0001 3 1670746350858329 -270.9375 -68.5 5.737088146692298 20 
0007 0007 3 1670746350859204 61.8125 -68.5 1.5401167110371838 20 
0007 0011 3 1670746350860621 45.5625 -63.5 2.1230294104337273 20 
0007 0003 3 1670746350870335 87.875 -65.5 3.454524734318464 20 
0007 0011 4 1670746350901896 -9.75 -60.0 4.614214209960009 20 
0007 0003 4 1670746350903102 -19.5 -58.0 2.6139032625571326 20 
0007 0006 4 1670746350905735 6.5 -62.5 1.1780972450961724 20 
0007 0010 4 1670746350908767 17.0625 -68.5 1.4296700943094176 20 
0007 0007 4 1670746350913023 -22.75 -61.0 5.117359908386499 20 
0007 0005 4 1670746350915431 -42.3125 -58.5 1.0737865515199487 20 
0007 0008 4 1670746350924055 -16.25 -62.5 2.9268353432858034 20 
0007 0001 4 1670746350925002 38.1875 -66.0 0.5767767762450011 20 
0007 0011 5 1670746350965045 -35.75 -68.0 2.552544031041707 20 
0007 0005 5 1670746350966776 97.625 -70.5 0.7669903939428205 20 
0007 0003 5 1670746350969484 -19.5 -63.0 4.675573441475434 20 
0007 0009 5 1670746350971157 -159.5 -72.0 4.92714629068868 20 
0007 0004 5 1670746350972879 -3.25 -56.0 0.1595340019401067 20 
0007 0001 5 1670746350979820 -34.9375 -53.0 4.620350133111551 20 
0007 0006 5 1670746350980768 29.25 -52.5 2.564815877344792 20 
0007 0008 5 1670746350981733 -3.25 -52.5 0.9694758579437253 20 
0007 0010 5 1670746350986784 -24.375 -65.0 0.2270291566070749 20 
0007 0007 5 1670746350995822 -172.5 -70.5 6.007068765360171 20 
0007 0006 6 1670746351051078 9.75 -54.5 6.105243535784852 20 
0007 0004 6 1670746351058052 13.8125 -58.0 2.3071071049800045 20 
0007 0008 6 1670746351062203 -3.25 -58.5 5.098952138931871 20 
0007 0011 6 1670746351065521 -16.25 -60.5 2.067806102069844 20 
0007 0003 6 1670746351066642 -58.5625 -69.5 5.994796919057086 20 
0007 0000 6 1670746351069008 22.75 -68.5 2.945243112740431 20 
0007 0009 6 1670746351071596 29.25 -73.0 1.576932249946439 20 
0007 0010 6 1670746351074880 13.8125 -55.0 1.4971652489763858 20 
0007 0007 6 1670746351076524 -42.3125 -63.5 1.2885438618239387 20 
0007 0001 6 1670746351081465 3.25 -61.5 3.117048960983623 20 
0007 0005 6 1670746351094661 -65.0625 -72.5 4.227651051412827 20 
0007 0004 7 1670746351131933 -17.0625 -59.0 4.620350133111551 20 
0007 0003 7 1670746351138723 -58.5625 -66.5 2.7857091108003242 20 
0007 0006 7 1670746351141407 -32.5 -63.5 4.473087977474529 20 
0007 0011 7 1670746351146846 61.8125 -65.5 0.1902136176978195 20 
0007 0010 7 1670746351148260 -38.1875 -65.0 5.780039608753096 20 
0007 0007 7 1670746351150170 -13.0 -67.0 4.822835597112456 20 
0007 0000 7 1670746351166173 78.0625 -69.0 5.50392306693368 20 
0007 0007 8 1670746351227210 -6.5 -72.5 0.16566992509164924 20 
0007 0011 8 1670746351231067 19.5 -66.0 4.792155981354743 20 
0007 0001 8 1670746351235369 62.625 -69.5 4.6448938257177215 20 
0007 0003 8 1670746351236320 -156.1875 -74.0 2.2518837966161214 20 
0007 0004 1 1670746351459425 21.125 -70.5 5.786175531904639 20 
0007 0008 1 1670746351468406 74.8125 -64.0 1.368310862793992 20 
0007 0010 1 1670746351470259 100.875 -68.5 3.6692820446224537 20 
0007 0007 1 1670746351472909 -97.625 -68.0 2.110757564130642 20 
0007 0011 1 1670746351475583 -9.75 -64.5 0.7792622402459057 20 
0007 0005 1 1670746351481642 -48.8125 -64.0 5.062136600022616 20 
0007 0003 1 1670746351493768 130.1875 -70.5 3.3318062712876126 20 
0007 0001 2 1670746351558309 -17.0625 -69.5 1.6505633277649499 20 
0007 0011 2 1670746351562616 -9.75 -66.5 4.945554060143307 20 
0007 0008 3 1670746351622652 -26.0 -62.5 5.338253141842031 20 
0007 0003 3 1670746351629595 -29.25 -63.5 5.737088146692298 20 
0007 0005 3 1670746351644921 -22.75 -64.0 3.56497135104623 20 
0007 0004 3 1670746351649866 -45.5625 -67.0 5.387340527054372 20 
0007 0004 4 1670746351705896 55.3125 -63.5 2.0800779483729293 20 
0007 0001 4 1670746351710524 -38.1875 -64.0 4.9394181369917645 20 
0007 0005 4 1670746351711486 61.8125 -62.0 2.6200391857086753 20 
0007 0010 4 1670746351717325 -30.875 -69.0 6.007068765360171 20 
0007 0008 4 1670746351722287 -120.4375 -68.5 0.380427235395639 20 
0007 0003 4 1670746351724424 -32.5 -69.5 1.1903690913992575 20 
0007 0014 4 1670746351729735 120.4375 -71.0 5.098952138931871 20 
0007 0011 4 1670746351730923 45.5625 -63.5 5.5714182216006485 20 
0007 0006 5 1670746351777292 29.25 -61.5 1.88986433067511 20 
0007 0008 5 1670746351783542 61.8125 -62.5 1.718058482431918 20 
0007 0007 5 1670746351791223 3.25 -67.5 3.043417883165112 20 
0007 0010 5 1670746351804912 87.0625 -64.5 2.9575149590435164 20 
0007 0004 5 1670746351808077 -10.5625 -69.0 0.7179030087304801 20 
0007 0003 5 1670746351810352 -61.8125 -67.0 2.141437179888355 20 
0007 0014 5 1670746351820705 94.375 -70.5 0.6442719309119693 20 
0007 0015 6 1670746351846489 -74.8125 -72.0 0.3190680038802134 20 
0007 0008 6 1670746351849764 6.5 -64.5 4.1417481272912315 20 
0007 0006 6 1670746351852585 -29.25 -69.0 5.994796919057086 20 
0007 0014 6 1670746351853548 71.5625 -66.5 2.313243028131547 20 
0007 0005 6 1670746351856715 48.8125 -71.0 0.36815538909255385 20 
0007 0004 6 1670746351858831 -3.25 -56.5 3.466796580621549 20 
0007 0001 6 1670746351861649 -17.0625 -57.5 3.5711072741977725 20 
0007 0007 6 1670746351877463 16.25 -67.0 1.380582709097077 20 
0007 0012 6 1670746351889384 -281.5625 -77.0 4.577398671050753 20 
0007 0007 7 1670746351931036 19.5 -67.5 5.497787143782138 20 
0007 0005 7 1670746351933386 107.375 -68.5 3.215223731408304 20 
0007 0011 7 1670746351938947 104.125 -63.0 3.8533597391687304 20 
0007 0004 7 1670746351962792 -27.625 -61.5 4.945554060143307 20 
0007 0010 7 1670746351969642 -263.625 -71.0 5.994796919057086 20 
0007 0001 8 1670746352056764 -21.125 -67.5 3.1354567304382504 20 
0007 0007 8 1670746352065803 139.9375 -69.5 4.135612204139688 20 
0007 0006 1 1670746352288075 -123.6875 -68.0 4.583534594202296 20 
0007 0007 1 1670746352290506 -3.25 -60.5 2.4911847995262812 20 
0007 0011 1 1670746352299539 -3.25 -59.5 1.043106935762236 20 
0007 0005 1 1670746352314002 -29.25 -64.0 6.178874613603362 20 
0007 0008 1 1670746352321719 3.25 -65.5 3.8410878928656453 20 
0007 0004 1 1670746352327196 -21.125 -72.0 4.767612288748572 20 
0007 0003 1 1670746352331569 104.125 -69.5 0.28838838812250056 20 
0007 0005 2 1670746352389281 29.25 -64.0 4.289010282928253 20 
0007 0001 2 1670746352390226 76.4375 -68.0 1.8285050991596843 20 
0007 0006 2 1670746352400369 -136.6875 -68.5 3.104777114680538 20 
0007 0010 2 1670746352423313 -135.0625 -69.0 5.602097837358362 20 
0007 0003 3 1670746352476792 87.875 -66.5 1.2026409377023426 20 
0007 0005 3 1670746352482246 9.75 -60.5 3.497476196379262 20 
0007 0008 3 1670746352484588 -26.0 -59.5 1.4664856332186729 20 
0007 0007 3 1670746352485552 13.0 -66.0 5.939573610693203 20 
0007 0001 3 1670746352504541 -7.3125 -69.0 1.6137477888556946 20 
0007 0014 4 1670746352553392 -19.5 -71.0 5.338253141842031 20 
0007 0005 4 1670746352555585 16.25 -60.5 2.6200391857086753 20 
0007 0007 4 1670746352560980 -26.0 -63.5 5.957981380147831 20 
0007 0003 4 1670746352563414 84.625 -68.0 5.301437602932776 20 
0007 0004 4 1670746352568268 34.9375 -66.0 2.018718716857504 20 
0007 0008 4 1670746352569205 42.3125 -63.0 5.141903600992669 20 
0007 0001 4 1670746352583228 104.125 -64.5 1.6321555583103222 20 
0007 0005 5 1670746352641174 104.125 -67.5 5.589825991055276 20 
0007 0001 5 1670746352643125 -87.0625 -65.0 0.28838838812250056 20 
0007 0008 5 1670746352647756 -6.5 -66.0 5.418020142812084 20 
0007 0010 5 1670746352648733 -83.0 -67.0 1.3437671701878218 20 
0007 0006 5 1670746352651084 100.875 -62.5 1.9819031779482483 20 
0007 0003 5 1670746352660621 39.0 -65.5 1.2333205534600555 20 
0007 0007 5 1670746352661884 139.9375 -68.0 2.761165418194154 20 
0007 0014 5 1670746352671634 61.8125 -68.0 1.9512235621905356 20 
0007 0001 6 1670746352739911 7.3125 -61.5 1.5033011721279284 20 
0007 0007 6 1670746352742814 29.25 -67.0 0.8958447801252144 20 
0007 0008 6 1670746352749700 35.75 -58.5 2.1353012567368124 20 
0007 0003 6 1670746352750876 22.75 -70.5 2.4605051837685683 20 
0007 0006 6 1670746352756388 87.875 -65.5 4.743068596142402 20 
0007 0004 6 1670746352761591 10.5625 -58.0 2.386874105950058 20 
0007 0005 6 1670746352762784 -26.0 -68.5 1.086058397823034 20 
0007 0014 6 1670746352769311 -42.3125 -67.0 3.865631585471816 20 
0007 0011 7 1670746352832778 -32.5 -64.5 2.9022916506796332 20 
0007 0005 7 1670746352835920 -9.75 -67.0 3.227495577711389 20 
0007 0007 7 1670746352841150 -48.8125 -63.5 5.47937937432751 20 
0007 0004 7 1670746352850593 3.25 -65.5 5.013049214810275 20 
0007 0008 7 1670746352853457 55.3125 -68.5 4.190835512503572 20 
0007 0001 8 1670746352936137 -93.5625 -67.0 3.6140587362585705 20 
0007 0007 8 1670746352954990 -61.8125 -69.5 4.614214209960009 20 
0007 0006 1 1670746353190843 -65.0625 -68.5 4.528311285838413 20 
0007 0008 1 1670746353192092 16.25 -67.0 3.792000507653305 20 
0007 0005 1 1670746353194062 52.0625 -63.5 5.872078456026235 20 
0007 0003 1 1670746353200545 -42.3125 -69.5 0.5890486225480862 20 
0007 0011 1 1670746353205135 26.0 -59.0 0.9572040116406401 20 
0007 0004 1 1670746353219103 65.875 -71.5 4.172427743048944 20 
0007 0007 1 1670746353224018 0.0 -60.5 2.5709518004963345 20 
0007 0005 2 1670746353291130 22.75 -63.5 3.9760782021995817 20 
0007 0001 2 1670746353313707 87.0625 -69.0 1.380582709097077 20 
0007 0006 2 1670746353346788 -143.1875 -70.0 2.8716120349219203 20 
0007 0003 3 1670746353400386 133.4375 -67.5 2.337786720737717 20 
0007 0004 3 1670746353402997 -7.3125 -70.5 3.0925052683774528 20 
0007 0008 3 1670746353403921 -19.5 -60.0 1.6566992509164924 20 
0007 0001 3 1670746353408637 111.4375 -67.0 2.030990563160589 20 
0007 0005 3 1670746353412957 22.75 -60.5 3.5036121195308043 20 
0007 0007 3 1670746353418946 -100.875 -67.0 6.111379458936394 20 
0007 0008 4 1670746353458761 -81.375 -65.0 5.154175447295755 20 
0007 0007 4 1670746353463572 0.0 -63.5 6.160466844148735 20 
0007 0014 4 1670746353464511 -39.0 -70.5 5.50392306693368 20 
0007 0003 4 1670746353465390 65.0625 -70.5 5.724816300389213 20 
0007 0005 4 1670746353474270 35.75 -61.5 2.6875343403756435 20 
0007 0001 4 1670746353484635 -24.375 -64.5 2.5280003384355365 20 
0007 0004 4 1670746353489754 27.625 -67.5 1.9696313316451632 20 
0007 0008 5 1670746353538176 19.5 -66.0 5.21553467881118 20 
0007 0005 5 1670746353541793 156.1875 -67.0 5.350524988145116 20 
0007 0006 5 1670746353543261 -9.75 -61.5 2.024854640009046 20 
0007 0001 5 1670746353549860 13.8125 -64.0 0.23316507975861744 20 
0007 0007 5 1670746353553119 55.3125 -67.0 2.650718801466388 20 
0007 0014 5 1670746353565218 149.6875 -68.5 1.7916895602504288 20 
0007 0010 5 1670746353568179 -30.875 -69.0 1.1719613219446299 20 
0007 0003 5 1670746353569852 26.0 -63.0 1.5155730184310134 20 
0007 0004 6 1670746353655868 3.25 -58.0 2.411417798556228 20 
0007 0001 6 1670746353663936 13.8125 -60.5 1.4787574795217582 20 
0007 0005 6 1670746353668037 87.875 -66.0 0.8283496254582462 20 
0007 0008 6 1670746353674319 -26.0 -60.5 2.2886993355253766 20 
0007 0003 6 1670746353682452 130.1875 -70.0 1.9205439464328227 20 
0007 0007 6 1670746353688261 45.5625 -68.0 0.8283496254582462 20 
0007 0006 6 1670746353693075 -6.5 -64.5 4.71238898038469 20 
0007 0014 6 1670746353698358 68.3125 -66.5 4.0558452031696355 20 
0007 0011 7 1670746353732071 -156.1875 -65.5 3.074097498922825 20 
0007 0007 7 1670746353743921 -74.8125 -63.0 5.540738605842936 20 
0007 0004 7 1670746353745775 104.125 -65.0 4.9394181369917645 20 
0007 0005 7 1670746353750111 65.0625 -66.5 3.2090878082567613 20 
0007 0008 7 1670746353763085 -26.0 -68.0 4.276738436625168 20 
0007 0007 8 1670746353832659 91.125 -69.0 4.374913207049849 20 
0007 0001 8 1670746353839311 27.625 -67.5 3.215223731408304 20 
