0004 0006 1 1670746545692047 19.5 -64.0 5.945709533844745 18 
0004 0015 1 1670746545695444 -6.5 -65.0 1.3744467859455345 18 
0004 0014 1 1670746545699312 -39.0 -63.5 3.031146036862027 18 
0004 0004 1 1670746545701023 -13.0 -61.5 5.522330836388308 18 
0004 0010 1 1670746545703186 -9.75 -66.5 6.2034183062095325 18 
0004 0007 1 1670746545707860 -166.0 -71.5 5.822991070813893 18 
0004 0009 1 1670746545719574 3.25 -69.5 6.191146459906448 18 
0004 0001 1 1670746545721698 -170.0625 -70.0 5.8045833013592665 18 
0004 0006 2 1670746545772882 -94.375 -65.0 2.9145634969827183 18 
0004 0014 2 1670746545774738 55.3125 -63.5 0.6933593161243098 18 
0004 0004 2 1670746545784267 -179.0 -69.0 5.589825991055276 18 
0004 0002 2 1670746545786969 -9.75 -69.5 5.399612373357457 18 
0004 0015 3 1670746545838965 -55.3125 -61.5 2.779573187648782 18 
0004 0011 3 1670746545850173 24.375 -63.5 1.5401167110371838 18 
0004 0009 3 1670746545854192 9.75 -59.0 2.8838838812250054 18 
0004 0004 3 1670746545856095 55.3125 -58.5 2.9206994201342606 18 
0004 0008 3 1670746545867040 74.8125 -66.0 2.5832236467994196 18 
0004 0003 3 1670746545900375 -188.75 -71.5 5.767767762450011 18 
0004 0006 3 1670746545904929 231.0625 -70.0 4.356505437595221 18 
0004 0009 4 1670746545947565 29.25 -58.0 1.0799224746714913 18 
0004 0014 4 1670746545952409 -16.25 -59.5 3.3072625786814425 18 
0004 0011 4 1670746545954847 -26.0 -66.0 0.36815538909255385 18 
0004 0005 4 1670746545957258 81.375 -66.5 2.1230294104337273 18 
0004 0001 4 1670746545973190 34.9375 -73.0 6.270913460876501 18 
0004 0015 4 1670746545976501 -13.0 -65.0 3.6999616603801666 18 
0004 0007 4 1670746545985219 16.25 -74.0 0.6320000846088841 18 
0004 0010 4 1670746545990972 -52.0625 -67.0 6.0991076126333095 18 
0004 0004 4 1670746545991934 29.25 -65.5 5.393476450205914 18 
0004 0003 4 1670746545994737 22.75 -71.5 3.3318062712876126 18 
0004 0000 4 1670746546004561 162.75 -74.0 2.3193789512830896 18 
0004 0015 5 1670746546055342 19.5 -64.0 5.325981295538946 18 
0004 0014 5 1670746546067110 -126.9375 -70.0 2.9697868053466014 18 
0004 0004 7 1670746546225745 -61.8125 -66.5 0.48473792897186263 18 
0004 0005 7 1670746546232614 68.3125 -71.0 1.0492428589137786 18 
0004 0004 8 1670746546269525 71.5625 -68.5 1.5278448647340985 18 
0004 0006 8 1670746546296529 -13.0 -69.5 3.2949907323783574 18 
0004 0007 8 1670746546297988 -179.0 -72.0 4.491495746929157 18 
0004 0002 8 1670746546309142 -110.625 -76.0 2.429825568010856 18 
0004 0006 1 1670746546527661 -68.3125 -63.0 6.166602767300278 18 
0004 0007 1 1670746546533370 -9.75 -71.5 5.5100589900852235 18 
0004 0001 1 1670746546537275 55.3125 -70.5 5.534602682691394 18 
0004 0014 1 1670746546538719 3.25 -64.0 3.074097498922825 18 
0004 0015 1 1670746546541580 29.25 -64.5 1.380582709097077 18 
0004 0004 1 1670746546543942 -19.5 -61.5 5.577554144752192 18 
0004 0010 1 1670746546552610 9.75 -66.5 6.209554229361076 18 
0004 0009 1 1670746546556831 29.25 -69.5 6.086835766330224 18 
0004 0000 1 1670746546575144 133.4375 -72.5 3.3747577333484107 18 
0004 0014 2 1670746546610022 35.75 -63.5 0.7301748550335652 18 
0004 0002 2 1670746546610948 104.125 -70.0 5.418020142812084 18 
0004 0006 2 1670746546615306 -35.75 -66.0 2.9084275738311756 18 
0004 0004 2 1670746546625716 -201.8125 -68.0 5.884350302329319 18 
0004 0009 3 1670746546676421 -22.75 -59.0 3.3072625786814425 18 
0004 0015 3 1670746546680603 -26.0 -61.5 2.779573187648782 18 
0004 0004 3 1670746546683464 26.0 -58.5 2.8838838812250054 18 
0004 0011 3 1670746546686376 38.1875 -63.0 1.5155730184310134 18 
0004 0008 3 1670746546695677 -113.875 -65.5 2.429825568010856 18 
0004 0005 3 1670746546696687 332.0 -72.0 0.04295146206079795 18 
0004 0003 3 1670746546719038 -113.875 -71.5 5.6573211457222445 18 
0004 0006 3 1670746546734861 -172.5 -69.0 4.71238898038469 18 
0004 0011 4 1670746546778816 10.5625 -66.5 0.30679615757712825 18 
0004 0015 4 1670746546798851 -29.25 -65.5 3.767456815047135 18 
0004 0004 4 1670746546802418 -19.5 -65.5 5.516194913236766 18 
0004 0009 4 1670746546803872 0.0 -59.0 1.0799224746714913 18 
0004 0014 4 1670746546805558 -3.25 -60.0 3.2827188860752723 18 
0004 0001 4 1670746546807854 62.625 -74.0 0.12885438618239387 18 
0004 0005 4 1670746546808817 -22.75 -67.0 2.1966604882522383 18 
0004 0010 4 1670746546818019 -9.75 -66.5 6.013204688511713 18 
0004 0003 4 1670746546827180 -9.75 -73.0 3.9147189706841563 18 
0004 0000 4 1670746546829367 -3.25 -73.0 2.9329712664373457 18 
0004 0015 5 1670746546859590 -35.75 -64.5 5.387340527054372 18 
0004 0004 7 1670746547020410 -133.4375 -70.0 6.22182607566416 18 
0004 0004 8 1670746547067916 -91.125 -68.5 0.35588354278946877 18 
0004 0007 8 1670746547082830 -45.5625 -67.5 3.0066023442558567 18 
0004 0001 1 1670746547318641 38.1875 -70.0 5.473243451175968 18 
0004 0015 1 1670746547329068 -65.0625 -66.5 1.6873788666742053 18 
0004 0004 1 1670746547332859 -74.8125 -59.0 4.841243366567084 18 
0004 0014 1 1670746547336154 -81.375 -61.5 2.3193789512830896 18 
0004 0009 1 1670746547343036 -55.3125 -66.5 2.36846633649543 18 
0004 0007 2 1670746547378825 -13.0 -67.5 4.693981210930062 18 
0004 0004 2 1670746547382308 -55.3125 -64.0 4.3933209765044765 18 
0004 0006 2 1670746547388484 6.5 -67.5 3.442252888015379 18 
0004 0014 2 1670746547396683 35.75 -65.0 0.7669903939428205 18 
0004 0004 3 1670746547426457 35.75 -70.0 6.062292073724054 18 
0004 0007 3 1670746547429750 71.5625 -61.5 1.2885438618239387 18 
0004 0006 3 1670746547436901 -100.875 -64.0 3.9453985864418692 18 
0004 0015 3 1670746547437833 -13.0 -63.5 2.454369260617026 18 
0004 0014 3 1670746547450665 19.5 -67.5 1.7426021750380885 18 
0004 0011 3 1670746547459202 -13.8125 -55.5 1.9573594853420782 18 
0004 0008 3 1670746547466913 55.3125 -68.0 5.289165756629691 18 
0004 0010 3 1670746547470168 139.9375 -68.0 0.6442719309119693 18 
0004 0005 4 1670746547496460 19.5 -70.5 2.4850488763747385 18 
0004 0013 4 1670746547499095 55.3125 -72.0 3.54042765844006 18 
0004 0006 4 1670746547501222 45.5625 -68.0 2.1230294104337273 18 
0004 0011 4 1670746547504066 21.125 -59.5 1.8960002538266525 18 
0004 0014 4 1670746547508779 0.0 -60.5 2.9820586516496865 18 
0004 0004 4 1670746547511472 9.75 -67.5 2.9513790358919736 18 
0004 0007 4 1670746547512693 45.5625 -64.5 6.062292073724054 18 
0004 0015 4 1670746547526336 -52.0625 -68.0 2.5893595699509624 18 
0004 0010 4 1670746547527538 -19.5 -64.5 4.7307967498393175 18 
0004 0000 4 1670746547536080 42.3125 -71.0 1.012427320004523 18 
0004 0007 5 1670746547566236 -81.375 -64.5 2.4727770300716534 18 
0004 0011 5 1670746547569812 -7.3125 -67.0 0.7915340865489908 18 
0004 0005 5 1670746547575454 -19.5 -70.5 5.442563835418255 18 
0004 0015 5 1670746547596033 -17.0625 -68.5 4.0128937411088375 18 
0004 0015 6 1670746547656547 58.5625 -69.0 2.1046216409791 18 
0004 0013 6 1670746547665224 0.0 -63.5 4.884194828627882 18 
0004 0005 6 1670746547678041 45.5625 -74.5 4.657165672020807 18 
0004 0012 6 1670746547691902 -22.75 -68.5 5.9518454569962875 18 
0004 0000 6 1670746547696254 6.5 -71.5 3.1661363461959633 18 
0004 0012 8 1670746547844800 -68.3125 -71.5 5.976389149602458 18 
0004 0007 8 1670746547855503 6.5 -71.0 4.546719055293041 18 
0004 0001 1 1670746548086750 52.0625 -69.5 1.8346410223112268 18 
0004 0014 1 1670746548094322 9.75 -59.0 2.7857091108003242 18 
0004 0015 1 1670746548099119 -6.5 -66.0 2.564815877344792 18 
0004 0004 1 1670746548103537 71.5625 -60.5 3.9392626632903265 18 
0004 0012 1 1670746548108241 -65.0625 -69.0 3.736777199289422 18 
0004 0006 1 1670746548113427 250.625 -71.5 4.632621979414636 18 
0004 0012 2 1670746548148442 3.25 -68.5 0.8222137023067037 18 
0004 0015 2 1670746548151802 162.75 -72.0 1.8653206380689396 18 
0004 0004 2 1670746548152808 -55.3125 -64.0 0.7853981633974483 18 
0004 0006 2 1670746548158446 78.0625 -68.5 0.3436116964863836 18 
0004 0014 2 1670746548161952 -6.5 -64.0 2.2334760271614935 18 
0004 0013 3 1670746548215975 45.5625 -61.5 2.1230294104337273 18 
0004 0007 3 1670746548220680 42.3125 -68.5 5.884350302329319 18 
0004 0004 3 1670746548222781 35.75 -60.0 2.12916533358527 18 
0004 0011 3 1670746548225848 7.3125 -61.5 3.11091303783208 18 
0004 0012 3 1670746548226783 -16.25 -58.5 4.724660826687775 18 
0004 0014 3 1670746548231426 -61.8125 -68.5 2.5464081078901644 18 
0004 0006 3 1670746548232420 -87.875 -67.5 3.2090878082567613 18 
0004 0015 3 1670746548243990 71.5625 -61.5 2.8716120349219203 18 
0004 0010 3 1670746548245903 -35.75 -64.5 3.890175278077986 18 
0004 0009 3 1670746548250798 26.0 -64.0 2.6691265709210157 18 
0004 0000 3 1670746548256182 172.5 -71.0 1.9205439464328227 18 
0004 0010 4 1670746548306495 3.25 -61.5 1.5892040962495242 18 
0004 0012 4 1670746548313210 -16.25 -61.0 3.2827188860752723 18 
0004 0014 4 1670746548323048 -3.25 -61.5 2.055534255766759 18 
0004 0009 4 1670746548324055 3.25 -62.5 0.7853981633974483 18 
0004 0011 4 1670746548333209 -41.5 -66.0 2.60776733940559 18 
0004 0013 4 1670746548337114 -6.5 -58.0 3.522019888985432 18 
0004 0005 4 1670746548342086 -9.75 -68.0 5.872078456026235 18 
0004 0015 4 1670746548344128 -45.5625 -63.0 2.442097414313941 18 
0004 0001 4 1670746548352541 -227.8125 -74.0 3.074097498922825 18 
0004 0008 4 1670746548353739 19.5 -71.5 0.6933593161243098 18 
0004 0013 5 1670746548401701 32.5 -66.5 1.0369710126106935 18 
0004 0012 5 1670746548414150 -74.8125 -65.0 5.706408530934585 18 
0004 0014 5 1670746548418490 130.1875 -67.5 1.9941750242513334 18 
0004 0005 5 1670746548419961 100.875 -68.0 5.749359992995383 18 
0004 0007 5 1670746548421153 39.0 -63.5 2.724349879284899 18 
0004 0015 5 1670746548430338 -78.0625 -66.5 5.283029833478148 18 
0004 0011 5 1670746548434161 -93.5625 -66.0 1.1596894756415448 18 
0004 0001 5 1670746548449964 -135.0625 -71.0 3.2949907323783574 18 
0004 0013 6 1670746548486890 -9.75 -64.5 4.693981210930062 18 
0004 0000 6 1670746548504789 -32.5 -71.5 4.135612204139688 18 
0004 0015 6 1670746548508822 6.5 -65.5 2.3439226438892597 18 
0004 0012 6 1670746548517734 -32.5 -71.5 1.6198837120072371 18 
0004 0012 8 1670746548670476 -13.0 -72.0 0.5522330836388308 18 
0004 0014 1 1670746548908231 26.0 -59.0 2.8102528034064944 18 
0004 0015 1 1670746548915622 65.0625 -65.0 2.429825568010856 18 
0004 0012 1 1670746548919222 -94.375 -68.5 3.7122335066832517 18 
0004 0006 1 1670746548922768 -231.0625 -70.0 5.135767677841127 18 
0004 0004 1 1670746548930541 -19.5 -60.0 4.252194744018997 18 
0004 0001 1 1670746548932936 -48.8125 -68.5 2.1230294104337273 18 
0004 0007 1 1670746548934965 -52.0625 -72.0 2.9329712664373457 18 
0004 0004 2 1670746548983174 87.875 -63.5 0.5399612373357456 18 
0004 0006 2 1670746548984125 39.0 -69.0 0.1043106935762236 18 
0004 0012 2 1670746548985087 -6.5 -69.5 0.7976700097005334 18 
0004 0014 2 1670746548994712 126.9375 -63.5 2.2089323345553233 18 
0004 0015 3 1670746549047125 65.0625 -62.0 2.8961557275280905 18 
0004 0010 3 1670746549055752 -68.3125 -65.0 3.9944859716542096 18 
0004 0012 3 1670746549060931 22.75 -58.0 4.994641445355648 18 
0004 0006 3 1670746549065360 29.25 -65.5 3.2029518851052186 18 
0004 0004 3 1670746549068704 16.25 -60.0 1.8530487917658545 18 
0004 0011 3 1670746549069623 -42.3125 -61.5 3.2213596545598464 18 
0004 0014 3 1670746549082620 -22.75 -69.0 2.3071071049800045 18 
0004 0007 3 1670746549084566 -162.75 -69.0 0.607456392002714 18 
0004 0013 3 1670746549089100 -32.5 -62.5 2.435961491162398 18 
0004 0009 3 1670746549090163 84.625 -66.5 2.098485717827557 18 
0004 0014 4 1670746549138747 29.25 -61.5 2.000310947402876 18 
0004 0001 4 1670746549142983 159.5 -74.0 2.1966604882522383 18 
0004 0011 4 1670746549157052 -3.25 -65.0 2.5709518004963345 18 
0004 0012 4 1670746549159458 -29.25 -60.0 3.466796580621549 18 
0004 0009 4 1670746549165720 55.3125 -65.0 0.25770877236478773 18 
0004 0013 4 1670746549166667 -3.25 -57.5 3.6263305825616556 18 
0004 0015 4 1670746549175570 16.25 -63.0 2.325514874434632 18 
0004 0010 4 1670746549178922 35.75 -62.5 1.8530487917658545 18 
0004 0005 4 1670746549183924 -71.5625 -68.5 5.651185222570702 18 
0004 0008 4 1670746549186260 87.875 -71.0 0.6810874698212247 18 
0004 0003 4 1670746549191863 -13.0 -77.0 0.44178646691106466 18 
0004 0000 4 1670746549192857 -65.0625 -74.0 1.1658253987930873 18 
0004 0012 5 1670746549222167 -35.75 -65.5 5.583690067903734 18 
0004 0005 5 1670746549225488 -52.0625 -67.5 6.068427996875596 18 
0004 0011 5 1670746549226427 0.0 -64.0 1.2210487071569704 18 
0004 0015 5 1670746549237047 -58.5625 -67.0 5.129631754689584 18 
0004 0014 5 1670746549242563 19.5 -67.0 1.9696313316451632 18 
0004 0007 5 1670746549245664 -9.75 -63.5 2.748893571891069 18 
0004 0013 5 1670746549262248 -42.3125 -67.0 1.227184630308513 18 
0004 0000 6 1670746549311130 84.625 -71.5 3.6815538909255388 18 
0004 0015 6 1670746549324280 -26.0 -66.0 2.3930100291016 18 
0004 0013 6 1670746549346719 16.25 -65.5 4.767612288748572 18 
0004 0012 8 1670746549506314 74.8125 -71.5 0.3313398501832985 18 
0004 0012 1 1670746549739755 390.5625 -68.0 2.5832236467994196 18 
0004 0015 1 1670746549740655 3.25 -65.5 2.5586799541932495 18 
0004 0006 1 1670746549743507 -130.1875 -74.0 4.06811704947272 18 
0004 0014 1 1670746549745883 -3.25 -59.0 2.8102528034064944 18 
0004 0004 1 1670746549748007 -32.5 -60.0 4.135612204139688 18 
0004 0007 1 1670746549763326 123.6875 -73.0 2.5893595699509624 18 
0004 0001 1 1670746549764582 65.875 -69.5 1.8837284075235674 18 
0004 0014 2 1670746549809015 32.5 -64.0 2.313243028131547 18 
0004 0004 2 1670746549818677 19.5 -63.5 0.4663301595172349 18 
0004 0012 2 1670746549823671 117.125 -68.0 0.6933593161243098 18 
0004 0006 2 1670746549826014 -107.375 -69.0 0.37429131224409645 18 
0004 0012 3 1670746549874964 -19.5 -58.5 5.111223985234957 18 
0004 0010 3 1670746549875887 -42.3125 -65.0 4.025165587411922 18 
0004 0004 3 1670746549881168 45.5625 -60.0 1.9266798695843652 18 
0004 0013 3 1670746549882622 22.75 -62.5 2.411417798556228 18 
0004 0006 3 1670746549895401 68.3125 -65.5 3.06182565261974 18 
0004 0011 3 1670746549897297 -26.0 -60.5 3.227495577711389 18 
0004 0015 3 1670746549898753 -61.8125 -62.0 3.055689729468197 18 
0004 0009 3 1670746549900891 84.625 -65.5 1.9757672547967058 18 
0004 0014 3 1670746549916914 169.25 -69.0 2.282563412373834 18 
0004 0010 4 1670746549956321 32.5 -62.0 1.9082721001297376 18 
0004 0012 4 1670746549970695 -16.25 -60.0 3.5895150436524004 18 
0004 0015 4 1670746549971894 3.25 -62.5 2.4175537217077703 18 
0004 0005 4 1670746549972831 9.75 -68.5 5.602097837358362 18 
0004 0013 4 1670746549976143 0.0 -57.0 3.6754179677739964 18 
0004 0014 4 1670746549981085 19.5 -61.5 1.9880391010997909 18 
0004 0009 4 1670746549985327 3.25 -65.0 0.4540583132141498 18 
0004 0008 4 1670746549990326 13.0 -70.5 0.6749515466696822 18 
0004 0001 4 1670746549996777 -91.125 -74.0 2.8286605728611223 18 
0004 0011 4 1670746550000194 211.5625 -65.0 2.3193789512830896 18 
0004 0000 4 1670746550013133 19.5 -75.5 1.3008157081270237 18 
0004 0007 5 1670746550064318 -55.3125 -63.0 2.82252464970958 18 
0004 0011 5 1670746550066721 7.3125 -65.0 1.2026409377023426 18 
0004 0012 5 1670746550069370 -29.25 -65.0 5.620505606812989 18 
0004 0014 5 1670746550077742 -16.25 -67.0 2.0493983326152168 18 
0004 0013 5 1670746550086344 58.5625 -67.0 1.1535535524900022 18 
0004 0015 5 1670746550088427 -22.75 -66.0 5.252350217720435 18 
0004 0005 5 1670746550094242 -16.25 -68.5 5.93343768754166 18 
0004 0001 5 1670746550105862 -38.1875 -73.0 3.104777114680538 18 
0004 0000 6 1670746550149674 -71.5625 -71.5 4.0987966652304335 18 
0004 0015 6 1670746550150604 -3.25 -66.0 2.4175537217077703 18 
0004 0013 6 1670746550154458 -3.25 -65.5 4.706253057233147 18 
0004 0012 6 1670746550188298 32.5 -70.0 1.564660403643354 18 
0004 0012 8 1670746550346871 -3.25 -73.0 0.14726215563702155 18 
0004 0001 1 1670746550595901 97.625 -68.5 1.8100973297050567 18 
0004 0014 1 1670746550596879 35.75 -59.0 2.724349879284899 18 
0004 0012 1 1670746550598038 9.75 -69.0 3.3747577333484107 18 
0004 0015 1 1670746550608944 -48.8125 -65.0 2.5954954931025047 18 
0004 0004 1 1670746550618416 3.25 -60.0 4.049709280018092 18 
0004 0007 1 1670746550631618 -9.75 -72.0 2.82252464970958 18 
0004 0006 1 1670746550635690 110.625 -72.0 3.9822141253511245 18 
