0003 0003 1 1670746561382812 -3.25 -65.5 0.6013204688511713 6 
0003 0004 1 1670746561398754 -126.9375 -71.5 2.945243112740431 6 
0003 0005 1 1670746561405103 -52.0625 -64.0 4.178563666200486 6 
0003 0015 2 1670746561450156 94.375 -67.0 5.148039524144211 6 
0003 0007 2 1670746561451093 -286.4375 -70.0 5.724816300389213 6 
0003 0004 2 1670746561458499 -39.0 -71.0 1.7794177139473437 6 
0003 0004 3 1670746561511011 35.75 -54.5 2.356194490192345 6 
0003 0015 3 1670746561513177 -19.5 -62.5 0.35588354278946877 6 
0003 0010 3 1670746561514156 -19.5 -67.0 3.8840393549264434 6 
0003 0002 3 1670746561516909 -175.75 -64.0 4.227651051412827 6 
0003 0014 3 1670746561517899 -58.5625 -60.0 5.553010452146021 6 
0003 0009 3 1670746561520507 38.1875 -59.5 1.509437095279471 6 
0003 0008 3 1670746561521482 19.5 -60.5 4.252194744018997 6 
0003 0000 3 1670746561526624 -29.25 -66.5 0.3436116964863836 6 
0003 0007 3 1670746561532268 61.8125 -66.5 2.454369260617026 6 
0003 0012 3 1670746561534380 -26.0 -65.5 2.0923497946760143 6 
0003 0006 3 1670746561559502 -21.125 -70.0 1.1596894756415448 6 
0003 0008 4 1670746561597392 -22.75 -62.0 6.166602767300278 6 
0003 0002 4 1670746561599645 -42.3125 -69.5 0.5951845456996288 6 
0003 0009 4 1670746561619998 -10.5625 -60.5 6.025476534814799 6 
0003 0015 4 1670746561622663 55.3125 -71.5 2.675262494072558 6 
0003 0012 4 1670746561625100 -65.0625 -65.0 0.3190680038802134 6 
0003 0014 4 1670746561628127 9.75 -63.0 4.994641445355648 6 
0003 0004 4 1670746561631924 3.25 -67.0 4.921010367537137 6 
0003 0005 4 1670746561637011 -81.375 -71.0 5.516194913236766 6 
0003 0000 5 1670746561686998 -110.625 -68.0 3.816544200259475 6 
0003 0015 5 1670746561694426 -45.5625 -66.5 5.325981295538946 6 
0003 0008 5 1670746561701092 -97.625 -65.5 5.436427912266712 6 
0003 0014 5 1670746561702814 32.5 -59.5 1.9819031779482483 6 
0003 0003 5 1670746561703735 -107.375 -72.0 2.5034566458293663 6 
0003 0004 5 1670746561708179 9.75 -66.5 5.577554144752192 6 
0003 0000 6 1670746561771188 -22.75 -58.0 4.178563666200486 6 
0003 0004 6 1670746561774598 -3.25 -70.0 0.5338253141842031 6 
0003 0009 6 1670746561776430 -114.6875 -65.5 4.693981210930062 6 
0003 0015 6 1670746561784761 -100.875 -71.0 5.307573526084319 6 
0003 0014 6 1670746561788912 32.5 -68.5 1.5155730184310134 6 
0003 0003 6 1670746561810299 -114.6875 -73.5 3.9453985864418692 6 
0003 0007 7 1670746561868957 195.25 -73.0 3.2520392703175593 6 
0003 0004 7 1670746561878757 -61.8125 -68.5 1.9144080232812801 6 
0003 0005 7 1670746561885688 -263.625 -71.0 2.84706834231575 6 
0003 0007 8 1670746561913723 221.3125 -71.5 2.478912953223196 6 
0003 0015 8 1670746561929182 74.8125 -66.5 3.1784081924990484 6 
0003 0015 1 1670746562177415 -123.6875 -70.0 6.270913460876501 6 
0003 0003 1 1670746562179294 59.375 -64.5 0.9572040116406401 6 
0003 0005 1 1670746562188321 52.0625 -64.0 4.074252972624263 6 
0003 0015 2 1670746562231310 -166.0 -68.0 5.651185222570702 6 
0003 0007 2 1670746562232923 -74.8125 -70.5 6.135923151542564 6 
0003 0007 3 1670746562325897 68.3125 -63.5 3.454524734318464 6 
0003 0002 3 1670746562334053 -211.5625 -68.5 5.9518454569962875 6 
0003 0009 3 1670746562338602 -3.25 -56.5 2.3930100291016 6 
0003 0014 3 1670746562344325 -6.5 -58.0 4.896466674930966 6 
0003 0015 3 1670746562349352 -19.5 -64.5 0.8283496254582462 6 
0003 0012 3 1670746562350517 39.0 -60.5 2.730485802436441 6 
0003 0004 3 1670746562351478 -13.0 -58.0 3.448388811166921 6 
0003 0010 3 1670746562352657 -130.1875 -66.5 4.988505522204105 6 
0003 0008 3 1670746562365669 183.875 -66.0 2.2150682577068657 6 
0003 0009 4 1670746562418194 13.8125 -63.5 6.1850105367549055 6 
0003 0004 4 1670746562421654 -55.3125 -65.0 5.013049214810275 6 
0003 0015 4 1670746562427005 -74.8125 -69.5 2.9636508821950587 6 
0003 0012 4 1670746562429125 9.75 -64.5 1.0983302441261191 6 
0003 0014 4 1670746562432002 -39.0 -66.5 4.816699673960914 6 
0003 0008 4 1670746562437437 -6.5 -58.5 0.04908738521234052 6 
0003 0005 4 1670746562454546 42.3125 -72.0 3.847223816017188 6 
0003 0013 5 1670746562492884 -130.1875 -68.0 2.2150682577068657 6 
0003 0001 5 1670746562507876 -136.6875 -68.5 4.675573441475434 6 
0003 0009 5 1670746562508850 24.375 -64.0 0.4724660826687775 6 
0003 0014 5 1670746562509770 -68.3125 -63.0 1.8039614065535141 6 
0003 0005 5 1670746562514614 107.375 -67.5 1.0799224746714913 6 
0003 0008 5 1670746562515945 58.5625 -62.0 0.662679700366597 6 
0003 0010 5 1670746562517179 74.8125 -64.5 1.6321555583103222 6 
0003 0015 5 1670746562518143 -55.3125 -67.0 5.387340527054372 6 
0003 0003 5 1670746562541430 121.25 -72.5 0.3988350048502667 6 
0003 0013 6 1670746562582216 39.0 -66.5 3.7981364308048478 6 
0003 0008 6 1670746562583191 -22.75 -60.0 3.6140587362585705 6 
0003 0000 6 1670746562591853 -94.375 -73.0 3.650874275167826 6 
0003 0009 6 1670746562592815 41.5 -58.5 2.7120780329818137 6 
0003 0010 6 1670746562593763 -22.75 -68.5 4.473087977474529 6 
0003 0011 6 1670746562594941 -55.3125 -70.5 3.792000507653305 6 
0003 0004 6 1670746562597500 -16.25 -63.0 2.84706834231575 6 
0003 0005 6 1670746562612544 22.75 -75.0 3.8717675086233583 6 
0003 0004 7 1670746562642679 -22.75 -66.5 3.5956509668039427 6 
0003 0005 7 1670746562651419 130.1875 -63.5 4.442408361716817 6 
0003 0003 7 1670746562654441 93.5625 -73.5 2.356194490192345 6 
0003 0010 7 1670746562685348 13.0 -71.0 3.773592738198677 6 
0003 0011 8 1670746562728504 -120.4375 -70.5 5.399612373357457 6 
0003 0015 8 1670746562739767 58.5625 -66.0 3.0127382674073995 6 
0003 0007 8 1670746562743616 87.875 -69.0 6.105243535784852 6 
0003 0009 8 1670746562746694 -100.875 -68.5 3.215223731408304 6 
0003 0005 8 1670746562758698 97.625 -66.0 2.9145634969827183 6 
0003 0004 8 1670746562760639 -22.75 -70.0 2.5034566458293663 6 
0003 0005 1 1670746562990305 -19.5 -62.5 4.485359823777615 6 
0003 0013 1 1670746562991756 -26.0 -69.5 4.196971435655114 6 
0003 0004 1 1670746562993948 45.5625 -67.0 2.435961491162398 6 
0003 0007 1 1670746562999454 3.25 -67.5 2.8286605728611223 6 
0003 0011 1 1670746563005347 208.3125 -70.5 2.313243028131547 6 
0003 0003 1 1670746563006548 -59.375 -68.5 5.595961914206819 6 
0003 0015 1 1670746563007529 -42.3125 -69.0 5.773903685601553 6 
0003 0015 2 1670746563050122 -81.375 -68.0 5.583690067903734 6 
0003 0007 2 1670746563056669 -22.75 -62.5 2.067806102069844 6 
0003 0005 2 1670746563057875 55.3125 -64.0 5.013049214810275 6 
0003 0009 3 1670746563091708 -78.0625 -62.5 2.9022916506796332 6 
0003 0011 3 1670746563097085 52.0625 -65.0 4.184699589352029 6 
0003 0014 3 1670746563101117 52.0625 -60.0 4.503767593232243 6 
0003 0002 3 1670746563105559 -39.0 -65.5 4.368777283898306 6 
0003 0015 3 1670746563106624 -91.125 -63.0 1.8775924843720249 6 
0003 0008 3 1670746563109019 -42.3125 -64.0 5.902758071783947 6 
0003 0010 3 1670746563111298 6.5 -59.0 4.3933209765044765 6 
0003 0012 3 1670746563114685 -32.5 -59.0 3.2888548092268146 6 
0003 0004 3 1670746563115659 -16.25 -58.5 3.5895150436524004 6 
0003 0013 3 1670746563122679 185.5 -69.0 5.240078371417351 6 
0003 0009 4 1670746563179822 45.5625 -70.0 1.1719613219446299 6 
0003 0004 4 1670746563182216 6.5 -63.5 1.1044661672776617 6 
0003 0003 4 1670746563189649 69.125 -70.0 1.086058397823034 6 
0003 0015 4 1670746563191561 -39.0 -69.5 3.2643111166206444 6 
0003 0012 4 1670746563213034 -22.75 -66.5 2.2334760271614935 6 
0003 0014 4 1670746563218780 -22.75 -66.5 4.09266074207889 6 
0003 0012 5 1670746563250034 32.5 -65.5 3.8288160465625602 6 
0003 0010 5 1670746563257198 61.8125 -62.5 0.1902136176978195 6 
0003 0014 5 1670746563260577 71.5625 -59.5 2.1475731030398975 6 
0003 0009 5 1670746563261551 48.8125 -65.0 1.3008157081270237 6 
0003 0013 5 1670746563263439 -6.5 -62.0 5.227806525114265 6 
0003 0007 5 1670746563276501 175.75 -72.5 3.2459033471660166 6 
0003 0015 5 1670746563287209 81.375 -65.0 5.5714182216006485 6 
0003 0011 5 1670746563292435 45.5625 -64.5 0.9203884727313847 6 
0003 0008 5 1670746563298549 -45.5625 -69.0 1.6014759425526093 6 
0003 0003 5 1670746563306106 -81.375 -72.0 3.693825737228624 6 
0003 0011 6 1670746563336863 87.875 -69.0 1.239456476611598 6 
0003 0012 6 1670746563340866 -22.75 -65.0 4.718524903536232 6 
0003 0015 6 1670746563349908 -68.3125 -69.5 5.755495916146925 6 
0003 0008 6 1670746563362987 -39.0 -69.5 3.423845118560751 6 
0003 0013 6 1670746563367030 6.5 -65.0 0.48473792897186263 6 
0003 0009 6 1670746563367951 21.125 -69.0 2.5709518004963345 6 
0003 0004 6 1670746563369877 65.0625 -71.0 2.350058567040802 6 
0003 0003 7 1670746563410184 131.8125 -64.5 1.8530487917658545 6 
0003 0005 7 1670746563440357 117.125 -68.0 4.675573441475434 6 
0003 0007 8 1670746563512563 -48.8125 -67.5 5.6941366846315 6 
0003 0015 8 1670746563534544 19.5 -68.0 3.153864499892878 6 
0003 0005 8 1670746563538569 -123.6875 -73.0 2.5586799541932495 6 
0003 0003 8 1670746563540676 -97.625 -72.0 2.270291566070749 6 
0003 0013 1 1670746563777708 -74.8125 -67.5 5.037592907416445 6 
0003 0005 1 1670746563779919 32.5 -64.5 3.933126740138784 6 
0003 0004 1 1670746563786989 42.3125 -69.0 2.098485717827557 6 
0003 0007 1 1670746563789861 22.75 -66.0 2.227340104009951 6 
0003 0011 1 1670746563793026 -104.125 -72.0 3.4177091954092087 6 
0003 0015 1 1670746563807942 -35.75 -70.0 5.964117303299373 6 
0003 0005 2 1670746563850680 -205.0625 -66.0 5.203262832508095 6 
0003 0015 2 1670746563851645 -159.5 -70.5 5.3198453723874035 6 
0003 0007 2 1670746563856878 -26.0 -62.5 1.8039614065535141 6 
0003 0003 3 1670746563927109 -24.375 -70.0 0.0859029241215959 6 
0003 0004 3 1670746563931542 -16.25 -59.5 3.442252888015379 6 
0003 0014 3 1670746563941145 -71.5625 -59.5 4.503767593232243 6 
0003 0012 3 1670746563945649 52.0625 -61.0 3.749049045592507 6 
0003 0011 3 1670746563946583 -22.75 -66.5 5.3198453723874035 6 
0003 0010 3 1670746563948483 16.25 -58.5 4.663301595172349 6 
0003 0008 3 1670746563949701 -55.3125 -61.5 0.0674951546669682 6 
0003 0013 3 1670746563953524 -61.8125 -70.0 5.71868037723767 6 
0003 0002 3 1670746563955033 -3.25 -65.5 4.227651051412827 6 
0003 0009 3 1670746563956104 0.0 -60.0 3.8410878928656453 6 
0003 0007 3 1670746563959298 -133.4375 -68.0 5.387340527054372 6 
0003 0015 3 1670746563962861 42.3125 -62.5 1.5953400194010667 6 
0003 0006 3 1670746563989206 -121.25 -71.5 3.5833791205008576 6 
0003 0015 4 1670746564026921 -16.25 -70.5 3.3870295796514958 6 
0003 0014 4 1670746564034564 -39.0 -65.5 4.411728745959104 6 
0003 0008 4 1670746564050700 -3.25 -64.5 4.344233591292136 6 
0003 0012 4 1670746564052513 -6.5 -69.0 2.552544031041707 6 
0003 0003 4 1670746564054701 -3.25 -68.5 1.8837284075235674 6 
0003 0004 4 1670746564061133 87.875 -65.0 0.6442719309119693 6 
0003 0009 4 1670746564068931 0.0 -67.0 2.073942025221387 6 
0003 0007 4 1670746564075701 -117.125 -73.5 1.6321555583103222 6 
0003 0009 5 1670746564116792 62.625 -65.5 1.88986433067511 6 
0003 0010 5 1670746564118008 -35.75 -64.5 0.15339807878856412 6 
0003 0012 5 1670746564119227 -71.5625 -65.0 4.264466590322082 6 
0003 0008 5 1670746564130542 55.3125 -65.5 1.9634954084936207 6 
0003 0011 5 1670746564142301 3.25 -63.0 1.0983302441261191 6 
0003 0003 5 1670746564143337 156.1875 -72.0 3.810408277107933 6 
0003 0015 5 1670746564152828 -61.8125 -64.0 5.994796919057086 6 
0003 0013 5 1670746564154007 39.0 -63.0 4.558990901596125 6 
0003 0014 5 1670746564161227 -35.75 -59.5 2.2089323345553233 6 
0003 0009 6 1670746564198536 -131.8125 -66.0 3.4913402732277192 6 
0003 0013 6 1670746564199760 52.0625 -67.0 6.22182607566416 6 
0003 0011 6 1670746564200734 3.25 -67.5 0.619728238305799 6 
0003 0008 6 1670746564212210 -7.3125 -67.0 4.454680208019902 6 
0003 0004 6 1670746564217506 39.0 -69.5 2.116893487282185 6 
0003 0012 6 1670746564218839 -48.8125 -63.5 4.325825821837508 6 
0003 0015 6 1670746564225634 -45.5625 -71.5 5.976389149602458 6 
0003 0003 7 1670746564279682 59.375 -64.0 2.6691265709210157 6 
0003 0005 7 1670746564288091 29.25 -69.5 4.595806440505381 6 
0003 0003 8 1670746564348524 83.0 -72.0 3.1968159619536762 6 
0003 0015 8 1670746564372254 -16.25 -67.0 3.3072625786814425 6 
0003 0007 8 1670746564374069 26.0 -67.0 5.43029198911517 6 
0003 0005 8 1670746564388400 -120.4375 -74.5 2.435961491162398 6 
0003 0003 1 1670746564606093 -183.875 -70.5 5.559146375297564 6 
0003 0007 1 1670746564614553 52.0625 -66.5 2.110757564130642 6 
0003 0013 1 1670746564617655 42.3125 -67.5 4.466952054322987 6 
0003 0004 1 1670746564628036 22.75 -71.5 2.0371264863121317 6 
0003 0005 1 1670746564633992 6.5 -64.5 3.6140587362585705 6 
0003 0015 1 1670746564636487 -84.625 -69.5 6.025476534814799 6 
0003 0015 2 1670746564678475 -130.1875 -68.0 5.5100589900852235 6 
0003 0005 2 1670746564683459 0.0 -66.5 4.540583132141498 6 
0003 0007 2 1670746564690284 -94.375 -62.5 1.6321555583103222 6 
0003 0003 2 1670746564698546 -243.3125 -70.0 0.006135923151542565 6 
0003 0004 3 1670746564746224 6.5 -61.0 3.1661363461959633 6 
0003 0009 3 1670746564749951 7.3125 -57.5 4.1172044346850605 6 
0003 0002 3 1670746564752855 -61.8125 -65.5 4.534447208989955 6 
0003 0003 3 1670746564755719 73.1875 -68.5 0.3620194659410113 6 
0003 0010 3 1670746564756694 -16.25 -58.5 4.442408361716817 6 
0003 0008 3 1670746564758151 29.25 -61.0 0.1595340019401067 6 
0003 0012 3 1670746564769471 -58.5625 -60.5 4.006757817957295 6 
0003 0014 3 1670746564770402 13.0 -59.5 4.374913207049849 6 
0003 0015 3 1670746564773278 6.5 -62.5 1.6689710972195777 6 
0003 0006 3 1670746564777132 -444.3125 -72.5 3.5588354278946874 6 
0003 0007 3 1670746564782100 -120.4375 -69.0 5.884350302329319 6 
0003 0011 3 1670746564784451 -61.8125 -66.5 5.5100589900852235 6 
0003 0009 4 1670746564836774 90.3125 -65.0 2.1659808724945253 6 
0003 0014 4 1670746564837736 42.3125 -66.0 4.270602513473625 6 
0003 0015 4 1670746564847911 -55.3125 -70.5 3.552699504743145 6 
0003 0004 4 1670746564852055 -42.3125 -66.0 0.5338253141842031 6 
0003 0012 4 1670746564858046 87.875 -67.5 2.110757564130642 6 
0003 0003 4 1670746564864862 38.1875 -67.0 1.8039614065535141 6 
0003 0008 4 1670746564869638 -26.0 -64.5 4.154019973594316 6 
0003 0011 4 1670746564888421 -61.8125 -71.0 6.19728238305799 6 
0003 0010 5 1670746564926049 -29.25 -64.5 6.240233845118788 6 
0003 0012 5 1670746564927988 32.5 -65.5 4.025165587411922 6 
0003 0009 5 1670746564931362 -55.3125 -64.5 2.0493983326152168 6 
0003 0011 5 1670746564933072 13.0 -62.5 0.8344855486097889 6 
0003 0015 5 1670746564935282 26.0 -63.5 5.822991070813893 6 
0003 0013 5 1670746564936491 -35.75 -65.0 4.0558452031696355 6 
0003 0014 5 1670746564940113 26.0 -59.5 2.12916533358527 6 
0003 0008 5 1670746564945544 84.625 -66.0 1.8162332528565992 6 
0003 0004 6 1670746565034723 29.25 -70.5 2.2886993355253766 6 
0003 0012 6 1670746565038791 16.25 -64.5 4.080388895775806 6 
0003 0008 6 1670746565039924 -84.625 -66.5 4.503767593232243 6 
0003 0013 6 1670746565043385 -22.75 -67.5 5.927301764390117 6 
0003 0011 6 1670746565050601 -42.3125 -66.5 0.4970097752749477 6 
0003 0009 6 1670746565052509 3.25 -64.5 3.2704470397721868 6 
0003 0015 6 1670746565054902 -48.8125 -71.0 5.822991070813893 6 
0003 0003 7 1670746565118796 135.0625 -65.0 2.804116880254952 6 
0003 0005 7 1670746565141573 -74.8125 -68.5 4.97623367590102 6 
0003 0007 8 1670746565220809 6.5 -67.5 5.338253141842031 6 
0003 0015 8 1670746565246194 -35.75 -67.0 3.313398501832985 6 
0003 0003 8 1670746565251539 -74.8125 -72.5 3.6017868899554855 6 
0003 0007 1 1670746565469408 22.75 -66.5 2.172116795646068 6 
0003 0005 1 1670746565470345 -22.75 -64.0 3.4913402732277192 6 
0003 0013 1 1670746565482042 -87.875 -66.5 4.638757902566179 6 
0003 0015 1 1670746565488452 224.5625 -69.5 5.534602682691394 6 
0003 0003 1 1670746565493495 235.9375 -71.0 4.700117134081604 6 
0003 0005 2 1670746565539315 19.5 -66.0 4.430136515413731 6 
0003 0007 2 1670746565545857 -42.3125 -63.0 1.6566992509164924 6 
0003 0015 2 1670746565553606 123.6875 -68.0 5.080544369477243 6 
0003 0003 2 1670746565572191 -84.625 -71.0 6.166602767300278 6 
0003 0009 3 1670746565617618 -13.8125 -57.5 3.9576704327449543 6 
0003 0011 3 1670746565622055 -175.75 -68.0 5.375068680751287 6 
0003 0007 3 1670746565623019 159.5 -70.0 5.086680292628786 6 
0003 0012 3 1670746565627780 0.0 -61.0 3.9453985864418692 6 
0003 0008 3 1670746565632742 61.8125 -61.5 0.05522330836388308 6 
0003 0010 3 1670746565633762 -45.5625 -59.0 4.289010282928253 6 
0003 0015 3 1670746565636138 -3.25 -62.5 1.6321555583103222 6 
0003 0002 3 1670746565638347 29.25 -65.0 4.485359823777615 6 
0003 0014 3 1670746565642947 6.5 -60.0 4.399456899656019 6 
0003 0004 3 1670746565647200 6.5 -60.5 2.9759227284981438 6 
0003 0000 3 1670746565673582 224.5625 -71.5 6.240233845118788 6 
0003 0012 4 1670746565719185 -6.5 -67.0 2.018718716857504 6 
0003 0010 4 1670746565725853 91.125 -72.5 0.1227184630308513 6 
0003 0008 4 1670746565729133 61.8125 -65.0 3.9453985864418692 6 
0003 0009 4 1670746565736173 -21.125 -65.0 2.018718716857504 6 
0003 0004 4 1670746565741932 26.0 -66.0 0.5031456984264903 6 
0003 0014 4 1670746565755099 -9.75 -66.0 4.325825821837508 6 
0003 0003 4 1670746565761931 131.8125 -67.5 1.6566992509164924 6 
0003 0015 4 1670746565766364 61.8125 -70.0 3.454524734318464 6 
0003 0011 4 1670746565768773 16.25 -69.5 0.0 6 
0003 0007 4 1670746565791053 -149.6875 -73.0 1.7916895602504288 6 
0003 0009 5 1670746565820287 -10.5625 -64.5 2.184388641949153 6 
0003 0011 5 1670746565822579 6.5 -62.5 1.1474176293384597 6 
0003 0014 5 1670746565827246 -9.75 -58.5 2.1782527187976104 6 
0003 0012 5 1670746565828196 -6.5 -65.0 4.006757817957295 6 
0003 0008 5 1670746565830140 22.75 -65.5 1.9266798695843652 6 
0003 0013 5 1670746565832639 -39.0 -65.5 4.0987966652304335 6 
0003 0010 5 1670746565838337 -68.3125 -64.0 0.1902136176978195 6 
0003 0015 5 1670746565847621 107.375 -64.0 5.632777453116074 6 
0003 0015 6 1670746565910854 16.25 -71.0 5.859806609723149 6 
0003 0009 6 1670746565914860 6.5 -65.5 3.56497135104623 6 
0003 0012 6 1670746565916102 0.0 -64.5 4.123340357836604 6 
0003 0013 6 1670746565924476 71.5625 -67.5 5.957981380147831 6 
0003 0004 6 1670746565925452 84.625 -70.5 2.6200391857086753 6 
0003 0011 6 1670746565931347 -13.0 -67.0 0.9633399347921826 6 
0003 0008 6 1670746565934396 -35.75 -66.5 4.442408361716817 6 
0003 0005 7 1670746565995538 -113.875 -69.5 5.283029833478148 6 
0003 0003 7 1670746566000559 41.5 -63.0 3.4054373491061236 6 
0003 0003 8 1670746566055536 -73.1875 -69.0 3.9576704327449543 6 
0003 0015 8 1670746566078877 68.3125 -67.0 3.117048960983623 6 
0003 0007 8 1670746566080122 -61.8125 -68.5 5.651185222570702 6 
0003 0005 1 1670746566307893 26.0 -63.0 3.454524734318464 6 
0003 0004 1 1670746566313797 113.875 -70.5 1.7916895602504288 6 
0003 0007 1 1670746566314958 -110.625 -66.5 2.325514874434632 6 
0003 0013 1 1670746566316649 201.8125 -68.0 4.509903516383785 6 
0003 0015 1 1670746566331652 -87.875 -69.5 5.970253226450915 6 
0003 0011 1 1670746566341939 -179.0 -71.0 3.454524734318464 6 
0003 0003 1 1670746566343822 -117.9375 -70.5 5.835262917116979 6 
