0007 0014 1 1670746602794856 166.0 -71.0 6.056156150572511 20 
0007 0006 2 1670746602848859 -45.5625 -69.5 1.9082721001297376 20 
0007 0005 2 1670746602854170 87.875 -67.5 5.178719139901925 20 
0007 0011 3 1670746602924151 0.0 -63.0 6.117515382087937 20 
0007 0007 3 1670746602927372 -113.875 -65.0 2.2764274892222915 20 
0007 0005 3 1670746602931633 16.25 -58.0 0.20248546400090464 20 
0007 0001 4 1670746602996308 59.375 -58.5 2.380738182798515 20 
0007 0006 4 1670746603003431 32.5 -66.5 1.325359400733194 20 
0007 0005 4 1670746603004349 -6.5 -55.0 5.21553467881118 20 
0007 0011 4 1670746603007629 -9.75 -59.0 3.6201946594101133 20 
0007 0008 4 1670746603009531 149.6875 -72.0 0.30679615757712825 20 
0007 0004 4 1670746603025692 59.375 -70.0 0.5154175447295755 20 
0007 0000 4 1670746603032580 -13.0 -73.0 5.743224069843841 20 
0007 0011 5 1670746603078603 -100.875 -61.5 3.4913402732277192 20 
0007 0007 5 1670746603080640 6.5 -62.5 2.6568547246179306 20 
0007 0005 5 1670746603082524 13.0 -65.5 4.583534594202296 20 
0007 0009 5 1670746603086255 13.0 -67.0 5.203262832508095 20 
0007 0006 5 1670746603089415 29.25 -56.0 0.4970097752749477 20 
0007 0010 5 1670746603090333 17.0625 -63.5 0.0859029241215959 20 
0007 0008 5 1670746603091481 16.25 -62.0 2.60776733940559 20 
0007 0004 5 1670746603092371 30.875 -62.0 5.037592907416445 20 
0007 0003 5 1670746603093520 -117.125 -66.0 4.841243366567084 20 
0007 0001 6 1670746603149232 -10.5625 -64.5 5.6143696836614465 20 
0007 0006 6 1670746603153763 -39.0 -54.0 5.424156065963627 20 
0007 0008 6 1670746603155453 65.0625 -67.0 0.4479223900626072 20 
0007 0004 6 1670746603158069 -3.25 -51.0 0.48473792897186263 20 
0007 0010 6 1670746603159000 -17.0625 -59.5 0.5399612373357456 20 
0007 0007 6 1670746603162624 9.75 -60.0 0.6013204688511713 20 
0007 0005 6 1670746603169298 42.3125 -67.0 1.8407769454627694 20 
0007 0011 6 1670746603174421 -13.0 -54.0 1.7855536370988863 20 
0007 0000 6 1670746603175983 -52.0625 -70.0 0.9387962421860124 20 
0007 0009 6 1670746603180990 -55.3125 -74.0 3.822680123411018 20 
0007 0011 7 1670746603215908 0.0 -67.0 0.7117670855789375 20 
0007 0004 7 1670746603225060 -30.875 -71.0 0.7363107781851077 20 
0007 0014 7 1670746603226956 -42.3125 -64.5 1.9389517158874505 20 
0007 0001 7 1670746603236371 -3.25 -68.0 4.6878452877785195 20 
0007 0005 7 1670746603251747 -35.75 -67.0 2.82252464970958 20 
0007 0008 7 1670746603257777 -9.75 -70.5 1.6996507129772904 20 
0007 0011 8 1670746603292168 55.3125 -65.5 0.9387962421860124 20 
0007 0005 8 1670746603300635 -97.625 -63.0 3.6263305825616556 20 
0007 0004 8 1670746603305928 10.5625 -68.0 5.3627968344482015 20 
0007 0010 8 1670746603306890 59.375 -71.5 4.657165672020807 20 
0007 0014 1 1670746603556822 136.6875 -71.0 5.921165841238575 20 
0007 0005 2 1670746603660198 45.5625 -66.5 5.270757987175063 20 
0007 0006 2 1670746603675809 -84.625 -70.0 1.8346410223112268 20 
0007 0005 3 1670746603716293 16.25 -58.0 0.2086213871524472 20 
0007 0007 3 1670746603740928 6.5 -65.5 2.012582793705961 20 
0007 0011 3 1670746603743622 -133.4375 -64.0 0.05522330836388308 20 
0007 0001 4 1670746603812631 -10.5625 -58.5 2.497320722677824 20 
0007 0006 4 1670746603815023 -19.5 -66.0 1.3989904785517047 20 
0007 0011 4 1670746603817867 13.0 -59.5 3.663146121470911 20 
0007 0005 4 1670746603818815 -22.75 -55.0 5.2339424482658075 20 
0007 0008 4 1670746603830117 -6.5 -72.0 0.5460971604872883 20 
0007 0004 4 1670746603832621 -21.125 -71.0 0.6381360077604268 20 
0007 0000 4 1670746603833752 6.5 -72.5 5.559146375297564 20 
0007 0005 5 1670746603881246 -71.5625 -65.0 4.755340442445488 20 
0007 0009 5 1670746603882198 -65.0625 -69.0 5.203262832508095 20 
0007 0006 5 1670746603883327 9.75 -56.0 0.5399612373357456 20 
0007 0007 5 1670746603887490 3.25 -62.0 2.6323110320117604 20 
0007 0010 5 1670746603893768 -79.75 -63.5 0.0859029241215959 20 
0007 0008 5 1670746603896502 13.0 -61.5 2.6261751088602177 20 
0007 0004 5 1670746603897969 -41.5 -62.5 5.160311370447297 20 
0007 0003 5 1670746603899783 -71.5625 -66.5 4.773748211900116 20 
0007 0011 5 1670746603900730 -19.5 -61.0 3.4054373491061236 20 
0007 0010 6 1670746603949508 -30.875 -60.0 0.521553467881118 20 
0007 0005 6 1670746603952187 48.8125 -66.5 1.7671458676442586 20 
0007 0008 6 1670746603955132 29.25 -66.5 0.48473792897186263 20 
0007 0000 6 1670746603961249 16.25 -71.0 0.7915340865489908 20 
0007 0004 6 1670746603962465 -10.5625 -51.0 0.5092816215780329 20 
0007 0006 6 1670746603963372 -35.75 -54.0 5.405748296509 20 
0007 0011 6 1670746603966202 13.0 -54.0 1.7671458676442586 20 
0007 0007 6 1670746603967904 -35.75 -60.0 0.7179030087304801 20 
0007 0001 6 1670746603971614 -3.25 -64.0 5.608233760509904 20 
0007 0009 6 1670746603989822 -22.75 -75.0 4.025165587411922 20 
0007 0001 7 1670746604016026 100.875 -68.0 4.865787059173254 20 
0007 0014 7 1670746604021364 -123.6875 -64.5 2.1475731030398975 20 
0007 0011 7 1670746604025309 35.75 -65.5 0.6504078540635119 20 
0007 0008 7 1670746604037876 9.75 -70.5 1.761009944492716 20 
0007 0005 7 1670746604050388 -166.0 -70.5 2.9943304979527716 20 
0007 0010 8 1670746604118452 -145.625 -72.5 5.056000676871073 20 
0007 0004 8 1670746604119368 -111.4375 -68.5 5.559146375297564 20 
0007 0005 8 1670746604126542 -32.5 -62.5 3.509748042682347 20 
0007 0011 8 1670746604144374 87.875 -66.0 0.9572040116406401 20 
0007 0007 1 1670746604397608 139.9375 -69.5 2.043262409463674 20 
0007 0005 2 1670746604487672 -39.0 -68.5 5.399612373357457 20 
0007 0007 3 1670746604528234 45.5625 -62.0 6.258641614573416 20 
0007 0011 3 1670746604544138 87.875 -67.0 6.092971689481767 20 
0007 0008 3 1670746604547579 104.125 -62.5 5.927301764390117 20 
0007 0005 3 1670746604551903 -22.75 -62.0 0.5092816215780329 20 
0007 0001 4 1670746604618747 -10.5625 -67.5 3.356349963893783 20 
0007 0008 4 1670746604625258 -3.25 -54.5 0.1902136176978195 20 
0007 0005 4 1670746604631690 -9.75 -58.5 5.559146375297564 20 
0007 0010 4 1670746604633547 34.9375 -69.5 0.859029241215959 20 
0007 0011 4 1670746604637540 -19.5 -57.5 3.5711072741977725 20 
0007 0007 4 1670746604638520 -42.3125 -66.0 4.7307967498393175 20 
0007 0006 4 1670746604643060 58.5625 -66.5 1.705786636128833 20 
0007 0004 5 1670746604712524 3.25 -55.0 4.706253057233147 20 
0007 0010 5 1670746604721665 -17.0625 -61.5 4.2092432819582 20 
0007 0006 5 1670746604723516 -9.75 -57.0 0.42337869745643697 20 
0007 0000 5 1670746604727002 -19.5 -64.0 2.60776733940559 20 
0007 0005 5 1670746604727952 45.5625 -62.5 1.3008157081270237 20 
0007 0008 5 1670746604729912 -42.3125 -55.5 5.829126993965437 20 
0007 0011 5 1670746604731367 48.8125 -63.0 1.6260196351587797 20 
0007 0007 5 1670746604733698 -185.5 -70.5 1.239456476611598 20 
0007 0006 6 1670746604794410 -9.75 -54.0 4.546719055293041 20 
0007 0001 6 1670746604795823 7.3125 -60.0 4.28287435977671 20 
0007 0005 6 1670746604797042 26.0 -64.5 3.816544200259475 20 
0007 0004 6 1670746604798933 -7.3125 -58.0 1.7241944055834606 20 
0007 0010 6 1670746604802696 -13.8125 -59.0 4.546719055293041 20 
0007 0008 6 1670746604805123 -130.1875 -68.0 3.56497135104623 20 
0007 0011 6 1670746604810562 -55.3125 -70.0 1.1535535524900022 20 
0007 0011 7 1670746604852690 19.5 -61.5 2.9759227284981438 20 
0007 0004 7 1670746604856856 -17.0625 -59.5 0.01227184630308513 20 
0007 0007 7 1670746604859898 97.625 -68.0 0.4908738521234052 20 
0007 0001 7 1670746604869266 364.5625 -70.0 4.865787059173254 20 
0007 0010 7 1670746604873904 87.0625 -67.0 5.473243451175968 20 
0007 0000 7 1670746604876340 -39.0 -68.5 2.1598449493429825 20 
0007 0008 8 1670746604917535 -9.75 -65.0 3.785864584501762 20 
0007 0010 8 1670746604919336 -45.5625 -64.0 5.681864838328415 20 
0007 0011 8 1670746604926985 -22.75 -68.0 4.190835512503572 20 
0007 0005 8 1670746604940942 -35.75 -72.5 5.780039608753096 20 
0007 0005 1 1670746605206133 61.8125 -70.0 6.037748381117884 20 
0007 0004 1 1670746605229268 -87.0625 -73.5 4.374913207049849 20 
0007 0004 2 1670746605258153 107.375 -66.5 3.429981041712294 20 
0007 0001 2 1670746605263401 21.125 -66.5 0.5829126993965437 20 
0007 0006 2 1670746605277293 -91.125 -69.5 5.896622148632405 20 
0007 0008 3 1670746605335826 -32.5 -63.0 2.423689644859313 20 
0007 0011 3 1670746605342535 -136.6875 -65.5 6.013204688511713 20 
0007 0005 3 1670746605358880 39.0 -70.0 0.2761165418194154 20 
0007 0001 3 1670746605369004 0.0 -70.5 1.6996507129772904 20 
0007 0005 4 1670746605417627 35.75 -58.0 1.533980787885641 20 
0007 0014 4 1670746605420671 -133.4375 -68.0 4.0128937411088375 20 
0007 0008 4 1670746605436661 19.5 -57.0 5.2768939103266055 20 
0007 0007 4 1670746605438120 29.25 -71.5 4.583534594202296 20 
0007 0004 4 1670746605442247 -24.375 -69.5 5.534602682691394 20 
0007 0001 4 1670746605447464 17.0625 -68.0 1.4726215563702154 20 
0007 0007 5 1670746605496495 58.5625 -62.0 3.08636934522591 20 
0007 0011 5 1670746605504440 91.125 -69.5 3.2336315008629315 20 
0007 0005 5 1670746605515006 -100.875 -64.0 3.2704470397721868 20 
0007 0006 5 1670746605519247 -117.125 -66.0 4.6448938257177215 20 
0007 0007 6 1670746605594468 0.0 -62.0 1.0676506283684062 20 
0007 0004 6 1670746605596364 10.5625 -57.0 5.6573211457222445 20 
0007 0006 6 1670746605600056 -42.3125 -63.0 0.5031456984264903 20 
0007 0001 6 1670746605601001 -9.75 -60.5 0.7792622402459057 20 
0007 0005 6 1670746605604860 29.25 -64.0 4.227651051412827 20 
0007 0010 6 1670746605613631 -13.8125 -68.0 4.589670517353839 20 
0007 0006 7 1670746605656544 -55.3125 -60.5 3.0495538063166547 20 
0007 0011 7 1670746605658385 -35.75 -58.5 5.927301764390117 20 
0007 0005 7 1670746605668215 35.75 -67.0 3.8288160465625602 20 
0007 0001 7 1670746605672514 -24.375 -64.0 4.037437433715008 20 
0007 0008 7 1670746605678046 32.5 -60.5 0.8222137023067037 20 
0007 0004 7 1670746605679995 -30.875 -61.0 3.8288160465625602 20 
0007 0000 7 1670746605693624 -39.0 -68.0 0.06135923151542565 20 
0007 0004 8 1670746605738865 10.5625 -63.5 5.755495916146925 20 
0007 0014 8 1670746605741998 -221.3125 -70.0 2.5770877236478773 20 
0007 0008 8 1670746605747396 -16.25 -65.5 4.0128937411088375 20 
0007 0010 8 1670746605751704 62.625 -68.0 6.013204688511713 20 
0007 0005 8 1670746605755344 35.75 -66.5 4.473087977474529 20 
0007 0001 8 1670746605763541 62.625 -68.5 0.3865631585471816 20 
0007 0011 8 1670746605767009 166.0 -69.5 4.822835597112456 20 
0007 0000 8 1670746605779815 126.9375 -71.5 5.080544369477243 20 
0007 0005 1 1670746606028851 244.125 -71.0 0.9878836273983529 20 
0007 0004 2 1670746606070581 -3.25 -66.5 6.19728238305799 20 
0007 0006 2 1670746606082761 65.0625 -66.0 0.5522330836388308 20 
0007 0001 2 1670746606084303 -19.5 -69.5 2.8532042654672924 20 
0007 0003 3 1670746606148810 -130.1875 -70.0 1.761009944492716 20 
0007 0011 3 1670746606163514 159.5 -65.0 5.448699758569798 20 
0007 0008 3 1670746606172601 68.3125 -62.0 1.9266798695843652 20 
0007 0001 3 1670746606182971 104.125 -70.0 3.3195344249845276 20 
0007 0005 3 1670746606194505 -126.9375 -70.5 0.5092816215780329 20 
0007 0001 4 1670746606242194 13.8125 -67.0 3.5465635815916023 20 
0007 0014 4 1670746606245507 -35.75 -67.0 4.1417481272912315 20 
0007 0004 4 1670746606251054 7.3125 -70.5 5.626641529964532 20 
0007 0008 4 1670746606266612 9.75 -65.0 5.786175531904639 20 
0007 0005 4 1670746606277934 29.25 -60.5 1.5155730184310134 20 
0007 0005 5 1670746606316768 29.25 -65.0 3.129320807286708 20 
0007 0007 5 1670746606323618 -52.0625 -65.5 3.1231848841351653 20 
0007 0006 5 1670746606339539 -78.0625 -68.5 4.804427827657828 20 
0007 0011 5 1670746606366554 -3.25 -68.0 1.8039614065535141 20 
0007 0010 6 1670746606447602 -76.4375 -67.0 4.295146206079795 20 
0007 0004 6 1670746606448573 -24.375 -58.5 5.534602682691394 20 
0007 0001 6 1670746606450458 38.1875 -59.5 0.662679700366597 20 
0007 0005 6 1670746606458221 -29.25 -71.0 4.2031073588066565 20 
0007 0006 6 1670746606467299 13.0 -62.5 0.4970097752749477 20 
0007 0007 6 1670746606471939 -19.5 -64.0 1.086058397823034 20 
0007 0008 7 1670746606507395 19.5 -58.5 0.5522330836388308 20 
0007 0006 7 1670746606512732 22.75 -61.0 2.8102528034064944 20 
0007 0011 7 1670746606515652 -32.5 -58.0 5.921165841238575 20 
0007 0005 7 1670746606516616 -71.5625 -67.5 3.9147189706841563 20 
0007 0001 7 1670746606532447 128.5625 -65.0 2.1598449493429825 20 
0007 0004 7 1670746606535385 7.3125 -61.0 3.877903431774901 20 
0007 0000 7 1670746606536337 -29.25 -69.0 5.7616318392984684 20 
0007 0010 7 1670746606537792 -27.625 -71.5 0.7915340865489908 20 
0007 0010 8 1670746606601326 -38.1875 -67.0 5.773903685601553 20 
0007 0004 8 1670746606602270 -27.625 -64.0 5.810719224510809 20 
0007 0000 8 1670746606604862 -61.8125 -70.5 5.1725832167503825 20 
0007 0008 8 1670746606610439 -9.75 -65.0 3.650874275167826 20 
0007 0011 8 1670746606627908 -6.5 -68.5 4.865787059173254 20 
0007 0005 8 1670746606633571 -81.375 -66.5 4.565126824747668 20 
0007 0001 8 1670746606634571 -7.3125 -72.5 0.1595340019401067 20 
0007 0014 8 1670746606637835 126.9375 -68.5 1.8100973297050567 20 
0007 0004 2 1670746606934823 45.5625 -65.0 5.706408530934585 20 
0007 0006 2 1670746606941076 113.875 -67.0 0.4540583132141498 20 
0007 0001 2 1670746606950922 139.125 -69.0 2.466641106920111 20 
0007 0008 3 1670746607008744 35.75 -61.5 1.859184714917397 20 
0007 0001 3 1670746607023725 -62.625 -68.5 3.098641191528995 20 
0007 0011 3 1670746607034368 91.125 -65.0 5.595961914206819 20 
0007 0005 3 1670746607043636 -26.0 -69.0 0.6135923151542565 20 
0007 0004 4 1670746607096953 -30.875 -71.0 5.853670686571607 20 
0007 0001 4 1670746607100890 121.25 -67.0 2.497320722677824 20 
0007 0008 4 1670746607108565 -13.0 -64.0 5.792311455056181 20 
0007 0005 4 1670746607109527 -13.0 -60.0 1.6689710972195777 20 
0007 0014 4 1670746607134533 32.5 -67.5 4.166291819897402 20 
0007 0006 5 1670746607190244 39.0 -68.5 4.595806440505381 20 
0007 0005 5 1670746607204016 -48.8125 -64.5 3.0250101137104846 20 
0007 0007 5 1670746607206752 -71.5625 -65.5 3.2827188860752723 20 
0007 0011 5 1670746607219203 172.5 -70.0 1.4603497100671303 20 
0007 0007 6 1670746607278448 16.25 -64.0 0.9878836273983529 20 
0007 0005 6 1670746607294300 61.8125 -68.5 4.09266074207889 20 
0007 0001 6 1670746607295245 -7.3125 -60.0 0.23930100291016002 20 
0007 0010 6 1670746607302969 -45.5625 -67.0 4.2092432819582 20 
0007 0006 6 1670746607304625 16.25 -62.5 0.7853981633974483 20 
0007 0004 6 1670746607306477 13.8125 -58.5 5.6573211457222445 20 
0007 0006 7 1670746607356281 91.125 -62.0 2.8102528034064944 20 
0007 0004 7 1670746607359721 21.125 -61.0 3.56497135104623 20 
0007 0008 7 1670746607362766 6.5 -58.5 0.4908738521234052 20 
0007 0001 7 1670746607364199 -48.8125 -65.5 3.552699504743145 20 
0007 0011 7 1670746607370572 -26.0 -58.0 5.8659425328746915 20 
0007 0005 7 1670746607373458 3.25 -65.5 3.9760782021995817 20 
0007 0000 7 1670746607383204 81.375 -68.5 5.66959299202533 20 
0007 0010 8 1670746607449042 10.5625 -67.5 5.681864838328415 20 
0007 0008 8 1670746607452641 26.0 -65.5 3.522019888985432 20 
0007 0001 8 1670746607453970 -24.375 -69.5 0.2945243112740431 20 
0007 0004 8 1670746607456093 -27.625 -64.0 5.64504929941916 20 
0007 0000 8 1670746607456984 -16.25 -70.0 5.141903600992669 20 
0007 0011 8 1670746607457907 -113.875 -69.0 4.92714629068868 20 
0007 0005 8 1670746607462264 -3.25 -65.5 4.516039439535327 20 
0007 0014 8 1670746607470273 -9.75 -68.0 1.932815792735908 20 
