0007 0007 1 1670746615975795 -146.4375 -70.5 2.8777479580734626 20 
0007 0006 2 1670746616025951 -19.5 -69.0 2.227340104009951 20 
0007 0007 3 1670746616126528 22.75 -63.0 1.337631247036279 20 
0007 0005 3 1670746616128679 -13.0 -57.5 0.006135923151542565 20 
0007 0011 3 1670746616154859 -117.125 -64.0 5.884350302329319 20 
0007 0008 4 1670746616189843 -22.75 -72.5 0.5092816215780329 20 
0007 0005 4 1670746616196837 -13.0 -55.5 4.841243366567084 20 
0007 0001 4 1670746616205226 0.0 -56.5 3.7122335066832517 20 
0007 0011 4 1670746616208324 -6.5 -59.0 3.4913402732277192 20 
0007 0007 4 1670746616223497 45.5625 -71.0 1.4910293258248433 20 
0007 0006 4 1670746616224629 26.0 -67.0 1.1780972450961724 20 
0007 0004 4 1670746616230031 135.0625 -71.0 0.5031456984264903 20 
0007 0000 4 1670746616239871 -152.9375 -75.0 5.197126909356553 20 
0007 0010 4 1670746616243601 -17.0625 -72.0 2.1598449493429825 20 
0007 0003 4 1670746616245147 -123.6875 -72.0 1.3560390164909069 20 
0007 0008 5 1670746616265978 -48.8125 -61.0 3.147728576741336 20 
0007 0011 5 1670746616271939 -6.5 -61.0 3.9576704327449543 20 
0007 0001 5 1670746616274055 3.25 -63.0 6.2034183062095325 20 
0007 0009 5 1670746616277402 -234.3125 -67.5 5.896622148632405 20 
0007 0006 5 1670746616278629 -9.75 -56.0 0.47860200582032003 20 
0007 0004 5 1670746616280081 -7.3125 -60.0 5.154175447295755 20 
0007 0010 5 1670746616286390 -3.25 -63.5 0.30066023442558565 20 
0007 0003 5 1670746616287296 16.25 -66.0 5.092816215780329 20 
0007 0007 5 1670746616288303 -13.0 -64.5 2.6691265709210157 20 
0007 0005 5 1670746616292999 22.75 -64.0 3.730641276137879 20 
0007 0010 6 1670746616355929 -24.375 -59.5 0.5154175447295755 20 
0007 0007 6 1670746616357133 39.0 -61.0 0.6933593161243098 20 
0007 0011 6 1670746616358606 16.25 -53.5 2.067806102069844 20 
0007 0004 6 1670746616360032 -7.3125 -52.0 0.6994952392758523 20 
0007 0009 6 1670746616362147 -159.5 -74.0 4.289010282928253 20 
0007 0005 6 1670746616367954 -6.5 -69.0 2.1782527187976104 20 
0007 0001 6 1670746616372370 7.3125 -66.0 5.663457068873787 20 
0007 0015 6 1670746616378728 -32.5 -76.0 3.9208548938356986 20 
0007 0006 6 1670746616382097 -6.5 -54.0 5.240078371417351 20 
0007 0000 6 1670746616387283 -179.0 -73.5 1.2885438618239387 20 
0007 0008 6 1670746616392601 45.5625 -65.5 1.030835089459151 20 
0007 0011 7 1670746616417678 -26.0 -64.0 0.3374757733348411 20 
0007 0007 7 1670746616420409 39.0 -66.5 4.264466590322082 20 
0007 0001 7 1670746616424469 -21.125 -70.0 4.792155981354743 20 
0007 0005 7 1670746616426850 -143.1875 -69.0 3.5342917352885173 20 
0007 0008 7 1670746616434771 -104.125 -70.5 2.0923497946760143 20 
0007 0014 7 1670746616442621 -6.5 -69.0 0.9878836273983529 20 
0007 0005 8 1670746616522047 35.75 -64.0 2.82252464970958 20 
0007 0011 8 1670746616523956 0.0 -66.5 0.9203884727313847 20 
0007 0004 8 1670746616530538 -34.9375 -67.5 5.546874528994478 20 
0007 0010 8 1670746616542638 -22.75 -72.5 4.700117134081604 20 
0007 0001 1 1670746616771170 246.5625 -70.5 1.5155730184310134 20 
0007 0007 1 1670746616779165 -58.5625 -67.0 2.2764274892222915 20 
0007 0007 2 1670746616860143 -6.5 -69.0 3.816544200259475 20 
0007 0006 2 1670746616861404 45.5625 -72.5 2.337786720737717 20 
0007 0008 3 1670746616908761 -65.0625 -63.5 5.884350302329319 20 
0007 0007 3 1670746616909779 3.25 -59.5 5.773903685601553 20 
0007 0011 3 1670746616914749 126.9375 -68.0 5.049864753719531 20 
0007 0003 3 1670746616918644 35.75 -71.5 1.7978254834019713 20 
0007 0005 3 1670746616943660 -13.0 -61.0 0.07976700097005335 20 
0007 0008 4 1670746616985984 -13.0 -55.5 0.2270291566070749 20 
0007 0011 4 1670746616993275 -19.5 -57.5 3.466796580621549 20 
0007 0005 4 1670746616995499 -13.0 -55.5 5.190990986205009 20 
0007 0007 4 1670746616999551 -48.8125 -64.0 4.700117134081604 20 
0007 0001 4 1670746617018332 -13.8125 -64.0 2.8532042654672924 20 
0007 0010 4 1670746617024275 65.0625 -70.0 1.2210487071569704 20 
0007 0006 4 1670746617026441 -6.5 -65.5 1.9757672547967058 20 
0007 0008 5 1670746617057724 -29.25 -56.0 6.264777537724958 20 
0007 0000 5 1670746617063231 -39.0 -63.0 4.239922897715912 20 
0007 0010 5 1670746617066017 -48.8125 -63.0 4.3503695144436785 20 
0007 0006 5 1670746617067926 -19.5 -59.5 0.9265243958829272 20 
0007 0011 5 1670746617068862 -55.3125 -62.5 2.1230294104337273 20 
0007 0005 5 1670746617070388 -13.0 -62.0 1.8837284075235674 20 
0007 0004 5 1670746617077673 7.3125 -56.5 4.841243366567084 20 
0007 0003 5 1670746617078667 42.3125 -70.0 0.7363107781851077 20 
0007 0013 5 1670746617081685 78.0625 -70.0 1.6566992509164924 20 
0007 0001 6 1670746617136211 -24.375 -58.5 4.896466674930966 20 
0007 0008 6 1670746617138535 29.25 -67.5 2.6568547246179306 20 
0007 0010 6 1670746617141162 3.25 -60.5 4.289010282928253 20 
0007 0004 6 1670746617144571 -10.5625 -59.5 1.5707963267948966 20 
0007 0015 6 1670746617149741 0.0 -73.5 5.816855147662351 20 
0007 0006 6 1670746617156721 6.5 -56.0 4.620350133111551 20 
0007 0005 6 1670746617160437 -39.0 -66.5 5.0682725231741586 20 
0007 0010 7 1670746617196295 177.375 -67.5 5.240078371417351 20 
0007 0014 7 1670746617206093 113.875 -69.5 1.3192234775816514 20 
0007 0007 7 1670746617212422 74.8125 -66.0 5.982525072754001 20 
0007 0004 7 1670746617214372 34.9375 -60.5 0.6135923151542565 20 
0007 0011 7 1670746617218176 -9.75 -61.0 3.54042765844006 20 
0007 0010 8 1670746617270168 41.5 -66.0 5.841398840268521 20 
0007 0011 8 1670746617274223 13.0 -69.5 4.01902966426038 20 
0007 0004 8 1670746617281380 10.5625 -71.0 4.01902966426038 20 
0007 0014 8 1670746617286178 -42.3125 -63.0 4.994641445355648 20 
0007 0005 8 1670746617294253 -149.6875 -70.5 1.0246991663076084 20 
0007 0008 8 1670746617302138 -22.75 -62.0 4.97623367590102 20 
0007 0005 1 1670746617564894 -32.5 -69.0 1.2517283229146832 20 
0007 0004 2 1670746617607153 45.5625 -64.5 4.2031073588066565 20 
0007 0006 2 1670746617612962 81.375 -67.0 0.8344855486097889 20 
0007 0001 2 1670746617623000 -30.875 -66.0 1.2885438618239387 20 
0007 0008 3 1670746617684374 -65.0625 -64.5 2.435961491162398 20 
0007 0005 3 1670746617701818 26.0 -68.5 1.0246991663076084 20 
0007 0011 3 1670746617711036 120.4375 -66.0 5.393476450205914 20 
0007 0001 3 1670746617733925 128.5625 -71.0 1.5155730184310134 20 
0007 0008 4 1670746617777145 6.5 -60.0 5.755495916146925 20 
0007 0005 4 1670746617778791 35.75 -62.0 1.423534171157875 20 
0007 0014 4 1670746617787677 -117.125 -71.0 3.411573272257666 20 
0007 0004 4 1670746617816141 21.125 -69.5 5.915029918087033 20 
0007 0001 4 1670746617819287 -52.0625 -69.5 2.4850488763747385 20 
0007 0007 4 1670746617820502 -3.25 -70.5 5.283029833478148 20 
0007 0003 5 1670746617867746 -13.0 -72.5 6.135923151542564 20 
0007 0007 5 1670746617870119 0.0 -64.5 3.822680123411018 20 
0007 0006 5 1670746617872178 -29.25 -65.0 4.522175362686871 20 
0007 0005 5 1670746617877791 32.5 -61.5 1.2885438618239387 20 
0007 0001 6 1670746617957468 10.5625 -59.5 1.0062913968529805 20 
0007 0006 6 1670746617960284 26.0 -63.5 1.4296700943094176 20 
0007 0007 6 1670746617968110 16.25 -62.5 0.9940195505498954 20 
0007 0005 6 1670746617979329 58.5625 -66.0 3.393165502803038 20 
0007 0004 6 1670746617982917 7.3125 -55.0 5.712544454086128 20 
0007 0010 6 1670746617992212 -41.5 -70.0 4.6448938257177215 20 
0007 0001 7 1670746618029675 0.0 -63.0 3.7551849687440497 20 
0007 0008 7 1670746618033899 -13.0 -59.0 0.9694758579437253 20 
0007 0004 7 1670746618038204 -38.1875 -58.5 4.884194828627882 20 
0007 0011 7 1670746618039423 39.0 -60.0 5.21553467881118 20 
0007 0006 7 1670746618042824 -9.75 -59.0 3.32567034813607 20 
0007 0010 7 1670746618048090 3.25 -69.5 0.9756117810952678 20 
0007 0000 7 1670746618054420 55.3125 -70.5 0.28225246497095796 20 
0007 0015 8 1670746618129821 -107.375 -73.0 0.2638446955163303 20 
0007 0011 8 1670746618138322 143.1875 -71.0 3.6815538909255388 20 
0007 0004 8 1670746618142433 52.0625 -62.5 0.7915340865489908 20 
0007 0010 8 1670746618147246 -62.625 -65.0 5.724816300389213 20 
0007 0014 8 1670746618150891 -55.3125 -70.0 2.141437179888355 20 
0007 0005 8 1670746618152815 16.25 -66.5 4.221515128261284 20 
0007 0008 8 1670746618153996 45.5625 -64.0 3.215223731408304 20 
0007 0001 8 1670746618157623 263.625 -70.0 0.4172427743048944 20 
0007 0000 8 1670746618169663 -74.8125 -73.0 5.982525072754001 20 
0007 0008 1 1670746618393669 6.5 -68.0 2.184388641949153 20 
0007 0006 1 1670746618406603 -29.25 -70.5 3.0802334220743677 20 
0007 0005 1 1670746618408985 91.125 -69.0 2.8286605728611223 20 
0007 0004 2 1670746618470948 -79.75 -65.0 2.2641556429192065 20 
0007 0006 2 1670746618472153 -211.5625 -65.0 1.337631247036279 20 
0007 0001 2 1670746618501976 3.25 -70.0 3.6692820446224537 20 
0007 0008 3 1670746618550242 55.3125 -61.5 1.902136176978195 20 
0007 0001 3 1670746618567396 -65.0625 -70.0 3.442252888015379 20 
0007 0005 3 1670746618568614 61.8125 -65.5 1.7855536370988863 20 
0007 0011 3 1670746618569606 -169.25 -67.5 6.240233845118788 20 
0007 0014 4 1670746618651870 -19.5 -67.0 3.6570101983193686 20 
0007 0007 4 1670746618662979 9.75 -68.0 2.804116880254952 20 
0007 0008 4 1670746618665137 32.5 -67.0 5.344389064993574 20 
0007 0004 4 1670746618672931 -187.125 -71.0 5.964117303299373 20 
0007 0001 4 1670746618678456 0.0 -69.0 2.9145634969827183 20 
0007 0005 4 1670746618680443 -26.0 -65.5 1.8162332528565992 20 
0007 0005 5 1670746618727268 227.8125 -67.0 1.7241944055834606 20 
0007 0006 5 1670746618735232 -39.0 -66.5 4.123340357836604 20 
0007 0006 6 1670746618826953 -19.5 -63.5 5.798447378207723 20 
0007 0004 6 1670746618832104 3.25 -56.0 4.546719055293041 20 
0007 0001 6 1670746618845039 3.25 -59.5 0.030679615757712823 20 
0007 0007 6 1670746618846573 42.3125 -65.0 0.32520392703175593 20 
0007 0010 6 1670746618863539 -59.375 -72.0 3.865631585471816 20 
0007 0008 7 1670746618899467 -6.5 -59.0 0.9081166264282996 20 
0007 0004 7 1670746618901628 -10.5625 -58.5 4.767612288748572 20 
0007 0011 7 1670746618913347 -84.625 -61.0 5.497787143782138 20 
0007 0001 7 1670746618916791 30.875 -64.5 4.331961744989051 20 
0007 0006 7 1670746618919904 26.0 -58.0 2.6384469551633027 20 
0007 0014 7 1670746618941090 -71.5625 -68.0 0.760854470791278 20 
0007 0010 7 1670746618950333 -81.375 -69.5 0.6994952392758523 20 
0007 0000 7 1670746618955644 -22.75 -71.0 0.5522330836388308 20 
0007 0010 8 1670746619007653 -41.5 -64.5 5.706408530934585 20 
0007 0005 8 1670746619011987 -58.5625 -69.5 4.792155981354743 20 
0007 0008 8 1670746619014054 -16.25 -63.5 3.6201946594101133 20 
0007 0004 8 1670746619022626 7.3125 -62.5 0.859029241215959 20 
0007 0000 8 1670746619024624 -91.125 -72.0 5.9518454569962875 20 
0007 0001 8 1670746619027811 17.0625 -71.0 1.000155473701438 20 
0007 0014 8 1670746619033858 -32.5 -67.0 0.8467573949128739 20 
0007 0005 1 1670746619259311 -55.3125 -68.0 3.018874190558942 20 
0007 0014 1 1670746619277582 -39.0 -69.5 1.6137477888556946 20 
0007 0006 1 1670746619285023 45.5625 -70.0 2.564815877344792 20 
0007 0008 1 1670746619289550 182.25 -69.0 1.6505633277649499 20 
0007 0006 2 1670746619332356 -29.25 -66.0 0.9081166264282996 20 
0007 0004 2 1670746619338746 -48.8125 -66.5 1.7855536370988863 20 
0007 0001 2 1670746619365807 -38.1875 -69.5 4.0558452031696355 20 
0007 0008 3 1670746619428816 -55.3125 -61.0 1.7119225592803755 20 
0007 0005 3 1670746619437710 -16.25 -64.5 1.9144080232812801 20 
0007 0001 3 1670746619445651 -169.25 -69.0 2.350058567040802 20 
0007 0011 3 1670746619457082 227.8125 -68.0 5.675728915176872 20 
0007 0008 4 1670746619532011 -19.5 -66.0 5.178719139901925 20 
0007 0005 4 1670746619542790 78.0625 -66.5 1.662835174068035 20 
0007 0014 4 1670746619570950 -22.75 -68.5 4.675573441475434 20 
0007 0004 4 1670746619571881 -73.1875 -68.5 5.663457068873787 20 
0007 0007 4 1670746619574245 35.75 -68.0 2.7979809571034093 20 
0007 0001 4 1670746619575277 48.8125 -69.0 1.4051264017032472 20 
0007 0005 5 1670746619624797 -22.75 -70.0 1.3437671701878218 20 
0007 0014 5 1670746619648857 185.5 -70.5 0.6749515466696822 20 
0007 0006 5 1670746619652640 9.75 -68.5 4.356505437595221 20 
0007 0004 5 1670746619659488 296.1875 -71.0 1.0921943209745766 20 
0007 0001 5 1670746619687787 -205.0625 -71.5 5.019185137961818 20 
0007 0004 6 1670746619717381 0.0 -56.5 4.565126824747668 20 
0007 0010 6 1670746619728664 123.6875 -73.0 3.509748042682347 20 
0007 0001 6 1670746619730811 -13.8125 -60.0 5.338253141842031 20 
0007 0007 6 1670746619731760 -26.0 -64.5 0.4172427743048944 20 
0007 0006 6 1670746619742549 29.25 -63.5 5.816855147662351 20 
0007 0000 7 1670746619808056 -3.25 -70.0 0.8897088569736719 20 
0007 0008 7 1670746619814923 16.25 -60.0 0.8467573949128739 20 
0007 0006 7 1670746619816355 -45.5625 -57.5 2.736621725587984 20 
0007 0011 7 1670746619817570 -6.5 -61.0 5.448699758569798 20 
0007 0004 7 1670746619825541 41.5 -59.0 4.608078286808466 20 
0007 0001 7 1670746619830415 -13.8125 -65.0 5.368932757599744 20 
0007 0010 7 1670746619831926 68.3125 -71.5 0.607456392002714 20 
0007 0004 8 1670746619893808 69.125 -62.5 0.8160777791551611 20 
0007 0010 8 1670746619905859 -10.5625 -64.5 5.767767762450011 20 
0007 0008 8 1670746619911439 -71.5625 -64.5 3.724505352986337 20 
0007 0000 8 1670746619913692 -26.0 -71.5 6.270913460876501 20 
0007 0014 8 1670746619918117 0.0 -67.5 0.5399612373357456 20 
0007 0005 8 1670746619920509 -26.0 -68.5 4.755340442445488 20 
0007 0001 8 1670746619927268 -55.3125 -69.5 1.380582709097077 20 
0007 0005 1 1670746620177407 52.0625 -68.0 2.791845033951867 20 
0007 0014 1 1670746620178371 156.1875 -71.5 1.576932249946439 20 
0007 0006 1 1670746620185580 55.3125 -71.5 2.662990647769473 20 
0007 0008 1 1670746620196949 -130.1875 -68.5 2.2212041808584084 20 
0007 0001 2 1670746620239318 48.8125 -68.5 4.1601558967458585 20 
0007 0004 2 1670746620240898 48.8125 -66.5 1.4664856332186729 20 
0007 0006 2 1670746620251792 58.5625 -66.5 0.3620194659410113 20 
0007 0011 3 1670746620325803 -65.0625 -66.5 6.1850105367549055 20 
0007 0005 3 1670746620333448 -58.5625 -64.5 1.932815792735908 20 
0007 0008 3 1670746620349737 35.75 -61.0 1.5155730184310134 20 
0007 0001 3 1670746620365445 -76.4375 -70.0 1.5462526341887264 20 
0007 0007 4 1670746620423535 -26.0 -68.0 2.8961557275280905 20 
0007 0005 4 1670746620431294 22.75 -65.0 1.6935147898257479 20 
0007 0014 4 1670746620434603 -32.5 -69.5 4.896466674930966 20 
0007 0004 4 1670746620436990 34.9375 -68.5 5.583690067903734 20 
0007 0008 4 1670746620438439 -29.25 -65.5 5.2339424482658075 20 
0007 0001 4 1670746620453435 65.875 -69.0 1.0369710126106935 20 
0007 0001 5 1670746620505958 -13.8125 -69.5 4.847379289718626 20 
0007 0007 5 1670746620533368 -16.25 -70.0 3.5833791205008576 20 
0007 0006 5 1670746620542861 -35.75 -67.5 4.331961744989051 20 
0007 0014 5 1670746620547135 -97.625 -69.5 1.086058397823034 20 
0007 0005 5 1670746620557056 16.25 -70.0 1.509437095279471 20 
0007 0006 6 1670746620604482 -6.5 -63.0 5.7616318392984684 20 
0007 0007 6 1670746620615273 32.5 -65.0 0.4049709280018093 20 
0007 0001 6 1670746620616673 -52.0625 -60.5 5.424156065963627 20 
0007 0004 6 1670746620625509 -17.0625 -57.0 4.583534594202296 20 
0007 0010 6 1670746620640674 -55.3125 -71.0 3.7122335066832517 20 
0007 0004 7 1670746620677339 24.375 -59.5 4.534447208989955 20 
0007 0001 7 1670746620678794 97.625 -65.5 5.0682725231741586 20 
0007 0011 7 1670746620687725 -61.8125 -61.0 5.522330836388308 20 
0007 0006 7 1670746620689805 -19.5 -58.0 2.5954954931025047 20 
0007 0008 7 1670746620697470 -48.8125 -60.5 0.7547185476397354 20 
0007 0000 7 1670746620711188 97.625 -69.5 0.44178646691106466 20 
0007 0010 7 1670746620718402 -131.8125 -69.5 0.8528933180644165 20 
0007 0014 8 1670746620756447 16.25 -68.0 0.5706408530934585 20 
0007 0010 8 1670746620778478 -76.4375 -65.0 5.786175531904639 20 
0007 0005 8 1670746620779653 -19.5 -67.5 4.583534594202296 20 
0007 0004 8 1670746620780852 10.5625 -64.0 0.7547185476397354 20 
0007 0000 8 1670746620790235 0.0 -71.0 5.835262917116979 20 
0007 0008 8 1670746620792595 -48.8125 -64.0 3.509748042682347 20 
0007 0001 8 1670746620795913 100.875 -70.0 1.214912784005428 20 
