0001 0005 2 1670746629053177 -71.5625 -70.0 4.890330751779424 3 
0001 0004 3 1670746629141368 0.0 -68.0 4.724660826687775 3 
0001 0014 4 1670746629232950 -13.0 -67.5 1.030835089459151 3 
0001 0004 5 1670746629306027 9.75 -65.0 1.4787574795217582 3 
0001 0007 6 1670746629361670 32.5 -63.5 1.9819031779482483 3 
0001 0005 6 1670746629365053 -39.0 -66.5 6.074563920027139 3 
0001 0015 6 1670746629371826 3.25 -64.5 1.9696313316451632 3 
0001 0014 6 1670746629375494 52.0625 -67.5 6.2463697682703305 3 
0001 0006 6 1670746629384098 -3.25 -63.5 3.08636934522591 3 
0001 0004 7 1670746629448405 -39.0 -66.0 5.780039608753096 3 
0001 0005 7 1670746629449353 39.0 -58.0 1.6689710972195777 3 
0001 0015 7 1670746629466055 152.9375 -71.0 4.92714629068868 3 
0001 0007 8 1670746629524969 42.3125 -66.5 0.15339807878856412 3 
0001 0005 8 1670746629533576 -68.3125 -69.5 2.2396119503130363 3 
0001 0004 8 1670746629552170 16.25 -72.0 6.14819499784565 3 
0001 0015 8 1670746629558601 61.8125 -71.5 3.9147189706841563 3 
0001 0004 1 1670746629802574 97.625 -72.0 4.914874444385594 3 
0001 0005 2 1670746629881128 -61.8125 -69.5 5.031456984264903 3 
0001 0004 3 1670746629944163 -42.3125 -67.5 4.896466674930966 3 
0001 0014 4 1670746630066629 42.3125 -67.5 0.9387962421860124 3 
0001 0004 5 1670746630130396 13.0 -63.0 1.5033011721279284 3 
0001 0006 6 1670746630176485 6.5 -63.0 2.9697868053466014 3 
0001 0005 6 1670746630183809 19.5 -66.0 6.19728238305799 3 
0001 0015 6 1670746630199039 19.5 -65.0 1.8714565612204823 3 
0001 0007 6 1670746630201026 -35.75 -63.5 2.0371264863121317 3 
0001 0014 6 1670746630207724 78.0625 -68.0 6.1420590746941075 3 
0001 0005 7 1670746630264911 -29.25 -58.0 1.705786636128833 3 
0001 0004 7 1670746630274882 16.25 -65.5 5.681864838328415 3 
0001 0015 8 1670746630327591 22.75 -72.0 4.025165587411922 3 
0001 0007 8 1670746630329010 -9.75 -66.5 0.19634954084936207 3 
0001 0004 8 1670746630349071 45.5625 -71.0 5.970253226450915 3 
0001 0005 8 1670746630359979 55.3125 -68.5 2.12916533358527 3 
0001 0004 3 1670746630725170 -201.8125 -70.5 1.4726215563702154 3 
0001 0004 5 1670746630936606 32.5 -63.5 4.651029748869264 3 
0001 0011 5 1670746630938846 16.25 -65.5 1.7732817907958012 3 
0001 0010 5 1670746630944923 -68.3125 -67.5 1.214912784005428 3 
0001 0015 6 1670746630997745 39.0 -63.5 1.6812429435226628 3 
0001 0006 6 1670746631002511 19.5 -62.0 0.8651651643675016 3 
0001 0013 6 1670746631012085 87.875 -70.0 0.35588354278946877 3 
0001 0005 6 1670746631013954 13.0 -62.5 4.0987966652304335 3 
0001 0008 6 1670746631021963 10.5625 -70.5 5.387340527054372 3 
0001 0007 6 1670746631023200 52.0625 -67.0 4.7307967498393175 3 
0001 0009 6 1670746631025643 22.75 -67.0 1.4296700943094176 3 
0001 0011 6 1670746631030448 -22.75 -66.5 1.043106935762236 3 
0001 0014 6 1670746631036427 9.75 -64.0 0.2454369260617026 3 
0001 0005 7 1670746631067781 0.0 -54.5 4.252194744018997 3 
0001 0007 7 1670746631088697 -78.0625 -65.0 2.184388641949153 3 
0001 0008 7 1670746631090125 -97.625 -70.0 4.565126824747668 3 
0001 0014 7 1670746631092766 91.125 -70.0 3.3870295796514958 3 
0001 0013 7 1670746631097615 0.0 -64.5 0.7853981633974483 3 
0001 0005 8 1670746631143147 0.0 -71.5 3.767456815047135 3 
0001 0007 8 1670746631155560 -6.5 -62.5 0.5399612373357456 3 
0001 0015 8 1670746631156498 13.0 -62.0 5.872078456026235 3 
0001 0005 1 1670746631404532 -35.75 -63.5 2.350058567040802 3 
0001 0004 1 1670746631408836 -13.0 -62.5 3.466796580621549 3 
0001 0014 1 1670746631417218 -68.3125 -67.0 4.755340442445488 3 
0001 0014 3 1670746631538575 -35.75 -66.0 2.1598449493429825 3 
0001 0004 3 1670746631553846 29.25 -65.0 3.3870295796514958 3 
0001 0006 3 1670746631584118 -162.75 -70.5 3.1231848841351653 3 
0001 0006 4 1670746631617212 -6.5 -72.0 6.080699843178682 3 
0001 0009 4 1670746631627623 -26.0 -70.0 1.2087768608538851 3 
0001 0004 4 1670746631642818 16.25 -62.5 0.01227184630308513 3 
0001 0014 4 1670746631646857 -9.75 -64.5 5.246214294568893 3 
0001 0014 5 1670746631727161 65.0625 -65.5 0.4970097752749477 3 
0001 0009 5 1670746631736439 16.25 -64.0 0.8651651643675016 3 
0001 0004 5 1670746631745148 26.0 -62.0 2.325514874434632 3 
0001 0005 5 1670746631754437 68.3125 -68.5 0.2638446955163303 3 
0001 0006 6 1670746631799083 -22.75 -55.0 5.368932757599744 3 
0001 0015 6 1670746631801622 13.0 -62.0 3.1906800388021335 3 
0001 0011 6 1670746631804036 -42.3125 -67.5 4.608078286808466 3 
0001 0012 6 1670746631806686 -35.75 -65.5 0.25157284921324513 3 
0001 0007 6 1670746631808115 -32.5 -66.5 4.589670517353839 3 
0001 0010 6 1670746631809756 35.75 -64.5 1.8714565612204823 3 
0001 0004 6 1670746631813577 6.5 -66.0 3.6876898140770815 3 
0001 0013 6 1670746631818987 0.0 -57.5 1.846912868614312 3 
0001 0009 6 1670746631824141 35.75 -59.5 0.8160777791551611 3 
0001 0005 6 1670746631826514 -3.25 -67.5 2.7550294950426117 3 
0001 0006 7 1670746631869720 -61.8125 -66.0 2.724349879284899 3 
0001 0005 7 1670746631871615 3.25 -58.5 1.552388557340269 3 
0001 0013 7 1670746631873316 -16.25 -61.0 1.5830681730979816 3 
0001 0004 7 1670746631877762 100.875 -65.0 0.7179030087304801 3 
0001 0009 7 1670746631880355 -182.25 -68.0 4.387185053352934 3 
0001 0015 7 1670746631882025 16.25 -58.5 1.1228739367322893 3 
0001 0007 7 1670746631883912 -58.5625 -65.5 0.9265243958829272 3 
0001 0012 7 1670746631889149 -9.75 -64.0 5.602097837358362 3 
0001 0008 7 1670746631898275 -74.8125 -70.5 2.1905245651006955 3 
0001 0003 8 1670746631955459 247.375 -74.5 0.47860200582032003 3 
0001 0005 8 1670746631957397 39.0 -64.5 6.007068765360171 3 
0001 0015 8 1670746631963639 9.75 -66.0 6.092971689481767 3 
0001 0012 8 1670746631969137 -35.75 -67.0 4.178563666200486 3 
0001 0007 8 1670746631975094 0.0 -64.0 1.8285050991596843 3 
0001 0009 8 1670746631977877 58.5625 -69.5 6.086835766330224 3 
0001 0013 8 1670746631981122 45.5625 -64.0 1.9144080232812801 3 
0001 0004 1 1670746632209292 3.25 -61.0 3.767456815047135 3 
0001 0014 1 1670746632216416 -13.0 -66.0 4.031301510563465 3 
0001 0015 1 1670746632218347 143.1875 -71.0 3.1784081924990484 3 
0001 0005 1 1670746632228125 91.125 -66.5 1.9696313316451632 3 
0001 0004 3 1670746632410719 22.75 -65.5 2.84706834231575 3 
0001 0006 3 1670746632416191 -120.4375 -67.5 2.9820586516496865 3 
0001 0014 3 1670746632418928 61.8125 -67.5 1.1903690913992575 3 
0001 0006 4 1670746632491804 -16.25 -69.5 5.835262917116979 3 
0001 0004 4 1670746632505856 16.25 -63.0 5.890486225480862 3 
0001 0014 4 1670746632510003 -68.3125 -64.5 5.553010452146021 3 
0001 0012 4 1670746632516927 -198.5625 -72.0 4.0987966652304335 3 
0001 0004 5 1670746632584007 6.5 -62.5 1.705786636128833 3 
0001 0009 5 1670746632585737 -9.75 -65.5 0.7853981633974483 3 
0001 0014 5 1670746632586917 13.0 -64.5 0.2638446955163303 3 
0001 0005 5 1670746632608797 9.75 -67.0 0.32520392703175593 3 
0001 0012 6 1670746632653538 0.0 -65.0 0.17794177139473438 3 
0001 0009 6 1670746632655201 16.25 -60.5 0.6135923151542565 3 
0001 0006 6 1670746632656122 -32.5 -55.5 4.902602598082509 3 
0001 0013 6 1670746632659820 -6.5 -58.0 1.6935147898257479 3 
0001 0007 6 1670746632660786 -16.25 -67.0 3.2888548092268146 3 
0001 0015 6 1670746632666472 9.75 -60.5 3.184544115650591 3 
0001 0005 6 1670746632668553 45.5625 -67.0 2.5770877236478773 3 
0001 0010 6 1670746632674306 9.75 -63.5 1.8960002538266525 3 
0001 0004 6 1670746632676247 19.5 -66.5 3.000466421104314 3 
0001 0011 6 1670746632688659 -65.0625 -64.5 5.21553467881118 3 
0001 0012 7 1670746632732762 29.25 -63.5 5.589825991055276 3 
0001 0007 7 1670746632740319 19.5 -67.0 1.3928545554001621 3 
0001 0005 7 1670746632745893 42.3125 -58.5 1.846912868614312 3 
0001 0013 7 1670746632751009 0.0 -60.5 1.509437095279471 3 
0001 0010 7 1670746632752243 -68.3125 -69.0 3.902447124381071 3 
0001 0008 7 1670746632753483 32.5 -70.5 2.3009711818284617 3 
0001 0004 7 1670746632754405 26.0 -64.0 0.803805932852076 3 
0001 0015 7 1670746632756271 19.5 -59.5 1.030835089459151 3 
0001 0006 7 1670746632770737 -214.8125 -68.0 3.067961575771282 3 
0001 0013 8 1670746632822966 3.25 -64.5 1.9205439464328227 3 
0001 0012 8 1670746632825152 -58.5625 -66.0 4.491495746929157 3 
0001 0015 8 1670746632826609 3.25 -66.0 6.019340611663256 3 
0001 0007 8 1670746632829545 32.5 -63.5 2.1230294104337273 3 
0001 0009 8 1670746632850909 26.0 -71.5 0.018407769454627694 3 
0001 0003 8 1670746632851859 152.9375 -75.5 1.1474176293384597 3 
0001 0005 8 1670746632852808 -32.5 -64.0 0.25770877236478773 3 
0001 0005 1 1670746633078296 -58.5625 -66.5 2.337786720737717 3 
0001 0004 1 1670746633080675 -13.0 -61.5 4.178563666200486 3 
0001 0015 1 1670746633101530 65.0625 -71.0 3.2459033471660166 3 
0001 0014 1 1670746633106078 22.75 -66.0 3.8840393549264434 3 
0001 0004 3 1670746633238844 -185.5 -67.0 3.6140587362585705 3 
0001 0006 3 1670746633248861 52.0625 -70.0 3.2213596545598464 3 
0001 0014 3 1670746633252413 -68.3125 -68.0 1.368310862793992 3 
0001 0014 4 1670746633297733 -42.3125 -65.5 5.559146375297564 3 
0001 0006 4 1670746633322531 169.25 -70.5 0.0 3 
0001 0009 4 1670746633325338 -13.0 -71.0 0.8651651643675016 3 
0001 0004 4 1670746633339231 0.0 -65.0 6.092971689481767 3 
0001 0012 4 1670746633343316 -19.5 -72.0 4.344233591292136 3 
0001 0004 5 1670746633380385 22.75 -62.5 1.3314953238847365 3 
0001 0014 5 1670746633400267 -35.75 -65.5 0.30679615757712825 3 
0001 0009 5 1670746633403589 61.8125 -65.5 0.3374757733348411 3 
0001 0005 5 1670746633420636 -68.3125 -67.5 0.18407769454627693 3 
0001 0015 6 1670746633466893 0.0 -61.0 3.184544115650591 3 
0001 0011 6 1670746633475001 -6.5 -64.5 4.97623367590102 3 
0001 0009 6 1670746633477327 0.0 -60.5 0.4295146206079795 3 
0001 0010 6 1670746633478849 26.0 -63.5 1.6873788666742053 3 
0001 0012 6 1670746633480070 16.25 -64.5 0.12885438618239387 3 
0001 0005 6 1670746633482477 0.0 -66.0 2.423689644859313 3 
0001 0013 6 1670746633488438 13.0 -58.0 1.607611865704152 3 
0001 0007 6 1670746633490084 -22.75 -67.5 2.945243112740431 3 
0001 0006 6 1670746633491059 6.5 -56.0 4.577398671050753 3 
0001 0004 6 1670746633508137 -16.25 -64.5 2.4727770300716534 3 
0001 0005 7 1670746633547745 29.25 -59.0 1.7794177139473437 3 
0001 0015 7 1670746633552872 6.5 -58.5 1.0369710126106935 3 
0001 0007 7 1670746633553795 19.5 -67.5 1.3008157081270237 3 
0001 0013 7 1670746633556359 61.8125 -60.5 1.3314953238847365 3 
0001 0006 7 1670746633561454 -42.3125 -68.0 2.718213956133356 3 
0001 0008 7 1670746633564284 -244.125 -70.0 2.2150682577068657 3 
0001 0004 7 1670746633567592 97.625 -64.5 0.5522330836388308 3 
0001 0012 7 1670746633573924 13.0 -63.0 5.559146375297564 3 
0001 0009 7 1670746633584884 26.0 -70.0 4.1601558967458585 3 
0001 0005 8 1670746633638897 6.5 -63.5 0.3129320807286708 3 
0001 0003 8 1670746633644131 -78.0625 -75.0 1.2762720155208536 3 
0001 0013 8 1670746633645035 -35.75 -64.5 1.8837284075235674 3 
0001 0015 8 1670746633657214 58.5625 -65.5 5.896622148632405 3 
0001 0009 8 1670746633675328 -3.25 -71.5 6.074563920027139 3 
0001 0007 8 1670746633676760 3.25 -62.5 2.073942025221387 3 
0001 0012 8 1670746633684114 35.75 -66.5 4.104932588381976 3 
0001 0014 1 1670746633905883 113.875 -65.0 3.7429131224409646 3 
0001 0005 1 1670746633907271 -110.625 -66.5 2.405281875404685 3 
0001 0004 1 1670746633925113 0.0 -63.0 4.608078286808466 3 
0001 0015 1 1670746633929157 -87.875 -71.5 3.436116964863836 3 
