0008 0011 1 1670917986747491 -10.5625 -63.5 5.491651220630596 2 
0008 0006 1 1670917986749997 65.0625 -68.5 0.3865631585471816 2 
0008 0010 1 1670917986754073 -29.25 -60.5 2.018718716857504 2 
0008 0001 1 1670917986758646 13.8125 -63.5 1.1535535524900022 2 
0008 0007 1 1670917986759614 45.5625 -55.5 1.3560390164909069 2 
0008 0000 1 1670917986761032 29.25 -60.5 0.32520392703175593 2 
0008 0005 1 1670917986763689 22.75 -56.5 1.552388557340269 2 
0008 0008 1 1670917986765643 0.0 -67.5 1.6321555583103222 2 
0008 0014 1 1670917986774156 13.0 -68.5 3.773592738198677 2 
0008 0010 2 1670917986807947 22.75 -63.5 2.742757648739526 2 
0008 0001 2 1670917986811158 34.9375 -57.5 0.8958447801252144 2 
0008 0014 2 1670917986812134 48.8125 -63.0 5.3198453723874035 2 
0008 0008 2 1670917986814087 26.0 -54.0 2.804116880254952 2 
0008 0006 2 1670917986816064 -97.625 -61.5 5.166447293598839 2 
0008 0007 2 1670917986819859 -71.5625 -66.0 3.6324665057131984 2 
0008 0004 2 1670917986821868 111.4375 -61.0 2.110757564130642 2 
0008 0005 2 1670917986827683 30.875 -61.0 0.3620194659410113 2 
0008 0000 2 1670917986828746 3.25 -68.5 4.3503695144436785 2 
0008 0005 3 1670917986869482 -7.3125 -63.0 0.7976700097005334 2 
0008 0004 3 1670917986882188 3.25 -67.5 5.93343768754166 2 
0008 0005 5 1670917986974032 -17.0625 -65.0 0.8958447801252144 2 
0008 0004 5 1670917986978745 -41.5 -69.5 4.025165587411922 2 
0008 0005 6 1670917987034155 -24.375 -70.5 1.4296700943094176 2 
0008 0006 6 1670917987038005 83.0 -69.0 1.7671458676442586 2 
0008 0006 7 1670917987083884 -62.625 -68.5 6.080699843178682 2 
0008 0004 7 1670917987091814 6.5 -64.0 4.841243366567084 2 
0008 0000 8 1670917987136083 -84.625 -70.5 5.835262917116979 2 
0008 0010 8 1670917987139550 221.3125 -70.0 1.6505633277649499 2 
0008 0005 8 1670917987143324 -175.75 -69.0 3.890175278077986 2 
0008 0004 8 1670917987144439 -55.3125 -71.5 0.8344855486097889 2 
0008 0006 8 1670917987148508 -111.4375 -69.0 4.706253057233147 2 
0008 0011 8 1670917987150772 -180.625 -70.5 1.88986433067511 2 
0008 0009 8 1670917987154340 45.5625 -73.0 5.258486140871978 2 
0008 0005 1 1670917987372027 17.0625 -56.0 1.5707963267948966 2 
0008 0011 1 1670917987373719 10.5625 -62.5 5.405748296509 2 
0008 0010 1 1670917987376598 -19.5 -61.0 1.761009944492716 2 
0008 0007 1 1670917987377522 22.75 -55.5 1.4726215563702154 2 
0008 0014 1 1670917987381460 113.875 -69.5 3.6999616603801666 2 
0008 0001 1 1670917987382642 3.25 -63.5 0.8713010875190442 2 
0008 0000 1 1670917987384089 -22.75 -62.5 0.1227184630308513 2 
0008 0008 1 1670917987386696 -107.375 -67.5 1.325359400733194 2 
0008 0006 1 1670917987390136 41.5 -68.5 0.4663301595172349 2 
0008 0007 2 1670917987417216 32.5 -65.5 3.650874275167826 2 
0008 0004 2 1670917987420094 69.125 -62.0 2.1659808724945253 2 
0008 0001 2 1670917987422256 7.3125 -57.5 0.8283496254582462 2 
0008 0010 2 1670917987424142 3.25 -64.0 2.8409324191642074 2 
0008 0006 2 1670917987426052 13.8125 -62.0 4.871922982324796 2 
0008 0014 2 1670917987427001 -61.8125 -63.5 5.491651220630596 2 
0008 0005 2 1670917987428247 61.8125 -61.0 0.3620194659410113 2 
0008 0008 2 1670917987432205 -29.25 -55.0 2.478912953223196 2 
0008 0000 2 1670917987451392 -143.1875 -68.5 4.0128937411088375 2 
0008 0005 3 1670917987493922 -42.3125 -62.5 0.859029241215959 2 
0008 0004 3 1670917987494826 21.125 -67.0 5.859806609723149 2 
0008 0005 5 1670917987597017 76.4375 -65.0 0.8222137023067037 2 
0008 0004 5 1670917987603288 -87.0625 -69.0 4.031301510563465 2 
0008 0006 6 1670917987659246 10.5625 -69.0 1.7732817907958012 2 
0008 0005 6 1670917987676015 6.5 -71.5 1.533980787885641 2 
0008 0004 7 1670917987709679 -93.5625 -63.5 5.013049214810275 2 
0008 0006 7 1670917987710911 107.375 -67.5 5.773903685601553 2 
0008 0006 8 1670917987759705 -125.3125 -70.0 4.921010367537137 2 
0008 0004 8 1670917987762422 -71.5625 -70.0 0.803805932852076 2 
0008 0010 8 1670917987763387 -78.0625 -69.5 1.9819031779482483 2 
0008 0011 8 1670917987766575 -34.9375 -72.0 1.8714565612204823 2 
0008 0005 8 1670917987769577 -104.125 -69.0 3.724505352986337 2 
0008 0000 8 1670917987771629 58.5625 -73.5 5.442563835418255 2 
0008 0001 1 1670917987989634 52.0625 -63.0 1.043106935762236 2 
0008 0014 1 1670917987993427 -22.75 -68.0 3.785864584501762 2 
0008 0005 1 1670917987996046 0.0 -56.0 1.7916895602504288 2 
0008 0007 1 1670917987996959 13.0 -55.0 1.6014759425526093 2 
0008 0010 1 1670917988000060 35.75 -61.0 1.6873788666742053 2 
0008 0011 1 1670917988002746 -17.0625 -63.0 5.534602682691394 2 
0008 0008 1 1670917988004037 -29.25 -67.5 1.2762720155208536 2 
0008 0006 1 1670917988006575 152.9375 -69.5 0.2699806186678728 2 
0008 0000 1 1670917988007523 16.25 -62.5 0.15339807878856412 2 
0008 0014 2 1670917988036197 -42.3125 -63.0 5.418020142812084 2 
0008 0001 2 1670917988043011 27.625 -57.5 0.9081166264282996 2 
0008 0006 2 1670917988044525 -90.3125 -62.5 5.0253210611133605 2 
0008 0008 2 1670917988045525 0.0 -55.0 2.6139032625571326 2 
0008 0004 2 1670917988046730 48.8125 -61.5 2.2518837966161214 2 
0008 0000 2 1670917988049549 -55.3125 -69.0 4.3074180523828804 2 
0008 0010 2 1670917988050768 -32.5 -64.0 2.9820586516496865 2 
0008 0007 2 1670917988051943 3.25 -66.0 3.902447124381071 2 
0008 0005 2 1670917988052892 35.75 -61.0 0.5767767762450011 2 
0008 0005 3 1670917988092783 3.25 -63.0 0.8344855486097889 2 
0008 0004 3 1670917988102148 3.25 -67.5 5.982525072754001 2 
0008 0005 5 1670917988192657 -69.125 -65.5 0.8467573949128739 2 
0008 0004 5 1670917988210949 -65.875 -68.5 3.9269908169872414 2 
0008 0005 6 1670917988259873 163.5625 -70.5 1.2210487071569704 2 
0008 0006 6 1670917988281479 34.9375 -69.5 1.7978254834019713 2 
0008 0004 7 1670917988315275 55.3125 -64.5 4.822835597112456 2 
0008 0006 7 1670917988317722 191.1875 -68.5 5.559146375297564 2 
0008 0004 8 1670917988360428 24.375 -69.5 0.5890486225480862 2 
0008 0000 8 1670917988367689 -32.5 -71.0 5.8659425328746915 2 
0008 0010 8 1670917988368740 -22.75 -71.5 2.086213871524472 2 
0008 0009 8 1670917988370965 208.3125 -74.0 5.258486140871978 2 
0008 0005 8 1670917988373581 38.1875 -71.0 3.56497135104623 2 
0008 0011 8 1670917988375445 -139.125 -70.5 2.000310947402876 2 
0008 0006 8 1670917988376630 34.9375 -69.5 4.503767593232243 2 
0008 0007 1 1670917988597655 -16.25 -54.5 1.736466251886546 2 
0008 0001 1 1670917988599679 -10.5625 -63.5 1.030835089459151 2 
0008 0014 1 1670917988600601 65.0625 -68.0 3.56497135104623 2 
0008 0005 1 1670917988605229 13.0 -55.5 1.9082721001297376 2 
0008 0011 1 1670917988606417 -38.1875 -62.5 5.460971604872882 2 
0008 0000 1 1670917988609761 65.0625 -62.0 0.1718058482431918 2 
0008 0008 1 1670917988613609 -16.25 -67.5 1.6137477888556946 2 
0008 0010 1 1670917988614631 68.3125 -61.0 1.761009944492716 2 
0008 0006 1 1670917988621001 -145.625 -69.0 0.7179030087304801 2 
0008 0014 2 1670917988669246 -84.625 -62.5 5.565282298449106 2 
0008 0004 2 1670917988670690 45.5625 -61.5 2.024854640009046 2 
0008 0005 2 1670917988672616 -55.3125 -61.5 0.8160777791551611 2 
0008 0000 2 1670917988675037 -143.1875 -68.0 4.509903516383785 2 
0008 0008 2 1670917988676197 35.75 -54.5 2.693670263527186 2 
0008 0001 2 1670917988677879 -21.125 -58.0 0.9572040116406401 2 
0008 0006 2 1670917988679065 3.25 -62.0 4.798291904506286 2 
0008 0007 2 1670917988680261 -146.4375 -65.0 4.362641360746763 2 
0008 0010 2 1670917988683933 74.8125 -63.5 2.6445828783148455 2 
0008 0005 3 1670917988738109 13.8125 -62.5 0.8528933180644165 2 
0008 0004 3 1670917988743130 -13.0 -68.5 5.957981380147831 2 
0008 0004 5 1670917988822372 -142.375 -68.5 4.06811704947272 2 
0008 0005 5 1670917988843406 -17.0625 -65.5 0.8283496254582462 2 
0008 0005 6 1670917988892243 -27.625 -72.5 1.6812429435226628 2 
0008 0006 6 1670917988908487 30.875 -69.5 1.7732817907958012 2 
0008 0006 7 1670917988947723 59.375 -69.0 5.589825991055276 2 
0008 0004 7 1670917988950569 -62.625 -64.5 4.822835597112456 2 
0008 0005 7 1670917988984371 55.3125 -70.5 4.356505437595221 2 
0008 0000 8 1670917989009407 -139.9375 -70.5 6.166602767300278 2 
0008 0009 8 1670917989013949 -133.4375 -72.5 0.23316507975861744 2 
0008 0004 8 1670917989020048 135.0625 -69.5 0.44178646691106466 2 
0008 0011 8 1670917989021895 -38.1875 -71.5 1.5892040962495242 2 
0008 0006 8 1670917989023970 -34.9375 -70.0 4.589670517353839 2 
0008 0010 8 1670917989026096 22.75 -71.0 1.9880391010997909 2 
0008 0005 8 1670917989027087 -24.375 -69.0 3.785864584501762 2 
0008 0005 1 1670917989245914 -21.125 -55.5 1.8775924843720249 2 
0008 0001 1 1670917989247854 -27.625 -63.5 1.043106935762236 2 
0008 0008 1 1670917989252560 -58.5625 -67.0 1.6812429435226628 2 
0008 0010 1 1670917989253609 -52.0625 -60.5 1.9266798695843652 2 
0008 0011 1 1670917989254819 -17.0625 -63.0 5.540738605842936 2 
0008 0007 1 1670917989256246 0.0 -54.5 1.7119225592803755 2 
0008 0006 1 1670917989258161 45.5625 -69.0 0.4049709280018093 2 
0008 0000 1 1670917989262597 -13.0 -61.0 0.30066023442558565 2 
0008 0014 1 1670917989263561 -123.6875 -69.5 3.8533597391687304 2 
0008 0009 1 1670917989284072 120.4375 -71.0 4.724660826687775 2 
0008 0000 2 1670917989317659 -143.1875 -67.0 4.651029748869264 2 
0008 0007 2 1670917989320650 -39.0 -66.0 4.1417481272912315 2 
0008 0005 2 1670917989322065 30.875 -61.5 0.6810874698212247 2 
0008 0014 2 1670917989324954 94.375 -63.0 5.258486140871978 2 
0008 0006 2 1670917989325869 7.3125 -62.5 4.847379289718626 2 
0008 0010 2 1670917989327984 78.0625 -63.5 2.60776733940559 2 
0008 0008 2 1670917989330395 -3.25 -54.0 2.9145634969827183 2 
0008 0001 2 1670917989331864 10.5625 -57.5 0.9265243958829272 2 
0008 0004 2 1670917989337818 48.8125 -62.0 2.073942025221387 2 
0008 0004 3 1670917989379767 235.9375 -68.0 5.737088146692298 2 
0008 0005 3 1670917989384338 -87.0625 -62.5 1.0615147052168636 2 
0008 0004 5 1670917989485275 34.9375 -69.0 3.718369429834794 2 
0008 0005 5 1670917989494699 45.5625 -66.0 0.7301748550335652 2 
0008 0005 6 1670917989546825 38.1875 -73.0 1.4848934026733007 2 
0008 0006 6 1670917989549587 34.9375 -69.0 1.5401167110371838 2 
0008 0005 7 1670917989582554 0.0 -72.0 4.473087977474529 2 
0008 0004 7 1670917989586652 -76.4375 -64.5 4.988505522204105 2 
0008 0006 7 1670917989589671 68.3125 -67.5 5.620505606812989 2 
0008 0004 8 1670917989642297 65.875 -68.5 0.4540583132141498 2 
0008 0006 8 1670917989643284 -10.5625 -70.5 4.614214209960009 2 
0008 0000 8 1670917989644506 -52.0625 -70.5 5.816855147662351 2 
0008 0005 8 1670917989645935 87.875 -69.5 3.6692820446224537 2 
0008 0011 8 1670917989646869 -125.3125 -70.5 1.6996507129772904 2 
0008 0009 8 1670917989651473 65.0625 -71.0 5.976389149602458 2 
0008 0010 8 1670917989653290 149.6875 -68.5 1.902136176978195 2 
0008 0011 1 1670917989866378 -34.9375 -63.5 5.675728915176872 2 
0008 0007 1 1670917989868323 19.5 -54.0 1.7855536370988863 2 
0008 0005 1 1670917989876232 27.625 -56.0 2.061670178918302 2 
0008 0010 1 1670917989877350 -13.0 -60.0 2.1046216409791 2 
0008 0014 1 1670917989878312 -71.5625 -69.0 3.8717675086233583 2 
0008 0001 1 1670917989881918 10.5625 -63.0 1.4173982480063325 2 
0008 0000 1 1670917989883380 6.5 -61.5 0.521553467881118 2 
0008 0006 1 1670917989887672 -27.625 -68.0 0.6749515466696822 2 
0008 0008 1 1670917989890537 -6.5 -65.5 1.7978254834019713 2 
0008 0007 2 1670917989915845 -58.5625 -65.0 4.25833066717054 2 
0008 0005 2 1670917989918518 13.8125 -61.5 0.8283496254582462 2 
0008 0004 2 1670917989920299 90.3125 -61.5 2.3746022596469727 2 
0008 0000 2 1670917989922708 61.8125 -68.0 4.657165672020807 2 
0008 0001 2 1670917989924401 0.0 -57.0 1.3069516312785663 2 
0008 0006 2 1670917989928811 27.625 -62.5 4.994641445355648 2 
0008 0014 2 1670917989929760 -159.5 -63.5 5.71868037723767 2 
0008 0008 2 1670917989938681 26.0 -54.5 3.067961575771282 2 
0008 0010 2 1670917989940436 -45.5625 -65.0 3.160000423044421 2 
0008 0005 3 1670917989973773 -34.9375 -63.5 1.000155473701438 2 
0008 0004 3 1670917989979590 -17.0625 -68.0 6.068427996875596 2 
0008 0005 5 1670917990070274 17.0625 -66.0 0.7363107781851077 2 
0008 0004 5 1670917990081209 159.5 -69.5 3.54042765844006 2 
0008 0006 6 1670917990144716 97.625 -69.5 1.227184630308513 2 
0008 0005 6 1670917990151390 -38.1875 -72.0 1.552388557340269 2 
0008 0006 7 1670917990180542 -34.9375 -67.5 5.6573211457222445 2 
0008 0004 7 1670917990190432 -17.0625 -65.5 4.706253057233147 2 
0008 0004 8 1670917990246505 191.1875 -69.0 0.4663301595172349 2 
0008 0011 8 1670917990248499 55.3125 -71.5 1.6198837120072371 2 
0008 0000 8 1670917990251960 29.25 -71.0 5.638913376267617 2 
0008 0006 8 1670917990253901 -128.5625 -69.5 4.859651136021712 2 
0008 0005 8 1670917990256066 -81.375 -69.0 3.8410878928656453 2 
0008 0009 8 1670917990257717 0.0 -73.0 5.1725832167503825 2 
0008 0010 8 1670917990260570 104.125 -71.0 1.748738098189631 2 
0008 0010 1 1670917990475882 48.8125 -61.0 1.9634954084936207 2 
0008 0001 1 1670917990477054 41.5 -63.5 1.086058397823034 2 
0008 0011 1 1670917990478466 6.5 -63.0 5.589825991055276 2 
0008 0006 1 1670917990481383 83.0 -69.0 0.36815538909255385 2 
0008 0005 1 1670917990482328 -9.75 -56.0 1.9573594853420782 2 
0008 0008 1 1670917990485292 32.5 -66.0 1.7916895602504288 2 
0008 0014 1 1670917990489444 169.25 -68.5 3.5588354278946874 2 
0008 0000 1 1670917990492759 6.5 -61.5 0.6504078540635119 2 
0008 0007 1 1670917990494914 3.25 -54.0 1.7855536370988863 2 
0008 0004 2 1670917990528041 -22.75 -61.0 2.497320722677824 2 
0008 0010 2 1670917990529838 -9.75 -66.0 2.8286605728611223 2 
0008 0000 2 1670917990534864 -224.5625 -68.5 4.491495746929157 2 
0008 0008 2 1670917990536333 3.25 -54.0 2.773437264497239 2 
0008 0014 2 1670917990545006 -71.5625 -63.0 5.47937937432751 2 
0008 0005 2 1670917990545981 9.75 -62.0 0.7424467013366504 2 
0008 0001 2 1670917990546895 0.0 -57.5 0.9265243958829272 2 
0008 0006 2 1670917990548808 -21.125 -62.5 4.884194828627882 2 
0008 0007 2 1670917990551819 78.0625 -65.0 4.025165587411922 2 
0008 0005 3 1670917990604484 -6.5 -63.0 0.9510680884890975 2 
0008 0004 3 1670917990614363 65.875 -68.0 5.859806609723149 2 
0008 0004 5 1670917990695952 222.125 -69.0 3.4054373491061236 2 
0008 0005 5 1670917990714367 -30.875 -65.0 0.8713010875190442 2 
0008 0005 6 1670917990784858 -69.125 -72.0 1.7119225592803755 2 
0008 0006 6 1670917990789276 100.875 -69.5 1.5033011721279284 2 
0008 0006 7 1670917990820859 197.6875 -67.5 5.460971604872882 2 
0008 0004 7 1670917990830468 -42.3125 -64.0 4.816699673960914 2 
0008 0006 8 1670917990889068 -111.4375 -69.0 4.7860200582032 2 
0008 0000 8 1670917990889988 97.625 -70.5 5.712544454086128 2 
0008 0004 8 1670917990896472 100.875 -71.0 0.7363107781851077 2 
0008 0009 8 1670917990897861 -192.0 -72.5 5.6941366846315 2 
0008 0011 8 1670917990898849 156.1875 -71.5 1.4910293258248433 2 
0008 0010 8 1670917990901017 39.0 -69.5 2.012582793705961 2 
0008 0005 8 1670917990905078 0.0 -70.0 3.6570101983193686 2 
0008 0010 1 1670917991118834 -19.5 -61.0 2.0064468705544187 2 
0008 0007 1 1670917991119772 29.25 -54.5 1.6751070203711202 2 
0008 0005 1 1670917991123318 16.25 -56.0 1.7732817907958012 2 
0008 0006 1 1670917991125613 -3.25 -69.0 0.42337869745643697 2 
0008 0000 1 1670917991128222 -3.25 -61.0 0.2086213871524472 2 
0008 0014 1 1670917991129511 -39.0 -67.5 3.9085830475326135 2 
0008 0011 1 1670917991132337 7.3125 -63.0 5.553010452146021 2 
0008 0001 1 1670917991133623 3.25 -64.0 0.9572040116406401 2 
0008 0008 1 1670917991135157 32.5 -66.5 1.6505633277649499 2 
0008 0006 2 1670917991166150 191.1875 -63.0 4.663301595172349 2 
0008 0004 2 1670917991170835 -22.75 -61.5 2.313243028131547 2 
0008 0000 2 1670917991175286 -94.375 -67.5 4.3503695144436785 2 
0008 0001 2 1670917991177337 27.625 -57.5 0.7547185476397354 2 
0008 0008 2 1670917991178537 55.3125 -54.0 2.5341362615870793 2 
0008 0010 2 1670917991179785 -74.8125 -66.0 2.8961557275280905 2 
0008 0005 2 1670917991181199 -19.5 -62.0 0.6933593161243098 2 
0008 0007 2 1670917991183571 -29.25 -64.5 4.06811704947272 2 
0008 0014 2 1670917991185224 9.75 -64.0 5.325981295538946 2 
0008 0005 3 1670917991228121 27.625 -63.5 0.9142525495798421 2 
0008 0004 3 1670917991232303 253.875 -68.0 5.700272607783043 2 
0008 0011 4 1670917991276165 10.5625 -73.0 2.399145952253143 2 
0008 0005 5 1670917991318764 6.5 -65.0 0.760854470791278 2 
0008 0004 5 1670917991339765 -30.875 -70.0 3.859495662320273 2 
0008 0006 6 1670917991386785 7.3125 -69.0 1.6505633277649499 2 
0008 0005 6 1670917991390087 34.9375 -72.0 1.4358060174609601 2 
0008 0004 7 1670917991418808 100.875 -64.5 4.693981210930062 2 
0008 0006 7 1670917991434224 59.375 -68.0 5.626641529964532 2 
0008 0004 8 1670917991489284 142.375 -70.5 0.5092816215780329 2 
0008 0011 8 1670917991492288 42.3125 -70.5 1.7303303287350031 2 
0008 0000 8 1670917991495828 -45.5625 -70.5 5.957981380147831 2 
0008 0005 8 1670917991498618 -48.8125 -70.5 3.767456815047135 2 
0008 0006 8 1670917991499549 -100.875 -69.0 4.798291904506286 2 
0008 0010 8 1670917991500769 87.875 -70.5 1.932815792735908 2 
0008 0009 8 1670917991506806 45.5625 -72.0 5.50392306693368 2 
