0008 0010 1 1670921602126273 19.5 -53.5 2.8286605728611223 0 
0008 0015 1 1670921602127210 -22.75 -61.0 2.435961491162398 0 
0008 0008 1 1670921602128130 16.25 -62.0 1.5462526341887264 0 
0008 0014 1 1670921602129289 -59.375 -63.5 6.277049384028044 0 
0008 0013 1 1670921602134160 -3.25 -60.0 3.5342917352885173 0 
0008 0011 1 1670921602136300 17.0625 -54.0 1.8285050991596843 0 
0008 0012 1 1670921602139620 3.25 -62.0 2.0064468705544187 0 
0008 0004 1 1670921602140992 27.625 -59.0 5.915029918087033 0 
0008 0005 1 1670921602142236 -27.625 -55.0 5.013049214810275 0 
0008 0001 1 1670921602145807 -7.3125 -54.0 0.7853981633974483 0 
0008 0009 1 1670921602147551 29.25 -62.5 0.8344855486097889 0 
0008 0000 1 1670921602149393 -71.5625 -63.5 5.393476450205914 0 
0008 0002 1 1670921602150871 -65.0625 -67.0 4.3503695144436785 0 
0008 0006 1 1670921602157315 -145.625 -68.5 4.331961744989051 0 
0008 0012 2 1670921602196770 6.5 -56.0 3.6324665057131984 0 
0008 0005 2 1670921602197945 -13.8125 -65.5 2.067806102069844 0 
0008 0013 2 1670921602198862 -22.75 -53.0 5.252350217720435 0 
0008 0009 2 1670921602201216 130.1875 -64.5 5.9518454569962875 0 
0008 0008 2 1670921602202164 -172.5 -67.5 6.1850105367549055 0 
0008 0001 2 1670921602206611 -87.0625 -62.5 4.509903516383785 0 
0008 0004 2 1670921602214208 21.125 -58.0 1.859184714917397 0 
0008 0015 2 1670921602215130 9.75 -60.0 2.9391071895888885 0 
0008 0006 2 1670921602222707 -93.5625 -67.5 4.049709280018092 0 
0008 0014 2 1670921602225525 -32.5 -69.0 4.331961744989051 0 
0008 0015 3 1670921602289524 -16.25 -66.5 4.908738521234052 0 
0008 0005 3 1670921602291209 -13.0 -65.5 0.14726215563702155 0 
0008 0004 3 1670921602318648 -117.9375 -69.5 5.405748296509 0 
0008 0005 4 1670921602370225 65.0625 -70.5 0.02454369260617026 0 
0008 0014 4 1670921602372839 -21.125 -73.0 1.043106935762236 0 
0008 0013 4 1670921602390786 -45.5625 -71.5 5.608233760509904 0 
0008 0015 5 1670921602437757 22.75 -69.0 5.816855147662351 0 
0008 0013 5 1670921602438962 110.625 -68.5 1.3989904785517047 0 
0008 0014 6 1670921602490346 39.0 -68.0 0.14112623248547898 0 
0008 0004 6 1670921602502518 -38.1875 -65.0 4.123340357836604 0 
0008 0012 6 1670921602516408 -125.3125 -70.0 2.466641106920111 0 
0008 0004 7 1670921602556243 110.625 -69.0 1.5278448647340985 0 
0008 0014 7 1670921602573549 104.125 -67.0 0.7915340865489908 0 
0008 0012 7 1670921602582116 -52.0625 -65.0 5.5284667595398505 0 
0008 0005 8 1670921602627080 55.3125 -67.5 1.4296700943094176 0 
0008 0014 8 1670921602631854 -19.5 -66.5 2.9697868053466014 0 
0008 0012 8 1670921602635912 3.25 -59.5 3.313398501832985 0 
0008 0013 8 1670921602638793 -52.0625 -66.5 5.1725832167503825 0 
0008 0015 8 1670921602641900 91.125 -68.0 1.282407938672396 0 
0008 0004 8 1670921602647201 30.875 -64.0 1.1658253987930873 0 
0008 0004 1 1670921602878789 0.0 -59.0 5.8475347634200645 0 
0008 0005 1 1670921602879968 -30.875 -55.0 4.933282213840222 0 
0008 0002 1 1670921602886854 -22.75 -66.5 4.215379205109742 0 
0008 0013 1 1670921602888781 9.75 -60.5 3.485204350076177 0 
0008 0011 1 1670921602898561 -10.5625 -54.0 1.7978254834019713 0 
0008 0000 1 1670921602899514 -32.5 -63.0 5.190990986205009 0 
0008 0001 1 1670921602903580 -3.25 -54.0 0.6504078540635119 0 
0008 0010 1 1670921602904516 22.75 -53.5 2.7550294950426117 0 
0008 0012 1 1670921602905961 -19.5 -62.0 2.141437179888355 0 
0008 0014 1 1670921602906892 -9.75 -64.0 6.1850105367549055 0 
0008 0015 1 1670921602912411 3.25 -60.5 2.3930100291016 0 
0008 0009 1 1670921602914252 -19.5 -63.0 0.705631162427395 0 
0008 0006 1 1670921602915166 0.0 -68.5 3.902447124381071 0 
0008 0008 1 1670921602916133 13.0 -62.5 1.5033011721279284 0 
0008 0015 2 1670921602951592 -58.5625 -59.5 3.000466421104314 0 
0008 0004 2 1670921602956008 13.8125 -58.0 1.7794177139473437 0 
0008 0013 2 1670921602958710 -7.3125 -53.5 5.190990986205009 0 
0008 0012 2 1670921602962079 16.25 -55.5 3.6140587362585705 0 
0008 0006 2 1670921602965626 -117.9375 -67.0 4.154019973594316 0 
0008 0008 2 1670921602968399 -65.0625 -66.0 5.730952223540755 0 
0008 0005 2 1670921602970183 -62.625 -64.5 1.9205439464328227 0 
0008 0001 2 1670921602972519 6.5 -63.5 4.239922897715912 0 
0008 0009 2 1670921602978137 -3.25 -65.0 6.160466844148735 0 
0008 0014 2 1670921602981732 -27.625 -68.5 4.246058820867455 0 
0008 0015 3 1670921603047709 -26.0 -67.0 4.921010367537137 0 
0008 0005 3 1670921603049635 35.75 -66.5 0.23930100291016002 0 
0008 0004 3 1670921603064965 -24.375 -70.5 5.21553467881118 0 
0008 0005 4 1670921603123871 90.3125 -69.0 0.07976700097005335 0 
0008 0014 4 1670921603141403 -27.625 -73.5 1.0246991663076084 0 
0008 0013 4 1670921603149547 125.3125 -72.5 5.460971604872882 0 
0008 0015 5 1670921603208715 87.875 -69.0 5.93343768754166 0 
0008 0013 5 1670921603209605 45.5625 -68.0 1.41126232485479 0 
0008 0004 6 1670921603261787 6.5 -64.5 4.086524818927348 0 
0008 0012 6 1670921603271907 185.5 -70.0 2.0064468705544187 0 
0008 0014 6 1670921603280823 -45.5625 -68.5 0.14726215563702155 0 
0008 0004 7 1670921603319015 62.625 -69.5 1.7732817907958012 0 
0008 0012 7 1670921603334176 45.5625 -65.0 5.497787143782138 0 
0008 0014 7 1670921603345208 9.75 -66.5 0.9387962421860124 0 
0008 0010 7 1670921603348341 -175.75 -71.0 3.313398501832985 0 
0008 0015 8 1670921603376996 55.3125 -68.0 1.3314953238847365 0 
0008 0004 8 1670921603379441 0.0 -64.0 0.9817477042468103 0 
0008 0012 8 1670921603381555 -13.0 -59.5 3.2949907323783574 0 
0008 0013 8 1670921603387985 -68.3125 -67.0 5.289165756629691 0 
0008 0005 8 1670921603389439 3.25 -67.5 1.5953400194010667 0 
0008 0014 8 1670921603394820 55.3125 -66.5 2.791845033951867 0 
0008 0015 1 1670921603625936 -16.25 -61.0 2.429825568010856 0 
0008 0013 1 1670921603627828 9.75 -61.0 3.4177091954092087 0 
0008 0010 1 1670921603629473 16.25 -53.5 2.791845033951867 0 
0008 0014 1 1670921603631881 71.5625 -63.5 6.086835766330224 0 
0008 0004 1 1670921603632799 -42.3125 -59.0 5.853670686571607 0 
0008 0011 1 1670921603633758 -7.3125 -54.0 1.8162332528565992 0 
0008 0005 1 1670921603635853 -10.5625 -55.5 4.884194828627882 0 
0008 0000 1 1670921603641342 -65.0625 -63.0 5.3627968344482015 0 
0008 0002 1 1670921603642278 -48.8125 -67.0 4.196971435655114 0 
0008 0001 1 1670921603645350 10.5625 -54.0 0.6320000846088841 0 
0008 0009 1 1670921603646255 3.25 -63.0 0.8774370106705868 0 
0008 0008 1 1670921603656142 35.75 -62.5 1.423534171157875 0 
0008 0012 1 1670921603663302 -26.0 -63.0 2.12916533358527 0 
0008 0006 1 1670921603667818 29.25 -68.0 3.9576704327449543 0 
0008 0014 2 1670921603696833 -136.6875 -67.5 4.356505437595221 0 
0008 0006 2 1670921603700797 -111.4375 -67.5 4.1172044346850605 0 
0008 0004 2 1670921603706006 10.5625 -59.5 1.6382914814618648 0 
0008 0013 2 1670921603707690 -3.25 -54.0 5.184855063053467 0 
0008 0012 2 1670921603709346 6.5 -55.5 3.6447383520162835 0 
0008 0015 2 1670921603711296 -65.0625 -60.0 3.0495538063166547 0 
0008 0008 2 1670921603712455 78.0625 -68.0 5.559146375297564 0 
0008 0010 2 1670921603718537 -68.3125 -72.5 1.88986433067511 0 
0008 0001 2 1670921603719483 45.5625 -63.0 4.061981126321178 0 
0008 0009 2 1670921603722204 -55.3125 -65.5 6.17273869045182 0 
0008 0005 2 1670921603723391 173.3125 -66.0 1.6505633277649499 0 
0008 0005 3 1670921603795131 -3.25 -65.5 0.0674951546669682 0 
0008 0004 3 1670921603800564 187.125 -69.0 5.123495831538041 0 
0008 0015 3 1670921603807701 -81.375 -66.5 5.037592907416445 0 
0008 0005 4 1670921603849747 -21.125 -69.5 0.22089323345553233 0 
0008 0013 4 1670921603867695 149.6875 -71.0 5.295301679781233 0 
0008 0014 4 1670921603876279 -3.25 -72.5 1.3069516312785663 0 
0008 0013 5 1670921603916488 81.375 -67.0 1.337631247036279 0 
0008 0015 5 1670921603919498 -58.5625 -69.5 5.982525072754001 0 
0008 0004 5 1670921603942154 -62.625 -69.0 2.1230294104337273 0 
0008 0012 6 1670921603976223 -91.125 -71.0 2.5954954931025047 0 
0008 0014 6 1670921603989691 -48.8125 -69.0 0.5276893910326605 0 
0008 0004 6 1670921603992373 39.0 -64.5 4.123340357836604 0 
0008 0013 6 1670921604000909 13.0 -72.5 3.2704470397721868 0 
0008 0012 7 1670921604056532 94.375 -66.0 4.921010367537137 0 
0008 0014 7 1670921604063772 3.25 -67.5 0.7792622402459057 0 
0008 0004 7 1670921604065361 142.375 -72.0 1.368310862793992 0 
0008 0013 8 1670921604098948 -55.3125 -66.0 5.264622064023521 0 
0008 0004 8 1670921604102341 -13.8125 -67.0 0.8222137023067037 0 
0008 0008 8 1670921604104465 -26.0 -71.5 5.792311455056181 0 
0008 0015 8 1670921604105462 -68.3125 -68.0 1.4542137869155878 0 
0008 0012 8 1670921604112882 3.25 -59.0 3.5281558121369745 0 
0008 0014 8 1670921604120967 22.75 -70.0 3.313398501832985 0 
0008 0005 8 1670921604125072 -7.3125 -67.0 1.7303303287350031 0 
0008 0006 8 1670921604127357 -390.5625 -75.5 0.7731263170943632 0 
0008 0000 1 1670921604353868 -3.25 -63.0 5.393476450205914 0 
0008 0009 1 1670921604356096 52.0625 -62.0 0.8651651643675016 0 
0008 0005 1 1670921604357042 -24.375 -55.5 4.921010367537137 0 
0008 0012 1 1670921604359604 -61.8125 -62.5 2.429825568010856 0 
0008 0011 1 1670921604360564 13.8125 -54.0 1.748738098189631 0 
0008 0010 1 1670921604365220 9.75 -53.5 2.779573187648782 0 
0008 0004 1 1670921604370793 -7.3125 -59.0 5.5284667595398505 0 
0008 0013 1 1670921604371938 -9.75 -61.0 3.4913402732277192 0 
0008 0006 1 1670921604375930 55.3125 -69.5 4.074252972624263 0 
0008 0015 1 1670921604376910 -35.75 -61.0 2.650718801466388 0 
0008 0014 1 1670921604379630 16.25 -64.0 6.277049384028044 0 
0008 0008 1 1670921604381953 -6.5 -63.0 1.41126232485479 0 
0008 0001 1 1670921604382927 -7.3125 -53.5 0.5829126993965437 0 
0008 0002 1 1670921604385199 -61.8125 -67.0 4.123340357836604 0 
0008 0013 2 1670921604427269 -52.0625 -53.0 5.197126909356553 0 
0008 0001 2 1670921604431813 -13.8125 -63.5 4.086524818927348 0 
0008 0005 2 1670921604436941 55.3125 -65.5 1.8285050991596843 0 
0008 0015 2 1670921604438923 45.5625 -60.5 2.9513790358919736 0 
0008 0012 2 1670921604442541 45.5625 -56.0 3.5833791205008576 0 
0008 0009 2 1670921604444451 159.5 -64.5 5.890486225480862 0 
0008 0008 2 1670921604452014 35.75 -67.0 5.712544454086128 0 
0008 0004 2 1670921604454206 24.375 -58.5 1.6137477888556946 0 
0008 0006 2 1670921604458851 -7.3125 -66.5 3.9638063558964967 0 
0008 0014 2 1670921604473342 16.25 -70.0 4.000621894805752 0 
0008 0004 3 1670921604519089 55.3125 -68.5 5.448699758569798 0 
0008 0005 3 1670921604524082 24.375 -65.0 0.2086213871524472 0 
0008 0015 3 1670921604536607 48.8125 -67.5 4.847379289718626 0 
0008 0005 4 1670921604619315 104.125 -69.5 0.19634954084936207 0 
0008 0013 4 1670921604645291 -19.5 -71.0 5.595961914206819 0 
0008 0013 5 1670921604689064 26.0 -68.5 1.9144080232812801 0 
0008 0014 6 1670921604751537 -39.0 -72.5 5.957981380147831 0 
0008 0004 6 1670921604757266 -13.8125 -64.0 4.215379205109742 0 
0008 0012 6 1670921604762569 156.1875 -72.5 1.6198837120072371 0 
0008 0012 7 1670921604796145 39.0 -65.5 5.154175447295755 0 
0008 0014 7 1670921604802154 87.875 -67.0 0.6565437772150544 0 
0008 0004 7 1670921604804462 117.9375 -68.0 1.736466251886546 0 
0008 0015 8 1670921604847120 -45.5625 -70.0 1.1596894756415448 0 
0008 0013 8 1670921604848097 -110.625 -68.0 5.5100589900852235 0 
0008 0004 8 1670921604854082 27.625 -67.0 1.2517283229146832 0 
0008 0012 8 1670921604865896 -29.25 -59.0 3.5036121195308043 0 
0008 0014 8 1670921604869644 -34.9375 -68.0 3.055689729468197 0 
0008 0008 8 1670921604872019 -42.3125 -71.5 5.743224069843841 0 
0008 0005 8 1670921604879662 -10.5625 -67.5 1.607611865704152 0 
0008 0014 1 1670921605109113 35.75 -64.0 6.17273869045182 0 
0008 0001 1 1670921605115903 10.5625 -53.5 0.4540583132141498 0 
0008 0002 1 1670921605118736 -13.0 -67.0 4.104932588381976 0 
0008 0013 1 1670921605119922 9.75 -61.0 3.479068426924634 0 
0008 0010 1 1670921605120916 19.5 -53.5 2.748893571891069 0 
0008 0000 1 1670921605121909 -16.25 -63.0 5.092816215780329 0 
0008 0008 1 1670921605123099 35.75 -62.5 1.4971652489763858 0 
0008 0004 1 1670921605124299 9.75 -60.5 5.786175531904639 0 
0008 0006 1 1670921605125941 -48.8125 -68.0 4.129476280988146 0 
0008 0011 1 1670921605127353 7.3125 -54.5 1.748738098189631 0 
0008 0005 1 1670921605128518 0.0 -55.5 4.7860200582032 0 
0008 0009 1 1670921605135266 9.75 -63.0 0.7853981633974483 0 
0008 0012 1 1670921605137349 68.3125 -62.5 2.1230294104337273 0 
0008 0015 1 1670921605138555 -29.25 -60.5 2.509592568980909 0 
0008 0014 2 1670921605188848 -3.25 -67.5 4.154019973594316 0 
0008 0013 2 1670921605190153 32.5 -53.0 5.086680292628786 0 
0008 0012 2 1670921605191071 -3.25 -56.5 3.663146121470911 0 
0008 0010 2 1670921605194585 74.8125 -70.5 1.6321555583103222 0 
0008 0006 2 1670921605201830 -69.125 -68.0 3.9944859716542096 0 
0008 0004 2 1670921605203073 55.3125 -58.5 1.705786636128833 0 
0008 0009 2 1670921605204022 35.75 -66.0 5.534602682691394 0 
0008 0001 2 1670921605205266 -13.8125 -63.0 4.006757817957295 0 
0008 0005 2 1670921605206198 7.3125 -65.0 1.9634954084936207 0 
0008 0015 2 1670921605207646 -61.8125 -59.5 2.945243112740431 0 
0008 0008 2 1670921605215524 -3.25 -67.5 5.681864838328415 0 
0008 0005 3 1670921605276456 21.125 -65.5 0.23930100291016002 0 
0008 0015 3 1670921605285813 -9.75 -68.0 5.2768939103266055 0 
0008 0004 3 1670921605296382 113.875 -66.5 5.270757987175063 0 
0008 0005 4 1670921605359384 83.0 -69.5 0.15339807878856412 0 
0008 0013 4 1670921605379079 3.25 -72.5 5.651185222570702 0 
0008 0012 6 1670921605497251 27.625 -70.5 1.748738098189631 0 
0008 0004 6 1670921605503398 9.75 -64.0 4.1172044346850605 0 
0008 0014 6 1670921605511173 192.0 -71.0 5.620505606812989 0 
0008 0014 7 1670921605539174 -97.625 -65.5 0.9081166264282996 0 
0008 0012 7 1670921605554246 -9.75 -66.0 5.264622064023521 0 
0008 0004 7 1670921605559584 -104.125 -68.0 1.9082721001297376 0 
0008 0005 8 1670921605615909 41.5 -68.0 1.6137477888556946 0 
0008 0012 8 1670921605616853 9.75 -59.5 3.429981041712294 0 
0008 0004 8 1670921605617830 30.875 -65.5 1.0799224746714913 0 
0008 0015 8 1670921605632385 -35.75 -68.0 1.2087768608538851 0 
0008 0008 8 1670921605637568 -71.5625 -71.5 6.013204688511713 0 
0008 0006 8 1670921605638499 -62.625 -74.5 0.5951845456996288 0 
0008 0013 8 1670921605642215 6.5 -67.0 5.325981295538946 0 
0008 0014 8 1670921605644443 29.25 -68.0 2.988194574801229 0 
0008 0005 1 1670921605866686 -10.5625 -55.5 4.914874444385594 0 
0008 0008 1 1670921605869955 13.0 -62.5 1.5278448647340985 0 
0008 0006 1 1670921605874210 -90.3125 -68.5 4.025165587411922 0 
0008 0004 1 1670921605876526 21.125 -59.5 5.8045833013592665 0 
0008 0012 1 1670921605877460 94.375 -64.0 2.1475731030398975 0 
0008 0002 1 1670921605878397 26.0 -66.5 4.0128937411088375 0 
0008 0001 1 1670921605879338 0.0 -53.5 0.5829126993965437 0 
0008 0011 1 1670921605882187 -17.0625 -54.5 1.736466251886546 0 
0008 0009 1 1670921605883420 94.375 -63.0 0.1902136176978195 0 
0008 0010 1 1670921605893227 32.5 -53.5 2.705942109830271 0 
0008 0000 1 1670921605896564 -39.0 -63.5 5.227806525114265 0 
0008 0013 1 1670921605898229 0.0 -60.5 3.479068426924634 0 
0008 0014 1 1670921605903586 0.0 -64.0 6.209554229361076 0 
0008 0015 1 1670921605905157 52.0625 -61.5 2.3623304133438876 0 
0008 0004 2 1670921605955967 7.3125 -58.5 1.6812429435226628 0 
0008 0010 2 1670921605957358 169.25 -69.5 1.748738098189631 0 
0008 0012 2 1670921605959933 13.0 -56.0 3.509748042682347 0 
0008 0015 2 1670921605965563 -13.0 -59.5 2.834796496012665 0 
0008 0008 2 1670921605969326 65.0625 -68.0 5.743224069843841 0 
0008 0005 2 1670921605971539 -34.9375 -64.0 2.098485717827557 0 
0008 0009 2 1670921605972769 -19.5 -65.0 5.964117303299373 0 
0008 0013 2 1670921605973957 -6.5 -53.0 5.178719139901925 0 
0008 0014 2 1670921605977730 55.3125 -68.0 3.8963112012295285 0 
0008 0001 2 1670921605981012 -27.625 -63.0 4.196971435655114 0 
0008 0006 2 1670921605981943 21.125 -67.0 3.859495662320273 0 
0008 0015 3 1670921606040053 218.0625 -68.0 4.853515212870168 0 
0008 0004 3 1670921606049174 -24.375 -67.5 5.227806525114265 0 
0008 0005 3 1670921606056954 -10.5625 -65.5 0.1349903093339364 0 
0008 0005 4 1670921606112817 -52.0625 -69.5 0.2699806186678728 0 
0008 0013 4 1670921606132187 45.5625 -71.0 5.546874528994478 0 
0008 0013 5 1670921606203143 -81.375 -70.5 2.1230294104337273 0 
0008 0004 6 1670921606255779 -52.0625 -64.0 4.23378697456437 0 
0008 0014 6 1670921606263236 52.0625 -70.5 5.859806609723149 0 
0008 0012 6 1670921606277951 90.3125 -69.5 1.7548740213411735 0 
0008 0014 7 1670921606309423 -78.0625 -66.5 0.8467573949128739 0 
0008 0012 7 1670921606312938 97.625 -65.0 5.049864753719531 0 
0008 0004 7 1670921606325719 39.0 -68.0 1.846912868614312 0 
0008 0008 8 1670921606375912 -61.8125 -72.0 6.007068765360171 0 
0008 0006 8 1670921606380427 -83.0 -73.5 0.4479223900626072 0 
0008 0013 8 1670921606388602 13.0 -67.0 5.2768939103266055 0 
0008 0012 8 1670921606390995 16.25 -59.5 3.448388811166921 0 
0008 0014 8 1670921606394065 -59.375 -68.0 3.067961575771282 0 
0008 0005 8 1670921606396813 9.75 -66.5 1.7241944055834606 0 
0008 0015 8 1670921606407986 42.3125 -69.0 1.0799224746714913 0 
0008 0004 8 1670921606408929 0.0 -65.0 1.1780972450961724 0 
0008 0012 1 1670921606625877 71.5625 -64.0 2.184388641949153 0 
0008 0011 1 1670921606631758 7.3125 -54.5 1.8223691760081417 0 
0008 0001 1 1670921606632944 7.3125 -53.5 0.9387962421860124 0 
0008 0010 1 1670921606635029 22.75 -54.0 2.8102528034064944 0 
0008 0015 1 1670921606636235 3.25 -62.0 2.448233337465483 0 
0008 0013 1 1670921606640108 -3.25 -60.5 3.5158839658338894 0 
0008 0008 1 1670921606643196 13.0 -62.5 1.5278448647340985 0 
0008 0005 1 1670921606644143 -30.875 -55.0 5.209398755659637 0 
0008 0004 1 1670921606646639 34.9375 -59.0 5.9088939949354895 0 
0008 0000 1 1670921606648530 -68.3125 -63.5 5.50392306693368 0 
0008 0006 1 1670921606650724 -104.125 -68.0 4.154019973594316 0 
0008 0009 1 1670921606653281 -3.25 -61.5 0.9326603190344698 0 
0008 0014 1 1670921606658399 45.5625 -64.0 6.129787228391022 0 
0008 0002 1 1670921606663112 58.5625 -67.0 4.049709280018092 0 
0008 0006 2 1670921606695998 -52.0625 -66.0 4.111068511533518 0 
0008 0009 2 1670921606698150 136.6875 -65.0 5.982525072754001 0 
0008 0013 2 1670921606700205 35.75 -53.0 5.184855063053467 0 
0008 0012 2 1670921606701733 9.75 -56.5 3.5772431973493153 0 
0008 0015 2 1670921606702955 35.75 -59.5 2.748893571891069 0 
0008 0001 2 1670921606704827 -30.875 -63.5 4.620350133111551 0 
0008 0004 2 1670921606707220 48.8125 -58.0 1.8100973297050567 0 
0008 0005 2 1670921606708618 24.375 -64.0 2.2334760271614935 0 
0008 0008 2 1670921606715095 6.5 -68.0 5.872078456026235 0 
0008 0014 2 1670921606720180 -74.8125 -67.5 4.000621894805752 0 
0008 0010 2 1670921606721401 136.6875 -70.0 1.7855536370988863 0 
0008 0005 3 1670921606766984 -93.5625 -66.0 0.0674951546669682 0 
0008 0004 3 1670921606772366 83.0 -66.0 5.148039524144211 0 
0008 0015 3 1670921606787005 29.25 -69.5 4.853515212870168 0 
0008 0005 4 1670921606830373 34.9375 -71.5 6.056156150572511 0 
0008 0013 4 1670921606854856 42.3125 -71.5 5.491651220630596 0 
0008 0004 5 1670921606903063 58.5625 -71.5 1.7732817907958012 0 
0008 0013 5 1670921606936628 -13.0 -71.0 1.8960002538266525 0 
0008 0012 6 1670921606981406 78.0625 -71.5 1.6137477888556946 0 
0008 0004 6 1670921606985233 -100.875 -64.5 4.331961744989051 0 
0008 0014 6 1670921606991160 -39.0 -70.0 6.080699843178682 0 
0008 0014 7 1670921607034333 -78.0625 -66.0 0.8651651643675016 0 
0008 0004 7 1670921607042221 -131.8125 -67.5 2.2396119503130363 0 
0008 0012 7 1670921607046322 -35.75 -65.5 5.21553467881118 0 
