0008 0007 1 1670920645316911 -55.3125 -68.0 5.45483568172134 6 
0008 0001 1 1670920645317815 45.5625 -63.0 4.552854978444583 6 
0008 0005 1 1670920645319258 -93.5625 -69.0 1.3130875544301088 6 
0008 0009 1 1670920645329941 -107.375 -68.5 4.411728745959104 6 
0008 0011 2 1670920645358530 69.125 -64.0 6.043884304269426 6 
0008 0008 2 1670920645360880 -19.5 -64.0 3.6570101983193686 6 
0008 0005 2 1670920645361997 -41.5 -59.0 5.540738605842936 6 
0008 0015 2 1670920645365026 91.125 -70.0 1.0983302441261191 6 
0008 0007 2 1670920645380126 -91.125 -67.5 4.135612204139688 6 
0008 0011 3 1670920645416395 79.75 -67.5 4.7860200582032 6 
0008 0015 3 1670920645417602 81.375 -69.5 6.080699843178682 6 
0008 0014 3 1670920645420396 -45.5625 -62.5 4.000621894805752 6 
0008 0006 3 1670920645421908 13.8125 -56.5 3.227495577711389 6 
0008 0010 3 1670920645424893 3.25 -63.5 3.9760782021995817 6 
0008 0004 3 1670920645426716 -9.75 -63.0 3.000466421104314 6 
0008 0010 4 1670920645463067 -32.5 -61.0 0.11044661672776616 6 
0008 0004 4 1670920645467994 19.5 -64.0 3.1231848841351653 6 
0008 0015 4 1670920645468975 -39.0 -67.5 4.190835512503572 6 
0008 0006 4 1670920645470220 111.4375 -64.5 1.3192234775816514 6 
0008 0014 4 1670920645472247 -42.3125 -70.0 2.429825568010856 6 
0008 0006 5 1670920645498783 38.1875 -66.5 3.1906800388021335 6 
0008 0001 5 1670920645501002 -93.5625 -63.5 0.0674951546669682 6 
0008 0005 5 1670920645501964 71.5625 -65.5 1.3560390164909069 6 
0008 0000 5 1670920645504288 48.8125 -67.5 2.6875343403756435 6 
0008 0010 5 1670920645511047 -78.0625 -65.5 6.135923151542564 6 
0008 0008 5 1670920645521714 -55.3125 -64.5 3.5281558121369745 6 
0008 0005 6 1670920645568904 -24.375 -66.0 3.0495538063166547 6 
0008 0001 6 1670920645569866 59.375 -66.0 0.2454369260617026 6 
0008 0004 6 1670920645572031 26.0 -58.0 1.1290098598838318 6 
0008 0002 6 1670920645575321 104.125 -72.5 1.0062913968529805 6 
0008 0014 6 1670920645576436 48.8125 -68.5 1.6996507129772904 6 
0008 0006 6 1670920645582110 30.875 -64.0 5.927301764390117 6 
0008 0004 7 1670920645622883 -65.0625 -69.5 1.8039614065535141 6 
0008 0005 7 1670920645626832 -100.875 -67.5 4.025165587411922 6 
0008 0010 7 1670920645628506 -94.375 -71.0 4.7860200582032 6 
0008 0005 8 1670920645671481 -21.125 -69.0 2.5402721847386216 6 
0008 0007 8 1670920645682735 -3.25 -69.0 6.007068765360171 6 
0008 0008 8 1670920645686505 32.5 -68.5 1.030835089459151 6 
0008 0009 8 1670920645691027 74.8125 -68.0 2.1230294104337273 6 
0008 0001 1 1670920645917083 -41.5 -64.0 4.773748211900116 6 
0008 0009 1 1670920645933195 -97.625 -69.0 4.4976316700806995 6 
0008 0005 1 1670920645935302 21.125 -69.5 1.1106020904292042 6 
0008 0007 1 1670920645936213 -52.0625 -67.5 5.393476450205914 6 
0008 0007 2 1670920645969924 208.3125 -69.0 4.080388895775806 6 
0008 0005 2 1670920645973570 -35.75 -59.0 5.651185222570702 6 
0008 0011 2 1670920645979777 -79.75 -64.5 0.04295146206079795 6 
0008 0008 2 1670920645987628 -32.5 -64.5 3.7429131224409646 6 
0008 0015 2 1670920645993313 -35.75 -69.0 1.214912784005428 6 
0008 0004 3 1670920646029555 27.625 -62.0 3.0127382674073995 6 
0008 0010 3 1670920646033761 -6.5 -64.5 3.8717675086233583 6 
0008 0011 3 1670920646034736 21.125 -66.5 4.755340442445488 6 
0008 0015 3 1670920646036213 13.0 -70.0 5.8659425328746915 6 
0008 0006 3 1670920646037639 7.3125 -56.5 3.0802334220743677 6 
0008 0014 3 1670920646039013 32.5 -61.5 3.7981364308048478 6 
0008 0010 4 1670920646078241 -3.25 -61.0 6.19728238305799 6 
0008 0006 4 1670920646081236 -16.25 -64.5 1.2455923997631406 6 
0008 0004 4 1670920646085969 -84.625 -64.0 3.06182565261974 6 
0008 0015 4 1670920646087021 -126.9375 -67.5 4.276738436625168 6 
0008 0014 4 1670920646088278 -13.0 -70.0 2.454369260617026 6 
0008 0010 5 1670920646121146 -68.3125 -65.5 5.970253226450915 6 
0008 0009 5 1670920646123254 -227.8125 -69.0 2.6384469551633027 6 
0008 0005 5 1670920646125560 121.25 -65.5 1.41126232485479 6 
0008 0000 5 1670920646129572 -136.6875 -68.0 2.693670263527186 6 
0008 0008 5 1670920646130549 42.3125 -65.0 3.2520392703175593 6 
0008 0001 5 1670920646131806 76.4375 -63.5 6.092971689481767 6 
0008 0002 5 1670920646133920 -58.5625 -65.5 1.2946797849754812 6 
0008 0006 5 1670920646137472 -128.5625 -68.0 3.32567034813607 6 
0008 0004 5 1670920646149363 -83.0 -71.5 2.6139032625571326 6 
0008 0001 6 1670920646197713 -45.5625 -67.0 0.3129320807286708 6 
0008 0005 6 1670920646199498 55.3125 -65.5 2.9943304979527716 6 
0008 0002 6 1670920646201640 -65.0625 -72.5 1.4051264017032472 6 
0008 0006 6 1670920646209295 -13.8125 -63.5 5.730952223540755 6 
0008 0014 6 1670920646210201 81.375 -69.0 1.6751070203711202 6 
0008 0004 6 1670920646214078 9.75 -58.0 1.012427320004523 6 
0008 0011 7 1670920646246704 121.25 -71.5 2.466641106920111 6 
0008 0005 7 1670920646264884 -10.5625 -66.0 3.9822141253511245 6 
0008 0004 7 1670920646269699 42.3125 -67.5 1.9205439464328227 6 
0008 0009 8 1670920646299868 143.1875 -68.0 2.184388641949153 6 
0008 0008 8 1670920646310429 13.0 -68.5 0.9633399347921826 6 
0008 0005 8 1670920646314789 97.625 -68.5 2.3439226438892597 6 
0008 0007 8 1670920646320825 -26.0 -69.0 6.166602767300278 6 
0008 0010 8 1670920646325604 9.75 -71.5 2.3439226438892597 6 
0008 0001 1 1670920646548397 41.5 -62.0 4.963961829597935 6 
0008 0007 1 1670920646554548 -84.625 -68.5 5.829126993965437 6 
0008 0009 1 1670920646556993 -45.5625 -69.5 4.528311285838413 6 
0008 0005 1 1670920646570075 211.5625 -72.0 1.1658253987930873 6 
0008 0011 2 1670920646597402 -30.875 -66.0 6.154330920997192 6 
0008 0008 2 1670920646605351 22.75 -64.5 3.847223816017188 6 
0008 0015 2 1670920646606502 -35.75 -70.5 1.2210487071569704 6 
0008 0007 2 1670920646610496 16.25 -66.5 4.454680208019902 6 
0008 0005 2 1670920646619252 -17.0625 -59.0 5.8475347634200645 6 
0008 0015 3 1670920646647376 -104.125 -71.0 6.111379458936394 6 
0008 0014 3 1670920646648979 -38.1875 -61.5 3.902447124381071 6 
0008 0011 3 1670920646650776 -73.1875 -68.0 4.767612288748572 6 
0008 0006 3 1670920646652486 13.8125 -57.0 2.9697868053466014 6 
0008 0010 3 1670920646655053 -45.5625 -65.0 3.9515345095934116 6 
0008 0004 3 1670920646657674 97.625 -62.0 2.9268353432858034 6 
0008 0014 4 1670920646696264 42.3125 -70.0 2.1046216409791 6 
0008 0004 4 1670920646697756 -24.375 -64.0 2.9820586516496865 6 
0008 0010 4 1670920646700841 -3.25 -60.5 6.013204688511713 6 
0008 0015 4 1670920646703592 -152.9375 -68.0 4.338097668140593 6 
0008 0006 4 1670920646704523 -3.25 -65.5 1.043106935762236 6 
0008 0001 5 1670920646733315 0.0 -61.5 5.921165841238575 6 
0008 0006 5 1670920646734209 -152.9375 -67.0 2.60776733940559 6 
0008 0008 5 1670920646736680 -78.0625 -63.5 3.0495538063166547 6 
0008 0010 5 1670920646740571 29.25 -66.0 5.516194913236766 6 
0008 0004 5 1670920646742451 -71.5625 -69.0 2.030990563160589 6 
0008 0005 5 1670920646744639 76.4375 -66.0 0.9203884727313847 6 
0008 0002 5 1670920646746072 -58.5625 -66.5 0.8651651643675016 6 
0008 0000 5 1670920646748336 -65.0625 -68.0 2.2580197197676637 6 
0008 0005 6 1670920646787777 -21.125 -66.0 3.0495538063166547 6 
0008 0004 6 1670920646792231 3.25 -58.0 0.5522330836388308 6 
0008 0006 6 1670920646799292 24.375 -63.5 5.209398755659637 6 
0008 0001 6 1670920646800624 -45.5625 -67.0 6.215690152512618 6 
0008 0014 6 1670920646803444 79.75 -68.5 1.552388557340269 6 
0008 0002 6 1670920646808782 -84.625 -71.5 0.9265243958829272 6 
0008 0004 7 1670920646845282 130.1875 -67.0 1.5278448647340985 6 
0008 0005 7 1670920646853693 24.375 -68.0 3.810408277107933 6 
0008 0011 7 1670920646869647 55.3125 -72.5 2.6998061866787286 6 
0008 0005 8 1670920646901677 29.25 -69.0 2.1353012567368124 6 
0008 0007 8 1670920646906651 -65.0625 -69.5 5.93343768754166 6 
0008 0010 8 1670920646914246 -84.625 -70.5 2.1353012567368124 6 
0008 0011 8 1670920646915487 -79.75 -74.5 0.39269908169872414 6 
0008 0009 8 1670920646916690 13.0 -68.0 2.098485717827557 6 
0008 0008 8 1670920646920019 81.375 -70.5 1.1351457830353744 6 
0008 0007 1 1670920647149339 61.8125 -68.0 5.730952223540755 6 
0008 0009 1 1670920647150997 -143.1875 -68.0 4.773748211900116 6 
0008 0000 1 1670920647158625 55.3125 -71.5 0.9387962421860124 6 
0008 0011 1 1670920647163276 17.0625 -73.0 3.4177091954092087 6 
0008 0001 1 1670920647165455 24.375 -60.0 4.97623367590102 6 
0008 0005 2 1670920647217050 21.125 -60.0 5.902758071783947 6 
0008 0008 2 1670920647219673 -58.5625 -63.0 3.6692820446224537 6 
0008 0011 2 1670920647229913 30.875 -66.0 0.1043106935762236 6 
0008 0007 2 1670920647236723 -107.375 -67.5 4.693981210930062 6 
0008 0015 2 1670920647237689 -126.9375 -67.0 1.3314953238847365 6 
0008 0010 3 1670920647266436 -87.875 -65.5 4.460816131171445 6 
0008 0004 3 1670920647270152 -30.875 -63.5 3.3011266555298997 6 
0008 0006 3 1670920647273333 0.0 -57.0 3.2213596545598464 6 
0008 0015 3 1670920647274547 -123.6875 -72.0 6.105243535784852 6 
0008 0011 3 1670920647276200 111.4375 -67.5 4.779884135051658 6 
0008 0014 3 1670920647277343 -13.0 -62.5 3.9208548938356986 6 
0008 0015 4 1670920647307446 -123.6875 -68.0 4.338097668140593 6 
0008 0010 4 1670920647311550 45.5625 -61.0 6.227961998815704 6 
0008 0004 4 1670920647319393 -65.875 -69.0 4.4362724385652745 6 
0008 0006 4 1670920647322024 27.625 -65.0 1.227184630308513 6 
0008 0014 4 1670920647323183 21.125 -70.0 2.172116795646068 6 
0008 0008 5 1670920647345865 16.25 -61.5 3.3318062712876126 6 
0008 0001 5 1670920647346824 -21.125 -59.0 5.4671075280244255 6 
0008 0010 5 1670920647351996 -13.0 -64.0 6.105243535784852 6 
0008 0005 5 1670920647356799 -10.5625 -64.0 0.6872233929727672 6 
0008 0004 5 1670920647359127 225.375 -68.5 1.7916895602504288 6 
0008 0000 5 1670920647360180 257.125 -70.0 2.313243028131547 6 
0008 0009 5 1670920647361113 -120.4375 -65.0 2.5464081078901644 6 
0008 0002 5 1670920647363881 52.0625 -68.5 1.2087768608538851 6 
0008 0006 5 1670920647371504 -131.8125 -68.0 3.80427235395639 6 
0008 0005 6 1670920647409107 -35.75 -65.5 2.945243112740431 6 
0008 0006 6 1670920647412780 73.1875 -68.0 0.030679615757712823 6 
0008 0000 6 1670920647416349 55.3125 -71.5 5.792311455056181 6 
0008 0004 6 1670920647419506 -17.0625 -54.5 1.0921943209745766 6 
0008 0014 6 1670920647421889 -21.125 -72.0 1.1106020904292042 6 
0008 0001 6 1670920647428037 35.75 -65.0 1.607611865704152 6 
0008 0011 6 1670920647431409 34.9375 -71.5 6.240233845118788 6 
0008 0005 7 1670920647462908 -21.125 -60.5 4.221515128261284 6 
0008 0008 7 1670920647472346 263.625 -69.0 5.816855147662351 6 
0008 0011 7 1670920647476991 -65.875 -71.0 3.8840393549264434 6 
0008 0010 7 1670920647479582 71.5625 -67.5 0.1595340019401067 6 
0008 0010 8 1670920647517121 -13.0 -68.0 5.154175447295755 6 
0008 0011 8 1670920647531161 -7.3125 -66.0 4.381049130201391 6 
0008 0001 8 1670920647534067 3.25 -63.0 6.031612457966341 6 
0008 0008 8 1670920647539645 -42.3125 -63.5 5.307573526084319 6 
0008 0006 1 1670920647755971 90.3125 -71.5 4.3933209765044765 6 
0008 0008 1 1670920647766559 -6.5 -63.5 5.080544369477243 6 
0008 0009 1 1670920647772107 48.8125 -67.5 2.834796496012665 6 
0008 0005 1 1670920647774311 10.5625 -57.0 3.313398501832985 6 
0008 0007 1 1670920647776600 -61.8125 -65.0 4.902602598082509 6 
0008 0012 1 1670920647778458 -91.125 -72.5 4.503767593232243 6 
0008 0011 2 1670920647815744 10.5625 -65.5 1.6996507129772904 6 
0008 0005 2 1670920647816708 131.8125 -66.5 5.712544454086128 6 
0008 0013 2 1670920647817741 -39.0 -69.0 5.5284667595398505 6 
0008 0015 2 1670920647824103 192.0 -68.5 0.34974761963792617 6 
0008 0004 3 1670920647863944 58.5625 -60.0 5.3627968344482015 6 
0008 0014 3 1670920647865419 29.25 -65.0 2.2518837966161214 6 
0008 0006 3 1670920647866405 17.0625 -60.0 1.9941750242513334 6 
0008 0015 3 1670920647872635 61.8125 -66.0 4.3074180523828804 6 
0008 0012 3 1670920647877049 78.0625 -70.0 0.5522330836388308 6 
0008 0005 3 1670920647895893 170.0625 -69.5 2.6813984172241008 6 
0008 0006 4 1670920647925941 3.25 -68.5 5.264622064023521 6 
0008 0005 4 1670920647936770 -24.375 -67.0 3.227495577711389 6 
0008 0004 4 1670920647938684 26.0 -63.0 0.5460971604872883 6 
0008 0011 4 1670920647944207 17.0625 -66.0 2.3009711818284617 6 
0008 0014 4 1670920647948583 -13.0 -68.0 2.325514874434632 6 
0008 0015 4 1670920647955454 0.0 -65.5 2.067806102069844 6 
0008 0001 4 1670920647956631 3.25 -69.0 1.9757672547967058 6 
0008 0013 4 1670920647959723 55.3125 -71.5 4.246058820867455 6 
0008 0002 4 1670920647962588 13.0 -72.5 4.405592822807561 6 
0008 0010 5 1670920647986633 -130.1875 -69.5 4.270602513473625 6 
0008 0009 5 1670920647989638 32.5 -60.5 5.098952138931871 6 
0008 0006 5 1670920647993031 -48.8125 -62.0 1.4971652489763858 6 
0008 0008 5 1670920648000519 -26.0 -67.0 4.6448938257177215 6 
0008 0012 5 1670920648001479 6.5 -66.0 2.110757564130642 6 
0008 0004 5 1670920648002471 -110.625 -64.0 4.865787059173254 6 
0008 0005 5 1670920648006692 48.8125 -68.5 0.8283496254582462 6 
0008 0001 5 1670920648009833 48.8125 -69.0 5.675728915176872 6 
0008 0011 6 1670920648038906 -42.3125 -63.0 3.8533597391687304 6 
0008 0005 6 1670920648040916 -17.0625 -62.5 1.7241944055834606 6 
0008 0010 6 1670920648043114 -39.0 -65.0 3.411573272257666 6 
0008 0000 6 1670920648048420 91.125 -69.0 5.497787143782138 6 
0008 0008 6 1670920648051888 -19.5 -66.5 4.0128937411088375 6 
0008 0013 6 1670920648057151 13.0 -69.5 1.141281706186917 6 
0008 0004 6 1670920648058084 55.3125 -64.0 4.914874444385594 6 
0008 0006 6 1670920648060832 -17.0625 -69.0 0.11044661672776616 6 
0008 0001 6 1670920648068485 -142.375 -67.5 4.221515128261284 6 
0008 0004 7 1670920648122431 -24.375 -68.5 2.086213871524472 6 
0008 0012 7 1670920648126365 55.3125 -63.5 4.71238898038469 6 
0008 0011 7 1670920648131947 -24.375 -66.5 2.509592568980909 6 
0008 0014 7 1670920648136132 -17.0625 -69.5 1.7119225592803755 6 
0008 0005 7 1670920648140648 -7.3125 -70.0 0.5031456984264903 6 
0008 0013 8 1670920648166181 -35.75 -72.5 3.8963112012295285 6 
0008 0001 8 1670920648167141 -10.5625 -64.5 5.583690067903734 6 
0008 0011 8 1670920648191657 -38.1875 -62.0 2.5341362615870793 6 
0008 0012 8 1670920648194020 -16.25 -66.0 0.3313398501832985 6 
0008 0015 8 1670920648195594 9.75 -71.5 4.104932588381976 6 
0008 0004 1 1670920648427430 -84.625 -68.0 4.246058820867455 6 
0008 0011 1 1670920648431105 -38.1875 -63.5 1.4296700943094176 6 
0008 0005 1 1670920648434374 0.0 -58.5 4.061981126321178 6 
0008 0007 1 1670920648438618 -208.3125 -69.5 4.700117134081604 6 
0008 0013 2 1670920648480550 -13.0 -64.5 3.031146036862027 6 
0008 0011 2 1670920648499230 -17.0625 -67.5 4.037437433715008 6 
0008 0005 2 1670920648507148 -97.625 -67.5 4.589670517353839 6 
0008 0007 2 1670920648516095 -3.25 -71.0 4.1417481272912315 6 
0008 0015 3 1670920648542957 16.25 -65.0 4.534447208989955 6 
0008 0004 3 1670920648543902 -7.3125 -58.5 4.381049130201391 6 
0008 0006 3 1670920648547063 -65.875 -61.0 5.663457068873787 6 
0008 0014 3 1670920648548954 87.875 -66.5 1.1658253987930873 6 
0008 0005 3 1670920648552360 -7.3125 -65.5 2.429825568010856 6 
0008 0014 4 1670920648605963 -71.5625 -67.5 2.423689644859313 6 
0008 0004 4 1670920648607799 34.9375 -58.0 0.4172427743048944 6 
0008 0005 4 1670920648611918 55.3125 -70.0 2.8716120349219203 6 
0008 0013 4 1670920648612881 65.0625 -69.0 4.006757817957295 6 
0008 0015 4 1670920648613876 45.5625 -67.5 1.6689710972195777 6 
0008 0006 4 1670920648616698 3.25 -62.0 3.6263305825616556 6 
0008 0002 4 1670920648629363 -71.5625 -71.0 5.0253210611133605 6 
0008 0014 5 1670920648655983 27.625 -69.0 1.736466251886546 6 
0008 0006 5 1670920648664508 41.5 -63.0 1.3314953238847365 6 
0008 0012 5 1670920648670288 -13.0 -63.0 3.933126740138784 6 
0008 0010 5 1670920648672173 -65.0625 -65.0 3.2029518851052186 6 
0008 0004 5 1670920648673133 -42.3125 -61.0 4.086524818927348 6 
0008 0009 5 1670920648676534 -91.125 -68.0 3.3624858870453256 6 
0008 0005 6 1670920648737654 3.25 -62.0 1.0246991663076084 6 
0008 0013 6 1670920648740207 61.8125 -72.5 0.2454369260617026 6 
0008 0001 6 1670920648741760 -59.375 -67.0 2.2457478734645786 6 
0008 0014 6 1670920648745960 73.1875 -68.5 5.460971604872882 6 
0008 0010 6 1670920648748172 19.5 -69.0 3.933126740138784 6 
0008 0004 6 1670920648751283 -26.0 -60.5 3.485204350076177 6 
0008 0011 6 1670920648753236 -97.625 -71.0 3.5465635815916023 6 
0008 0006 6 1670920648760535 -17.0625 -66.0 0.09203884727313846 6 
0008 0011 7 1670920648797685 -76.4375 -68.5 2.2886993355253766 6 
0008 0013 7 1670920648800856 -39.0 -68.0 6.17273869045182 6 
0008 0012 7 1670920648809625 -55.3125 -65.5 5.141903600992669 6 
0008 0004 7 1670920648812514 52.0625 -70.5 1.718058482431918 6 
0008 0014 7 1670920648817047 78.0625 -68.5 1.932815792735908 6 
0008 0005 7 1670920648818248 -19.5 -66.0 0.21475731030398976 6 
0008 0015 7 1670920648840362 -26.0 -71.0 1.9144080232812801 6 
0008 0015 8 1670920648865922 -156.1875 -70.5 4.338097668140593 6 
0008 0011 8 1670920648875462 45.5625 -62.0 2.055534255766759 6 
0008 0012 8 1670920648879833 -3.25 -63.0 0.15339807878856412 6 
0008 0013 8 1670920648883025 45.5625 -66.5 5.037592907416445 6 
0008 0001 8 1670920648890359 -48.8125 -63.0 5.148039524144211 6 
0008 0005 1 1670920649132028 -22.75 -57.5 4.454680208019902 6 
0008 0004 1 1670920649144794 -29.25 -66.5 4.2092432819582 6 
0008 0011 1 1670920649147893 21.125 -66.0 2.478912953223196 6 
0008 0009 1 1670920649151876 -145.625 -65.5 3.147728576741336 6 
0008 0006 1 1670920649154911 -76.4375 -72.0 1.9573594853420782 6 
0008 0007 1 1670920649156204 -94.375 -71.0 4.387185053352934 6 
0008 0011 2 1670920649203481 3.25 -64.5 3.2643111166206444 6 
0008 0005 2 1670920649215248 -52.0625 -67.5 5.049864753719531 6 
0008 0013 2 1670920649219293 35.75 -68.0 3.5281558121369745 6 
0008 0007 2 1670920649228799 -81.375 -70.0 3.8963112012295285 6 
0008 0005 3 1670920649286280 -10.5625 -66.0 2.313243028131547 6 
0008 0006 3 1670920649287921 -62.625 -61.0 0.15339807878856412 6 
0008 0004 3 1670920649296410 65.875 -60.5 4.7307967498393175 6 
0008 0015 3 1670920649302253 -159.5 -64.5 5.135767677841127 6 
0008 0014 3 1670920649306876 -9.75 -65.5 1.533980787885641 6 
0008 0005 4 1670920649374492 -22.75 -69.0 3.0127382674073995 6 
0008 0004 4 1670920649380298 26.0 -57.0 0.3865631585471816 6 
0008 0002 4 1670920649382220 -78.0625 -71.5 5.105088062083414 6 
0008 0014 4 1670920649391519 22.75 -69.0 2.779573187648782 6 
0008 0006 4 1670920649396785 -52.0625 -65.0 4.289010282928253 6 
0008 0015 4 1670920649397780 -55.3125 -68.5 2.2886993355253766 6 
0008 0011 4 1670920649401619 107.375 -71.5 1.4603497100671303 6 
0008 0006 5 1670920649438792 -73.1875 -61.5 1.0185632431560658 6 
0008 0004 5 1670920649440009 -30.875 -61.5 3.4606606574700063 6 
0008 0010 5 1670920649446865 -26.0 -64.5 2.6323110320117604 6 
0008 0012 5 1670920649450519 22.75 -62.5 2.9513790358919736 6 
0008 0014 5 1670920649453227 6.5 -68.0 1.552388557340269 6 
0008 0009 5 1670920649457110 16.25 -68.5 2.742757648739526 6 
0008 0013 6 1670920649496701 26.0 -70.5 5.927301764390117 6 
0008 0004 6 1670920649497873 -19.5 -61.0 3.1661363461959633 6 
0008 0010 6 1670920649500240 -16.25 -66.5 3.466796580621549 6 
0008 0014 6 1670920649516427 -79.75 -69.0 5.289165756629691 6 
0008 0001 6 1670920649517880 24.375 -66.5 1.9819031779482483 6 
0008 0011 6 1670920649521022 -59.375 -66.5 3.1661363461959633 6 
0008 0005 6 1670920649527559 -52.0625 -61.0 0.34974761963792617 6 
0008 0006 6 1670920649531143 -17.0625 -67.0 5.93343768754166 6 
0008 0011 7 1670920649557791 -83.0 -68.5 1.380582709097077 6 
0008 0004 7 1670920649568352 -114.6875 -69.5 1.6505633277649499 6 
0008 0013 7 1670920649572662 29.25 -69.5 5.577554144752192 6 
0008 0014 7 1670920649575014 97.625 -68.5 1.748738098189631 6 
0008 0012 7 1670920649577850 32.5 -64.0 4.626486056263094 6 
0008 0005 7 1670920649584319 -93.5625 -65.0 6.111379458936394 6 
0008 0015 7 1670920649598450 -110.625 -71.0 1.7855536370988863 6 
0008 0015 8 1670920649628915 35.75 -69.5 4.23378697456437 6 
0008 0012 8 1670920649635996 -26.0 -63.0 6.166602767300278 6 
0008 0013 8 1670920649636958 -39.0 -66.5 4.767612288748572 6 
0008 0011 8 1670920649642327 24.375 -61.5 1.5585244804918115 6 
0008 0001 8 1670920649649810 3.25 -62.0 5.246214294568893 6 
0008 0005 1 1670920649881653 -13.8125 -58.5 4.681709364626977 6 
0008 0009 1 1670920649887209 48.8125 -66.0 2.7120780329818137 6 
0008 0004 1 1670920649888165 0.0 -66.5 4.0558452031696355 6 
0008 0006 1 1670920649892369 -62.625 -71.0 1.7241944055834606 6 
0008 0011 1 1670920649895442 7.3125 -65.0 2.6998061866787286 6 
0008 0013 1 1670920649902221 84.625 -70.0 0.7179030087304801 6 
0008 0007 1 1670920649903413 78.0625 -73.5 4.3074180523828804 6 
0008 0011 2 1670920649954872 -7.3125 -64.5 3.2397674240144743 6 
0008 0005 2 1670920649960831 159.5 -69.0 4.865787059173254 6 
0008 0013 2 1670920649966506 -185.5 -69.5 4.1172044346850605 6 
0008 0007 2 1670920649976778 179.0 -70.0 3.6692820446224537 6 
0008 0006 3 1670920650036440 -27.625 -60.5 0.2945243112740431 6 
0008 0015 3 1670920650038513 -55.3125 -64.5 5.006913291658733 6 
0008 0004 3 1670920650039445 -93.5625 -60.5 4.963961829597935 6 
0008 0005 3 1670920650045889 130.1875 -65.0 2.141437179888355 6 
0008 0014 3 1670920650052191 22.75 -67.0 1.4787574795217582 6 
0008 0015 4 1670920650106190 -48.8125 -68.5 2.325514874434632 6 
0008 0014 4 1670920650108258 -48.8125 -68.5 2.9084275738311756 6 
0008 0002 4 1670920650114042 -13.0 -71.0 5.019185137961818 6 
0008 0011 4 1670920650119877 -17.0625 -70.5 1.5892040962495242 6 
0008 0006 4 1670920650129735 -3.25 -65.0 4.454680208019902 6 
0008 0004 4 1670920650131901 6.5 -56.5 0.28225246497095796 6 
0008 0005 4 1670920650133802 107.375 -69.5 2.730485802436441 6 
0008 0009 5 1670920650174601 -29.25 -67.0 2.767301341345697 6 
0008 0010 5 1670920650183989 35.75 -63.5 2.435961491162398 6 
0008 0004 5 1670920650185457 3.25 -61.0 3.4054373491061236 6 
0008 0006 5 1670920650186616 3.25 -61.5 0.803805932852076 6 
0008 0012 5 1670920650190598 68.3125 -62.0 2.9820586516496865 6 
0008 0014 5 1670920650194511 131.8125 -70.5 1.4910293258248433 6 
0008 0011 6 1670920650238318 -17.0625 -68.0 2.9636508821950587 6 
0008 0001 6 1670920650246813 -62.625 -64.5 2.0493983326152168 6 
0008 0010 6 1670920650249248 -9.75 -66.0 3.3502140407422405 6 
0008 0013 6 1670920650254284 166.0 -70.0 5.681864838328415 6 
0008 0004 6 1670920650259294 30.875 -60.5 3.11091303783208 6 
0008 0014 6 1670920650260823 9.75 -68.5 4.945554060143307 6 
0008 0006 6 1670920650263991 17.0625 -67.5 6.031612457966341 6 
0008 0005 6 1670920650265888 48.8125 -62.0 0.1227184630308513 6 
