0005 0008 1 1670922300052356 -65.0625 -66.5 2.6323110320117604 21 
0005 0005 1 1670922300054488 13.0 -64.0 2.055534255766759 21 
0005 0006 1 1670922300055452 -35.75 -65.0 4.301282129231338 21 
0005 0015 1 1670922300056882 19.5 -58.5 4.97623367590102 21 
0005 0007 1 1670922300057819 -42.3125 -65.5 5.829126993965437 21 
0005 0011 1 1670922300062178 42.3125 -61.0 5.332117218690489 21 
0005 0010 1 1670922300068141 172.5 -71.0 1.7548740213411735 21 
0005 0014 1 1670922300069404 -104.125 -66.5 5.47937937432751 21 
0005 0004 1 1670922300073934 -21.125 -63.5 0.8774370106705868 21 
0005 0013 1 1670922300081016 -42.3125 -64.5 2.8409324191642074 21 
0005 0012 1 1670922300085831 -16.25 -67.0 3.792000507653305 21 
0005 0008 2 1670922300126790 71.5625 -64.0 1.705786636128833 21 
0005 0015 2 1670922300129331 -26.0 -59.5 4.700117134081604 21 
0005 0014 2 1670922300131808 -6.5 -59.5 5.939573610693203 21 
0005 0005 2 1670922300145824 27.625 -63.0 5.448699758569798 21 
0005 0012 2 1670922300149908 45.5625 -64.0 4.319689898685965 21 
0005 0011 2 1670922300164477 -6.5 -69.0 2.2948352586769194 21 
0005 0014 3 1670922300225283 -120.4375 -68.5 3.5711072741977725 21 
0005 0005 3 1670922300236919 34.9375 -68.0 1.3130875544301088 21 
0005 0007 3 1670922300238229 231.0625 -70.5 0.47860200582032003 21 
0005 0013 4 1670922300314880 35.75 -65.5 6.12365130523948 21 
0005 0006 4 1670922300327031 26.0 -68.5 1.5585244804918115 21 
0005 0015 4 1670922300330898 -123.6875 -68.5 3.8717675086233583 21 
0005 0011 4 1670922300347485 -3.25 -71.0 0.8897088569736719 21 
0005 0006 5 1670922300391134 -22.75 -64.0 4.295146206079795 21 
0005 0004 5 1670922300392561 3.25 -68.5 0.380427235395639 21 
0005 0014 5 1670922300402530 -61.8125 -69.0 2.086213871524472 21 
0005 0010 6 1670922300449945 32.5 -69.0 2.5709518004963345 21 
0005 0014 6 1670922300452570 -42.3125 -65.0 5.460971604872882 21 
0005 0004 6 1670922300456543 24.375 -60.0 5.2339424482658075 21 
0005 0012 7 1670922300508498 -6.5 -56.5 4.4362724385652745 21 
0005 0015 7 1670922300510385 -19.5 -59.0 0.7731263170943632 21 
0005 0006 7 1670922300513438 -61.8125 -64.5 1.1167380135807468 21 
0005 0010 7 1670922300514376 -45.5625 -60.5 0.2699806186678728 21 
0005 0004 7 1670922300515292 3.25 -51.0 2.2396119503130363 21 
0005 0011 7 1670922300516217 143.1875 -70.0 2.3009711818284617 21 
0005 0014 7 1670922300517504 -42.3125 -62.5 4.7860200582032 21 
0005 0005 7 1670922300519113 7.3125 -65.5 4.454680208019902 21 
0005 0008 7 1670922300520471 29.25 -64.0 1.3069516312785663 21 
0005 0007 7 1670922300521946 -58.5625 -70.0 4.908738521234052 21 
0005 0013 7 1670922300524072 13.0 -62.5 2.1230294104337273 21 
0005 0012 8 1670922300556726 -3.25 -57.0 5.080544369477243 21 
0005 0011 8 1670922300558743 3.25 -62.0 3.7122335066832517 21 
0005 0004 8 1670922300562070 34.9375 -61.0 1.2455923997631406 21 
0005 0007 8 1670922300564289 65.0625 -66.5 6.074563920027139 21 
0005 0005 8 1670922300568143 -55.3125 -62.0 4.890330751779424 21 
0005 0014 8 1670922300570788 -9.75 -60.5 5.184855063053467 21 
0005 0013 8 1670922300571981 29.25 -65.0 1.41126232485479 21 
0005 0010 8 1670922300573159 13.0 -68.5 1.3744467859455345 21 
0005 0009 8 1670922300575907 35.75 -72.0 3.552699504743145 21 
0005 0015 8 1670922300578148 6.5 -64.0 2.5280003384355365 21 
0005 0006 8 1670922300580667 -29.25 -66.5 4.76147636559703 21 
0005 0001 8 1670922300584977 -52.0625 -74.5 5.859806609723149 21 
0005 0011 1 1670922300809344 6.5 -60.5 5.3198453723874035 21 
0005 0015 1 1670922300810256 -52.0625 -58.5 5.0253210611133605 21 
0005 0014 1 1670922300811202 3.25 -66.5 5.5714182216006485 21 
0005 0012 1 1670922300813397 -19.5 -67.0 3.9269908169872414 21 
0005 0013 1 1670922300814869 -48.8125 -64.0 2.8102528034064944 21 
0005 0010 1 1670922300815823 -120.4375 -71.0 1.7794177139473437 21 
0005 0004 1 1670922300818661 -7.3125 -63.5 0.7424467013366504 21 
0005 0005 1 1670922300821747 45.5625 -64.5 1.859184714917397 21 
0005 0008 1 1670922300824182 -16.25 -66.0 3.1231848841351653 21 
0005 0006 1 1670922300827532 -19.5 -65.5 4.25833066717054 21 
0005 0007 1 1670922300828695 -9.75 -67.0 5.565282298449106 21 
0005 0009 1 1670922300841875 -58.5625 -74.5 0.521553467881118 21 
0005 0014 2 1670922300883139 -29.25 -59.5 6.007068765360171 21 
0005 0015 2 1670922300885518 9.75 -59.5 4.601942363656923 21 
0005 0008 2 1670922300887613 97.625 -63.0 2.172116795646068 21 
0005 0005 2 1670922300889792 -55.3125 -63.5 5.608233760509904 21 
0005 0012 2 1670922300895286 9.75 -64.5 4.190835512503572 21 
0005 0011 2 1670922300908825 -169.25 -69.5 1.9512235621905356 21 
0005 0007 2 1670922300915593 -39.0 -71.0 0.7731263170943632 21 
0005 0005 3 1670922300974941 69.125 -68.5 1.4848934026733007 21 
0005 0007 3 1670922300977163 9.75 -69.5 0.9326603190344698 21 
0005 0014 3 1670922300994520 78.0625 -67.5 3.1784081924990484 21 
0005 0013 4 1670922301064556 35.75 -65.5 0.07363107781851078 21 
0005 0015 4 1670922301065537 -110.625 -68.5 3.933126740138784 21 
0005 0006 4 1670922301077426 130.1875 -68.0 1.239456476611598 21 
0005 0011 4 1670922301086840 -32.5 -70.5 1.1228739367322893 21 
0005 0014 5 1670922301147270 -39.0 -68.5 2.043262409463674 21 
0005 0006 5 1670922301150659 42.3125 -63.5 4.473087977474529 21 
0005 0004 6 1670922301209510 -27.625 -61.0 5.5100589900852235 21 
0005 0014 6 1670922301218520 9.75 -65.5 5.45483568172134 21 
0005 0010 6 1670922301231389 -52.0625 -69.5 3.104777114680538 21 
0005 0015 7 1670922301278004 -13.0 -59.0 0.7547185476397354 21 
0005 0006 7 1670922301280543 -65.0625 -63.5 0.8160777791551611 21 
0005 0007 7 1670922301282128 91.125 -68.5 4.724660826687775 21 
0005 0004 7 1670922301283045 -13.8125 -50.5 2.110757564130642 21 
0005 0005 7 1670922301284006 -73.1875 -66.0 4.516039439535327 21 
0005 0010 7 1670922301285000 -48.8125 -60.5 0.04295146206079795 21 
0005 0012 7 1670922301285935 -22.75 -56.0 4.405592822807561 21 
0005 0014 7 1670922301290980 81.375 -63.0 4.6878452877785195 21 
0005 0013 7 1670922301295290 39.0 -63.0 2.0493983326152168 21 
0005 0008 7 1670922301298072 -3.25 -63.5 1.2333205534600555 21 
0005 0011 7 1670922301302787 169.25 -69.0 1.9880391010997909 21 
0005 0011 8 1670922301326241 -58.5625 -61.5 3.5833791205008576 21 
0005 0014 8 1670922301329179 0.0 -60.5 5.148039524144211 21 
0005 0010 8 1670922301330077 58.5625 -68.5 1.1596894756415448 21 
0005 0005 8 1670922301337096 -19.5 -61.5 4.608078286808466 21 
0005 0013 8 1670922301339410 32.5 -65.0 1.4173982480063325 21 
0005 0012 8 1670922301340375 -26.0 -57.0 5.013049214810275 21 
0005 0004 8 1670922301341349 10.5625 -61.5 1.1780972450961724 21 
0005 0009 8 1670922301342799 -273.375 -73.5 3.663146121470911 21 
0005 0007 8 1670922301343847 -35.75 -67.0 6.074563920027139 21 
0005 0015 8 1670922301346735 16.25 -63.5 2.509592568980909 21 
0005 0006 8 1670922301347881 -16.25 -67.5 4.473087977474529 21 
0005 0010 1 1670922301578197 87.875 -69.5 1.6014759425526093 21 
0005 0008 1 1670922301583295 13.0 -66.0 2.454369260617026 21 
0005 0012 1 1670922301585222 3.25 -66.5 3.9944859716542096 21 
0005 0007 1 1670922301590819 52.0625 -67.0 5.4671075280244255 21 
0005 0006 1 1670922301598751 -58.5625 -65.5 4.4362724385652745 21 
0005 0011 1 1670922301601328 16.25 -61.0 5.2768939103266055 21 
0005 0014 1 1670922301605023 42.3125 -67.0 5.64504929941916 21 
0005 0004 1 1670922301609460 22.75 -63.0 0.7117670855789375 21 
0005 0005 1 1670922301610477 16.25 -64.0 1.859184714917397 21 
0005 0015 1 1670922301612137 -13.0 -58.5 4.988505522204105 21 
0005 0013 1 1670922301614390 42.3125 -64.0 2.675262494072558 21 
0005 0009 1 1670922301622640 -211.5625 -75.5 0.8406214717613314 21 
0005 0015 2 1670922301661860 0.0 -59.5 4.595806440505381 21 
0005 0014 2 1670922301668074 19.5 -59.5 5.939573610693203 21 
0005 0005 2 1670922301669277 -58.5625 -63.0 5.516194913236766 21 
0005 0011 2 1670922301673673 -139.9375 -69.0 2.6875343403756435 21 
0005 0008 2 1670922301674621 58.5625 -64.5 1.5585244804918115 21 
0005 0012 2 1670922301682463 -84.625 -64.5 4.417864669110647 21 
0005 0013 2 1670922301702598 -133.4375 -70.5 2.1598449493429825 21 
0005 0014 3 1670922301758069 -16.25 -69.5 3.4606606574700063 21 
0005 0005 3 1670922301775043 91.125 -69.5 1.945087639038993 21 
0005 0007 3 1670922301781437 87.875 -69.0 1.012427320004523 21 
0005 0015 4 1670922301832032 -81.375 -68.0 3.9515345095934116 21 
0005 0011 4 1670922301846597 -6.5 -69.5 1.2087768608538851 21 
0005 0013 4 1670922301848559 123.6875 -66.0 0.48473792897186263 21 
0005 0006 4 1670922301853245 9.75 -69.5 2.073942025221387 21 
0005 0006 5 1670922301903500 -6.5 -64.0 5.246214294568893 21 
0005 0012 5 1670922301912079 100.875 -69.5 0.04295146206079795 21 
0005 0014 5 1670922301920373 -52.0625 -67.5 2.386874105950058 21 
0005 0010 6 1670922301977630 -104.125 -71.0 3.5956509668039427 21 
0005 0004 6 1670922301988183 34.9375 -63.5 6.1850105367549055 21 
0005 0014 6 1670922301991195 9.75 -65.0 5.8475347634200645 21 
0005 0012 6 1670922301996360 -55.3125 -71.0 2.5464081078901644 21 
0005 0006 6 1670922301998483 52.0625 -70.0 4.700117134081604 21 
0005 0008 7 1670922302046161 -29.25 -66.0 0.4356505437595221 21 
0005 0004 7 1670922302049222 13.0 -50.5 1.2701360923693108 21 
0005 0014 7 1670922302052637 32.5 -62.5 4.405592822807561 21 
0005 0013 7 1670922302053603 45.5625 -65.0 0.8774370106705868 21 
0005 0015 7 1670922302054525 19.5 -58.5 0.6258641614573416 21 
0005 0012 7 1670922302055503 -6.5 -58.0 4.154019973594316 21 
0005 0006 7 1670922302056464 -6.5 -62.0 5.45483568172134 21 
0005 0007 7 1670922302058338 32.5 -68.5 2.890019804376548 21 
0005 0011 7 1670922302059770 39.0 -64.0 6.043884304269426 21 
0005 0010 7 1670922302061205 -26.0 -59.0 5.270757987175063 21 
0005 0010 8 1670922302086889 6.5 -65.0 5.534602682691394 21 
0005 0015 8 1670922302090438 22.75 -64.0 2.1905245651006955 21 
0005 0011 8 1670922302091600 19.5 -62.5 1.5892040962495242 21 
0005 0004 8 1670922302095137 41.5 -63.5 6.135923151542564 21 
0005 0013 8 1670922302097020 -3.25 -65.5 0.4356505437595221 21 
0005 0012 8 1670922302099899 -19.5 -56.0 4.0987966652304335 21 
0005 0005 8 1670922302101300 -30.875 -61.0 3.2643111166206444 21 
0005 0014 8 1670922302103185 -48.8125 -62.5 5.135767677841127 21 
0005 0007 8 1670922302104420 -71.5625 -72.5 2.2580197197676637 21 
0005 0001 8 1670922302106913 284.8125 -71.0 6.025476534814799 21 
0005 0009 8 1670922302112457 42.3125 -74.5 1.7426021750380885 21 
0005 0012 1 1670922302326861 -6.5 -68.0 1.533980787885641 21 
0005 0013 1 1670922302335207 61.8125 -68.0 0.7669903939428205 21 
0005 0005 1 1670922302337128 21.125 -60.0 2.6568547246179306 21 
0005 0009 1 1670922302338518 55.3125 -64.0 1.932815792735908 21 
0005 0011 1 1670922302342845 -146.4375 -63.0 5.663457068873787 21 
0005 0014 1 1670922302343792 6.5 -63.0 5.264622064023521 21 
0005 0007 1 1670922302352386 48.8125 -73.5 2.9943304979527716 21 
0005 0004 1 1670922302353802 -27.625 -62.5 4.522175362686871 21 
0005 0000 1 1670922302356107 35.75 -65.5 0.6013204688511713 21 
0005 0015 1 1670922302359735 -16.25 -59.5 4.2031073588066565 21 
0005 0015 2 1670922302396272 -52.0625 -61.0 3.693825737228624 21 
0005 0004 2 1670922302397189 -34.9375 -63.5 0.6994952392758523 21 
0005 0008 2 1670922302398363 16.25 -64.5 0.11044661672776616 21 
0005 0010 2 1670922302399557 -42.3125 -66.0 5.013049214810275 21 
0005 0005 2 1670922302402480 -41.5 -67.5 1.086058397823034 21 
0005 0014 2 1670922302406580 29.25 -60.5 4.608078286808466 21 
0005 0000 2 1670922302409641 16.25 -58.0 0.859029241215959 21 
0005 0011 2 1670922302414897 -87.875 -67.5 2.2641556429192065 21 
0005 0012 2 1670922302419866 97.625 -64.5 1.5155730184310134 21 
0005 0007 2 1670922302429222 78.0625 -68.5 4.1601558967458585 21 
0005 0001 3 1670922302496282 94.375 -70.0 5.6143696836614465 21 
0005 0004 3 1670922302512066 24.375 -69.0 4.816699673960914 21 
0005 0005 4 1670922302589277 170.0625 -70.5 2.055534255766759 21 
0005 0015 4 1670922302592580 -22.75 -65.5 4.71238898038469 21 
0005 0007 4 1670922302622169 -26.0 -74.0 1.6444274046134073 21 
0005 0006 5 1670922302650618 22.75 -58.5 0.7179030087304801 21 
0005 0010 5 1670922302663417 -3.25 -63.5 2.030990563160589 21 
0005 0006 6 1670922302706674 -29.25 -65.5 1.4480778637640452 21 
0005 0014 6 1670922302710999 -52.0625 -68.0 6.025476534814799 21 
0005 0010 6 1670922302722514 39.0 -69.5 5.553010452146021 21 
0005 0004 7 1670922302767199 27.625 -63.5 1.012427320004523 21 
0005 0008 7 1670922302768191 94.375 -64.5 5.166447293598839 21 
0005 0006 7 1670922302772795 -39.0 -57.0 4.957825906446392 21 
0005 0015 7 1670922302780062 39.0 -56.5 1.2455923997631406 21 
0005 0005 7 1670922302782312 104.125 -68.5 4.221515128261284 21 
0005 0014 7 1670922302784182 -133.4375 -64.0 4.933282213840222 21 
0005 0014 8 1670922302820523 -16.25 -59.0 4.681709364626977 21 
0005 0004 8 1670922302827811 -111.4375 -67.0 5.835262917116979 21 
0005 0008 8 1670922302828774 35.75 -62.0 3.2459033471660166 21 
0005 0000 8 1670922302830440 6.5 -59.0 4.080388895775806 21 
0005 0015 1 1670922303058562 104.125 -62.5 4.595806440505381 21 
0005 0014 1 1670922303062602 -16.25 -63.0 5.473243451175968 21 
0005 0005 1 1670922303064336 -17.0625 -57.0 0.34974761963792617 21 
0005 0000 1 1670922303086685 -81.375 -67.5 3.3870295796514958 21 
0005 0015 2 1670922303117509 32.5 -62.0 1.7303303287350031 21 
0005 0005 2 1670922303119265 35.75 -64.0 3.56497135104623 21 
0005 0014 2 1670922303123060 -61.8125 -59.0 2.141437179888355 21 
0005 0004 2 1670922303127157 -16.25 -68.0 1.5892040962495242 21 
0005 0005 3 1670922303181006 -149.6875 -69.0 3.792000507653305 21 
0005 0014 3 1670922303184842 16.25 -69.0 1.4971652489763858 21 
0005 0014 5 1670922303327710 22.75 -68.0 2.435961491162398 21 
0005 0006 5 1670922303329660 -9.75 -59.5 3.6324665057131984 21 
0005 0004 5 1670922303340811 -87.875 -68.0 0.8467573949128739 21 
0005 0012 5 1670922303343174 -3.25 -69.5 5.154175447295755 21 
0005 0010 5 1670922303349560 29.25 -71.5 2.2641556429192065 21 
0005 0011 5 1670922303358742 -146.4375 -72.5 5.896622148632405 21 
0005 0006 6 1670922303391576 32.5 -55.0 1.1596894756415448 21 
0005 0004 6 1670922303398006 10.5625 -54.0 4.28287435977671 21 
0005 0000 6 1670922303399153 74.8125 -68.5 1.6444274046134073 21 
0005 0014 6 1670922303402893 29.25 -68.0 1.6505633277649499 21 
0005 0013 6 1670922303404427 -91.125 -74.5 4.8351074434155406 21 
0005 0014 7 1670922303436919 -35.75 -58.0 2.521864415283994 21 
0005 0005 7 1670922303437850 -9.75 -69.5 2.8409324191642074 21 
0005 0008 7 1670922303441445 -16.25 -53.5 1.5707963267948966 21 
0005 0006 7 1670922303443159 -19.5 -60.5 0.23930100291016002 21 
0005 0010 7 1670922303447896 9.75 -63.5 4.779884135051658 21 
0005 0011 7 1670922303449859 58.5625 -66.0 4.798291904506286 21 
0005 0015 7 1670922303451662 -9.75 -64.5 4.04357335686655 21 
0005 0000 7 1670922303454863 -205.0625 -69.0 1.3499030933393643 21 
0005 0009 7 1670922303460973 -55.3125 -67.5 5.835262917116979 21 
0005 0004 7 1670922303465132 -125.3125 -69.0 0.23930100291016002 21 
0005 0007 7 1670922303473840 3.25 -69.0 1.6996507129772904 21 
0005 0013 7 1670922303475452 -263.625 -70.0 4.626486056263094 21 
0005 0005 8 1670922303507887 -73.1875 -68.5 2.9022916506796332 21 
0005 0004 8 1670922303508865 65.875 -68.0 2.84706834231575 21 
0005 0007 8 1670922303514254 42.3125 -71.0 1.2762720155208536 21 
0005 0008 8 1670922303517606 -32.5 -61.5 3.749049045592507 21 
0005 0010 8 1670922303525911 -13.0 -63.5 3.6140587362585705 21 
0005 0011 8 1670922303530089 -13.0 -68.5 1.000155473701438 21 
0005 0014 8 1670922303536004 -6.5 -65.0 4.970097752749477 21 
0005 0011 1 1670922303756471 48.8125 -65.5 2.5280003384355365 21 
0005 0014 1 1670922303761994 -16.25 -63.5 4.663301595172349 21 
0005 0008 1 1670922303763908 35.75 -63.0 1.6260196351587797 21 
0005 0012 1 1670922303773814 -32.5 -61.5 4.804427827657828 21 
0005 0015 1 1670922303774794 -97.625 -63.0 4.442408361716817 21 
0005 0005 1 1670922303795442 48.8125 -73.0 2.227340104009951 21 
0005 0013 1 1670922303797506 22.75 -70.5 0.6994952392758523 21 
0005 0015 2 1670922303860920 -42.3125 -67.5 0.09817477042468103 21 
0005 0011 3 1670922303929188 -19.5 -62.5 1.8837284075235674 21 
0005 0012 3 1670922303937943 71.5625 -71.0 0.20248546400090464 21 
0005 0005 3 1670922303964475 69.125 -70.0 3.2643111166206444 21 
0005 0011 4 1670922304026591 19.5 -69.5 5.160311370447297 21 
0005 0007 4 1670922304031377 126.9375 -71.5 6.031612457966341 21 
0005 0004 4 1670922304043085 -52.0625 -69.5 5.976389149602458 21 
0005 0004 5 1670922304097836 -13.8125 -53.0 3.6447383520162835 21 
0005 0014 5 1670922304099907 104.125 -67.0 5.957981380147831 21 
0005 0005 5 1670922304101730 -30.875 -53.5 5.878214379177777 21 
0005 0006 5 1670922304103749 -6.5 -60.0 1.7241944055834606 21 
0005 0010 5 1670922304110111 -13.0 -59.0 0.7669903939428205 21 
0005 0013 5 1670922304112959 65.0625 -63.5 5.798447378207723 21 
0005 0009 5 1670922304118230 29.25 -61.5 4.595806440505381 21 
0005 0012 5 1670922304119646 -16.25 -61.5 3.4054373491061236 21 
0005 0001 5 1670922304121574 -120.4375 -68.0 4.816699673960914 21 
0005 0011 5 1670922304122506 9.75 -68.0 3.074097498922825 21 
0005 0010 6 1670922304167798 19.5 -58.0 0.5276893910326605 21 
0005 0008 6 1670922304169819 9.75 -67.5 0.3374757733348411 21 
0005 0006 6 1670922304175826 -26.0 -57.5 5.583690067903734 21 
0005 0009 6 1670922304177103 -71.5625 -71.5 3.0066023442558567 21 
0005 0004 6 1670922304178047 -7.3125 -49.5 2.3439226438892597 21 
0005 0005 6 1670922304178982 13.8125 -59.0 2.742757648739526 21 
0005 0011 6 1670922304183419 68.3125 -67.0 1.3499030933393643 21 
0005 0013 6 1670922304192355 -29.25 -63.5 5.393476450205914 21 
0005 0010 7 1670922304227507 -156.1875 -69.0 4.73693267299086 21 
0005 0004 7 1670922304232557 173.3125 -70.5 5.970253226450915 21 
0005 0012 7 1670922304234989 6.5 -59.5 3.393165502803038 21 
0005 0013 7 1670922304237329 9.75 -67.5 0.803805932852076 21 
0005 0015 7 1670922304241741 -52.0625 -66.5 1.736466251886546 21 
0005 0011 7 1670922304244417 -84.625 -66.5 2.8286605728611223 21 
0005 0014 7 1670922304245562 -9.75 -59.0 2.337786720737717 21 
0005 0007 7 1670922304246785 -143.1875 -68.5 3.147728576741336 21 
0005 0001 7 1670922304266792 120.4375 -71.5 2.448233337465483 21 
0005 0014 8 1670922304306889 -29.25 -66.0 0.018407769454627694 21 
0005 0010 8 1670922304310145 -9.75 -67.5 3.454524734318464 21 
0005 0015 8 1670922304313082 -6.5 -66.0 2.405281875404685 21 
0005 0012 8 1670922304314032 -16.25 -60.5 1.6321555583103222 21 
0005 0011 8 1670922304316479 6.5 -64.0 5.988660995905543 21 
0005 0005 8 1670922304320290 24.375 -69.5 1.8530487917658545 21 
0005 0013 8 1670922304322926 -19.5 -61.0 0.11658253987930872 21 
0005 0004 8 1670922304338849 -225.375 -71.0 4.147884050442774 21 
0005 0013 1 1670922304579954 6.5 -60.0 3.7981364308048478 21 
0005 0006 1 1670922304581870 -29.25 -70.5 0.9694758579437253 21 
0005 0010 1 1670922304584551 91.125 -72.0 0.7424467013366504 21 
0005 0011 1 1670922304587401 6.5 -67.5 2.086213871524472 21 
0005 0012 1 1670922304588341 -13.0 -59.5 5.013049214810275 21 
0005 0015 1 1670922304602452 -48.8125 -67.5 4.798291904506286 21 
0005 0014 1 1670922304605869 -84.625 -65.5 4.2031073588066565 21 
0005 0013 2 1670922304661900 84.625 -65.5 0.8283496254582462 21 
0005 0015 2 1670922304666826 -65.0625 -69.5 0.46019423636569234 21 
0005 0012 2 1670922304670368 -16.25 -60.5 1.3069516312785663 21 
0005 0011 2 1670922304678463 279.9375 -71.5 1.3192234775816514 21 
0005 0012 3 1670922304748227 -71.5625 -67.5 0.4049709280018093 21 
0005 0005 3 1670922304749658 -55.3125 -65.0 6.068427996875596 21 
0005 0011 3 1670922304751374 -65.0625 -63.0 2.116893487282185 21 
0005 0014 3 1670922304779379 -113.875 -70.5 4.252194744018997 21 
0005 0013 3 1670922304789433 26.0 -70.0 4.988505522204105 21 
0005 0011 4 1670922304851839 -91.125 -69.5 4.7860200582032 21 
0005 0007 4 1670922304858638 26.0 -68.5 1.9880391010997909 21 
0005 0010 4 1670922304868260 -231.0625 -73.0 3.933126740138784 21 
0005 0001 4 1670922304870804 -48.8125 -69.0 5.332117218690489 21 
0005 0005 5 1670922304912952 0.0 -55.0 6.080699843178682 21 
0005 0010 5 1670922304914402 -13.0 -59.5 0.7792622402459057 21 
0005 0004 5 1670922304916804 3.25 -54.5 3.6140587362585705 21 
0005 0013 5 1670922304918649 -71.5625 -63.0 5.890486225480862 21 
0005 0014 5 1670922304919567 -3.25 -68.5 5.368932757599744 21 
0005 0006 5 1670922304921945 -26.0 -60.0 1.8100973297050567 21 
0005 0001 5 1670922304925733 -6.5 -63.5 5.982525072754001 21 
0005 0012 5 1670922304926941 97.625 -63.0 2.705942109830271 21 
0005 0009 5 1670922304932433 16.25 -68.0 3.6079228131070282 21 
0005 0002 5 1670922304953708 -22.75 -71.5 0.1718058482431918 21 
0005 0013 6 1670922304988792 -32.5 -62.5 5.221670601962723 21 
0005 0006 6 1670922304993201 -16.25 -58.0 5.43029198911517 21 
0005 0004 6 1670922304997791 -21.125 -49.5 2.36846633649543 21 
0005 0005 6 1670922305000993 22.75 -59.5 2.5832236467994196 21 
0005 0010 6 1670922305006521 -16.25 -60.0 0.47860200582032003 21 
0005 0011 6 1670922305008570 0.0 -65.5 1.5953400194010667 21 
0005 0008 6 1670922305011990 211.5625 -74.5 5.620505606812989 21 
0005 0000 6 1670922305025802 156.1875 -76.0 5.289165756629691 21 
