0000 0004 1 1670920667221414 3.25 -67.0 6.043884304269426 3 
0000 0005 2 1670920667266534 -188.75 -68.5 6.264777537724958 3 
0000 0004 2 1670920667271252 -74.8125 -61.5 3.423845118560751 3 
0000 0014 2 1670920667291337 208.3125 -68.5 0.6933593161243098 3 
0000 0004 3 1670920667329816 -61.8125 -67.5 0.5522330836388308 3 
0000 0014 4 1670920667368314 22.75 -70.0 0.1902136176978195 3 
0000 0007 5 1670920667418713 42.3125 -63.5 0.4295146206079795 3 
0000 0011 5 1670920667419669 123.6875 -67.5 0.5706408530934585 3 
0000 0011 6 1670920667471289 -45.5625 -71.0 5.166447293598839 3 
0000 0005 6 1670920667479933 3.25 -61.5 0.47860200582032003 3 
0000 0008 6 1670920667481153 -3.25 -56.0 2.184388641949153 3 
0000 0007 6 1670920667483981 16.25 -56.0 0.23930100291016002 3 
0000 0008 7 1670920667526478 -123.6875 -66.5 5.197126909356553 3 
0000 0014 7 1670920667528122 -78.0625 -66.5 2.1353012567368124 3 
0000 0006 7 1670920667530380 -74.8125 -68.0 4.387185053352934 3 
0000 0005 7 1670920667536898 84.625 -65.5 1.8960002538266525 3 
0000 0004 7 1670920667540298 84.625 -66.5 6.178874613603362 3 
0000 0014 8 1670920667580663 -26.0 -68.0 1.4358060174609601 3 
0000 0004 8 1670920667582583 0.0 -59.0 4.583534594202296 3 
0000 0008 8 1670920667588114 -16.25 -64.0 2.061670178918302 3 
0000 0006 8 1670920667592348 -13.0 -63.5 3.2827188860752723 3 
0000 0004 1 1670920667830093 -65.0625 -67.0 6.050020227420969 3 
0000 0004 2 1670920667879099 61.8125 -61.5 3.1231848841351653 3 
0000 0005 2 1670920667897665 74.8125 -68.5 6.025476534814799 3 
0000 0004 3 1670920667940129 -179.0 -69.5 0.5460971604872883 3 
0000 0004 4 1670920667983615 218.0625 -73.0 6.2463697682703305 3 
0000 0014 4 1670920667987590 -3.25 -70.5 0.15339807878856412 3 
0000 0007 5 1670920668024542 71.5625 -62.5 0.3620194659410113 3 
0000 0011 5 1670920668036367 -35.75 -68.0 0.662679700366597 3 
0000 0005 6 1670920668086177 -16.25 -62.0 0.48473792897186263 3 
0000 0008 6 1670920668095390 16.25 -56.0 2.2150682577068657 3 
0000 0007 6 1670920668096606 3.25 -57.0 0.1349903093339364 3 
0000 0011 6 1670920668099627 81.375 -72.0 4.693981210930062 3 
0000 0014 7 1670920668150431 32.5 -66.0 1.932815792735908 3 
0000 0004 7 1670920668151351 -19.5 -66.0 0.07976700097005335 3 
0000 0006 7 1670920668152272 0.0 -67.5 4.620350133111551 3 
0000 0008 7 1670920668165809 -65.0625 -67.5 4.853515212870168 3 
0000 0005 7 1670920668170294 -39.0 -66.0 2.0371264863121317 3 
0000 0004 8 1670920668210998 -9.75 -59.0 4.608078286808466 3 
0000 0006 8 1670920668218619 3.25 -63.0 3.454524734318464 3 
0000 0014 8 1670920668225070 52.0625 -68.5 1.325359400733194 3 
0000 0008 8 1670920668227440 26.0 -65.5 2.0923497946760143 3 
0000 0004 1 1670920668455948 71.5625 -66.5 6.037748381117884 3 
0000 0005 2 1670920668505630 9.75 -68.0 6.068427996875596 3 
0000 0004 2 1670920668512931 -9.75 -60.5 3.454524734318464 3 
0000 0014 2 1670920668519777 39.0 -70.0 0.7792622402459057 3 
0000 0004 3 1670920668552197 -91.125 -68.0 0.7301748550335652 3 
0000 0014 4 1670920668602306 6.5 -70.0 0.16566992509164924 3 
0000 0004 4 1670920668613347 29.25 -71.5 0.2638446955163303 3 
0000 0011 5 1670920668657230 104.125 -68.5 0.42337869745643697 3 
0000 0007 5 1670920668658699 -9.75 -62.0 0.4540583132141498 3 
0000 0008 6 1670920668724276 9.75 -56.0 2.227340104009951 3 
0000 0011 6 1670920668728118 -55.3125 -72.0 4.749204519293945 3 
0000 0007 6 1670920668729560 -19.5 -56.5 0.1349903093339364 3 
0000 0005 6 1670920668733611 16.25 -61.5 0.35588354278946877 3 
0000 0004 7 1670920668783759 78.0625 -65.5 6.252505691421874 3 
0000 0006 7 1670920668784867 -6.5 -67.5 4.4362724385652745 3 
0000 0005 7 1670920668786329 -104.125 -66.0 2.073942025221387 3 
0000 0014 7 1670920668788353 -26.0 -67.0 2.0800779483729293 3 
0000 0008 7 1670920668789588 91.125 -66.0 4.963961829597935 3 
0000 0014 8 1670920668819458 68.3125 -68.5 1.4358060174609601 3 
0000 0004 8 1670920668825592 -6.5 -58.5 4.620350133111551 3 
0000 0008 8 1670920668826826 -13.0 -65.5 2.1782527187976104 3 
0000 0006 8 1670920668829658 -9.75 -63.5 3.423845118560751 3 
0000 0004 1 1670920669071070 -74.8125 -67.5 6.2463697682703305 3 
0000 0005 2 1670920669121077 -26.0 -68.5 6.062292073724054 3 
0000 0004 2 1670920669122010 -6.5 -61.0 3.3379421944391554 3 
0000 0004 3 1670920669171003 -120.4375 -68.0 0.705631162427395 3 
0000 0008 4 1670920669211158 0.0 -68.5 4.2031073588066565 3 
0000 0014 4 1670920669224769 19.5 -70.5 0.16566992509164924 3 
0000 0007 5 1670920669259028 32.5 -63.0 0.3436116964863836 3 
0000 0001 5 1670920669276382 -192.0 -70.5 5.460971604872882 3 
0000 0011 5 1670920669283093 -45.5625 -68.0 0.607456392002714 3 
0000 0011 6 1670920669326654 -48.8125 -71.5 4.921010367537137 3 
0000 0007 6 1670920669327857 -19.5 -57.0 0.1043106935762236 3 
0000 0008 6 1670920669328821 -9.75 -55.5 2.1475731030398975 3 
0000 0005 6 1670920669348124 -9.75 -61.5 0.46019423636569234 3 
0000 0005 7 1670920669380127 -45.5625 -66.0 1.945087639038993 3 
0000 0014 7 1670920669386850 -29.25 -67.0 2.172116795646068 3 
0000 0006 7 1670920669393720 -169.25 -67.0 4.816699673960914 3 
0000 0008 7 1670920669398236 -139.9375 -66.5 5.3198453723874035 3 
0000 0004 7 1670920669399298 22.75 -66.5 0.0 3 
0000 0015 7 1670920669413671 -182.25 -71.0 2.466641106920111 3 
0000 0006 8 1670920669438493 9.75 -63.5 3.3870295796514958 3 
0000 0004 8 1670920669440859 -13.0 -59.5 4.71238898038469 3 
0000 0008 8 1670920669447837 13.0 -64.5 2.055534255766759 3 
0000 0014 8 1670920669455009 3.25 -68.0 1.41126232485479 3 
0000 0004 1 1670920669694001 0.0 -67.5 6.14819499784565 3 
0000 0005 2 1670920669727440 -58.5625 -66.5 5.583690067903734 3 
0000 0004 2 1670920669739825 -39.0 -62.0 3.2581751934691017 3 
0000 0001 3 1670920669793754 16.25 -66.5 4.178563666200486 3 
0000 0004 3 1670920669813065 16.25 -67.5 0.7424467013366504 3 
0000 0008 4 1670920669857423 -9.75 -67.0 4.264466590322082 3 
0000 0005 4 1670920669858354 0.0 -70.5 6.062292073724054 3 
0000 0004 4 1670920669864044 -19.5 -68.5 0.5092816215780329 3 
0000 0001 4 1670920669867316 91.125 -65.5 0.3374757733348411 3 
0000 0014 4 1670920669875084 -188.75 -69.0 6.068427996875596 3 
0000 0007 4 1670920669882048 78.0625 -73.5 5.915029918087033 3 
0000 0011 5 1670920669924234 -16.25 -59.5 4.154019973594316 3 
0000 0007 5 1670920669926131 -94.375 -68.0 0.46019423636569234 3 
0000 0005 6 1670920669962928 9.75 -64.5 0.3620194659410113 3 
0000 0007 6 1670920669965590 22.75 -57.5 2.6261751088602177 3 
0000 0015 6 1670920669974556 -6.5 -67.0 4.792155981354743 3 
0000 0011 6 1670920669976264 -26.0 -60.5 3.32567034813607 3 
0000 0004 6 1670920669980885 48.8125 -65.5 2.172116795646068 3 
0000 0014 6 1670920669984041 -58.5625 -72.0 2.6200391857086753 3 
0000 0006 7 1670920670013737 29.25 -64.5 3.0925052683774528 3 
0000 0005 7 1670920670016577 13.0 -66.0 3.5465635815916023 3 
0000 0014 7 1670920670021375 104.125 -63.0 1.5953400194010667 3 
0000 0004 7 1670920670023850 -39.0 -62.5 4.9823695990525625 3 
0000 0015 8 1670920670067971 94.375 -71.0 3.497476196379262 3 
0000 0004 8 1670920670071444 3.25 -59.5 2.84706834231575 3 
0000 0006 8 1670920670077808 13.0 -67.0 2.2580197197676637 3 
0000 0014 1 1670920670298015 -149.6875 -69.0 5.5714182216006485 3 
0000 0008 1 1670920670312230 16.25 -56.0 4.675573441475434 3 
0000 0012 2 1670920670351144 48.8125 -68.5 1.227184630308513 3 
0000 0008 2 1670920670371723 -58.5625 -64.5 1.227184630308513 3 
0000 0014 2 1670920670377693 55.3125 -68.0 1.6873788666742053 3 
0000 0007 3 1670920670417404 110.625 -68.5 0.5522330836388308 3 
0000 0008 3 1670920670423908 0.0 -68.0 1.521708941582556 3 
0000 0009 3 1670920670427617 -45.5625 -68.5 4.693981210930062 3 
0000 0004 3 1670920670435818 52.0625 -69.5 4.522175362686871 3 
0000 0001 3 1670920670439468 -9.75 -69.5 0.5154175447295755 3 
0000 0012 4 1670920670478491 94.375 -68.5 0.9940195505498954 3 
0000 0008 4 1670920670488195 -29.25 -64.0 4.276738436625168 3 
0000 0009 4 1670920670490073 -7.3125 -67.0 0.030679615757712823 3 
0000 0013 4 1670920670495614 6.5 -64.5 2.12916533358527 3 
0000 0015 4 1670920670496563 -3.25 -65.5 1.1596894756415448 3 
0000 0007 4 1670920670498531 68.3125 -62.5 1.2578642460662257 3 
0000 0005 4 1670920670499448 -9.75 -60.5 2.60776733940559 3 
0000 0014 5 1670920670533141 185.5 -67.5 2.509592568980909 3 
0000 0008 5 1670920670536641 -45.5625 -64.0 0.5338253141842031 3 
0000 0013 5 1670920670539925 -65.0625 -69.0 5.553010452146021 3 
0000 0011 5 1670920670541121 74.8125 -65.5 0.018407769454627694 3 
0000 0009 5 1670920670556013 45.5625 -67.0 3.0802334220743677 3 
0000 0015 5 1670920670561834 6.5 -69.5 0.6994952392758523 3 
0000 0005 6 1670920670599328 26.0 -60.5 1.2517283229146832 3 
0000 0014 6 1670920670600304 3.25 -62.5 0.4172427743048944 3 
0000 0007 6 1670920670601254 -29.25 -66.5 3.2888548092268146 3 
0000 0015 6 1670920670608641 3.25 -55.5 1.564660403643354 3 
0000 0009 6 1670920670611075 7.3125 -66.0 2.1598449493429825 3 
0000 0008 6 1670920670611996 -22.75 -60.0 4.773748211900116 3 
0000 0008 7 1670920670657852 -68.3125 -64.0 1.1044661672776617 3 
0000 0014 7 1670920670659070 78.0625 -63.5 1.2885438618239387 3 
0000 0004 7 1670920670669071 -19.5 -65.0 0.47860200582032003 3 
0000 0006 7 1670920670678839 48.8125 -60.0 2.564815877344792 3 
0000 0013 7 1670920670681703 26.0 -62.5 1.9757672547967058 3 
0000 0005 7 1670920670683570 205.0625 -71.0 1.1228739367322893 3 
0000 0012 7 1670920670689531 58.5625 -63.0 4.387185053352934 3 
0000 0013 8 1670920670725948 22.75 -67.0 5.086680292628786 3 
0000 0014 8 1670920670733729 32.5 -61.5 0.3436116964863836 3 
0000 0008 8 1670920670738018 3.25 -67.5 3.2336315008629315 3 
0000 0012 8 1670920670740726 6.5 -59.0 4.417864669110647 3 
0000 0004 8 1670920670756834 -42.3125 -62.5 5.019185137961818 3 
0000 0005 1 1670920670978136 6.5 -68.0 4.221515128261284 3 
0000 0012 1 1670920670981111 97.625 -66.5 2.521864415283994 3 
0000 0009 1 1670920670982029 -27.625 -62.5 1.7794177139473437 3 
0000 0013 1 1670920670993659 -100.875 -70.5 0.5583690067903734 3 
0000 0010 1 1670920671019940 -26.0 -68.0 4.7860200582032 3 
0000 0009 2 1670920671064119 48.8125 -68.5 4.896466674930966 3 
0000 0014 2 1670920671065602 -19.5 -67.5 1.0676506283684062 3 
0000 0007 2 1670920671077278 149.6875 -71.5 5.387340527054372 3 
0000 0012 2 1670920671094571 71.5625 -70.0 4.037437433715008 3 
0000 0015 3 1670920671137408 16.25 -70.0 1.0983302441261191 3 
0000 0001 3 1670920671144395 -42.3125 -67.0 0.3436116964863836 3 
0000 0013 3 1670920671145314 71.5625 -67.0 2.945243112740431 3 
0000 0011 3 1670920671161810 13.0 -66.5 1.337631247036279 3 
0000 0015 4 1670920671208695 71.5625 -65.0 0.25770877236478773 3 
0000 0005 4 1670920671210685 -29.25 -56.5 4.7860200582032 3 
0000 0007 4 1670920671214760 42.3125 -69.0 4.994641445355648 3 
0000 0006 4 1670920671231828 61.8125 -67.5 1.3130875544301088 3 
0000 0013 4 1670920671234718 -3.25 -64.0 0.7853981633974483 3 
0000 0010 4 1670920671238992 -22.75 -68.0 5.5714182216006485 3 
0000 0008 4 1670920671239942 -16.25 -70.0 1.8837284075235674 3 
0000 0010 5 1670920671276720 9.75 -68.5 0.9940195505498954 3 
0000 0013 5 1670920671282745 -110.625 -66.0 6.031612457966341 3 
0000 0005 5 1670920671287248 -16.25 -57.0 1.5953400194010667 3 
0000 0008 5 1670920671290074 -35.75 -70.0 0.9265243958829272 3 
0000 0007 5 1670920671296929 -13.0 -64.0 4.4362724385652745 3 
0000 0014 5 1670920671298645 198.5625 -66.5 2.184388641949153 3 
0000 0009 5 1670920671313729 -52.0625 -70.0 3.730641276137879 3 
0000 0008 6 1670920671347220 6.5 -58.5 0.2086213871524472 3 
0000 0011 6 1670920671352675 29.25 -65.0 3.172272269347506 3 
0000 0015 6 1670920671364663 3.25 -56.0 1.6505633277649499 3 
0000 0012 6 1670920671369378 16.25 -71.5 6.074563920027139 3 
0000 0005 6 1670920671373127 -35.75 -57.5 3.9699422790480394 3 
0000 0014 6 1670920671374062 42.3125 -66.5 0.3190680038802134 3 
0000 0009 6 1670920671375998 -10.5625 -66.5 2.859340188618835 3 
0000 0007 6 1670920671376947 16.25 -60.5 0.018407769454627694 3 
0000 0010 7 1670920671406265 -16.25 -64.5 1.9573594853420782 3 
0000 0014 7 1670920671408667 0.0 -61.5 1.0062913968529805 3 
0000 0006 7 1670920671409624 -13.0 -60.5 2.779573187648782 3 
0000 0008 7 1670920671412859 110.625 -65.5 0.7976700097005334 3 
0000 0004 7 1670920671421286 48.8125 -68.5 1.662835174068035 3 
0000 0012 7 1670920671434330 9.75 -60.0 3.6999616603801666 3 
0000 0013 7 1670920671435549 130.1875 -60.5 1.7548740213411735 3 
0000 0012 8 1670920671494745 -3.25 -59.0 4.184699589352029 3 
0000 0013 8 1670920671505820 -29.25 -67.5 5.154175447295755 3 
0000 0014 8 1670920671507010 42.3125 -62.5 0.3313398501832985 3 
0000 0004 8 1670920671514758 -29.25 -63.5 5.0682725231741586 3 
0000 0013 1 1670920671738091 97.625 -70.0 5.970253226450915 3 
0000 0012 1 1670920671741155 55.3125 -66.5 2.4175537217077703 3 
0000 0010 1 1670920671760400 -9.75 -66.0 4.04357335686655 3 
0000 0009 1 1670920671769694 76.4375 -65.0 0.5829126993965437 3 
0000 0005 1 1670920671777761 -13.0 -68.5 3.9944859716542096 3 
0000 0009 2 1670920671816790 -107.375 -68.5 4.657165672020807 3 
0000 0007 2 1670920671833880 94.375 -69.5 5.086680292628786 3 
0000 0012 2 1670920671834843 -39.0 -71.0 3.773592738198677 3 
0000 0004 2 1670920671836060 -6.5 -70.5 4.743068596142402 3 
0000 0014 2 1670920671837511 -104.125 -67.0 0.9510680884890975 3 
0000 0013 3 1670920671890823 -94.375 -67.0 2.9329712664373457 3 
0000 0001 3 1670920671897006 84.625 -68.0 5.559146375297564 3 
0000 0012 3 1670920671909974 -19.5 -71.5 6.178874613603362 3 
0000 0005 4 1670920671945960 0.0 -56.5 4.454680208019902 3 
0000 0013 4 1670920671948854 -16.25 -65.0 0.1595340019401067 3 
0000 0006 4 1670920671954157 3.25 -66.0 1.1351457830353744 3 
0000 0007 4 1670920671955111 -52.0625 -70.0 4.95168998329485 3 
0000 0015 4 1670920671962957 3.25 -63.5 0.30066023442558565 3 
0000 0010 4 1670920671968416 9.75 -68.5 4.773748211900116 3 
0000 0008 4 1670920671971816 26.0 -70.0 1.3069516312785663 3 
0000 0014 5 1670920672028905 45.5625 -66.0 2.1905245651006955 3 
0000 0013 5 1670920672029840 247.375 -67.0 5.945709533844745 3 
0000 0010 5 1670920672031079 3.25 -68.5 0.3865631585471816 3 
0000 0008 5 1670920672035450 -16.25 -69.0 1.2333205534600555 3 
0000 0005 5 1670920672037616 -19.5 -57.5 1.6689710972195777 3 
0000 0007 5 1670920672039786 -52.0625 -64.0 4.184699589352029 3 
0000 0005 6 1670920672095902 9.75 -57.5 4.301282129231338 3 
0000 0007 6 1670920672102992 -6.5 -62.0 6.2463697682703305 3 
0000 0014 6 1670920672104608 22.75 -66.0 0.2945243112740431 3 
0000 0015 6 1670920672106052 6.5 -55.5 1.7241944055834606 3 
0000 0011 6 1670920672108693 -45.5625 -68.0 3.5956509668039427 3 
0000 0008 6 1670920672117976 -19.5 -59.5 6.056156150572511 3 
0000 0009 6 1670920672120102 -65.875 -67.5 2.804116880254952 3 
0000 0013 7 1670920672159669 -29.25 -60.5 2.1046216409791 3 
0000 0010 7 1670920672162579 55.3125 -64.0 1.7548740213411735 3 
0000 0012 7 1670920672163542 42.3125 -61.5 3.767456815047135 3 
0000 0006 7 1670920672164764 -32.5 -61.5 2.9513790358919736 3 
0000 0014 7 1670920672166933 117.125 -62.0 0.9387962421860124 3 
0000 0004 7 1670920672168363 42.3125 -66.0 1.8775924843720249 3 
0000 0008 7 1670920672181763 -35.75 -65.0 0.37429131224409645 3 
