0005 0011 1 1670922406422903 -3.25 -57.5 1.8837284075235674 21 
0005 0004 1 1670922406425564 -13.8125 -63.5 4.074252972624263 21 
0005 0008 1 1670922406427997 0.0 -70.0 0.5583690067903734 21 
0005 0015 1 1670922406438028 -13.0 -61.0 2.2089323345553233 21 
0005 0013 1 1670922406438937 -6.5 -62.5 0.2270291566070749 21 
0005 0014 1 1670922406442720 -29.25 -65.5 3.509748042682347 21 
0005 0009 1 1670922406443702 -214.8125 -72.0 4.945554060143307 21 
0005 0005 1 1670922406444676 42.3125 -64.5 2.748893571891069 21 
0005 0007 1 1670922406446544 -16.25 -68.5 3.0066023442558567 21 
0005 0006 2 1670922406475933 208.3125 -66.5 5.393476450205914 21 
0005 0012 2 1670922406481927 -48.8125 -62.0 2.5280003384355365 21 
0005 0014 2 1670922406483695 16.25 -57.0 3.650874275167826 21 
0005 0007 2 1670922406485171 55.3125 -66.0 5.135767677841127 21 
0005 0015 2 1670922406490386 3.25 -60.0 2.5402721847386216 21 
0005 0004 2 1670922406500829 -7.3125 -62.5 0.2086213871524472 21 
0005 0011 2 1670922406501810 22.75 -62.0 0.19634954084936207 21 
0005 0008 2 1670922406509924 -81.375 -63.5 5.841398840268521 21 
0005 0013 2 1670922406515979 78.0625 -69.5 2.454369260617026 21 
0005 0005 3 1670922406546738 -29.25 -63.0 4.534447208989955 21 
0005 0007 3 1670922406553447 -68.3125 -69.0 1.8653206380689396 21 
0005 0013 3 1670922406558247 91.125 -65.5 1.0369710126106935 21 
0005 0015 4 1670922406645402 -29.25 -65.0 5.5100589900852235 21 
0005 0013 4 1670922406656089 29.25 -62.5 1.5953400194010667 21 
0005 0004 4 1670922406662929 -3.25 -66.5 5.473243451175968 21 
0005 0014 5 1670922406727628 -16.25 -69.0 5.896622148632405 21 
0005 0006 6 1670922406783051 45.5625 -66.5 0.9203884727313847 21 
0005 0004 6 1670922406785829 34.9375 -68.5 3.9515345095934116 21 
0005 0014 6 1670922406792439 -71.5625 -64.0 2.816388726558037 21 
0005 0004 7 1670922406838199 -10.5625 -53.5 1.368310862793992 21 
0005 0012 7 1670922406839776 -9.75 -58.5 3.6386024288647407 21 
0005 0015 7 1670922406840996 9.75 -63.5 5.810719224510809 21 
0005 0008 7 1670922406842146 -26.0 -65.0 0.1718058482431918 21 
0005 0014 7 1670922406843363 -16.25 -59.0 3.313398501832985 21 
0005 0010 7 1670922406847786 13.0 -66.0 5.313709449235861 21 
0005 0006 7 1670922406853588 -42.3125 -67.0 4.798291904506286 21 
0005 0013 7 1670922406859869 6.5 -61.5 5.915029918087033 21 
0005 0011 7 1670922406862793 35.75 -69.5 1.5155730184310134 21 
0005 0014 8 1670922406910555 -13.0 -62.0 4.1601558967458585 21 
0005 0004 8 1670922406911797 3.25 -62.0 5.485515297479052 21 
0005 0007 8 1670922406912750 26.0 -66.0 3.80427235395639 21 
0005 0005 8 1670922406918541 3.25 -63.5 2.0064468705544187 21 
0005 0013 8 1670922406919707 26.0 -70.0 5.338253141842031 21 
0005 0011 8 1670922406922297 19.5 -61.0 2.9943304979527716 21 
0005 0012 8 1670922406926744 0.0 -55.0 3.2397674240144743 21 
0005 0010 8 1670922406930417 29.25 -63.5 5.64504929941916 21 
0005 0009 8 1670922406932725 -74.8125 -74.0 2.5586799541932495 21 
0005 0008 1 1670922407157727 -19.5 -67.5 0.5460971604872883 21 
0005 0009 1 1670922407158737 29.25 -71.0 4.491495746929157 21 
0005 0015 1 1670922407164330 58.5625 -60.5 2.030990563160589 21 
0005 0013 1 1670922407167846 32.5 -63.5 0.1043106935762236 21 
0005 0007 1 1670922407170027 -162.75 -67.5 2.9206994201342606 21 
0005 0005 1 1670922407172192 42.3125 -63.0 2.6691265709210157 21 
0005 0011 1 1670922407174528 9.75 -57.5 1.6444274046134073 21 
0005 0004 1 1670922407177686 -34.9375 -64.5 4.1417481272912315 21 
0005 0014 1 1670922407181854 -19.5 -66.5 3.5158839658338894 21 
0005 0006 2 1670922407227772 156.1875 -66.0 5.344389064993574 21 
0005 0013 2 1670922407234067 26.0 -69.0 2.227340104009951 21 
0005 0014 2 1670922407235975 -13.0 -56.5 3.5833791205008576 21 
0005 0011 2 1670922407241512 45.5625 -62.0 6.12365130523948 21 
0005 0004 2 1670922407244845 0.0 -63.0 0.0859029241215959 21 
0005 0015 2 1670922407245811 0.0 -60.0 2.411417798556228 21 
0005 0007 2 1670922407247150 16.25 -68.0 4.92714629068868 21 
0005 0012 2 1670922407249918 -71.5625 -62.5 2.448233337465483 21 
0005 0008 2 1670922407250867 100.875 -62.5 5.6573211457222445 21 
0005 0013 3 1670922407296909 -22.75 -66.0 1.1965050145508 21 
0005 0005 3 1670922407303085 42.3125 -63.0 4.516039439535327 21 
0005 0007 3 1670922407318537 166.0 -69.5 1.718058482431918 21 
0005 0015 4 1670922407374324 13.0 -64.5 5.491651220630596 21 
0005 0004 4 1670922407387253 -55.3125 -67.0 5.589825991055276 21 
0005 0013 4 1670922407394642 -13.0 -62.5 1.6996507129772904 21 
0005 0007 4 1670922407415870 -201.8125 -73.0 0.8283496254582462 21 
0005 0014 5 1670922407485763 -100.875 -69.0 6.007068765360171 21 
0005 0006 6 1670922407530195 61.8125 -66.5 1.086058397823034 21 
0005 0014 6 1670922407531157 3.25 -64.0 2.730485802436441 21 
0005 0004 6 1670922407533025 -104.125 -67.0 4.509903516383785 21 
0005 0012 7 1670922407586632 3.25 -58.0 3.5833791205008576 21 
0005 0004 7 1670922407588302 13.8125 -53.0 1.1351457830353744 21 
0005 0013 7 1670922407589568 -32.5 -61.0 6.062292073724054 21 
0005 0015 7 1670922407590774 19.5 -64.0 5.93343768754166 21 
0005 0014 7 1670922407595262 39.0 -59.5 3.3379421944391554 21 
0005 0006 7 1670922407596268 -156.1875 -68.5 4.828971520263998 21 
0005 0008 7 1670922407598222 35.75 -65.0 0.07976700097005335 21 
0005 0011 7 1670922407604041 61.8125 -70.5 1.5707963267948966 21 
0005 0010 7 1670922407608617 45.5625 -65.5 5.3198453723874035 21 
0005 0009 7 1670922407614984 380.8125 -70.5 1.6198837120072371 21 
0005 0011 8 1670922407648605 -6.5 -61.0 2.834796496012665 21 
0005 0010 8 1670922407652875 6.5 -63.5 5.773903685601553 21 
0005 0007 8 1670922407654096 -3.25 -65.5 3.5833791205008576 21 
0005 0013 8 1670922407656298 -71.5625 -69.0 5.546874528994478 21 
0005 0004 8 1670922407657229 7.3125 -61.5 5.1725832167503825 21 
0005 0014 8 1670922407663206 -13.0 -61.5 4.1601558967458585 21 
0005 0012 8 1670922407668301 6.5 -54.5 3.3318062712876126 21 
0005 0005 8 1670922407672378 -29.25 -64.0 1.7241944055834606 21 
0005 0009 8 1670922407674743 107.375 -75.5 1.9757672547967058 21 
0005 0007 1 1670922407898809 -39.0 -69.5 0.21475731030398976 21 
0005 0004 1 1670922407903111 30.875 -64.0 3.749049045592507 21 
0005 0005 1 1670922407905002 -17.0625 -61.5 2.184388641949153 21 
0005 0015 1 1670922407906449 39.0 -60.5 2.1046216409791 21 
0005 0013 1 1670922407907343 48.8125 -64.5 0.20248546400090464 21 
0005 0008 1 1670922407916713 16.25 -67.0 5.632777453116074 21 
0005 0009 1 1670922407926761 169.25 -72.5 2.5464081078901644 21 
0005 0014 1 1670922407929318 -9.75 -65.0 3.730641276137879 21 
0005 0011 1 1670922407931830 16.25 -59.5 0.8406214717613314 21 
0005 0008 2 1670922407978672 -19.5 -62.5 4.356505437595221 21 
0005 0004 2 1670922407979634 -48.8125 -64.5 0.18407769454627693 21 
0005 0012 2 1670922407980597 3.25 -63.5 1.859184714917397 21 
0005 0014 2 1670922407983032 9.75 -57.0 3.3195344249845276 21 
0005 0006 2 1670922407988503 -65.0625 -64.5 5.884350302329319 21 
0005 0005 2 1670922407991985 -159.5 -65.5 5.203262832508095 21 
0005 0015 2 1670922407993773 48.8125 -60.5 2.2334760271614935 21 
0005 0007 2 1670922408001237 -182.25 -68.0 3.479068426924634 21 
0005 0011 2 1670922408012796 -71.5625 -64.0 4.1601558967458585 21 
0005 0010 2 1670922408026608 48.8125 -70.5 0.8651651643675016 21 
0005 0013 3 1670922408065925 87.875 -66.0 1.6260196351587797 21 
0005 0005 3 1670922408080862 -22.75 -63.0 4.988505522204105 21 
0005 0015 4 1670922408183635 26.0 -61.5 6.031612457966341 21 
0005 0005 4 1670922408198919 -131.8125 -70.0 0.2699806186678728 21 
0005 0013 4 1670922408207959 26.0 -62.0 2.7550294950426117 21 
0005 0012 4 1670922408211954 -136.6875 -66.0 4.000621894805752 21 
0005 0014 5 1670922408255047 110.625 -67.0 0.15339807878856412 21 
0005 0011 5 1670922408265537 55.3125 -69.0 4.061981126321178 21 
0005 0006 5 1670922408268794 -185.5 -69.0 1.7241944055834606 21 
0005 0005 6 1670922408298943 -93.5625 -69.0 4.1172044346850605 21 
0005 0004 6 1670922408322362 0.0 -65.0 2.043262409463674 21 
0005 0012 6 1670922408324460 45.5625 -66.0 1.4664856332186729 21 
0005 0006 6 1670922408326359 -120.4375 -69.5 5.651185222570702 21 
0005 0014 6 1670922408327917 -84.625 -67.0 3.8963112012295285 21 
0005 0011 6 1670922408330264 91.125 -71.5 3.466796580621549 21 
0005 0009 6 1670922408331204 139.9375 -73.5 0.6565437772150544 21 
0005 0009 7 1670922408378509 -91.125 -63.0 3.724505352986337 21 
0005 0004 7 1670922408380918 -3.25 -52.5 5.080544369477243 21 
0005 0007 7 1670922408381843 146.4375 -69.5 1.6382914814618648 21 
0005 0006 7 1670922408383814 61.8125 -61.5 0.5154175447295755 21 
0005 0005 7 1670922408384787 6.5 -59.5 1.2701360923693108 21 
0005 0015 7 1670922408387691 19.5 -63.5 5.418020142812084 21 
0005 0014 7 1670922408389635 13.0 -55.5 0.9142525495798421 21 
0005 0010 7 1670922408390827 -39.0 -51.5 2.0800779483729293 21 
0005 0008 7 1670922408394396 -9.75 -57.5 5.098952138931871 21 
0005 0011 7 1670922408402169 42.3125 -65.5 1.2026409377023426 21 
0005 0012 7 1670922408403374 -39.0 -69.0 0.7669903939428205 21 
0005 0000 7 1670922408409451 -19.5 -66.5 5.786175531904639 21 
0005 0012 8 1670922408449912 -32.5 -72.0 0.04908738521234052 21 
0005 0000 8 1670922408451825 -16.25 -68.0 5.50392306693368 21 
0005 0010 8 1670922408453716 -52.0625 -66.5 3.215223731408304 21 
0005 0014 8 1670922408456962 -48.8125 -62.0 2.890019804376548 21 
0005 0006 8 1670922408463268 -97.625 -65.5 3.6570101983193686 21 
0005 0009 8 1670922408466270 -335.25 -76.5 5.798447378207723 21 
0005 0005 1 1670922408686655 52.0625 -59.5 2.5157284921324514 21 
0005 0014 1 1670922408690648 3.25 -58.5 3.141592653589793 21 
0005 0008 1 1670922408692449 -39.0 -65.5 4.448544284868359 21 
0005 0015 1 1670922408698346 22.75 -59.0 2.3193789512830896 21 
0005 0000 1 1670922408710603 -35.75 -67.0 2.0064468705544187 21 
0005 0015 2 1670922408747463 -16.25 -65.0 6.227961998815704 21 
0005 0004 2 1670922408750234 -59.375 -67.5 3.043417883165112 21 
0005 0005 2 1670922408756947 30.875 -60.5 4.289010282928253 21 
0005 0006 2 1670922408761250 -48.8125 -69.5 0.07363107781851078 21 
0005 0014 2 1670922408763574 6.5 -60.5 6.160466844148735 21 
0005 0014 3 1670922408827041 32.5 -69.5 1.227184630308513 21 
0005 0005 4 1670922408878962 34.9375 -68.0 1.4051264017032472 21 
0005 0014 5 1670922408939604 -270.125 -71.5 6.105243535784852 21 
0005 0004 5 1670922408943439 -48.8125 -67.0 2.2580197197676637 21 
0005 0010 5 1670922408950183 -117.125 -67.0 2.000310947402876 21 
0005 0006 5 1670922408952961 -237.5625 -69.5 5.730952223540755 21 
0005 0007 5 1670922408957484 -201.8125 -71.5 5.375068680751287 21 
0005 0002 5 1670922408960027 143.1875 -72.0 5.21553467881118 21 
0005 0008 6 1670922408986074 -3.25 -68.5 0.47860200582032003 21 
0005 0002 6 1670922408991334 -172.5 -74.0 1.8960002538266525 21 
0005 0010 6 1670922408992540 26.0 -60.5 2.012582793705961 21 
0005 0011 6 1670922408998584 -6.5 -71.0 0.14726215563702155 21 
0005 0006 6 1670922409003884 3.25 -55.0 0.6013204688511713 21 
0005 0004 6 1670922409011218 7.3125 -52.0 2.454369260617026 21 
0005 0010 7 1670922409045931 -94.375 -68.0 2.724349879284899 21 
0005 0008 7 1670922409051334 -6.5 -53.0 0.37429131224409645 21 
0005 0014 7 1670922409055395 19.5 -61.0 6.1850105367549055 21 
0005 0015 7 1670922409059679 -39.0 -66.0 2.018718716857504 21 
0005 0005 7 1670922409067771 -55.3125 -68.0 4.583534594202296 21 
0005 0000 7 1670922409084929 -35.75 -72.5 4.816699673960914 21 
0005 0008 8 1670922409126460 48.8125 -59.5 2.098485717827557 21 
0005 0004 8 1670922409127876 -225.375 -70.0 0.6442719309119693 21 
0005 0015 8 1670922409135050 -68.3125 -71.0 3.2336315008629315 21 
0005 0010 8 1670922409136045 87.875 -71.0 1.214912784005428 21 
0005 0011 8 1670922409137943 -42.3125 -65.0 4.252194744018997 21 
0005 0012 1 1670922409369750 32.5 -64.0 1.043106935762236 21 
0005 0015 1 1670922409371880 45.5625 -64.0 1.8653206380689396 21 
0005 0008 1 1670922409378733 9.75 -65.5 5.50392306693368 21 
0005 0014 1 1670922409386885 -58.5625 -65.5 0.7915340865489908 21 
0005 0004 1 1670922409391866 69.125 -65.0 3.834951969714103 21 
0005 0011 1 1670922409400677 -71.5625 -69.0 4.595806440505381 21 
0005 0015 2 1670922409446725 48.8125 -66.5 3.663146121470911 21 
0005 0010 2 1670922409452424 3.25 -66.5 0.1227184630308513 21 
0005 0005 3 1670922409500842 13.0 -69.5 6.080699843178682 21 
0005 0011 3 1670922409502963 -22.75 -64.0 1.6873788666742053 21 
0005 0007 3 1670922409509693 -224.5625 -69.5 0.14726215563702155 21 
0005 0008 4 1670922409624745 -39.0 -66.5 4.675573441475434 21 
0005 0011 4 1670922409627646 -26.0 -60.0 0.5460971604872883 21 
0005 0012 4 1670922409628610 -9.75 -69.5 5.841398840268521 21 
0005 0007 4 1670922409631884 -13.0 -64.0 3.117048960983623 21 
0005 0004 4 1670922409636880 45.5625 -63.5 1.0246991663076084 21 
0005 0013 4 1670922409640735 -87.875 -68.0 1.3314953238847365 21 
0005 0010 4 1670922409644637 -58.5625 -71.5 5.712544454086128 21 
0005 0005 4 1670922409645583 -32.5 -65.0 4.749204519293945 21 
0005 0011 5 1670922409686216 3.25 -65.0 0.30066023442558565 21 
0005 0006 5 1670922409689350 9.75 -59.0 0.5399612373357456 21 
0005 0005 5 1670922409690311 -13.0 -56.0 0.9940195505498954 21 
0005 0004 5 1670922409693795 6.5 -52.0 6.215690152512618 21 
0005 0009 5 1670922409695255 -19.5 -66.5 5.595961914206819 21 
0005 0010 5 1670922409703808 -19.5 -59.5 3.6263305825616556 21 
0005 0001 5 1670922409706262 -26.0 -69.5 5.688000761479957 21 
0005 0012 5 1670922409709116 58.5625 -63.0 5.4671075280244255 21 
0005 0013 5 1670922409711013 3.25 -59.0 2.773437264497239 21 
0005 0007 5 1670922409713510 -94.375 -67.0 3.9392626632903265 21 
0005 0007 6 1670922409757196 -16.25 -63.5 3.0495538063166547 21 
0005 0006 6 1670922409759409 -6.5 -57.0 2.9022916506796332 21 
0005 0013 6 1670922409760332 3.25 -69.0 5.767767762450011 21 
0005 0004 6 1670922409770154 -3.25 -50.0 5.252350217720435 21 
0005 0015 6 1670922409771264 -6.5 -65.5 3.104777114680538 21 
0005 0005 6 1670922409773223 52.0625 -64.0 4.516039439535327 21 
0005 0008 6 1670922409774199 39.0 -68.5 2.405281875404685 21 
0005 0010 6 1670922409775177 3.25 -64.0 1.8960002538266525 21 
0005 0013 7 1670922409809993 94.375 -61.5 1.521708941582556 21 
0005 0005 7 1670922409813581 27.625 -68.0 4.3503695144436785 21 
0005 0011 7 1670922409822178 -26.0 -69.0 5.135767677841127 21 
0005 0015 7 1670922409823144 91.125 -65.0 0.1902136176978195 21 
0005 0007 7 1670922409825992 71.5625 -71.0 1.564660403643354 21 
0005 0012 7 1670922409829756 6.5 -57.5 5.6941366846315 21 
0005 0010 7 1670922409831909 3.25 -65.5 6.037748381117884 21 
0005 0006 7 1670922409833852 100.875 -66.5 1.6198837120072371 21 
0005 0014 7 1670922409839131 -192.0 -68.0 0.22089323345553233 21 
0005 0012 8 1670922409868921 -74.8125 -67.0 2.791845033951867 21 
0005 0013 8 1670922409873444 -16.25 -62.0 1.6935147898257479 21 
0005 0015 8 1670922409880220 39.0 -65.5 0.8528933180644165 21 
0005 0011 8 1670922409886066 -94.375 -69.5 2.012582793705961 21 
0005 0011 1 1670922410117588 -9.75 -65.5 5.160311370447297 21 
0005 0015 1 1670922410120318 61.8125 -65.0 1.3130875544301088 21 
0005 0012 1 1670922410123434 39.0 -62.5 1.7671458676442586 21 
0005 0013 1 1670922410127937 -19.5 -63.0 5.258486140871978 21 
0005 0007 1 1670922410132810 -52.0625 -70.0 0.6442719309119693 21 
0005 0004 1 1670922410138899 55.3125 -67.0 3.663146121470911 21 
0005 0014 1 1670922410145493 81.375 -65.5 1.3867186322486196 21 
0005 0015 2 1670922410188286 -3.25 -69.5 3.472932503773092 21 
0005 0005 3 1670922410246786 -87.0625 -67.5 6.227961998815704 21 
0005 0011 3 1670922410259484 -74.8125 -65.0 1.902136176978195 21 
0005 0001 3 1670922410313190 -65.875 -72.5 4.767612288748572 21 
0005 0011 4 1670922410358907 3.25 -60.0 0.47860200582032003 21 
0005 0008 4 1670922410374154 -195.25 -72.0 2.8777479580734626 21 
0005 0004 4 1670922410376139 79.75 -69.0 0.44178646691106466 21 
0005 0007 4 1670922410383891 65.0625 -66.0 3.663146121470911 21 
0005 0006 4 1670922410386245 87.875 -70.5 1.564660403643354 21 
0005 0001 4 1670922410387535 -35.75 -73.0 6.227961998815704 21 
0005 0005 4 1670922410389868 -24.375 -68.0 5.154175447295755 21 
0005 0010 4 1670922410400620 -234.3125 -71.0 6.037748381117884 21 
0005 0000 4 1670922410402001 52.0625 -74.5 2.2580197197676637 21 
0005 0014 5 1670922410438848 -87.875 -71.5 2.773437264497239 21 
0005 0007 5 1670922410440056 234.3125 -69.5 2.6445828783148455 21 
0005 0010 5 1670922410441726 58.5625 -60.0 2.9759227284981438 21 
0005 0005 5 1670922410447050 24.375 -57.0 0.8222137023067037 21 
0005 0004 5 1670922410454013 24.375 -54.0 5.957981380147831 21 
0005 0001 5 1670922410454961 -9.75 -64.0 0.9817477042468103 21 
0005 0006 5 1670922410457296 6.5 -59.5 4.356505437595221 21 
0005 0013 5 1670922410459227 35.75 -60.0 1.2701360923693108 21 
0005 0012 5 1670922410460406 58.5625 -63.5 5.553010452146021 21 
0005 0009 5 1670922410464770 -58.5625 -67.0 5.859806609723149 21 
0005 0011 5 1670922410467621 58.5625 -67.5 6.160466844148735 21 
0005 0002 5 1670922410468934 104.125 -71.0 1.0983302441261191 21 
0005 0010 6 1670922410507008 55.3125 -62.5 2.761165418194154 21 
0005 0006 6 1670922410509529 -3.25 -56.5 1.6260196351587797 21 
0005 0004 6 1670922410510474 -3.25 -51.0 4.614214209960009 21 
0005 0012 6 1670922410513369 100.875 -71.0 3.117048960983623 21 
0005 0015 6 1670922410518990 91.125 -65.0 2.12916533358527 21 
0005 0007 6 1670922410519941 16.25 -64.5 2.804116880254952 21 
0005 0008 6 1670922410524165 58.5625 -72.0 2.012582793705961 21 
0005 0005 6 1670922410529655 26.0 -64.5 4.460816131171445 21 
0005 0013 6 1670922410532261 -9.75 -66.5 5.3198453723874035 21 
0005 0013 7 1670922410559345 74.8125 -61.0 1.552388557340269 21 
0005 0010 7 1670922410565192 -78.0625 -64.5 6.258641614573416 21 
0005 0012 7 1670922410573329 -19.5 -59.5 6.080699843178682 21 
0005 0006 7 1670922410578530 87.875 -66.0 1.521708941582556 21 
0005 0011 7 1670922410584018 100.875 -69.5 5.270757987175063 21 
0005 0007 7 1670922410585298 133.4375 -72.5 1.1167380135807468 21 
0005 0015 7 1670922410587675 16.25 -66.0 0.3436116964863836 21 
0005 0014 7 1670922410592180 -68.3125 -68.0 0.7669903939428205 21 
0005 0005 7 1670922410596298 -281.5625 -72.5 4.706253057233147 21 
0005 0015 8 1670922410638203 -42.3125 -65.0 0.6258641614573416 21 
0005 0011 8 1670922410643024 130.1875 -68.5 1.7303303287350031 21 
0005 0013 8 1670922410645650 39.0 -63.5 1.0185632431560658 21 
0005 0012 8 1670922410654342 -26.0 -66.5 4.09266074207889 21 
0005 0011 1 1670922410877396 6.5 -66.0 5.056000676871073 21 
0005 0012 1 1670922410881658 91.125 -64.0 1.7732817907958012 21 
0005 0015 1 1670922410886664 55.3125 -65.0 1.4173982480063325 21 
0005 0013 1 1670922410893865 -52.0625 -64.0 5.270757987175063 21 
0005 0014 1 1670922410898442 68.3125 -65.5 1.055378782065321 21 
0005 0007 1 1670922410903283 113.875 -69.5 0.3436116964863836 21 
0005 0004 1 1670922410908569 0.0 -67.0 3.761320891895592 21 
0005 0015 2 1670922410967142 -182.25 -70.0 3.6876898140770815 21 
0005 0005 3 1670922411016730 -24.375 -67.5 6.117515382087937 21 
0005 0011 3 1670922411018522 185.5 -65.0 1.325359400733194 21 
0005 0006 4 1670922411111183 35.75 -70.5 1.564660403643354 21 
0005 0011 4 1670922411115950 3.25 -60.0 0.4724660826687775 21 
0005 0001 4 1670922411116945 175.75 -71.0 6.19728238305799 21 
0005 0005 4 1670922411117877 -65.875 -68.0 5.190990986205009 21 
0005 0004 4 1670922411127600 76.4375 -69.0 0.5460971604872883 21 
0005 0008 4 1670922411128576 87.875 -72.5 2.7857091108003242 21 
0005 0007 4 1670922411130263 -16.25 -66.5 3.822680123411018 21 
0005 0010 4 1670922411131202 94.375 -71.5 5.491651220630596 21 
0005 0006 5 1670922411186915 -22.75 -60.0 4.362641360746763 21 
0005 0005 5 1670922411188087 -3.25 -57.0 0.8958447801252144 21 
0005 0004 5 1670922411189376 17.0625 -54.0 5.9518454569962875 21 
0005 0010 5 1670922411190283 -9.75 -60.0 2.9820586516496865 21 
0005 0012 5 1670922411192949 -29.25 -64.0 5.491651220630596 21 
0005 0001 5 1670922411196281 100.875 -63.0 0.9142525495798421 21 
0005 0013 5 1670922411197231 6.5 -59.5 1.2578642460662257 21 
0005 0011 5 1670922411203021 26.0 -66.0 0.1718058482431918 21 
0005 0009 5 1670922411211617 175.75 -68.0 5.368932757599744 21 
0005 0007 5 1670922411214537 84.625 -71.0 2.7857091108003242 21 
0005 0013 6 1670922411251312 29.25 -66.5 5.313709449235861 21 
0005 0015 6 1670922411252518 87.875 -65.5 2.1046216409791 21 
0005 0012 6 1670922411253471 78.0625 -70.5 2.7550294950426117 21 
0005 0007 6 1670922411254421 48.8125 -65.0 2.675262494072558 21 
0005 0010 6 1670922411256572 61.8125 -62.0 2.804116880254952 21 
0005 0008 6 1670922411258962 65.0625 -72.0 2.1475731030398975 21 
0005 0004 6 1670922411261357 13.0 -51.0 4.577398671050753 21 
0005 0006 6 1670922411262543 0.0 -56.5 1.6382914814618648 21 
0005 0005 6 1670922411272865 29.25 -64.5 4.558990901596125 21 
0005 0010 7 1670922411295911 -91.125 -65.5 6.1850105367549055 21 
0005 0015 7 1670922411297387 13.0 -65.5 0.30066023442558565 21 
0005 0007 7 1670922411302137 117.125 -71.5 1.4542137869155878 21 
0005 0013 7 1670922411318957 -22.75 -60.5 1.7978254834019713 21 
0005 0012 7 1670922411321083 -13.0 -59.5 6.019340611663256 21 
0005 0014 7 1670922411322033 55.3125 -68.5 0.6933593161243098 21 
0005 0011 7 1670922411326027 -61.8125 -69.5 5.5100589900852235 21 
0005 0006 7 1670922411326930 -13.0 -66.0 1.5892040962495242 21 
0005 0011 8 1670922411357292 65.0625 -68.5 1.9941750242513334 21 
0005 0013 8 1670922411362903 22.75 -63.5 1.0369710126106935 21 
0005 0015 8 1670922411365289 42.3125 -64.0 0.48473792897186263 21 
0005 0012 8 1670922411382980 65.0625 -67.5 3.5465635815916023 21 
