0005 0011 1 1670920677787786 42.3125 -57.5 2.2518837966161214 18 
0005 0005 1 1670920677789724 26.0 -59.0 2.1046216409791 18 
0005 0010 1 1670920677792847 -58.5625 -66.0 0.02454369260617026 18 
0005 0008 1 1670920677794346 -6.5 -61.5 3.5956509668039427 18 
0005 0007 1 1670920677799194 13.0 -66.5 4.154019973594316 18 
0005 0004 1 1670920677803204 13.8125 -59.0 4.724660826687775 18 
0005 0009 1 1670920677805914 192.0 -71.0 1.043106935762236 18 
0005 0015 1 1670920677807973 -94.375 -69.0 3.3318062712876126 18 
0005 0006 2 1670920677838864 -61.8125 -65.0 4.681709364626977 18 
0005 0015 2 1670920677842657 42.3125 -64.0 6.080699843178682 18 
0005 0011 2 1670920677843609 -13.0 -58.0 3.988350048502667 18 
0005 0005 2 1670920677845791 -143.1875 -64.0 4.994641445355648 18 
0005 0014 2 1670920677846724 26.0 -58.0 1.6137477888556946 18 
0005 0008 2 1670920677850249 16.25 -56.0 0.7301748550335652 18 
0005 0004 2 1670920677860284 35.75 -66.0 1.1780972450961724 18 
0005 0004 4 1670920677953667 -41.5 -67.0 5.00077736850719 18 
0005 0014 5 1670920678022767 0.0 -69.5 1.380582709097077 18 
0005 0006 6 1670920678056147 -3.25 -68.0 2.2764274892222915 18 
0005 0004 6 1670920678066351 3.25 -58.0 5.252350217720435 18 
0005 0004 7 1670920678109473 3.25 -54.5 5.295301679781233 18 
0005 0015 7 1670920678111051 48.8125 -60.0 0.5645049299419159 18 
0005 0011 7 1670920678112466 -61.8125 -61.5 5.129631754689584 18 
0005 0010 7 1670920678113658 19.5 -66.0 0.7240389318820226 18 
0005 0014 7 1670920678114835 -61.8125 -64.0 1.1903690913992575 18 
0005 0008 7 1670920678115783 42.3125 -61.5 3.4054373491061236 18 
0005 0004 8 1670920678159327 -24.375 -62.0 5.21553467881118 18 
0005 0008 8 1670920678167738 -32.5 -60.5 3.472932503773092 18 
0005 0010 8 1670920678169172 -35.75 -62.0 4.871922982324796 18 
0005 0014 8 1670920678171566 -32.5 -64.5 1.1474176293384597 18 
0005 0015 8 1670920678176884 -9.75 -62.0 5.399612373357457 18 
0005 0005 8 1670920678177829 0.0 -69.0 0.1902136176978195 18 
0005 0006 8 1670920678180468 29.25 -61.5 5.436427912266712 18 
0005 0015 1 1670920678407343 -19.5 -69.5 3.098641191528995 18 
0005 0011 1 1670920678410028 22.75 -58.0 2.227340104009951 18 
0005 0004 1 1670920678414929 10.5625 -59.0 4.706253057233147 18 
0005 0005 1 1670920678417387 9.75 -59.5 2.2948352586769194 18 
0005 0007 1 1670920678419406 -78.0625 -66.5 4.1601558967458585 18 
0005 0008 1 1670920678420355 32.5 -61.5 3.5895150436524004 18 
0005 0010 1 1670920678425284 -42.3125 -66.5 0.03681553890925539 18 
0005 0009 1 1670920678431442 -45.5625 -70.5 1.2210487071569704 18 
0005 0011 2 1670920678457973 6.5 -58.0 3.9576704327449543 18 
0005 0004 2 1670920678460694 48.8125 -66.0 1.227184630308513 18 
0005 0005 2 1670920678466070 0.0 -63.5 5.105088062083414 18 
0005 0014 2 1670920678469711 -42.3125 -58.0 1.705786636128833 18 
0005 0008 2 1670920678473822 16.25 -56.0 0.7301748550335652 18 
0005 0006 2 1670920678476717 -42.3125 -65.5 4.657165672020807 18 
0005 0015 2 1670920678477881 -71.5625 -64.5 6.1850105367549055 18 
0005 0010 2 1670920678490581 74.8125 -70.0 4.0128937411088375 18 
0005 0004 4 1670920678556714 -38.1875 -67.0 4.9823695990525625 18 
0005 0014 5 1670920678617954 224.5625 -70.0 1.043106935762236 18 
0005 0004 6 1670920678666173 13.8125 -58.0 5.240078371417351 18 
0005 0006 6 1670920678677923 84.625 -68.5 2.1966604882522383 18 
0005 0004 7 1670920678727190 -10.5625 -54.5 5.289165756629691 18 
0005 0011 7 1670920678728201 -32.5 -61.0 4.994641445355648 18 
0005 0008 7 1670920678733249 -52.0625 -61.0 3.5711072741977725 18 
0005 0010 7 1670920678734424 -13.0 -66.5 0.7731263170943632 18 
0005 0014 7 1670920678736382 -78.0625 -64.0 1.1044661672776617 18 
0005 0015 7 1670920678738701 3.25 -61.0 0.6320000846088841 18 
0005 0008 8 1670920678782767 26.0 -60.5 3.423845118560751 18 
0005 0004 8 1670920678787270 3.25 -62.0 5.154175447295755 18 
0005 0005 8 1670920678788235 48.8125 -68.0 0.28225246497095796 18 
0005 0006 8 1670920678790216 9.75 -61.5 5.50392306693368 18 
0005 0010 8 1670920678791941 0.0 -62.0 4.841243366567084 18 
0005 0014 8 1670920678792996 -35.75 -64.5 1.227184630308513 18 
0005 0015 8 1670920678796055 -13.0 -62.5 5.356660911296659 18 
0005 0011 1 1670920679019330 -9.75 -58.5 2.3193789512830896 18 
0005 0008 1 1670920679023344 26.0 -61.0 3.650874275167826 18 
0005 0005 1 1670920679024562 -39.0 -59.5 2.386874105950058 18 
0005 0010 1 1670920679025769 -32.5 -66.0 6.264777537724958 18 
0005 0004 1 1670920679027437 -17.0625 -59.0 4.718524903536232 18 
0005 0007 1 1670920679031928 29.25 -66.5 4.09266074207889 18 
0005 0015 1 1670920679033824 91.125 -69.0 3.055689729468197 18 
0005 0009 1 1670920679038230 -48.8125 -71.5 1.3499030933393643 18 
0005 0014 2 1670920679070050 61.8125 -58.0 1.576932249946439 18 
0005 0005 2 1670920679071904 71.5625 -63.5 5.141903600992669 18 
0005 0004 2 1670920679072837 6.5 -66.0 0.8651651643675016 18 
0005 0015 2 1670920679077018 126.9375 -65.0 5.945709533844745 18 
0005 0011 2 1670920679077954 -42.3125 -57.5 4.006757817957295 18 
0005 0008 2 1670920679080174 6.5 -56.0 0.7547185476397354 18 
0005 0006 2 1670920679083102 -91.125 -65.0 4.7307967498393175 18 
0005 0010 2 1670920679098295 -45.5625 -70.0 4.399456899656019 18 
0005 0004 4 1670920679183075 -34.9375 -68.0 5.006913291658733 18 
0005 0014 5 1670920679220047 198.5625 -70.0 1.2885438618239387 18 
0005 0004 6 1670920679276220 13.8125 -58.0 5.221670601962723 18 
0005 0006 6 1670920679288148 -13.0 -68.0 2.270291566070749 18 
0005 0004 7 1670920679326648 7.3125 -54.5 5.307573526084319 18 
0005 0008 7 1670920679334920 19.5 -61.5 3.509748042682347 18 
0005 0010 7 1670920679335856 3.25 -67.5 0.803805932852076 18 
0005 0015 7 1670920679337032 9.75 -60.5 0.619728238305799 18 
0005 0011 7 1670920679339890 -52.0625 -61.5 5.074408446325701 18 
0005 0014 7 1670920679340810 48.8125 -64.0 0.9694758579437253 18 
0005 0004 8 1670920679377757 -69.125 -62.5 5.295301679781233 18 
0005 0006 8 1670920679379828 -52.0625 -62.0 5.5714182216006485 18 
0005 0008 8 1670920679381850 0.0 -60.5 3.4606606574700063 18 
0005 0015 8 1670920679382790 6.5 -62.0 5.368932757599744 18 
0005 0014 8 1670920679392041 29.25 -64.5 1.1780972450961724 18 
0005 0010 8 1670920679393234 -68.3125 -62.0 4.945554060143307 18 
0005 0005 8 1670920679395802 0.0 -69.0 0.23930100291016002 18 
0005 0008 1 1670920679636074 35.75 -61.5 3.6815538909255388 18 
0005 0015 1 1670920679641614 71.5625 -68.5 3.129320807286708 18 
0005 0011 1 1670920679642849 -39.0 -58.0 2.36846633649543 18 
0005 0010 1 1670920679644524 -29.25 -66.0 0.006135923151542565 18 
0005 0007 1 1670920679649299 -42.3125 -66.5 4.23378697456437 18 
0005 0004 1 1670920679656570 29.25 -59.0 4.706253057233147 18 
0005 0009 1 1670920679657762 136.6875 -71.5 0.9940195505498954 18 
0005 0005 1 1670920679660060 -3.25 -59.0 2.282563412373834 18 
0005 0014 2 1670920679696336 16.25 -58.5 1.6198837120072371 18 
0005 0008 2 1670920679699832 6.5 -56.0 0.7240389318820226 18 
0005 0015 2 1670920679701212 -65.0625 -64.5 6.264777537724958 18 
0005 0011 2 1670920679702189 -22.75 -57.5 3.9576704327449543 18 
0005 0005 2 1670920679703393 -22.75 -63.0 5.166447293598839 18 
0005 0006 2 1670920679710030 81.375 -65.5 4.516039439535327 18 
0005 0004 2 1670920679718152 -24.375 -65.5 1.2210487071569704 18 
0005 0010 2 1670920679730674 -81.375 -70.0 4.344233591292136 18 
0005 0004 4 1670920679828124 -27.625 -68.5 4.890330751779424 18 
0005 0014 5 1670920679871622 -3.25 -69.5 1.4296700943094176 18 
0005 0004 6 1670920679917405 3.25 -58.0 5.252350217720435 18 
0005 0006 6 1670920679925704 19.5 -68.5 2.2089323345553233 18 
0005 0011 7 1670920679955910 16.25 -61.5 4.914874444385594 18 
0005 0008 7 1670920679957087 26.0 -61.5 3.497476196379262 18 
0005 0010 7 1670920679961877 19.5 -66.5 0.9019807032767571 18 
0005 0015 7 1670920679965445 26.0 -60.5 0.6258641614573416 18 
0005 0014 7 1670920679966904 16.25 -64.5 1.0799224746714913 18 
0005 0004 7 1670920679970495 -17.0625 -54.5 5.393476450205914 18 
0005 0010 8 1670920680005892 -55.3125 -62.5 4.902602598082509 18 
0005 0006 8 1670920680009152 -45.5625 -61.5 5.638913376267617 18 
0005 0008 8 1670920680013078 -9.75 -60.5 3.436116964863836 18 
0005 0004 8 1670920680015458 -13.0 -63.0 5.289165756629691 18 
0005 0015 8 1670920680016410 -48.8125 -62.0 5.4671075280244255 18 
0005 0014 8 1670920680018735 3.25 -65.0 1.1290098598838318 18 
0005 0005 8 1670920680027907 -45.5625 -69.0 0.25157284921324513 18 
0005 0009 8 1670920680030248 13.0 -76.5 4.319689898685965 18 
0005 0004 1 1670920680247284 21.125 -59.0 4.95168998329485 18 
0005 0015 1 1670920680248448 22.75 -69.0 2.9820586516496865 18 
0005 0007 1 1670920680249614 -45.5625 -67.5 4.190835512503572 18 
0005 0011 1 1670920680252233 3.25 -62.0 0.8774370106705868 18 
0005 0005 1 1670920680253678 42.3125 -58.0 2.5341362615870793 18 
0005 0008 1 1670920680254896 -19.5 -63.0 4.184699589352029 18 
0005 0010 1 1670920680262465 -94.375 -64.0 5.884350302329319 18 
0005 0009 1 1670920680274523 0.0 -73.0 0.6994952392758523 18 
0005 0014 2 1670920680299580 -19.5 -58.5 1.576932249946439 18 
0005 0008 2 1670920680300871 32.5 -55.5 1.3130875544301088 18 
0005 0011 2 1670920680301849 45.5625 -65.5 2.1475731030398975 18 
0005 0004 2 1670920680307902 -48.8125 -65.5 2.086213871524472 18 
0005 0015 2 1670920680310281 -68.3125 -65.0 6.068427996875596 18 
0005 0005 2 1670920680316891 -71.5625 -62.5 5.816855147662351 18 
0005 0006 2 1670920680318988 -19.5 -67.0 4.614214209960009 18 
0005 0010 2 1670920680325287 55.3125 -69.5 3.810408277107933 18 
0005 0004 3 1670920680375564 48.8125 -69.0 3.8963112012295285 18 
0005 0004 4 1670920680421646 24.375 -65.5 4.859651136021712 18 
0005 0014 5 1670920680480501 22.75 -70.5 1.8162332528565992 18 
0005 0004 6 1670920680530208 13.8125 -64.0 2.2212041808584084 18 
0005 0014 7 1670920680579677 48.8125 -69.5 0.3988350048502667 18 
0005 0004 7 1670920680585532 17.0625 -52.0 2.650718801466388 18 
0005 0015 7 1670920680588112 -22.75 -60.5 0.8774370106705868 18 
0005 0008 7 1670920680593173 39.0 -66.5 5.620505606812989 18 
0005 0006 8 1670920680628476 3.25 -60.5 1.6873788666742053 18 
0005 0004 8 1670920680630390 69.125 -68.0 3.018874190558942 18 
0005 0014 8 1670920680632469 -16.25 -64.5 1.8039614065535141 18 
0005 0015 8 1670920680633419 16.25 -63.0 5.553010452146021 18 
0005 0008 8 1670920680634865 42.3125 -59.0 0.9817477042468103 18 
0005 0005 8 1670920680637762 -21.125 -64.0 4.816699673960914 18 
0005 0010 8 1670920680638710 0.0 -69.0 3.32567034813607 18 
0005 0000 8 1670920680640117 -195.25 -73.0 5.240078371417351 18 
0005 0005 1 1670920680869246 -30.875 -56.0 5.123495831538041 18 
0005 0011 1 1670920680874185 -19.5 -57.5 0.803805932852076 18 
0005 0015 1 1670920680876904 22.75 -69.0 3.5711072741977725 18 
0005 0000 1 1670920680878112 175.75 -73.5 5.148039524144211 18 
0005 0014 1 1670920680882048 35.75 -63.5 5.706408530934585 18 
0005 0004 1 1670920680885918 97.625 -70.0 0.4049709280018093 18 
0005 0008 1 1670920680891852 188.75 -69.0 2.172116795646068 18 
0005 0006 1 1670920680893038 -152.9375 -68.5 2.098485717827557 18 
0005 0007 1 1670920680900424 -68.3125 -69.0 5.006913291658733 18 
0005 0004 2 1670920680927486 -39.0 -67.0 4.76147636559703 18 
0005 0011 2 1670920680930584 -9.75 -53.0 5.350524988145116 18 
0005 0008 2 1670920680936956 32.5 -57.0 4.589670517353839 18 
0005 0007 2 1670920680938149 -58.5625 -69.5 0.9633399347921826 18 
0005 0014 2 1670920680941465 0.0 -61.0 2.1046216409791 18 
0005 0005 2 1670920680945487 29.25 -66.5 5.368932757599744 18 
0005 0015 2 1670920680948038 6.5 -64.0 5.896622148632405 18 
0005 0000 2 1670920680952557 -244.125 -70.0 4.417864669110647 18 
0005 0010 2 1670920680968203 -175.75 -71.5 5.019185137961818 18 
0005 0015 3 1670920681023429 78.0625 -65.0 5.013049214810275 18 
0005 0015 4 1670920681069993 -195.25 -68.0 3.80427235395639 18 
0005 0004 4 1670920681072438 59.375 -69.5 4.0987966652304335 18 
0005 0014 4 1670920681076472 -16.25 -66.5 0.28225246497095796 18 
0005 0014 5 1670920681134541 32.5 -68.0 2.2886993355253766 18 
0005 0012 5 1670920681154146 52.0625 -69.5 5.252350217720435 18 
0005 0012 6 1670920681228315 16.25 -72.0 2.3623304133438876 18 
0005 0015 7 1670920681261919 -9.75 -60.0 5.8475347634200645 18 
0005 0012 7 1670920681264701 -9.75 -63.5 2.3193789512830896 18 
0005 0014 7 1670920681268222 -9.75 -63.5 5.105088062083414 18 
0005 0010 7 1670920681280792 32.5 -59.0 1.3867186322486196 18 
0005 0004 7 1670920681281780 -7.3125 -54.5 0.9756117810952678 18 
0005 0012 8 1670920681321088 -35.75 -68.5 2.8409324191642074 18 
0005 0005 8 1670920681322969 35.75 -63.5 2.024854640009046 18 
0005 0006 8 1670920681331248 -16.25 -60.0 2.2580197197676637 18 
0005 0011 8 1670920681332439 9.75 -62.0 1.012427320004523 18 
0005 0004 8 1670920681336020 -24.375 -61.5 1.705786636128833 18 
0005 0014 8 1670920681336941 16.25 -71.5 0.4479223900626072 18 
0005 0010 8 1670920681338627 3.25 -61.0 5.190990986205009 18 
0005 0009 8 1670920681343219 68.3125 -74.0 0.4295146206079795 18 
0005 0013 8 1670920681345995 -16.25 -67.5 4.540583132141498 18 
0005 0015 8 1670920681347218 -71.5625 -71.5 4.270602513473625 18 
0005 0004 1 1670920681566618 -10.5625 -63.0 4.773748211900116 18 
0005 0007 1 1670920681567816 130.1875 -67.0 0.4724660826687775 18 
0005 0010 1 1670920681570793 117.125 -68.0 2.767301341345697 18 
0005 0014 1 1670920681571998 55.3125 -64.0 0.1718058482431918 18 
0005 0013 1 1670920681575358 9.75 -61.5 5.7616318392984684 18 
0005 0011 1 1670920681577274 19.5 -64.0 2.6445828783148455 18 
0005 0015 1 1670920681587575 26.0 -67.5 0.760854470791278 18 
0005 0008 1 1670920681589714 97.625 -68.5 2.60776733940559 18 
0005 0005 1 1670920681592173 -62.625 -54.5 5.160311370447297 18 
0005 0012 1 1670920681615893 55.3125 -71.0 0.39269908169872414 18 
0005 0009 1 1670920681626051 -13.0 -73.5 4.749204519293945 18 
0005 0008 2 1670920681657019 35.75 -63.5 1.6137477888556946 18 
0005 0014 2 1670920681657953 74.8125 -65.0 0.9203884727313847 18 
0005 0012 2 1670920681662176 29.25 -61.0 4.718524903536232 18 
0005 0011 2 1670920681668752 0.0 -56.5 4.356505437595221 18 
0005 0015 2 1670920681669724 29.25 -68.0 5.6941366846315 18 
0005 0005 2 1670920681673519 -42.3125 -64.5 2.761165418194154 18 
0005 0010 2 1670920681675054 -71.5625 -65.5 5.47937937432751 18 
0005 0000 2 1670920681689481 335.25 -72.5 5.350524988145116 18 
0005 0013 2 1670920681692275 -26.0 -68.0 2.6813984172241008 18 
0005 0015 3 1670920681728773 45.5625 -69.0 5.387340527054372 18 
0005 0004 4 1670920681796311 52.0625 -66.0 4.988505522204105 18 
0005 0015 4 1670920681807127 16.25 -69.5 3.2581751934691017 18 
0005 0014 4 1670920681808033 -32.5 -70.0 0.11658253987930872 18 
0005 0013 4 1670920681817388 71.5625 -69.0 0.3620194659410113 18 
0005 0006 4 1670920681826812 0.0 -68.5 3.2888548092268146 18 
0005 0012 5 1670920681888691 -81.375 -64.5 4.81056375080937 18 
0005 0014 5 1670920681889614 123.6875 -67.0 2.3009711818284617 18 
0005 0012 6 1670920681981306 26.0 -68.5 0.9633399347921826 18 
0005 0015 7 1670920682016983 29.25 -61.5 0.03681553890925539 18 
0005 0004 7 1670920682019771 13.8125 -58.0 1.5707963267948966 18 
0005 0012 7 1670920682020851 -16.25 -67.5 2.9391071895888885 18 
0005 0014 7 1670920682036295 32.5 -64.0 5.111223985234957 18 
0005 0010 7 1670920682038639 58.5625 -63.5 2.270291566070749 18 
0005 0005 8 1670920682086709 -48.8125 -66.5 2.3439226438892597 18 
0005 0011 8 1670920682089346 6.5 -62.5 1.6996507129772904 18 
0005 0010 8 1670920682091715 -19.5 -62.5 0.5276893910326605 18 
0005 0006 8 1670920682096489 39.0 -59.5 3.6140587362585705 18 
0005 0015 8 1670920682097908 -42.3125 -68.5 4.252194744018997 18 
0005 0014 8 1670920682099070 22.75 -68.0 1.1535535524900022 18 
0005 0009 8 1670920682103127 107.375 -74.5 1.7978254834019713 18 
0005 0004 8 1670920682104327 -17.0625 -61.0 2.8961557275280905 18 
0005 0013 8 1670920682110937 48.8125 -66.5 5.786175531904639 18 
0005 0012 8 1670920682113074 -3.25 -64.5 4.534447208989955 18 
0005 0009 1 1670920682326792 -68.3125 -74.5 4.896466674930966 18 
0005 0013 1 1670920682331837 22.75 -62.0 5.878214379177777 18 
0005 0004 1 1670920682333025 13.8125 -61.0 5.178719139901925 18 
0005 0005 1 1670920682336021 -19.5 -54.5 4.81056375080937 18 
0005 0014 1 1670920682336969 9.75 -63.5 6.277049384028044 18 
0005 0007 1 1670920682343899 104.125 -67.5 0.5951845456996288 18 
0005 0015 1 1670920682344850 29.25 -67.0 0.9142525495798421 18 
0005 0011 1 1670920682347447 -65.0625 -64.0 2.650718801466388 18 
0005 0008 1 1670920682348878 -45.5625 -67.5 3.663146121470911 18 
0005 0010 1 1670920682351819 -55.3125 -69.5 2.9575149590435164 18 
0005 0012 1 1670920682360275 -97.625 -72.5 0.1902136176978195 18 
0005 0005 2 1670920682388208 -97.625 -63.5 2.724349879284899 18 
0005 0012 2 1670920682391193 -52.0625 -60.5 4.988505522204105 18 
0005 0013 2 1670920682393107 -97.625 -67.0 3.1231848841351653 18 
0005 0008 2 1670920682396550 26.0 -63.0 2.2948352586769194 18 
0005 0011 2 1670920682400842 -13.0 -56.0 4.473087977474529 18 
0005 0010 2 1670920682401868 -55.3125 -65.5 5.546874528994478 18 
0005 0015 2 1670920682403554 113.875 -68.5 5.460971604872882 18 
0005 0014 2 1670920682406502 39.0 -64.0 1.2087768608538851 18 
0005 0015 3 1670920682497303 -19.5 -69.0 5.21553467881118 18 
0005 0005 3 1670920682507912 9.75 -68.5 2.12916533358527 18 
0005 0013 4 1670920682556214 107.375 -69.0 6.160466844148735 18 
0005 0015 4 1670920682576904 -48.8125 -70.5 3.2643111166206444 18 
0005 0006 4 1670920682584288 -78.0625 -70.5 3.368621810196868 18 
0005 0014 4 1670920682585476 16.25 -69.5 0.11658253987930872 18 
0005 0004 4 1670920682589166 45.5625 -68.0 5.338253141842031 18 
0005 0012 5 1670920682617770 22.75 -65.0 4.577398671050753 18 
0005 0014 5 1670920682639459 -32.5 -67.0 2.6813984172241008 18 
0005 0012 6 1670920682701346 -13.0 -68.0 0.9694758579437253 18 
0005 0004 6 1670920682706891 -17.0625 -72.0 0.4970097752749477 18 
0005 0015 7 1670920682758317 32.5 -61.5 0.11044661672776616 18 
0005 0012 7 1670920682759524 -113.875 -67.5 3.1968159619536762 18 
0005 0004 7 1670920682761589 -34.9375 -58.5 2.0493983326152168 18 
0005 0014 7 1670920682771247 16.25 -63.5 5.080544369477243 18 
0005 0010 7 1670920682773655 -3.25 -64.0 2.350058567040802 18 
