0008 0011 1 1670922430447527 34.9375 -65.0 4.957825906446392 0 
0008 0004 1 1670922430451881 61.8125 -63.5 1.0246991663076084 0 
0008 0000 1 1670922430463977 -3.25 -69.5 0.2086213871524472 0 
0008 0009 1 1670922430464913 71.5625 -65.0 3.147728576741336 0 
0008 0015 1 1670922430469269 -45.5625 -67.5 3.5956509668039427 0 
0008 0014 1 1670922430470669 -29.25 -64.0 3.5895150436524004 0 
0008 0008 1 1670922430475089 -16.25 -70.5 5.853670686571607 0 
0008 0010 1 1670922430477709 87.875 -64.0 3.902447124381071 0 
0008 0011 2 1670922430515961 -136.6875 -66.5 2.8777479580734626 0 
0008 0014 2 1670922430518355 13.0 -59.5 1.5892040962495242 0 
0008 0008 2 1670922430522971 9.75 -67.0 4.97623367590102 0 
0008 0012 2 1670922430528606 -35.75 -58.0 4.0558452031696355 0 
0008 0004 2 1670922430531221 -107.375 -64.0 3.117048960983623 0 
0008 0015 2 1670922430536990 -13.0 -62.5 3.988350048502667 0 
0008 0013 2 1670922430552997 -87.875 -60.5 0.04908738521234052 0 
0008 0005 3 1670922430623099 27.625 -61.5 3.2704470397721868 0 
0008 0011 3 1670922430626215 -87.875 -71.0 0.9756117810952678 0 
0008 0012 3 1670922430631851 6.5 -65.0 4.528311285838413 0 
0008 0013 3 1670922430633610 -107.375 -68.0 6.025476534814799 0 
0008 0007 3 1670922430689544 139.9375 -70.0 0.3190680038802134 0 
0008 0011 4 1670922430740940 100.875 -63.0 2.8654761117703775 0 
0008 0005 4 1670922430742384 -17.0625 -65.5 0.1718058482431918 0 
0008 0014 4 1670922430746308 39.0 -61.5 0.6013204688511713 0 
0008 0001 4 1670922430755714 -59.375 -62.5 4.792155981354743 0 
0008 0000 4 1670922430759883 19.5 -72.0 0.7669903939428205 0 
0008 0013 4 1670922430762741 -19.5 -63.5 6.270913460876501 0 
0008 0015 4 1670922430763722 32.5 -61.0 0.3620194659410113 0 
0008 0008 4 1670922430772592 192.0 -71.5 1.5033011721279284 0 
0008 0015 5 1670922430824014 -48.8125 -67.5 0.5706408530934585 0 
0008 0011 6 1670922430876276 17.0625 -63.0 0.803805932852076 0 
0008 0015 6 1670922430878434 -65.0625 -72.5 1.7241944055834606 0 
0008 0001 6 1670922430882004 -170.0625 -67.5 5.9088939949354895 0 
0008 0013 6 1670922430885125 -42.3125 -66.0 4.074252972624263 0 
0008 0005 6 1670922430901676 0.0 -57.0 4.399456899656019 0 
0008 0011 7 1670922430960988 -104.125 -63.0 5.724816300389213 0 
0008 0001 7 1670922430963293 52.0625 -60.0 2.1046216409791 0 
0008 0010 7 1670922430965477 -19.5 -63.0 0.48473792897186263 0 
0008 0004 7 1670922430966649 -17.0625 -60.0 4.0128937411088375 0 
0008 0015 7 1670922430974032 3.25 -60.0 4.031301510563465 0 
0008 0007 7 1670922430974988 -91.125 -70.0 4.0128937411088375 0 
0008 0014 7 1670922430980206 -71.5625 -61.0 4.890330751779424 0 
0008 0005 7 1670922430981125 90.3125 -68.5 2.3009711818284617 0 
0008 0008 7 1670922430983038 32.5 -70.0 0.5522330836388308 0 
0008 0006 7 1670922430985348 -173.3125 -69.5 3.6324665057131984 0 
0008 0014 8 1670922431026939 6.5 -62.0 0.23930100291016002 0 
0008 0000 8 1670922431035193 -84.625 -74.0 4.657165672020807 0 
0008 0015 8 1670922431040733 6.5 -68.5 5.056000676871073 0 
0008 0012 8 1670922431041796 -27.625 -73.0 2.405281875404685 0 
0008 0008 8 1670922431043687 32.5 -69.0 3.5956509668039427 0 
0008 0011 1 1670922431258755 48.8125 -65.0 4.779884135051658 0 
0008 0010 1 1670922431262342 -13.0 -64.5 4.0558452031696355 0 
0008 0004 1 1670922431263533 152.9375 -63.5 0.8406214717613314 0 
0008 0014 1 1670922431265866 -48.8125 -63.5 3.5711072741977725 0 
0008 0000 1 1670922431274312 -68.3125 -70.0 0.09203884727313846 0 
0008 0008 1 1670922431275830 78.0625 -70.0 5.706408530934585 0 
0008 0009 1 1670922431280308 -45.5625 -66.0 3.0372819600135696 0 
0008 0015 1 1670922431281471 58.5625 -68.5 3.472932503773092 0 
0008 0012 1 1670922431297789 17.0625 -71.5 2.6875343403756435 0 
0008 0012 2 1670922431333004 6.5 -57.5 3.933126740138784 0 
0008 0015 2 1670922431334213 -68.3125 -62.0 4.06811704947272 0 
0008 0013 2 1670922431335940 42.3125 -60.5 6.209554229361076 0 
0008 0008 2 1670922431336887 -97.625 -67.5 5.043728830567988 0 
0008 0014 2 1670922431342356 7.3125 -59.5 1.6137477888556946 0 
0008 0011 2 1670922431347648 -24.375 -67.5 2.859340188618835 0 
0008 0004 2 1670922431356577 -74.8125 -64.0 2.9697868053466014 0 
0008 0013 3 1670922431413659 -87.875 -68.0 6.22182607566416 0 
0008 0005 3 1670922431420413 10.5625 -61.0 3.2949907323783574 0 
0008 0012 3 1670922431425310 -42.3125 -66.0 4.638757902566179 0 
0008 0011 3 1670922431450259 27.625 -68.5 0.5767767762450011 0 
0008 0007 3 1670922431464838 201.8125 -71.5 0.4111068511533518 0 
0008 0015 3 1670922431518618 -152.9375 -72.5 4.7860200582032 0 
0008 0014 4 1670922431557886 42.3125 -62.5 0.6504078540635119 0 
0008 0005 4 1670922431567342 -3.25 -65.5 0.09817477042468103 0 
0008 0015 4 1670922431571633 9.75 -61.0 0.5092816215780329 0 
0008 0001 4 1670922431572581 -24.375 -63.5 4.896466674930966 0 
0008 0013 4 1670922431577509 52.0625 -63.5 0.04295146206079795 0 
0008 0011 4 1670922431580139 -13.8125 -64.0 3.2888548092268146 0 
0008 0000 4 1670922431581585 -19.5 -72.0 0.8835729338221293 0 
0008 0008 4 1670922431593253 -52.0625 -71.5 1.9389517158874505 0 
0008 0005 5 1670922431648233 -79.75 -68.0 4.718524903536232 0 
0008 0015 5 1670922431655464 42.3125 -67.0 0.28838838812250056 0 
0008 0001 5 1670922431659988 -68.3125 -69.5 3.5342917352885173 0 
0008 0005 6 1670922431720759 10.5625 -59.0 4.565126824747668 0 
0008 0011 6 1670922431725436 -21.125 -62.5 0.8897088569736719 0 
0008 0001 6 1670922431735067 -87.0625 -68.5 5.565282298449106 0 
0008 0013 6 1670922431738699 -6.5 -65.5 4.147884050442774 0 
0008 0006 7 1670922431778438 74.8125 -71.0 2.9391071895888885 0 
0008 0011 7 1670922431781991 27.625 -64.0 5.595961914206819 0 
0008 0004 7 1670922431783176 9.75 -60.0 3.9822141253511245 0 
0008 0015 7 1670922431784539 -6.5 -60.0 4.04357335686655 0 
0008 0001 7 1670922431787631 38.1875 -60.5 1.8960002538266525 0 
0008 0014 7 1670922431788833 -16.25 -61.0 4.945554060143307 0 
0008 0010 7 1670922431790983 6.5 -62.5 0.5338253141842031 0 
0008 0007 7 1670922431807822 -146.4375 -69.5 3.902447124381071 0 
0008 0008 7 1670922431809237 91.125 -69.0 0.20248546400090464 0 
0008 0014 8 1670922431840140 34.9375 -62.5 0.09203884727313846 0 
0008 0008 8 1670922431844542 45.5625 -68.5 3.7981364308048478 0 
0008 0012 8 1670922431852235 -9.75 -72.5 2.6813984172241008 0 
0008 0015 8 1670922431853203 29.25 -69.0 5.117359908386499 0 
0008 0000 8 1670922431855913 26.0 -75.5 3.816544200259475 0 
0008 0000 1 1670922432087713 -120.4375 -70.5 0.07363107781851078 0 
0008 0011 1 1670922432089149 -3.25 -68.5 4.902602598082509 0 
0008 0012 1 1670922432090353 48.8125 -68.0 1.8162332528565992 0 
0008 0004 1 1670922432094234 30.875 -65.0 1.1106020904292042 0 
0008 0014 1 1670922432096397 -32.5 -64.0 3.6815538909255388 0 
0008 0010 1 1670922432102307 3.25 -64.0 3.6815538909255388 0 
0008 0015 1 1670922432109815 -97.625 -66.0 3.6017868899554855 0 
0008 0009 1 1670922432110723 -55.3125 -69.0 2.478912953223196 0 
0008 0009 2 1670922432157657 26.0 -68.5 1.5707963267948966 0 
0008 0013 2 1670922432164664 -35.75 -57.5 6.013204688511713 0 
0008 0011 2 1670922432166176 48.8125 -66.0 3.2581751934691017 0 
0008 0015 2 1670922432169420 -29.25 -61.5 3.9453985864418692 0 
0008 0012 2 1670922432170843 6.5 -59.0 3.54042765844006 0 
0008 0014 2 1670922432174925 -29.25 -60.0 1.423534171157875 0 
0008 0004 2 1670922432176894 59.375 -64.5 2.773437264497239 0 
0008 0008 2 1670922432192141 -113.875 -69.5 5.240078371417351 0 
0008 0013 3 1670922432216694 -52.0625 -70.0 5.755495916146925 0 
0008 0005 3 1670922432222455 -21.125 -60.0 4.01902966426038 0 
0008 0005 4 1670922432298119 45.5625 -64.5 1.7303303287350031 0 
0008 0014 4 1670922432309434 48.8125 -67.5 0.8958447801252144 0 
0008 0004 4 1670922432316910 110.625 -71.5 1.9819031779482483 0 
0008 0015 4 1670922432326415 -48.8125 -72.5 0.6994952392758523 0 
0008 0001 4 1670922432327364 -87.875 -69.5 4.724660826687775 0 
0008 0005 5 1670922432386884 21.125 -68.5 5.006913291658733 0 
0008 0015 5 1670922432396543 -19.5 -65.0 0.2454369260617026 0 
0008 0005 6 1670922432439609 34.9375 -59.5 4.086524818927348 0 
0008 0001 6 1670922432445411 -38.1875 -65.0 6.000932842208628 0 
0008 0011 6 1670922432447848 -97.625 -66.5 0.7117670855789375 0 
0008 0012 6 1670922432451469 16.25 -72.5 3.9760782021995817 0 
0008 0015 6 1670922432452378 26.0 -66.5 0.7301748550335652 0 
0008 0013 6 1670922432455498 78.0625 -71.0 5.755495916146925 0 
0008 0005 7 1670922432493373 -79.75 -69.5 2.386874105950058 0 
0008 0015 7 1670922432497368 22.75 -61.5 4.25833066717054 0 
0008 0010 7 1670922432502863 -39.0 -61.0 0.5460971604872883 0 
0008 0014 7 1670922432504420 6.5 -60.0 4.743068596142402 0 
0008 0008 7 1670922432506543 -16.25 -68.0 0.20248546400090464 0 
0008 0004 7 1670922432510392 -48.8125 -59.0 3.8410878928656453 0 
0008 0011 7 1670922432511407 10.5625 -61.0 5.71868037723767 0 
0008 0001 7 1670922432512599 125.3125 -61.0 1.9573594853420782 0 
0008 0006 7 1670922432517694 3.25 -70.0 3.2397674240144743 0 
0008 0008 8 1670922432554629 -9.75 -68.0 3.399301425954581 0 
0008 0009 8 1670922432555565 35.75 -70.0 3.816544200259475 0 
0008 0012 8 1670922432558060 84.625 -70.5 2.5157284921324514 0 
0008 0014 8 1670922432559249 -32.5 -61.5 0.14112623248547898 0 
0008 0015 8 1670922432561281 16.25 -70.0 5.2768939103266055 0 
0008 0008 1 1670922432798635 39.0 -70.5 4.172427743048944 0 
0008 0015 1 1670922432799841 -6.5 -67.0 3.9085830475326135 0 
0008 0004 1 1670922432802032 3.25 -63.0 1.0369710126106935 0 
0008 0012 1 1670922432803023 -19.5 -72.5 2.2886993355253766 0 
0008 0011 1 1670922432808199 24.375 -68.0 3.792000507653305 0 
0008 0010 1 1670922432810828 -48.8125 -65.5 4.01902966426038 0 
0008 0014 1 1670922432812270 -19.5 -66.5 3.6017868899554855 0 
0008 0000 1 1670922432822428 117.125 -71.5 6.17273869045182 0 
0008 0011 2 1670922432859445 135.0625 -66.5 2.3623304133438876 0 
0008 0014 2 1670922432860587 -9.75 -60.5 1.4787574795217582 0 
0008 0013 2 1670922432864905 13.0 -59.5 5.6941366846315 0 
0008 0012 2 1670922432868622 -19.5 -58.5 3.736777199289422 0 
0008 0004 2 1670922432873201 65.875 -63.5 2.5341362615870793 0 
0008 0006 2 1670922432887764 -107.375 -70.0 0.4295146206079795 0 
0008 0008 2 1670922432912531 341.75 -71.5 3.761320891895592 0 
0008 0005 3 1670922432942319 13.8125 -61.0 3.454524734318464 0 
0008 0007 3 1670922432944737 -126.9375 -68.5 1.325359400733194 0 
0008 0012 3 1670922432955140 -19.5 -65.5 4.135612204139688 0 
0008 0011 4 1670922433011050 21.125 -65.0 2.4605051837685683 0 
0008 0014 4 1670922433015571 -104.125 -71.5 1.509437095279471 0 
0008 0008 4 1670922433022661 -104.125 -70.5 1.5953400194010667 0 
0008 0005 4 1670922433023623 -48.8125 -65.0 0.7669903939428205 0 
0008 0001 4 1670922433034259 13.8125 -64.5 4.528311285838413 0 
0008 0000 4 1670922433044085 45.5625 -73.5 1.6935147898257479 0 
0008 0005 5 1670922433078784 -263.625 -67.5 5.64504929941916 0 
0008 0015 5 1670922433092497 35.75 -64.5 0.36815538909255385 0 
0008 0001 6 1670922433126294 48.8125 -66.5 5.976389149602458 0 
0008 0011 6 1670922433129064 21.125 -64.0 0.2454369260617026 0 
0008 0005 6 1670922433138271 0.0 -59.5 4.215379205109742 0 
0008 0013 6 1670922433148787 19.5 -69.5 3.988350048502667 0 
0008 0015 6 1670922433151128 -143.1875 -70.0 1.0921943209745766 0 
0008 0014 7 1670922433184418 73.1875 -60.5 4.558990901596125 0 
0008 0001 7 1670922433186516 52.0625 -59.5 2.1230294104337273 0 
0008 0005 7 1670922433187902 197.6875 -67.5 2.12916533358527 0 
0008 0015 7 1670922433194748 -39.0 -61.0 4.166291819897402 0 
0008 0004 7 1670922433195891 -7.3125 -60.5 3.865631585471816 0 
0008 0011 7 1670922433205375 -59.375 -63.5 5.546874528994478 0 
0008 0010 7 1670922433206367 48.8125 -62.5 0.46019423636569234 0 
0008 0008 7 1670922433210696 -48.8125 -69.0 0.25770877236478773 0 
0008 0012 8 1670922433237667 -62.625 -70.0 2.325514874434632 0 
0008 0009 8 1670922433249605 -6.5 -66.0 4.215379205109742 0 
0008 0014 8 1670922433250852 -42.3125 -63.0 0.22089323345553233 0 
0008 0015 8 1670922433252743 -74.8125 -71.0 5.019185137961818 0 
0008 0011 8 1670922433253731 -34.9375 -70.5 3.3624858870453256 0 
0008 0008 8 1670922433256843 13.0 -67.0 3.399301425954581 0 
0008 0000 1 1670922433480239 -22.75 -69.0 0.1043106935762236 0 
0008 0004 1 1670922433482574 -3.25 -62.5 1.227184630308513 0 
0008 0011 1 1670922433484497 -7.3125 -67.0 3.6447383520162835 0 
0008 0015 1 1670922433491199 32.5 -66.5 3.8533597391687304 0 
0008 0008 1 1670922433492147 -32.5 -70.0 4.651029748869264 0 
0008 0014 1 1670922433498235 -26.0 -67.0 3.7122335066832517 0 
0008 0010 1 1670922433501336 13.0 -67.0 3.988350048502667 0 
0008 0012 1 1670922433507040 -162.75 -72.0 2.1905245651006955 0 
0008 0011 2 1670922433536982 3.25 -66.5 2.3439226438892597 0 
0008 0013 2 1670922433540787 0.0 -61.0 5.798447378207723 0 
0008 0012 2 1670922433549989 -22.75 -59.5 3.8533597391687304 0 
0008 0004 2 1670922433551220 -45.5625 -63.5 2.834796496012665 0 
0008 0014 2 1670922433552152 -6.5 -60.5 1.4603497100671303 0 
0008 0015 2 1670922433557642 -52.0625 -65.5 3.9944859716542096 0 
0008 0006 2 1670922433565396 125.3125 -69.5 0.07363107781851078 0 
0008 0009 2 1670922433571887 16.25 -69.0 1.3130875544301088 0 
0008 0005 2 1670922433574395 218.875 -69.0 3.479068426924634 0 
0008 0012 3 1670922433606315 -79.75 -66.5 3.9944859716542096 0 
0008 0005 3 1670922433607483 0.0 -61.5 3.6386024288647407 0 
0008 0007 3 1670922433630640 -61.8125 -69.5 1.1535535524900022 0 
0008 0001 4 1670922433678929 -7.3125 -64.5 4.626486056263094 0 
0008 0005 4 1670922433690795 -3.25 -66.0 0.9019807032767571 0 
0008 0011 4 1670922433694270 48.8125 -64.5 2.6813984172241008 0 
0008 0008 4 1670922433697358 -35.75 -70.5 1.6014759425526093 0 
0008 0014 4 1670922433704679 39.0 -69.0 0.9142525495798421 0 
0008 0015 4 1670922433713364 -61.8125 -72.5 1.9941750242513334 0 
0008 0015 5 1670922433764190 65.0625 -66.0 0.17794177139473438 0 
0008 0001 6 1670922433809031 -41.5 -65.5 5.945709533844745 0 
0008 0015 6 1670922433814730 94.375 -71.5 0.35588354278946877 0 
0008 0013 6 1670922433815948 -78.0625 -65.5 3.3502140407422405 0 
0008 0005 6 1670922433818833 -17.0625 -59.0 4.239922897715912 0 
0008 0011 6 1670922433829062 -13.8125 -62.0 0.4111068511533518 0 
0008 0004 6 1670922433830990 -117.125 -71.0 4.945554060143307 0 
0008 0010 7 1670922433867857 16.25 -62.0 0.4724660826687775 0 
0008 0001 7 1670922433872842 -7.3125 -60.0 2.1966604882522383 0 
0008 0005 7 1670922433874785 104.125 -69.5 2.6139032625571326 0 
0008 0008 7 1670922433876954 188.75 -69.0 6.1420590746941075 0 
0008 0011 7 1670922433880314 194.4375 -61.5 5.534602682691394 0 
0008 0014 7 1670922433883204 -65.875 -61.0 4.7307967498393175 0 
0008 0015 7 1670922433885681 9.75 -61.0 4.09266074207889 0 
0008 0004 7 1670922433886642 6.5 -60.0 3.7551849687440497 0 
0008 0013 7 1670922433898276 19.5 -69.5 5.270757987175063 0 
0008 0014 8 1670922433938162 -6.5 -62.5 0.03681553890925539 0 
0008 0008 8 1670922433950320 0.0 -67.0 3.3440781175906977 0 
0008 0009 8 1670922433952872 3.25 -66.5 4.006757817957295 0 
0008 0011 8 1670922433959479 48.8125 -72.5 3.724505352986337 0 
0008 0015 8 1670922433964790 -52.0625 -72.0 4.657165672020807 0 
0008 0012 8 1670922433965765 110.625 -70.5 3.141592653589793 0 
0008 0014 1 1670922434188416 -13.0 -66.5 3.730641276137879 0 
0008 0008 1 1670922434195807 -6.5 -71.5 4.626486056263094 0 
0008 0000 1 1670922434196746 -65.0625 -70.5 6.062292073724054 0 
0008 0004 1 1670922434200851 45.5625 -63.0 1.0983302441261191 0 
0008 0010 1 1670922434202058 -81.375 -65.0 4.129476280988146 0 
0008 0011 1 1670922434205178 29.25 -67.0 3.724505352986337 0 
0008 0012 1 1670922434215909 128.5625 -72.5 1.9266798695843652 0 
0008 0015 1 1670922434222586 -91.125 -67.0 4.3074180523828804 0 
0008 0006 2 1670922434288863 -121.25 -71.0 0.11658253987930872 0 
0008 0015 2 1670922434290253 -94.375 -65.5 4.06811704947272 0 
0008 0011 2 1670922434294092 10.5625 -66.5 2.2396119503130363 0 
0008 0012 2 1670922434295578 3.25 -59.5 3.816544200259475 0 
0008 0014 2 1670922434296724 24.375 -60.0 1.3989904785517047 0 
0008 0013 2 1670922434297671 -42.3125 -61.5 5.841398840268521 0 
0008 0004 2 1670922434300133 -104.125 -64.0 2.84706834231575 0 
0008 0012 3 1670922434382676 -131.8125 -67.0 4.184699589352029 0 
0008 0005 3 1670922434386916 -10.5625 -61.0 3.650874275167826 0 
0008 0007 3 1670922434399656 74.8125 -69.0 0.8344855486097889 0 
0008 0011 4 1670922434476200 59.375 -65.0 2.5832236467994196 0 
0008 0005 4 1670922434477163 -30.875 -66.0 0.8958447801252144 0 
0008 0008 4 1670922434488315 -71.5625 -70.5 1.7732817907958012 0 
0008 0015 4 1670922434490487 52.0625 -72.5 1.6996507129772904 0 
0008 0001 4 1670922434492692 -59.375 -64.0 4.479223900626073 0 
0008 0014 4 1670922434512183 6.5 -69.0 0.9387962421860124 0 
0008 0015 5 1670922434568147 -9.75 -68.5 0.28225246497095796 0 
0008 0001 6 1670922434639734 24.375 -67.0 5.915029918087033 0 
0008 0015 6 1670922434640702 113.875 -72.0 0.5338253141842031 0 
0008 0013 6 1670922434650957 -71.5625 -66.0 3.479068426924634 0 
0008 0011 6 1670922434653800 7.3125 -62.5 0.44178646691106466 0 
0008 0004 6 1670922434655119 76.4375 -70.5 4.589670517353839 0 
0008 0005 6 1670922434667892 -16.25 -59.0 4.3074180523828804 0 
0008 0008 7 1670922434699687 110.625 -68.0 0.12885438618239387 0 
0008 0005 7 1670922434700666 136.6875 -69.5 2.3930100291016 0 
0008 0010 7 1670922434702560 22.75 -61.5 0.4908738521234052 0 
0008 0011 7 1670922434704710 87.0625 -62.0 5.626641529964532 0 
0008 0015 7 1670922434706395 -13.0 -60.5 4.135612204139688 0 
0008 0013 7 1670922434707597 143.1875 -69.5 5.117359908386499 0 
0008 0014 7 1670922434708768 -6.5 -61.0 4.589670517353839 0 
0008 0004 7 1670922434715045 17.0625 -60.0 3.706097583531709 0 
0008 0001 7 1670922434716022 107.375 -60.0 1.9880391010997909 0 
0008 0012 8 1670922434782392 58.5625 -70.0 3.067961575771282 0 
0008 0008 8 1670922434783608 6.5 -67.5 3.3195344249845276 0 
0008 0009 8 1670922434786487 -113.875 -67.5 4.0987966652304335 0 
0008 0014 8 1670922434789347 -45.5625 -62.5 0.09203884727313846 0 
0008 0011 8 1670922434797684 52.0625 -72.0 3.816544200259475 0 
0008 0015 8 1670922434798677 32.5 -73.5 4.632621979414636 0 
0008 0014 1 1670922435029803 -94.375 -67.5 3.767456815047135 0 
0008 0010 1 1670922435031705 13.0 -66.5 4.037437433715008 0 
0008 0008 1 1670922435032923 104.125 -70.0 4.430136515413731 0 
0008 0015 1 1670922435034118 -113.875 -68.0 4.227651051412827 0 
0008 0012 1 1670922435036814 -197.6875 -71.0 2.36846633649543 0 
0008 0004 1 1670922435045056 19.5 -62.5 1.0799224746714913 0 
0008 0011 1 1670922435047114 -97.625 -67.0 3.865631585471816 0 
0008 0000 1 1670922435051313 -26.0 -70.5 5.982525072754001 0 
0008 0015 2 1670922435077132 -6.5 -65.5 3.9453985864418692 0 
0008 0013 2 1670922435079932 0.0 -61.0 5.786175531904639 0 
0008 0012 2 1670922435082033 48.8125 -59.0 3.693825737228624 0 
0008 0014 2 1670922435087718 55.3125 -60.5 1.3314953238847365 0 
0008 0011 2 1670922435090591 131.8125 -66.5 2.1966604882522383 0 
0008 0004 2 1670922435092268 0.0 -64.0 2.7550294950426117 0 
0008 0006 2 1670922435094580 -30.875 -68.5 0.15339807878856412 0 
0008 0005 2 1670922435109576 65.875 -70.5 3.8410878928656453 0 
0008 0005 3 1670922435147341 34.9375 -61.0 3.6017868899554855 0 
0008 0007 3 1670922435150193 -52.0625 -69.5 1.043106935762236 0 
0008 0012 3 1670922435158911 -55.3125 -68.0 3.9699422790480394 0 
0008 0011 4 1670922435208054 -13.8125 -65.0 2.7857091108003242 0 
0008 0008 4 1670922435215995 149.6875 -72.5 1.607611865704152 0 
0008 0005 4 1670922435219376 45.5625 -66.0 0.7853981633974483 0 
0008 0014 4 1670922435228211 142.375 -70.0 0.7485826244881929 0 
0008 0001 4 1670922435238182 -7.3125 -64.5 4.417864669110647 0 
0008 0015 4 1670922435246610 -19.5 -72.5 1.6689710972195777 0 
0008 0015 5 1670922435301620 104.125 -67.5 0.1043106935762236 0 
0008 0004 6 1670922435350180 -87.0625 -70.5 4.76147636559703 0 
0008 0005 6 1670922435352043 -21.125 -59.0 4.325825821837508 0 
0008 0001 6 1670922435352991 73.1875 -66.0 5.786175531904639 0 
0008 0015 6 1670922435354227 -32.5 -71.5 0.7240389318820226 0 
0008 0013 6 1670922435355400 -22.75 -65.5 3.3624858870453256 0 
0008 0011 6 1670922435362813 24.375 -62.0 0.39269908169872414 0 
0008 0013 7 1670922435397951 -74.8125 -69.5 5.375068680751287 0 
0008 0014 7 1670922435402858 3.25 -61.0 4.651029748869264 0 
0008 0010 7 1670922435404065 19.5 -62.0 0.5645049299419159 0 
0008 0001 7 1670922435408775 -21.125 -60.5 2.1475731030398975 0 
0008 0004 7 1670922435410443 9.75 -60.0 3.785864584501762 0 
0008 0005 7 1670922435411407 128.5625 -69.0 2.5709518004963345 0 
0008 0008 7 1670922435415612 100.875 -68.5 6.270913460876501 0 
0008 0015 7 1670922435417839 19.5 -60.5 4.111068511533518 0 
0008 0011 7 1670922435424754 27.625 -62.0 5.6941366846315 0 
