0008 0008 1 1670922454756829 -126.9375 -69.5 5.64504929941916 0 
0008 0000 1 1670922454757823 -29.25 -68.5 0.018407769454627694 0 
0008 0015 1 1670922454762107 -42.3125 -67.0 3.6447383520162835 0 
0008 0004 1 1670922454764470 41.5 -63.5 0.8406214717613314 0 
0008 0014 1 1670922454774345 -21.125 -63.5 3.5895150436524004 0 
0008 0012 1 1670922454778862 68.3125 -70.0 2.6445828783148455 0 
0008 0010 1 1670922454780265 -29.25 -65.0 4.135612204139688 0 
0008 0011 1 1670922454783415 41.5 -64.0 4.71238898038469 0 
0008 0009 1 1670922454791121 -104.125 -66.0 2.988194574801229 0 
0008 0011 2 1670922454840287 -52.0625 -67.0 3.0127382674073995 0 
0008 0012 2 1670922454843442 -9.75 -57.5 3.8410878928656453 0 
0008 0015 2 1670922454848801 -22.75 -62.0 4.01902966426038 0 
0008 0008 2 1670922454849767 -257.125 -67.5 5.0253210611133605 0 
0008 0014 2 1670922454850700 55.3125 -59.0 1.4787574795217582 0 
0008 0004 2 1670922454852128 22.75 -64.0 2.804116880254952 0 
0008 0013 2 1670922454857171 0.0 -59.5 6.17273869045182 0 
0008 0012 3 1670922454919911 -156.1875 -65.5 4.884194828627882 0 
0008 0011 3 1670922454923238 3.25 -67.5 0.7179030087304801 0 
0008 0013 3 1670922454924428 162.75 -69.5 6.1850105367549055 0 
0008 0007 3 1670922454929299 -48.8125 -69.5 0.6688156235181395 0 
0008 0005 3 1670922454930246 -13.8125 -61.0 3.429981041712294 0 
0008 0014 4 1670922454995989 39.0 -62.5 0.7853981633974483 0 
0008 0015 4 1670922455008107 26.0 -61.5 0.4111068511533518 0 
0008 0013 4 1670922455012941 42.3125 -64.5 0.380427235395639 0 
0008 0001 4 1670922455015138 -76.4375 -63.5 5.111223985234957 0 
0008 0011 4 1670922455021728 3.25 -62.5 3.2827188860752723 0 
0008 0005 4 1670922455024340 81.375 -65.5 6.252505691421874 0 
0008 0000 4 1670922455029120 55.3125 -71.5 0.8897088569736719 0 
0008 0008 4 1670922455037663 139.9375 -72.0 1.521708941582556 0 
0008 0015 5 1670922455091415 39.0 -66.5 0.04908738521234052 0 
0008 0005 5 1670922455111448 -55.3125 -68.5 5.123495831538041 0 
0008 0015 6 1670922455156091 -35.75 -72.0 1.6935147898257479 0 
0008 0011 6 1670922455159424 -7.3125 -62.5 0.8222137023067037 0 
0008 0005 6 1670922455163294 0.0 -58.5 4.816699673960914 0 
0008 0001 6 1670922455171434 -13.8125 -69.0 5.988660995905543 0 
0008 0013 6 1670922455175569 -19.5 -69.0 4.23378697456437 0 
0008 0001 7 1670922455210222 24.375 -60.0 2.043262409463674 0 
0008 0004 7 1670922455212541 3.25 -61.0 4.0558452031696355 0 
0008 0005 7 1670922455217300 42.3125 -68.5 1.5953400194010667 0 
0008 0015 7 1670922455221820 -3.25 -59.5 4.04357335686655 0 
0008 0014 7 1670922455225771 -19.5 -61.0 4.914874444385594 0 
0008 0010 7 1670922455231095 35.75 -62.5 0.35588354278946877 0 
0008 0007 7 1670922455233265 -107.375 -69.5 3.8288160465625602 0 
0008 0011 7 1670922455234195 -38.1875 -64.0 5.448699758569798 0 
0008 0006 7 1670922455239772 -41.5 -69.5 3.184544115650591 0 
0008 0008 7 1670922455250563 65.0625 -68.0 0.07363107781851078 0 
0008 0014 8 1670922455298538 -9.75 -62.0 0.25770877236478773 0 
0008 0015 8 1670922455301502 -107.375 -68.5 5.141903600992669 0 
0008 0008 8 1670922455307509 -48.8125 -69.0 3.6386024288647407 0 
0008 0012 8 1670922455313048 191.1875 -73.0 2.2764274892222915 0 
0008 0000 8 1670922455317578 35.75 -73.0 4.356505437595221 0 
0008 0010 1 1670922455548686 -32.5 -65.5 4.1172044346850605 0 
0008 0014 1 1670922455550749 -42.3125 -64.0 3.6079228131070282 0 
0008 0009 1 1670922455551697 9.75 -66.5 2.7120780329818137 0 
0008 0004 1 1670922455566005 21.125 -64.0 0.8774370106705868 0 
0008 0015 1 1670922455566985 -42.3125 -66.5 3.6201946594101133 0 
0008 0000 1 1670922455567938 -32.5 -69.5 6.215690152512618 0 
0008 0011 1 1670922455571949 45.5625 -64.5 4.620350133111551 0 
0008 0008 1 1670922455574752 -48.8125 -69.0 5.473243451175968 0 
0008 0012 1 1670922455593162 104.125 -70.5 2.60776733940559 0 
0008 0008 2 1670922455620867 -113.875 -68.5 4.565126824747668 0 
0008 0013 2 1670922455623920 -9.75 -59.5 6.166602767300278 0 
0008 0012 2 1670922455625598 0.0 -57.5 3.822680123411018 0 
0008 0011 2 1670922455627798 -10.5625 -66.0 2.9145634969827183 0 
0008 0004 2 1670922455628748 48.8125 -63.5 2.742757648739526 0 
0008 0014 2 1670922455631096 -13.8125 -59.5 1.5462526341887264 0 
0008 0015 2 1670922455632261 -29.25 -62.0 3.988350048502667 0 
0008 0012 3 1670922455681424 -58.5625 -65.5 4.792155981354743 0 
0008 0005 3 1670922455685881 -32.5 -61.5 3.6201946594101133 0 
0008 0007 3 1670922455698241 -55.3125 -69.5 0.7485826244881929 0 
0008 0011 3 1670922455699285 -65.875 -68.5 0.8651651643675016 0 
0008 0013 3 1670922455706166 16.25 -68.5 0.22089323345553233 0 
0008 0015 4 1670922455757219 19.5 -61.5 0.4479223900626072 0 
0008 0014 4 1670922455760713 -13.8125 -63.0 0.8283496254582462 0 
0008 0005 4 1670922455764321 48.8125 -65.5 0.006135923151542565 0 
0008 0001 4 1670922455768179 -24.375 -65.5 5.019185137961818 0 
0008 0000 4 1670922455775660 -13.0 -71.5 0.7301748550335652 0 
0008 0011 4 1670922455778205 17.0625 -64.5 3.663146121470911 0 
0008 0013 4 1670922455780894 42.3125 -64.5 0.42337869745643697 0 
0008 0005 5 1670922455846171 -69.125 -65.0 5.749359992995383 0 
0008 0015 5 1670922455857176 26.0 -64.5 0.018407769454627694 0 
0008 0015 6 1670922455900350 -182.25 -73.5 1.0676506283684062 0 
0008 0001 6 1670922455910101 27.625 -67.5 5.9088939949354895 0 
0008 0005 6 1670922455913044 3.25 -61.0 4.227651051412827 0 
0008 0011 6 1670922455915917 -10.5625 -64.0 1.1535535524900022 0 
0008 0013 6 1670922455923097 0.0 -69.0 4.246058820867455 0 
0008 0010 7 1670922455960108 9.75 -62.0 0.5460971604872883 0 
0008 0005 7 1670922455961285 45.5625 -66.5 1.4173982480063325 0 
0008 0007 7 1670922455964890 -32.5 -67.0 4.448544284868359 0 
0008 0001 7 1670922455965808 38.1875 -61.0 1.7426021750380885 0 
0008 0015 7 1670922455973970 13.0 -60.5 3.9699422790480394 0 
0008 0008 7 1670922455979233 110.625 -68.5 6.2463697682703305 0 
0008 0004 7 1670922455983340 17.0625 -60.0 4.01902966426038 0 
0008 0011 7 1670922455989379 -59.375 -63.0 5.411884219660542 0 
0008 0014 7 1670922455990308 10.5625 -61.0 4.828971520263998 0 
0008 0006 7 1670922456006132 -121.25 -70.5 3.2827188860752723 0 
0008 0014 8 1670922456041689 7.3125 -61.5 0.30679615757712825 0 
0008 0008 8 1670922456054128 -84.625 -69.0 3.6079228131070282 0 
0008 0015 8 1670922456056985 -9.75 -68.0 5.411884219660542 0 
0008 0012 8 1670922456060365 -62.625 -71.5 2.9391071895888885 0 
0008 0014 1 1670922456286067 -9.75 -64.5 3.6876898140770815 0 
0008 0015 1 1670922456287766 9.75 -65.0 3.847223816017188 0 
0008 0009 1 1670922456291067 42.3125 -65.0 2.1905245651006955 0 
0008 0011 1 1670922456292252 -65.875 -64.0 5.013049214810275 0 
0008 0000 1 1670922456293711 3.25 -69.0 5.6143696836614465 0 
0008 0010 1 1670922456300454 -26.0 -64.5 3.9085830475326135 0 
0008 0013 1 1670922456304561 -123.6875 -68.0 0.7669903939428205 0 
0008 0004 1 1670922456309386 41.5 -63.5 1.1044661672776617 0 
0008 0008 1 1670922456316982 45.5625 -71.0 4.749204519293945 0 
0008 0012 1 1670922456318371 257.125 -70.0 1.932815792735908 0 
0008 0013 2 1670922456350812 -29.25 -58.0 6.025476534814799 0 
0008 0008 2 1670922456358496 -19.5 -67.5 4.221515128261284 0 
0008 0004 2 1670922456359415 32.5 -64.0 2.8409324191642074 0 
0008 0014 2 1670922456361580 3.25 -60.5 1.4480778637640452 0 
0008 0015 2 1670922456362987 13.0 -62.0 3.7429131224409646 0 
0008 0012 2 1670922456365256 13.0 -58.0 3.773592738198677 0 
0008 0011 2 1670922456370544 0.0 -68.0 3.0925052683774528 0 
0008 0009 2 1670922456371482 35.75 -67.5 1.2087768608538851 0 
0008 0006 2 1670922456380175 65.875 -70.0 0.12885438618239387 0 
0008 0005 3 1670922456410440 -16.25 -60.0 3.399301425954581 0 
0008 0011 3 1670922456453059 -295.375 -69.5 1.2701360923693108 0 
0008 0000 4 1670922456503720 -22.75 -73.0 0.8344855486097889 0 
0008 0004 4 1670922456504638 -24.375 -71.0 1.1658253987930873 0 
0008 0015 4 1670922456507542 84.625 -69.5 4.074252972624263 0 
0008 0005 4 1670922456516494 34.9375 -64.5 1.423534171157875 0 
0008 0001 4 1670922456533005 -45.5625 -67.0 4.847379289718626 0 
0008 0008 4 1670922456538140 16.25 -72.0 1.761009944492716 0 
0008 0015 5 1670922456587513 -13.0 -63.5 0.5645049299419159 0 
0008 0011 6 1670922456628970 10.5625 -65.0 0.5706408530934585 0 
0008 0005 6 1670922456636962 -13.8125 -59.0 4.23378697456437 0 
0008 0001 6 1670922456640318 -21.125 -66.0 5.884350302329319 0 
0008 0015 6 1670922456645100 -6.5 -68.0 0.5706408530934585 0 
0008 0013 6 1670922456656827 -38.1875 -72.5 2.7550294950426117 0 
0008 0005 7 1670922456686436 38.1875 -67.5 2.5586799541932495 0 
0008 0014 7 1670922456693443 -7.3125 -61.0 4.651029748869264 0 
0008 0015 7 1670922456697454 22.75 -60.5 4.135612204139688 0 
0008 0010 7 1670922456698431 9.75 -61.5 0.5031456984264903 0 
0008 0011 7 1670922456700254 -21.125 -62.0 5.64504929941916 0 
0008 0004 7 1670922456702736 13.8125 -60.5 3.847223816017188 0 
0008 0008 7 1670922456707281 179.0 -68.5 0.1902136176978195 0 
0008 0001 7 1670922456711201 24.375 -61.5 2.350058567040802 0 
0008 0012 8 1670922456736480 0.0 -67.0 2.8286605728611223 0 
0008 0011 8 1670922456744899 -21.125 -69.5 4.239922897715912 0 
0008 0014 8 1670922456746738 35.75 -63.0 0.05522330836388308 0 
0008 0008 8 1670922456747941 -6.5 -67.5 3.472932503773092 0 
0008 0009 8 1670922456756100 42.3125 -68.5 4.1172044346850605 0 
0008 0015 8 1670922456763341 -45.5625 -71.0 4.865787059173254 0 
0008 0013 1 1670922456989320 84.625 -68.0 5.080544369477243 0 
0008 0000 1 1670922456991458 -29.25 -70.5 5.964117303299373 0 
0008 0008 1 1670922456992409 -192.0 -70.0 4.92714629068868 0 
0008 0004 1 1670922456993364 0.0 -63.5 1.1780972450961724 0 
0008 0011 1 1670922456997607 3.25 -63.5 4.276738436625168 0 
0008 0014 1 1670922457001647 -71.5625 -66.0 3.6324665057131984 0 
0008 0010 1 1670922457005189 -39.0 -66.5 4.178563666200486 0 
0008 0015 1 1670922457006935 -55.3125 -66.5 4.1601558967458585 0 
0008 0009 1 1670922457009074 -78.0625 -69.5 2.1782527187976104 0 
0008 0012 2 1670922457046964 -22.75 -59.5 4.000621894805752 0 
0008 0014 2 1670922457049241 -3.25 -60.0 1.4173982480063325 0 
0008 0013 2 1670922457050822 -39.0 -60.0 5.841398840268521 0 
0008 0011 2 1670922457053426 41.5 -67.5 2.82252464970958 0 
0008 0004 2 1670922457056779 126.9375 -65.0 2.509592568980909 0 
0008 0015 2 1670922457057828 -9.75 -65.5 3.8840393549264434 0 
0008 0006 2 1670922457061215 -107.375 -69.0 0.28225246497095796 0 
0008 0005 2 1670922457068680 61.8125 -66.5 4.522175362686871 0 
0008 0012 3 1670922457116221 -123.6875 -67.5 4.276738436625168 0 
0008 0005 3 1670922457119628 16.25 -61.5 3.8533597391687304 0 
0008 0007 3 1670922457127569 -29.25 -69.5 1.2333205534600555 0 
0008 0005 4 1670922457192363 24.375 -67.0 0.8651651643675016 0 
0008 0001 4 1670922457202005 -27.625 -65.0 4.583534594202296 0 
0008 0008 4 1670922457203195 -13.0 -71.0 1.5585244804918115 0 
0008 0011 4 1670922457214483 62.625 -65.0 2.6261751088602177 0 
0008 0014 4 1670922457216814 173.3125 -69.0 0.5092816215780329 0 
0008 0005 5 1670922457262668 97.625 -66.5 4.8351074434155406 0 
0008 0015 5 1670922457283223 0.0 -66.0 1.0921943209745766 0 
0008 0001 6 1670922457326693 -7.3125 -65.0 5.019185137961818 0 
0008 0004 6 1670922457332892 -55.3125 -71.0 5.2339424482658075 0 
0008 0015 6 1670922457342908 -19.5 -67.0 0.7669903939428205 0 
0008 0011 6 1670922457345694 13.8125 -63.0 0.4724660826687775 0 
0008 0005 6 1670922457350574 -10.5625 -60.5 3.5158839658338894 0 
0008 0007 6 1670922457354460 39.0 -69.0 0.39269908169872414 0 
0008 0013 6 1670922457357823 -3.25 -65.0 3.5833791205008576 0 
0008 0011 7 1670922457400224 30.875 -63.0 5.902758071783947 0 
0008 0015 7 1670922457405032 13.0 -60.0 4.129476280988146 0 
0008 0001 7 1670922457408443 48.8125 -59.5 2.6200391857086753 0 
0008 0005 7 1670922457411186 -13.0 -66.5 2.6998061866787286 0 
0008 0014 7 1670922457413334 -17.0625 -60.5 4.632621979414636 0 
0008 0010 7 1670922457415492 16.25 -61.0 0.7485826244881929 0 
0008 0013 7 1670922457419697 74.8125 -70.5 6.056156150572511 0 
0008 0004 7 1670922457421833 -71.5625 -59.0 3.9638063558964967 0 
0008 0008 7 1670922457434862 61.8125 -70.5 0.3865631585471816 0 
0008 0009 8 1670922457468370 -61.8125 -67.0 4.4362724385652745 0 
0008 0015 8 1670922457476254 -16.25 -72.0 4.4976316700806995 0 
0008 0014 8 1670922457477427 -13.8125 -62.0 0.09203884727313846 0 
0008 0011 8 1670922457489837 -229.4375 -71.5 4.239922897715912 0 
0008 0008 8 1670922457496275 -42.3125 -68.0 3.865631585471816 0 
0008 0012 8 1670922457497222 -62.625 -72.0 3.724505352986337 0 
0008 0011 1 1670922457718378 0.0 -67.5 4.1172044346850605 0 
0008 0010 1 1670922457728149 0.0 -64.0 4.252194744018997 0 
0008 0004 1 1670922457729839 0.0 -63.0 1.337631247036279 0 
0008 0015 1 1670922457732748 -29.25 -69.5 4.049709280018092 0 
0008 0008 1 1670922457738775 -3.25 -69.0 4.675573441475434 0 
0008 0000 1 1670922457739702 276.625 -71.0 6.209554229361076 0 
0008 0014 1 1670922457742731 -7.3125 -66.5 3.792000507653305 0 
0008 0015 2 1670922457797693 29.25 -64.5 3.847223816017188 0 
0008 0006 2 1670922457798598 -185.5 -70.0 0.4172427743048944 0 
0008 0013 2 1670922457800271 52.0625 -61.0 6.154330920997192 0 
0008 0005 2 1670922457807039 0.0 -65.0 4.252194744018997 0 
0008 0004 2 1670922457808006 -34.9375 -64.5 2.8838838812250054 0 
0008 0009 2 1670922457809226 166.0 -70.0 2.1905245651006955 0 
0008 0008 2 1670922457811167 -276.625 -70.0 5.798447378207723 0 
0008 0014 2 1670922457812333 -9.75 -60.5 1.368310862793992 0 
0008 0012 2 1670922457815221 9.75 -60.5 4.025165587411922 0 
0008 0011 2 1670922457821023 -149.6875 -70.5 2.7979809571034093 0 
0008 0005 3 1670922457884996 0.0 -62.0 4.111068511533518 0 
0008 0013 3 1670922457887674 29.25 -69.5 0.21475731030398976 0 
0008 0007 3 1670922457889938 133.4375 -69.5 1.325359400733194 0 
0008 0012 3 1670922457896197 74.8125 -68.0 3.785864584501762 0 
0008 0001 4 1670922457945955 38.1875 -63.0 4.884194828627882 0 
0008 0005 4 1670922457948346 13.0 -64.0 0.9756117810952678 0 
0008 0011 4 1670922457956026 -62.625 -65.5 3.509748042682347 0 
0008 0015 4 1670922457963231 -9.75 -72.0 1.055378782065321 0 
0008 0014 4 1670922457968951 -76.4375 -69.0 0.7731263170943632 0 
0008 0008 4 1670922457984115 -32.5 -71.0 1.8162332528565992 0 
0008 0013 4 1670922457987806 27.625 -73.0 1.7119225592803755 0 
0008 0005 5 1670922458036711 -32.5 -65.5 5.111223985234957 0 
0008 0015 5 1670922458043270 19.5 -65.5 0.5092816215780329 0 
0008 0001 6 1670922458085979 10.5625 -64.0 4.608078286808466 0 
0008 0005 6 1670922458089682 -10.5625 -60.5 3.6140587362585705 0 
0008 0004 6 1670922458097105 -87.875 -70.0 5.418020142812084 0 
0008 0015 6 1670922458098056 22.75 -66.5 0.39269908169872414 0 
0008 0013 6 1670922458100464 -45.5625 -65.0 3.6754179677739964 0 
0008 0007 6 1670922458101870 39.0 -68.5 0.5890486225480862 0 
0008 0011 6 1670922458110981 7.3125 -62.5 0.8222137023067037 0 
0008 0014 7 1670922458150128 -48.8125 -61.0 4.7860200582032 0 
0008 0010 7 1670922458152191 29.25 -61.0 0.5767767762450011 0 
0008 0001 7 1670922458154596 3.25 -60.5 2.5586799541932495 0 
0008 0015 7 1670922458155518 -6.5 -59.5 4.06811704947272 0 
0008 0011 7 1670922458157613 -55.3125 -64.0 5.829126993965437 0 
0008 0008 7 1670922458159837 -146.4375 -69.0 0.32520392703175593 0 
0008 0005 7 1670922458161744 -34.9375 -68.5 2.736621725587984 0 
0008 0004 7 1670922458165661 -19.5 -58.5 3.7551849687440497 0 
0008 0013 7 1670922458176075 -172.5 -69.5 6.037748381117884 0 
0008 0014 8 1670922458232253 -7.3125 -62.5 0.07976700097005335 0 
0008 0008 8 1670922458233232 -29.25 -67.5 3.6999616603801666 0 
0008 0009 8 1670922458234759 3.25 -66.5 4.313553975534423 0 
0008 0011 8 1670922458238871 -65.875 -71.5 4.0128937411088375 0 
0008 0015 8 1670922458239851 -32.5 -70.5 4.577398671050753 0 
0008 0012 8 1670922458242809 13.8125 -71.5 3.5465635815916023 0 
0008 0011 1 1670922458461122 -52.0625 -68.0 4.908738521234052 0 
0008 0014 1 1670922458464108 62.625 -67.5 3.706097583531709 0 
0008 0004 1 1670922458467628 27.625 -62.0 1.662835174068035 0 
0008 0008 1 1670922458470662 29.25 -71.5 5.203262832508095 0 
0008 0009 1 1670922458473464 -32.5 -69.0 3.448388811166921 0 
0008 0010 1 1670922458474697 13.0 -65.0 4.540583132141498 0 
0008 0000 1 1670922458489710 58.5625 -72.0 0.7853981633974483 0 
0008 0015 1 1670922458490918 91.125 -69.0 3.988350048502667 0 
0008 0012 2 1670922458543789 45.5625 -60.5 4.074252972624263 0 
0008 0013 2 1670922458544864 -68.3125 -61.0 0.0859029241215959 0 
0008 0015 2 1670922458546407 16.25 -64.5 4.006757817957295 0 
0008 0014 2 1670922458555838 48.8125 -60.5 1.3499030933393643 0 
0008 0005 2 1670922458557322 65.875 -63.5 4.970097752749477 0 
0008 0004 2 1670922458560998 -87.875 -66.0 3.215223731408304 0 
0008 0011 2 1670922458562030 -34.9375 -68.5 3.0066023442558567 0 
0008 0008 2 1670922458566308 133.4375 -72.5 5.970253226450915 0 
0008 0006 2 1670922458571486 38.1875 -70.5 0.3865631585471816 0 
0008 0004 3 1670922458626908 -26.0 -70.0 1.41126232485479 0 
0008 0005 3 1670922458628739 52.0625 -61.5 5.019185137961818 0 
0008 0012 3 1670922458657170 32.5 -67.0 4.006757817957295 0 
0008 0007 3 1670922458658812 -65.0625 -68.0 2.5341362615870793 0 
0008 0013 4 1670922458705947 211.5625 -69.5 1.3989904785517047 0 
0008 0004 4 1670922458714828 -177.375 -72.0 3.822680123411018 0 
0008 0001 4 1670922458715745 -38.1875 -65.5 6.007068765360171 0 
0008 0015 4 1670922458723622 -87.875 -73.5 1.423534171157875 0 
0008 0008 4 1670922458729322 22.75 -71.5 2.184388641949153 0 
0008 0005 4 1670922458730566 65.875 -65.5 1.3560390164909069 0 
0008 0011 4 1670922458741142 55.3125 -65.5 4.196971435655114 0 
0008 0014 4 1670922458746898 29.25 -69.5 0.7301748550335652 0 
0008 0015 5 1670922458787667 -39.0 -66.0 0.5706408530934585 0 
0008 0005 5 1670922458797233 24.375 -65.0 4.430136515413731 0 
0008 0015 6 1670922458842752 123.6875 -66.5 0.09817477042468103 0 
0008 0005 6 1670922458846532 26.0 -61.0 2.141437179888355 0 
0008 0001 6 1670922458848710 7.3125 -63.5 4.595806440505381 0 
0008 0007 6 1670922458856656 -3.25 -66.0 6.264777537724958 0 
0008 0013 6 1670922458859067 -91.125 -65.0 3.7122335066832517 0 
0008 0011 6 1670922458864166 30.875 -65.0 0.803805932852076 0 
0008 0004 6 1670922458866276 -9.75 -66.0 5.178719139901925 0 
0008 0015 7 1670922458897457 3.25 -60.5 4.06811704947272 0 
0008 0008 7 1670922458899780 39.0 -69.5 6.252505691421874 0 
0008 0011 7 1670922458904630 -38.1875 -63.5 5.724816300389213 0 
0008 0014 7 1670922458909777 -87.875 -62.0 5.037592907416445 0 
0008 0004 7 1670922458911285 13.8125 -60.0 3.2949907323783574 0 
0008 0001 7 1670922458912488 -38.1875 -61.0 2.423689644859313 0 
0008 0010 7 1670922458917316 -9.75 -61.5 0.4172427743048944 0 
0008 0005 7 1670922458923937 -76.4375 -69.0 2.834796496012665 0 
0008 0014 8 1670922458973488 0.0 -63.0 0.04295146206079795 0 
0008 0015 8 1670922458976261 -22.75 -70.0 4.700117134081604 0 
0008 0008 8 1670922458981457 -26.0 -68.0 3.448388811166921 0 
0008 0012 8 1670922458984332 -87.875 -73.0 3.7429131224409646 0 
0008 0011 8 1670922458989555 -97.625 -71.5 4.957825906446392 0 
0008 0009 8 1670922458993959 9.75 -68.0 4.246058820867455 0 
0008 0015 1 1670922459226843 29.25 -69.5 4.25833066717054 0 
0008 0010 1 1670922459236281 39.0 -65.0 4.798291904506286 0 
0008 0008 1 1670922459239194 81.375 -71.5 0.03681553890925539 0 
0008 0000 1 1670922459240159 97.625 -71.5 1.576932249946439 0 
0008 0004 1 1670922459241076 -7.3125 -62.5 1.8714565612204823 0 
0008 0009 1 1670922459241999 -65.0625 -66.5 4.374913207049849 0 
0008 0014 1 1670922459243199 -16.25 -68.0 3.767456815047135 0 
0008 0011 1 1670922459255312 16.25 -68.0 0.04295146206079795 0 
0008 0011 2 1670922459296049 21.125 -67.0 3.8533597391687304 0 
0008 0012 2 1670922459300243 13.0 -59.5 4.448544284868359 0 
0008 0005 2 1670922459301431 -3.25 -60.0 0.006135923151542565 0 
0008 0014 2 1670922459305381 7.3125 -60.5 1.533980787885641 0 
0008 0004 2 1670922459307281 -52.0625 -66.5 2.8838838812250054 0 
0008 0013 2 1670922459309951 61.8125 -59.0 0.28225246497095796 0 
0008 0015 2 1670922459311187 -39.0 -65.5 4.129476280988146 0 
0008 0006 2 1670922459318491 117.9375 -70.5 0.4663301595172349 0 
0008 0008 2 1670922459342233 -78.0625 -69.0 0.4970097752749477 0 
0008 0007 3 1670922459396039 -292.9375 -70.5 3.2397674240144743 0 
0008 0005 3 1670922459401038 -45.5625 -61.0 0.2761165418194154 0 
0008 0004 3 1670922459404394 29.25 -68.5 1.4726215563702154 0 
0008 0012 3 1670922459405358 26.0 -66.5 4.246058820867455 0 
0008 0013 4 1670922459463072 91.125 -69.0 1.2701360923693108 0 
0008 0011 4 1670922459471332 -27.625 -69.0 4.583534594202296 0 
0008 0015 4 1670922459472584 55.3125 -73.0 1.4051264017032472 0 
0008 0014 4 1670922459477671 45.5625 -69.5 0.6565437772150544 0 
0008 0001 4 1670922459484123 59.375 -68.5 0.7363107781851077 0 
0008 0008 4 1670922459493644 -55.3125 -72.0 2.3746022596469727 0 
0008 0005 4 1670922459495894 7.3125 -68.5 1.6444274046134073 0 
0008 0004 4 1670922459497669 -215.625 -72.0 4.338097668140593 0 
0008 0005 5 1670922459542532 -35.75 -61.5 3.859495662320273 0 
0008 0015 5 1670922459544646 29.25 -66.0 0.2086213871524472 0 
0008 0004 6 1670922459599389 34.9375 -64.0 5.264622064023521 0 
0008 0007 6 1670922459600610 -29.25 -64.0 5.2768939103266055 0 
0008 0015 6 1670922459606444 52.0625 -68.0 0.1349903093339364 0 
0008 0013 6 1670922459608427 52.0625 -67.5 2.9820586516496865 0 
0008 0011 6 1670922459610109 48.8125 -70.0 0.8222137023067037 0 
0008 0001 6 1670922459614629 -38.1875 -66.0 4.0987966652304335 0 
0008 0005 6 1670922459618056 22.75 -61.0 0.1043106935762236 0 
0008 0010 7 1670922459659388 -22.75 -59.5 0.9572040116406401 0 
0008 0008 7 1670922459663381 81.375 -68.5 0.5092816215780329 0 
0008 0001 7 1670922459664341 -27.625 -60.5 3.018874190558942 0 
0008 0011 7 1670922459665313 13.8125 -61.0 0.30679615757712825 0 
0008 0007 7 1670922459667453 -68.3125 -69.5 5.295301679781233 0 
0008 0015 7 1670922459668869 -9.75 -60.0 4.2031073588066565 0 
0008 0014 7 1670922459669919 -27.625 -62.5 5.190990986205009 0 
0008 0004 7 1670922459675005 -27.625 -60.5 3.227495577711389 0 
0008 0012 8 1670922459715942 -42.3125 -70.0 4.0987966652304335 0 
0008 0014 8 1670922459720244 35.75 -62.0 0.11044661672776616 0 
0008 0015 8 1670922459725173 -29.25 -69.0 4.914874444385594 0 
0008 0008 8 1670922459729559 -110.625 -67.0 4.037437433715008 0 
0008 0009 8 1670922459735167 -35.75 -66.5 5.105088062083414 0 
