0008 0009 1 1670922756306163 19.5 -65.5 5.135767677841127 9 
0008 0004 1 1670922756308567 -3.25 -65.0 1.9389517158874505 9 
0008 0008 1 1670922756311386 55.3125 -69.5 2.1046216409791 9 
0008 0015 1 1670922756315753 68.3125 -66.0 4.509903516383785 9 
0008 0011 1 1670922756318229 87.0625 -65.0 0.7363107781851077 9 
0008 0005 1 1670922756319192 142.375 -71.5 4.884194828627882 9 
0008 0013 1 1670922756326208 -107.375 -69.5 0.32520392703175593 9 
0008 0011 2 1670922756379602 7.3125 -62.5 5.418020142812084 9 
0008 0009 2 1670922756382711 -45.5625 -67.0 3.5158839658338894 9 
0008 0004 2 1670922756398395 55.3125 -69.5 4.841243366567084 9 
0008 0007 4 1670922756509553 -231.0625 -70.5 5.491651220630596 9 
0008 0015 4 1670922756520363 78.0625 -67.5 1.184233168247715 9 
0008 0011 4 1670922756526206 -7.3125 -72.5 5.915029918087033 9 
0008 0005 4 1670922756542628 -131.8125 -72.5 4.04357335686655 9 
0008 0013 5 1670922756575885 -81.375 -72.0 3.1354567304382504 9 
0008 0001 5 1670922756576817 52.0625 -56.5 0.7976700097005334 9 
0008 0005 5 1670922756582289 -29.25 -60.5 5.792311455056181 9 
0008 0003 5 1670922756603247 16.25 -65.5 0.9756117810952678 9 
0008 0004 5 1670922756605387 -239.25 -69.0 3.3440781175906977 9 
0008 0007 5 1670922756606366 71.5625 -63.0 1.7855536370988863 9 
0008 0001 6 1670922756648106 -55.3125 -71.0 1.7548740213411735 9 
0008 0005 6 1670922756650030 -90.3125 -70.0 0.03681553890925539 9 
0008 0007 6 1670922756657842 45.5625 -66.5 1.3621749396424494 9 
0008 0002 6 1670922756659048 -19.5 -64.0 2.8286605728611223 9 
0008 0013 6 1670922756660208 45.5625 -63.5 1.761009944492716 9 
0008 0006 6 1670922756665587 -3.25 -70.5 3.9944859716542096 9 
0008 0011 6 1670922756666504 -7.3125 -68.5 1.1474176293384597 9 
0008 0010 6 1670922756667498 42.3125 -69.0 6.270913460876501 9 
0008 0004 6 1670922756669804 -45.5625 -58.5 5.393476450205914 9 
0008 0003 6 1670922756676325 16.25 -72.0 3.822680123411018 9 
0008 0010 7 1670922756709517 0.0 -59.5 3.847223816017188 9 
0008 0007 7 1670922756713938 -42.3125 -61.5 3.6815538909255388 9 
0008 0001 7 1670922756720123 -38.1875 -64.5 2.890019804376548 9 
0008 0014 7 1670922756721058 -182.25 -68.0 2.6200391857086753 9 
0008 0011 7 1670922756723160 -3.25 -63.5 1.1658253987930873 9 
0008 0004 7 1670922756729952 180.625 -70.5 0.7731263170943632 9 
0008 0005 7 1670922756731126 -79.75 -69.5 4.614214209960009 9 
0008 0000 7 1670922756737214 179.0 -70.0 1.8530487917658545 9 
0008 0004 8 1670922756778546 -17.0625 -68.5 2.6261751088602177 9 
0008 0005 8 1670922756794122 135.0625 -70.5 6.209554229361076 9 
0008 0007 1 1670922757017212 -84.625 -69.0 0.4295146206079795 9 
0008 0004 1 1670922757021288 35.75 -68.5 3.859495662320273 9 
0008 0015 1 1670922757025137 -152.9375 -68.5 5.160311370447297 9 
0008 0014 1 1670922757026354 -52.0625 -68.5 1.086058397823034 9 
0008 0005 1 1670922757039318 -326.3125 -73.0 5.6941366846315 9 
0008 0013 2 1670922757084009 -133.4375 -67.5 3.442252888015379 9 
0008 0001 2 1670922757089058 -27.625 -67.5 4.080388895775806 9 
0008 0011 2 1670922757094732 65.875 -67.5 5.301437602932776 9 
0008 0015 2 1670922757110375 139.9375 -70.0 3.8410878928656453 9 
0008 0001 3 1670922757162413 215.625 -69.5 5.246214294568893 9 
0008 0005 4 1670922757223482 104.125 -72.0 2.086213871524472 9 
0008 0004 5 1670922757258184 -42.3125 -68.5 2.4911847995262812 9 
0008 0001 5 1670922757259503 52.0625 -63.0 1.5707963267948966 9 
0008 0007 5 1670922757262126 29.25 -55.0 1.3192234775816514 9 
0008 0015 5 1670922757264478 -71.5625 -64.5 0.6872233929727672 9 
0008 0005 5 1670922757270752 -22.75 -57.5 2.497320722677824 9 
0008 0014 5 1670922757302537 -361.3125 -70.0 3.0127382674073995 9 
0008 0004 6 1670922757358865 13.0 -62.0 5.3198453723874035 9 
0008 0001 6 1670922757365537 13.8125 -54.5 2.521864415283994 9 
0008 0007 6 1670922757366489 13.0 -62.5 3.2704470397721868 9 
0008 0005 6 1670922757371326 0.0 -52.5 5.086680292628786 9 
0008 0002 6 1670922757376838 78.0625 -67.0 2.834796496012665 9 
0008 0001 7 1670922757409693 -45.5625 -60.5 5.602097837358362 9 
0008 0011 7 1670922757410609 -13.8125 -55.5 0.7853981633974483 9 
0008 0005 7 1670922757411558 58.5625 -64.0 0.8713010875190442 9 
0008 0007 7 1670922757413731 68.3125 -69.0 2.773437264497239 9 
0008 0015 7 1670922757417555 -13.0 -65.5 2.9636508821950587 9 
0008 0004 7 1670922757418763 -32.5 -64.0 3.8717675086233583 9 
0008 0012 7 1670922757420972 16.25 -70.0 0.5583690067903734 9 
0008 0010 7 1670922757422387 -3.25 -56.0 6.043884304269426 9 
0008 0014 7 1670922757424287 9.75 -68.5 4.865787059173254 9 
0008 0009 7 1670922757429876 -97.625 -67.0 2.650718801466388 9 
0008 0010 8 1670922757481532 -19.5 -71.0 3.6263305825616556 9 
0008 0014 8 1670922757487075 22.75 -68.0 2.6691265709210157 9 
0008 0004 8 1670922757488124 52.0625 -69.0 6.105243535784852 9 
0008 0011 8 1670922757489067 -10.5625 -69.5 0.09203884727313846 9 
0008 0005 1 1670922757725959 22.75 -65.0 3.6201946594101133 9 
0008 0011 1 1670922757735260 55.3125 -66.5 1.6014759425526093 9 
0008 0009 2 1670922757777449 -39.0 -68.5 3.466796580621549 9 
0008 0004 2 1670922757779698 7.3125 -63.0 1.0062913968529805 9 
0008 0011 2 1670922757781889 0.0 -62.0 5.743224069843841 9 
0008 0013 2 1670922757790451 29.25 -69.0 2.6875343403756435 9 
0008 0005 2 1670922757793423 69.125 -68.5 5.240078371417351 9 
0008 0001 2 1670922757800243 -277.4375 -68.0 4.583534594202296 9 
0008 0005 3 1670922757836681 128.5625 -66.5 2.693670263527186 9 
0008 0001 4 1670922757913563 -45.5625 -70.5 4.25833066717054 9 
0008 0015 4 1670922757916905 29.25 -66.0 1.521708941582556 9 
0008 0005 4 1670922757923497 -24.375 -63.0 4.908738521234052 9 
0008 0007 5 1670922757955969 52.0625 -62.5 1.533980787885641 9 
0008 0004 5 1670922757958980 -48.8125 -64.0 5.21553467881118 9 
0008 0001 5 1670922757962903 38.1875 -61.5 0.04908738521234052 9 
0008 0005 5 1670922757964121 79.75 -66.0 2.6016314162540475 9 
0008 0007 6 1670922758027048 74.8125 -66.0 1.012427320004523 9 
0008 0004 6 1670922758028832 19.5 -62.0 2.411417798556228 9 
0008 0005 6 1670922758034702 -7.3125 -59.0 3.3440781175906977 9 
0008 0011 6 1670922758035678 -21.125 -70.5 1.4848934026733007 9 
0008 0001 6 1670922758037089 -13.8125 -60.5 0.7731263170943632 9 
0008 0002 6 1670922758038253 -32.5 -71.5 3.6079228131070282 9 
0008 0009 7 1670922758078967 -139.9375 -68.5 1.7548740213411735 9 
0008 0004 7 1670922758081332 -224.5625 -71.0 2.055534255766759 9 
0008 0001 7 1670922758087936 13.8125 -58.0 5.0253210611133605 9 
0008 0010 7 1670922758089157 -45.5625 -60.5 5.399612373357457 9 
0008 0011 7 1670922758090115 7.3125 -60.5 2.030990563160589 9 
0008 0005 7 1670922758102505 35.75 -62.5 3.0372819600135696 9 
0008 0006 7 1670922758107135 215.625 -73.5 1.6812429435226628 9 
0008 0014 7 1670922758108733 32.5 -69.0 5.6941366846315 9 
0008 0005 8 1670922758149755 22.75 -66.0 0.47860200582032003 9 
0008 0013 8 1670922758154094 42.3125 -69.0 2.7857091108003242 9 
0008 0014 8 1670922758163230 32.5 -71.5 2.3193789512830896 9 
0008 0001 8 1670922758164561 -69.125 -71.0 1.533980787885641 9 
0008 0001 1 1670922758387485 19.5 -67.0 4.129476280988146 9 
0008 0007 1 1670922758391201 -42.3125 -62.5 5.700272607783043 9 
0008 0015 1 1670922758410628 123.6875 -67.0 6.056156150572511 9 
0008 0013 1 1670922758411548 61.8125 -68.0 4.3074180523828804 9 
0008 0001 2 1670922758447721 73.1875 -68.0 0.2761165418194154 9 
0008 0010 2 1670922758452669 113.875 -66.5 2.1230294104337273 9 
0008 0005 2 1670922758458230 10.5625 -66.5 4.289010282928253 9 
0008 0013 2 1670922758463054 3.25 -66.5 4.3933209765044765 9 
0008 0014 2 1670922758496967 -170.0625 -71.0 0.07363107781851078 9 
0008 0012 3 1670922758559476 32.5 -69.0 1.1290098598838318 9 
0008 0007 3 1670922758560541 -136.6875 -65.0 0.8160777791551611 9 
0008 0005 3 1670922758562435 -59.375 -68.0 3.6140587362585705 9 
0008 0014 3 1670922758563371 -117.125 -67.5 4.190835512503572 9 
0008 0013 3 1670922758570416 -305.9375 -70.5 5.405748296509 9 
0008 0015 4 1670922758600075 -159.5 -72.0 2.5770877236478773 9 
0008 0007 4 1670922758605400 3.25 -65.0 6.056156150572511 9 
0008 0005 4 1670922758607835 -9.75 -59.5 4.196971435655114 9 
0008 0005 5 1670922758669491 -32.5 -65.0 1.5278448647340985 9 
0008 0007 5 1670922758671405 22.75 -62.0 1.0921943209745766 9 
0008 0001 5 1670922758675749 83.0 -65.0 0.859029241215959 9 
0008 0004 5 1670922758685431 -22.75 -64.5 0.4970097752749477 9 
0008 0006 5 1670922758696514 -30.875 -70.5 2.0064468705544187 9 
0008 0004 6 1670922758727930 13.0 -61.0 4.3933209765044765 9 
0008 0002 6 1670922758730471 48.8125 -73.5 4.074252972624263 9 
0008 0005 6 1670922758740199 -7.3125 -59.5 4.430136515413731 9 
0008 0007 6 1670922758742750 71.5625 -65.0 3.5588354278946874 9 
0008 0014 6 1670922758746498 -6.5 -68.0 4.325825821837508 9 
0008 0001 6 1670922758748622 -13.8125 -65.5 2.9391071895888885 9 
0008 0001 7 1670922758776486 13.8125 -63.0 3.9147189706841563 9 
0008 0015 7 1670922758777666 45.5625 -67.0 6.111379458936394 9 
0008 0011 7 1670922758785384 3.25 -54.5 1.9389517158874505 9 
0008 0012 7 1670922758796938 -35.75 -65.0 5.939573610693203 9 
0008 0005 7 1670922758798141 58.5625 -65.5 1.9880391010997909 9 
0008 0004 7 1670922758804648 -130.1875 -67.5 1.141281706186917 9 
0008 0009 7 1670922758807095 123.6875 -69.5 0.47860200582032003 9 
0008 0010 7 1670922758808653 -9.75 -59.5 0.14112623248547898 9 
0008 0006 7 1670922758812030 7.3125 -68.5 4.546719055293041 9 
0008 0015 8 1670922758858549 61.8125 -69.0 2.859340188618835 9 
0008 0001 8 1670922758863331 13.8125 -67.5 1.0676506283684062 9 
0008 0012 8 1670922758868672 -48.8125 -67.5 2.8102528034064944 9 
0008 0014 8 1670922758869883 16.25 -61.5 2.705942109830271 9 
0008 0010 8 1670922758882049 13.0 -67.0 3.650874275167826 9 
0008 0004 8 1670922758882996 22.75 -69.0 1.8530487917658545 9 
0008 0005 8 1670922758884196 111.4375 -63.5 4.71238898038469 9 
0008 0011 1 1670922759106864 -13.8125 -67.5 2.9759227284981438 9 
0008 0007 1 1670922759113248 6.5 -61.5 0.3374757733348411 9 
0008 0015 1 1670922759120084 29.25 -71.0 0.09817477042468103 9 
0008 0005 1 1670922759129783 -142.375 -70.5 1.8407769454627694 9 
0008 0001 1 1670922759132453 135.0625 -68.5 1.4419419406125027 9 
0008 0001 2 1670922759156962 -69.125 -64.5 4.95168998329485 9 
0008 0005 2 1670922759165894 48.8125 -66.5 1.2517283229146832 9 
0008 0011 2 1670922759177191 24.375 -67.0 1.6873788666742053 9 
0008 0005 3 1670922759233487 48.8125 -62.0 4.871922982324796 9 
0008 0007 3 1670922759241020 -48.8125 -63.0 1.1965050145508 9 
0008 0013 3 1670922759263747 -78.0625 -68.5 4.804427827657828 9 
0008 0001 4 1670922759285922 -19.5 -70.0 4.368777283898306 9 
0008 0015 4 1670922759291635 16.25 -61.5 1.3192234775816514 9 
0008 0013 4 1670922759294067 13.0 -61.0 1.3989904785517047 9 
0008 0005 4 1670922759302888 17.0625 -61.5 3.1354567304382504 9 
0008 0012 4 1670922759311462 9.75 -72.5 4.908738521234052 9 
0008 0007 4 1670922759314074 -9.75 -64.5 6.105243535784852 9 
0008 0011 4 1670922759320868 21.125 -70.5 1.0246991663076084 9 
0008 0007 5 1670922759359022 -22.75 -65.5 1.8714565612204823 9 
0008 0001 5 1670922759363219 -42.3125 -66.5 2.9636508821950587 9 
0008 0004 5 1670922759368749 19.5 -59.5 1.4051264017032472 9 
0008 0015 5 1670922759371303 -35.75 -64.0 4.614214209960009 9 
0008 0005 6 1670922759410357 22.75 -61.5 2.0371264863121317 9 
0008 0004 6 1670922759414649 3.25 -59.0 5.006913291658733 9 
0008 0015 6 1670922759419040 71.5625 -70.0 1.6198837120072371 9 
0008 0014 6 1670922759430030 71.5625 -72.0 2.227340104009951 9 
0008 0007 7 1670922759456999 6.5 -63.0 1.9880391010997909 9 
0008 0006 7 1670922759460332 -26.0 -64.5 0.9203884727313847 9 
0008 0014 7 1670922759461279 45.5625 -68.0 2.325514874434632 9 
0008 0001 7 1670922759466546 -3.25 -59.5 1.5707963267948966 9 
0008 0011 7 1670922759467494 -76.4375 -55.0 3.497476196379262 9 
0008 0004 7 1670922759472757 -76.4375 -66.0 0.7915340865489908 9 
0008 0010 7 1670922759480943 -16.25 -65.5 0.7853981633974483 9 
0008 0005 7 1670922759482970 19.5 -63.0 4.049709280018092 9 
0008 0013 8 1670922759550309 -9.75 -61.0 3.7981364308048478 9 
0008 0004 8 1670922759571604 55.3125 -67.0 0.8467573949128739 9 
0008 0011 8 1670922759573728 -45.5625 -69.0 6.037748381117884 9 
0008 0009 8 1670922759574676 -22.75 -67.0 5.8475347634200645 9 
0008 0001 8 1670922759577423 -97.625 -69.0 4.3503695144436785 9 
0008 0007 1 1670922759799769 -16.25 -59.0 0.030679615757712823 9 
0008 0005 1 1670922759806748 110.625 -64.0 3.2827188860752723 9 
0008 0013 1 1670922759809874 74.8125 -68.0 1.902136176978195 9 
0008 0014 1 1670922759821856 -146.4375 -68.0 2.9636508821950587 9 
0008 0015 1 1670922759825445 -61.8125 -66.5 1.3192234775816514 9 
0008 0013 2 1670922759856193 -3.25 -63.0 5.411884219660542 9 
0008 0001 2 1670922759869362 52.0625 -64.0 3.2643111166206444 9 
0008 0005 2 1670922759874831 29.25 -61.5 0.9019807032767571 9 
0008 0015 2 1670922759889368 -78.0625 -69.5 0.9387962421860124 9 
0008 0007 3 1670922759933325 -52.0625 -63.5 4.902602598082509 9 
0008 0014 3 1670922759977114 26.0 -68.0 0.6320000846088841 9 
0008 0015 4 1670922760006364 65.0625 -63.5 0.8344855486097889 9 
0008 0007 4 1670922760007568 -6.5 -59.5 2.5402721847386216 9 
0008 0005 4 1670922760010543 17.0625 -65.5 6.092971689481767 9 
0008 0013 4 1670922760017992 16.25 -64.0 0.7547185476397354 9 
0008 0001 4 1670922760023796 24.375 -66.5 0.36815538909255385 9 
0008 0004 4 1670922760029432 -139.125 -71.0 5.915029918087033 9 
0008 0004 5 1670922760067326 191.1875 -70.0 5.197126909356553 9 
0008 0004 6 1670922760112167 -26.0 -64.5 5.049864753719531 9 
0008 0005 6 1670922760116259 104.125 -62.5 2.3316507975861747 9 
0008 0006 6 1670922760121799 13.8125 -64.0 0.8222137023067037 9 
0008 0014 6 1670922760123453 32.5 -68.5 2.411417798556228 9 
0008 0001 7 1670922760158881 -10.5625 -55.5 3.4913402732277192 9 
0008 0012 7 1670922760160270 172.5 -70.0 2.8838838812250054 9 
0008 0015 7 1670922760168397 -52.0625 -67.0 3.442252888015379 9 
0008 0007 7 1670922760170550 0.0 -62.0 0.8835729338221293 9 
0008 0011 7 1670922760172022 -13.8125 -56.0 4.534447208989955 9 
0008 0006 7 1670922760174411 52.0625 -65.0 2.9636508821950587 9 
0008 0010 7 1670922760175373 -6.5 -61.5 2.552544031041707 9 
0008 0004 7 1670922760176676 48.8125 -62.0 0.6320000846088841 9 
0008 0005 7 1670922760179805 -27.625 -69.0 5.485515297479052 9 
0008 0014 7 1670922760184859 -113.875 -70.5 2.748893571891069 9 
0008 0004 8 1670922760243045 -55.3125 -64.0 3.117048960983623 9 
0008 0014 8 1670922760245491 -17.0625 -68.0 2.411417798556228 9 
0008 0005 8 1670922760246893 9.75 -66.5 0.25157284921324513 9 
0008 0012 8 1670922760252986 45.5625 -69.0 2.454369260617026 9 
0008 0006 8 1670922760254142 -131.8125 -71.0 5.792311455056181 9 
0008 0007 1 1670922760479477 16.25 -61.5 4.246058820867455 9 
0008 0008 1 1670922760481235 -61.8125 -66.5 3.160000423044421 9 
0008 0009 1 1670922760484848 -13.0 -65.5 6.117515382087937 9 
0008 0005 1 1670922760490965 -22.75 -67.5 1.2026409377023426 9 
0008 0001 1 1670922760495251 -100.875 -68.0 4.626486056263094 9 
0008 0015 1 1670922760497901 -136.6875 -73.5 5.516194913236766 9 
0008 0014 1 1670922760502635 3.25 -69.5 0.48473792897186263 9 
0008 0012 1 1670922760506782 145.625 -75.0 5.957981380147831 9 
0008 0005 2 1670922760531311 83.0 -62.0 0.380427235395639 9 
0008 0001 2 1670922760540913 45.5625 -68.0 3.031146036862027 9 
0008 0004 2 1670922760544421 -38.1875 -67.5 3.773592738198677 9 
0008 0001 3 1670922760584901 -34.9375 -67.0 2.067806102069844 9 
0008 0005 3 1670922760595693 -55.3125 -65.0 5.086680292628786 9 
0008 0007 3 1670922760596603 74.8125 -62.5 2.521864415283994 9 
0008 0012 3 1670922760616589 179.0 -69.5 3.141592653589793 9 
0008 0014 3 1670922760620530 410.125 -71.5 0.2270291566070749 9 
0008 0007 4 1670922760649100 139.9375 -67.0 0.06135923151542565 9 
0008 0005 4 1670922760654094 34.9375 -62.0 2.7120780329818137 9 
0008 0015 4 1670922760682359 6.5 -67.0 0.7669903939428205 9 
0008 0001 4 1670922760683417 0.0 -66.5 1.9512235621905356 9 
0008 0004 5 1670922760717217 -30.875 -64.5 5.270757987175063 9 
0008 0012 5 1670922760718902 182.25 -69.0 5.105088062083414 9 
0008 0006 6 1670922760772428 -187.125 -71.5 0.7853981633974483 9 
0008 0001 6 1670922760773374 -45.5625 -69.5 3.7981364308048478 9 
0008 0005 6 1670922760778151 -9.75 -63.0 4.522175362686871 9 
0008 0012 6 1670922760787102 -16.25 -73.5 4.06811704947272 9 
0008 0004 6 1670922760788262 30.875 -63.0 2.8777479580734626 9 
0008 0010 7 1670922760816977 -29.25 -57.5 2.552544031041707 9 
0008 0007 7 1670922760819459 6.5 -58.5 1.0062913968529805 9 
0008 0001 7 1670922760822318 17.0625 -51.0 2.9145634969827183 9 
0008 0011 7 1670922760824225 -34.9375 -56.5 5.93343768754166 9 
0008 0004 7 1670922760825159 -194.4375 -68.0 2.337786720737717 9 
0008 0005 7 1670922760826075 -3.25 -61.5 5.141903600992669 9 
0008 0009 7 1670922760830329 -9.75 -62.5 0.7792622402459057 9 
0008 0006 7 1670922760836001 -41.5 -67.5 3.0066023442558567 9 
0008 0014 7 1670922760838150 9.75 -62.5 1.7303303287350031 9 
0008 0000 7 1670922760866789 55.3125 -70.0 0.760854470791278 9 
0008 0006 8 1670922760910729 143.1875 -71.5 4.190835512503572 9 
0008 0005 8 1670922760921094 6.5 -66.0 5.9088939949354895 9 
0008 0011 8 1670922760922057 152.9375 -71.0 1.1965050145508 9 
0008 0004 8 1670922760923000 -3.25 -64.0 2.8716120349219203 9 
0008 0014 8 1670922760925347 -3.25 -65.0 4.798291904506286 9 
0008 0001 8 1670922760929182 48.8125 -63.0 0.5951845456996288 9 
0008 0008 8 1670922760942897 16.25 -75.5 5.890486225480862 9 
0008 0009 1 1670922761167043 -29.25 -63.5 4.718524903536232 9 
0008 0007 1 1670922761169933 6.5 -68.0 2.8961557275280905 9 
0008 0011 1 1670922761172028 -131.8125 -69.5 0.7547185476397354 9 
0008 0010 1 1670922761176594 -104.125 -69.5 4.681709364626977 9 
0008 0004 1 1670922761179314 -55.3125 -69.5 1.4051264017032472 9 
0008 0013 1 1670922761181408 -227.8125 -69.5 4.3503695144436785 9 
0008 0014 1 1670922761183075 19.5 -69.0 3.2765829629237295 9 
0008 0005 1 1670922761194554 -38.1875 -61.5 5.448699758569798 9 
0008 0015 1 1670922761198726 35.75 -65.0 2.60776733940559 9 
0008 0015 2 1670922761225939 35.75 -66.5 3.3747577333484107 9 
0008 0005 2 1670922761228584 107.375 -65.0 3.184544115650591 9 
0008 0007 2 1670922761249091 29.25 -65.5 1.6751070203711202 9 
0008 0008 2 1670922761251428 71.5625 -70.5 1.7303303287350031 9 
0008 0013 2 1670922761252761 19.5 -68.0 2.1905245651006955 9 
0008 0014 2 1670922761253952 107.375 -70.5 2.8286605728611223 9 
0008 0011 2 1670922761259814 142.375 -68.0 0.2945243112740431 9 
