0005 0009 1 1670922858639774 -9.75 -65.0 3.6754179677739964 8 
0005 0015 1 1670922858644739 32.5 -65.5 1.227184630308513 8 
0005 0007 1 1670922858646241 9.75 -56.5 2.141437179888355 8 
0005 0001 1 1670922858647189 3.25 -68.5 1.8407769454627694 8 
0005 0006 1 1670922858648124 3.25 -64.5 0.705631162427395 8 
0005 0002 1 1670922858650093 136.6875 -72.5 1.368310862793992 8 
0005 0005 1 1670922858651050 0.0 -46.0 1.509437095279471 8 
0005 0003 1 1670922858653151 -35.75 -72.5 2.067806102069844 8 
0005 0010 1 1670922858657044 74.8125 -71.5 4.049709280018092 8 
0005 0004 1 1670922858661938 104.125 -67.0 2.779573187648782 8 
0005 0011 1 1670922858662889 130.1875 -70.0 0.6810874698212247 8 
0005 0000 1 1670922858664518 123.6875 -72.0 0.7179030087304801 8 
0005 0008 2 1670922858696936 -26.0 -58.0 4.147884050442774 8 
0005 0015 2 1670922858700952 26.0 -64.5 0.8651651643675016 8 
0005 0007 2 1670922858702371 68.3125 -66.0 4.595806440505381 8 
0005 0005 2 1670922858704732 -16.25 -54.0 3.8963112012295285 8 
0005 0006 2 1670922858708846 -403.625 -67.5 3.0925052683774528 8 
0005 0011 2 1670922858710049 -139.9375 -65.5 1.4848934026733007 8 
0005 0001 2 1670922858710954 152.9375 -66.0 0.944932165337555 8 
0005 0003 2 1670922858715261 -68.3125 -66.0 5.448699758569798 8 
0005 0012 2 1670922858717653 -65.0625 -61.5 5.160311370447297 8 
0005 0000 2 1670922858725728 156.1875 -68.0 5.577554144752192 8 
0005 0004 3 1670922858776062 -41.5 -64.5 0.04295146206079795 8 
0005 0010 3 1670922858778548 -146.4375 -65.0 0.0674951546669682 8 
0005 0006 3 1670922858790043 94.375 -64.5 3.055689729468197 8 
0005 0012 3 1670922858794251 -32.5 -60.5 6.209554229361076 8 
0005 0013 4 1670922858871537 52.0625 -68.5 0.7853981633974483 8 
0005 0010 5 1670922858915927 -29.25 -66.5 4.049709280018092 8 
0005 0013 5 1670922858922012 -179.0 -65.5 2.4727770300716534 8 
0005 0004 5 1670922858941146 -3.25 -66.5 3.902447124381071 8 
0005 0010 6 1670922858987364 74.8125 -63.5 0.15339807878856412 8 
0005 0006 6 1670922858990475 -3.25 -69.0 3.9453985864418692 8 
0005 0013 6 1670922858999532 -55.3125 -65.0 4.473087977474529 8 
0005 0004 6 1670922859009526 -27.625 -67.5 0.8774370106705868 8 
0005 0004 7 1670922859035986 10.5625 -61.5 1.8039614065535141 8 
0005 0005 7 1670922859041081 41.5 -69.0 4.2092432819582 8 
0005 0010 7 1670922859054461 45.5625 -71.5 5.418020142812084 8 
0005 0013 7 1670922859056559 29.25 -67.0 3.7551849687440497 8 
0005 0007 7 1670922859062234 71.5625 -69.5 2.2027964114037806 8 
0005 0004 8 1670922859085885 38.1875 -64.0 0.01227184630308513 8 
0005 0014 8 1670922859088091 6.5 -67.5 5.522330836388308 8 
0005 0008 8 1670922859096550 -3.25 -63.5 2.7120780329818137 8 
0005 0006 8 1670922859097514 -52.0625 -61.5 4.387185053352934 8 
0005 0009 8 1670922859101124 -32.5 -62.0 4.295146206079795 8 
0005 0011 8 1670922859102498 -22.75 -64.5 5.988660995905543 8 
0005 0010 8 1670922859105121 -55.3125 -63.0 5.1725832167503825 8 
0005 0013 8 1670922859110590 22.75 -57.0 2.454369260617026 8 
0005 0005 8 1670922859114373 100.875 -64.0 1.509437095279471 8 
0005 0007 8 1670922859117937 3.25 -68.0 5.240078371417351 8 
0005 0007 1 1670922859344202 32.5 -62.0 1.7303303287350031 8 
0005 0003 1 1670922859345364 117.125 -66.5 2.1966604882522383 8 
0005 0011 1 1670922859350882 94.375 -66.5 2.000310947402876 8 
0005 0002 1 1670922859358543 19.5 -74.5 2.8102528034064944 8 
0005 0005 1 1670922859360604 0.0 -53.0 4.25833066717054 8 
0005 0015 1 1670922859363176 -35.75 -68.0 0.7424467013366504 8 
0005 0013 1 1670922859364113 -71.5625 -69.0 2.4175537217077703 8 
0005 0006 1 1670922859370267 -143.1875 -68.0 2.8777479580734626 8 
0005 0004 1 1670922859371198 -38.1875 -64.0 5.553010452146021 8 
0005 0003 2 1670922859396421 -94.375 -65.5 5.921165841238575 8 
0005 0015 2 1670922859402455 -52.0625 -63.0 0.09203884727313846 8 
0005 0006 2 1670922859403372 16.25 -61.5 0.6504078540635119 8 
0005 0008 2 1670922859405314 35.75 -64.0 2.325514874434632 8 
0005 0011 2 1670922859411511 -9.75 -61.5 4.491495746929157 8 
0005 0005 2 1670922859414631 -10.5625 -49.0 4.73693267299086 8 
0005 0007 2 1670922859415556 -35.75 -55.5 5.006913291658733 8 
0005 0000 2 1670922859417973 166.0 -72.0 5.166447293598839 8 
0005 0001 2 1670922859429294 -6.5 -71.5 0.11658253987930872 8 
0005 0004 3 1670922859476147 -69.125 -59.0 5.2339424482658075 8 
0005 0006 3 1670922859478539 139.9375 -65.5 6.252505691421874 8 
0005 0013 3 1670922859480731 0.0 -61.0 0.9326603190344698 8 
0005 0010 3 1670922859487048 -61.8125 -70.0 0.0 8 
0005 0011 3 1670922859495230 16.25 -70.0 6.227961998815704 8 
0005 0010 4 1670922859573407 39.0 -67.0 4.3503695144436785 8 
0005 0014 4 1670922859574457 -26.0 -70.0 1.846912868614312 8 
0005 0013 4 1670922859577714 81.375 -69.0 2.6875343403756435 8 
0005 0010 5 1670922859620150 -26.0 -62.5 1.2885438618239387 8 
0005 0014 5 1670922859631403 100.875 -67.0 2.2212041808584084 8 
0005 0006 5 1670922859632887 26.0 -71.0 2.552544031041707 8 
0005 0009 5 1670922859635861 -120.4375 -72.5 2.693670263527186 8 
0005 0011 5 1670922859636794 6.5 -69.0 0.2699806186678728 8 
0005 0006 6 1670922859699455 97.625 -72.0 6.264777537724958 8 
0005 0007 7 1670922859739199 58.5625 -68.5 5.822991070813893 8 
0005 0005 7 1670922859740749 -21.125 -62.0 4.196971435655114 8 
0005 0014 7 1670922859748342 136.6875 -69.5 0.944932165337555 8 
0005 0009 7 1670922859756734 -16.25 -69.0 5.706408530934585 8 
0005 0014 8 1670922859798100 6.5 -61.0 1.1474176293384597 8 
0005 0006 8 1670922859799077 -19.5 -62.5 2.7979809571034093 8 
0005 0005 8 1670922859802807 0.0 -60.5 4.724660826687775 8 
0005 0011 8 1670922859803787 -9.75 -56.5 0.7853981633974483 8 
0005 0013 8 1670922859805939 22.75 -58.0 1.2701360923693108 8 
0005 0008 8 1670922859806844 -3.25 -61.0 1.9634954084936207 8 
0005 0012 8 1670922859807809 22.75 -57.0 0.7547185476397354 8 
0005 0010 8 1670922859809131 -45.5625 -62.5 4.540583132141498 8 
0005 0009 8 1670922859810066 9.75 -64.0 4.061981126321178 8 
0005 0006 1 1670922860048380 58.5625 -68.5 1.9880391010997909 8 
0005 0007 1 1670922860051623 26.0 -59.5 0.6013204688511713 8 
0005 0012 1 1670922860052630 -16.25 -60.5 1.368310862793992 8 
0005 0004 1 1670922860055710 48.8125 -65.0 1.4787574795217582 8 
0005 0005 1 1670922860059811 7.3125 -48.0 2.8838838812250054 8 
0005 0011 1 1670922860061073 -42.3125 -68.5 4.246058820867455 8 
0005 0002 1 1670922860072375 52.0625 -72.0 0.8467573949128739 8 
0005 0001 1 1670922860077653 78.0625 -72.0 1.705786636128833 8 
0005 0009 1 1670922860080643 -253.875 -72.5 2.184388641949153 8 
0005 0005 2 1670922860106284 -27.625 -50.5 2.36846633649543 8 
0005 0003 2 1670922860109590 13.0 -69.0 5.442563835418255 8 
0005 0008 2 1670922860111095 29.25 -65.0 3.3072625786814425 8 
0005 0014 2 1670922860112315 -185.5 -66.5 2.742757648739526 8 
0005 0011 2 1670922860119608 146.4375 -67.5 3.8963112012295285 8 
0005 0007 2 1670922860121066 13.0 -69.5 6.2463697682703305 8 
0005 0006 2 1670922860125663 -19.5 -69.0 1.0369710126106935 8 
0005 0013 2 1670922860126643 13.0 -58.0 5.227806525114265 8 
0005 0001 2 1670922860133809 -149.6875 -72.0 5.436427912266712 8 
0005 0000 2 1670922860151272 65.0625 -72.0 5.976389149602458 8 
0005 0012 3 1670922860199083 -48.8125 -59.0 0.21475731030398976 8 
0005 0006 3 1670922860209093 68.3125 -63.5 2.564815877344792 8 
0005 0010 3 1670922860213080 -139.9375 -64.5 5.129631754689584 8 
0005 0013 4 1670922860262845 81.375 -66.5 1.932815792735908 8 
0005 0006 4 1670922860276535 26.0 -72.5 4.706253057233147 8 
0005 0004 4 1670922860283451 34.9375 -69.5 0.7915340865489908 8 
0005 0013 5 1670922860338700 22.75 -64.0 3.393165502803038 8 
0005 0014 5 1670922860341820 198.5625 -68.5 1.4603497100671303 8 
0005 0012 5 1670922860344154 -29.25 -63.0 0.8099418560036186 8 
0005 0010 5 1670922860350413 -22.75 -61.0 1.1719613219446299 8 
0005 0014 6 1670922860417059 -35.75 -71.0 0.6994952392758523 8 
0005 0012 6 1670922860418688 -19.5 -65.0 4.387185053352934 8 
0005 0010 6 1670922860423389 -61.8125 -69.0 5.534602682691394 8 
0005 0013 7 1670922860446729 35.75 -65.0 0.0674951546669682 8 
0005 0006 7 1670922860456682 -61.8125 -65.5 0.2086213871524472 8 
0005 0015 7 1670922860458605 0.0 -68.5 2.1966604882522383 8 
0005 0005 7 1670922860459798 111.4375 -71.0 6.270913460876501 8 
0005 0011 7 1670922860461033 29.25 -68.5 2.1046216409791 8 
0005 0004 7 1670922860465166 135.0625 -68.0 6.056156150572511 8 
0005 0008 7 1670922860474917 -100.875 -69.0 3.147728576741336 8 
0005 0010 7 1670922860476801 152.9375 -70.0 0.5645049299419159 8 
0005 0009 8 1670922860507366 35.75 -68.5 5.749359992995383 8 
0005 0006 8 1670922860510647 26.0 -61.5 1.8162332528565992 8 
0005 0004 8 1670922860512543 -69.125 -65.5 3.1661363461959633 8 
0005 0010 8 1670922860514261 -52.0625 -63.5 4.988505522204105 8 
0005 0014 8 1670922860515704 -16.25 -67.5 2.9575149590435164 8 
0005 0008 8 1670922860525597 -107.375 -68.5 3.6815538909255388 8 
0005 0013 8 1670922860537819 26.0 -64.0 4.074252972624263 8 
0005 0001 8 1670922860541880 -42.3125 -72.5 4.264466590322082 8 
0005 0007 8 1670922860543072 -58.5625 -67.0 3.749049045592507 8 
0005 0000 8 1670922860544076 -29.25 -75.0 2.773437264497239 8 
0005 0011 8 1670922860544997 19.5 -55.5 0.7117670855789375 8 
0005 0005 1 1670922860771731 -59.375 -61.5 1.9696313316451632 8 
0005 0006 1 1670922860773563 45.5625 -61.5 2.030990563160589 8 
0005 0007 1 1670922860781619 136.6875 -65.5 1.4358060174609601 8 
0005 0013 1 1670922860782821 3.25 -61.0 6.074563920027139 8 
0005 0003 1 1670922860784651 -39.0 -71.5 1.7916895602504288 8 
0005 0004 1 1670922860790063 -55.3125 -66.5 1.3989904785517047 8 
0005 0004 2 1670922860817319 -69.125 -62.5 5.780039608753096 8 
0005 0015 2 1670922860820945 146.4375 -65.5 1.2026409377023426 8 
0005 0006 2 1670922860822144 -9.75 -59.5 5.47937937432751 8 
0005 0011 2 1670922860824089 52.0625 -60.5 1.6751070203711202 8 
0005 0007 2 1670922860827228 9.75 -57.5 0.3190680038802134 8 
0005 0005 2 1670922860828949 -21.125 -54.0 5.5284667595398505 8 
0005 0014 2 1670922860832099 -78.0625 -64.0 2.730485802436441 8 
0005 0008 2 1670922860837381 100.875 -65.5 3.479068426924634 8 
0005 0003 2 1670922860838302 58.5625 -64.5 1.0983302441261191 8 
0005 0004 3 1670922860911422 73.1875 -61.0 1.5155730184310134 8 
0005 0011 3 1670922860924088 16.25 -67.5 5.258486140871978 8 
0005 0006 3 1670922860927230 19.5 -63.5 1.423534171157875 8 
0005 0013 3 1670922860931113 -65.0625 -62.5 2.116893487282185 8 
0005 0007 3 1670922860948963 45.5625 -69.0 0.3988350048502667 8 
0005 0006 4 1670922861003283 -39.0 -66.0 5.141903600992669 8 
0005 0013 4 1670922861006315 -6.5 -67.5 4.755340442445488 8 
0005 0010 4 1670922861021426 -113.875 -70.0 2.1782527187976104 8 
0005 0010 5 1670922861066227 0.0 -65.5 4.1172044346850605 8 
0005 0005 5 1670922861068377 0.0 -67.0 0.8651651643675016 8 
0005 0006 5 1670922861089657 48.8125 -65.5 3.4177091954092087 8 
0005 0006 6 1670922861151421 3.25 -69.0 3.890175278077986 8 
0005 0004 6 1670922861154512 170.0625 -70.0 5.945709533844745 8 
0005 0007 6 1670922861158508 16.25 -74.0 3.6201946594101133 8 
0005 0010 7 1670922861186483 198.5625 -67.0 1.3192234775816514 8 
0005 0013 7 1670922861190661 39.0 -68.0 1.423534171157875 8 
0005 0011 7 1670922861192517 -13.0 -62.0 2.8838838812250054 8 
0005 0014 7 1670922861194401 104.125 -69.5 4.565126824747668 8 
0005 0005 7 1670922861195928 -61.8125 -65.5 5.64504929941916 8 
0005 0012 7 1670922861203928 -52.0625 -63.5 0.14112623248547898 8 
0005 0007 7 1670922861211107 -39.0 -69.5 4.828971520263998 8 
0005 0010 8 1670922861256210 -42.3125 -66.5 5.755495916146925 8 
0005 0007 8 1670922861257176 136.6875 -71.5 6.22182607566416 8 
0005 0005 8 1670922861262499 62.625 -64.5 6.14819499784565 8 
0005 0011 8 1670922861263405 35.75 -55.5 1.88986433067511 8 
0005 0012 8 1670922861266252 6.5 -63.0 4.23378697456437 8 
0005 0013 8 1670922861267472 32.5 -60.0 2.650718801466388 8 
0005 0001 8 1670922861271203 19.5 -65.5 6.1850105367549055 8 
0005 0014 8 1670922861273054 9.75 -59.5 2.2641556429192065 8 
0005 0008 8 1670922861275310 29.25 -59.5 0.8222137023067037 8 
0005 0009 8 1670922861277835 205.0625 -72.5 1.736466251886546 8 
0005 0000 8 1670922861279926 -52.0625 -70.0 3.890175278077986 8 
0005 0007 1 1670922861496184 -19.5 -61.5 1.2087768608538851 8 
0005 0005 1 1670922861505821 -7.3125 -57.0 0.9326603190344698 8 
0005 0012 1 1670922861512203 48.8125 -68.0 5.270757987175063 8 
0005 0013 2 1670922861555859 22.75 -66.0 4.147884050442774 8 
0005 0008 2 1670922861557066 -237.5625 -66.5 4.994641445355648 8 
0005 0014 2 1670922861566656 -32.5 -62.0 3.933126740138784 8 
0005 0005 2 1670922861568151 9.75 -51.5 2.2580197197676637 8 
0005 0015 2 1670922861569147 22.75 -61.5 0.6442719309119693 8 
0005 0003 2 1670922861570763 71.5625 -70.5 5.080544369477243 8 
0005 0011 2 1670922861579929 45.5625 -68.5 5.2339424482658075 8 
0005 0004 2 1670922861582108 156.1875 -68.0 1.1719613219446299 8 
0005 0006 3 1670922861628491 81.375 -63.5 5.013049214810275 8 
0005 0012 3 1670922861642586 -26.0 -64.5 1.6382914814618648 8 
0005 0004 3 1670922861646420 9.75 -70.0 3.761320891895592 8 
0005 0010 3 1670922861657805 -113.875 -69.5 4.313553975534423 8 
0005 0004 4 1670922861719419 -59.375 -71.5 5.338253141842031 8 
0005 0006 4 1670922861731236 32.5 -64.5 2.1782527187976104 8 
0005 0012 5 1670922861777882 -35.75 -60.5 2.3746022596469727 8 
0005 0006 5 1670922861787878 -139.9375 -70.5 3.104777114680538 8 
0005 0013 5 1670922861792976 -84.625 -65.0 5.350524988145116 8 
0005 0010 5 1670922861793928 -104.125 -65.5 4.2092432819582 8 
0005 0004 5 1670922861807536 -68.3125 -71.0 3.1784081924990484 8 
0005 0012 6 1670922861853043 35.75 -63.0 1.41126232485479 8 
0005 0006 6 1670922861854033 -3.25 -65.5 4.1417481272912315 8 
0005 0013 6 1670922861860845 45.5625 -66.5 4.246058820867455 8 
0005 0015 7 1670922861903615 9.75 -66.0 3.184544115650591 8 
0005 0001 7 1670922861906064 0.0 -71.0 1.9266798695843652 8 
0005 0006 7 1670922861907331 -26.0 -63.0 0.46019423636569234 8 
0005 0005 7 1670922861908249 62.625 -65.0 0.6810874698212247 8 
0005 0008 7 1670922861914437 -32.5 -70.5 1.3621749396424494 8 
0005 0009 7 1670922861921256 -182.25 -71.5 5.485515297479052 8 
0005 0004 7 1670922861923693 -39.0 -63.5 5.706408530934585 8 
0005 0012 7 1670922861924698 -9.75 -67.5 5.608233760509904 8 
0005 0014 8 1670922861955940 26.0 -66.0 2.945243112740431 8 
0005 0011 8 1670922861957117 55.3125 -61.0 3.018874190558942 8 
0005 0004 8 1670922861964515 10.5625 -56.5 1.5278448647340985 8 
0005 0008 8 1670922861966836 9.75 -56.0 1.4480778637640452 8 
0005 0006 8 1670922861969643 29.25 -61.5 0.8958447801252144 8 
0005 0000 8 1670922861972022 -29.25 -72.0 5.405748296509 8 
0005 0005 8 1670922861974197 0.0 -61.5 3.7122335066832517 8 
0005 0009 8 1670922861978823 -32.5 -60.5 3.399301425954581 8 
0005 0001 8 1670922861983500 -42.3125 -68.0 1.7671458676442586 8 
0005 0007 8 1670922861984676 13.0 -64.0 1.282407938672396 8 
0005 0005 1 1670922862219729 -16.25 -63.5 5.289165756629691 8 
0005 0004 1 1670922862224436 76.4375 -67.0 0.3988350048502667 8 
0005 0014 1 1670922862225899 172.5 -69.0 1.4173982480063325 8 
0005 0007 1 1670922862233457 -175.75 -68.5 5.516194913236766 8 
0005 0005 2 1670922862266813 27.625 -57.0 4.669437518323892 8 
0005 0007 2 1670922862273502 22.75 -68.0 3.877903431774901 8 
0005 0011 2 1670922862278321 32.5 -66.0 1.3867186322486196 8 
0005 0006 2 1670922862281503 35.75 -59.5 2.000310947402876 8 
0005 0015 2 1670922862282709 -13.0 -62.5 5.9518454569962875 8 
0005 0004 2 1670922862283771 35.75 -62.5 1.2333205534600555 8 
0005 0013 2 1670922862297185 117.125 -69.0 4.025165587411922 8 
0005 0004 3 1670922862338932 10.5625 -63.0 0.09817477042468103 8 
0005 0013 3 1670922862357817 6.5 -70.0 6.050020227420969 8 
0005 0006 3 1670922862367989 323.0625 -71.0 2.9391071895888885 8 
0005 0013 4 1670922862405438 -81.375 -65.0 5.062136600022616 8 
0005 0005 4 1670922862410066 29.25 -68.5 3.3195344249845276 8 
0005 0010 5 1670922862471866 -107.375 -68.0 5.473243451175968 8 
0005 0004 6 1670922862535066 21.125 -69.5 0.760854470791278 8 
0005 0004 7 1670922862568144 97.625 -65.5 4.81056375080937 8 
0005 0005 7 1670922862569434 42.3125 -61.5 3.9515345095934116 8 
0005 0010 7 1670922862576837 -32.5 -65.0 4.319689898685965 8 
0005 0011 7 1670922862581935 -45.5625 -66.0 0.5706408530934585 8 
0005 0009 7 1670922862583597 -162.75 -71.0 5.688000761479957 8 
0005 0008 7 1670922862586909 110.625 -63.0 2.5586799541932495 8 
0005 0012 7 1670922862593955 52.0625 -63.0 1.521708941582556 8 
0005 0000 8 1670922862640397 29.25 -72.0 0.5031456984264903 8 
0005 0014 8 1670922862641330 3.25 -57.5 1.012427320004523 8 
0005 0004 8 1670922862642264 -45.5625 -69.5 5.724816300389213 8 
0005 0008 8 1670922862643199 19.5 -54.5 2.5464081078901644 8 
0005 0013 8 1670922862645645 -26.0 -63.5 3.1968159619536762 8 
0005 0005 8 1670922862647526 6.5 -56.5 3.6263305825616556 8 
0005 0009 8 1670922862649088 -45.5625 -64.0 2.0064468705544187 8 
0005 0007 8 1670922862651206 0.0 -61.0 3.368621810196868 8 
0005 0011 8 1670922862659859 3.25 -62.5 3.5772431973493153 8 
0005 0010 8 1670922862661068 -9.75 -68.5 1.2455923997631406 8 
0005 0012 8 1670922862665101 52.0625 -62.5 4.491495746929157 8 
0005 0001 8 1670922862669859 9.75 -64.0 4.252194744018997 8 
0005 0004 1 1670922862888030 -79.75 -69.5 2.086213871524472 8 
0005 0014 1 1670922862895675 -97.625 -71.5 5.424156065963627 8 
0005 0007 1 1670922862916300 143.1875 -72.5 0.5154175447295755 8 
0005 0012 1 1670922862921363 -6.5 -69.5 3.5772431973493153 8 
0005 0005 1 1670922862922313 -135.0625 -67.5 4.135612204139688 8 
0005 0007 2 1670922862952484 -113.875 -68.0 4.111068511533518 8 
0005 0006 2 1670922862953487 84.625 -66.0 1.3621749396424494 8 
0005 0012 2 1670922862958128 29.25 -64.0 2.411417798556228 8 
0005 0005 2 1670922862959573 73.1875 -61.5 1.533980787885641 8 
0005 0015 2 1670922862967958 -48.8125 -66.0 3.5036121195308043 8 
0005 0012 3 1670922863010700 -58.5625 -68.5 4.221515128261284 8 
0005 0004 3 1670922863017107 -384.0625 -72.0 0.06135923151542565 8 
0005 0010 3 1670922863045144 -3.25 -70.5 1.761009944492716 8 
0005 0004 4 1670922863090702 -170.0625 -73.0 3.436116964863836 8 
0005 0010 5 1670922863157318 -87.875 -66.5 4.853515212870168 8 
0005 0012 5 1670922863158723 -58.5625 -69.5 4.466952054322987 8 
0005 0013 5 1670922863173560 -48.8125 -66.5 0.07363107781851078 8 
0005 0012 6 1670922863195990 -22.75 -62.5 3.0495538063166547 8 
0005 0004 6 1670922863210523 -30.875 -67.5 3.06182565261974 8 
0005 0014 6 1670922863214551 48.8125 -69.0 6.117515382087937 8 
0005 0006 6 1670922863219207 -78.0625 -64.5 5.71868037723767 8 
0005 0008 7 1670922863250253 42.3125 -62.5 2.6875343403756435 8 
0005 0006 7 1670922863252234 -29.25 -59.5 4.387185053352934 8 
0005 0013 7 1670922863254643 -19.5 -63.0 1.521708941582556 8 
0005 0005 7 1670922863259715 -29.25 -60.5 2.043262409463674 8 
0005 0012 7 1670922863261950 3.25 -63.5 0.06135923151542565 8 
0005 0010 7 1670922863262962 32.5 -67.5 3.356349963893783 8 
0005 0009 7 1670922863265980 -123.6875 -67.0 4.921010367537137 8 
0005 0004 7 1670922863266891 0.0 -66.5 3.3379421944391554 8 
0005 0011 7 1670922863268960 -32.5 -63.0 0.1349903093339364 8 
0005 0001 7 1670922863273351 117.125 -70.0 5.117359908386499 8 
0005 0008 8 1670922863298947 6.5 -56.5 2.1537090261914402 8 
0005 0010 8 1670922863299883 -6.5 -61.0 5.595961914206819 8 
0005 0005 8 1670922863300872 -6.5 -56.0 4.4362724385652745 8 
0005 0009 8 1670922863301797 42.3125 -70.0 0.760854470791278 8 
0005 0011 8 1670922863303000 -6.5 -55.0 2.9636508821950587 8 
0005 0006 8 1670922863305408 -9.75 -60.5 4.178563666200486 8 
0005 0000 8 1670922863306370 22.75 -69.5 1.0615147052168636 8 
0005 0002 8 1670922863307288 17.0625 -75.0 6.160466844148735 8 
0005 0007 8 1670922863310900 -16.25 -61.5 4.6448938257177215 8 
0005 0012 8 1670922863314274 26.0 -56.0 0.06135923151542565 8 
0005 0004 8 1670922863320575 93.5625 -65.5 2.779573187648782 8 
0005 0001 8 1670922863321495 3.25 -65.5 3.80427235395639 8 
0005 0014 8 1670922863323333 16.25 -61.0 0.37429131224409645 8 
0005 0013 8 1670922863324244 -32.5 -64.5 2.5770877236478773 8 
0005 0007 1 1670922863546648 81.375 -65.5 5.546874528994478 8 
0005 0013 1 1670922863559181 -26.0 -64.5 4.460816131171445 8 
0005 0005 1 1670922863564488 -16.25 -62.0 1.4726215563702154 8 
0005 0005 2 1670922863608378 -78.0625 -64.5 2.2396119503130363 8 
0005 0011 2 1670922863609270 -42.3125 -65.5 0.12885438618239387 8 
0005 0004 2 1670922863620289 -17.0625 -64.5 3.454524734318464 8 
0005 0006 2 1670922863622952 -3.25 -63.0 4.755340442445488 8 
0005 0007 2 1670922863623860 -16.25 -66.0 3.1784081924990484 8 
