0000 0007 1 1670923063536175 -22.75 -56.0 3.3624858870453256 7 
0000 0015 1 1670923063539037 -81.375 -65.0 5.197126909356553 7 
0000 0000 1 1670923063539957 -110.625 -68.5 5.780039608753096 7 
0000 0004 1 1670923063544018 -45.5625 -61.5 3.552699504743145 7 
0000 0013 1 1670923063545688 -61.8125 -64.5 5.1725832167503825 7 
0000 0006 1 1670923063552709 48.8125 -63.5 0.9326603190344698 7 
0000 0009 1 1670923063553627 30.875 -57.5 0.3374757733348411 7 
0000 0010 1 1670923063555328 13.0 -56.0 0.02454369260617026 7 
0000 0008 1 1670923063556278 -13.0 -58.0 4.804427827657828 7 
0000 0003 1 1670923063557235 0.0 -67.5 3.9515345095934116 7 
0000 0001 1 1670923063562836 6.5 -60.0 6.264777537724958 7 
0000 0011 1 1670923063565035 19.5 -55.5 1.552388557340269 7 
0000 0005 1 1670923063565995 -9.75 -52.0 3.06182565261974 7 
0000 0006 2 1670923063626925 -13.0 -58.0 3.9576704327449543 7 
0000 0004 2 1670923063628713 -22.75 -56.0 4.632621979414636 7 
0000 0007 2 1670923063631277 9.75 -50.0 4.853515212870168 7 
0000 0005 2 1670923063632821 -3.25 -61.0 1.2578642460662257 7 
0000 0009 2 1670923063635696 -10.5625 -58.5 1.0492428589137786 7 
0000 0010 2 1670923063636956 -3.25 -60.0 3.2213596545598464 7 
0000 0014 2 1670923063637878 42.3125 -62.5 1.9144080232812801 7 
0000 0001 2 1670923063638855 -6.5 -55.0 3.736777199289422 7 
0000 0008 2 1670923063639892 26.0 -51.5 2.705942109830271 7 
0000 0000 2 1670923063643232 3.25 -59.5 0.18407769454627693 7 
0000 0013 2 1670923063647145 113.875 -68.0 0.1718058482431918 7 
0000 0011 2 1670923063651270 -32.5 -60.5 2.429825568010856 7 
0000 0004 3 1670923063678557 -45.5625 -66.0 1.9389517158874505 7 
0000 0015 3 1670923063679958 16.25 -65.0 4.896466674930966 7 
0000 0007 3 1670923063685193 3.25 -63.0 4.190835512503572 7 
0000 0008 3 1670923063690608 9.75 -65.5 0.9081166264282996 7 
0000 0000 3 1670923063691544 -133.4375 -69.0 5.031456984264903 7 
0000 0011 3 1670923063694197 3.25 -53.5 3.5342917352885173 7 
0000 0013 3 1670923063699024 -16.25 -57.5 5.939573610693203 7 
0000 0014 3 1670923063700469 74.8125 -65.5 4.546719055293041 7 
0000 0009 3 1670923063703102 3.25 -62.5 0.9572040116406401 7 
0000 0006 3 1670923063711428 87.875 -68.5 4.111068511533518 7 
0000 0005 3 1670923063719137 -55.3125 -68.5 4.344233591292136 7 
0000 0005 4 1670923063756760 52.0625 -67.5 4.344233591292136 7 
0000 0015 4 1670923063760764 3.25 -63.0 2.2457478734645786 7 
0000 0007 4 1670923063769907 42.3125 -70.5 5.516194913236766 7 
0000 0011 4 1670923063772074 48.8125 -66.0 1.2455923997631406 7 
0000 0013 4 1670923063779306 22.75 -64.5 2.6813984172241008 7 
0000 0014 4 1670923063781815 -13.0 -68.5 2.1659808724945253 7 
0000 0013 5 1670923063821501 -97.625 -69.0 3.497476196379262 7 
0000 0005 5 1670923063835124 -87.875 -66.5 3.227495577711389 7 
0000 0006 5 1670923063845520 52.0625 -70.5 6.258641614573416 7 
0000 0015 6 1670923063893464 22.75 -71.5 0.7301748550335652 7 
0000 0007 6 1670923063897566 48.8125 -67.5 1.0062913968529805 7 
0000 0006 6 1670923063908117 -179.0 -66.5 4.651029748869264 7 
0000 0005 6 1670923063914248 -39.0 -71.5 3.06182565261974 7 
0000 0007 8 1670923064008341 13.0 -66.5 0.944932165337555 7 
0000 0005 8 1670923064017643 -94.375 -69.5 5.154175447295755 7 
0000 0013 8 1670923064018574 3.25 -69.5 4.3933209765044765 7 
0000 0013 1 1670923064248880 -42.3125 -65.0 5.006913291658733 7 
0000 0000 1 1670923064250068 -19.5 -60.0 5.565282298449106 7 
0000 0001 1 1670923064251033 29.25 -59.5 5.896622148632405 7 
0000 0008 1 1670923064251981 -6.5 -52.0 3.834951969714103 7 
0000 0012 1 1670923064253426 -19.5 -58.5 0.3313398501832985 7 
0000 0009 1 1670923064255735 -24.375 -52.5 5.111223985234957 7 
0000 0006 1 1670923064256686 -9.75 -50.5 0.22089323345553233 7 
0000 0004 1 1670923064258358 -6.5 -48.0 1.6751070203711202 7 
0000 0007 1 1670923064259564 35.75 -63.5 0.2945243112740431 7 
0000 0011 1 1670923064262447 -22.75 -56.0 3.718369429834794 7 
0000 0005 1 1670923064263663 -3.25 -59.5 3.5281558121369745 7 
0000 0010 1 1670923064266670 -133.4375 -67.0 3.9822141253511245 7 
0000 0015 1 1670923064271381 -13.0 -68.0 6.050020227420969 7 
0000 0013 2 1670923064317172 13.0 -67.0 4.313553975534423 7 
0000 0010 2 1670923064318106 3.25 -50.5 1.1903690913992575 7 
0000 0001 2 1670923064321853 -22.75 -52.5 3.8840393549264434 7 
0000 0004 2 1670923064322843 0.0 -44.0 5.203262832508095 7 
0000 0011 2 1670923064324632 0.0 -57.0 1.846912868614312 7 
0000 0006 2 1670923064325575 19.5 -53.0 5.675728915176872 7 
0000 0015 2 1670923064328649 -16.25 -66.0 3.8410878928656453 7 
0000 0005 2 1670923064330093 58.5625 -64.5 4.1172044346850605 7 
0000 0000 2 1670923064331323 27.625 -54.0 5.786175531904639 7 
0000 0008 2 1670923064333512 -32.5 -59.5 2.110757564130642 7 
0000 0014 2 1670923064334984 169.25 -69.5 1.662835174068035 7 
0000 0009 2 1670923064340236 -48.8125 -58.5 2.4605051837685683 7 
0000 0012 2 1670923064341311 39.0 -57.5 1.1965050145508 7 
0000 0011 3 1670923064388722 13.0 -60.5 3.8840393549264434 7 
0000 0000 3 1670923064392857 -390.5625 -70.0 5.589825991055276 7 
0000 0004 3 1670923064394996 -6.5 -62.0 0.7547185476397354 7 
0000 0005 3 1670923064396874 -19.5 -65.5 2.000310947402876 7 
0000 0006 3 1670923064397828 -104.125 -71.0 3.663146121470911 7 
0000 0007 3 1670923064398770 0.0 -63.5 3.6876898140770815 7 
0000 0014 3 1670923064400489 -94.375 -69.5 3.663146121470911 7 
0000 0001 3 1670923064401611 52.0625 -65.5 1.4173982480063325 7 
0000 0015 3 1670923064405688 -9.75 -65.5 2.2641556429192065 7 
0000 0013 3 1670923064412919 -234.3125 -69.5 3.6999616603801666 7 
0000 0009 4 1670923064446192 -76.4375 -68.5 5.577554144752192 7 
0000 0011 4 1670923064463586 -45.5625 -69.0 1.607611865704152 7 
0000 0005 5 1670923064514580 34.9375 -69.0 1.3560390164909069 7 
0000 0007 5 1670923064520917 211.5625 -72.0 6.050020227420969 7 
0000 0013 6 1670923064575555 130.1875 -73.5 0.2945243112740431 7 
0000 0014 6 1670923064579967 -3.25 -64.5 2.2334760271614935 7 
0000 0013 8 1670923064686210 -120.4375 -72.0 4.080388895775806 7 
0000 0004 8 1670923064694158 -110.625 -67.0 5.399612373357457 7 
0000 0005 1 1670923064935872 -3.25 -49.5 6.050020227420969 7 
0000 0001 1 1670923064936882 -16.25 -52.5 6.043884304269426 7 
0000 0006 1 1670923064938060 22.75 -56.0 5.037592907416445 7 
0000 0013 1 1670923064939233 45.5625 -69.0 5.50392306693368 7 
0000 0003 1 1670923064945863 -9.75 -62.0 2.5464081078901644 7 
0000 0011 1 1670923064947748 0.0 -52.0 2.1659808724945253 7 
0000 0000 1 1670923064948942 52.0625 -64.0 4.466952054322987 7 
0000 0009 1 1670923064950369 6.5 -50.5 3.4054373491061236 7 
0000 0007 1 1670923064951374 9.75 -57.5 1.2333205534600555 7 
0000 0008 1 1670923064955036 3.25 -45.0 2.3623304133438876 7 
0000 0014 1 1670923064956225 6.5 -60.0 1.6996507129772904 7 
0000 0012 1 1670923064959530 71.5625 -70.5 2.945243112740431 7 
0000 0010 1 1670923064961172 16.25 -59.5 1.945087639038993 7 
0000 0002 1 1670923064969160 -48.8125 -72.0 4.522175362686871 7 
0000 0015 1 1670923064970934 61.8125 -70.0 3.8840393549264434 7 
0000 0008 2 1670923064995960 -169.25 -66.5 1.748738098189631 7 
0000 0009 2 1670923065000218 7.3125 -59.5 1.1474176293384597 7 
0000 0014 2 1670923065002369 3.25 -58.0 2.8777479580734626 7 
0000 0012 2 1670923065006346 -97.625 -68.0 2.2027964114037806 7 
0000 0007 2 1670923065009251 -13.0 -58.5 1.4848934026733007 7 
0000 0011 2 1670923065010461 55.3125 -63.5 1.564660403643354 7 
0000 0013 2 1670923065011394 -26.0 -70.0 4.994641445355648 7 
0000 0006 2 1670923065012797 52.0625 -53.0 2.0493983326152168 7 
0000 0004 2 1670923065015943 -6.5 -46.0 2.773437264497239 7 
0000 0001 2 1670923065017373 9.75 -50.5 0.2945243112740431 7 
0000 0010 2 1670923065018637 29.25 -60.5 4.540583132141498 7 
0000 0005 2 1670923065019839 -6.5 -60.5 2.2150682577068657 7 
0000 0000 2 1670923065022160 -22.75 -60.0 2.1966604882522383 7 
0000 0002 2 1670923065024295 74.8125 -70.5 2.3439226438892597 7 
0000 0003 2 1670923065029004 -3.25 -66.0 3.6201946594101133 7 
0000 0013 3 1670923065065962 3.25 -60.5 4.289010282928253 7 
0000 0001 3 1670923065066944 -159.5 -71.0 2.6261751088602177 7 
0000 0007 3 1670923065068372 32.5 -61.5 1.4542137869155878 7 
0000 0006 3 1670923065071381 29.25 -67.0 1.7548740213411735 7 
0000 0011 3 1670923065078834 91.125 -58.5 2.313243028131547 7 
0000 0015 3 1670923065085119 -42.3125 -65.0 2.8286605728611223 7 
0000 0005 3 1670923065087381 -87.875 -67.0 4.853515212870168 7 
0000 0009 3 1670923065089798 -17.0625 -62.0 0.17794177139473438 7 
0000 0008 3 1670923065093478 -35.75 -66.5 5.583690067903734 7 
0000 0013 4 1670923065126843 -107.375 -71.0 0.5338253141842031 7 
0000 0014 4 1670923065135489 -39.0 -70.5 3.018874190558942 7 
0000 0006 4 1670923065155262 -42.3125 -70.5 6.105243535784852 7 
0000 0014 6 1670923065249820 -65.0625 -71.5 3.2643111166206444 7 
0000 0006 8 1670923065360234 0.0 -63.5 4.71238898038469 7 
0000 0004 8 1670923065361147 -45.5625 -69.5 5.632777453116074 7 
0000 0007 8 1670923065373205 -6.5 -68.5 4.3503695144436785 7 
0000 0000 8 1670923065392407 -71.5625 -74.5 5.982525072754001 7 
0000 0000 1 1670923065606450 42.3125 -63.0 2.497320722677824 7 
0000 0012 1 1670923065610569 3.25 -56.0 5.221670601962723 7 
0000 0010 1 1670923065611532 -3.25 -51.5 4.4976316700806995 7 
0000 0008 1 1670923065613701 -19.5 -51.5 5.632777453116074 7 
0000 0001 1 1670923065615134 22.75 -55.0 0.662679700366597 7 
0000 0006 1 1670923065616113 3.25 -52.5 2.84706834231575 7 
0000 0009 1 1670923065617030 10.5625 -57.0 0.4172427743048944 7 
0000 0005 1 1670923065618006 16.25 -63.5 3.7981364308048478 7 
0000 0004 1 1670923065619434 0.0 -49.0 1.859184714917397 7 
0000 0011 1 1670923065621073 -39.0 -57.5 4.577398671050753 7 
0000 0015 1 1670923065625064 32.5 -68.5 0.14726215563702155 7 
0000 0013 1 1670923065627158 133.4375 -67.0 1.6260196351587797 7 
0000 0007 1 1670923065628407 130.1875 -66.5 1.1290098598838318 7 
0000 0002 1 1670923065630611 52.0625 -68.5 4.601942363656923 7 
0000 0014 1 1670923065632861 -9.75 -68.5 4.381049130201391 7 
0000 0004 2 1670923065659303 3.25 -45.0 3.773592738198677 7 
0000 0012 2 1670923065664289 -52.0625 -60.0 5.056000676871073 7 
0000 0005 2 1670923065667879 3.25 -62.5 4.73693267299086 7 
0000 0001 2 1670923065671226 45.5625 -60.5 1.337631247036279 7 
0000 0003 2 1670923065672947 58.5625 -70.0 0.760854470791278 7 
0000 0006 2 1670923065674920 -26.0 -60.0 1.1780972450961724 7 
0000 0000 2 1670923065678086 13.0 -64.0 5.835262917116979 7 
0000 0014 2 1670923065679303 -9.75 -60.0 3.9453985864418692 7 
0000 0007 2 1670923065680226 -97.625 -65.5 2.086213871524472 7 
0000 0008 2 1670923065685628 -104.125 -69.0 4.061981126321178 7 
0000 0010 2 1670923065688180 29.25 -60.5 5.424156065963627 7 
0000 0009 3 1670923065726689 30.875 -60.0 1.141281706186917 7 
0000 0005 3 1670923065730597 58.5625 -60.5 1.88986433067511 7 
0000 0011 3 1670923065731945 -42.3125 -58.0 3.3072625786814425 7 
0000 0013 3 1670923065733739 -39.0 -63.0 2.6261751088602177 7 
0000 0007 3 1670923065739960 0.0 -61.0 4.09266074207889 7 
0000 0015 3 1670923065741860 13.0 -59.0 1.2640001692177683 7 
0000 0014 3 1670923065743966 6.5 -60.0 1.2762720155208536 7 
0000 0001 3 1670923065745723 -188.75 -68.0 5.921165841238575 7 
0000 0008 3 1670923065747758 0.0 -62.5 2.2212041808584084 7 
0000 0012 3 1670923065757337 179.0 -69.0 3.2949907323783574 7 
0000 0013 4 1670923065815286 -218.0625 -70.0 3.9147189706841563 7 
0000 0006 4 1670923065826814 -97.625 -70.0 4.853515212870168 7 
0000 0007 6 1670923065911429 3.25 -66.5 3.0925052683774528 7 
0000 0006 6 1670923065925001 -55.3125 -72.0 5.780039608753096 7 
0000 0004 8 1670923066017777 -94.375 -66.5 4.583534594202296 7 
0000 0012 8 1670923066022171 104.125 -70.0 1.761009944492716 7 
0000 0006 8 1670923066027997 13.0 -72.0 4.111068511533518 7 
0000 0009 1 1670923066266823 0.0 -53.0 0.9387962421860124 7 
0000 0010 1 1670923066270812 19.5 -59.5 4.295146206079795 7 
0000 0005 1 1670923066271732 91.125 -60.5 2.4175537217077703 7 
0000 0014 1 1670923066273404 71.5625 -64.5 3.509748042682347 7 
0000 0012 1 1670923066275639 -22.75 -65.0 2.1475731030398975 7 
0000 0006 1 1670923066277141 22.75 -57.5 2.2089323345553233 7 
0000 0001 1 1670923066279550 -19.5 -57.0 4.81056375080937 7 
0000 0002 1 1670923066282413 -35.75 -70.5 1.4787574795217582 7 
0000 0008 1 1670923066284540 -32.5 -50.5 5.688000761479957 7 
0000 0013 1 1670923066286708 -6.5 -67.5 4.129476280988146 7 
0000 0007 1 1670923066290323 91.125 -64.5 2.675262494072558 7 
0000 0004 1 1670923066293195 6.5 -49.0 6.037748381117884 7 
0000 0006 2 1670923066342010 9.75 -53.0 0.3988350048502667 7 
0000 0004 2 1670923066345292 -9.75 -47.5 5.043728830567988 7 
0000 0005 2 1670923066348607 -135.0625 -68.5 5.712544454086128 7 
0000 0009 2 1670923066356151 -21.125 -66.5 0.23316507975861744 7 
0000 0007 2 1670923066365192 -16.25 -70.5 5.5100589900852235 7 
0000 0005 3 1670923066395955 -48.8125 -67.5 2.7979809571034093 7 
0000 0012 3 1670923066403201 -71.5625 -63.0 1.7794177139473437 7 
0000 0007 3 1670923066404363 58.5625 -69.0 5.031456984264903 7 
0000 0011 3 1670923066406338 42.3125 -56.5 2.8716120349219203 7 
0000 0014 3 1670923066410432 -71.5625 -64.0 4.933282213840222 7 
0000 0000 3 1670923066413865 58.5625 -67.5 1.8346410223112268 7 
0000 0015 3 1670923066417682 68.3125 -63.0 1.2640001692177683 7 
0000 0013 3 1670923066419931 3.25 -61.5 3.436116964863836 7 
0000 0003 3 1670923066427829 -182.25 -70.0 6.154330920997192 7 
0000 0014 4 1670923066482507 55.3125 -63.0 2.0064468705544187 7 
0000 0007 6 1670923066565470 84.625 -73.5 3.442252888015379 7 
0000 0015 6 1670923066569707 253.875 -73.0 0.7240389318820226 7 
0000 0012 8 1670923066662466 -29.25 -64.0 2.650718801466388 7 
0000 0015 8 1670923066665116 -39.0 -64.5 2.5402721847386216 7 
0000 0000 8 1670923066668110 107.375 -73.0 0.607456392002714 7 
0000 0007 8 1670923066671770 35.75 -67.5 1.227184630308513 7 
0000 0005 8 1670923066672703 30.875 -66.5 0.5154175447295755 7 
0000 0013 8 1670923066680816 9.75 -67.0 0.8897088569736719 7 
0000 0011 8 1670923066684022 -71.5625 -69.0 4.97623367590102 7 
0000 0002 1 1670923066897881 94.375 -71.5 2.2457478734645786 7 
0000 0012 1 1670923066898801 -29.25 -67.0 4.6448938257177215 7 
0000 0004 1 1670923066904216 16.25 -57.5 1.8100973297050567 7 
0000 0007 1 1670923066905193 35.75 -57.0 1.9573594853420782 7 
0000 0010 1 1670923066909810 68.3125 -69.5 2.650718801466388 7 
0000 0005 1 1670923066914910 -26.0 -54.5 3.485204350076177 7 
0000 0003 1 1670923066919220 -94.375 -74.5 4.718524903536232 7 
0000 0014 1 1670923066923708 -71.5625 -69.0 0.6258641614573416 7 
0000 0003 2 1670923066960881 -22.75 -70.0 5.141903600992669 7 
0000 0005 2 1670923066965832 -42.3125 -54.5 4.522175362686871 7 
0000 0007 2 1670923066973125 -22.75 -61.5 5.497787143782138 7 
0000 0011 3 1670923067017188 -61.8125 -64.0 2.82252464970958 7 
0000 0006 3 1670923067019243 13.0 -64.0 0.4663301595172349 7 
0000 0005 3 1670923067021397 65.0625 -65.0 2.116893487282185 7 
0000 0001 3 1670923067031008 -45.5625 -67.0 3.9392626632903265 7 
0000 0007 3 1670923067031983 -3.25 -67.0 3.160000423044421 7 
0000 0014 3 1670923067040605 -117.125 -67.5 5.325981295538946 7 
0000 0013 4 1670923067080670 -16.25 -71.0 4.037437433715008 7 
0000 0015 4 1670923067086444 126.9375 -72.5 2.8532042654672924 7 
0000 0010 4 1670923067091498 -48.8125 -67.5 5.1725832167503825 7 
0000 0012 4 1670923067094342 -131.8125 -65.0 4.424000592262189 7 
0000 0014 4 1670923067098955 -100.875 -68.5 4.1417481272912315 7 
0000 0000 5 1670923067148502 156.1875 -71.0 5.6941366846315 7 
0000 0011 8 1670923067317457 16.25 -65.0 5.602097837358362 7 
0000 0005 8 1670923067321082 -78.0625 -69.5 2.724349879284899 7 
0000 0004 8 1670923067329598 -19.5 -66.5 0.8958447801252144 7 
0000 0007 8 1670923067330589 -91.125 -66.0 5.583690067903734 7 
0000 0007 1 1670923067555953 42.3125 -62.0 0.16566992509164924 7 
0000 0001 1 1670923067563561 146.4375 -71.0 4.374913207049849 7 
0000 0006 1 1670923067567426 6.5 -65.5 0.6810874698212247 7 
0000 0015 1 1670923067570287 -45.5625 -70.5 3.4913402732277192 7 
0000 0013 1 1670923067575071 55.3125 -66.5 1.423534171157875 7 
0000 0005 1 1670923067580018 -9.75 -66.5 3.0925052683774528 7 
0000 0004 1 1670923067582641 6.5 -51.5 1.2026409377023426 7 
0000 0013 2 1670923067617125 179.0 -67.0 5.295301679781233 7 
0000 0004 2 1670923067619973 71.5625 -66.0 2.6813984172241008 7 
0000 0005 2 1670923067630666 -26.0 -61.5 0.8099418560036186 7 
0000 0006 2 1670923067639683 120.4375 -68.5 1.239456476611598 7 
0000 0015 2 1670923067641623 22.75 -66.5 0.8283496254582462 7 
0000 0012 3 1670923067686585 -29.25 -57.5 3.6754179677739964 7 
0000 0013 3 1670923067687829 -71.5625 -66.0 3.785864584501762 7 
0000 0004 3 1670923067691833 120.4375 -66.5 3.1231848841351653 7 
0000 0005 3 1670923067696755 94.375 -70.5 2.141437179888355 7 
0000 0001 3 1670923067698212 29.25 -66.5 5.448699758569798 7 
0000 0008 3 1670923067699702 -81.375 -67.5 4.01902966426038 7 
0000 0010 3 1670923067705722 42.3125 -63.0 4.23378697456437 7 
0000 0015 3 1670923067711049 -78.0625 -69.5 4.166291819897402 7 
0000 0005 4 1670923067772341 -45.5625 -65.0 3.2765829629237295 7 
0000 0015 4 1670923067773808 13.0 -65.0 3.9576704327449543 7 
0000 0013 4 1670923067783074 32.5 -64.5 0.35588354278946877 7 
0000 0010 4 1670923067788700 146.4375 -68.5 5.743224069843841 7 
0000 0014 4 1670923067792194 -13.0 -61.0 4.4976316700806995 7 
0000 0012 4 1670923067795340 169.25 -69.0 0.5951845456996288 7 
0000 0009 4 1670923067796412 76.4375 -63.5 1.3008157081270237 7 
0000 0008 4 1670923067801758 -9.75 -68.5 1.7303303287350031 7 
0000 0007 5 1670923067841294 133.4375 -65.5 2.3316507975861747 7 
0000 0000 5 1670923067851461 270.9375 -68.5 1.88986433067511 7 
0000 0012 5 1670923067852424 110.625 -67.5 2.705942109830271 7 
0000 0015 5 1670923067853826 97.625 -69.0 0.14726215563702155 7 
0000 0011 5 1670923067859733 -19.5 -71.5 1.1535535524900022 7 
0000 0014 5 1670923067862818 0.0 -69.5 4.147884050442774 7 
0000 0007 6 1670923067896708 52.0625 -71.5 1.8162332528565992 7 
0000 0015 6 1670923067902542 -3.25 -72.5 1.8775924843720249 7 
0000 0008 7 1670923067979617 218.0625 -68.5 1.3989904785517047 7 
0000 0009 7 1670923067980549 267.6875 -70.0 1.5953400194010667 7 
0000 0011 8 1670923068009738 -39.0 -69.5 1.1167380135807468 7 
0000 0012 8 1670923068012274 29.25 -68.0 2.9697868053466014 7 
0000 0015 8 1670923068014705 -39.0 -70.0 1.1106020904292042 7 
0000 0000 8 1670923068016824 81.375 -67.0 1.7671458676442586 7 
0000 0005 8 1670923068017714 29.25 -66.0 6.068427996875596 7 
0000 0007 8 1670923068020122 -120.4375 -71.5 2.9943304979527716 7 
0000 0014 1 1670923068251223 -19.5 -62.5 1.8530487917658545 7 
0000 0005 1 1670923068256498 -3.25 -57.0 3.761320891895592 7 
0000 0007 1 1670923068258440 16.25 -64.5 3.663146121470911 7 
0000 0012 1 1670923068259686 16.25 -64.5 2.0923497946760143 7 
0000 0015 1 1670923068267117 -6.5 -68.0 3.767456815047135 7 
0000 0007 2 1670923068325625 -6.5 -60.5 4.104932588381976 7 
0000 0005 2 1670923068330128 29.25 -63.5 1.8162332528565992 7 
0000 0005 3 1670923068376669 84.625 -63.5 0.8406214717613314 7 
0000 0004 3 1670923068379092 -39.0 -62.0 4.921010367537137 7 
0000 0012 3 1670923068380066 -16.25 -60.5 3.718369429834794 7 
0000 0001 3 1670923068389428 65.0625 -64.0 4.0558452031696355 7 
0000 0009 3 1670923068395147 21.125 -65.5 0.5460971604872883 7 
0000 0010 3 1670923068400176 16.25 -61.0 5.829126993965437 7 
0000 0000 3 1670923068404665 -61.8125 -70.5 2.030990563160589 7 
0000 0006 3 1670923068405974 -35.75 -58.5 4.620350133111551 7 
0000 0011 3 1670923068406941 -26.0 -69.5 2.84706834231575 7 
0000 0013 3 1670923068408896 71.5625 -69.0 1.380582709097077 7 
0000 0008 3 1670923068409833 -110.625 -69.5 4.381049130201391 7 
0000 0015 3 1670923068423084 74.8125 -69.0 0.8160777791551611 7 
0000 0010 4 1670923068446180 3.25 -63.0 2.1353012567368124 7 
0000 0004 4 1670923068451150 -35.75 -65.5 4.227651051412827 7 
0000 0014 4 1670923068455337 45.5625 -63.5 6.031612457966341 7 
0000 0009 4 1670923068471495 7.3125 -66.0 1.337631247036279 7 
0000 0012 4 1670923068472432 -152.9375 -72.0 4.23378697456437 7 
0000 0015 4 1670923068479772 81.375 -69.5 0.8344855486097889 7 
0000 0000 5 1670923068508022 -78.0625 -69.0 6.160466844148735 7 
0000 0015 5 1670923068508984 42.3125 -66.0 5.473243451175968 7 
0000 0007 5 1670923068515090 29.25 -67.0 3.6692820446224537 7 
0000 0004 5 1670923068520807 87.875 -70.0 4.09266074207889 7 
0000 0014 5 1670923068523017 -58.5625 -68.0 0.5031456984264903 7 
0000 0011 5 1670923068529524 -61.8125 -69.0 0.7731263170943632 7 
0000 0005 5 1670923068536753 -187.125 -71.0 1.7916895602504288 7 
