0005 0005 1 1670923377237863 -21.125 -47.0 4.2031073588066565 8 
0005 0007 1 1670923377239366 -22.75 -60.0 1.6566992509164924 8 
0005 0003 1 1670923377254099 91.125 -75.0 1.4848934026733007 8 
0005 0002 1 1670923377262028 -227.8125 -73.5 5.123495831538041 8 
0005 0001 1 1670923377263059 -123.6875 -75.5 5.2768939103266055 8 
0005 0004 2 1670923377298121 139.125 -65.0 2.9145634969827183 8 
0005 0000 2 1670923377301803 -29.25 -68.5 5.166447293598839 8 
0005 0007 2 1670923377303922 13.0 -56.5 2.350058567040802 8 
0005 0005 2 1670923377305725 17.0625 -53.5 0.4356505437595221 8 
0005 0008 2 1670923377309108 29.25 -60.5 1.2946797849754812 8 
0005 0013 2 1670923377313150 -81.375 -64.0 4.6448938257177215 8 
0005 0003 2 1670923377314701 -139.9375 -66.0 4.28287435977671 8 
0005 0011 2 1670923377316934 -214.8125 -66.0 5.178719139901925 8 
0005 0004 3 1670923377355938 62.625 -60.0 6.129787228391022 8 
0005 0006 3 1670923377365570 -39.0 -64.0 4.638757902566179 8 
0005 0004 4 1670923377424161 0.0 -64.0 3.8288160465625602 8 
0005 0010 4 1670923377451161 6.5 -63.5 5.577554144752192 8 
0005 0008 4 1670923377452355 55.3125 -72.0 3.5342917352885173 8 
0005 0014 6 1670923377547624 -74.8125 -71.5 1.1596894756415448 8 
0005 0005 6 1670923377550627 13.8125 -67.0 6.17273869045182 8 
0005 0004 6 1670923377569575 -55.3125 -64.5 4.399456899656019 8 
0005 0004 7 1670923377605864 -62.625 -64.5 3.448388811166921 8 
0005 0014 7 1670923377619431 -26.0 -68.5 5.5714182216006485 8 
0005 0013 7 1670923377622851 -120.4375 -67.5 1.41126232485479 8 
0005 0008 7 1670923377628850 104.125 -71.0 1.902136176978195 8 
0005 0006 8 1670923377677180 3.25 -65.5 4.06811704947272 8 
0005 0013 8 1670923377682021 0.0 -59.0 1.3499030933393643 8 
0005 0005 8 1670923377683270 24.375 -62.5 5.4671075280244255 8 
0005 0004 8 1670923377684487 13.8125 -70.0 3.0250101137104846 8 
0005 0007 8 1670923377686407 -227.8125 -73.5 4.97623367590102 8 
0005 0010 8 1670923377689026 -16.25 -60.5 4.086524818927348 8 
0005 0009 8 1670923377692226 -29.25 -68.0 3.8717675086233583 8 
0005 0014 8 1670923377693429 -19.5 -58.5 4.970097752749477 8 
0005 0008 8 1670923377700408 -29.25 -63.0 3.7122335066832517 8 
0005 0011 8 1670923377705279 39.0 -60.0 0.859029241215959 8 
0005 0004 1 1670923377933293 7.3125 -63.5 5.092816215780329 8 
0005 0005 1 1670923377934196 9.75 -55.0 2.8409324191642074 8 
0005 0007 1 1670923377936038 -26.0 -63.0 4.276738436625168 8 
0005 0010 1 1670923377942173 -84.625 -68.0 1.9696313316451632 8 
0005 0007 2 1670923377970563 -39.0 -63.0 3.6263305825616556 8 
0005 0005 2 1670923377972088 19.5 -50.5 2.1659808724945253 8 
0005 0012 2 1670923377973084 -65.0625 -63.5 0.0859029241215959 8 
0005 0008 2 1670923377975789 -19.5 -61.5 2.030990563160589 8 
0005 0014 2 1670923377976739 78.0625 -62.5 5.47937937432751 8 
0005 0000 2 1670923377981089 -65.0625 -71.5 2.2089323345553233 8 
0005 0015 2 1670923377983568 -71.5625 -67.5 4.503767593232243 8 
0005 0003 2 1670923377984474 -123.6875 -67.0 3.8840393549264434 8 
0005 0013 2 1670923377988505 104.125 -67.5 4.4976316700806995 8 
0005 0011 2 1670923377993220 188.75 -71.5 0.03681553890925539 8 
0005 0006 3 1670923378017858 -13.0 -64.0 4.608078286808466 8 
0005 0004 3 1670923378025834 -3.25 -63.5 2.650718801466388 8 
0005 0012 3 1670923378027410 6.5 -57.5 4.135612204139688 8 
0005 0004 4 1670923378066818 62.625 -65.5 1.4787574795217582 8 
0005 0010 4 1670923378068689 84.625 -69.0 1.5278448647340985 8 
0005 0006 4 1670923378071838 -35.75 -67.5 3.816544200259475 8 
0005 0004 5 1670923378143587 17.0625 -64.5 5.755495916146925 8 
0005 0010 5 1670923378144810 45.5625 -65.5 1.7978254834019713 8 
0005 0006 5 1670923378145758 58.5625 -69.5 1.184233168247715 8 
0005 0013 5 1670923378148882 -130.1875 -70.0 4.792155981354743 8 
0005 0010 6 1670923378193690 -26.0 -66.5 6.019340611663256 8 
0005 0004 6 1670923378197217 52.0625 -71.5 0.705631162427395 8 
0005 0004 7 1670923378247165 24.375 -63.0 0.6994952392758523 8 
0005 0008 7 1670923378250934 -55.3125 -66.5 5.939573610693203 8 
0005 0015 7 1670923378255427 -35.75 -66.5 0.944932165337555 8 
0005 0005 7 1670923378257561 100.875 -65.0 2.466641106920111 8 
0005 0006 7 1670923378260424 -45.5625 -62.5 3.2765829629237295 8 
0005 0012 7 1670923378261600 39.0 -67.0 4.9394181369917645 8 
0005 0010 7 1670923378267257 -74.8125 -71.0 3.055689729468197 8 
0005 0014 8 1670923378306513 -22.75 -65.5 4.95168998329485 8 
0005 0008 8 1670923378308486 84.625 -66.5 0.4663301595172349 8 
0005 0007 8 1670923378309450 42.3125 -71.0 0.7669903939428205 8 
0005 0006 8 1670923378311577 52.0625 -65.5 0.6872233929727672 8 
0005 0001 8 1670923378318282 -26.0 -71.0 1.7119225592803755 8 
0005 0011 8 1670923378319272 -6.5 -57.5 4.3074180523828804 8 
0005 0012 8 1670923378322925 -42.3125 -61.0 2.84706834231575 8 
0005 0009 8 1670923378324159 16.25 -68.0 2.380738182798515 8 
0005 0005 8 1670923378329060 -52.0625 -67.5 0.6504078540635119 8 
0005 0000 8 1670923378330401 -9.75 -72.0 0.6749515466696822 8 
0005 0004 8 1670923378331574 -13.8125 -59.0 4.565126824747668 8 
0005 0005 1 1670923378551107 34.9375 -55.5 4.411728745959104 8 
0005 0013 1 1670923378558145 -22.75 -60.0 1.7303303287350031 8 
0005 0007 1 1670923378562194 3.25 -64.5 1.4848934026733007 8 
0005 0014 1 1670923378563159 71.5625 -67.0 0.25157284921324513 8 
0005 0006 1 1670923378565383 52.0625 -67.0 4.2092432819582 8 
0005 0011 1 1670923378568094 -35.75 -69.5 2.030990563160589 8 
0005 0006 2 1670923378599354 6.5 -56.5 2.429825568010856 8 
0005 0005 2 1670923378600686 -17.0625 -53.0 4.792155981354743 8 
0005 0013 2 1670923378602158 -16.25 -59.0 5.387340527054372 8 
0005 0004 2 1670923378603105 -69.125 -60.5 0.37429131224409645 8 
0005 0003 2 1670923378608279 6.5 -69.0 2.1230294104337273 8 
0005 0015 2 1670923378613944 55.3125 -63.5 5.080544369477243 8 
0005 0007 2 1670923378614877 3.25 -59.5 5.184855063053467 8 
0005 0011 2 1670923378616467 -9.75 -66.5 6.086835766330224 8 
0005 0004 3 1670923378640701 -65.0625 -64.5 5.387340527054372 8 
0005 0013 3 1670923378645500 -35.75 -60.5 5.816855147662351 8 
0005 0006 3 1670923378658749 19.5 -65.5 4.509903516383785 8 
0005 0004 4 1670923378729105 45.5625 -61.0 1.3008157081270237 8 
0005 0006 5 1670923378806503 -29.25 -68.5 2.4911847995262812 8 
0005 0013 6 1670923378835978 9.75 -70.0 5.117359908386499 8 
0005 0004 6 1670923378840855 -45.5625 -67.5 5.988660995905543 8 
0005 0005 6 1670923378867275 -10.5625 -68.0 4.9823695990525625 8 
0005 0005 7 1670923378901927 42.3125 -64.0 1.2517283229146832 8 
0005 0015 7 1670923378904434 -32.5 -68.5 1.6996507129772904 8 
0005 0011 7 1670923378907797 -136.6875 -66.5 2.0493983326152168 8 
0005 0004 7 1670923378908757 -55.3125 -65.5 3.141592653589793 8 
0005 0014 7 1670923378910470 136.6875 -64.5 0.8897088569736719 8 
0005 0008 7 1670923378913427 45.5625 -69.5 6.22182607566416 8 
0005 0010 7 1670923378930112 16.25 -68.5 1.3560390164909069 8 
0005 0012 8 1670923378976735 -32.5 -67.0 4.289010282928253 8 
0005 0004 8 1670923378978519 13.8125 -62.5 0.5829126993965437 8 
0005 0001 8 1670923378980604 113.875 -70.5 0.30066023442558565 8 
0005 0000 8 1670923378981802 -3.25 -73.0 4.92714629068868 8 
0005 0011 8 1670923378985681 29.25 -61.0 1.043106935762236 8 
0005 0013 8 1670923378988066 97.625 -66.0 2.405281875404685 8 
0005 0008 8 1670923378989028 -13.0 -55.0 1.0369710126106935 8 
0005 0007 8 1670923378991693 -149.6875 -73.0 4.571262747899211 8 
0005 0009 8 1670923378992954 81.375 -66.5 1.1351457830353744 8 
0005 0005 8 1670923378996542 0.0 -56.0 2.337786720737717 8 
0005 0014 8 1670923378997493 9.75 -58.5 2.693670263527186 8 
0005 0014 1 1670923379223529 61.8125 -64.5 2.9943304979527716 8 
0005 0006 1 1670923379232083 -143.1875 -68.5 1.564660403643354 8 
0005 0007 1 1670923379234461 -19.5 -71.0 2.478912953223196 8 
0005 0005 2 1670923379265924 -52.0625 -56.5 5.872078456026235 8 
0005 0007 2 1670923379270181 -6.5 -63.5 4.540583132141498 8 
0005 0012 2 1670923379274304 -58.5625 -62.0 1.7855536370988863 8 
0005 0015 2 1670923379275751 9.75 -64.0 6.264777537724958 8 
0005 0013 2 1670923379296503 159.5 -69.5 1.227184630308513 8 
0005 0006 3 1670923379330697 -182.25 -66.0 2.3071071049800045 8 
0005 0012 3 1670923379334018 22.75 -66.0 0.9572040116406401 8 
0005 0004 3 1670923379342416 30.875 -61.0 0.6135923151542565 8 
0005 0010 4 1670923379402815 107.375 -70.0 0.7301748550335652 8 
0005 0004 4 1670923379406607 -62.625 -63.0 3.9576704327449543 8 
0005 0006 4 1670923379428606 -32.5 -66.0 2.435961491162398 8 
0005 0004 5 1670923379465549 24.375 -65.5 4.473087977474529 8 
0005 0012 6 1670923379517673 -9.75 -58.0 5.418020142812084 8 
0005 0006 6 1670923379526107 3.25 -60.5 2.564815877344792 8 
0005 0013 6 1670923379531563 -6.5 -69.0 2.730485802436441 8 
0005 0010 6 1670923379532939 -22.75 -69.0 4.841243366567084 8 
0005 0004 6 1670923379537819 27.625 -61.5 1.2517283229146832 8 
0005 0005 7 1670923379574942 -10.5625 -60.5 2.834796496012665 8 
0005 0011 7 1670923379577365 45.5625 -65.0 3.1968159619536762 8 
0005 0006 7 1670923379578354 -13.0 -59.5 2.2641556429192065 8 
0005 0013 7 1670923379579305 -6.5 -62.0 5.2339424482658075 8 
0005 0004 7 1670923379584386 -30.875 -58.0 1.902136176978195 8 
0005 0008 7 1670923379585349 -39.0 -68.5 4.896466674930966 8 
0005 0012 7 1670923379589899 126.9375 -65.5 0.9940195505498954 8 
0005 0015 7 1670923379590866 -91.125 -70.5 0.18407769454627693 8 
0005 0009 7 1670923379592102 39.0 -65.5 1.0983302441261191 8 
0005 0004 8 1670923379627829 0.0 -55.5 3.423845118560751 8 
0005 0009 8 1670923379630978 -3.25 -68.0 4.3933209765044765 8 
0005 0014 8 1670923379632808 19.5 -63.0 3.2397674240144743 8 
0005 0006 8 1670923379634025 -39.0 -60.5 2.552544031041707 8 
0005 0012 8 1670923379636212 -52.0625 -63.5 3.1784081924990484 8 
0005 0008 8 1670923379637427 -16.25 -59.0 3.6140587362585705 8 
0005 0011 8 1670923379639552 9.75 -57.0 0.15339807878856412 8 
0005 0005 8 1670923379643746 -73.1875 -65.0 4.798291904506286 8 
0005 0007 8 1670923379644711 71.5625 -65.5 1.000155473701438 8 
0005 0010 8 1670923379646600 -94.375 -67.0 3.098641191528995 8 
0005 0001 8 1670923379647576 -35.75 -66.0 5.344389064993574 8 
0005 0000 8 1670923379649598 149.6875 -73.0 3.877903431774901 8 
0005 0005 1 1670923379870483 -21.125 -63.5 5.767767762450011 8 
0005 0007 1 1670923379873190 104.125 -67.5 1.1044661672776617 8 
0005 0006 1 1670923379889694 104.125 -71.0 3.1354567304382504 8 
0005 0005 2 1670923379928669 -38.1875 -60.0 5.921165841238575 8 
0005 0006 2 1670923379932716 -19.5 -57.0 4.074252972624263 8 
0005 0007 2 1670923379933881 65.0625 -65.0 6.019340611663256 8 
0005 0004 2 1670923379935966 34.9375 -63.0 2.1966604882522383 8 
0005 0015 2 1670923379940332 162.75 -67.0 3.0066023442558567 8 
0005 0005 3 1670923379988674 -249.8125 -70.0 6.043884304269426 8 
0005 0013 3 1670923380004799 52.0625 -67.5 1.748738098189631 8 
0005 0006 3 1670923380006947 -29.25 -68.5 1.2946797849754812 8 
0005 0004 4 1670923380049751 30.875 -61.5 1.3499030933393643 8 
0005 0006 4 1670923380052609 -13.0 -68.5 0.018407769454627694 8 
0005 0013 4 1670923380054976 -61.8125 -66.5 4.074252972624263 8 
0005 0005 5 1670923380116744 -3.25 -64.0 6.264777537724958 8 
0005 0014 5 1670923380127532 -16.25 -67.5 6.086835766330224 8 
0005 0004 6 1670923380166237 3.25 -59.5 1.9941750242513334 8 
0005 0014 6 1670923380167685 104.125 -68.5 5.203262832508095 8 
0005 0013 6 1670923380179922 -179.0 -71.5 5.21553467881118 8 
0005 0011 6 1670923380185544 169.25 -70.5 0.5154175447295755 8 
0005 0005 6 1670923380189307 7.3125 -65.5 4.632621979414636 8 
0005 0007 6 1670923380190260 35.75 -68.5 2.742757648739526 8 
0005 0009 6 1670923380199798 -169.25 -75.0 4.25833066717054 8 
0005 0001 7 1670923380226192 198.5625 -70.5 4.73693267299086 8 
0005 0008 7 1670923380234655 -3.25 -58.0 3.3440781175906977 8 
0005 0004 7 1670923380236165 7.3125 -65.0 0.6320000846088841 8 
0005 0005 7 1670923380237068 7.3125 -55.5 4.963961829597935 8 
0005 0012 7 1670923380238288 45.5625 -58.5 4.902602598082509 8 
0005 0013 7 1670923380249724 -6.5 -62.0 3.9392626632903265 8 
0005 0010 7 1670923380251354 -3.25 -60.5 3.4054373491061236 8 
0005 0011 7 1670923380252903 32.5 -59.5 5.019185137961818 8 
0005 0015 7 1670923380253856 78.0625 -68.5 0.8160777791551611 8 
0005 0009 8 1670923380295863 -16.25 -70.5 6.166602767300278 8 
0005 0011 8 1670923380296842 13.0 -54.0 0.8467573949128739 8 
0005 0010 8 1670923380297811 -29.25 -65.5 3.2029518851052186 8 
0005 0004 8 1670923380300727 27.625 -61.0 1.859184714917397 8 
0005 0013 8 1670923380302999 -26.0 -56.5 6.043884304269426 8 
0005 0008 8 1670923380304217 -3.25 -52.0 2.2150682577068657 8 
0005 0014 8 1670923380305168 26.0 -58.0 2.8716120349219203 8 
0005 0012 8 1670923380308170 6.5 -55.5 0.1227184630308513 8 
0005 0000 8 1670923380310341 -58.5625 -66.5 1.2701360923693108 8 
0005 0006 8 1670923380311287 -3.25 -62.0 3.411573272257666 8 
0005 0003 8 1670923380314265 -13.0 -73.0 3.2765829629237295 8 
0005 0005 8 1670923380317318 0.0 -52.5 3.902447124381071 8 
0005 0001 8 1670923380324869 -39.0 -69.5 3.227495577711389 8 
0005 0007 8 1670923380325828 0.0 -61.0 5.313709449235861 8 
0005 0015 8 1670923380327835 110.625 -70.0 4.608078286808466 8 
0005 0012 1 1670923380554627 -52.0625 -64.5 2.705942109830271 8 
0005 0007 1 1670923380560497 26.0 -65.0 1.7916895602504288 8 
0005 0005 1 1670923380566668 52.0625 -67.0 1.3069516312785663 8 
0005 0014 1 1670923380576598 -58.5625 -68.5 0.37429131224409645 8 
0005 0011 2 1670923380612693 26.0 -66.5 5.964117303299373 8 
0005 0005 2 1670923380614048 -27.625 -63.0 4.97623367590102 8 
0005 0015 2 1670923380622898 -133.4375 -68.5 3.380893656499953 8 
0005 0004 3 1670923380671156 69.125 -67.5 4.1172044346850605 8 
0005 0006 4 1670923380756197 -26.0 -65.5 1.055378782065321 8 
0005 0004 5 1670923380832608 -194.4375 -67.5 4.663301595172349 8 
0005 0013 5 1670923380845376 35.75 -68.5 3.847223816017188 8 
0005 0004 6 1670923380888782 0.0 -59.5 3.1784081924990484 8 
0005 0006 6 1670923380893101 -6.5 -59.5 4.534447208989955 8 
0005 0013 6 1670923380894056 -52.0625 -58.0 5.203262832508095 8 
0005 0012 6 1670923380905115 39.0 -65.5 0.8774370106705868 8 
0005 0010 6 1670923380910419 -9.75 -69.5 1.4173982480063325 8 
0005 0006 7 1670923380948347 71.5625 -58.5 1.8530487917658545 8 
0005 0015 7 1670923380955184 22.75 -64.0 4.97623367590102 8 
0005 0010 7 1670923380960637 -35.75 -63.0 3.6017868899554855 8 
0005 0013 7 1670923380961801 13.0 -60.5 3.129320807286708 8 
0005 0011 7 1670923380963742 -61.8125 -63.0 1.7855536370988863 8 
0005 0004 7 1670923380964658 -10.5625 -50.5 0.34974761963792617 8 
0005 0009 7 1670923380968482 16.25 -54.5 1.5155730184310134 8 
0005 0001 7 1670923380969703 32.5 -63.5 3.141592653589793 8 
0005 0005 7 1670923380972352 -16.25 -59.0 2.859340188618835 8 
0005 0003 7 1670923380974166 35.75 -67.5 5.491651220630596 8 
0005 0000 7 1670923380976133 -87.875 -71.5 2.356194490192345 8 
0005 0008 7 1670923380977337 -78.0625 -61.5 1.718058482431918 8 
0005 0009 8 1670923381008568 22.75 -60.5 1.736466251886546 8 
0005 0006 8 1670923381012064 16.25 -63.5 5.485515297479052 8 
0005 0007 8 1670923381013507 6.5 -62.0 1.5401167110371838 8 
0005 0000 8 1670923381016391 22.75 -66.0 3.442252888015379 8 
0005 0014 8 1670923381017297 19.5 -65.0 3.2949907323783574 8 
0005 0011 8 1670923381018487 3.25 -52.5 1.945087639038993 8 
0005 0005 8 1670923381019449 -17.0625 -57.0 3.0372819600135696 8 
0005 0003 8 1670923381021616 42.3125 -64.0 2.055534255766759 8 
0005 0008 8 1670923381022579 -19.5 -53.0 3.172272269347506 8 
0005 0013 8 1670923381024155 -9.75 -63.5 3.773592738198677 8 
0005 0004 8 1670923381026266 3.25 -63.0 4.651029748869264 8 
0005 0010 8 1670923381028995 -26.0 -65.0 3.847223816017188 8 
0005 0001 8 1670923381029957 -182.25 -70.5 3.4913402732277192 8 
0005 0004 1 1670923381246270 -69.125 -65.5 4.2031073588066565 8 
0005 0005 1 1670923381254412 -117.9375 -67.0 3.1906800388021335 8 
0005 0006 1 1670923381268287 -68.3125 -65.5 0.8774370106705868 8 
0005 0004 2 1670923381302235 -34.9375 -64.5 0.02454369260617026 8 
0005 0013 2 1670923381304899 -22.75 -59.0 4.442408361716817 8 
0005 0006 2 1670923381306584 61.8125 -66.5 4.1601558967458585 8 
0005 0015 2 1670923381307807 -78.0625 -69.5 4.424000592262189 8 
0005 0005 2 1670923381316931 13.8125 -64.5 0.1718058482431918 8 
0005 0004 3 1670923381351784 3.25 -66.0 3.6263305825616556 8 
0005 0006 3 1670923381362732 -3.25 -61.5 5.037592907416445 8 
0005 0004 4 1670923381418543 -34.9375 -67.0 3.3195344249845276 8 
0005 0006 4 1670923381440330 65.0625 -65.0 4.331961744989051 8 
0005 0013 5 1670923381480581 71.5625 -68.5 5.878214379177777 8 
0005 0014 5 1670923381489456 -166.0 -68.0 1.88986433067511 8 
0005 0008 6 1670923381528939 -6.5 -69.5 2.84706834231575 8 
0005 0014 6 1670923381535575 -48.8125 -68.5 5.553010452146021 8 
0005 0004 6 1670923381541993 21.125 -58.0 1.718058482431918 8 
0005 0013 6 1670923381544659 -13.0 -60.5 3.2213596545598464 8 
0005 0005 6 1670923381547548 74.8125 -66.0 1.9757672547967058 8 
0005 0012 6 1670923381554302 6.5 -62.5 2.5832236467994196 8 
0005 0006 6 1670923381566405 -29.25 -69.0 4.1417481272912315 8 
0005 0008 7 1670923381597472 -3.25 -66.5 2.6445828783148455 8 
0005 0014 7 1670923381599342 16.25 -60.5 5.381204603902829 8 
0005 0004 7 1670923381600292 -139.125 -68.0 4.583534594202296 8 
0005 0005 7 1670923381608101 -7.3125 -45.5 1.705786636128833 8 
0005 0013 7 1670923381609072 -139.9375 -68.5 3.8533597391687304 8 
0005 0007 7 1670923381610489 87.875 -61.0 0.9694758579437253 8 
0005 0010 7 1670923381612446 -58.5625 -62.5 5.816855147662351 8 
0005 0011 7 1670923381614149 61.8125 -66.5 4.71238898038469 8 
0005 0001 7 1670923381618648 283.1875 -68.5 4.25833066717054 8 
0005 0009 7 1670923381624894 61.8125 -69.5 3.2090878082567613 8 
0005 0000 7 1670923381630096 48.8125 -69.0 3.9576704327449543 8 
0005 0008 8 1670923381657555 13.0 -63.0 5.418020142812084 8 
0005 0005 8 1670923381659849 -3.25 -51.5 5.982525072754001 8 
0005 0007 8 1670923381662337 3.25 -61.5 0.7301748550335652 8 
0005 0014 8 1670923381663318 159.5 -71.0 2.3439226438892597 8 
0005 0003 8 1670923381665248 32.5 -66.5 2.448233337465483 8 
0005 0011 8 1670923381666680 35.75 -70.5 5.393476450205914 8 
0005 0006 8 1670923381671695 61.8125 -64.5 0.9326603190344698 8 
0005 0000 8 1670923381672629 139.9375 -72.0 0.8713010875190442 8 
0005 0014 1 1670923381906879 -9.75 -68.0 0.2945243112740431 8 
0005 0004 1 1670923381908069 -21.125 -66.5 2.9575149590435164 8 
0005 0006 2 1670923381952745 -45.5625 -60.5 1.8162332528565992 8 
0005 0014 2 1670923381957034 -146.4375 -67.5 2.3071071049800045 8 
0005 0004 2 1670923381960078 0.0 -64.5 4.264466590322082 8 
0005 0004 3 1670923382017730 -21.125 -67.0 1.4726215563702154 8 
0005 0004 4 1670923382066382 -52.0625 -66.5 4.7307967498393175 8 
0005 0010 4 1670923382080180 58.5625 -67.0 1.736466251886546 8 
0005 0012 4 1670923382099189 48.8125 -69.0 2.000310947402876 8 
0005 0004 5 1670923382133426 76.4375 -67.5 6.270913460876501 8 
0005 0012 5 1670923382141526 -9.75 -58.5 5.270757987175063 8 
0005 0008 6 1670923382188447 0.0 -63.5 1.4296700943094176 8 
0005 0010 6 1670923382191433 -6.5 -69.0 4.522175362686871 8 
0005 0012 6 1670923382194787 0.0 -58.0 2.3193789512830896 8 
0005 0004 6 1670923382199271 0.0 -59.0 5.688000761479957 8 
0005 0001 6 1670923382206931 -94.375 -74.0 3.0495538063166547 8 
0005 0009 6 1670923382208211 32.5 -67.0 0.018407769454627694 8 
0005 0005 6 1670923382209145 45.5625 -69.0 3.7551849687440497 8 
0005 0013 6 1670923382211059 22.75 -58.5 0.4663301595172349 8 
0005 0006 6 1670923382212474 -22.75 -62.0 6.154330920997192 8 
0005 0007 6 1670923382226368 58.5625 -70.5 0.30679615757712825 8 
