0008 0014 1 1670918208122836 120.4375 -68.5 0.5399612373357456 2 
0008 0001 1 1670918208124542 10.5625 -58.0 3.8963112012295285 2 
0008 0005 1 1670918208126484 -42.3125 -57.5 3.160000423044421 2 
0008 0007 1 1670918208139814 -110.625 -68.5 2.6875343403756435 2 
0008 0004 1 1670918208155205 -142.375 -71.5 3.6754179677739964 2 
0008 0001 2 1670918208182432 -41.5 -67.0 3.4913402732277192 2 
0008 0007 2 1670918208183399 -52.0625 -67.0 3.2949907323783574 2 
0008 0000 2 1670918208190202 -71.5625 -67.0 5.123495831538041 2 
0008 0008 2 1670918208192041 110.625 -65.0 5.448699758569798 2 
0008 0014 2 1670918208196539 166.0 -68.0 3.6140587362585705 2 
0008 0004 2 1670918208199903 52.0625 -67.5 4.123340357836604 2 
0008 0001 3 1670918208249747 135.0625 -68.5 6.111379458936394 2 
0008 0004 3 1670918208254116 -79.75 -63.0 3.3870295796514958 2 
0008 0001 4 1670918208322143 -83.0 -71.5 3.9944859716542096 2 
0008 0011 4 1670918208326456 10.5625 -69.0 1.043106935762236 2 
0008 0004 4 1670918208332490 -87.0625 -63.0 3.8717675086233583 2 
0008 0006 4 1670918208336909 -45.5625 -70.0 0.6994952392758523 2 
0008 0006 5 1670918208367298 100.875 -69.0 1.5953400194010667 2 
0008 0004 5 1670918208371704 -166.8125 -67.5 3.067961575771282 2 
0008 0008 5 1670918208374709 -78.0625 -60.5 5.0253210611133605 2 
0008 0005 5 1670918208376594 58.5625 -68.5 2.1230294104337273 2 
0008 0000 5 1670918208385451 61.8125 -67.5 5.5714182216006485 2 
0008 0014 5 1670918208397768 -121.25 -71.0 3.2090878082567613 2 
0008 0001 6 1670918208430876 -62.625 -63.5 3.933126740138784 2 
0008 0011 6 1670918208433821 76.4375 -70.0 5.356660911296659 2 
0008 0005 7 1670918208491342 13.8125 -63.5 5.810719224510809 2 
0008 0004 7 1670918208509337 130.1875 -72.0 5.7616318392984684 2 
0008 0005 8 1670918208558040 -79.75 -63.5 3.8963112012295285 2 
0008 0014 8 1670918208560674 -131.8125 -71.5 5.197126909356553 2 
0008 0001 8 1670918208565572 73.1875 -62.0 1.761009944492716 2 
0008 0004 8 1670918208567497 -45.5625 -69.0 2.6200391857086753 2 
0008 0008 8 1670918208578698 19.5 -68.0 0.8897088569736719 2 
0008 0005 1 1670918208800392 10.5625 -57.0 3.0802334220743677 2 
0008 0001 1 1670918208807135 -41.5 -58.0 3.902447124381071 2 
0008 0015 1 1670918208812093 -45.5625 -73.5 0.7301748550335652 2 
0008 0014 1 1670918208813437 7.3125 -69.0 0.8651651643675016 2 
0008 0007 1 1670918208814360 3.25 -69.5 2.767301341345697 2 
0008 0004 1 1670918208816670 -79.75 -71.5 3.2581751934691017 2 
0008 0004 2 1670918208876470 -62.625 -66.0 4.454680208019902 2 
0008 0008 2 1670918208882968 3.25 -65.0 5.66959299202533 2 
0008 0001 2 1670918208884130 -139.125 -66.0 3.3195344249845276 2 
0008 0014 2 1670918208886320 -16.25 -69.0 4.0987966652304335 2 
0008 0000 2 1670918208887486 52.0625 -66.0 5.0682725231741586 2 
0008 0007 2 1670918208901539 201.8125 -67.0 2.791845033951867 2 
0008 0004 3 1670918208947265 7.3125 -62.0 3.2949907323783574 2 
0008 0001 3 1670918208950112 -156.1875 -67.5 0.23316507975861744 2 
0008 0006 3 1670918208954897 -17.0625 -71.0 3.847223816017188 2 
0008 0004 4 1670918208998825 -62.625 -63.5 3.8288160465625602 2 
0008 0011 4 1670918209003755 24.375 -69.0 1.1044661672776617 2 
0008 0001 4 1670918209006527 -83.0 -73.0 3.988350048502667 2 
0008 0006 4 1670918209011900 173.3125 -70.0 0.42337869745643697 2 
0008 0004 5 1670918209052620 13.0 -68.5 3.0925052683774528 2 
0008 0006 5 1670918209053567 38.1875 -68.0 1.705786636128833 2 
0008 0008 5 1670918209059548 -22.75 -59.5 5.166447293598839 2 
0008 0000 5 1670918209062379 13.0 -66.0 6.037748381117884 2 
0008 0005 5 1670918209065873 24.375 -68.5 2.3316507975861747 2 
0008 0014 5 1670918209075490 -73.1875 -70.0 3.1661363461959633 2 
0008 0011 6 1670918209114608 -13.8125 -71.0 5.651185222570702 2 
0008 0001 6 1670918209132960 -24.375 -64.5 4.031301510563465 2 
0008 0001 7 1670918209156326 13.8125 -71.0 0.16566992509164924 2 
0008 0005 7 1670918209171440 -7.3125 -63.5 5.8045833013592665 2 
0008 0005 8 1670918209217587 -159.5 -63.0 4.025165587411922 2 
0008 0004 8 1670918209220884 -76.4375 -69.0 2.779573187648782 2 
0008 0001 8 1670918209225068 -41.5 -62.0 2.067806102069844 2 
0008 0014 8 1670918209229758 114.6875 -71.5 5.178719139901925 2 
0008 0008 8 1670918209237536 -126.9375 -67.5 1.4971652489763858 2 
0008 0011 8 1670918209247536 142.375 -73.5 5.71868037723767 2 
0008 0001 1 1670918209474140 -7.3125 -57.5 3.859495662320273 2 
0008 0005 1 1670918209476024 -32.5 -57.5 3.172272269347506 2 
0008 0007 1 1670918209489213 -26.0 -68.5 2.8654761117703775 2 
0008 0014 1 1670918209492341 62.625 -69.5 0.7547185476397354 2 
0008 0004 1 1670918209496985 -295.375 -70.5 3.6201946594101133 2 
0008 0000 2 1670918209536002 -107.375 -66.5 5.5100589900852235 2 
0008 0007 2 1670918209542717 -32.5 -67.0 3.3870295796514958 2 
0008 0001 2 1670918209554776 -3.25 -66.5 3.074097498922825 2 
0008 0004 2 1670918209556020 41.5 -68.5 4.227651051412827 2 
0008 0014 2 1670918209561568 -291.3125 -69.5 4.215379205109742 2 
0008 0008 2 1670918209565992 16.25 -65.0 6.037748381117884 2 
0008 0001 3 1670918209616280 7.3125 -68.0 0.19634954084936207 2 
0008 0004 3 1670918209619484 27.625 -61.5 3.2827188860752723 2 
0008 0011 4 1670918209666721 -17.0625 -69.0 1.2026409377023426 2 
0008 0001 4 1670918209669727 -30.875 -71.0 4.0128937411088375 2 
0008 0004 4 1670918209671380 -3.25 -63.0 3.724505352986337 2 
0008 0006 4 1670918209684018 34.9375 -71.0 0.4663301595172349 2 
0008 0004 5 1670918209715889 114.6875 -67.0 2.859340188618835 2 
0008 0014 5 1670918209728245 -117.125 -71.0 3.4054373491061236 2 
0008 0008 5 1670918209729643 -68.3125 -60.0 5.178719139901925 2 
0008 0005 5 1670918209732104 -24.375 -68.0 2.2396119503130363 2 
0008 0000 5 1670918209733027 55.3125 -65.0 5.9518454569962875 2 
0008 0006 5 1670918209734242 -48.8125 -68.5 1.9573594853420782 2 
0008 0001 6 1670918209773309 6.5 -64.0 3.8717675086233583 2 
0008 0011 6 1670918209789895 -48.8125 -70.5 5.368932757599744 2 
0008 0005 7 1670918209826189 -87.0625 -63.0 5.9518454569962875 2 
0008 0000 7 1670918209836316 71.5625 -72.5 2.509592568980909 2 
0008 0014 8 1670918209889297 35.75 -73.0 5.375068680751287 2 
0008 0008 8 1670918209897211 39.0 -67.5 1.368310862793992 2 
0008 0001 8 1670918209900324 17.0625 -62.0 1.9389517158874505 2 
0008 0005 8 1670918209904201 3.25 -62.5 3.6815538909255388 2 
0008 0004 8 1670918209909067 17.0625 -70.0 2.411417798556228 2 
0008 0011 8 1670918209910862 -27.625 -74.5 5.749359992995383 2 
0008 0001 1 1670918210132387 -3.25 -58.0 3.8840393549264434 2 
0008 0005 1 1670918210134453 3.25 -57.0 3.129320807286708 2 
0008 0014 1 1670918210139072 -126.9375 -69.0 0.9387962421860124 2 
0008 0007 1 1670918210145730 -244.125 -70.5 3.018874190558942 2 
0008 0004 1 1670918210159371 83.0 -71.5 3.067961575771282 2 
0008 0015 1 1670918210160297 152.9375 -73.5 1.0062913968529805 2 
0008 0014 2 1670918210187274 0.0 -69.5 3.736777199289422 2 
0008 0004 2 1670918210188480 -9.75 -65.0 4.215379205109742 2 
0008 0007 2 1670918210192460 -22.75 -68.5 3.497476196379262 2 
0008 0000 2 1670918210197293 19.5 -66.0 5.307573526084319 2 
0008 0001 2 1670918210201400 -9.75 -66.0 3.0066023442558567 2 
0008 0008 2 1670918210209979 19.5 -65.0 5.829126993965437 2 
0008 0001 3 1670918210262811 163.5625 -68.0 5.737088146692298 2 
0008 0004 3 1670918210263785 38.1875 -62.0 3.2029518851052186 2 
0008 0006 4 1670918210334090 78.0625 -69.5 0.34974761963792617 2 
0008 0004 4 1670918210337818 -34.9375 -63.5 3.9085830475326135 2 
0008 0011 4 1670918210349577 90.3125 -69.0 0.9203884727313847 2 
0008 0005 5 1670918210377499 38.1875 -68.0 2.325514874434632 2 
0008 0006 5 1670918210379847 -97.625 -68.0 1.8162332528565992 2 
0008 0008 5 1670918210387074 45.5625 -60.5 4.957825906446392 2 
0008 0000 5 1670918210396807 -26.0 -66.5 6.013204688511713 2 
0008 0014 5 1670918210398025 296.1875 -70.5 2.4850488763747385 2 
0008 0004 5 1670918210401424 90.3125 -68.5 2.988194574801229 2 
0008 0011 6 1670918210441097 -30.875 -70.5 5.448699758569798 2 
0008 0001 6 1670918210444448 10.5625 -63.5 3.785864584501762 2 
0008 0005 7 1670918210493175 -61.8125 -62.5 5.896622148632405 2 
0008 0001 7 1670918210501247 -73.1875 -70.0 0.018407769454627694 2 
0008 0004 8 1670918210547087 55.3125 -70.5 2.227340104009951 2 
0008 0005 8 1670918210550869 -3.25 -62.0 3.6017868899554855 2 
0008 0001 8 1670918210558248 -38.1875 -61.5 1.8223691760081417 2 
0008 0008 8 1670918210562453 9.75 -69.0 1.0369710126106935 2 
0008 0014 8 1670918210564409 39.0 -69.5 5.203262832508095 2 
0008 0005 1 1670918210802605 6.5 -58.0 3.160000423044421 2 
0008 0001 1 1670918210803594 -7.3125 -58.5 3.9638063558964967 2 
0008 0007 1 1670918210805031 -113.875 -68.5 2.748893571891069 2 
0008 0014 1 1670918210806487 -24.375 -69.5 0.9940195505498954 2 
0008 0015 1 1670918210810340 126.9375 -73.0 0.859029241215959 2 
0008 0004 1 1670918210826549 -235.9375 -73.0 3.472932503773092 2 
0008 0007 2 1670918210872319 162.75 -66.0 3.0127382674073995 2 
0008 0000 2 1670918210873496 39.0 -67.0 4.92714629068868 2 
0008 0008 2 1670918210879474 113.875 -64.5 5.307573526084319 2 
0008 0004 2 1670918210883027 -81.375 -67.5 4.331961744989051 2 
0008 0001 2 1670918210884256 27.625 -68.5 3.2581751934691017 2 
0008 0014 2 1670918210888507 84.625 -69.0 3.9392626632903265 2 
0008 0001 3 1670918210936709 -139.125 -69.0 6.270913460876501 2 
0008 0004 3 1670918210947197 -3.25 -62.0 3.172272269347506 2 
0008 0011 4 1670918211006419 97.625 -69.0 0.9633399347921826 2 
0008 0006 4 1670918211010470 111.4375 -71.5 0.4479223900626072 2 
0008 0004 4 1670918211013871 26.0 -63.5 3.663146121470911 2 
0008 0004 5 1670918211047155 -24.375 -67.0 3.2459033471660166 2 
0008 0006 5 1670918211048102 41.5 -68.5 1.9389517158874505 2 
0008 0008 5 1670918211053765 -35.75 -62.5 4.6878452877785195 2 
0008 0005 5 1670918211061509 100.875 -68.5 2.380738182798515 2 
0008 0014 5 1670918211065214 -145.625 -71.5 3.1784081924990484 2 
0008 0000 5 1670918211067540 61.8125 -69.0 5.6143696836614465 2 
0008 0001 6 1670918211096441 -30.875 -63.5 3.8840393549264434 2 
0008 0011 6 1670918211110149 55.3125 -70.5 5.387340527054372 2 
0008 0001 7 1670918211146417 62.625 -69.0 0.14112623248547898 2 
0008 0005 7 1670918211154366 -24.375 -64.0 5.902758071783947 2 
0008 0014 8 1670918211199742 -13.0 -71.5 5.356660911296659 2 
0008 0005 8 1670918211203326 -30.875 -62.5 3.7122335066832517 2 
0008 0004 8 1670918211208982 222.125 -69.0 2.2212041808584084 2 
0008 0001 8 1670918211212801 48.8125 -62.0 1.8223691760081417 2 
0008 0014 1 1670918211440259 -6.5 -69.5 0.9694758579437253 2 
0008 0005 1 1670918211445521 -3.25 -57.5 3.1784081924990484 2 
0008 0001 1 1670918211447683 -7.3125 -58.0 3.9760782021995817 2 
0008 0007 1 1670918211453240 -68.3125 -69.0 2.7857091108003242 2 
0008 0004 1 1670918211464349 -91.125 -72.0 3.411573272257666 2 
0008 0015 1 1670918211466590 -32.5 -72.5 0.8713010875190442 2 
0008 0001 2 1670918211497987 -76.4375 -67.5 3.3379421944391554 2 
0008 0007 2 1670918211499438 -143.1875 -68.0 3.380893656499953 2 
0008 0008 2 1670918211503114 22.75 -65.5 5.442563835418255 2 
0008 0000 2 1670918211509625 -227.8125 -67.5 5.375068680751287 2 
0008 0014 2 1670918211510556 -185.5 -69.5 4.2031073588066565 2 
0008 0004 2 1670918211515455 149.6875 -67.0 4.04357335686655 2 
0008 0001 3 1670918211548757 125.3125 -67.5 5.957981380147831 2 
0008 0004 3 1670918211556467 -22.75 -62.0 3.356349963893783 2 
0008 0006 4 1670918211610027 34.9375 -69.5 0.39269908169872414 2 
0008 0004 4 1670918211613791 38.1875 -63.0 3.706097583531709 2 
0008 0011 4 1670918211621381 -30.875 -69.0 1.1596894756415448 2 
0008 0008 5 1670918211657339 -19.5 -61.5 4.6878452877785195 2 
0008 0006 5 1670918211664172 100.875 -71.0 1.6935147898257479 2 
0008 0004 5 1670918211668959 -48.8125 -67.5 3.141592653589793 2 
0008 0014 5 1670918211676550 52.0625 -71.5 3.2090878082567613 2 
0008 0005 5 1670918211677624 87.0625 -68.0 2.1659808724945253 2 
0008 0000 5 1670918211678575 -45.5625 -67.5 5.810719224510809 2 
0008 0001 6 1670918211708572 -24.375 -63.5 3.730641276137879 2 
0008 0011 6 1670918211712411 -97.625 -70.5 5.522330836388308 2 
0008 0001 7 1670918211758639 13.8125 -70.0 0.1595340019401067 2 
0008 0005 7 1670918211774672 107.375 -63.0 5.737088146692298 2 
0008 0004 8 1670918211818958 120.4375 -69.0 2.429825568010856 2 
0008 0014 8 1670918211823036 26.0 -70.5 5.283029833478148 2 
0008 0005 8 1670918211825177 0.0 -62.5 3.509748042682347 2 
0008 0001 8 1670918211827051 222.125 -62.0 1.4296700943094176 2 
0008 0008 8 1670918211831408 87.875 -67.5 1.1719613219446299 2 
0008 0011 8 1670918211832907 -111.4375 -73.0 5.9518454569962875 2 
0008 0001 1 1670918212048917 10.5625 -58.0 4.129476280988146 2 
0008 0015 1 1670918212055374 0.0 -72.5 0.9756117810952678 2 
0008 0014 1 1670918212059216 41.5 -68.5 0.9756117810952678 2 
0008 0005 1 1670918212068300 -19.5 -57.5 3.1968159619536762 2 
0008 0007 1 1670918212079575 -39.0 -70.0 2.6875343403756435 2 
0008 0004 1 1670918212095768 -146.4375 -70.5 3.479068426924634 2 
0008 0008 2 1670918212127250 -68.3125 -64.5 5.816855147662351 2 
0008 0004 2 1670918212129023 107.375 -66.0 4.01902966426038 2 
0008 0000 2 1670918212140232 78.0625 -67.0 5.190990986205009 2 
0008 0001 2 1670918212143514 58.5625 -68.5 3.3011266555298997 2 
0008 0007 2 1670918212149325 52.0625 -67.0 3.2090878082567613 2 
0008 0014 2 1670918212154691 -58.5625 -69.5 3.9944859716542096 2 
0008 0004 3 1670918212194311 -74.8125 -62.5 3.2520392703175593 2 
0008 0001 3 1670918212198341 29.25 -68.0 6.178874613603362 2 
0008 0006 3 1670918212210675 -26.0 -69.0 3.816544200259475 2 
0008 0004 4 1670918212258857 -84.625 -63.0 3.792000507653305 2 
0008 0006 4 1670918212271545 17.0625 -70.0 0.4049709280018093 2 
0008 0011 4 1670918212277289 48.8125 -69.5 0.9756117810952678 2 
0008 0004 5 1670918212309891 52.0625 -67.5 2.9759227284981438 2 
0008 0000 5 1670918212312297 -22.75 -66.0 5.957981380147831 2 
0008 0006 5 1670918212315897 305.9375 -69.5 1.4051264017032472 2 
0008 0008 5 1670918212317596 -74.8125 -60.5 5.105088062083414 2 
0008 0005 5 1670918212322396 32.5 -68.5 2.313243028131547 2 
0008 0014 5 1670918212332449 -65.0625 -70.5 3.5465635815916023 2 
0008 0001 6 1670918212365992 -30.875 -63.0 3.718369429834794 2 
0008 0011 6 1670918212384550 55.3125 -70.5 5.460971604872882 2 
0008 0005 7 1670918212432382 -24.375 -64.5 6.037748381117884 2 
0008 0000 7 1670918212439642 -426.375 -72.5 2.705942109830271 2 
0008 0001 7 1670918212451720 -45.5625 -69.0 0.30066023442558565 2 
0008 0005 8 1670918212479522 -24.375 -62.5 3.7551849687440497 2 
0008 0004 8 1670918212480826 -30.875 -69.0 2.60776733940559 2 
0008 0014 8 1670918212482778 76.4375 -70.0 5.129631754689584 2 
0008 0008 8 1670918212488247 13.0 -67.0 1.4787574795217582 2 
0008 0001 8 1670918212495880 62.625 -62.0 1.859184714917397 2 
0008 0011 8 1670918212497404 -73.1875 -72.5 6.074563920027139 2 
0008 0001 1 1670918212720884 17.0625 -58.0 4.0558452031696355 2 
0008 0005 1 1670918212722296 10.5625 -58.0 3.1231848841351653 2 
0008 0014 1 1670918212732136 19.5 -69.0 0.8713010875190442 2 
0008 0004 1 1670918212735131 145.625 -72.0 3.031146036862027 2 
0008 0007 1 1670918212745799 -65.0625 -70.0 2.6568547246179306 2 
0008 0004 2 1670918212787385 -55.3125 -67.5 4.252194744018997 2 
0008 0008 2 1670918212794037 6.5 -64.0 5.810719224510809 2 
0008 0007 2 1670918212796730 -13.0 -68.0 3.4606606574700063 2 
0008 0001 2 1670918212802698 -149.6875 -67.5 3.454524734318464 2 
0008 0014 2 1670918212806581 123.6875 -68.5 3.724505352986337 2 
0008 0000 2 1670918212810830 13.0 -66.0 5.387340527054372 2 
0008 0001 3 1670918212836445 0.0 -66.5 0.01227184630308513 2 
0008 0004 3 1670918212843879 -26.0 -62.0 3.423845118560751 2 
0008 0004 4 1670918212922727 -38.1875 -63.0 3.834951969714103 2 
0008 0011 4 1670918212929315 -93.5625 -70.5 1.239456476611598 2 
0008 0006 4 1670918212937183 -145.625 -69.0 0.7424467013366504 2 
0008 0000 5 1670918212966263 48.8125 -65.0 5.712544454086128 2 
0008 0004 5 1670918212967438 -52.0625 -66.5 3.000466421104314 2 
0008 0006 5 1670918212968328 -156.1875 -67.0 1.9389517158874505 2 
0008 0005 5 1670918212979220 26.0 -68.5 2.110757564130642 2 
0008 0008 5 1670918212983353 -6.5 -60.0 5.074408446325701 2 
0008 0014 5 1670918212985704 6.5 -69.5 3.2949907323783574 2 
0008 0011 6 1670918213030590 -187.125 -70.5 5.620505606812989 2 
0008 0001 6 1670918213031791 48.8125 -63.0 3.522019888985432 2 
0008 0005 7 1670918213080140 135.0625 -63.5 5.651185222570702 2 
