0008 0015 1 1670924100727405 -221.3125 -68.5 3.8840393549264434 11 
0008 0011 1 1670924100731264 13.8125 -71.0 3.5465635815916023 11 
0008 0001 2 1670924100807649 -69.125 -67.5 3.5588354278946874 11 
0008 0005 2 1670924100810254 -81.375 -68.0 5.350524988145116 11 
0008 0015 2 1670924100815675 146.4375 -66.0 1.086058397823034 11 
0008 0010 3 1670924100867232 84.625 -66.5 1.6751070203711202 11 
0008 0007 3 1670924100870341 244.125 -67.0 1.380582709097077 11 
0008 0001 3 1670924100882524 -73.1875 -64.0 5.816855147662351 11 
0008 0004 3 1670924100884566 114.6875 -70.0 2.509592568980909 11 
0008 0015 3 1670924100892093 -104.125 -69.5 4.374913207049849 11 
0008 0006 4 1670924100929452 7.3125 -71.5 5.737088146692298 11 
0008 0014 4 1670924100930416 41.5 -66.0 1.9205439464328227 11 
0008 0010 4 1670924100932358 19.5 -65.5 4.9394181369917645 11 
0008 0004 4 1670924100936452 -24.375 -58.0 5.338253141842031 11 
0008 0001 4 1670924100937923 -69.125 -66.5 3.706097583531709 11 
0008 0008 4 1670924100942379 -32.5 -68.0 6.166602767300278 11 
0008 0011 4 1670924100948922 -34.9375 -70.0 5.602097837358362 11 
0008 0007 4 1670924100952478 -19.5 -60.0 5.8659425328746915 11 
0008 0013 4 1670924100953965 -39.0 -68.0 5.473243451175968 11 
0008 0005 4 1670924100956298 41.5 -70.0 5.2768939103266055 11 
0008 0001 5 1670924100991271 65.0625 -67.0 2.5832236467994196 11 
0008 0005 5 1670924100994298 62.625 -63.0 1.3192234775816514 11 
0008 0013 5 1670924100997696 -16.25 -60.0 5.436427912266712 11 
0008 0014 5 1670924101009056 -45.5625 -69.5 3.1661363461959633 11 
0008 0007 5 1670924101015095 19.5 -65.5 1.859184714917397 11 
0008 0011 6 1670924101061434 -10.5625 -62.5 0.6749515466696822 11 
0008 0007 6 1670924101062896 9.75 -56.5 1.4051264017032472 11 
0008 0009 6 1670924101066182 24.375 -64.5 1.282407938672396 11 
0008 0005 6 1670924101070408 -10.5625 -50.0 0.03681553890925539 11 
0008 0001 6 1670924101071368 -13.8125 -57.5 0.03681553890925539 11 
0008 0013 6 1670924101072596 -3.25 -56.5 5.436427912266712 11 
0008 0006 6 1670924101076457 7.3125 -66.5 3.9944859716542096 11 
0008 0014 6 1670924101077404 35.75 -62.5 6.240233845118788 11 
0008 0003 6 1670924101093366 195.25 -75.0 0.22089323345553233 11 
0008 0004 7 1670924101134390 -6.5 -55.5 0.17794177139473438 11 
0008 0011 7 1670924101137262 94.375 -68.0 2.9145634969827183 11 
0008 0014 7 1670924101138663 100.875 -64.0 2.3316507975861747 11 
0008 0013 7 1670924101146170 26.0 -64.0 6.252505691421874 11 
0008 0010 7 1670924101160335 26.0 -61.5 2.2396119503130363 11 
0008 0004 8 1670924101222667 -45.5625 -69.5 3.718369429834794 11 
0008 0015 8 1670924101234427 16.25 -72.5 0.9019807032767571 11 
0008 0010 1 1670924101460507 32.5 -65.5 5.626641529964532 11 
0008 0013 1 1670924101478327 -42.3125 -70.0 1.8285050991596843 11 
0008 0004 1 1670924101480108 3.25 -71.5 3.3195344249845276 11 
0008 0001 2 1670924101524367 -27.625 -65.5 3.877903431774901 11 
0008 0014 2 1670924101527420 485.8125 -71.5 5.411884219660542 11 
0008 0011 3 1670924101580430 191.1875 -69.5 2.141437179888355 11 
0008 0001 3 1670924101586228 -30.875 -64.0 4.841243366567084 11 
0008 0010 3 1670924101597738 -94.375 -66.0 1.3499030933393643 11 
0008 0005 3 1670924101603455 -10.5625 -66.5 5.553010452146021 11 
0008 0007 3 1670924101607658 16.25 -69.0 4.988505522204105 11 
0008 0015 3 1670924101612344 -29.25 -69.0 2.5402721847386216 11 
0008 0001 4 1670924101636687 -3.25 -64.0 0.6565437772150544 11 
0008 0008 4 1670924101640205 -110.625 -70.5 4.779884135051658 11 
0008 0009 4 1670924101643254 45.5625 -68.5 3.399301425954581 11 
0008 0012 4 1670924101656839 -39.0 -64.0 5.123495831538041 11 
0008 0011 4 1670924101658732 -45.5625 -59.5 6.062292073724054 11 
0008 0010 4 1670924101659982 -78.0625 -68.5 3.7429131224409646 11 
0008 0005 4 1670924101661171 34.9375 -64.0 1.3867186322486196 11 
0008 0014 4 1670924101662314 13.0 -69.5 4.466952054322987 11 
0008 0014 5 1670924101700415 83.0 -67.5 5.356660911296659 11 
0008 0007 5 1670924101719309 45.5625 -65.5 5.626641529964532 11 
0008 0005 5 1670924101721631 22.75 -61.0 1.7671458676442586 11 
0008 0012 5 1670924101729153 71.5625 -71.0 0.02454369260617026 11 
0008 0006 5 1670924101735046 -142.375 -71.0 3.6754179677739964 11 
0008 0005 6 1670924101769516 3.25 -51.0 2.1966604882522383 11 
0008 0001 6 1670924101777690 -59.375 -64.0 1.1903690913992575 11 
0008 0015 6 1670924101785660 29.25 -70.0 1.030835089459151 11 
0008 0012 6 1670924101790005 0.0 -62.5 1.5830681730979816 11 
0008 0006 6 1670924101790927 -59.375 -65.5 5.994796919057086 11 
0008 0007 6 1670924101791819 -13.0 -54.0 4.2031073588066565 11 
0008 0011 6 1670924101792978 21.125 -66.5 0.8897088569736719 11 
0008 0006 7 1670924101828737 69.125 -66.0 0.803805932852076 11 
0008 0010 7 1670924101845892 156.1875 -66.0 5.853670686571607 11 
0008 0012 7 1670924101853252 26.0 -69.0 1.5892040962495242 11 
0008 0014 7 1670924101854768 -61.8125 -72.0 2.9022916506796332 11 
0008 0006 8 1670924101886839 -83.0 -66.5 4.3933209765044765 11 
0008 0015 8 1670924101902591 39.0 -71.5 1.9880391010997909 11 
0008 0014 8 1670924101910521 16.25 -62.5 2.184388641949153 11 
0008 0013 1 1670924102153696 120.4375 -68.5 1.1290098598838318 11 
0008 0001 2 1670924102209168 79.75 -66.0 3.3318062712876126 11 
0008 0006 3 1670924102263206 -3.25 -68.5 5.368932757599744 11 
0008 0004 3 1670924102268002 -7.3125 -71.0 5.111223985234957 11 
0008 0015 3 1670924102279529 -39.0 -70.0 3.865631585471816 11 
0008 0001 3 1670924102283503 -145.625 -68.5 6.019340611663256 11 
0008 0011 4 1670924102319722 -34.9375 -67.5 0.5522330836388308 11 
0008 0005 4 1670924102323741 45.5625 -62.5 4.3074180523828804 11 
0008 0014 4 1670924102324700 -6.5 -67.5 4.743068596142402 11 
0008 0007 4 1670924102325697 -26.0 -63.0 2.9697868053466014 11 
0008 0006 4 1670924102331746 -34.9375 -72.0 0.7301748550335652 11 
0008 0000 4 1670924102338921 42.3125 -72.0 3.902447124381071 11 
0008 0004 4 1670924102341300 -38.1875 -65.5 2.1046216409791 11 
0008 0013 4 1670924102352275 -13.0 -67.0 5.780039608753096 11 
0008 0005 5 1670924102387093 45.5625 -61.5 5.6941366846315 11 
0008 0001 5 1670924102388550 55.3125 -69.5 2.405281875404685 11 
0008 0014 5 1670924102407693 48.8125 -65.5 0.4049709280018093 11 
0008 0013 5 1670924102411299 -3.25 -57.0 0.3190680038802134 11 
0008 0014 6 1670924102447431 -22.75 -60.0 0.19634954084936207 11 
0008 0001 6 1670924102451173 30.875 -61.0 0.5645049299419159 11 
0008 0011 6 1670924102452089 3.25 -62.0 1.0921943209745766 11 
0008 0013 6 1670924102453802 -29.25 -57.5 4.804427827657828 11 
0008 0007 6 1670924102465038 6.5 -56.5 3.509748042682347 11 
0008 0005 6 1670924102466254 -10.5625 -51.5 6.013204688511713 11 
0008 0004 6 1670924102467445 114.6875 -66.0 0.7240389318820226 11 
0008 0006 6 1670924102469962 17.0625 -68.0 0.5399612373357456 11 
0008 0009 6 1670924102473605 94.375 -63.0 2.313243028131547 11 
0008 0013 7 1670924102508966 29.25 -63.0 5.393476450205914 11 
0008 0009 7 1670924102517275 131.8125 -69.0 1.9512235621905356 11 
0008 0004 7 1670924102518262 -10.5625 -56.0 0.8958447801252144 11 
0008 0010 7 1670924102524228 -42.3125 -61.0 3.380893656499953 11 
0008 0005 7 1670924102528618 283.1875 -71.5 2.5832236467994196 11 
0008 0006 7 1670924102530791 -73.1875 -68.0 3.9944859716542096 11 
0008 0014 7 1670924102534687 -3.25 -65.0 2.552544031041707 11 
0008 0001 1 1670924102809758 -41.5 -64.5 4.92714629068868 11 
0008 0005 1 1670924102839702 -197.6875 -71.0 3.436116964863836 11 
0008 0004 2 1670924102870164 0.0 -64.0 2.337786720737717 11 
0008 0004 3 1670924102935967 -55.3125 -68.5 1.9389517158874505 11 
0008 0012 4 1670924102982292 -32.5 -68.0 5.031456984264903 11 
0008 0011 4 1670924102984114 -3.25 -63.0 4.73693267299086 11 
0008 0005 4 1670924102986447 -45.5625 -67.0 5.755495916146925 11 
0008 0014 4 1670924102993052 257.125 -73.5 3.859495662320273 11 
0008 0001 4 1670924103004096 27.625 -60.5 5.178719139901925 11 
0008 0011 5 1670924103048957 -21.125 -67.5 4.988505522204105 11 
0008 0015 5 1670924103054483 -152.9375 -66.5 5.344389064993574 11 
0008 0004 5 1670924103060413 38.1875 -64.0 1.9389517158874505 11 
0008 0005 5 1670924103063367 3.25 -61.5 3.3318062712876126 11 
0008 0014 5 1670924103064558 -81.375 -67.5 5.246214294568893 11 
0008 0012 6 1670924103117651 6.5 -63.5 1.5953400194010667 11 
0008 0009 6 1670924103127365 -3.25 -65.5 4.374913207049849 11 
0008 0006 6 1670924103131167 -24.375 -64.5 5.9088939949354895 11 
0008 0005 6 1670924103133428 13.8125 -54.5 2.2886993355253766 11 
0008 0007 6 1670924103145021 6.5 -59.5 3.0802334220743677 11 
0008 0001 6 1670924103148565 -24.375 -61.5 4.04357335686655 11 
0008 0015 6 1670924103163245 13.0 -71.0 2.60776733940559 11 
0008 0006 7 1670924103225054 0.0 -68.5 0.44178646691106466 11 
0008 0004 7 1670924103226275 -24.375 -61.0 0.9878836273983529 11 
0008 0010 7 1670924103236197 -16.25 -71.0 4.362641360746763 11 
0008 0014 8 1670924103283024 39.0 -65.0 2.6016314162540475 11 
0008 0004 8 1670924103293263 -27.625 -64.0 3.6570101983193686 11 
0008 0015 8 1670924103302872 42.3125 -69.0 1.380582709097077 11 
0008 0004 1 1670924103528428 -24.375 -57.0 5.3198453723874035 11 
0008 0014 2 1670924103598702 41.5 -62.5 1.8960002538266525 11 
0008 0004 2 1670924103599675 10.5625 -58.0 2.5770877236478773 11 
0008 0004 3 1670924103662006 -159.5 -69.0 0.006135923151542565 11 
0008 0010 4 1670924103705995 -87.875 -70.0 4.92714629068868 11 
0008 0015 4 1670924103711637 -16.25 -69.5 2.36846633649543 11 
0008 0013 4 1670924103720896 42.3125 -64.5 0.18407769454627693 11 
0008 0013 5 1670924103774324 -9.75 -57.0 4.970097752749477 11 
0008 0007 5 1670924103781945 6.5 -66.5 2.000310947402876 11 
0008 0005 5 1670924103783090 -13.8125 -62.0 3.9147189706841563 11 
0008 0015 5 1670924103793455 45.5625 -69.5 3.80427235395639 11 
0008 0014 5 1670924103800549 -100.875 -69.5 5.301437602932776 11 
0008 0001 6 1670924103849184 -24.375 -63.5 1.8530487917658545 11 
0008 0004 6 1670924103859465 -76.4375 -67.5 5.755495916146925 11 
0008 0011 6 1670924103862092 -24.375 -61.5 6.117515382087937 11 
0008 0009 6 1670924103863097 13.8125 -66.5 0.23316507975861744 11 
0008 0014 6 1670924103865969 -17.0625 -72.0 5.301437602932776 11 
0008 0005 6 1670924103868074 0.0 -56.0 3.6386024288647407 11 
0008 0013 6 1670924103876433 -3.25 -57.5 4.399456899656019 11 
0008 0007 6 1670924103886764 16.25 -65.0 0.9081166264282996 11 
0008 0009 7 1670924103917071 -113.875 -69.0 2.84706834231575 11 
0008 0014 7 1670924103921529 162.75 -68.0 2.9636508821950587 11 
0008 0010 7 1670924103927098 3.25 -60.0 4.878058905476339 11 
0008 0004 7 1670924103931031 -42.3125 -60.0 5.706408530934585 11 
0008 0010 8 1670924103988534 19.5 -66.0 1.5033011721279284 11 
0008 0014 8 1670924103991108 13.0 -64.0 1.748738098189631 11 
0008 0010 1 1670924104226210 48.8125 -62.5 1.4971652489763858 11 
0008 0014 1 1670924104243454 69.125 -66.0 6.000932842208628 11 
0008 0015 1 1670924104251183 9.75 -65.0 2.8409324191642074 11 
0008 0012 2 1670924104308237 -74.8125 -64.5 0.42337869745643697 11 
0008 0014 2 1670924104312042 9.75 -63.0 5.841398840268521 11 
0008 0006 2 1670924104313018 -90.3125 -72.0 6.111379458936394 11 
0008 0015 2 1670924104318832 9.75 -70.5 1.8223691760081417 11 
0008 0010 2 1670924104322832 -6.5 -71.0 6.17273869045182 11 
0008 0001 4 1670924104426305 24.375 -61.5 0.11044661672776616 11 
0008 0005 4 1670924104428186 -24.375 -63.0 3.9576704327449543 11 
0008 0011 4 1670924104429389 30.875 -56.0 0.46019423636569234 11 
0008 0009 4 1670924104442828 -35.75 -63.0 4.614214209960009 11 
0008 0015 4 1670924104445115 -52.0625 -63.5 3.933126740138784 11 
0008 0005 5 1670924104474757 -27.625 -59.5 2.8286605728611223 11 
0008 0014 5 1670924104483654 6.5 -64.0 6.258641614573416 11 
0008 0015 5 1670924104485299 -84.625 -69.0 4.239922897715912 11 
0008 0000 5 1670924104506329 240.875 -71.5 0.5522330836388308 11 
0008 0006 5 1670924104516498 -128.5625 -70.0 1.2455923997631406 11 
0008 0015 6 1670924104556924 -110.625 -71.0 3.0250101137104846 11 
0008 0011 6 1670924104564638 -24.375 -63.5 5.442563835418255 11 
0008 0007 6 1670924104565561 6.5 -57.0 3.356349963893783 11 
0008 0001 6 1670924104567397 0.0 -63.5 4.080388895775806 11 
0008 0005 6 1670924104568347 -7.3125 -50.0 2.5280003384355365 11 
0008 0009 6 1670924104569312 -52.0625 -63.0 4.411728745959104 11 
0008 0006 6 1670924104594791 -55.3125 -66.0 4.289010282928253 11 
0008 0012 6 1670924104601014 -104.125 -71.0 1.8100973297050567 11 
0008 0014 6 1670924104602116 34.9375 -72.5 3.7122335066832517 11 
0008 0015 7 1670924104630220 0.0 -65.0 5.620505606812989 11 
0008 0004 7 1670924104632009 -10.5625 -64.0 1.6198837120072371 11 
0008 0010 7 1670924104642128 -201.8125 -69.5 3.9760782021995817 11 
0008 0004 8 1670924104723320 32.5 -70.5 1.325359400733194 11 
0008 0014 8 1670924104724268 26.0 -66.0 1.184233168247715 11 
0008 0004 1 1670924104946412 -10.5625 -68.0 1.7916895602504288 11 
0008 0010 1 1670924104960569 -29.25 -63.0 5.0253210611133605 11 
0008 0007 1 1670924104969032 -48.8125 -66.5 1.2701360923693108 11 
0008 0013 1 1670924104975986 -107.375 -72.0 2.5709518004963345 11 
0008 0011 1 1670924104978518 291.3125 -71.0 3.9944859716542096 11 
0008 0007 2 1670924105007726 71.5625 -65.5 0.9878836273983529 11 
0008 0004 2 1670924105010065 55.3125 -62.0 0.30679615757712825 11 
0008 0014 2 1670924105029229 113.875 -65.5 6.2034183062095325 11 
0008 0015 3 1670924105079200 100.875 -68.0 5.522330836388308 11 
0008 0005 3 1670924105080119 45.5625 -65.0 4.970097752749477 11 
0008 0010 3 1670924105085956 -113.875 -70.5 2.4911847995262812 11 
0008 0001 4 1670924105136451 45.5625 -65.0 1.8837284075235674 11 
0008 0014 4 1670924105141685 -32.5 -59.0 4.264466590322082 11 
0008 0000 4 1670924105148774 97.625 -70.0 5.325981295538946 11 
0008 0013 4 1670924105151826 -13.0 -57.5 3.454524734318464 11 
0008 0004 4 1670924105154629 -45.5625 -66.0 2.337786720737717 11 
0008 0015 4 1670924105155538 -61.8125 -69.0 4.080388895775806 11 
0008 0010 4 1670924105158898 -35.75 -65.0 6.191146459906448 11 
0008 0012 4 1670924105162269 69.125 -70.0 3.9576704327449543 11 
0008 0005 5 1670924105223494 -121.25 -58.5 6.160466844148735 11 
0008 0007 5 1670924105227405 -29.25 -63.5 5.368932757599744 11 
0008 0014 5 1670924105230366 -32.5 -64.5 4.239922897715912 11 
0008 0013 5 1670924105233936 -55.3125 -58.0 4.890330751779424 11 
0008 0015 5 1670924105246795 -94.375 -70.0 4.626486056263094 11 
0008 0009 6 1670924105289938 -59.375 -66.0 4.890330751779424 11 
0008 0005 6 1670924105296341 21.125 -51.0 2.9513790358919736 11 
0008 0001 6 1670924105305287 -52.0625 -65.0 5.086680292628786 11 
0008 0007 6 1670924105310584 74.8125 -66.5 2.448233337465483 11 
0008 0014 6 1670924105324711 78.0625 -73.0 3.3747577333484107 11 
0008 0011 7 1670924105355676 62.625 -69.5 5.921165841238575 11 
0008 0015 7 1670924105374222 -22.75 -69.0 1.41126232485479 11 
0008 0010 7 1670924105382084 -19.5 -70.0 6.019340611663256 11 
0008 0014 8 1670924105414446 104.125 -73.5 0.5154175447295755 11 
0008 0015 1 1670924105652696 -35.75 -64.5 2.405281875404685 11 
0008 0011 1 1670924105664498 -3.25 -62.5 4.485359823777615 11 
0008 0014 1 1670924105665882 -13.0 -70.5 6.234097921967246 11 
0008 0005 1 1670924105669889 -232.6875 -72.0 1.945087639038993 11 
0008 0010 1 1670924105675203 -52.0625 -64.5 6.019340611663256 11 
0008 0006 1 1670924105678101 24.375 -69.0 4.792155981354743 11 
