0005 0005 1 1670920864746284 13.0 -55.5 3.497476196379262 18 
0005 0015 1 1670920864748467 61.8125 -62.5 0.7669903939428205 18 
0005 0004 1 1670920864752753 0.0 -63.5 4.331961744989051 18 
0005 0008 1 1670920864754219 149.6875 -67.0 2.650718801466388 18 
0005 0009 1 1670920864759746 -35.75 -67.0 0.9633399347921826 18 
0005 0011 1 1670920864760922 19.5 -60.0 1.9082721001297376 18 
0005 0007 1 1670920864762344 -166.0 -65.5 4.3933209765044765 18 
0005 0013 1 1670920864764025 -3.25 -66.5 0.09817477042468103 18 
0005 0010 1 1670920864767103 -58.5625 -64.5 5.66959299202533 18 
0005 0015 2 1670920864821740 -68.3125 -57.5 3.5036121195308043 18 
0005 0006 2 1670920864822689 45.5625 -67.5 5.970253226450915 18 
0005 0014 2 1670920864825106 -32.5 -60.5 1.0737865515199487 18 
0005 0008 2 1670920864827514 13.0 -54.5 0.4172427743048944 18 
0005 0011 2 1670920864832465 22.75 -57.5 4.908738521234052 18 
0005 0004 3 1670920864900443 -276.625 -68.5 5.688000761479957 18 
0005 0014 3 1670920864901420 16.25 -67.0 2.730485802436441 18 
0005 0015 3 1670920864903603 -13.0 -63.0 0.22089323345553233 18 
0005 0005 3 1670920864917454 -61.8125 -63.0 1.7426021750380885 18 
0005 0015 4 1670920864947691 -84.625 -68.5 0.7424467013366504 18 
0005 0004 4 1670920864973097 45.5625 -64.0 6.050020227420969 18 
0005 0006 5 1670920865013660 -214.8125 -66.5 3.6201946594101133 18 
0005 0004 5 1670920865015200 182.25 -68.0 1.1719613219446299 18 
0005 0015 6 1670920865066765 81.375 -71.0 2.5893595699509624 18 
0005 0004 6 1670920865071130 13.0 -60.5 5.448699758569798 18 
0005 0010 6 1670920865078418 -104.125 -73.5 4.313553975534423 18 
0005 0006 6 1670920865080312 94.375 -64.0 1.7732817907958012 18 
0005 0010 7 1670920865106694 39.0 -64.0 1.4358060174609601 18 
0005 0011 7 1670920865108582 -9.75 -57.0 3.9760782021995817 18 
0005 0008 7 1670920865116075 -9.75 -63.5 2.4911847995262812 18 
0005 0004 7 1670920865119191 -7.3125 -53.0 5.786175531904639 18 
0005 0014 7 1670920865120610 81.375 -66.5 1.5707963267948966 18 
0005 0015 7 1670920865121845 -81.375 -61.0 5.2339424482658075 18 
0005 0005 7 1670920865123133 -13.8125 -69.5 3.11091303783208 18 
0005 0013 8 1670920865156173 58.5625 -69.5 1.0799224746714913 18 
0005 0014 8 1670920865161134 3.25 -62.5 5.724816300389213 18 
0005 0004 8 1670920865162066 -13.8125 -57.5 0.4724660826687775 18 
0005 0009 8 1670920865164547 -6.5 -70.0 4.1417481272912315 18 
0005 0005 8 1670920865165480 -3.25 -62.0 0.944932165337555 18 
0005 0010 8 1670920865167454 -19.5 -63.5 4.632621979414636 18 
0005 0015 8 1670920865168363 -48.8125 -62.0 4.466952054322987 18 
0005 0006 8 1670920865169776 3.25 -58.5 6.043884304269426 18 
0005 0008 8 1670920865176275 16.25 -63.5 3.0925052683774528 18 
0005 0007 1 1670920865408155 -26.0 -65.5 4.301282129231338 18 
0005 0009 1 1670920865409260 -48.8125 -66.0 1.0246991663076084 18 
0005 0013 1 1670920865416582 -3.25 -67.5 0.22089323345553233 18 
0005 0010 1 1670920865422316 -71.5625 -64.5 5.792311455056181 18 
0005 0005 1 1670920865423276 17.0625 -56.0 3.56497135104623 18 
0005 0011 1 1670920865424225 3.25 -59.5 1.859184714917397 18 
0005 0008 1 1670920865426378 -100.875 -68.0 3.0372819600135696 18 
0005 0004 1 1670920865428017 7.3125 -63.5 4.28287435977671 18 
0005 0015 1 1670920865433214 0.0 -62.5 0.9510680884890975 18 
0005 0008 2 1670920865468993 3.25 -55.0 0.3620194659410113 18 
0005 0006 2 1670920865470650 19.5 -67.5 5.810719224510809 18 
0005 0011 2 1670920865477352 0.0 -57.5 4.896466674930966 18 
0005 0015 2 1670920865484595 -42.3125 -58.5 3.5036121195308043 18 
0005 0014 2 1670920865488883 19.5 -61.0 1.1044661672776617 18 
0005 0010 2 1670920865500303 -87.875 -71.0 2.429825568010856 18 
0005 0004 3 1670920865545978 177.375 -70.0 4.871922982324796 18 
0005 0014 3 1670920865549761 -35.75 -67.0 2.9513790358919736 18 
0005 0005 3 1670920865557680 39.0 -64.0 1.6566992509164924 18 
0005 0015 3 1670920865560573 -45.5625 -64.5 0.3988350048502667 18 
0005 0004 4 1670920865619310 0.0 -64.0 6.086835766330224 18 
0005 0015 4 1670920865623353 -84.625 -68.0 0.5338253141842031 18 
0005 0005 4 1670920865628276 52.0625 -72.0 0.6442719309119693 18 
0005 0004 5 1670920865662898 -83.0 -69.5 1.5033011721279284 18 
0005 0006 5 1670920865664599 130.1875 -67.0 3.153864499892878 18 
0005 0015 6 1670920865707119 120.4375 -70.5 2.6813984172241008 18 
0005 0004 6 1670920865714137 -17.0625 -60.5 5.5100589900852235 18 
0005 0006 6 1670920865720464 -19.5 -63.5 1.9573594853420782 18 
0005 0010 6 1670920865732057 26.0 -72.0 4.06811704947272 18 
0005 0014 7 1670920865766159 -9.75 -67.0 1.8162332528565992 18 
0005 0011 7 1670920865770093 6.5 -57.0 4.006757817957295 18 
0005 0010 7 1670920865772759 35.75 -63.0 1.3621749396424494 18 
0005 0015 7 1670920865775435 -16.25 -61.0 5.203262832508095 18 
0005 0008 7 1670920865776625 22.75 -63.0 2.3623304133438876 18 
0005 0004 7 1670920865777615 -10.5625 -53.5 5.816855147662351 18 
0005 0005 7 1670920865791947 55.3125 -70.0 2.9022916506796332 18 
0005 0013 8 1670920865827335 9.75 -70.5 0.9940195505498954 18 
0005 0014 8 1670920865828371 -29.25 -62.5 5.8475347634200645 18 
0005 0004 8 1670920865829302 17.0625 -57.5 0.4172427743048944 18 
0005 0015 8 1670920865832643 16.25 -63.0 4.381049130201391 18 
0005 0010 8 1670920865835822 -94.375 -64.0 4.804427827657828 18 
0005 0005 8 1670920865839712 21.125 -62.0 0.9142525495798421 18 
0005 0006 8 1670920865840887 -32.5 -58.5 6.092971689481767 18 
0005 0009 8 1670920865844079 -172.5 -70.5 4.491495746929157 18 
0005 0008 8 1670920865846426 13.0 -63.0 2.988194574801229 18 
0005 0013 1 1670920866071136 22.75 -67.0 0.2086213871524472 18 
0005 0004 1 1670920866072070 69.125 -63.5 4.2092432819582 18 
0005 0009 1 1670920866073232 13.0 -66.0 0.9142525495798421 18 
0005 0010 1 1670920866074439 19.5 -65.0 5.589825991055276 18 
0005 0007 1 1670920866077345 35.75 -66.0 4.2092432819582 18 
0005 0005 1 1670920866078844 -6.5 -55.5 3.6263305825616556 18 
0005 0011 1 1670920866082488 19.5 -59.5 1.7978254834019713 18 
0005 0008 1 1670920866085842 -61.8125 -67.0 2.8654761117703775 18 
0005 0015 1 1670920866088325 -45.5625 -62.0 1.086058397823034 18 
0005 0015 2 1670920866139416 -13.0 -58.5 3.479068426924634 18 
0005 0006 2 1670920866144695 78.0625 -66.5 5.816855147662351 18 
0005 0014 2 1670920866150893 22.75 -61.5 1.1044661672776617 18 
0005 0011 2 1670920866153293 32.5 -57.5 4.921010367537137 18 
0005 0008 2 1670920866154964 -16.25 -54.5 0.39269908169872414 18 
0005 0014 3 1670920866206841 52.0625 -66.5 2.945243112740431 18 
0005 0005 3 1670920866214288 87.0625 -63.0 1.5707963267948966 18 
0005 0015 3 1670920866216284 87.875 -65.0 0.2761165418194154 18 
0005 0015 4 1670920866267130 -13.0 -67.5 0.5092816215780329 18 
0005 0004 4 1670920866280510 48.8125 -64.5 6.129787228391022 18 
0005 0005 4 1670920866284024 128.5625 -70.5 0.619728238305799 18 
0005 0006 5 1670920866316043 -35.75 -67.5 3.2643111166206444 18 
0005 0004 5 1670920866325137 97.625 -70.0 1.1658253987930873 18 
0005 0006 6 1670920866360932 9.75 -63.5 1.9205439464328227 18 
0005 0004 6 1670920866368720 -13.8125 -60.5 5.497787143782138 18 
0005 0015 6 1670920866381608 -172.5 -70.5 3.479068426924634 18 
0005 0010 6 1670920866382558 -13.0 -72.0 4.006757817957295 18 
0005 0004 7 1670920866410196 7.3125 -53.5 5.8475347634200645 18 
0005 0015 7 1670920866411162 16.25 -61.5 5.21553467881118 18 
0005 0011 7 1670920866413260 -3.25 -57.5 3.9699422790480394 18 
0005 0005 7 1670920866414222 7.3125 -69.0 3.0372819600135696 18 
0005 0008 7 1670920866415174 32.5 -62.5 2.356194490192345 18 
0005 0010 7 1670920866418786 6.5 -63.5 1.423534171157875 18 
0005 0014 7 1670920866424398 16.25 -66.5 1.6505633277649499 18 
0005 0009 8 1670920866475868 -55.3125 -71.0 4.154019973594316 18 
0005 0006 8 1670920866484656 29.25 -58.5 6.019340611663256 18 
0005 0004 8 1670920866485604 30.875 -58.0 0.4970097752749477 18 
0005 0005 8 1670920866491727 48.8125 -62.0 0.9572040116406401 18 
0005 0015 8 1670920866492693 19.5 -63.0 4.368777283898306 18 
0005 0010 8 1670920866496460 -78.0625 -64.0 4.816699673960914 18 
0005 0014 8 1670920866499587 -94.375 -62.5 6.043884304269426 18 
0005 0008 8 1670920866504064 9.75 -62.0 2.9145634969827183 18 
0005 0013 8 1670920866505628 48.8125 -69.5 0.944932165337555 18 
0005 0007 1 1670920866727149 6.5 -66.5 4.215379205109742 18 
0005 0008 1 1670920866730032 -48.8125 -67.0 2.8716120349219203 18 
0005 0005 1 1670920866733689 3.25 -56.0 3.6999616603801666 18 
0005 0011 1 1670920866735688 -13.0 -60.0 1.6505633277649499 18 
0005 0013 1 1670920866738484 16.25 -67.0 0.2699806186678728 18 
0005 0004 1 1670920866739460 45.5625 -63.5 4.374913207049849 18 
0005 0009 1 1670920866742140 94.375 -68.5 0.46019423636569234 18 
0005 0015 1 1670920866743485 32.5 -62.5 0.8713010875190442 18 
0005 0010 1 1670920866750426 42.3125 -64.5 5.540738605842936 18 
0005 0015 2 1670920866789778 -26.0 -59.0 3.411573272257666 18 
0005 0008 2 1670920866795911 9.75 -54.5 0.5829126993965437 18 
0005 0014 2 1670920866799690 22.75 -61.0 1.1658253987930873 18 
0005 0011 2 1670920866805391 -13.0 -59.5 5.129631754689584 18 
0005 0006 2 1670920866818279 -22.75 -67.5 0.0 18 
0005 0010 2 1670920866821384 146.4375 -72.0 2.337786720737717 18 
0005 0015 3 1670920866849287 55.3125 -63.5 0.3129320807286708 18 
0005 0005 3 1670920866855639 10.5625 -61.5 1.1596894756415448 18 
0005 0014 3 1670920866866321 -19.5 -68.0 2.8654761117703775 18 
0005 0004 3 1670920866867257 -343.375 -70.5 5.338253141842031 18 
0005 0004 4 1670920866925808 -30.875 -67.0 5.6941366846315 18 
0005 0015 4 1670920866929464 -9.75 -69.0 0.6565437772150544 18 
0005 0006 5 1670920866974634 -52.0625 -67.0 2.890019804376548 18 
0005 0004 5 1670920866987220 156.1875 -70.0 0.16566992509164924 18 
0005 0006 6 1670920867020322 13.0 -63.0 1.3192234775816514 18 
0005 0004 6 1670920867033726 -17.0625 -62.0 3.160000423044421 18 
0005 0005 7 1670920867073121 -65.875 -68.5 5.013049214810275 18 
0005 0014 7 1670920867080074 84.625 -64.0 1.2210487071569704 18 
0005 0004 7 1670920867082207 0.0 -52.0 1.3130875544301088 18 
0005 0008 7 1670920867083656 16.25 -66.5 5.117359908386499 18 
0005 0010 7 1670920867085221 -68.3125 -67.5 2.1659808724945253 18 
0005 0015 7 1670920867088538 -13.0 -61.0 5.252350217720435 18 
0005 0011 7 1670920867090655 117.125 -64.0 2.313243028131547 18 
0005 0013 7 1670920867094971 -205.0625 -69.5 1.5155730184310134 18 
0005 0008 8 1670920867134382 -19.5 -55.5 5.964117303299373 18 
0005 0009 8 1670920867135349 139.9375 -74.0 4.792155981354743 18 
0005 0006 8 1670920867142003 39.0 -60.0 0.8406214717613314 18 
0005 0010 8 1670920867143970 -16.25 -69.0 4.7307967498393175 18 
0005 0005 8 1670920867145141 -13.8125 -57.5 3.785864584501762 18 
0005 0014 8 1670920867146092 -29.25 -66.0 6.166602767300278 18 
0005 0015 8 1670920867150649 -74.8125 -64.5 4.227651051412827 18 
0005 0004 8 1670920867151582 52.0625 -65.5 3.4606606574700063 18 
0005 0013 8 1670920867155114 133.4375 -75.0 6.031612457966341 18 
0005 0007 1 1670920867370330 3.25 -66.5 3.749049045592507 18 
0005 0004 1 1670920867371276 7.3125 -62.5 5.0682725231741586 18 
0005 0005 1 1670920867372239 -19.5 -56.5 4.374913207049849 18 
0005 0011 1 1670920867373176 3.25 -54.0 5.626641529964532 18 
0005 0009 1 1670920867381930 156.1875 -71.0 5.5714182216006485 18 
0005 0015 1 1670920867385953 42.3125 -65.0 0.521553467881118 18 
0005 0014 1 1670920867396314 -29.25 -66.0 4.080388895775806 18 
0005 0012 1 1670920867415083 -192.0 -72.0 3.0250101137104846 18 
0005 0008 2 1670920867440299 32.5 -61.5 2.890019804376548 18 
0005 0015 2 1670920867441476 -16.25 -58.0 3.5158839658338894 18 
0005 0014 2 1670920867453089 6.5 -62.5 1.282407938672396 18 
0005 0011 2 1670920867454322 -3.25 -61.5 4.620350133111551 18 
0005 0005 2 1670920867456686 -24.375 -59.5 4.4976316700806995 18 
0005 0004 2 1670920867457634 16.25 -68.0 4.025165587411922 18 
0005 0009 2 1670920867463540 -81.375 -69.0 2.018718716857504 18 
0005 0007 2 1670920867465904 58.5625 -67.0 3.06182565261974 18 
0005 0004 3 1670920867501904 73.1875 -69.5 5.988660995905543 18 
0005 0005 3 1670920867503826 -69.125 -64.0 0.8344855486097889 18 
0005 0015 3 1670920867506020 -35.75 -65.5 0.14726215563702155 18 
0005 0014 3 1670920867514447 -117.125 -67.5 6.050020227420969 18 
0005 0015 4 1670920867579526 146.4375 -66.0 6.080699843178682 18 
0005 0005 4 1670920867583659 62.625 -71.5 4.3074180523828804 18 
0005 0011 4 1670920867589318 22.75 -66.0 1.2762720155208536 18 
0005 0014 4 1670920867592055 -45.5625 -68.5 1.552388557340269 18 
0005 0012 5 1670920867638077 -87.875 -64.0 5.399612373357457 18 
0005 0004 5 1670920867639278 -17.0625 -69.5 1.1658253987930873 18 
0005 0004 6 1670920867689706 -3.25 -62.5 4.28287435977671 18 
0005 0014 6 1670920867698364 48.8125 -67.0 0.46019423636569234 18 
0005 0012 6 1670920867705754 0.0 -61.5 5.190990986205009 18 
0005 0015 6 1670920867707897 -9.75 -71.5 2.3439226438892597 18 
0005 0006 6 1670920867720719 26.0 -65.5 1.8223691760081417 18 
0005 0004 7 1670920867747220 -7.3125 -56.5 5.9088939949354895 18 
0005 0010 7 1670920867750067 19.5 -62.5 0.07976700097005335 18 
0005 0011 7 1670920867752209 32.5 -59.5 6.031612457966341 18 
0005 0015 7 1670920867759099 -16.25 -61.5 3.1661363461959633 18 
0005 0013 7 1670920867763216 -97.625 -68.0 5.117359908386499 18 
0005 0006 7 1670920867764685 -48.8125 -64.5 3.785864584501762 18 
0005 0014 7 1670920867767279 -26.0 -65.0 1.5707963267948966 18 
0005 0014 8 1670920867821129 -16.25 -70.5 3.479068426924634 18 
0005 0011 8 1670920867822039 -123.6875 -66.0 4.0128937411088375 18 
0005 0005 8 1670920867823506 -3.25 -59.5 0.44178646691106466 18 
0005 0010 8 1670920867826751 -39.0 -60.0 4.129476280988146 18 
0005 0006 8 1670920867829653 48.8125 -58.0 0.3190680038802134 18 
0005 0009 8 1670920867835337 218.0625 -73.0 5.7616318392984684 18 
0005 0004 8 1670920867838118 7.3125 -58.5 1.030835089459151 18 
0005 0012 8 1670920867840843 -29.25 -56.5 2.2212041808584084 18 
0005 0013 8 1670920867842377 -52.0625 -66.0 2.748893571891069 18 
0005 0012 1 1670920868058693 -13.0 -61.0 4.331961744989051 18 
0005 0005 1 1670920868063748 -9.75 -57.0 3.06182565261974 18 
0005 0004 1 1670920868065633 -73.1875 -66.0 3.8410878928656453 18 
0005 0015 1 1670920868075625 -35.75 -62.0 3.9822141253511245 18 
0005 0007 1 1670920868080989 29.25 -65.0 5.295301679781233 18 
0005 0009 1 1670920868083824 29.25 -73.0 1.337631247036279 18 
0005 0011 1 1670920868087521 58.5625 -64.5 0.4111068511533518 18 
0005 0013 1 1670920868088474 -91.125 -64.0 3.380893656499953 18 
0005 0014 1 1670920868105455 52.0625 -69.0 3.822680123411018 18 
0005 0010 2 1670920868149034 87.875 -66.5 2.2396119503130363 18 
0005 0014 2 1670920868151156 42.3125 -61.0 0.5460971604872883 18 
0005 0005 2 1670920868156013 -21.125 -66.0 2.350058567040802 18 
0005 0012 2 1670920868162693 48.8125 -63.0 2.5893595699509624 18 
0005 0015 2 1670920868169725 9.75 -59.0 3.1661363461959633 18 
0005 0008 2 1670920868179745 -81.375 -63.0 6.166602767300278 18 
0005 0011 2 1670920868183017 39.0 -65.0 0.6933593161243098 18 
0005 0005 3 1670920868234210 -69.125 -63.0 4.871922982324796 18 
0005 0013 3 1670920868239612 -104.125 -66.0 3.2459033471660166 18 
0005 0014 3 1670920868243123 71.5625 -65.0 6.17273869045182 18 
0005 0015 3 1670920868245626 52.0625 -68.5 0.0674951546669682 18 
0005 0013 4 1670920868275888 13.0 -60.0 2.184388641949153 18 
0005 0012 4 1670920868277051 -19.5 -68.0 2.448233337465483 18 
0005 0011 4 1670920868289270 100.875 -71.5 5.166447293598839 18 
0005 0014 4 1670920868305125 39.0 -63.0 1.1719613219446299 18 
0005 0015 4 1670920868306983 22.75 -65.0 5.994796919057086 18 
0005 0012 5 1670920868353644 -48.8125 -64.0 4.71238898038469 18 
0005 0013 6 1670920868406797 -26.0 -70.0 4.614214209960009 18 
0005 0006 6 1670920868410887 -16.25 -66.5 0.7301748550335652 18 
0005 0012 6 1670920868412543 -32.5 -65.5 3.9760782021995817 18 
0005 0004 6 1670920868422823 0.0 -61.0 2.8654761117703775 18 
0005 0014 6 1670920868424030 6.5 -66.5 1.012427320004523 18 
0005 0006 7 1670920868466730 -113.875 -67.5 4.215379205109742 18 
0005 0004 7 1670920868468980 -17.0625 -58.5 6.264777537724958 18 
0005 0008 7 1670920868471796 26.0 -69.5 0.3988350048502667 18 
0005 0013 7 1670920868472762 29.25 -69.0 0.5031456984264903 18 
0005 0012 7 1670920868482578 104.125 -69.5 5.448699758569798 18 
0005 0015 7 1670920868488338 -9.75 -62.0 3.54042765844006 18 
0005 0014 7 1670920868490041 84.625 -65.0 1.6996507129772904 18 
0005 0011 7 1670920868492904 -39.0 -61.5 1.4910293258248433 18 
0005 0010 7 1670920868501501 -55.3125 -69.5 0.4724660826687775 18 
0005 0005 8 1670920868538454 -10.5625 -59.5 1.6812429435226628 18 
0005 0010 8 1670920868541515 6.5 -58.0 5.743224069843841 18 
0005 0012 8 1670920868544994 -13.0 -59.0 3.227495577711389 18 
0005 0013 8 1670920868547458 -45.5625 -63.0 3.6876898140770815 18 
0005 0006 8 1670920868561633 26.0 -57.5 1.41126232485479 18 
0005 0004 8 1670920868562722 -24.375 -59.5 1.5830681730979816 18 
0005 0011 8 1670920868564098 -19.5 -61.5 5.043728830567988 18 
0005 0008 8 1670920868566137 -26.0 -72.0 2.2027964114037806 18 
0005 0009 8 1670920868581437 159.5 -73.5 0.8897088569736719 18 
0005 0015 1 1670920868798490 -16.25 -62.5 4.399456899656019 18 
0005 0013 1 1670920868805953 -9.75 -65.5 3.933126740138784 18 
0005 0011 1 1670920868807105 16.25 -64.5 0.8774370106705868 18 
0005 0007 1 1670920868809265 -68.3125 -65.0 5.872078456026235 18 
0005 0005 1 1670920868813107 -9.75 -56.0 3.6447383520162835 18 
0005 0012 1 1670920868816328 -61.8125 -62.5 5.049864753719531 18 
0005 0010 1 1670920868817546 0.0 -71.0 6.062292073724054 18 
0005 0004 1 1670920868824404 -34.9375 -64.0 4.362641360746763 18 
0005 0014 1 1670920868830714 -45.5625 -66.0 4.295146206079795 18 
0005 0009 1 1670920868843205 348.25 -72.0 1.0799224746714913 18 
0005 0015 2 1670920868876214 39.0 -58.5 3.2949907323783574 18 
0005 0010 2 1670920868878587 61.8125 -66.5 2.9820586516496865 18 
0005 0000 2 1670920868879986 9.75 -71.0 4.608078286808466 18 
0005 0005 2 1670920868882750 17.0625 -63.0 2.399145952253143 18 
0005 0011 2 1670920868888698 45.5625 -63.0 1.509437095279471 18 
0005 0012 2 1670920868891300 13.0 -62.5 3.1784081924990484 18 
0005 0008 2 1670920868895696 -9.75 -60.5 0.44178646691106466 18 
0005 0014 2 1670920868907772 32.5 -62.0 0.8467573949128739 18 
0005 0013 2 1670920868909404 42.3125 -69.5 1.2333205534600555 18 
0005 0007 2 1670920868927819 -39.0 -71.0 1.8162332528565992 18 
0005 0005 3 1670920868969319 -39.0 -62.5 4.374913207049849 18 
0005 0013 3 1670920868970512 -58.5625 -66.0 2.834796496012665 18 
0005 0014 3 1670920868980439 -22.75 -65.5 6.270913460876501 18 
0005 0015 3 1670920868986540 -78.0625 -68.0 0.1227184630308513 18 
0005 0015 4 1670920869030764 3.25 -65.0 5.994796919057086 18 
0005 0014 4 1670920869035081 13.0 -63.5 1.1903690913992575 18 
0005 0013 4 1670920869037490 32.5 -61.5 1.932815792735908 18 
0005 0012 4 1670920869039674 -48.8125 -65.5 2.5280003384355365 18 
0005 0011 4 1670920869058684 175.75 -70.0 4.755340442445488 18 
0005 0012 5 1670920869105815 -123.6875 -65.5 4.792155981354743 18 
0005 0012 6 1670920869145886 65.0625 -66.0 3.767456815047135 18 
0005 0004 6 1670920869147055 0.0 -61.5 2.386874105950058 18 
0005 0013 6 1670920869152122 -78.0625 -71.5 4.804427827657828 18 
0005 0014 6 1670920869155325 13.0 -66.5 0.9817477042468103 18 
0005 0006 6 1670920869170034 87.875 -67.0 6.227961998815704 18 
0005 0015 7 1670920869209556 0.0 -62.0 3.6140587362585705 18 
0005 0004 7 1670920869214763 -17.0625 -58.0 0.3129320807286708 18 
0005 0006 7 1670920869217144 -39.0 -66.0 4.3933209765044765 18 
0005 0012 7 1670920869221005 126.9375 -69.5 5.184855063053467 18 
0005 0011 7 1670920869223468 39.0 -62.0 1.3560390164909069 18 
0005 0013 7 1670920869224888 205.0625 -68.0 0.19634954084936207 18 
0005 0014 7 1670920869228658 -159.5 -64.0 2.086213871524472 18 
0005 0010 7 1670920869232251 13.0 -69.0 0.25770877236478773 18 
0005 0008 7 1670920869239312 55.3125 -68.5 0.47860200582032003 18 
0005 0004 8 1670920869271313 10.5625 -59.5 1.7241944055834606 18 
0005 0005 8 1670920869277611 -24.375 -59.5 1.6935147898257479 18 
0005 0011 8 1670920869279029 13.0 -61.5 5.056000676871073 18 
0005 0012 8 1670920869282825 -13.0 -59.5 3.2090878082567613 18 
0005 0006 8 1670920869284964 42.3125 -57.5 1.564660403643354 18 
0005 0013 8 1670920869286017 29.25 -63.5 3.5342917352885173 18 
0005 0010 8 1670920869286939 -48.8125 -58.5 5.816855147662351 18 
0005 0008 8 1670920869296274 -32.5 -69.5 2.442097414313941 18 
0005 0009 8 1670920869316359 39.0 -73.5 0.8344855486097889 18 
0005 0011 1 1670920869536124 29.25 -64.0 0.5583690067903734 18 
0005 0015 1 1670920869541780 19.5 -63.0 4.28287435977671 18 
0005 0010 1 1670920869544642 -19.5 -70.0 6.037748381117884 18 
0005 0014 1 1670920869547348 19.5 -66.5 4.080388895775806 18 
0005 0005 1 1670920869548295 -16.25 -56.5 3.3870295796514958 18 
0005 0012 1 1670920869551227 26.0 -62.0 4.798291904506286 18 
0005 0007 1 1670920869553625 -32.5 -65.0 5.5714182216006485 18 
0005 0004 1 1670920869558998 0.0 -63.5 4.3933209765044765 18 
0005 0013 1 1670920869569910 35.75 -65.0 3.6570101983193686 18 
0005 0009 1 1670920869573089 348.25 -72.0 1.2517283229146832 18 
0005 0010 2 1670920869616268 52.0625 -66.5 2.84706834231575 18 
0005 0013 2 1670920869624003 32.5 -70.5 1.3008157081270237 18 
0005 0008 2 1670920869626801 -13.0 -59.0 0.4111068511533518 18 
0005 0005 2 1670920869630704 45.5625 -64.0 2.2089323345553233 18 
0005 0011 2 1670920869641976 35.75 -62.5 1.337631247036279 18 
0005 0007 2 1670920869645065 -42.3125 -71.0 1.521708941582556 18 
0005 0015 2 1670920869646675 -22.75 -58.5 3.2643111166206444 18 
0005 0014 2 1670920869650621 16.25 -62.0 0.7179030087304801 18 
0005 0012 2 1670920869653808 -22.75 -62.5 2.9329712664373457 18 
0005 0013 3 1670920869697434 156.1875 -66.0 2.60776733940559 18 
0005 0014 3 1670920869701046 -68.3125 -65.0 0.0674951546669682 18 
0005 0005 3 1670920869702229 21.125 -63.0 4.3503695144436785 18 
0005 0015 3 1670920869708527 78.0625 -68.0 0.01227184630308513 18 
