0002 0015 1 1670924226583139 16.25 -61.0 5.853670686571607 12 
0002 0008 1 1670924226584175 166.0 -69.5 5.209398755659637 12 
0002 0011 1 1670924226585125 -65.0625 -68.5 5.706408530934585 12 
0002 0005 1 1670924226588482 -55.3125 -62.0 4.558990901596125 12 
0002 0012 1 1670924226599458 -6.5 -68.0 4.847379289718626 12 
0002 0007 1 1670924226606628 65.0625 -70.5 1.5585244804918115 12 
0002 0006 3 1670924226687935 -32.5 -55.5 4.01902966426038 12 
0002 0010 3 1670924226689723 -55.3125 -63.5 4.828971520263998 12 
0002 0012 3 1670924226695048 -24.375 -60.0 3.724505352986337 12 
0002 0004 3 1670924226708258 0.0 -60.0 4.706253057233147 12 
0002 0005 3 1670924226722243 52.0625 -70.5 1.7426021750380885 12 
0002 0006 4 1670924226754155 -3.25 -56.0 3.497476196379262 12 
0002 0004 4 1670924226773745 -3.25 -55.5 2.5464081078901644 12 
0002 0005 5 1670924226814050 87.0625 -69.0 0.12885438618239387 12 
0002 0004 5 1670924226835831 81.375 -71.5 6.117515382087937 12 
0002 0007 6 1670924226875939 -136.6875 -71.5 3.6999616603801666 12 
0002 0014 6 1670924226895560 22.75 -66.5 6.227961998815704 12 
0002 0004 6 1670924226898227 22.75 -63.5 5.706408530934585 12 
0002 0015 6 1670924226906348 45.5625 -68.5 0.521553467881118 12 
0002 0012 6 1670924226917841 21.125 -71.5 1.6935147898257479 12 
0002 0005 6 1670924226918818 -166.8125 -73.0 2.356194490192345 12 
0002 0004 7 1670924226953491 6.5 -66.5 4.252194744018997 12 
0002 0013 7 1670924226956402 -104.125 -69.0 0.9878836273983529 12 
0002 0015 7 1670924226962440 41.5 -67.5 1.1044661672776617 12 
0002 0011 7 1670924226968099 -3.25 -70.5 5.270757987175063 12 
0002 0014 7 1670924226969997 -117.125 -65.0 2.1353012567368124 12 
0002 0007 7 1670924226977113 13.0 -68.0 5.160311370447297 12 
0002 0005 7 1670924226978244 27.625 -69.0 2.5157284921324514 12 
0002 0015 8 1670924227007418 -97.625 -62.5 4.552854978444583 12 
0002 0005 8 1670924227009353 -45.5625 -63.5 5.056000676871073 12 
0002 0008 8 1670924227011735 29.25 -71.0 6.013204688511713 12 
0002 0006 8 1670924227018107 22.75 -64.5 0.380427235395639 12 
0002 0014 8 1670924227025802 0.0 -60.5 3.1968159619536762 12 
0002 0011 8 1670924227038535 35.75 -70.5 6.025476534814799 12 
0002 0007 1 1670924227266360 22.75 -71.0 2.270291566070749 12 
0002 0013 1 1670924227268231 -74.8125 -71.0 0.14112623248547898 12 
0002 0015 1 1670924227279980 -13.8125 -60.5 1.1780972450961724 12 
0002 0005 1 1670924227282971 65.0625 -63.0 4.485359823777615 12 
0002 0008 1 1670924227288901 52.0625 -72.0 5.381204603902829 12 
0002 0006 3 1670924227374636 -3.25 -55.5 4.509903516383785 12 
0002 0010 3 1670924227375587 -91.125 -67.0 2.816388726558037 12 
0002 0009 3 1670924227399054 -188.75 -71.5 3.393165502803038 12 
0002 0006 4 1670924227454257 9.75 -58.5 2.509592568980909 12 
0002 0004 4 1670924227464033 -3.25 -56.0 0.7424467013366504 12 
0002 0015 4 1670924227466187 -9.75 -64.0 5.037592907416445 12 
0002 0014 4 1670924227474615 3.25 -63.5 4.3074180523828804 12 
0002 0007 5 1670924227523619 32.5 -71.5 2.4175537217077703 12 
0002 0006 5 1670924227543038 -201.8125 -71.5 1.9082721001297376 12 
0002 0004 5 1670924227560388 -22.75 -71.0 3.9822141253511245 12 
0002 0004 6 1670924227605781 19.5 -66.0 4.196971435655114 12 
0002 0007 6 1670924227613557 26.0 -71.0 6.019340611663256 12 
0002 0013 6 1670924227626563 -19.5 -66.5 4.773748211900116 12 
0002 0005 7 1670924227688411 -111.4375 -67.0 4.049709280018092 12 
0002 0012 7 1670924227695019 -39.0 -68.5 6.086835766330224 12 
0002 0004 7 1670924227696197 -188.75 -68.5 3.6079228131070282 12 
0002 0014 8 1670924227741359 -22.75 -59.0 4.804427827657828 12 
0002 0013 8 1670924227742626 123.6875 -71.0 2.1353012567368124 12 
0002 0012 8 1670924227745822 45.5625 -68.5 0.2270291566070749 12 
0002 0005 8 1670924227748596 -10.5625 -64.5 4.743068596142402 12 
0002 0006 8 1670924227759697 -9.75 -71.5 0.09817477042468103 12 
0002 0015 1 1670924227987695 -17.0625 -59.5 1.9941750242513334 12 
0002 0008 1 1670924227991467 -250.625 -71.0 5.8475347634200645 12 
0002 0014 1 1670924228006398 -84.625 -63.0 5.816855147662351 12 
0002 0005 1 1670924228007312 -3.25 -63.5 3.6324665057131984 12 
0002 0009 3 1670924228100889 -58.5625 -70.0 5.798447378207723 12 
0002 0010 3 1670924228105825 45.5625 -63.0 4.632621979414636 12 
0002 0012 3 1670924228108641 19.5 -59.0 5.043728830567988 12 
0002 0006 3 1670924228111787 -35.75 -57.0 4.338097668140593 12 
0002 0004 3 1670924228112663 3.25 -61.0 4.828971520263998 12 
0002 0006 4 1670924228157463 6.5 -55.5 3.2949907323783574 12 
0002 0004 4 1670924228176292 0.0 -56.5 2.3439226438892597 12 
0002 0015 4 1670924228186702 7.3125 -64.0 5.368932757599744 12 
0002 0004 5 1670924228248096 -117.125 -71.5 5.074408446325701 12 
0002 0006 5 1670924228264632 55.3125 -69.0 2.9206994201342606 12 
0002 0012 5 1670924228271329 104.125 -68.0 0.7976700097005334 12 
0002 0004 6 1670924228338654 -29.25 -64.5 5.338253141842031 12 
0002 0010 6 1670924228341063 58.5625 -68.0 0.25770877236478773 12 
0002 0012 6 1670924228347245 74.8125 -63.0 6.105243535784852 12 
0002 0005 6 1670924228352215 128.5625 -73.0 1.1351457830353744 12 
0002 0014 6 1670924228358093 -65.0625 -64.0 4.006757817957295 12 
0002 0013 6 1670924228368597 55.3125 -68.0 0.6258641614573416 12 
0002 0007 6 1670924228374679 -71.5625 -73.0 3.761320891895592 12 
0002 0014 7 1670924228435266 -9.75 -66.0 0.8897088569736719 12 
0002 0014 8 1670924228500362 -52.0625 -59.5 3.785864584501762 12 
0002 0005 8 1670924228502300 -26.0 -63.0 5.21553467881118 12 
0002 0006 8 1670924228509329 55.3125 -69.5 5.301437602932776 12 
0002 0005 1 1670924228738382 10.5625 -61.5 5.301437602932776 12 
0002 0014 1 1670924228739348 -19.5 -65.5 3.0066023442558567 12 
0002 0015 1 1670924228747736 3.25 -63.0 1.0615147052168636 12 
0002 0013 1 1670924228748673 -35.75 -65.5 4.06811704947272 12 
0002 0007 1 1670924228757353 16.25 -70.0 3.749049045592507 12 
0002 0008 1 1670924228771854 -13.0 -71.5 0.6135923151542565 12 
0002 0005 2 1670924228817985 34.9375 -67.5 3.429981041712294 12 
0002 0013 2 1670924228818892 -126.9375 -72.0 0.07363107781851078 12 
0002 0004 3 1670924228859170 -6.5 -65.0 3.472932503773092 12 
0002 0014 3 1670924228862536 42.3125 -62.5 2.9391071895888885 12 
0002 0013 3 1670924228864310 -32.5 -70.0 1.4296700943094176 12 
0002 0006 3 1670924228866388 9.75 -55.0 4.28287435977671 12 
0002 0010 3 1670924228868747 9.75 -68.5 2.9206994201342606 12 
0002 0006 4 1670924228907982 29.25 -60.0 2.6875343403756435 12 
0002 0004 4 1670924228913735 6.5 -54.0 0.9387962421860124 12 
0002 0015 4 1670924228939206 -24.375 -66.5 5.105088062083414 12 
0002 0013 5 1670924228969470 -84.625 -70.5 2.6691265709210157 12 
0002 0006 5 1670924228984789 39.0 -69.0 2.030990563160589 12 
0002 0012 6 1670924229028733 41.5 -67.5 0.4049709280018093 12 
0002 0013 6 1670924229030602 -32.5 -63.5 5.835262917116979 12 
0002 0010 6 1670924229045182 -9.75 -66.5 1.6382914814618648 12 
0002 0004 6 1670924229051109 52.0625 -61.5 5.092816215780329 12 
0002 0008 6 1670924229065166 299.4375 -73.5 5.5284667595398505 12 
0002 0004 7 1670924229108707 58.5625 -68.0 3.718369429834794 12 
0002 0007 7 1670924229109685 71.5625 -70.5 6.117515382087937 12 
0002 0005 7 1670924229113212 59.375 -65.5 3.104777114680538 12 
0002 0005 8 1670924229160029 0.0 -62.0 4.571262747899211 12 
0002 0010 8 1670924229161226 -55.3125 -69.5 1.8346410223112268 12 
0002 0015 8 1670924229164226 -17.0625 -61.5 3.3011266555298997 12 
0002 0006 8 1670924229167400 143.1875 -70.0 0.705631162427395 12 
0002 0014 8 1670924229170231 -6.5 -62.5 3.6815538909255388 12 
0002 0007 8 1670924229172160 -3.25 -69.0 1.9144080232812801 12 
0002 0011 8 1670924229179826 117.125 -67.0 0.9081166264282996 12 
0002 0007 1 1670924229404228 110.625 -70.5 1.41126232485479 12 
0002 0008 1 1670924229410413 -22.75 -69.5 5.258486140871978 12 
0002 0015 1 1670924229414759 79.75 -65.0 2.0923497946760143 12 
0002 0005 1 1670924229422117 0.0 -64.5 3.399301425954581 12 
0002 0014 1 1670924229425383 -55.3125 -65.0 5.872078456026235 12 
0002 0004 2 1670924229470725 -16.25 -70.0 1.1535535524900022 12 
0002 0006 3 1670924229519411 -45.5625 -57.0 4.614214209960009 12 
0002 0004 3 1670924229523400 -35.75 -62.5 4.767612288748572 12 
0002 0012 3 1670924229526284 -19.5 -60.0 4.025165587411922 12 
0002 0010 3 1670924229534687 -35.75 -65.0 3.663146121470911 12 
0002 0013 3 1670924229537361 234.3125 -68.0 0.02454369260617026 12 
0002 0005 3 1670924229540568 218.875 -69.0 1.4051264017032472 12 
0002 0004 4 1670924229586539 -3.25 -55.5 2.116893487282185 12 
0002 0006 4 1670924229588990 -26.0 -56.5 3.6815538909255388 12 
0002 0012 5 1670924229643116 22.75 -68.0 4.595806440505381 12 
0002 0006 5 1670924229665928 -312.4375 -68.5 2.564815877344792 12 
0002 0010 6 1670924229723797 221.3125 -69.0 1.4480778637640452 12 
0002 0004 6 1670924229727887 3.25 -64.0 5.534602682691394 12 
0002 0005 6 1670924229740201 131.8125 -73.5 1.1780972450961724 12 
0002 0013 6 1670924229742950 -9.75 -68.5 4.338097668140593 12 
0002 0014 7 1670924229788506 -26.0 -57.5 4.356505437595221 12 
0002 0004 7 1670924229790386 9.75 -69.5 4.509903516383785 12 
0002 0015 7 1670924229796206 -114.6875 -66.0 2.1475731030398975 12 
0002 0005 7 1670924229797122 -9.75 -67.0 4.908738521234052 12 
0002 0006 7 1670924229798045 -19.5 -71.5 0.07363107781851078 12 
0002 0005 8 1670924229838761 7.3125 -63.5 6.258641614573416 12 
0002 0006 8 1670924229844600 68.3125 -66.5 0.4172427743048944 12 
0002 0008 8 1670924229846694 -39.0 -72.5 2.116893487282185 12 
0002 0007 8 1670924229847674 198.5625 -70.0 5.141903600992669 12 
0002 0013 8 1670924229849809 -22.75 -64.0 1.1719613219446299 12 
0002 0010 8 1670924229852929 -55.3125 -68.0 2.141437179888355 12 
0002 0013 1 1670924230075583 6.5 -64.5 3.9822141253511245 12 
0002 0015 1 1670924230077720 30.875 -60.0 1.3437671701878218 12 
0002 0007 1 1670924230079619 19.5 -66.0 4.853515212870168 12 
0002 0005 1 1670924230081482 -65.875 -60.5 5.8659425328746915 12 
0002 0014 2 1670924230142266 -16.25 -69.0 5.197126909356553 12 
0002 0013 2 1670924230155510 42.3125 -69.5 5.675728915176872 12 
0002 0006 2 1670924230174369 26.0 -72.5 5.129631754689584 12 
0002 0005 2 1670924230178980 -130.1875 -69.5 4.81056375080937 12 
0002 0013 3 1670924230208531 -100.875 -68.0 3.5711072741977725 12 
0002 0004 3 1670924230209466 -81.375 -62.5 3.32567034813607 12 
0002 0006 3 1670924230210966 39.0 -57.0 3.098641191528995 12 
0002 0010 3 1670924230214959 -107.375 -63.5 2.5157284921324514 12 
0002 0005 3 1670924230227574 -38.1875 -67.5 5.970253226450915 12 
0002 0015 3 1670924230234483 139.125 -65.5 4.595806440505381 12 
0002 0006 4 1670924230274159 29.25 -57.0 2.6323110320117604 12 
0002 0015 4 1670924230288915 -35.75 -69.0 4.76147636559703 12 
0002 0004 4 1670924230292086 13.0 -55.0 1.214912784005428 12 
0002 0014 5 1670924230327315 6.5 -64.0 1.8285050991596843 12 
0002 0012 5 1670924230335114 -3.25 -61.5 3.4913402732277192 12 
0002 0004 5 1670924230342173 -175.75 -70.5 2.6998061866787286 12 
0002 0011 5 1670924230347657 68.3125 -68.5 5.497787143782138 12 
0002 0004 6 1670924230424546 29.25 -57.0 0.3620194659410113 12 
0002 0014 6 1670924230434696 -13.0 -62.5 0.09203884727313846 12 
0002 0012 6 1670924230445173 3.25 -62.5 2.2212041808584084 12 
0002 0007 6 1670924230452366 22.75 -72.5 1.705786636128833 12 
0002 0005 6 1670924230455747 -257.125 -75.0 0.0 12 
0002 0006 7 1670924230486842 -48.8125 -65.0 2.9513790358919736 12 
0002 0014 7 1670924230487791 -16.25 -60.5 2.1353012567368124 12 
0002 0015 7 1670924230496151 -76.4375 -69.0 2.521864415283994 12 
0002 0005 7 1670924230497673 97.625 -65.0 2.1537090261914402 12 
0002 0004 7 1670924230501040 9.75 -60.5 4.571262747899211 12 
0002 0011 7 1670924230511655 -61.8125 -69.0 5.970253226450915 12 
0002 0007 7 1670924230523381 13.0 -72.5 5.160311370447297 12 
0002 0013 7 1670924230524344 -19.5 -70.5 0.8835729338221293 12 
0002 0011 8 1670924230561269 52.0625 -73.0 5.344389064993574 12 
0002 0014 8 1670924230564365 3.25 -56.5 4.362641360746763 12 
0002 0005 8 1670924230565254 -62.625 -62.0 4.755340442445488 12 
0002 0007 8 1670924230567510 58.5625 -69.5 1.3560390164909069 12 
0002 0006 8 1670924230569297 78.0625 -63.5 1.7119225592803755 12 
0002 0007 1 1670924230789362 35.75 -68.0 3.6754179677739964 12 
0002 0015 1 1670924230794893 35.75 -67.5 1.1535535524900022 12 
0002 0005 1 1670924230807968 -38.1875 -63.5 4.6448938257177215 12 
0002 0011 1 1670924230810573 -35.75 -68.5 4.295146206079795 12 
0002 0010 3 1670924230930043 -13.0 -63.5 3.031146036862027 12 
0002 0006 3 1670924230933056 -55.3125 -56.0 4.871922982324796 12 
0002 0015 3 1670924230954671 -104.125 -70.0 5.915029918087033 12 
0002 0004 4 1670924231000697 22.75 -57.5 0.4049709280018093 12 
0002 0014 4 1670924231005978 -42.3125 -64.0 3.147728576741336 12 
0002 0006 4 1670924231007747 13.0 -58.5 2.1353012567368124 12 
0002 0015 4 1670924231010973 -30.875 -69.0 5.037592907416445 12 
0002 0015 5 1670924231048500 22.75 -68.5 4.28287435977671 12 
0002 0011 5 1670924231055476 -39.0 -69.5 4.362641360746763 12 
0002 0006 5 1670924231067896 -26.0 -66.5 1.748738098189631 12 
0002 0013 5 1670924231077045 0.0 -64.0 2.1230294104337273 12 
0002 0004 5 1670924231082073 39.0 -70.0 5.135767677841127 12 
0002 0004 6 1670924231129963 -39.0 -62.0 4.896466674930966 12 
0002 0013 6 1670924231132909 -19.5 -64.5 5.252350217720435 12 
0002 0015 7 1670924231186556 -26.0 -66.5 3.3379421944391554 12 
0002 0014 7 1670924231202484 42.3125 -64.5 2.0800779483729293 12 
0002 0007 7 1670924231204597 -162.75 -71.5 2.6445828783148455 12 
0002 0013 7 1670924231208093 -9.75 -70.0 0.006135923151542565 12 
0002 0005 7 1670924231212651 81.375 -67.0 4.172427743048944 12 
0002 0005 8 1670924231264609 -3.25 -62.0 5.792311455056181 12 
0002 0013 8 1670924231269947 29.25 -61.5 1.4664856332186729 12 
0002 0015 8 1670924231271094 -79.75 -69.5 4.184699589352029 12 
0002 0008 8 1670924231274220 52.0625 -69.5 2.018718716857504 12 
0002 0010 8 1670924231278617 91.125 -70.5 2.693670263527186 12 
0002 0009 1 1670924231496683 74.8125 -70.5 1.8039614065535141 12 
0002 0005 1 1670924231508093 -55.3125 -64.0 4.73693267299086 12 
0002 0015 1 1670924231512445 -39.0 -62.0 2.073942025221387 12 
0002 0014 1 1670924231518606 9.75 -68.5 4.3503695144436785 12 
0002 0007 1 1670924231523137 -29.25 -69.5 2.730485802436441 12 
0002 0008 1 1670924231536009 -55.3125 -71.0 5.620505606812989 12 
