0008 0014 1 1670918244752780 32.5 -69.0 0.36815538909255385 2 
0008 0001 1 1670918244753870 -41.5 -62.5 3.9515345095934116 2 
0008 0005 1 1670918244754844 7.3125 -58.0 3.160000423044421 2 
0008 0007 1 1670918244766193 42.3125 -69.0 2.325514874434632 2 
0008 0004 1 1670918244779602 -263.625 -72.0 3.3440781175906977 2 
0008 0000 2 1670918244818640 61.8125 -66.5 4.411728745959104 2 
0008 0014 2 1670918244820214 -78.0625 -67.5 3.6570101983193686 2 
0008 0008 2 1670918244824204 -87.875 -65.5 5.264622064023521 2 
0008 0004 2 1670918244826496 139.125 -67.0 4.06811704947272 2 
0008 0007 2 1670918244828353 143.1875 -68.0 2.5402721847386216 2 
0008 0004 3 1670918244861099 13.8125 -59.0 3.877903431774901 2 
0008 0001 3 1670918244864980 -48.8125 -63.0 0.06135923151542565 2 
0008 0006 3 1670918244877525 -62.625 -69.0 3.890175278077986 2 
0008 0006 4 1670918244913428 52.0625 -69.0 0.4356505437595221 2 
0008 0004 4 1670918244917065 -13.8125 -63.5 4.3074180523828804 2 
0008 0011 4 1670918244924747 -107.375 -71.5 1.5155730184310134 2 
0008 0008 5 1670918244957096 -61.8125 -61.0 4.804427827657828 2 
0008 0005 5 1670918244962215 42.3125 -69.0 2.12916533358527 2 
0008 0006 5 1670918244964510 38.1875 -68.5 1.5892040962495242 2 
0008 0004 5 1670918244969617 91.125 -66.0 2.3316507975861747 2 
0008 0000 5 1670918244976010 123.6875 -66.5 5.325981295538946 2 
0008 0001 5 1670918244981554 34.9375 -70.0 4.589670517353839 2 
0008 0014 5 1670918244983915 97.625 -69.5 3.6447383520162835 2 
0008 0001 6 1670918245035545 -38.1875 -63.5 3.497476196379262 2 
0008 0011 6 1670918245048161 -114.6875 -70.0 5.632777453116074 2 
0008 0005 7 1670918245091467 -10.5625 -65.0 5.080544369477243 2 
0008 0001 7 1670918245092404 -121.25 -68.0 4.651029748869264 2 
0008 0005 8 1670918245128514 -21.125 -62.5 3.2949907323783574 2 
0008 0001 8 1670918245129459 -3.25 -61.5 6.14819499784565 2 
0008 0004 8 1670918245146166 -69.125 -72.0 2.2457478734645786 2 
0008 0011 8 1670918245149003 -263.625 -72.5 5.786175531904639 2 
0008 0014 8 1670918245151236 -13.0 -71.5 5.356660911296659 2 
0008 0014 1 1670918245367892 -10.5625 -71.0 0.6749515466696822 2 
0008 0007 1 1670918245375609 -52.0625 -68.0 2.5893595699509624 2 
0008 0005 1 1670918245382184 -24.375 -58.0 3.1968159619536762 2 
0008 0001 1 1670918245384817 45.5625 -64.5 4.006757817957295 2 
0008 0004 1 1670918245397162 -166.0 -73.0 3.393165502803038 2 
0008 0014 2 1670918245426266 159.5 -68.5 3.2397674240144743 2 
0008 0000 2 1670918245434699 26.0 -67.5 4.362641360746763 2 
0008 0004 2 1670918245437019 -21.125 -67.5 4.3933209765044765 2 
0008 0008 2 1670918245437984 162.75 -66.0 4.313553975534423 2 
0008 0007 2 1670918245444157 107.375 -68.5 2.6568547246179306 2 
0008 0004 3 1670918245497781 0.0 -58.5 3.902447124381071 2 
0008 0006 3 1670918245500079 48.8125 -67.5 3.736777199289422 2 
0008 0001 3 1670918245501295 -83.0 -64.5 0.18407769454627693 2 
0008 0006 4 1670918245542241 7.3125 -68.0 0.5706408530934585 2 
0008 0004 4 1670918245552907 3.25 -63.0 4.3933209765044765 2 
0008 0011 4 1670918245554242 110.625 -72.5 1.1965050145508 2 
0008 0005 5 1670918245591641 -175.75 -69.0 2.2457478734645786 2 
0008 0008 5 1670918245593894 -42.3125 -63.0 4.01902966426038 2 
0008 0006 5 1670918245599154 38.1875 -68.0 1.5401167110371838 2 
0008 0004 5 1670918245602922 7.3125 -66.5 2.325514874434632 2 
0008 0014 5 1670918245608490 61.8125 -70.0 3.847223816017188 2 
0008 0000 5 1670918245611920 19.5 -69.0 5.325981295538946 2 
0008 0001 6 1670918245657701 7.3125 -63.5 3.32567034813607 2 
0008 0011 6 1670918245668179 -229.4375 -71.5 5.66959299202533 2 
0008 0001 7 1670918245698605 -191.1875 -69.0 4.663301595172349 2 
0008 0005 7 1670918245712506 24.375 -65.0 4.945554060143307 2 
0008 0014 8 1670918245746216 -41.5 -70.5 5.21553467881118 2 
0008 0005 8 1670918245755135 7.3125 -63.0 3.117048960983623 2 
0008 0004 8 1670918245763744 -62.625 -69.5 2.282563412373834 2 
0008 0011 8 1670918245766194 -13.8125 -73.5 5.184855063053467 2 
0008 0001 8 1670918245768234 -17.0625 -61.5 5.93343768754166 2 
0008 0001 1 1670918245988860 69.125 -65.0 4.0987966652304335 2 
0008 0014 1 1670918245992127 78.0625 -70.5 0.5706408530934585 2 
0008 0007 1 1670918245995633 3.25 -67.5 2.5954954931025047 2 
0008 0005 1 1670918245997065 26.0 -57.0 3.141592653589793 2 
0008 0007 2 1670918246054832 84.625 -69.0 2.8532042654672924 2 
0008 0014 2 1670918246056218 -192.0 -69.5 3.749049045592507 2 
0008 0004 2 1670918246062333 -175.75 -67.5 4.485359823777615 2 
0008 0008 2 1670918246077392 -172.5 -70.0 3.7122335066832517 2 
0008 0004 3 1670918246116552 24.375 -58.5 3.9392626632903265 2 
0008 0001 3 1670918246118944 100.875 -64.0 6.209554229361076 2 
0008 0006 3 1670918246122300 -81.375 -69.0 3.859495662320273 2 
0008 0004 4 1670918246163959 -41.5 -64.0 4.528311285838413 2 
0008 0011 4 1670918246171050 38.1875 -72.5 1.41126232485479 2 
0008 0006 4 1670918246175207 7.3125 -68.0 0.521553467881118 2 
0008 0014 5 1670918246213951 -107.375 -71.5 3.9760782021995817 2 
0008 0004 5 1670918246220684 -48.8125 -66.5 2.466641106920111 2 
0008 0008 5 1670918246222368 -100.875 -66.0 3.429981041712294 2 
0008 0006 5 1670918246223316 -166.8125 -68.5 1.8530487917658545 2 
0008 0005 5 1670918246224305 -52.0625 -69.5 2.227340104009951 2 
0008 0011 6 1670918246265954 -117.9375 -71.0 5.816855147662351 2 
0008 0004 6 1670918246267382 52.0625 -72.0 1.521708941582556 2 
0008 0001 6 1670918246277085 24.375 -64.0 3.436116964863836 2 
0008 0005 7 1670918246337507 -39.0 -64.0 5.154175447295755 2 
0008 0001 7 1670918246341253 -183.875 -67.5 4.755340442445488 2 
0008 0001 8 1670918246377861 0.0 -62.0 6.000932842208628 2 
0008 0005 8 1670918246386832 -41.5 -62.0 3.466796580621549 2 
0008 0014 8 1670918246388064 -146.4375 -72.0 5.3627968344482015 2 
0008 0011 8 1670918246391540 90.3125 -72.5 5.491651220630596 2 
0008 0004 8 1670918246395435 -10.5625 -71.0 2.141437179888355 2 
0008 0005 1 1670918246619429 -19.5 -57.0 3.0925052683774528 2 
0008 0014 1 1670918246626866 78.0625 -70.5 0.46019423636569234 2 
0008 0001 1 1670918246630021 -27.625 -64.5 3.8533597391687304 2 
0008 0007 1 1670918246635930 6.5 -68.0 2.6323110320117604 2 
0008 0004 1 1670918246637541 24.375 -72.5 2.9329712664373457 2 
0008 0004 2 1670918246670159 -87.0625 -68.0 3.902447124381071 2 
0008 0007 2 1670918246697348 -166.0 -68.5 3.1906800388021335 2 
0008 0014 2 1670918246706550 179.0 -68.5 3.0127382674073995 2 
0008 0004 3 1670918246755414 -7.3125 -58.0 4.0128937411088375 2 
0008 0001 3 1670918246759302 107.375 -65.0 6.092971689481767 2 
0008 0006 3 1670918246769746 41.5 -69.0 3.730641276137879 2 
0008 0011 4 1670918246800429 83.0 -74.0 1.3192234775816514 2 
0008 0004 4 1670918246808447 -7.3125 -63.5 4.503767593232243 2 
0008 0006 4 1670918246809381 -59.375 -69.0 0.7792622402459057 2 
0008 0008 5 1670918246850867 19.5 -67.5 3.2459033471660166 2 
0008 0005 5 1670918246856441 -260.375 -68.0 2.9329712664373457 2 
0008 0014 5 1670918246859995 69.125 -71.0 3.8288160465625602 2 
0008 0006 5 1670918246865645 90.3125 -68.0 1.662835174068035 2 
0008 0004 5 1670918246867327 -52.0625 -66.0 2.662990647769473 2 
0008 0011 6 1670918246904772 -83.0 -71.0 5.663457068873787 2 
0008 0001 6 1670918246911547 -13.8125 -64.0 3.442252888015379 2 
0008 0004 6 1670918246925693 48.8125 -72.0 1.4480778637640452 2 
0008 0001 7 1670918246955286 52.0625 -69.0 4.3074180523828804 2 
0008 0005 7 1670918246959616 48.8125 -64.0 5.21553467881118 2 
0008 0005 8 1670918246992105 -30.875 -62.0 3.4054373491061236 2 
0008 0001 8 1670918246993804 38.1875 -62.0 6.068427996875596 2 
0008 0014 8 1670918246994723 -68.3125 -70.0 5.227806525114265 2 
0008 0011 8 1670918247005602 -30.875 -73.5 5.608233760509904 2 
0008 0004 8 1670918247008470 45.5625 -71.5 1.9082721001297376 2 
0008 0005 1 1670918247228435 -22.75 -57.0 3.117048960983623 2 
0008 0001 1 1670918247229863 -52.0625 -64.0 3.9944859716542096 2 
0008 0007 1 1670918247245242 -94.375 -68.5 2.779573187648782 2 
0008 0014 1 1670918247262514 48.8125 -70.5 0.4356505437595221 2 
0008 0007 2 1670918247313334 -91.125 -69.5 3.2336315008629315 2 
0008 0008 2 1670918247316368 205.0625 -69.0 3.6570101983193686 2 
0008 0004 2 1670918247317866 -24.375 -68.5 3.902447124381071 2 
0008 0014 2 1670918247322075 -65.875 -70.5 3.5711072741977725 2 
0008 0006 3 1670918247372795 180.625 -68.5 3.6079228131070282 2 
0008 0004 3 1670918247375527 -21.125 -58.5 4.01902966426038 2 
0008 0001 3 1670918247378922 -52.0625 -63.5 0.0859029241215959 2 
0008 0004 4 1670918247411782 52.0625 -63.5 4.387185053352934 2 
0008 0011 4 1670918247414923 30.875 -71.0 1.337631247036279 2 
0008 0006 4 1670918247419416 -21.125 -68.5 0.6810874698212247 2 
0008 0006 5 1670918247448039 121.25 -69.5 1.607611865704152 2 
0008 0000 5 1670918247449528 -110.625 -69.5 5.368932757599744 2 
0008 0005 5 1670918247454143 -59.375 -67.5 2.3071071049800045 2 
0008 0008 5 1670918247457461 29.25 -65.5 3.436116964863836 2 
0008 0004 5 1670918247462406 -27.625 -66.0 2.5464081078901644 2 
0008 0001 5 1670918247465712 -13.8125 -70.0 4.516039439535327 2 
0008 0014 5 1670918247474742 -146.4375 -69.0 4.061981126321178 2 
0008 0001 6 1670918247507971 0.0 -63.5 3.2949907323783574 2 
0008 0011 6 1670918247511101 17.0625 -72.0 5.534602682691394 2 
0008 0004 6 1670918247513895 145.625 -72.5 1.1228739367322893 2 
0008 0005 7 1670918247547371 -111.4375 -64.5 5.203262832508095 2 
0008 0001 7 1670918247555931 111.4375 -67.5 4.356505437595221 2 
0008 0001 8 1670918247596448 -38.1875 -61.5 6.160466844148735 2 
0008 0014 8 1670918247607790 68.3125 -71.5 5.184855063053467 2 
0008 0005 8 1670918247611410 -16.25 -62.5 3.06182565261974 2 
0008 0004 8 1670918247615064 173.3125 -71.5 1.9512235621905356 2 
0008 0011 8 1670918247620040 27.625 -74.5 5.301437602932776 2 
0008 0014 1 1670918247841558 48.8125 -71.0 0.7792622402459057 2 
0008 0007 1 1670918247844853 0.0 -66.5 2.736621725587984 2 
0008 0001 1 1670918247847586 -13.8125 -65.0 4.319689898685965 2 
0008 0005 1 1670918247849489 0.0 -57.5 3.141592653589793 2 
0008 0008 2 1670918247893356 -3.25 -67.0 4.381049130201391 2 
0008 0004 2 1670918247900346 -38.1875 -67.5 4.025165587411922 2 
0008 0007 2 1670918247917088 71.5625 -70.5 2.9329712664373457 2 
0008 0014 2 1670918247919139 91.125 -68.5 3.1661363461959633 2 
0008 0000 2 1670918247924969 74.8125 -69.5 4.06811704947272 2 
0008 0001 3 1670918247958556 41.5 -64.5 0.01227184630308513 2 
0008 0006 3 1670918247967120 69.125 -69.0 3.9147189706841563 2 
0008 0004 3 1670918247968336 16.25 -59.0 3.9760782021995817 2 
0008 0006 4 1670918248006315 13.8125 -68.5 0.5767767762450011 2 
0008 0004 4 1670918248015241 -30.875 -63.5 4.558990901596125 2 
0008 0011 4 1670918248027040 135.0625 -73.0 1.1290098598838318 2 
0008 0000 5 1670918248049104 58.5625 -68.5 5.166447293598839 2 
0008 0006 5 1670918248054904 -7.3125 -67.5 1.705786636128833 2 
0008 0005 5 1670918248055840 -79.75 -69.5 1.8530487917658545 2 
0008 0004 5 1670918248060642 17.0625 -65.0 2.2457478734645786 2 
0008 0008 5 1670918248062268 16.25 -65.0 3.3624858870453256 2 
0008 0014 5 1670918248070797 117.125 -69.5 3.6999616603801666 2 
0008 0001 5 1670918248079723 -32.5 -69.0 4.2031073588066565 2 
0008 0001 6 1670918248113276 30.875 -63.5 2.8716120349219203 2 
0008 0011 6 1670918248129218 -7.3125 -71.0 5.3627968344482015 2 
0008 0001 7 1670918248166775 10.5625 -67.5 4.3503695144436785 2 
0008 0004 7 1670918248175175 367.8125 -70.5 5.375068680751287 2 
0008 0005 7 1670918248187470 -69.125 -65.0 5.037592907416445 2 
0008 0011 8 1670918248218542 34.9375 -72.5 5.368932757599744 2 
0008 0001 8 1670918248219530 30.875 -60.5 5.859806609723149 2 
0008 0004 8 1670918248227428 180.625 -71.5 1.9205439464328227 2 
0008 0005 8 1670918248229831 17.0625 -62.5 2.8409324191642074 2 
0008 0014 8 1670918248240050 -41.5 -70.5 5.3198453723874035 2 
0008 0005 1 1670918248457360 -19.5 -57.5 3.2336315008629315 2 
0008 0014 1 1670918248466468 139.125 -71.0 0.5338253141842031 2 
0008 0001 1 1670918248473073 65.875 -67.5 4.632621979414636 2 
0008 0007 1 1670918248481605 -113.875 -68.0 2.804116880254952 2 
0008 0000 2 1670918248516945 -32.5 -69.0 4.325825821837508 2 
0008 0007 2 1670918248526700 13.0 -71.0 2.6261751088602177 2 
0008 0008 2 1670918248529615 13.0 -69.5 3.552699504743145 2 
0008 0014 2 1670918248531031 58.5625 -70.5 3.313398501832985 2 
0008 0004 2 1670918248540164 -87.875 -66.5 4.1172044346850605 2 
0008 0001 3 1670918248566250 -114.6875 -65.0 0.2638446955163303 2 
0008 0006 3 1670918248568502 104.125 -68.0 4.025165587411922 2 
0008 0004 3 1670918248576170 -13.8125 -58.5 4.09266074207889 2 
0008 0004 4 1670918248608502 -27.625 -63.5 4.71238898038469 2 
0008 0006 4 1670918248619182 -7.3125 -68.0 0.8160777791551611 2 
0008 0011 4 1670918248630971 229.4375 -72.5 1.141281706186917 2 
0008 0006 5 1670918248659350 117.9375 -69.0 1.5585244804918115 2 
0008 0005 5 1670918248660524 139.125 -68.0 1.7978254834019713 2 
0008 0004 5 1670918248675030 34.9375 -66.0 2.2948352586769194 2 
0008 0008 5 1670918248678816 -136.6875 -67.5 3.2213596545598464 2 
0008 0000 5 1670918248681024 -139.9375 -69.0 5.203262832508095 2 
0008 0014 5 1670918248683981 -13.0 -69.5 4.01902966426038 2 
0008 0011 6 1670918248735940 93.5625 -72.0 5.307573526084319 2 
0008 0001 6 1670918248741620 34.9375 -64.0 2.8777479580734626 2 
0008 0001 7 1670918248766924 48.8125 -69.0 4.049709280018092 2 
0008 0005 7 1670918248784952 0.0 -65.5 5.0682725231741586 2 
0008 0004 7 1670918248801502 194.4375 -71.5 5.743224069843841 2 
0008 0011 8 1670918248826470 -65.875 -72.0 5.442563835418255 2 
0008 0005 8 1670918248835509 52.0625 -63.0 2.82252464970958 2 
0008 0001 8 1670918248838202 -10.5625 -60.5 5.945709533844745 2 
0008 0014 8 1670918248841641 65.0625 -71.0 5.105088062083414 2 
0008 0004 8 1670918248847223 39.0 -71.5 2.1353012567368124 2 
0008 0001 1 1670918249072975 -48.8125 -65.0 4.417864669110647 2 
0008 0007 1 1670918249080243 -3.25 -68.5 2.6261751088602177 2 
0008 0005 1 1670918249083326 0.0 -57.0 3.172272269347506 2 
0008 0014 1 1670918249092070 48.8125 -70.0 0.4295146206079795 2 
0008 0007 2 1670918249127397 -78.0625 -72.0 2.84706834231575 2 
0008 0014 2 1670918249130710 -24.375 -68.5 3.4054373491061236 2 
0008 0004 2 1670918249137416 34.9375 -66.5 3.9699422790480394 2 
0008 0008 2 1670918249139644 113.875 -70.0 3.718369429834794 2 
0008 0001 3 1670918249196832 30.875 -63.5 0.07363107781851078 2 
0008 0004 3 1670918249208393 -21.125 -58.5 4.04357335686655 2 
0008 0011 4 1670918249248501 -117.9375 -71.5 1.5830681730979816 2 
0008 0004 4 1670918249259093 -10.5625 -63.5 4.571262747899211 2 
0008 0006 4 1670918249265474 90.3125 -68.5 0.619728238305799 2 
0008 0008 5 1670918249299539 -52.0625 -68.0 3.2888548092268146 2 
0008 0001 5 1670918249304410 27.625 -70.0 4.448544284868359 2 
0008 0006 5 1670918249307041 -187.125 -68.0 1.9266798695843652 2 
0008 0004 5 1670918249310951 45.5625 -65.0 2.3623304133438876 2 
0008 0014 5 1670918249320196 -32.5 -71.0 3.9576704327449543 2 
0008 0005 5 1670918249324444 59.375 -68.0 2.061670178918302 2 
0008 0000 5 1670918249331556 -166.0 -73.0 4.902602598082509 2 
0008 0001 6 1670918249358375 21.125 -63.0 3.153864499892878 2 
0008 0011 6 1670918249380081 145.625 -71.5 5.399612373357457 2 
0008 0001 7 1670918249432647 -65.875 -69.0 4.614214209960009 2 
0008 0005 7 1670918249433596 -55.3125 -64.5 5.399612373357457 2 
0008 0004 7 1670918249443978 -188.75 -71.5 6.117515382087937 2 
0008 0005 8 1670918249467126 48.8125 -63.0 3.147728576741336 2 
0008 0004 8 1670918249470410 100.875 -71.0 1.9205439464328227 2 
0008 0011 8 1670918249484182 159.5 -72.5 5.2768939103266055 2 
0008 0001 8 1670918249485112 -10.5625 -62.0 6.2463697682703305 2 
0008 0014 8 1670918249488945 -68.3125 -70.0 5.350524988145116 2 
0008 0014 1 1670918249710062 -16.25 -70.5 0.37429131224409645 2 
0008 0007 1 1670918249711017 -74.8125 -68.0 2.705942109830271 2 
0008 0001 1 1670918249711949 -38.1875 -64.0 4.28287435977671 2 
0008 0005 1 1670918249724955 6.5 -57.5 3.067961575771282 2 
