0002 0005 1 1670918255196628 21.125 -56.0 3.0495538063166547 14 
0002 0015 1 1670918255199074 78.0625 -68.5 0.9694758579437253 14 
0002 0008 1 1670918255200018 0.0 -59.0 1.141281706186917 14 
0002 0006 1 1670918255201892 94.375 -68.5 2.6016314162540475 14 
0002 0009 1 1670918255206170 -13.0 -72.0 0.6688156235181395 14 
0002 0014 1 1670918255209971 71.5625 -66.5 2.325514874434632 14 
0002 0004 1 1670918255212763 -9.75 -63.0 5.964117303299373 14 
0002 0007 1 1670918255217767 -9.75 -61.0 4.25833066717054 14 
0002 0014 2 1670918255262927 13.0 -65.5 5.166447293598839 14 
0002 0004 2 1670918255264389 -107.375 -71.5 5.7616318392984684 14 
0002 0005 2 1670918255265844 -76.4375 -65.0 5.749359992995383 14 
0002 0008 2 1670918255270809 -32.5 -59.5 3.865631585471816 14 
0002 0006 2 1670918255272453 100.875 -66.5 1.8162332528565992 14 
0002 0009 2 1670918255278492 -289.6875 -71.0 6.209554229361076 14 
0002 0004 3 1670918255323415 -120.4375 -66.5 5.448699758569798 14 
0002 0005 3 1670918255333265 104.125 -69.5 3.2213596545598464 14 
0002 0007 4 1670918255372960 -52.0625 -67.5 5.264622064023521 14 
0002 0004 4 1670918255387816 -52.0625 -66.0 5.123495831538041 14 
0002 0004 5 1670918255424123 52.0625 -64.0 2.098485717827557 14 
0002 0004 6 1670918255504039 9.75 -60.0 4.466952054322987 14 
0002 0006 6 1670918255508352 -29.25 -71.0 5.546874528994478 14 
0002 0004 7 1670918255551870 22.75 -61.5 6.007068765360171 14 
0002 0015 7 1670918255556903 -120.4375 -69.0 1.932815792735908 14 
0002 0006 7 1670918255561330 -35.75 -65.0 2.454369260617026 14 
0002 0008 8 1670918255595872 -19.5 -63.0 4.957825906446392 14 
0002 0004 8 1670918255602166 -22.75 -61.5 5.283029833478148 14 
0002 0015 8 1670918255603171 34.9375 -71.5 5.1725832167503825 14 
0002 0006 8 1670918255610875 16.25 -64.5 4.000621894805752 14 
0002 0009 1 1670918255837984 -126.9375 -72.5 0.8897088569736719 14 
0002 0004 1 1670918255838932 13.0 -62.5 5.970253226450915 14 
0002 0007 1 1670918255839896 -19.5 -61.0 4.28287435977671 14 
0002 0001 1 1670918255843373 -333.625 -75.5 5.117359908386499 14 
0002 0008 1 1670918255845499 45.5625 -59.0 1.086058397823034 14 
0002 0005 1 1670918255847693 -17.0625 -56.5 3.098641191528995 14 
0002 0015 1 1670918255855960 -87.875 -69.0 1.0921943209745766 14 
0002 0006 1 1670918255859775 159.5 -66.5 2.4911847995262812 14 
0002 0014 1 1670918255865538 91.125 -67.0 2.2948352586769194 14 
0002 0014 2 1670918255891445 19.5 -66.0 5.2768939103266055 14 
0002 0005 2 1670918255894655 -131.8125 -64.0 5.835262917116979 14 
0002 0008 2 1670918255897772 52.0625 -59.5 3.7122335066832517 14 
0002 0006 2 1670918255900415 39.0 -67.0 1.9205439464328227 14 
0002 0009 2 1670918255909984 221.3125 -69.5 5.651185222570702 14 
0002 0005 3 1670918255944782 -274.1875 -68.5 3.706097583531709 14 
0002 0004 3 1670918255955325 52.0625 -67.5 5.209398755659637 14 
0002 0004 4 1670918255994268 26.0 -66.0 4.970097752749477 14 
0002 0007 4 1670918255996546 58.5625 -67.0 5.221670601962723 14 
0002 0006 5 1670918256037753 19.5 -70.5 3.7551849687440497 14 
0002 0004 5 1670918256051343 48.8125 -64.5 2.086213871524472 14 
0002 0005 5 1670918256069235 -120.4375 -71.0 3.5342917352885173 14 
0002 0004 6 1670918256102934 -32.5 -60.0 4.558990901596125 14 
0002 0006 6 1670918256119080 52.0625 -71.5 5.620505606812989 14 
0002 0006 7 1670918256149894 29.25 -64.0 2.4605051837685683 14 
0002 0015 7 1670918256153477 -110.625 -68.5 2.012582793705961 14 
0002 0004 7 1670918256163854 -39.0 -61.5 6.105243535784852 14 
0002 0015 8 1670918256212545 -172.5 -70.5 5.559146375297564 14 
0002 0008 8 1670918256213465 -48.8125 -63.0 5.00077736850719 14 
0002 0004 8 1670918256219361 -6.5 -62.0 5.252350217720435 14 
0002 0006 8 1670918256224589 -35.75 -64.0 4.111068511533518 14 
0002 0008 1 1670918256445834 13.0 -60.5 1.0921943209745766 14 
0002 0014 1 1670918256447068 -22.75 -67.5 2.442097414313941 14 
0002 0006 1 1670918256453894 -9.75 -67.5 2.675262494072558 14 
0002 0004 1 1670918256457267 22.75 -62.5 6.013204688511713 14 
0002 0005 1 1670918256458242 7.3125 -56.0 3.11091303783208 14 
0002 0007 1 1670918256466467 -45.5625 -60.5 4.3503695144436785 14 
0002 0015 1 1670918256472517 -52.0625 -69.5 1.0799224746714913 14 
0002 0009 1 1670918256488804 -61.8125 -71.5 0.30679615757712825 14 
0002 0014 2 1670918256521731 146.4375 -66.0 4.902602598082509 14 
0002 0008 2 1670918256531600 35.75 -61.0 3.7551849687440497 14 
0002 0006 2 1670918256534355 -35.75 -67.5 2.018718716857504 14 
0002 0005 2 1670918256535658 156.1875 -65.0 5.436427912266712 14 
0002 0009 2 1670918256553016 61.8125 -71.5 5.915029918087033 14 
0002 0004 3 1670918256587183 -35.75 -70.0 5.313709449235861 14 
0002 0005 3 1670918256588867 -55.3125 -68.5 3.5342917352885173 14 
0002 0007 4 1670918256636745 -3.25 -67.5 5.221670601962723 14 
0002 0004 4 1670918256652817 26.0 -67.0 4.890330751779424 14 
0002 0004 5 1670918256682436 26.0 -65.0 2.073942025221387 14 
0002 0006 5 1670918256701662 253.875 -71.5 3.2520392703175593 14 
0002 0005 5 1670918256719321 -41.5 -71.0 3.509748042682347 14 
0002 0004 6 1670918256764675 -16.25 -60.0 4.534447208989955 14 
0002 0006 6 1670918256770532 -48.8125 -71.0 5.632777453116074 14 
0002 0004 7 1670918256805583 -39.0 -61.0 6.111379458936394 14 
0002 0006 7 1670918256808942 13.0 -63.5 2.5464081078901644 14 
0002 0015 7 1670918256814775 -17.0625 -69.0 1.9205439464328227 14 
0002 0008 8 1670918256847417 -55.3125 -65.0 5.056000676871073 14 
0002 0004 8 1670918256854043 32.5 -62.0 5.301437602932776 14 
0002 0006 8 1670918256858535 -3.25 -64.5 4.104932588381976 14 
0002 0015 8 1670918256869017 -87.875 -70.5 5.368932757599744 14 
0002 0005 1 1670918257095978 10.5625 -56.5 3.0925052683774528 14 
0002 0006 1 1670918257096901 -126.9375 -67.5 2.736621725587984 14 
0002 0009 1 1670918257103996 -45.5625 -70.5 0.5092816215780329 14 
0002 0008 1 1670918257106435 -3.25 -60.5 0.9694758579437253 14 
0002 0007 1 1670918257109269 35.75 -60.5 4.276738436625168 14 
0002 0015 1 1670918257113010 131.8125 -69.0 0.8406214717613314 14 
0002 0004 1 1670918257117386 58.5625 -63.0 5.884350302329319 14 
0002 0014 1 1670918257120844 32.5 -67.0 2.3193789512830896 14 
0002 0008 2 1670918257161188 -6.5 -60.5 3.736777199289422 14 
0002 0005 2 1670918257170954 -45.5625 -65.0 5.780039608753096 14 
0002 0006 2 1670918257172866 -130.1875 -67.0 2.024854640009046 14 
0002 0014 2 1670918257174110 68.3125 -65.5 4.945554060143307 14 
0002 0005 3 1670918257210677 -17.0625 -69.0 3.5281558121369745 14 
0002 0004 3 1670918257214911 -185.5 -67.0 5.565282298449106 14 
0002 0007 4 1670918257257822 -84.625 -66.0 5.338253141842031 14 
0002 0004 4 1670918257267787 -3.25 -66.5 4.970097752749477 14 
0002 0004 5 1670918257316846 -91.125 -64.0 2.282563412373834 14 
0002 0005 5 1670918257335076 -131.8125 -72.5 3.399301425954581 14 
0002 0006 5 1670918257341087 3.25 -69.0 3.865631585471816 14 
0002 0004 6 1670918257379913 3.25 -60.0 4.558990901596125 14 
0002 0006 6 1670918257380881 -143.1875 -71.0 5.8659425328746915 14 
0002 0015 7 1670918257432732 -22.75 -69.5 1.7916895602504288 14 
0002 0004 7 1670918257437781 48.8125 -61.0 5.957981380147831 14 
0002 0006 7 1670918257441039 -42.3125 -62.5 2.5402721847386216 14 
0002 0004 8 1670918257476464 -58.5625 -61.5 5.283029833478148 14 
0002 0015 8 1670918257480869 -76.4375 -71.5 5.3198453723874035 14 
0002 0008 8 1670918257488479 -55.3125 -63.5 4.9823695990525625 14 
0002 0006 8 1670918257493994 13.0 -64.5 4.031301510563465 14 
0002 0009 1 1670918257716618 -104.125 -71.0 0.4724660826687775 14 
0002 0007 1 1670918257718654 19.5 -60.5 4.227651051412827 14 
0002 0005 1 1670918257723596 10.5625 -56.0 3.08636934522591 14 
0002 0004 1 1670918257728502 42.3125 -62.5 5.93343768754166 14 
0002 0015 1 1670918257731030 93.5625 -69.0 0.8528933180644165 14 
0002 0008 1 1670918257732020 84.625 -60.0 0.944932165337555 14 
0002 0014 1 1670918257735799 -42.3125 -67.0 2.405281875404685 14 
0002 0006 1 1670918257739412 19.5 -68.0 2.693670263527186 14 
0002 0001 1 1670918257746266 42.3125 -74.0 4.368777283898306 14 
0002 0006 2 1670918257779536 -146.4375 -67.0 2.1353012567368124 14 
0002 0005 2 1670918257783060 -7.3125 -64.5 5.626641529964532 14 
0002 0008 2 1670918257786986 -19.5 -60.5 3.822680123411018 14 
0002 0009 2 1670918257792353 -198.5625 -71.0 0.04295146206079795 14 
0002 0014 2 1670918257796909 156.1875 -66.0 5.049864753719531 14 
0002 0004 3 1670918257849632 120.4375 -68.0 5.031456984264903 14 
0002 0005 3 1670918257862636 -87.0625 -70.0 3.5711072741977725 14 
0002 0007 4 1670918257913419 -78.0625 -67.0 5.344389064993574 14 
0002 0004 4 1670918257922069 -58.5625 -67.5 5.037592907416445 14 
0002 0004 5 1670918257982634 -35.75 -64.5 2.2089323345553233 14 
0002 0006 5 1670918258000417 94.375 -69.5 3.6447383520162835 14 
0002 0005 5 1670918258001406 -65.875 -72.0 3.4054373491061236 14 
0002 0006 6 1670918258040577 9.75 -71.0 5.565282298449106 14 
0002 0004 6 1670918258049841 -3.25 -60.0 4.546719055293041 14 
0002 0006 7 1670918258095994 48.8125 -64.0 2.380738182798515 14 
0002 0004 7 1670918258100516 9.75 -61.0 6.043884304269426 14 
0002 0015 7 1670918258106721 143.1875 -69.5 1.7119225592803755 14 
0002 0015 8 1670918258142047 -38.1875 -71.0 5.301437602932776 14 
0002 0008 8 1670918258143885 13.0 -63.5 4.994641445355648 14 
0002 0004 8 1670918258144791 9.75 -62.0 5.21553467881118 14 
0002 0006 8 1670918258152654 -3.25 -64.5 4.01902966426038 14 
0002 0015 1 1670918258378218 48.8125 -69.0 0.9019807032767571 14 
0002 0008 1 1670918258379362 -9.75 -59.5 1.0799224746714913 14 
0002 0005 1 1670918258381752 -3.25 -56.5 3.1231848841351653 14 
0002 0004 1 1670918258383935 -29.25 -62.5 6.080699843178682 14 
0002 0014 1 1670918258389837 139.9375 -67.0 2.2334760271614935 14 
0002 0009 1 1670918258394063 -35.75 -71.5 0.8528933180644165 14 
0002 0006 1 1670918258395894 22.75 -67.5 2.6384469551633027 14 
0002 0007 1 1670918258397723 48.8125 -61.0 4.166291819897402 14 
0002 0009 2 1670918258435878 -39.0 -70.5 6.1420590746941075 14 
0002 0005 2 1670918258444795 52.0625 -65.5 5.638913376267617 14 
0002 0008 2 1670918258448119 -26.0 -59.5 3.8533597391687304 14 
0002 0014 2 1670918258455324 -9.75 -66.0 5.184855063053467 14 
0002 0006 2 1670918258459272 87.875 -67.0 1.9266798695843652 14 
0002 0005 3 1670918258504895 -87.0625 -68.0 3.5833791205008576 14 
0002 0004 3 1670918258516477 -97.625 -67.5 5.522330836388308 14 
0002 0007 4 1670918258556670 32.5 -67.0 5.190990986205009 14 
0002 0004 4 1670918258561612 -117.125 -67.0 5.166447293598839 14 
0002 0004 5 1670918258616685 -19.5 -64.0 2.2396119503130363 14 
0002 0006 5 1670918258622376 -9.75 -71.0 3.890175278077986 14 
0002 0005 5 1670918258637935 -274.1875 -73.0 3.9515345095934116 14 
0002 0004 6 1670918258678266 35.75 -60.0 4.473087977474529 14 
0002 0006 6 1670918258686779 -91.125 -71.5 5.7616318392984684 14 
0002 0004 7 1670918258721945 0.0 -61.5 6.080699843178682 14 
0002 0006 7 1670918258726115 -9.75 -64.0 2.466641106920111 14 
0002 0015 7 1670918258730219 -24.375 -68.5 1.8837284075235674 14 
0002 0006 8 1670918258771759 -74.8125 -63.5 4.09266074207889 14 
0002 0008 8 1670918258773148 -35.75 -62.5 5.062136600022616 14 
0002 0015 8 1670918258776690 -52.0625 -71.0 5.3198453723874035 14 
0002 0004 8 1670918258779109 -42.3125 -62.0 5.301437602932776 14 
0002 0005 1 1670918259012279 -27.625 -56.5 3.2029518851052186 14 
0002 0014 1 1670918259013712 179.0 -67.0 2.1353012567368124 14 
0002 0008 1 1670918259017188 3.25 -60.0 1.1167380135807468 14 
0002 0007 1 1670918259018153 -26.0 -61.0 4.313553975534423 14 
0002 0004 1 1670918259019937 -68.3125 -62.0 6.129787228391022 14 
0002 0015 1 1670918259022542 52.0625 -69.5 0.9510680884890975 14 
0002 0006 1 1670918259033663 81.375 -67.0 2.6016314162540475 14 
0002 0001 1 1670918259040939 -41.5 -74.0 4.4976316700806995 14 
0002 0009 1 1670918259042130 13.0 -71.5 0.5092816215780329 14 
0002 0008 2 1670918259072348 35.75 -60.0 3.761320891895592 14 
0002 0014 2 1670918259073779 -16.25 -65.5 5.203262832508095 14 
0002 0005 2 1670918259077999 -34.9375 -65.0 5.8045833013592665 14 
0002 0006 2 1670918259080352 120.4375 -66.5 1.748738098189631 14 
0002 0009 2 1670918259089561 -123.6875 -72.0 6.062292073724054 14 
0002 0005 3 1670918259131640 110.625 -68.5 3.399301425954581 14 
0002 0004 3 1670918259142148 -68.3125 -68.5 5.368932757599744 14 
0002 0004 4 1670918259188491 -9.75 -67.0 4.92714629068868 14 
0002 0007 4 1670918259191054 9.75 -66.5 5.264622064023521 14 
0002 0004 5 1670918259241628 -16.25 -64.0 2.1782527187976104 14 
0002 0006 5 1670918259256435 -48.8125 -71.0 3.7981364308048478 14 
0002 0004 6 1670918259291963 -9.75 -60.0 4.552854978444583 14 
0002 0006 6 1670918259299581 -97.625 -72.0 5.737088146692298 14 
0002 0004 7 1670918259350785 22.75 -61.0 6.068427996875596 14 
0002 0015 7 1670918259353503 117.9375 -69.5 1.705786636128833 14 
0002 0006 7 1670918259354809 -58.5625 -63.5 2.6813984172241008 14 
0002 0008 8 1670918259395628 13.0 -64.0 4.92714629068868 14 
0002 0004 8 1670918259397781 -97.625 -61.5 5.473243451175968 14 
0002 0006 8 1670918259399487 -3.25 -64.5 4.09266074207889 14 
0002 0015 8 1670918259411196 0.0 -72.5 5.123495831538041 14 
0002 0005 1 1670918259626179 0.0 -56.0 3.227495577711389 14 
0002 0008 1 1670918259630774 16.25 -61.0 1.0369710126106935 14 
0002 0015 1 1670918259633437 78.0625 -69.0 1.0185632431560658 14 
0002 0014 1 1670918259640282 29.25 -66.5 2.2334760271614935 14 
0002 0009 1 1670918259641770 -65.0625 -72.0 0.3129320807286708 14 
0002 0007 1 1670918259644163 -81.375 -61.0 4.424000592262189 14 
0002 0004 1 1670918259646070 -9.75 -62.5 6.031612457966341 14 
0002 0006 1 1670918259648607 68.3125 -66.5 2.5341362615870793 14 
0002 0001 1 1670918259653402 -266.875 -74.0 4.779884135051658 14 
0002 0005 2 1670918259690774 30.875 -66.0 5.6573211457222445 14 
0002 0008 2 1670918259701183 0.0 -60.5 3.736777199289422 14 
0002 0006 2 1670918259702560 110.625 -67.0 1.7241944055834606 14 
0002 0014 2 1670918259707939 -9.75 -67.0 5.264622064023521 14 
0002 0009 2 1670918259721904 -237.5625 -71.5 0.03681553890925539 14 
0002 0004 3 1670918259748090 159.5 -69.0 4.878058905476339 14 
0002 0005 3 1670918259761489 45.5625 -68.5 3.3502140407422405 14 
0002 0004 4 1670918259789972 45.5625 -66.5 4.816699673960914 14 
0002 0007 4 1670918259794570 -6.5 -67.5 5.332117218690489 14 
0002 0004 5 1670918259847441 26.0 -64.0 2.055534255766759 14 
0002 0004 6 1670918259899998 -13.0 -60.0 4.546719055293041 14 
0002 0006 6 1670918259911764 -182.25 -71.0 5.964117303299373 14 
0002 0015 7 1670918259948526 104.125 -69.0 1.5830681730979816 14 
0002 0004 7 1670918259951796 22.75 -61.0 6.013204688511713 14 
0002 0006 7 1670918259959378 -175.75 -64.0 2.834796496012665 14 
0002 0004 8 1670918260005806 48.8125 -61.5 5.184855063053467 14 
0002 0008 8 1670918260007025 22.75 -64.5 4.871922982324796 14 
0002 0006 8 1670918260008045 22.75 -65.0 3.9944859716542096 14 
0002 0015 8 1670918260014517 -152.9375 -70.5 5.47937937432751 14 
