0008 0005 1 1670918354793695 -111.4375 -67.0 4.828971520263998 2 
0008 0004 1 1670918354805464 -79.75 -68.0 0.46019423636569234 2 
0008 0004 2 1670918354872981 52.0625 -66.0 1.0246991663076084 2 
0008 0001 3 1670918354923715 34.9375 -62.0 0.0859029241215959 2 
0008 0004 3 1670918354924662 13.0 -59.0 3.0250101137104846 2 
0008 0005 3 1670918354942015 27.625 -67.5 0.7976700097005334 2 
0008 0011 4 1670918354986129 65.875 -71.0 4.994641445355648 2 
0008 0005 4 1670918354987301 21.125 -60.0 0.05522330836388308 2 
0008 0009 4 1670918354988236 -65.0625 -66.0 3.933126740138784 2 
0008 0008 4 1670918354993553 35.75 -58.5 2.748893571891069 2 
0008 0001 4 1670918354994737 3.25 -61.5 5.50392306693368 2 
0008 0004 4 1670918354997750 -9.75 -54.0 3.6876898140770815 2 
0008 0000 4 1670918355000329 -26.0 -58.5 4.638757902566179 2 
0008 0014 4 1670918355001290 -26.0 -66.5 3.1906800388021335 2 
0008 0006 4 1670918355005295 -38.1875 -69.0 1.7241944055834606 2 
0008 0015 4 1670918355008876 -117.125 -71.5 4.368777283898306 2 
0008 0014 5 1670918355040260 26.0 -60.5 4.479223900626073 2 
0008 0000 5 1670918355041253 19.5 -60.0 5.399612373357457 2 
0008 0011 5 1670918355042201 30.875 -66.0 1.3621749396424494 2 
0008 0005 5 1670918355044888 30.875 -64.0 4.583534594202296 2 
0008 0004 5 1670918355048746 65.875 -64.0 2.2089323345553233 2 
0008 0001 5 1670918355049672 0.0 -55.5 5.853670686571607 2 
0008 0007 5 1670918355052879 -136.6875 -68.0 3.693825737228624 2 
0008 0008 5 1670918355053825 -19.5 -60.5 6.14819499784565 2 
0008 0006 5 1670918355058210 -173.3125 -70.5 5.325981295538946 2 
0008 0015 5 1670918355060125 -32.5 -69.5 1.4603497100671303 2 
0008 0009 6 1670918355091252 26.0 -71.5 2.816388726558037 2 
0008 0000 6 1670918355093338 -42.3125 -63.0 3.810408277107933 2 
0008 0001 6 1670918355097133 -13.8125 -65.5 2.730485802436441 2 
0008 0007 6 1670918355099048 -9.75 -62.0 6.080699843178682 2 
0008 0008 6 1670918355100012 16.25 -57.5 6.080699843178682 2 
0008 0005 6 1670918355101894 -34.9375 -58.0 5.737088146692298 2 
0008 0004 6 1670918355105140 -62.625 -61.5 4.338097668140593 2 
0008 0014 6 1670918355106497 90.3125 -73.5 1.3928545554001621 2 
0008 0007 7 1670918355144454 -55.3125 -70.5 3.792000507653305 2 
0008 0001 7 1670918355148047 -27.625 -61.5 4.074252972624263 2 
0008 0005 7 1670918355149050 10.5625 -63.5 2.8716120349219203 2 
0008 0006 7 1670918355158206 3.25 -71.5 2.8409324191642074 2 
0008 0007 8 1670918355204856 58.5625 -66.5 3.933126740138784 2 
0008 0005 8 1670918355209503 22.75 -66.0 1.4296700943094176 2 
0008 0005 1 1670918355428087 -27.625 -67.5 4.6878452877785195 2 
0008 0004 1 1670918355440393 -45.5625 -67.0 0.5092816215780329 2 
0008 0004 2 1670918355509671 69.125 -66.5 1.030835089459151 2 
0008 0001 3 1670918355548157 39.0 -61.5 0.1227184630308513 2 
0008 0004 3 1670918355555962 -9.75 -59.5 3.06182565261974 2 
0008 0005 3 1670918355578280 10.5625 -68.0 1.0062913968529805 2 
0008 0011 4 1670918355626161 107.375 -71.0 5.111223985234957 2 
0008 0000 4 1670918355633328 -22.75 -59.0 4.638757902566179 2 
0008 0009 4 1670918355634249 -32.5 -66.5 3.865631585471816 2 
0008 0008 4 1670918355635224 22.75 -58.5 2.7979809571034093 2 
0008 0004 4 1670918355636185 -6.5 -54.5 3.6570101983193686 2 
0008 0005 4 1670918355637163 30.875 -60.0 0.06135923151542565 2 
0008 0015 4 1670918355638159 -48.8125 -72.0 4.221515128261284 2 
0008 0001 4 1670918355639092 -55.3125 -61.0 5.5100589900852235 2 
0008 0014 4 1670918355643931 -16.25 -67.0 3.2581751934691017 2 
0008 0006 4 1670918355645036 16.25 -69.0 1.7241944055834606 2 
0008 0000 5 1670918355669739 -16.25 -60.0 5.375068680751287 2 
0008 0001 5 1670918355671351 -7.3125 -55.0 5.712544454086128 2 
0008 0004 5 1670918355672793 10.5625 -64.0 2.2212041808584084 2 
0008 0014 5 1670918355673770 34.9375 -60.5 4.442408361716817 2 
0008 0005 5 1670918355675236 27.625 -64.0 4.589670517353839 2 
0008 0008 5 1670918355676681 65.0625 -61.0 6.013204688511713 2 
0008 0011 5 1670918355688637 87.0625 -65.5 1.3437671701878218 2 
0008 0015 5 1670918355692359 120.4375 -69.5 1.3499030933393643 2 
0008 0007 5 1670918355696264 35.75 -68.5 3.2520392703175593 2 
0008 0006 5 1670918355701718 -111.4375 -71.5 5.424156065963627 2 
0008 0001 6 1670918355729368 -45.5625 -66.0 2.6384469551633027 2 
0008 0008 6 1670918355732217 0.0 -57.5 6.086835766330224 2 
0008 0000 6 1670918355737056 -45.5625 -63.0 3.761320891895592 2 
0008 0007 6 1670918355742776 -32.5 -62.0 6.056156150572511 2 
0008 0005 6 1670918355743734 7.3125 -58.0 5.651185222570702 2 
0008 0004 6 1670918355744638 -6.5 -61.5 4.246058820867455 2 
0008 0014 6 1670918355751630 27.625 -73.0 1.533980787885641 2 
0008 0001 7 1670918355783809 41.5 -62.0 3.9699422790480394 2 
0008 0007 7 1670918355786036 -22.75 -68.5 3.693825737228624 2 
0008 0005 7 1670918355788900 -55.3125 -64.0 3.055689729468197 2 
0008 0006 7 1670918355804437 -27.625 -71.5 3.098641191528995 2 
0008 0007 8 1670918355857625 -32.5 -66.5 4.1417481272912315 2 
0008 0005 8 1670918355861791 -52.0625 -65.5 1.6014759425526093 2 
0008 0004 1 1670918356103007 68.3125 -67.5 0.2638446955163303 2 
0008 0005 1 1670918356104845 100.875 -67.5 4.516039439535327 2 
0008 0004 2 1670918356175508 38.1875 -66.0 1.1596894756415448 2 
0008 0005 3 1670918356230502 121.25 -67.0 0.6565437772150544 2 
0008 0011 3 1670918356232411 -117.9375 -72.5 0.14726215563702155 2 
0008 0004 3 1670918356240008 16.25 -59.0 3.000466421104314 2 
0008 0001 3 1670918356242569 -48.8125 -61.5 0.2086213871524472 2 
0008 0014 4 1670918356287379 -42.3125 -66.0 3.2336315008629315 2 
0008 0008 4 1670918356293014 22.75 -58.5 2.7550294950426117 2 
0008 0015 4 1670918356295157 -68.3125 -72.0 4.178563666200486 2 
0008 0004 4 1670918356296131 -13.8125 -54.0 3.650874275167826 2 
0008 0006 4 1670918356297319 -38.1875 -68.5 1.8407769454627694 2 
0008 0000 4 1670918356299325 0.0 -60.0 3.890175278077986 2 
0008 0011 4 1670918356300275 -13.8125 -71.0 5.3627968344482015 2 
0008 0009 4 1670918356302995 -71.5625 -68.5 3.2029518851052186 2 
0008 0005 4 1670918356303909 0.0 -60.0 0.09817477042468103 2 
0008 0001 4 1670918356304859 -17.0625 -61.0 5.405748296509 2 
0008 0014 5 1670918356339247 42.3125 -60.5 4.473087977474529 2 
0008 0001 5 1670918356340459 7.3125 -55.5 5.706408530934585 2 
0008 0015 5 1670918356341668 -188.75 -70.5 1.8837284075235674 2 
0008 0000 5 1670918356346028 -13.0 -60.5 5.197126909356553 2 
0008 0004 5 1670918356351715 7.3125 -63.5 2.3623304133438876 2 
0008 0008 5 1670918356352936 68.3125 -61.0 5.939573610693203 2 
0008 0006 5 1670918356354733 -83.0 -72.5 5.387340527054372 2 
0008 0011 5 1670918356356486 21.125 -65.0 1.184233168247715 2 
0008 0005 5 1670918356358368 -13.8125 -64.0 4.651029748869264 2 
0008 0007 5 1670918356360907 -16.25 -69.5 3.3318062712876126 2 
0008 0007 6 1670918356386252 6.5 -62.0 6.062292073724054 2 
0008 0005 6 1670918356390370 3.25 -58.0 5.749359992995383 2 
0008 0008 6 1670918356392945 -13.0 -58.0 6.135923151542564 2 
0008 0000 6 1670918356401202 19.5 -63.5 3.6201946594101133 2 
0008 0004 6 1670918356402106 -10.5625 -62.0 4.3074180523828804 2 
0008 0014 6 1670918356405948 -133.4375 -73.0 1.6873788666742053 2 
0008 0001 6 1670918356407284 48.8125 -65.0 2.650718801466388 2 
0008 0006 7 1670918356440827 0.0 -71.0 2.890019804376548 2 
0008 0001 7 1670918356450642 -34.9375 -62.0 4.061981126321178 2 
0008 0005 7 1670918356457573 29.25 -63.5 2.9391071895888885 2 
0008 0007 7 1670918356458525 -120.4375 -68.0 3.902447124381071 2 
0008 0007 8 1670918356488981 -39.0 -67.0 4.0987966652304335 2 
0008 0005 8 1670918356492089 24.375 -65.5 1.4542137869155878 2 
0008 0004 1 1670918356753417 128.5625 -67.5 0.25157284921324513 2 
0008 0005 1 1670918356762289 -68.3125 -67.0 4.6878452877785195 2 
0008 0004 2 1670918356810418 24.375 -67.5 1.141281706186917 2 
0008 0004 3 1670918356867742 -107.375 -59.5 3.1354567304382504 2 
0008 0005 3 1670918356881990 -48.8125 -68.0 0.9081166264282996 2 
0008 0001 3 1670918356882936 55.3125 -61.5 0.03681553890925539 2 
0008 0015 4 1670918356935959 -58.5625 -72.5 4.362641360746763 2 
0008 0014 4 1670918356938436 -6.5 -67.0 3.1906800388021335 2 
0008 0008 4 1670918356939387 29.25 -58.5 2.6998061866787286 2 
0008 0005 4 1670918356940376 21.125 -60.0 0.06135923151542565 2 
0008 0004 4 1670918356941320 3.25 -54.0 3.663146121470911 2 
0008 0011 4 1670918356942281 21.125 -71.0 5.129631754689584 2 
0008 0009 4 1670918356946629 26.0 -66.5 3.5956509668039427 2 
0008 0000 4 1670918356953145 -45.5625 -60.0 3.9944859716542096 2 
0008 0001 4 1670918356954791 -59.375 -61.0 5.45483568172134 2 
0008 0006 4 1670918356957118 65.875 -68.0 1.736466251886546 2 
0008 0011 5 1670918356986710 -30.875 -65.5 1.3437671701878218 2 
0008 0004 5 1670918356987614 65.875 -63.5 2.116893487282185 2 
0008 0008 5 1670918356988576 -3.25 -60.5 5.976389149602458 2 
0008 0000 5 1670918356990475 -9.75 -60.5 5.246214294568893 2 
0008 0001 5 1670918357000673 3.25 -55.5 5.681864838328415 2 
0008 0005 5 1670918357005206 -73.1875 -63.5 4.6878452877785195 2 
0008 0014 5 1670918357006406 -6.5 -60.5 4.503767593232243 2 
0008 0007 5 1670918357013148 39.0 -68.5 3.3072625786814425 2 
0008 0015 5 1670918357014072 -32.5 -70.5 1.7241944055834606 2 
0008 0006 5 1670918357019044 21.125 -70.5 5.178719139901925 2 
0008 0004 6 1670918357048710 -9.75 -62.0 4.264466590322082 2 
0008 0014 6 1670918357049676 169.25 -74.0 1.4419419406125027 2 
0008 0008 6 1670918357057105 -16.25 -57.5 6.086835766330224 2 
0008 0001 6 1670918357058081 34.9375 -65.5 2.4911847995262812 2 
0008 0000 6 1670918357059231 -55.3125 -63.0 3.767456815047135 2 
0008 0007 6 1670918357060902 9.75 -62.0 5.988660995905543 2 
0008 0005 6 1670918357062077 -24.375 -58.0 5.724816300389213 2 
0008 0001 7 1670918357104798 -41.5 -62.0 4.04357335686655 2 
0008 0005 7 1670918357107233 83.0 -64.0 2.8532042654672924 2 
0008 0007 7 1670918357115267 283.1875 -68.0 3.11091303783208 2 
0008 0006 7 1670918357124997 152.9375 -71.0 2.748893571891069 2 
0008 0007 8 1670918357161079 -3.25 -66.5 4.006757817957295 2 
0008 0005 8 1670918357168680 26.0 -66.0 1.4051264017032472 2 
0008 0004 1 1670918357400205 -87.0625 -66.5 0.47860200582032003 2 
0008 0005 1 1670918357421075 -78.0625 -67.0 4.706253057233147 2 
0008 0004 2 1670918357460403 76.4375 -66.5 1.086058397823034 2 
0008 0004 3 1670918357519091 7.3125 -59.5 3.043417883165112 2 
0008 0001 3 1670918357520265 -3.25 -61.5 0.2761165418194154 2 
0008 0005 3 1670918357528585 -152.9375 -68.5 1.055378782065321 2 
0008 0006 4 1670918357576145 -27.625 -68.0 1.8162332528565992 2 
0008 0015 4 1670918357578917 -107.375 -72.0 4.417864669110647 2 
0008 0004 4 1670918357579846 -24.375 -54.0 3.6815538909255388 2 
0008 0008 4 1670918357583586 13.0 -58.5 2.84706834231575 2 
0008 0005 4 1670918357586552 21.125 -60.0 0.1349903093339364 2 
0008 0011 4 1670918357587754 -131.8125 -70.5 5.356660911296659 2 
0008 0000 4 1670918357589638 -6.5 -59.0 4.608078286808466 2 
0008 0001 4 1670918357591981 0.0 -61.5 5.411884219660542 2 
0008 0014 4 1670918357593591 107.375 -66.0 3.129320807286708 2 
0008 0009 4 1670918357596167 -58.5625 -66.0 3.9392626632903265 2 
0008 0005 5 1670918357631332 -24.375 -64.0 4.614214209960009 2 
0008 0014 5 1670918357632266 26.0 -60.5 4.442408361716817 2 
0008 0000 5 1670918357637212 -74.8125 -60.0 5.3627968344482015 2 
0008 0001 5 1670918357638129 21.125 -55.5 5.589825991055276 2 
0008 0004 5 1670918357640277 -3.25 -63.5 2.2396119503130363 2 
0008 0008 5 1670918357643931 -9.75 -60.5 5.994796919057086 2 
0008 0011 5 1670918357648429 139.125 -66.0 1.1290098598838318 2 
0008 0007 5 1670918357650032 -19.5 -68.5 3.3502140407422405 2 
0008 0015 5 1670918357652033 65.0625 -69.5 1.4726215563702154 2 
0008 0007 6 1670918357689649 6.5 -61.5 6.000932842208628 2 
0008 0005 6 1670918357692932 -24.375 -58.0 5.681864838328415 2 
0008 0004 6 1670918357694162 17.0625 -62.0 4.178563666200486 2 
0008 0008 6 1670918357695083 -22.75 -57.5 6.0991076126333095 2 
0008 0000 6 1670918357700701 22.75 -62.5 3.650874275167826 2 
0008 0001 6 1670918357704394 -10.5625 -65.5 2.5034566458293663 2 
0008 0014 6 1670918357711743 35.75 -73.0 1.5278448647340985 2 
0008 0001 7 1670918357745299 24.375 -62.0 3.9699422790480394 2 
0008 0005 7 1670918357747181 10.5625 -64.0 2.859340188618835 2 
0008 0007 7 1670918357750346 -35.75 -68.5 3.7122335066832517 2 
0008 0006 7 1670918357761963 139.125 -70.0 2.748893571891069 2 
0008 0007 8 1670918357795914 -78.0625 -67.0 4.123340357836604 2 
0008 0005 8 1670918357804027 78.0625 -66.0 1.3744467859455345 2 
0008 0004 1 1670918358059851 -74.8125 -67.0 0.6013204688511713 2 
0008 0005 1 1670918358067368 -13.8125 -67.0 4.626486056263094 2 
0008 0004 2 1670918358105452 -39.0 -65.5 1.3314953238847365 2 
0008 0001 3 1670918358146804 0.0 -61.0 0.18407769454627693 2 
0008 0004 3 1670918358149695 7.3125 -59.0 3.000466421104314 2 
0008 0010 3 1670918358160903 32.5 -70.0 1.9757672547967058 2 
0008 0005 3 1670918358165639 58.5625 -67.5 0.859029241215959 2 
0008 0011 4 1670918358226680 -27.625 -70.5 5.289165756629691 2 
0008 0005 4 1670918358229957 -30.875 -60.0 0.16566992509164924 2 
0008 0001 4 1670918358231609 -3.25 -61.0 5.356660911296659 2 
0008 0006 4 1670918358234967 30.875 -68.0 1.736466251886546 2 
0008 0014 4 1670918358238831 -58.5625 -67.0 3.3870295796514958 2 
0008 0000 4 1670918358241383 -42.3125 -58.5 4.675573441475434 2 
0008 0009 4 1670918358243794 -81.375 -66.0 3.9208548938356986 2 
0008 0004 4 1670918358246824 -24.375 -54.0 3.6447383520162835 2 
0008 0008 4 1670918358248293 0.0 -58.0 2.859340188618835 2 
0008 0015 4 1670918358249946 -107.375 -72.5 4.313553975534423 2 
0008 0000 5 1670918358280486 -19.5 -59.5 5.246214294568893 2 
0008 0015 5 1670918358282855 -61.8125 -69.0 1.761009944492716 2 
0008 0004 5 1670918358284321 -3.25 -63.5 2.1230294104337273 2 
0008 0005 5 1670918358285510 3.25 -63.5 4.534447208989955 2 
0008 0001 5 1670918358286697 13.8125 -55.5 5.5100589900852235 2 
0008 0008 5 1670918358289543 -107.375 -60.5 6.062292073724054 2 
0008 0007 5 1670918358291374 71.5625 -68.5 3.184544115650591 2 
0008 0011 5 1670918358292289 10.5625 -64.5 1.3499030933393643 2 
0008 0014 5 1670918358293192 3.25 -60.0 4.4362724385652745 2 
0008 0006 5 1670918358304601 62.625 -71.5 5.043728830567988 2 
0008 0000 6 1670918358344833 -35.75 -62.0 3.6263305825616556 2 
0008 0008 6 1670918358346786 9.75 -57.5 5.994796919057086 2 
0008 0004 6 1670918358347988 -13.8125 -61.5 4.215379205109742 2 
0008 0001 6 1670918358350408 52.0625 -65.5 2.3316507975861747 2 
0008 0014 6 1670918358351385 48.8125 -72.5 1.4051264017032472 2 
0008 0005 6 1670918358353395 30.875 -58.0 5.546874528994478 2 
0008 0007 6 1670918358358178 6.5 -61.5 5.994796919057086 2 
0008 0007 7 1670918358396398 35.75 -70.5 3.724505352986337 2 
0008 0001 7 1670918358397840 -34.9375 -62.5 4.000621894805752 2 
0008 0005 7 1670918358402505 9.75 -63.5 3.074097498922825 2 
0008 0006 7 1670918358414700 -218.0625 -71.0 3.442252888015379 2 
0008 0007 8 1670918358467389 -13.0 -67.0 4.037437433715008 2 
0008 0005 8 1670918358470050 -6.5 -65.0 1.5401167110371838 2 
0008 0004 1 1670918358689287 104.125 -67.0 0.28225246497095796 2 
0008 0005 1 1670918358697128 38.1875 -67.0 4.528311285838413 2 
0008 0004 2 1670918358778481 59.375 -66.0 1.380582709097077 2 
0008 0004 3 1670918358833989 13.8125 -59.0 2.9391071895888885 2 
0008 0005 3 1670918358837352 177.375 -67.5 0.5829126993965437 2 
0008 0001 3 1670918358844429 76.4375 -61.5 6.2034183062095325 2 
0008 0000 4 1670918358917813 -22.75 -60.5 3.736777199289422 2 
0008 0006 4 1670918358920614 48.8125 -68.5 1.6198837120072371 2 
0008 0011 4 1670918358921804 -55.3125 -71.5 5.411884219660542 2 
0008 0015 4 1670918358923720 -117.125 -72.0 4.2031073588066565 2 
0008 0008 4 1670918358925866 -3.25 -58.5 2.6875343403756435 2 
0008 0004 4 1670918358928981 3.25 -54.0 3.5158839658338894 2 
0008 0005 4 1670918358930906 3.25 -60.0 0.0674951546669682 2 
0008 0014 4 1670918358932150 91.125 -66.0 3.2397674240144743 2 
0008 0009 4 1670918358933397 55.3125 -67.5 2.8532042654672924 2 
0008 0001 4 1670918358934812 -30.875 -61.0 5.123495831538041 2 
0008 0011 5 1670918358966563 38.1875 -65.5 1.0983302441261191 2 
0008 0004 5 1670918358970299 -156.1875 -63.5 2.3193789512830896 2 
0008 0014 5 1670918358975966 3.25 -60.0 4.430136515413731 2 
0008 0015 5 1670918358979627 -149.6875 -71.5 1.761009944492716 2 
0008 0006 5 1670918358981233 -194.4375 -71.0 5.448699758569798 2 
0008 0001 5 1670918358982448 -17.0625 -56.0 5.553010452146021 2 
0008 0008 5 1670918358983425 32.5 -60.5 5.688000761479957 2 
0008 0007 5 1670918358984395 224.5625 -70.5 2.8102528034064944 2 
0008 0005 5 1670918358985339 -3.25 -63.5 4.516039439535327 2 
0008 0000 5 1670918358986620 -42.3125 -61.0 4.970097752749477 2 
0008 0001 6 1670918359018398 -65.875 -65.5 2.5464081078901644 2 
0008 0004 6 1670918359019416 -26.0 -61.5 4.295146206079795 2 
0008 0005 6 1670918359022216 -24.375 -58.0 5.688000761479957 2 
0008 0007 6 1670918359028497 13.0 -62.0 5.994796919057086 2 
0008 0000 6 1670918359031161 -22.75 -64.0 3.393165502803038 2 
0008 0008 6 1670918359032555 0.0 -58.0 6.068427996875596 2 
0008 0001 7 1670918359068342 34.9375 -63.5 3.9699422790480394 2 
0008 0007 7 1670918359076963 -61.8125 -70.0 3.8410878928656453 2 
0008 0005 7 1670918359080656 21.125 -64.0 3.018874190558942 2 
0008 0006 7 1670918359086129 45.5625 -70.5 2.8654761117703775 2 
0008 0005 8 1670918359125931 10.5625 -65.5 1.4480778637640452 2 
0008 0007 8 1670918359142969 -29.25 -66.5 4.0128937411088375 2 
0008 0005 1 1670918359379455 -107.375 -68.0 4.663301595172349 2 
0008 0004 1 1670918359387100 22.75 -67.0 0.48473792897186263 2 
0008 0004 2 1670918359442380 -156.1875 -65.0 1.4358060174609601 2 
0008 0001 3 1670918359493752 17.0625 -61.0 0.06135923151542565 2 
0008 0004 3 1670918359499738 -24.375 -59.0 2.988194574801229 2 
0008 0005 3 1670918359524117 -13.8125 -68.5 0.7363107781851077 2 
0008 0011 3 1670918359546663 371.875 -72.0 5.9088939949354895 2 
0008 0000 4 1670918359597684 9.75 -60.5 3.80427235395639 2 
0008 0008 4 1670918359599522 9.75 -58.5 2.705942109830271 2 
0008 0001 4 1670918359602176 -24.375 -62.0 5.3627968344482015 2 
0008 0004 4 1670918359603618 10.5625 -54.0 3.5342917352885173 2 
0008 0015 4 1670918359610985 -136.6875 -72.0 4.295146206079795 2 
0008 0005 4 1670918359612995 -17.0625 -60.0 0.12885438618239387 2 
0008 0014 4 1670918359613927 -10.5625 -66.5 3.3502140407422405 2 
0008 0006 4 1670918359615343 27.625 -68.0 1.7732817907958012 2 
0008 0011 4 1670918359616485 -83.0 -71.5 5.227806525114265 2 
0008 0009 4 1670918359619142 -9.75 -66.5 3.767456815047135 2 
0008 0001 5 1670918359645920 3.25 -55.5 5.829126993965437 2 
0008 0014 5 1670918359647831 3.25 -60.0 4.424000592262189 2 
0008 0011 5 1670918359650253 69.125 -66.0 1.1044661672776617 2 
0008 0007 5 1670918359651206 -133.4375 -70.0 3.442252888015379 2 
0008 0004 5 1670918359652137 87.0625 -64.5 2.030990563160589 2 
0008 0008 5 1670918359657211 6.5 -60.5 5.8659425328746915 2 
0008 0005 5 1670918359659803 -21.125 -63.5 4.693981210930062 2 
0008 0000 5 1670918359664748 6.5 -61.0 5.221670601962723 2 
0008 0015 5 1670918359674478 195.25 -70.5 1.3008157081270237 2 
0008 0006 5 1670918359682569 -27.625 -70.5 4.9823695990525625 2 
0008 0005 6 1670918359718491 -3.25 -58.0 5.712544454086128 2 
0008 0001 6 1670918359723035 -27.625 -65.5 2.82252464970958 2 
0008 0007 6 1670918359724226 -13.0 -62.5 6.025476534814799 2 
0008 0004 6 1670918359735116 -38.1875 -62.5 4.252194744018997 2 
0008 0008 6 1670918359738611 13.0 -58.0 6.0991076126333095 2 
0008 0000 6 1670918359739562 -32.5 -64.0 3.736777199289422 2 
