0005 0005 1 1670918380911421 142.375 -72.0 1.9880391010997909 16 
0005 0006 5 1670918381140445 175.75 -70.5 5.964117303299373 16 
0005 0004 5 1670918381145915 -17.0625 -64.5 5.540738605842936 16 
0005 0006 6 1670918381203214 -26.0 -64.0 2.761165418194154 16 
0005 0004 6 1670918381206815 -3.25 -54.0 3.54042765844006 16 
0005 0002 6 1670918381211551 -3.25 -63.0 4.4976316700806995 16 
0005 0014 7 1670918381257509 -26.0 -66.5 3.8840393549264434 16 
0005 0005 7 1670918381258762 17.0625 -60.0 4.460816131171445 16 
0005 0002 7 1670918381262500 9.75 -67.5 1.3008157081270237 16 
0005 0005 8 1670918381306941 -38.1875 -62.0 2.1353012567368124 16 
0005 0007 8 1670918381318935 123.6875 -69.0 0.6749515466696822 16 
0005 0015 8 1670918381323492 -35.75 -68.5 2.5402721847386216 16 
0005 0005 1 1670918381556829 286.4375 -70.5 1.6873788666742053 16 
0005 0004 5 1670918381795330 -10.5625 -64.5 5.565282298449106 16 
0005 0006 5 1670918381804835 -84.625 -69.5 0.018407769454627694 16 
0005 0006 6 1670918381842593 26.0 -64.0 2.6813984172241008 16 
0005 0002 6 1670918381849759 13.0 -63.5 4.491495746929157 16 
0005 0004 6 1670918381855730 -3.25 -54.0 3.5158839658338894 16 
0005 0005 7 1670918381890416 3.25 -59.5 4.430136515413731 16 
0005 0002 7 1670918381906816 78.0625 -67.0 1.2946797849754812 16 
0005 0014 7 1670918381912315 19.5 -67.5 3.822680123411018 16 
0005 0005 8 1670918381946630 30.875 -62.0 2.0493983326152168 16 
0005 0015 8 1670918381948119 188.75 -67.5 2.2150682577068657 16 
0005 0007 8 1670918381968732 71.5625 -69.5 0.6258641614573416 16 
0005 0005 1 1670918382215046 0.0 -71.5 2.2886993355253766 16 
0005 0004 5 1670918382436678 -17.0625 -64.0 5.632777453116074 16 
0005 0006 5 1670918382449319 -13.8125 -68.5 0.09203884727313846 16 
0005 0006 6 1670918382476500 13.0 -64.0 2.8286605728611223 16 
0005 0004 6 1670918382482567 -13.0 -54.0 3.5342917352885173 16 
0005 0002 6 1670918382495453 -45.5625 -63.5 4.608078286808466 16 
0005 0002 7 1670918382533666 -48.8125 -67.0 1.533980787885641 16 
0005 0005 7 1670918382537583 16.25 -60.0 4.405592822807561 16 
0005 0014 7 1670918382538592 -87.875 -67.5 3.9453985864418692 16 
0005 0005 8 1670918382598008 -30.875 -62.0 2.1598449493429825 16 
0005 0015 8 1670918382601487 -55.3125 -68.0 2.5770877236478773 16 
0005 0007 8 1670918382608397 -58.5625 -69.5 0.7547185476397354 16 
0005 0005 1 1670918382861058 -179.0 -70.5 2.350058567040802 16 
0005 0006 2 1670918382941928 -348.25 -71.5 0.8283496254582462 16 
0005 0004 5 1670918383075382 -7.3125 -64.5 5.553010452146021 16 
0005 0006 5 1670918383094094 -6.5 -71.5 0.006135923151542565 16 
0005 0004 6 1670918383128947 0.0 -53.5 3.5342917352885173 16 
0005 0002 6 1670918383138554 -22.75 -63.5 4.534447208989955 16 
0005 0006 6 1670918383144677 -3.25 -64.5 2.7979809571034093 16 
0005 0002 7 1670918383179249 -74.8125 -68.0 1.5401167110371838 16 
0005 0014 7 1670918383188871 39.0 -66.5 3.749049045592507 16 
0005 0005 7 1670918383191429 21.125 -60.0 4.399456899656019 16 
0005 0007 8 1670918383231217 94.375 -69.0 0.5645049299419159 16 
0005 0015 8 1670918383234309 32.5 -68.0 2.350058567040802 16 
0005 0005 8 1670918383241971 -6.5 -62.0 2.098485717827557 16 
0005 0005 1 1670918383538827 205.0625 -72.5 1.7916895602504288 16 
0005 0004 5 1670918383756841 -38.1875 -64.0 5.626641529964532 16 
0005 0006 5 1670918383768888 45.5625 -69.0 6.056156150572511 16 
0005 0004 6 1670918383809390 10.5625 -54.0 3.5158839658338894 16 
0005 0006 6 1670918383819730 -35.75 -64.0 2.7857091108003242 16 
0005 0002 6 1670918383822344 0.0 -64.0 4.540583132141498 16 
0005 0005 7 1670918383856392 3.25 -60.0 4.405592822807561 16 
0005 0002 7 1670918383859878 -9.75 -67.5 1.2946797849754812 16 
0005 0014 7 1670918383876354 169.25 -66.5 3.6386024288647407 16 
0005 0007 8 1670918383905920 58.5625 -70.0 0.521553467881118 16 
0005 0005 8 1670918383922073 9.75 -62.0 2.116893487282185 16 
0005 0015 8 1670918383929770 -120.4375 -68.0 2.6875343403756435 16 
0005 0005 1 1670918384172735 139.125 -70.5 1.9634954084936207 16 
0005 0004 5 1670918384395888 93.5625 -64.0 5.4671075280244255 16 
0005 0006 5 1670918384419596 71.5625 -69.5 0.0 16 
0005 0006 6 1670918384447695 -42.3125 -64.0 2.8409324191642074 16 
0005 0002 6 1670918384450857 58.5625 -63.5 4.466952054322987 16 
0005 0004 6 1670918384457121 -17.0625 -54.0 3.552699504743145 16 
0005 0002 7 1670918384505717 91.125 -68.0 1.368310862793992 16 
0005 0007 7 1670918384509016 250.625 -72.0 1.607611865704152 16 
0005 0014 7 1670918384511226 -65.0625 -66.5 4.000621894805752 16 
0005 0005 7 1670918384517935 -61.8125 -60.0 4.540583132141498 16 
0005 0005 8 1670918384555049 35.75 -62.5 2.067806102069844 16 
0005 0015 8 1670918384564576 71.5625 -68.0 2.313243028131547 16 
0005 0007 8 1670918384567396 -22.75 -70.0 0.6933593161243098 16 
0005 0005 1 1670918384824129 74.8125 -71.5 2.2396119503130363 16 
0005 0006 2 1670918384879736 182.25 -71.5 0.05522330836388308 16 
0005 0004 5 1670918385010666 7.3125 -64.5 5.602097837358362 16 
0005 0006 5 1670918385016583 6.5 -70.5 0.0 16 
0005 0004 6 1670918385073435 -3.25 -54.0 3.5588354278946874 16 
0005 0002 6 1670918385075063 -9.75 -64.0 4.565126824747668 16 
0005 0006 6 1670918385082466 0.0 -64.5 2.736621725587984 16 
0005 0002 7 1670918385115876 38.1875 -68.5 1.4726215563702154 16 
0005 0014 7 1670918385117022 19.5 -67.5 3.877903431774901 16 
0005 0005 7 1670918385132277 -29.25 -60.0 4.509903516383785 16 
0005 0015 8 1670918385179957 126.9375 -68.0 2.2089323345553233 16 
0005 0007 8 1670918385181191 81.375 -69.5 0.607456392002714 16 
0005 0005 8 1670918385185290 19.5 -62.0 2.030990563160589 16 
0005 0005 1 1670918385457370 -260.375 -72.5 2.5709518004963345 16 
0005 0004 5 1670918385669022 -117.9375 -64.0 5.737088146692298 16 
0005 0006 5 1670918385676326 -240.875 -70.0 0.2761165418194154 16 
0005 0002 6 1670918385717147 -6.5 -63.5 4.534447208989955 16 
0005 0004 6 1670918385725048 13.8125 -54.0 3.522019888985432 16 
0005 0006 6 1670918385732751 -9.75 -64.0 2.804116880254952 16 
0005 0002 7 1670918385768745 -45.5625 -67.5 1.3621749396424494 16 
0005 0005 7 1670918385771613 0.0 -59.5 4.485359823777615 16 
0005 0014 7 1670918385785323 -113.875 -67.0 3.988350048502667 16 
0005 0005 8 1670918385829011 -3.25 -61.5 2.086213871524472 16 
0005 0015 8 1670918385838097 3.25 -68.0 2.4911847995262812 16 
0005 0007 8 1670918385845444 -42.3125 -69.0 0.5951845456996288 16 
