0002 0004 1 1670918598412685 13.0 -61.0 3.3379421944391554 15 
0002 0006 1 1670918598428158 -22.75 -68.0 2.2457478734645786 15 
0002 0006 2 1670918598469823 -172.5 -66.0 2.521864415283994 15 
0002 0004 2 1670918598478370 -52.0625 -59.5 3.816544200259475 15 
0002 0007 3 1670918598532724 -9.75 -60.0 4.620350133111551 15 
0002 0005 3 1670918598536545 -34.9375 -59.5 3.448388811166921 15 
0002 0008 3 1670918598539286 35.75 -62.5 1.6198837120072371 15 
0002 0009 3 1670918598565633 -78.0625 -70.5 3.11091303783208 15 
0002 0008 4 1670918598627854 -26.0 -69.0 3.6324665057131984 15 
0002 0005 4 1670918598632391 -21.125 -61.0 0.3620194659410113 15 
0002 0007 6 1670918598736167 81.375 -70.0 1.086058397823034 15 
0002 0005 6 1670918598745167 55.3125 -62.5 2.067806102069844 15 
0002 0006 6 1670918598747232 87.875 -72.0 0.9387962421860124 15 
0002 0006 8 1670918598860012 -55.3125 -70.5 4.902602598082509 15 
0002 0004 1 1670918599104388 3.25 -60.5 3.380893656499953 15 
0002 0006 1 1670918599107730 -16.25 -68.0 2.3071071049800045 15 
0002 0004 2 1670918599175702 6.5 -59.0 3.6876898140770815 15 
0002 0006 2 1670918599176667 110.625 -66.5 2.172116795646068 15 
0002 0008 3 1670918599241460 29.25 -62.0 1.6382914814618648 15 
0002 0005 3 1670918599245477 9.75 -59.0 3.3379421944391554 15 
0002 0007 3 1670918599253273 -35.75 -60.5 4.565126824747668 15 
0002 0009 3 1670918599269708 283.1875 -68.5 2.7857091108003242 15 
0002 0005 4 1670918599337845 17.0625 -61.0 0.25770877236478773 15 
0002 0008 4 1670918599344086 -9.75 -68.5 3.6692820446224537 15 
0002 0006 6 1670918599456351 -299.4375 -71.5 1.705786636128833 15 
0002 0007 6 1670918599459240 55.3125 -70.5 1.2455923997631406 15 
0002 0005 6 1670918599461377 35.75 -62.5 2.1046216409791 15 
0002 0006 8 1670918599573348 35.75 -70.5 4.773748211900116 15 
0002 0004 1 1670918599825302 -19.5 -60.5 3.3747577333484107 15 
0002 0006 1 1670918599841409 -48.8125 -68.0 2.2764274892222915 15 
0002 0004 2 1670918599873352 19.5 -60.0 3.6692820446224537 15 
0002 0006 2 1670918599874260 -211.5625 -66.5 2.5280003384355365 15 
0002 0007 3 1670918599949803 0.0 -60.5 4.534447208989955 15 
0002 0008 3 1670918599952460 16.25 -62.0 1.7241944055834606 15 
0002 0005 3 1670918599962714 10.5625 -59.0 3.393165502803038 15 
0002 0009 3 1670918599967084 188.75 -67.5 3.0066023442558567 15 
0002 0008 4 1670918600027706 6.5 -68.5 3.6754179677739964 15 
0002 0005 4 1670918600041847 13.0 -61.0 0.23930100291016002 15 
0002 0007 6 1670918600178954 143.1875 -71.0 1.0799224746714913 15 
0002 0005 6 1670918600181617 100.875 -62.5 1.9634954084936207 15 
0002 0006 6 1670918600195940 110.625 -72.0 0.9203884727313847 15 
0002 0006 8 1670918600327507 0.0 -68.5 4.73693267299086 15 
0002 0004 1 1670918600559362 -13.0 -62.0 3.5281558121369745 15 
0002 0006 1 1670918600571739 -58.5625 -66.5 2.3009711818284617 15 
0002 0006 2 1670918600620325 16.25 -66.5 2.1659808724945253 15 
0002 0004 2 1670918600626657 -26.0 -60.0 3.7981364308048478 15 
0002 0008 3 1670918600688175 139.9375 -62.5 1.5585244804918115 15 
0002 0007 3 1670918600699200 -94.375 -62.0 4.1417481272912315 15 
0002 0005 3 1670918600703441 -39.0 -58.5 3.890175278077986 15 
0002 0005 4 1670918600770446 35.75 -62.5 0.04295146206079795 15 
0002 0008 4 1670918600781455 -45.5625 -68.5 4.09266074207889 15 
0002 0004 5 1670918600861692 94.375 -70.0 0.9694758579437253 15 
0002 0006 1 1670918601259175 -117.125 -58.5 5.565282298449106 15 
0002 0007 3 1670918601392195 13.0 -57.0 2.098485717827557 15 
0002 0005 3 1670918601405807 52.0625 -69.0 1.1290098598838318 15 
0002 0007 4 1670918601449745 13.0 -62.0 5.835262917116979 15 
0002 0007 5 1670918601497291 -169.25 -69.5 0.17794177139473438 15 
0002 0007 6 1670918601561214 -143.1875 -72.5 5.148039524144211 15 
0002 0004 1 1670918601906998 -81.375 -66.0 5.393476450205914 15 
0002 0006 1 1670918601913973 211.5625 -70.0 1.9573594853420782 15 
0002 0015 3 1670918601995940 26.0 -69.5 2.4605051837685683 15 
0002 0007 3 1670918602006212 -48.8125 -68.0 6.0991076126333095 15 
0002 0007 4 1670918602063097 6.5 -69.0 2.2396119503130363 15 
0002 0007 6 1670918602173556 35.75 -73.5 4.356505437595221 15 
0002 0004 1 1670918602488595 -84.625 -65.5 5.393476450205914 15 
0002 0006 1 1670918602491215 3.25 -65.5 2.988194574801229 15 
0002 0007 3 1670918602607727 -107.375 -68.5 5.976389149602458 15 
0002 0015 3 1670918602613783 149.6875 -68.0 2.2580197197676637 15 
0002 0007 4 1670918602652853 -146.4375 -69.5 2.3009711818284617 15 
0002 0007 6 1670918602755916 -81.375 -73.5 4.319689898685965 15 
0002 0004 1 1670918603103846 -117.125 -66.0 5.424156065963627 15 
0002 0006 1 1670918603105276 -13.0 -64.5 2.9636508821950587 15 
0002 0007 3 1670918603234446 -42.3125 -67.5 5.970253226450915 15 
0002 0015 3 1670918603249259 34.9375 -68.5 2.411417798556228 15 
0002 0007 4 1670918603286969 81.375 -69.5 1.846912868614312 15 
0002 0007 6 1670918603396126 -74.8125 -72.5 4.184699589352029 15 
