0008 0001 1 1670918608596237 114.6875 -66.0 2.024854640009046 4 
0008 0013 1 1670918608598866 9.75 -55.0 2.9513790358919736 4 
0008 0015 1 1670918608599807 133.4375 -71.0 1.7548740213411735 4 
0008 0012 1 1670918608600979 -62.625 -70.0 3.6815538909255388 4 
0008 0009 1 1670918608601882 -9.75 -60.0 5.638913376267617 4 
0008 0005 1 1670918608602860 32.5 -58.5 0.12885438618239387 4 
0008 0010 1 1670918608604805 19.5 -58.0 0.20248546400090464 4 
0008 0011 1 1670918608605935 -21.125 -61.0 1.705786636128833 4 
0008 0007 1 1670918608614633 -16.25 -62.0 3.08636934522591 4 
0008 0004 1 1670918608622165 -79.75 -63.5 4.767612288748572 4 
0008 0008 1 1670918608623069 -100.875 -68.5 4.074252972624263 4 
0008 0000 1 1670918608624527 292.9375 -73.0 4.890330751779424 4 
0008 0014 2 1670918608655931 0.0 -56.5 5.356660911296659 4 
0008 0015 2 1670918608658301 22.75 -68.0 3.9392626632903265 4 
0008 0012 2 1670918608659489 -19.5 -51.5 4.884194828627882 4 
0008 0013 2 1670918608667434 0.0 -54.5 0.9694758579437253 4 
0008 0006 2 1670918608669591 48.8125 -61.0 1.8714565612204823 4 
0008 0011 2 1670918608670550 45.5625 -54.0 5.835262917116979 4 
0008 0001 2 1670918608671551 7.3125 -56.5 5.859806609723149 4 
0008 0005 2 1670918608672485 -13.8125 -56.0 3.552699504743145 4 
0008 0008 2 1670918608674613 445.9375 -69.5 1.8653206380689396 4 
0008 0004 2 1670918608676007 -19.5 -56.5 1.8223691760081417 4 
0008 0009 2 1670918608679902 -17.0625 -67.5 3.7122335066832517 4 
0008 0010 2 1670918608681211 52.0625 -66.0 0.3436116964863836 4 
0008 0005 3 1670918608723011 -48.8125 -59.5 4.01902966426038 4 
0008 0004 3 1670918608723960 -78.0625 -66.5 3.423845118560751 4 
0008 0001 3 1670918608733700 52.0625 -68.0 5.565282298449106 4 
0008 0011 3 1670918608738825 -87.875 -65.0 4.037437433715008 4 
0008 0014 3 1670918608740174 121.25 -68.0 0.1043106935762236 4 
0008 0013 4 1670918608780437 -45.5625 -71.5 4.246058820867455 4 
0008 0007 4 1670918608794013 -208.3125 -73.5 3.485204350076177 4 
0008 0013 5 1670918608836476 107.375 -66.0 1.8653206380689396 4 
0008 0005 5 1670918608846993 26.0 -69.0 3.429981041712294 4 
0008 0004 5 1670918608864439 -94.375 -70.0 3.1784081924990484 4 
0008 0013 6 1670918608906949 -42.3125 -67.0 5.565282298449106 4 
0008 0014 6 1670918608908845 -10.5625 -65.5 5.780039608753096 4 
0008 0004 6 1670918608918711 34.9375 -69.5 0.1043106935762236 4 
0008 0012 6 1670918608926193 -19.5 -67.0 1.9512235621905356 4 
0008 0001 7 1670918608957430 191.1875 -70.0 5.387340527054372 4 
0008 0010 7 1670918608958507 19.5 -62.0 0.02454369260617026 4 
0008 0004 7 1670918608961123 -7.3125 -63.5 3.9760782021995817 4 
0008 0006 7 1670918608964192 65.875 -65.5 5.2339424482658075 4 
0008 0014 7 1670918608966018 -41.5 -62.0 4.565126824747668 4 
0008 0012 7 1670918608970165 26.0 -62.0 1.1474176293384597 4 
0008 0015 7 1670918608987436 -16.25 -70.5 5.485515297479052 4 
0008 0010 8 1670918609042602 -52.0625 -63.5 4.037437433715008 4 
0008 0006 8 1670918609044514 -45.5625 -66.5 4.196971435655114 4 
0008 0012 8 1670918609047814 -27.625 -65.5 3.8963112012295285 4 
0008 0009 8 1670918609048735 -84.625 -68.0 2.5832236467994196 4 
0008 0014 8 1670918609051844 -3.25 -61.5 5.129631754689584 4 
0008 0011 8 1670918609052819 13.8125 -67.5 2.4850488763747385 4 
0008 0004 8 1670918609053993 -13.0 -59.5 4.589670517353839 4 
0008 0008 8 1670918609068119 -227.8125 -74.0 2.1475731030398975 4 
0008 0015 1 1670918609287002 -9.75 -70.5 2.1537090261914402 4 
0008 0011 1 1670918609287906 -21.125 -61.0 1.859184714917397 4 
0008 0010 1 1670918609288841 -16.25 -58.5 0.35588354278946877 4 
0008 0005 1 1670918609292931 -13.8125 -59.0 0.2945243112740431 4 
0008 0001 1 1670918609293837 48.8125 -66.5 2.073942025221387 4 
0008 0013 1 1670918609304529 42.3125 -55.0 2.9513790358919736 4 
0008 0007 1 1670918609305990 -6.5 -61.5 3.0925052683774528 4 
0008 0009 1 1670918609314552 -26.0 -60.0 5.737088146692298 4 
0008 0012 1 1670918609316434 -27.625 -70.0 3.730641276137879 4 
0008 0004 1 1670918609318314 -7.3125 -63.5 4.7307967498393175 4 
0008 0008 1 1670918609320934 -58.5625 -68.5 3.9208548938356986 4 
0008 0000 1 1670918609323599 -195.25 -74.5 5.939573610693203 4 
0008 0014 2 1670918609346983 -9.75 -56.5 5.387340527054372 4 
0008 0005 2 1670918609353486 -21.125 -56.5 3.6017868899554855 4 
0008 0011 2 1670918609354400 -7.3125 -54.0 5.976389149602458 4 
0008 0001 2 1670918609356509 59.375 -57.0 5.798447378207723 4 
0008 0006 2 1670918609357456 30.875 -61.0 2.0371264863121317 4 
0008 0012 2 1670918609358397 0.0 -51.5 4.921010367537137 4 
0008 0013 2 1670918609359883 -6.5 -54.0 1.0062913968529805 4 
0008 0004 2 1670918609362760 26.0 -56.0 1.7732817907958012 4 
0008 0015 2 1670918609364790 32.5 -67.5 3.865631585471816 4 
0008 0010 2 1670918609368579 -61.8125 -66.5 0.5829126993965437 4 
0008 0009 2 1670918609372858 42.3125 -66.5 3.6876898140770815 4 
0008 0008 2 1670918609398102 130.1875 -69.5 2.454369260617026 4 
0008 0005 3 1670918609427280 9.75 -59.5 4.1172044346850605 4 
0008 0014 3 1670918609429542 -45.5625 -68.0 0.23316507975861744 4 
0008 0001 3 1670918609432681 -52.0625 -69.0 6.031612457966341 4 
0008 0011 3 1670918609445387 -93.5625 -67.0 4.172427743048944 4 
0008 0005 5 1670918609566842 -17.0625 -69.5 3.479068426924634 4 
0008 0013 5 1670918609568711 52.0625 -67.0 1.7855536370988863 4 
0008 0004 5 1670918609575510 41.5 -70.0 3.2581751934691017 4 
0008 0004 6 1670918609621554 -13.8125 -69.5 0.07976700097005335 4 
0008 0013 6 1670918609629128 -32.5 -66.5 5.522330836388308 4 
0008 0014 6 1670918609630542 -6.5 -65.5 5.724816300389213 4 
0008 0012 6 1670918609640386 9.75 -68.0 1.846912868614312 4 
0008 0006 7 1670918609692617 -13.0 -66.5 5.252350217720435 4 
0008 0014 7 1670918609694684 9.75 -63.0 4.503767593232243 4 
0008 0001 7 1670918609699078 253.875 -70.0 5.5100589900852235 4 
0008 0010 7 1670918609701271 -29.25 -61.5 0.01227184630308513 4 
0008 0012 7 1670918609702233 55.3125 -61.5 1.0799224746714913 4 
0008 0004 7 1670918609709787 3.25 -64.0 3.8840393549264434 4 
0008 0015 7 1670918609725987 48.8125 -70.5 5.264622064023521 4 
0008 0004 8 1670918609757974 10.5625 -59.0 4.448544284868359 4 
0008 0012 8 1670918609759805 -26.0 -66.0 3.834951969714103 4 
0008 0014 8 1670918609760781 -29.25 -61.5 5.160311370447297 4 
0008 0009 8 1670918609766065 35.75 -67.5 1.846912868614312 4 
0008 0010 8 1670918609771291 29.25 -63.5 3.8288160465625602 4 
0008 0006 8 1670918609774229 -100.875 -66.5 4.227651051412827 4 
0008 0011 8 1670918609778196 -69.125 -69.0 2.5770877236478773 4 
0008 0008 8 1670918609779454 -55.3125 -73.0 1.7732817907958012 4 
0008 0001 1 1670918609998988 41.5 -66.5 2.1905245651006955 4 
0008 0004 1 1670918610002865 -24.375 -63.5 4.743068596142402 4 
0008 0009 1 1670918610005565 -13.0 -61.0 5.3198453723874035 4 
0008 0013 1 1670918610009650 19.5 -55.0 2.9513790358919736 4 
0008 0005 1 1670918610014426 39.0 -59.0 0.18407769454627693 4 
0008 0011 1 1670918610017321 38.1875 -61.0 1.7794177139473437 4 
0008 0007 1 1670918610021484 -19.5 -62.0 3.147728576741336 4 
0008 0010 1 1670918610022447 13.0 -58.0 0.3129320807286708 4 
0008 0012 1 1670918610024821 3.25 -71.5 3.902447124381071 4 
0008 0008 1 1670918610029552 -81.375 -68.0 4.0128937411088375 4 
0008 0015 1 1670918610030761 94.375 -70.5 1.7794177139473437 4 
0008 0000 1 1670918610034659 65.0625 -74.5 5.154175447295755 4 
0008 0001 2 1670918610058524 -27.625 -57.0 5.93343768754166 4 
0008 0014 2 1670918610059966 -45.5625 -57.0 5.45483568172134 4 
0008 0013 2 1670918610060907 0.0 -54.0 1.0185632431560658 4 
0008 0009 2 1670918610064694 45.5625 -69.0 3.0127382674073995 4 
0008 0006 2 1670918610068405 -62.625 -60.5 2.098485717827557 4 
0008 0005 2 1670918610072978 21.125 -56.0 3.5036121195308043 4 
0008 0012 2 1670918610073909 -6.5 -51.0 4.9394181369917645 4 
0008 0004 2 1670918610077772 -13.8125 -56.5 1.902136176978195 4 
0008 0011 2 1670918610078970 -7.3125 -54.0 5.964117303299373 4 
0008 0010 2 1670918610088486 -22.75 -67.0 0.5154175447295755 4 
0008 0015 2 1670918610090737 -9.75 -68.0 3.8840393549264434 4 
0008 0008 2 1670918610095494 179.0 -70.0 2.693670263527186 4 
0008 0001 3 1670918610137862 -152.9375 -68.5 5.970253226450915 4 
0008 0005 3 1670918610152612 -3.25 -60.0 4.154019973594316 4 
0008 0014 3 1670918610161931 126.9375 -69.0 0.02454369260617026 4 
0008 0011 3 1670918610164189 -45.5625 -68.0 4.1601558967458585 4 
0008 0004 3 1670918610165208 -104.125 -68.5 3.8963112012295285 4 
0008 0013 4 1670918610228222 -26.0 -73.0 4.172427743048944 4 
0008 0005 5 1670918610300807 -16.25 -68.0 3.3870295796514958 4 
0008 0004 5 1670918610311312 10.5625 -69.5 2.9022916506796332 4 
0008 0013 5 1670918610313624 13.0 -66.0 1.859184714917397 4 
0008 0012 6 1670918610338475 26.0 -68.0 1.8100973297050567 4 
0008 0014 6 1670918610344014 19.5 -65.5 5.6573211457222445 4 
0008 0013 6 1670918610347778 -29.25 -66.0 5.577554144752192 4 
0008 0004 6 1670918610366519 38.1875 -69.0 0.06135923151542565 4 
0008 0001 7 1670918610386768 -7.3125 -70.5 5.485515297479052 4 
0008 0010 7 1670918610392340 -3.25 -62.0 6.258641614573416 4 
0008 0006 7 1670918610400845 0.0 -66.0 5.2339424482658075 4 
0008 0014 7 1670918610403031 45.5625 -62.5 4.466952054322987 4 
0008 0004 7 1670918610406130 -10.5625 -64.0 3.8717675086233583 4 
0008 0012 7 1670918610408723 -13.0 -62.0 1.1535535524900022 4 
0008 0015 7 1670918610423186 68.3125 -70.5 5.160311370447297 4 
0008 0004 8 1670918610468696 -27.625 -59.5 4.595806440505381 4 
0008 0009 8 1670918610470112 -41.5 -68.0 1.6689710972195777 4 
0008 0006 8 1670918610471060 -55.3125 -67.0 4.239922897715912 4 
0008 0011 8 1670918610472258 -21.125 -69.5 2.4175537217077703 4 
0008 0010 8 1670918610475162 -32.5 -63.0 3.9392626632903265 4 
0008 0008 8 1670918610476876 188.75 -71.5 1.6198837120072371 4 
0008 0014 8 1670918610480687 26.0 -62.0 5.092816215780329 4 
0008 0012 8 1670918610481651 110.625 -66.0 3.650874275167826 4 
0008 0007 1 1670918610716202 -19.5 -61.5 3.2581751934691017 4 
0008 0001 1 1670918610719686 0.0 -66.0 2.429825568010856 4 
0008 0011 1 1670918610721969 30.875 -61.0 1.718058482431918 4 
0008 0005 1 1670918610723410 -10.5625 -59.0 0.2761165418194154 4 
0008 0010 1 1670918610724645 -29.25 -57.5 0.25157284921324513 4 
0008 0004 1 1670918610729474 -93.5625 -64.5 4.970097752749477 4 
0008 0013 1 1670918610730578 13.0 -55.5 2.9636508821950587 4 
0008 0009 1 1670918610731499 16.25 -62.0 5.086680292628786 4 
0008 0000 1 1670918610737882 26.0 -75.0 5.405748296509 4 
0008 0012 1 1670918610742209 -201.8125 -71.0 4.221515128261284 4 
0008 0015 1 1670918610743262 110.625 -70.0 1.9205439464328227 4 
0008 0008 1 1670918610745099 13.0 -66.5 4.166291819897402 4 
0008 0011 2 1670918610779036 3.25 -54.0 5.964117303299373 4 
0008 0014 2 1670918610782224 -29.25 -57.0 5.5284667595398505 4 
0008 0004 2 1670918610785198 -22.75 -56.5 1.9205439464328227 4 
0008 0012 2 1670918610786102 -19.5 -51.0 4.847379289718626 4 
0008 0001 2 1670918610787797 -34.9375 -57.5 0.018407769454627694 4 
0008 0013 2 1670918610789055 -9.75 -54.0 1.0246991663076084 4 
0008 0006 2 1670918610791987 34.9375 -61.0 1.9941750242513334 4 
0008 0005 2 1670918610792933 19.5 -56.5 3.6815538909255388 4 
0008 0015 2 1670918610795009 55.3125 -68.5 4.000621894805752 4 
0008 0010 2 1670918610797625 65.0625 -67.5 0.20248546400090464 4 
0008 0009 2 1670918610807157 -121.25 -69.0 3.0802334220743677 4 
0008 0008 2 1670918610822212 -32.5 -68.0 3.4054373491061236 4 
0008 0014 3 1670918610859700 34.9375 -67.5 0.2761165418194154 4 
0008 0011 3 1670918610864723 41.5 -65.5 4.2092432819582 4 
0008 0001 3 1670918610866181 -125.3125 -66.5 5.313709449235861 4 
0008 0005 3 1670918610876709 -13.8125 -60.0 3.9085830475326135 4 
0008 0004 3 1670918610880173 -87.0625 -69.0 3.890175278077986 4 
0008 0013 4 1670918610929376 6.5 -66.0 4.718524903536232 4 
0008 0007 4 1670918610935450 0.0 -70.5 3.3011266555298997 4 
0008 0014 4 1670918610946573 9.75 -72.5 4.239922897715912 4 
0008 0005 5 1670918610989014 -142.375 -68.0 3.055689729468197 4 
0008 0013 5 1670918611003051 -39.0 -67.5 2.429825568010856 4 
0008 0004 5 1670918611005106 146.4375 -69.5 2.4605051837685683 4 
0008 0013 6 1670918611041699 0.0 -65.5 5.4671075280244255 4 
0008 0012 6 1670918611044036 -3.25 -65.0 2.564815877344792 4 
0008 0014 6 1670918611055491 61.8125 -66.0 0.28838838812250056 4 
0008 0014 7 1670918611097763 -16.25 -60.5 3.6140587362585705 4 
0008 0012 7 1670918611104954 -45.5625 -62.0 0.662679700366597 4 
0008 0006 7 1670918611114314 -34.9375 -66.5 4.718524903536232 4 
0008 0010 7 1670918611116245 -26.0 -60.5 5.632777453116074 4 
0008 0015 7 1670918611119064 104.125 -68.5 5.3198453723874035 4 
0008 0013 7 1670918611120026 32.5 -71.0 2.9820586516496865 4 
0008 0004 7 1670918611124195 13.8125 -65.5 4.301282129231338 4 
0008 0009 8 1670918611158741 -32.5 -68.5 1.7426021750380885 4 
0008 0012 8 1670918611163219 -6.5 -65.0 2.6813984172241008 4 
0008 0010 8 1670918611167766 35.75 -63.5 2.6200391857086753 4 
0008 0011 8 1670918611168653 -45.5625 -67.0 1.2210487071569704 4 
0008 0004 8 1670918611169627 -22.75 -57.0 5.166447293598839 4 
0008 0008 8 1670918611172772 -3.25 -65.5 2.1046216409791 4 
0008 0014 8 1670918611173736 65.0625 -63.5 5.184855063053467 4 
0008 0006 8 1670918611174682 -19.5 -65.5 3.988350048502667 4 
0008 0004 1 1670918611386201 -27.625 -66.5 2.024854640009046 4 
0008 0008 1 1670918611390292 -58.5625 -60.0 3.4177091954092087 4 
0008 0005 1 1670918611391265 -3.25 -52.0 0.8467573949128739 4 
0008 0006 1 1670918611393716 -41.5 -71.0 4.681709364626977 4 
0008 0011 1 1670918611394689 -3.25 -62.0 2.6323110320117604 4 
0008 0010 1 1670918611398118 16.25 -55.5 2.478912953223196 4 
0008 0001 1 1670918611402551 -22.75 -62.0 0.7547185476397354 4 
0008 0012 1 1670918611403511 9.75 -57.5 5.577554144752192 4 
0008 0009 1 1670918611406647 78.0625 -62.5 1.6996507129772904 4 
0008 0000 1 1670918611410920 22.75 -69.0 1.7978254834019713 4 
0008 0013 1 1670918611412833 19.5 -66.5 4.718524903536232 4 
0008 0007 1 1670918611416496 42.3125 -70.0 3.3440781175906977 4 
0008 0005 2 1670918611445917 55.3125 -61.5 0.09203884727313846 4 
0008 0004 2 1670918611448027 110.625 -63.0 5.148039524144211 4 
0008 0010 2 1670918611450618 -162.75 -68.0 4.700117134081604 4 
0008 0001 2 1670918611451660 -3.25 -50.0 1.748738098189631 4 
0008 0008 2 1670918611453332 -16.25 -54.5 3.552699504743145 4 
0008 0013 2 1670918611454505 16.25 -61.5 3.184544115650591 4 
0008 0014 2 1670918611456457 3.25 -57.5 3.5036121195308043 4 
0008 0011 2 1670918611458417 55.3125 -56.5 2.6200391857086753 4 
0008 0006 2 1670918611459633 131.8125 -63.0 2.8654761117703775 4 
0008 0000 2 1670918611460954 42.3125 -65.0 4.914874444385594 4 
0008 0015 2 1670918611467340 29.25 -64.5 2.82252464970958 4 
0008 0005 3 1670918611497750 26.0 -61.0 6.019340611663256 4 
0008 0014 3 1670918611502145 -183.875 -70.0 6.252505691421874 4 
0008 0000 4 1670918611547706 19.5 -70.0 1.184233168247715 4 
0008 0004 4 1670918611555691 -201.8125 -70.0 6.160466844148735 4 
0008 0006 6 1670918611647820 -59.375 -62.5 3.429981041712294 4 
0008 0004 7 1670918611697185 -84.625 -67.0 0.3313398501832985 4 
0008 0015 7 1670918611698492 -45.5625 -66.5 4.558990901596125 4 
0008 0008 7 1670918611702159 16.25 -61.5 2.1905245651006955 4 
0008 0011 7 1670918611706371 -55.3125 -69.5 2.0064468705544187 4 
0008 0006 7 1670918611707288 69.125 -63.0 2.4911847995262812 4 
0008 0014 7 1670918611710459 -38.1875 -61.5 4.0558452031696355 4 
0008 0009 7 1670918611712047 -39.0 -63.0 4.657165672020807 4 
0008 0010 7 1670918611725020 -3.25 -70.0 5.829126993965437 4 
0008 0011 8 1670918611756426 13.8125 -65.5 5.9518454569962875 4 
0008 0010 8 1670918611758351 29.25 -60.0 1.7671458676442586 4 
0008 0001 8 1670918611761085 -142.375 -69.0 3.552699504743145 4 
0008 0002 8 1670918611764602 110.625 -70.5 1.2640001692177683 4 
0008 0004 8 1670918611771478 -26.0 -59.5 5.626641529964532 4 
0008 0008 8 1670918611775368 -61.8125 -69.0 2.116893487282185 4 
0008 0005 8 1670918611779549 117.9375 -72.0 3.0495538063166547 4 
0008 0000 8 1670918611781737 39.0 -68.0 1.1719613219446299 4 
0008 0014 8 1670918611782641 16.25 -67.5 6.025476534814799 4 
0008 0001 1 1670918611997409 45.5625 -64.5 2.172116795646068 4 
0008 0008 1 1670918611998471 6.5 -63.0 3.08636934522591 4 
0008 0010 1 1670918611999890 -13.0 -65.0 4.546719055293041 4 
0008 0000 1 1670918612003085 -29.25 -70.0 5.835262917116979 4 
0008 0015 1 1670918612005004 -26.0 -71.0 5.5714182216006485 4 
0008 0005 1 1670918612006942 3.25 -58.5 2.6813984172241008 4 
0008 0004 1 1670918612007933 19.5 -60.0 6.2034183062095325 4 
0008 0011 1 1670918612008880 -27.625 -66.0 3.773592738198677 4 
0008 0009 1 1670918612009809 0.0 -69.5 1.3928545554001621 4 
0008 0005 2 1670918612049326 -131.8125 -59.5 6.270913460876501 4 
0008 0015 2 1670918612050233 -152.9375 -64.5 3.6876898140770815 4 
0008 0001 2 1670918612051716 -65.0625 -63.5 1.7794177139473437 4 
0008 0007 2 1670918612052892 68.3125 -61.5 1.718058482431918 4 
0008 0014 2 1670918612055554 -22.75 -58.0 4.074252972624263 4 
0008 0004 2 1670918612058346 284.8125 -65.5 0.2945243112740431 4 
0008 0000 2 1670918612060655 97.625 -65.5 5.945709533844745 4 
0008 0010 2 1670918612061969 22.75 -63.5 1.533980787885641 4 
0008 0013 2 1670918612077921 -172.5 -69.5 0.3620194659410113 4 
0008 0005 3 1670918612107758 -87.0625 -66.5 5.620505606812989 4 
0008 0004 4 1670918612167581 48.8125 -69.5 0.1595340019401067 4 
0008 0000 4 1670918612168520 52.0625 -66.5 2.1782527187976104 4 
0008 0007 4 1670918612178624 42.3125 -67.5 5.418020142812084 4 
0008 0006 6 1670918612268540 -34.9375 -64.0 5.006913291658733 4 
0008 0008 7 1670918612306849 39.0 -59.0 1.9512235621905356 4 
0008 0015 7 1670918612309727 9.75 -68.5 4.7307967498393175 4 
0008 0009 7 1670918612313485 -45.5625 -64.0 4.344233591292136 4 
0008 0011 7 1670918612320226 17.0625 -70.0 2.350058567040802 4 
0008 0004 7 1670918612326486 -30.875 -65.5 5.577554144752192 4 
0008 0006 7 1670918612328268 3.25 -63.5 2.2150682577068657 4 
0008 0014 7 1670918612330927 7.3125 -60.5 4.006757817957295 4 
0008 0010 7 1670918612332516 -22.75 -70.5 5.497787143782138 4 
0008 0001 8 1670918612359782 21.125 -70.5 3.730641276137879 4 
0008 0014 8 1670918612364724 -90.3125 -64.0 5.71868037723767 4 
0008 0004 8 1670918612365922 -10.5625 -59.0 5.141903600992669 4 
0008 0011 8 1670918612366842 -59.375 -65.5 5.939573610693203 4 
0008 0010 8 1670918612369977 -6.5 -61.0 1.564660403643354 4 
0008 0000 8 1670918612373718 -6.5 -67.5 1.0615147052168636 4 
0008 0008 8 1670918612378494 -45.5625 -67.5 2.0923497946760143 4 
0008 0002 8 1670918612379474 29.25 -73.0 1.1290098598838318 4 
0008 0005 8 1670918612383191 -13.8125 -74.0 2.9575149590435164 4 
0008 0004 1 1670918612610023 3.25 -60.0 6.2463697682703305 4 
0008 0010 1 1670918612612642 61.8125 -65.5 4.583534594202296 4 
0008 0001 1 1670918612613544 -27.625 -62.5 2.3439226438892597 4 
0008 0005 1 1670918612616386 -32.5 -60.5 2.2948352586769194 4 
0008 0008 1 1670918612621376 -13.0 -60.0 3.3502140407422405 4 
0008 0009 1 1670918612623045 -29.25 -66.5 1.6260196351587797 4 
0008 0011 1 1670918612627115 -24.375 -66.5 3.6999616603801666 4 
0008 0015 1 1670918612629652 123.6875 -69.5 5.559146375297564 4 
0008 0007 1 1670918612633885 -117.125 -71.0 5.706408530934585 4 
0008 0008 2 1670918612659046 130.1875 -69.5 5.706408530934585 4 
0008 0005 2 1670918612660420 -3.25 -63.5 5.724816300389213 4 
0008 0013 2 1670918612661596 26.0 -72.0 6.264777537724958 4 
0008 0014 2 1670918612663279 -16.25 -57.5 3.8533597391687304 4 
0008 0015 2 1670918612664711 -61.8125 -64.0 3.1661363461959633 4 
0008 0001 2 1670918612667274 48.8125 -62.0 1.0921943209745766 4 
0008 0010 2 1670918612668353 104.125 -62.5 1.337631247036279 4 
0008 0000 2 1670918612669516 -42.3125 -68.5 0.30679615757712825 4 
0008 0007 2 1670918612670964 81.375 -62.5 1.7794177139473437 4 
0008 0004 2 1670918612673084 -30.875 -63.5 1.2087768608538851 4 
0008 0005 3 1670918612708218 -79.75 -62.5 0.04295146206079795 4 
0008 0007 4 1670918612763159 9.75 -66.0 0.4172427743048944 4 
0008 0000 4 1670918612765306 -32.5 -66.0 3.2090878082567613 4 
0008 0005 4 1670918612770378 7.3125 -71.0 5.00077736850719 4 
0008 0004 4 1670918612777166 -128.5625 -70.5 0.16566992509164924 4 
0008 0006 6 1670918612868325 7.3125 -65.0 4.693981210930062 4 
0008 0015 7 1670918612911231 -35.75 -68.0 4.841243366567084 4 
0008 0014 7 1670918612913861 -16.25 -60.5 3.933126740138784 4 
0008 0009 7 1670918612915742 -3.25 -64.0 4.3074180523828804 4 
0008 0010 7 1670918612918127 117.125 -69.5 5.043728830567988 4 
0008 0006 7 1670918612922566 -21.125 -62.5 2.5770877236478773 4 
0008 0008 7 1670918612925660 -22.75 -58.5 1.6689710972195777 4 
0008 0011 7 1670918612927599 0.0 -70.5 2.1537090261914402 4 
0008 0004 7 1670918612930150 170.0625 -68.0 4.466952054322987 4 
0008 0000 8 1670918612961639 42.3125 -67.5 0.803805932852076 4 
0008 0010 8 1670918612963666 45.5625 -63.0 1.5953400194010667 4 
0008 0011 8 1670918612964611 10.5625 -66.0 5.737088146692298 4 
0008 0014 8 1670918612966764 13.0 -65.0 5.743224069843841 4 
0008 0004 8 1670918612970642 -24.375 -59.5 4.914874444385594 4 
0008 0005 8 1670918612972670 107.375 -72.5 1.902136176978195 4 
0008 0008 8 1670918612973646 100.875 -71.0 2.356194490192345 4 
0008 0002 8 1670918612975969 22.75 -71.0 6.1420590746941075 4 
0008 0008 1 1670918613196190 -35.75 -60.5 3.933126740138784 4 
0008 0009 1 1670918613198740 -87.875 -67.0 1.7732817907958012 4 
0008 0001 1 1670918613199923 3.25 -58.5 2.564815877344792 4 
0008 0015 1 1670918613201956 68.3125 -69.0 5.595961914206819 4 
0008 0010 1 1670918613204386 104.125 -68.5 4.430136515413731 4 
0008 0004 1 1670918613205783 16.25 -59.0 0.28225246497095796 4 
0008 0005 1 1670918613209669 21.125 -60.0 2.0493983326152168 4 
0008 0011 1 1670918613212197 34.9375 -67.5 3.8717675086233583 4 
0008 0007 1 1670918613214087 -117.125 -69.5 5.080544369477243 4 
0008 0005 2 1670918613247689 -59.375 -65.0 5.749359992995383 4 
0008 0007 2 1670918613249663 -6.5 -62.0 1.761009944492716 4 
0008 0008 2 1670918613250896 -152.9375 -66.5 6.12365130523948 4 
0008 0014 2 1670918613251843 -45.5625 -58.5 4.000621894805752 4 
0008 0015 2 1670918613253958 94.375 -64.0 2.9697868053466014 4 
0008 0004 2 1670918613256455 0.0 -61.5 1.4603497100671303 4 
0008 0001 2 1670918613257422 -78.0625 -60.5 1.5462526341887264 4 
0008 0010 2 1670918613260073 -52.0625 -64.0 1.859184714917397 4 
0008 0013 2 1670918613264497 74.8125 -70.5 6.240233845118788 4 
0008 0009 3 1670918613300108 -195.25 -68.0 4.264466590322082 4 
0008 0005 3 1670918613304994 104.125 -62.5 0.04908738521234052 4 
0008 0004 4 1670918613349367 152.9375 -72.0 6.037748381117884 4 
0008 0007 4 1670918613352216 16.25 -66.0 0.44178646691106466 4 
0008 0000 4 1670918613362362 26.0 -65.5 3.479068426924634 4 
0008 0005 4 1670918613369254 -237.5625 -70.5 5.332117218690489 4 
0008 0006 6 1670918613480725 -30.875 -66.5 4.276738436625168 4 
0008 0014 7 1670918613511850 -10.5625 -60.5 3.9392626632903265 4 
0008 0015 7 1670918613515988 -117.125 -68.0 5.0682725231741586 4 
0008 0004 7 1670918613517388 -74.8125 -70.5 4.485359823777615 4 
0008 0009 7 1670918613518620 -58.5625 -64.0 4.4362724385652745 4 
0008 0008 7 1670918613520246 9.75 -58.0 1.5707963267948966 4 
0008 0006 7 1670918613521462 13.8125 -61.5 2.564815877344792 4 
0008 0011 7 1670918613524806 7.3125 -71.0 1.9266798695843652 4 
0008 0010 7 1670918613526327 -81.375 -69.5 5.602097837358362 4 
0008 0002 8 1670918613557185 179.0 -70.5 5.773903685601553 4 
0008 0005 8 1670918613561080 -3.25 -73.0 1.945087639038993 4 
0008 0008 8 1670918613564641 -71.5625 -71.0 2.6998061866787286 4 
0008 0011 8 1670918613565643 -73.1875 -66.0 5.9518454569962875 4 
0008 0014 8 1670918613567796 24.375 -65.0 5.780039608753096 4 
0008 0000 8 1670918613568705 65.0625 -68.5 0.9387962421860124 4 
0008 0004 8 1670918613572964 -38.1875 -60.5 5.037592907416445 4 
0008 0010 8 1670918613576407 3.25 -63.5 1.9941750242513334 4 
