0002 0004 1 1670920885411365 -3.25 -70.5 1.030835089459151 17 
0002 0015 3 1670920885546394 -71.5625 -67.5 4.405592822807561 17 
0002 0014 3 1670920885554058 100.875 -69.5 5.706408530934585 17 
0002 0004 4 1670920885588507 94.375 -61.5 6.22182607566416 17 
0002 0007 4 1670920885594858 -26.0 -72.5 0.006135923151542565 17 
0002 0006 4 1670920885600836 35.75 -63.5 1.4726215563702154 17 
0002 0015 4 1670920885604069 68.3125 -68.0 0.5706408530934585 17 
0002 0005 5 1670920885636647 -250.625 -69.0 6.019340611663256 17 
0002 0015 5 1670920885638074 -39.0 -65.5 5.270757987175063 17 
0002 0007 5 1670920885644535 -3.25 -63.5 4.331961744989051 17 
0002 0006 5 1670920885648705 26.0 -62.0 1.4419419406125027 17 
0002 0014 5 1670920885649864 16.25 -67.5 3.56497135104623 17 
0002 0004 5 1670920885653981 -94.375 -68.0 4.01902966426038 17 
0002 0007 6 1670920885677852 0.0 -57.5 4.1172044346850605 17 
0002 0005 6 1670920885691013 6.5 -68.5 2.6691265709210157 17 
0002 0014 6 1670920885691935 87.875 -69.5 5.203262832508095 17 
0002 0015 6 1670920885697161 55.3125 -66.0 1.6321555583103222 17 
0002 0008 6 1670920885698468 113.875 -70.5 1.4664856332186729 17 
0002 0007 7 1670920885726877 26.0 -63.0 2.9575149590435164 17 
0002 0014 7 1670920885752995 -32.5 -72.0 5.8045833013592665 17 
0002 0004 1 1670920886067478 52.0625 -70.0 0.9081166264282996 17 
0002 0014 3 1670920886200646 55.3125 -69.5 5.755495916146925 17 
0002 0015 3 1670920886211436 48.8125 -66.0 4.3074180523828804 17 
0002 0015 4 1670920886254263 156.1875 -67.5 0.380427235395639 17 
0002 0007 4 1670920886261006 100.875 -72.5 6.000932842208628 17 
0002 0004 4 1670920886265224 39.0 -62.0 0.05522330836388308 17 
0002 0006 4 1670920886266457 32.5 -63.5 1.4848934026733007 17 
0002 0015 5 1670920886295915 91.125 -66.5 4.970097752749477 17 
0002 0014 5 1670920886300240 29.25 -69.0 3.6079228131070282 17 
0002 0004 5 1670920886303562 -104.125 -68.0 3.9085830475326135 17 
0002 0005 5 1670920886306616 21.125 -70.5 5.8045833013592665 17 
0002 0007 5 1670920886307640 -55.3125 -64.0 4.239922897715912 17 
0002 0006 5 1670920886313379 -3.25 -62.0 1.4848934026733007 17 
0002 0015 6 1670920886353323 3.25 -66.0 1.718058482431918 17 
0002 0007 6 1670920886355220 9.75 -57.5 4.123340357836604 17 
0002 0005 6 1670920886360286 -9.75 -68.0 2.564815877344792 17 
0002 0014 6 1670920886361194 -42.3125 -70.0 5.405748296509 17 
0002 0008 6 1670920886362414 -117.125 -70.0 1.6812429435226628 17 
0002 0007 7 1670920886398497 29.25 -63.0 2.9513790358919736 17 
0002 0014 7 1670920886415191 133.4375 -72.5 5.7616318392984684 17 
0002 0004 1 1670920886723264 -29.25 -70.5 0.7547185476397354 17 
0002 0015 3 1670920886843657 -159.5 -67.5 4.528311285838413 17 
0002 0014 3 1670920886860889 -169.25 -70.0 5.546874528994478 17 
0002 0007 4 1670920886886154 -87.875 -71.5 0.03681553890925539 17 
0002 0004 4 1670920886890785 9.75 -62.5 0.09817477042468103 17 
0002 0015 4 1670920886894768 -29.25 -68.0 0.7915340865489908 17 
0002 0006 4 1670920886903667 9.75 -63.0 1.564660403643354 17 
0002 0007 5 1670920886938619 -58.5625 -63.5 4.289010282928253 17 
0002 0014 5 1670920886946022 -91.125 -68.5 3.6017868899554855 17 
0002 0004 5 1670920886946929 26.0 -67.5 3.5772431973493153 17 
0002 0006 5 1670920886950045 52.0625 -62.5 1.3314953238847365 17 
0002 0015 5 1670920886951189 -94.375 -66.5 5.252350217720435 17 
0002 0005 5 1670920886959492 170.0625 -69.0 5.620505606812989 17 
0002 0007 6 1670920886986349 16.25 -57.5 4.074252972624263 17 
0002 0015 6 1670920886992424 -13.0 -66.0 1.7426021750380885 17 
0002 0014 6 1670920886996729 74.8125 -69.5 5.086680292628786 17 
0002 0005 6 1670920887006356 13.8125 -68.0 2.497320722677824 17 
0002 0008 6 1670920887009745 81.375 -70.0 1.5033011721279284 17 
0002 0007 7 1670920887042659 0.0 -63.5 3.0066023442558567 17 
0002 0014 7 1670920887058810 -22.75 -72.5 6.013204688511713 17 
0002 0004 1 1670920887354469 68.3125 -69.5 1.2946797849754812 17 
0002 0006 3 1670920887487604 -45.5625 -68.5 2.030990563160589 17 
0002 0015 3 1670920887489472 61.8125 -70.0 3.9269908169872414 17 
0002 0004 4 1670920887530528 22.75 -54.5 1.2333205534600555 17 
0002 0007 4 1670920887532046 -9.75 -65.5 5.651185222570702 17 
0002 0006 4 1670920887533011 16.25 -56.5 2.1598449493429825 17 
0002 0015 4 1670920887538477 90.3125 -71.5 6.1850105367549055 17 
0002 0001 4 1670920887543929 267.6875 -74.5 0.05522330836388308 17 
0002 0008 4 1670920887545982 42.3125 -68.0 1.748738098189631 17 
0002 0000 4 1670920887550304 -26.0 -69.5 1.380582709097077 17 
0002 0014 5 1670920887577279 146.4375 -73.0 1.576932249946439 17 
0002 0005 5 1670920887580422 -39.0 -62.5 2.791845033951867 17 
0002 0007 5 1670920887584003 -149.6875 -68.0 2.2580197197676637 17 
0002 0004 5 1670920887585849 39.0 -65.5 4.902602598082509 17 
0002 0015 5 1670920887593779 -58.5625 -70.0 4.516039439535327 17 
0002 0008 5 1670920887595806 -61.8125 -63.0 3.56497135104623 17 
0002 0006 5 1670920887598501 -45.5625 -65.0 2.705942109830271 17 
0002 0007 6 1670920887640369 -29.25 -55.5 5.325981295538946 17 
0002 0006 6 1670920887645569 -107.375 -72.0 5.080544369477243 17 
0002 0008 6 1670920887649333 3.25 -67.5 1.8960002538266525 17 
0002 0005 7 1670920887698878 131.8125 -67.5 0.15339807878856412 17 
0002 0007 7 1670920887700713 3.25 -62.5 0.09203884727313846 17 
0002 0005 8 1670920887765216 -3.25 -70.5 5.546874528994478 17 
0002 0007 8 1670920887773884 -52.0625 -66.5 2.2396119503130363 17 
0002 0007 1 1670920887998101 -117.125 -71.0 4.546719055293041 17 
0002 0004 1 1670920888020514 -13.0 -59.0 4.571262747899211 17 
0002 0005 1 1670920888021419 45.5625 -71.5 0.9387962421860124 17 
0002 0004 2 1670920888095656 -74.8125 -66.0 3.0372819600135696 17 
0002 0004 3 1670920888152307 -42.3125 -63.0 3.472932503773092 17 
0002 0005 3 1670920888161897 299.4375 -70.0 5.516194913236766 17 
0002 0006 3 1670920888182538 42.3125 -69.5 1.337631247036279 17 
0002 0007 4 1670920888220629 55.3125 -69.5 0.619728238305799 17 
0002 0008 4 1670920888222778 3.25 -68.5 5.8659425328746915 17 
0002 0006 4 1670920888232293 91.125 -66.0 0.30066023442558565 17 
0002 0004 4 1670920888233491 0.0 -62.0 3.2704470397721868 17 
0002 0005 4 1670920888239864 117.125 -70.5 0.07363107781851078 17 
0002 0008 5 1670920888277403 -39.0 -64.0 4.430136515413731 17 
0002 0005 5 1670920888278959 -32.5 -64.5 4.706253057233147 17 
0002 0009 5 1670920888285082 39.0 -67.0 4.651029748869264 17 
0002 0006 5 1670920888289008 26.0 -68.0 4.442408361716817 17 
0002 0005 6 1670920888328408 0.0 -58.0 0.7117670855789375 17 
0002 0006 6 1670920888340643 126.9375 -72.0 2.6323110320117604 17 
0002 0008 6 1670920888344223 -45.5625 -67.0 0.14726215563702155 17 
0002 0009 6 1670920888351568 13.0 -68.5 6.227961998815704 17 
0002 0004 6 1670920888353400 -48.8125 -72.0 0.9265243958829272 17 
0002 0005 7 1670920888387277 -13.0 -64.0 0.4049709280018093 17 
0002 0007 7 1670920888388424 -9.75 -62.0 0.06135923151542565 17 
0002 0004 7 1670920888417357 29.25 -68.5 1.4051264017032472 17 
0002 0007 8 1670920888453062 55.3125 -63.0 2.2089323345553233 17 
0002 0005 8 1670920888453965 -34.9375 -71.5 5.436427912266712 17 
0002 0006 1 1670920888709463 162.75 -67.5 0.6504078540635119 17 
0002 0004 1 1670920888732108 0.0 -63.0 2.3009711818284617 17 
0002 0004 2 1670920888800676 -13.0 -70.5 6.270913460876501 17 
0002 0004 3 1670920888835701 32.5 -62.0 1.8775924843720249 17 
0002 0007 3 1670920888850751 -22.75 -68.0 4.270602513473625 17 
0002 0006 3 1670920888859827 -81.375 -69.0 1.3008157081270237 17 
0002 0004 4 1670920888907470 58.5625 -63.0 2.073942025221387 17 
0002 0006 4 1670920888914844 58.5625 -64.5 1.1228739367322893 17 
0002 0005 4 1670920888925897 13.8125 -68.5 1.2578642460662257 17 
0002 0009 4 1670920888937488 -78.0625 -75.0 3.773592738198677 17 
0002 0008 4 1670920888938902 -3.25 -71.0 0.5092816215780329 17 
0002 0005 5 1670920888965936 -34.9375 -60.5 5.393476450205914 17 
0002 0006 5 1670920888982564 136.6875 -68.5 4.601942363656923 17 
0002 0009 5 1670920888989410 39.0 -70.0 3.356349963893783 17 
0002 0008 5 1670920888990627 -45.5625 -65.5 4.516039439535327 17 
0002 0014 5 1670920888991918 149.6875 -71.0 1.1351457830353744 17 
0002 0007 6 1670920889027204 -19.5 -63.5 3.80427235395639 17 
0002 0004 6 1670920889030164 -42.3125 -71.5 0.0 17 
0002 0008 6 1670920889034828 3.25 -67.5 0.23316507975861744 17 
0002 0005 6 1670920889036042 13.8125 -57.5 1.5033011721279284 17 
0002 0006 6 1670920889041109 -195.25 -71.5 4.430136515413731 17 
0002 0009 6 1670920889044763 -32.5 -71.0 4.424000592262189 17 
0002 0005 7 1670920889083228 -9.75 -66.0 0.1043106935762236 17 
0002 0004 7 1670920889089612 35.75 -66.0 0.9019807032767571 17 
0002 0007 7 1670920889096814 -244.125 -67.5 5.375068680751287 17 
0002 0007 8 1670920889144537 3.25 -62.5 1.4971652489763858 17 
0002 0004 8 1670920889157563 133.4375 -70.0 0.7547185476397354 17 
0002 0006 1 1670920889387308 9.75 -67.5 0.9326603190344698 17 
0002 0004 1 1670920889392272 19.5 -63.0 1.9634954084936207 17 
0002 0004 2 1670920889498836 48.8125 -71.0 5.663457068873787 17 
0002 0006 2 1670920889529344 -305.9375 -71.5 5.688000761479957 17 
0002 0004 3 1670920889578769 22.75 -61.0 1.8162332528565992 17 
0002 0005 3 1670920889580382 312.4375 -70.5 5.540738605842936 17 
0002 0007 3 1670920889605752 -13.0 -69.0 4.1601558967458585 17 
0002 0006 3 1670920889608553 6.5 -68.0 1.0615147052168636 17 
0002 0004 4 1670920889657594 52.0625 -62.0 2.000310947402876 17 
0002 0005 4 1670920889658653 17.0625 -68.5 0.6381360077604268 17 
0002 0006 4 1670920889665093 22.75 -65.5 0.760854470791278 17 
0002 0008 4 1670920889666399 -65.0625 -70.0 0.48473792897186263 17 
0002 0006 5 1670920889697621 -6.5 -66.0 4.743068596142402 17 
0002 0009 5 1670920889699956 61.8125 -68.5 3.497476196379262 17 
0002 0005 5 1670920889711767 -29.25 -62.0 5.45483568172134 17 
0002 0008 5 1670920889712928 65.0625 -65.0 4.516039439535327 17 
0002 0004 5 1670920889714673 250.625 -72.5 5.387340527054372 17 
0002 0015 5 1670920889720705 -208.3125 -71.0 2.1230294104337273 17 
0002 0014 5 1670920889724118 -71.5625 -70.0 1.325359400733194 17 
0002 0007 6 1670920889756849 -48.8125 -64.0 3.380893656499953 17 
0002 0005 6 1670920889760396 21.125 -57.5 1.337631247036279 17 
0002 0009 6 1670920889768341 -71.5625 -70.5 4.657165672020807 17 
0002 0004 6 1670920889776085 104.125 -70.0 0.23930100291016002 17 
0002 0006 6 1670920889777560 -52.0625 -71.0 4.405592822807561 17 
0002 0008 6 1670920889789131 -13.0 -68.0 0.4172427743048944 17 
0002 0005 7 1670920889822213 13.0 -66.0 0.11658253987930872 17 
0002 0007 7 1670920889848146 -26.0 -66.0 5.356660911296659 17 
0002 0004 7 1670920889851308 22.75 -67.0 1.141281706186917 17 
0002 0007 8 1670920889897358 3.25 -62.0 1.4848934026733007 17 
0002 0004 8 1670920889898294 -22.75 -70.0 0.9142525495798421 17 
0002 0006 1 1670920890141895 19.5 -68.0 0.8222137023067037 17 
0002 0004 1 1670920890143569 32.5 -64.0 1.8100973297050567 17 
0002 0005 3 1670920890305880 7.3125 -70.5 5.798447378207723 17 
0002 0004 3 1670920890315770 9.75 -61.0 1.8653206380689396 17 
0002 0006 3 1670920890328416 45.5625 -68.5 0.9694758579437253 17 
0002 0007 3 1670920890339138 6.5 -70.5 4.356505437595221 17 
0002 0005 4 1670920890374374 152.9375 -68.5 0.48473792897186263 17 
0002 0006 4 1670920890380846 -13.0 -65.5 0.705631162427395 17 
0002 0004 4 1670920890392891 52.0625 -61.0 2.030990563160589 17 
0002 0008 4 1670920890403880 78.0625 -69.0 0.09817477042468103 17 
