0005 0005 1 1670918673760416 -62.625 -70.5 0.7669903939428205 13 
0005 0013 1 1670918673765554 -42.3125 -67.5 2.5893595699509624 13 
0005 0012 1 1670918673768527 -13.0 -66.0 5.780039608753096 13 
0005 0007 2 1670918673798091 -133.4375 -71.0 6.086835766330224 13 
0005 0013 2 1670918673806508 -42.3125 -64.0 6.160466844148735 13 
0005 0012 2 1670918673821096 100.875 -70.0 4.111068511533518 13 
0005 0004 2 1670918673823116 69.125 -68.0 4.4362724385652745 13 
0005 0015 2 1670918673834338 48.8125 -69.5 1.1351457830353744 13 
0005 0013 3 1670918673899363 -214.8125 -71.0 5.988660995905543 13 
0005 0014 4 1670918673935976 16.25 -69.0 2.988194574801229 13 
0005 0012 4 1670918673945608 -52.0625 -71.5 2.270291566070749 13 
0005 0005 4 1670918673948568 69.125 -68.5 2.497320722677824 13 
0005 0004 4 1670918673952867 -62.625 -69.0 5.749359992995383 13 
0005 0006 5 1670918673995906 0.0 -62.5 0.5092816215780329 13 
0005 0010 5 1670918674011941 -110.625 -68.0 4.454680208019902 13 
0005 0015 5 1670918674019508 107.375 -68.5 2.2518837966161214 13 
0005 0004 5 1670918674020467 -10.5625 -66.5 6.17273869045182 13 
0005 0004 6 1670918674053356 -21.125 -54.0 5.724816300389213 13 
0005 0012 6 1670918674063403 19.5 -62.0 1.3069516312785663 13 
0005 0015 6 1670918674064638 -6.5 -68.0 6.17273869045182 13 
0005 0006 6 1670918674067526 -22.75 -56.0 5.258486140871978 13 
0005 0014 6 1670918674069679 156.1875 -69.5 3.2397674240144743 13 
0005 0007 6 1670918674070658 22.75 -72.5 1.0246991663076084 13 
0005 0013 6 1670918674071807 -32.5 -64.5 4.988505522204105 13 
0005 0011 7 1670918674110398 -26.0 -60.5 4.663301595172349 13 
0005 0000 7 1670918674111350 231.0625 -68.0 0.8713010875190442 13 
0005 0015 7 1670918674123616 35.75 -62.5 2.030990563160589 13 
0005 0005 7 1670918674126544 -16.25 -53.5 5.497787143782138 13 
0005 0014 7 1670918674129318 6.5 -60.0 1.4910293258248433 13 
0005 0012 7 1670918674133137 110.625 -67.0 1.055378782065321 13 
0005 0009 7 1670918674134073 65.0625 -69.0 0.47860200582032003 13 
0005 0007 8 1670918674177937 32.5 -63.0 1.423534171157875 13 
0005 0005 8 1670918674180214 22.75 -59.0 2.1598449493429825 13 
0005 0011 8 1670918674182312 -65.0625 -69.5 3.0250101137104846 13 
0005 0013 8 1670918674185502 -143.1875 -71.5 3.472932503773092 13 
0005 0015 8 1670918674192538 16.25 -64.5 1.5585244804918115 13 
0005 0012 1 1670918674424971 -35.75 -66.0 5.829126993965437 13 
0005 0013 1 1670918674432980 13.0 -67.5 2.5341362615870793 13 
0005 0005 1 1670918674440019 -62.625 -71.5 0.6994952392758523 13 
0005 0013 2 1670918674476320 -16.25 -64.5 6.19728238305799 13 
0005 0012 2 1670918674481064 -29.25 -69.0 4.270602513473625 13 
0005 0004 2 1670918674483937 3.25 -68.0 4.503767593232243 13 
0005 0007 2 1670918674489821 -139.9375 -71.0 6.277049384028044 13 
0005 0013 3 1670918674558511 -48.8125 -70.5 5.853670686571607 13 
0005 0014 4 1670918674628937 -133.4375 -69.5 3.141592653589793 13 
0005 0004 4 1670918674636144 -52.0625 -70.0 5.859806609723149 13 
0005 0005 4 1670918674648716 -29.25 -68.0 2.6139032625571326 13 
0005 0012 4 1670918674654625 94.375 -70.5 2.030990563160589 13 
0005 0015 5 1670918674684999 6.5 -68.0 2.2027964114037806 13 
0005 0004 5 1670918674690672 39.0 -66.0 6.080699843178682 13 
0005 0006 5 1670918674695227 39.0 -63.0 0.4663301595172349 13 
0005 0010 5 1670918674702190 13.0 -69.5 4.325825821837508 13 
0005 0007 6 1670918674738774 3.25 -71.5 0.8344855486097889 13 
0005 0013 6 1670918674739969 -32.5 -64.0 4.921010367537137 13 
0005 0006 6 1670918674743573 -6.5 -55.5 5.178719139901925 13 
0005 0004 6 1670918674748811 -10.5625 -54.0 5.651185222570702 13 
0005 0012 6 1670918674750028 26.0 -62.0 1.2333205534600555 13 
0005 0014 6 1670918674762887 -16.25 -68.5 3.4606606574700063 13 
0005 0015 6 1670918674765055 -16.25 -67.5 6.234097921967246 13 
0005 0014 7 1670918674789417 65.0625 -60.5 1.423534171157875 13 
0005 0015 7 1670918674793917 -29.25 -63.0 2.1353012567368124 13 
0005 0012 7 1670918674796284 -81.375 -66.5 1.4358060174609601 13 
0005 0005 7 1670918674797710 3.25 -53.5 5.534602682691394 13 
0005 0000 7 1670918674798676 123.6875 -67.0 0.9142525495798421 13 
0005 0011 7 1670918674799598 -45.5625 -61.0 4.767612288748572 13 
0005 0009 7 1670918674813156 -94.375 -69.0 0.3374757733348411 13 
0005 0007 8 1670918674849903 0.0 -62.5 1.4848934026733007 13 
0005 0015 8 1670918674851555 -78.0625 -64.0 1.7916895602504288 13 
0005 0005 8 1670918674857352 45.5625 -59.5 2.2334760271614935 13 
0005 0011 8 1670918674865768 -156.1875 -70.5 3.313398501832985 13 
0005 0008 8 1670918674869553 45.5625 -68.5 1.0062913968529805 13 
0005 0012 1 1670918675099300 -45.5625 -67.0 5.810719224510809 13 
0005 0013 1 1670918675108682 3.25 -68.5 2.650718801466388 13 
0005 0005 1 1670918675111710 100.875 -70.5 0.6565437772150544 13 
0005 0007 2 1670918675156554 -120.4375 -70.5 6.17273869045182 13 
0005 0013 2 1670918675164791 52.0625 -64.5 6.068427996875596 13 
0005 0004 2 1670918675186815 -135.0625 -68.0 4.71238898038469 13 
0005 0012 2 1670918675208510 149.6875 -70.5 3.9515345095934116 13 
0005 0015 2 1670918675210766 58.5625 -69.5 1.2333205534600555 13 
0005 0013 3 1670918675253557 -120.4375 -70.5 6.037748381117884 13 
0005 0004 4 1670918675296160 -73.1875 -69.5 5.859806609723149 13 
0005 0014 4 1670918675298074 16.25 -69.0 3.018874190558942 13 
0005 0005 4 1670918675307978 71.5625 -68.0 2.405281875404685 13 
0005 0012 4 1670918675317114 39.0 -70.0 2.030990563160589 13 
0005 0004 5 1670918675360628 -6.5 -66.0 6.17273869045182 13 
0005 0010 5 1670918675367177 -201.8125 -71.0 4.399456899656019 13 
0005 0015 5 1670918675371325 16.25 -67.0 2.356194490192345 13 
0005 0006 5 1670918675374528 19.5 -63.0 0.35588354278946877 13 
0005 0012 6 1670918675416400 0.0 -62.0 1.2578642460662257 13 
0005 0013 6 1670918675418287 9.75 -64.5 4.81056375080937 13 
0005 0004 6 1670918675420710 -3.25 -54.0 5.553010452146021 13 
0005 0006 6 1670918675429064 -3.25 -55.5 5.111223985234957 13 
0005 0014 6 1670918675434515 -39.0 -69.0 3.5342917352885173 13 
0005 0015 6 1670918675437815 29.25 -68.0 6.1850105367549055 13 
0005 0007 6 1670918675442603 -22.75 -71.0 0.803805932852076 13 
0005 0011 7 1670918675483120 29.25 -61.0 4.614214209960009 13 
0005 0012 7 1670918675484198 32.5 -66.0 1.337631247036279 13 
0005 0009 7 1670918675485377 139.9375 -69.5 0.2270291566070749 13 
0005 0014 7 1670918675486608 -16.25 -60.5 1.5953400194010667 13 
0005 0005 7 1670918675493165 3.25 -53.5 5.5714182216006485 13 
0005 0000 7 1670918675498101 -32.5 -68.0 1.3314953238847365 13 
0005 0015 7 1670918675499512 0.0 -63.0 2.073942025221387 13 
0005 0005 8 1670918675528090 0.0 -59.5 2.380738182798515 13 
0005 0015 8 1670918675540111 22.75 -64.5 1.509437095279471 13 
0005 0008 8 1670918675541287 3.25 -69.5 1.2026409377023426 13 
0005 0007 8 1670918675546163 71.5625 -62.5 1.41126232485479 13 
0005 0011 8 1670918675548503 117.125 -71.5 2.9268353432858034 13 
0005 0013 1 1670918675772999 -29.25 -69.5 2.6998061866787286 13 
0005 0014 1 1670918675778742 -3.25 -72.0 2.5709518004963345 13 
0005 0012 1 1670918675791518 152.9375 -66.5 5.393476450205914 13 
0005 0005 1 1670918675794729 121.25 -71.5 0.5951845456996288 13 
0005 0013 2 1670918675839499 -45.5625 -64.0 6.160466844148735 13 
0005 0007 2 1670918675841332 -113.875 -69.5 6.12365130523948 13 
0005 0004 2 1670918675849547 -172.5 -69.0 4.749204519293945 13 
0005 0005 3 1670918675951968 110.625 -70.5 3.2704470397721868 13 
0005 0004 4 1670918675981034 3.25 -69.5 5.4671075280244255 13 
0005 0006 4 1670918675991050 -65.0625 -71.0 0.3988350048502667 13 
0005 0012 4 1670918675992526 9.75 -72.5 2.2334760271614935 13 
0005 0014 4 1670918675997087 -6.5 -68.0 2.9636508821950587 13 
0005 0005 4 1670918676011698 52.0625 -67.5 2.3439226438892597 13 
0005 0015 5 1670918676055976 35.75 -67.5 2.399145952253143 13 
0005 0004 5 1670918676057235 -97.625 -66.0 5.822991070813893 13 
0005 0006 5 1670918676060846 74.8125 -66.0 5.755495916146925 13 
0005 0010 5 1670918676064294 -104.125 -69.0 4.0128937411088375 13 
0005 0007 6 1670918676087784 -55.3125 -64.5 5.381204603902829 13 
0005 0005 6 1670918676091147 -45.5625 -69.5 4.215379205109742 13 
0005 0015 6 1670918676092129 -45.5625 -69.0 0.1718058482431918 13 
0005 0004 6 1670918676093526 -7.3125 -53.0 5.2768939103266055 13 
0005 0006 6 1670918676094954 -9.75 -56.5 4.1172044346850605 13 
0005 0010 6 1670918676098813 22.75 -67.5 0.07976700097005335 13 
0005 0011 6 1670918676103651 -87.875 -70.0 1.3560390164909069 13 
0005 0012 6 1670918676104569 0.0 -63.0 0.9633399347921826 13 
0005 0013 6 1670918676109146 -3.25 -64.0 3.4054373491061236 13 
0005 0014 6 1670918676114941 -45.5625 -67.5 3.5158839658338894 13 
0005 0007 7 1670918676146480 -6.5 -71.5 1.6996507129772904 13 
0005 0012 7 1670918676147445 39.0 -66.0 1.1903690913992575 13 
0005 0014 7 1670918676151198 -6.5 -63.0 1.2087768608538851 13 
0005 0000 7 1670918676152135 35.75 -67.5 1.030835089459151 13 
0005 0013 7 1670918676157416 -65.0625 -69.5 3.9453985864418692 13 
0005 0011 7 1670918676160485 -78.0625 -60.5 2.9759227284981438 13 
0005 0015 7 1670918676164512 32.5 -63.0 1.9144080232812801 13 
0005 0009 7 1670918676166170 -13.0 -64.5 0.4540583132141498 13 
0005 0005 7 1670918676167353 0.0 -54.5 3.9638063558964967 13 
0005 0015 8 1670918676210010 -9.75 -66.5 1.282407938672396 13 
0005 0005 8 1670918676215020 68.3125 -58.5 2.018718716857504 13 
0005 0007 8 1670918676215968 -3.25 -56.0 1.7426021750380885 13 
0005 0011 8 1670918676221493 19.5 -62.5 1.5462526341887264 13 
0005 0006 3 1670918676550729 84.625 -69.5 0.14726215563702155 13 
0005 0004 4 1670918676598999 69.125 -67.5 1.736466251886546 13 
0005 0008 4 1670918676608943 13.0 -67.0 1.2333205534600555 13 
0005 0004 5 1670918676642547 -7.3125 -63.0 1.2087768608538851 13 
0005 0015 5 1670918676643980 -58.5625 -66.5 1.3008157081270237 13 
0005 0006 5 1670918676646367 0.0 -58.0 1.0799224746714913 13 
0005 0004 6 1670918676699208 7.3125 -58.0 5.71868037723767 13 
0005 0010 6 1670918676706834 -13.0 -62.5 5.184855063053467 13 
0005 0008 6 1670918676709924 39.0 -64.0 3.6324665057131984 13 
0005 0015 6 1670918676711373 -126.9375 -68.0 6.117515382087937 13 
0005 0007 6 1670918676715498 65.0625 -66.0 1.7548740213411735 13 
0005 0006 6 1670918676717629 -16.25 -57.5 6.160466844148735 13 
0005 0014 6 1670918676726262 32.5 -67.0 5.3627968344482015 13 
0005 0002 6 1670918676738866 -139.125 -74.0 3.2336315008629315 13 
0005 0005 7 1670918676770527 32.5 -57.5 2.227340104009951 13 
0005 0000 7 1670918676776529 35.75 -61.0 1.1965050145508 13 
0005 0014 7 1670918676779869 -71.5625 -67.0 0.3374757733348411 13 
0005 0007 7 1670918676781460 -136.6875 -66.5 5.418020142812084 13 
0005 0004 7 1670918676784076 139.125 -71.0 1.3867186322486196 13 
0005 0015 8 1670918676829763 130.1875 -70.5 0.11044661672776616 13 
0005 0005 8 1670918676833625 13.8125 -57.0 0.30066023442558565 13 
0005 0008 8 1670918676834828 -3.25 -61.0 0.11658253987930872 13 
0005 0014 8 1670918676839446 84.625 -66.0 5.074408446325701 13 
0005 0007 8 1670918676848388 -13.0 -71.0 6.105243535784852 13 
0005 0007 2 1670918677122139 26.0 -62.0 1.0246991663076084 13 
0005 0004 4 1670918677222968 0.0 -67.5 1.0799224746714913 13 
0005 0006 4 1670918677225977 -19.5 -63.0 4.061981126321178 13 
0005 0006 5 1670918677259932 -32.5 -56.0 5.620505606812989 13 
0005 0005 5 1670918677263033 6.5 -71.5 2.2886993355253766 13 
0005 0010 5 1670918677265575 71.5625 -63.0 2.2396119503130363 13 
0005 0015 5 1670918677271470 -32.5 -67.0 0.9694758579437253 13 
0005 0015 6 1670918677316260 -65.0625 -67.0 6.160466844148735 13 
0005 0005 6 1670918677317675 -29.25 -65.0 1.3499030933393643 13 
0005 0006 6 1670918677321126 -16.25 -60.5 4.417864669110647 13 
0005 0011 6 1670918677322348 -35.75 -69.0 5.921165841238575 13 
0005 0008 6 1670918677324472 35.75 -57.5 2.442097414313941 13 
0005 0004 6 1670918677325900 -17.0625 -61.0 0.14112623248547898 13 
0005 0010 6 1670918677334871 -29.25 -61.0 3.2765829629237295 13 
0005 0009 6 1670918677338134 -152.9375 -74.0 0.7363107781851077 13 
0005 0007 6 1670918677340030 -19.5 -62.5 0.3865631585471816 13 
0005 0006 7 1670918677369394 -78.0625 -68.0 5.301437602932776 13 
0005 0005 7 1670918677371369 6.5 -55.0 2.380738182798515 13 
0005 0000 7 1670918677373425 65.0625 -61.5 0.380427235395639 13 
0005 0014 7 1670918677378403 22.75 -61.5 0.6504078540635119 13 
0005 0004 7 1670918677380603 -52.0625 -66.0 4.792155981354743 13 
0005 0009 7 1670918677386364 -74.8125 -66.5 5.976389149602458 13 
0005 0010 7 1670918677387475 -185.5 -66.0 4.767612288748572 13 
0005 0001 7 1670918677388648 -48.8125 -68.5 1.7548740213411735 13 
0005 0007 8 1670918677426213 94.375 -68.0 0.8958447801252144 13 
0005 0005 8 1670918677427428 -22.75 -60.5 6.234097921967246 13 
0005 0008 8 1670918677428647 42.3125 -64.0 1.0737865515199487 13 
0005 0015 8 1670918677431055 -6.5 -71.0 0.9081166264282996 13 
0005 0014 8 1670918677434822 -29.25 -66.5 5.221670601962723 13 
0005 0011 8 1670918677439587 3.25 -69.5 3.6017868899554855 13 
0005 0003 8 1670918677440737 -169.25 -75.0 5.66959299202533 13 
0005 0007 1 1670918677668439 19.5 -70.5 0.2454369260617026 13 
0005 0005 1 1670918677670587 13.8125 -69.5 3.7551849687440497 13 
0005 0008 1 1670918677676566 -19.5 -69.5 3.454524734318464 13 
0005 0004 1 1670918677677925 -45.5625 -72.5 5.4671075280244255 13 
0005 0007 2 1670918677723705 -3.25 -63.0 1.1290098598838318 13 
0005 0006 4 1670918677849745 -39.0 -63.0 4.221515128261284 13 
0005 0008 4 1670918677861094 -13.0 -68.0 0.9940195505498954 13 
0005 0010 5 1670918677891189 71.5625 -62.0 2.386874105950058 13 
0005 0006 5 1670918677895208 -16.25 -56.5 5.5284667595398505 13 
0005 0015 5 1670918677904208 42.3125 -66.5 0.803805932852076 13 
0005 0010 6 1670918677958754 -58.5625 -61.5 3.3011266555298997 13 
0005 0004 6 1670918677960574 -7.3125 -61.0 0.030679615757712823 13 
0005 0005 6 1670918677961507 3.25 -65.5 1.0492428589137786 13 
0005 0011 6 1670918677963616 -42.3125 -68.5 5.6941366846315 13 
0005 0006 6 1670918677964533 -9.75 -59.5 4.485359823777615 13 
0005 0008 6 1670918677967732 9.75 -59.5 2.3439226438892597 13 
0005 0007 6 1670918677971010 16.25 -63.5 0.14726215563702155 13 
0005 0015 6 1670918677974844 3.25 -67.5 6.105243535784852 13 
0005 0000 7 1670918678007125 39.0 -62.0 0.5645049299419159 13 
0005 0001 7 1670918678013179 58.5625 -69.5 1.7119225592803755 13 
0005 0005 7 1670918678015510 -7.3125 -55.0 2.380738182798515 13 
0005 0014 7 1670918678019607 -13.0 -62.0 0.6810874698212247 13 
0005 0006 7 1670918678020981 -19.5 -68.0 5.227806525114265 13 
0005 0011 7 1670918678024031 -3.25 -71.5 2.724349879284899 13 
0005 0004 7 1670918678029253 -100.875 -64.5 4.798291904506286 13 
0005 0009 7 1670918678031436 19.5 -66.5 5.964117303299373 13 
0005 0010 7 1670918678032374 16.25 -65.5 4.601942363656923 13 
0005 0015 8 1670918678056542 -45.5625 -70.5 0.7669903939428205 13 
0005 0014 8 1670918678058937 -45.5625 -66.0 5.295301679781233 13 
0005 0008 8 1670918678067821 22.75 -63.5 1.2701360923693108 13 
0005 0005 8 1670918678069939 22.75 -60.5 6.12365130523948 13 
0005 0011 8 1670918678078122 29.25 -68.5 3.6324665057131984 13 
0005 0007 8 1670918678080376 -6.5 -68.0 0.6504078540635119 13 
0005 0003 8 1670918678091342 192.0 -74.5 5.5284667595398505 13 
0005 0007 1 1670918678312137 110.625 -71.5 0.07976700097005335 13 
0005 0004 1 1670918678314230 13.0 -71.0 5.203262832508095 13 
0005 0005 1 1670918678328365 -73.1875 -69.5 3.847223816017188 13 
0005 0007 2 1670918678361601 -39.0 -62.0 1.1351457830353744 13 
0005 0008 4 1670918678448310 -32.5 -68.5 0.8283496254582462 13 
0005 0006 4 1670918678460943 -113.875 -62.5 4.3933209765044765 13 
0005 0004 4 1670918678463161 13.0 -70.5 1.7671458676442586 13 
0005 0015 5 1670918678491041 -19.5 -66.0 0.8958447801252144 13 
0005 0006 5 1670918678492284 16.25 -56.5 5.516194913236766 13 
0005 0010 5 1670918678498109 13.0 -62.5 2.509592568980909 13 
0005 0009 5 1670918678506124 -143.1875 -71.5 3.8963112012295285 13 
0005 0008 6 1670918678528649 35.75 -59.5 2.337786720737717 13 
0005 0007 6 1670918678529855 74.8125 -63.0 0.16566992509164924 13 
0005 0005 6 1670918678531324 41.5 -65.0 1.1658253987930873 13 
0005 0015 6 1670918678532829 35.75 -66.5 6.000932842208628 13 
0005 0004 6 1670918678533732 16.25 -60.5 0.1227184630308513 13 
0005 0010 6 1670918678536844 -16.25 -62.0 3.2213596545598464 13 
0005 0006 6 1670918678539684 -6.5 -60.0 4.516039439535327 13 
0005 0009 6 1670918678543868 13.0 -76.0 0.7547185476397354 13 
0005 0011 6 1670918678547215 -42.3125 -69.5 5.522330836388308 13 
0005 0014 7 1670918678577835 35.75 -62.5 0.6504078540635119 13 
0005 0001 7 1670918678579022 -6.5 -70.0 1.8960002538266525 13 
0005 0000 7 1670918678582072 91.125 -62.5 0.4908738521234052 13 
0005 0006 7 1670918678583959 -68.3125 -67.0 5.166447293598839 13 
0005 0004 7 1670918678586805 -69.125 -64.5 4.798291904506286 13 
0005 0005 7 1670918678588200 0.0 -55.0 2.3623304133438876 13 
0005 0009 7 1670918678597349 -32.5 -65.5 6.1420590746941075 13 
0005 0010 7 1670918678603408 -94.375 -65.0 4.706253057233147 13 
0005 0007 8 1670918678625889 42.3125 -67.0 0.6381360077604268 13 
0005 0014 8 1670918678629166 26.0 -65.5 5.246214294568893 13 
0005 0005 8 1670918678635551 -45.5625 -60.5 6.234097921967246 13 
0005 0008 8 1670918678636485 3.25 -63.5 1.1658253987930873 13 
0005 0015 8 1670918678641968 133.4375 -72.5 0.6688156235181395 13 
0005 0011 8 1670918678648657 -227.8125 -68.0 4.111068511533518 13 
0005 0003 8 1670918678649604 -100.875 -75.0 5.712544454086128 13 
