0002 0007 1 1670920895612412 16.25 -71.5 2.4605051837685683 17 
0002 0015 3 1670920895718235 -177.375 -68.5 4.583534594202296 17 
0002 0014 3 1670920895726865 74.8125 -71.0 5.915029918087033 17 
0002 0006 4 1670920895775303 39.0 -62.0 1.380582709097077 17 
0002 0015 4 1670920895777700 -26.0 -68.0 0.5092816215780329 17 
0002 0004 4 1670920895781521 -19.5 -64.0 5.418020142812084 17 
0002 0007 4 1670920895786569 -94.375 -70.0 0.09817477042468103 17 
0002 0015 5 1670920895829471 -16.25 -66.5 4.921010367537137 17 
0002 0006 5 1670920895832002 32.5 -61.5 1.3867186322486196 17 
0002 0005 5 1670920895834616 -13.8125 -69.0 6.031612457966341 17 
0002 0007 5 1670920895838764 -81.375 -63.0 4.313553975534423 17 
0002 0014 5 1670920895844637 32.5 -68.0 3.098641191528995 17 
0002 0004 5 1670920895847645 -29.25 -70.0 2.8286605728611223 17 
0002 0007 6 1670920895879582 -16.25 -57.5 4.608078286808466 17 
0002 0015 6 1670920895883858 142.375 -67.0 1.3499030933393643 17 
0002 0008 6 1670920895886276 13.0 -68.0 1.8714565612204823 17 
0002 0014 6 1670920895888201 6.5 -70.0 5.283029833478148 17 
0002 0005 6 1670920895897939 -90.3125 -67.5 3.5342917352885173 17 
0002 0007 7 1670920895932735 -68.3125 -62.5 3.393165502803038 17 
0002 0007 1 1670920896256071 -9.75 -71.5 2.675262494072558 17 
0002 0015 3 1670920896374341 -19.5 -67.5 4.270602513473625 17 
0002 0014 3 1670920896375675 16.25 -69.5 6.0991076126333095 17 
0002 0006 4 1670920896435132 26.0 -62.0 1.4051264017032472 17 
0002 0015 4 1670920896436588 -19.5 -68.5 0.5338253141842031 17 
0002 0007 4 1670920896442194 -117.125 -70.0 0.1902136176978195 17 
0002 0004 4 1670920896452675 -16.25 -64.5 5.381204603902829 17 
0002 0006 5 1670920896476268 48.8125 -61.5 1.3314953238847365 17 
0002 0014 5 1670920896477402 123.6875 -69.5 2.859340188618835 17 
0002 0005 5 1670920896488554 139.125 -70.5 5.663457068873787 17 
0002 0007 5 1670920896489505 -55.3125 -63.5 4.252194744018997 17 
0002 0015 5 1670920896495305 -27.625 -66.5 4.896466674930966 17 
0002 0004 5 1670920896497094 -32.5 -70.0 2.779573187648782 17 
0002 0007 6 1670920896534648 -13.0 -57.5 4.565126824747668 17 
0002 0005 6 1670920896540314 24.375 -67.0 3.3379421944391554 17 
0002 0008 6 1670920896541295 -58.5625 -68.5 1.88986433067511 17 
0002 0015 6 1670920896545268 69.125 -67.0 1.4848934026733007 17 
0002 0014 6 1670920896552248 29.25 -70.0 5.209398755659637 17 
0002 0007 7 1670920896585894 -45.5625 -63.0 3.3624858870453256 17 
0002 0007 1 1670920896885412 -42.3125 -71.5 2.693670263527186 17 
0002 0015 3 1670920897034452 -26.0 -68.0 4.381049130201391 17 
0002 0014 3 1670920897037826 39.0 -70.0 5.896622148632405 17 
0002 0015 4 1670920897071178 -27.625 -69.0 0.5092816215780329 17 
0002 0004 4 1670920897075518 -48.8125 -64.5 5.442563835418255 17 
0002 0006 4 1670920897076948 22.75 -62.0 1.380582709097077 17 
0002 0007 4 1670920897090558 -78.0625 -70.0 0.11044661672776616 17 
0002 0006 5 1670920897130750 32.5 -61.5 1.3560390164909069 17 
0002 0015 5 1670920897131666 -10.5625 -66.5 4.7860200582032 17 
0002 0014 5 1670920897136318 84.625 -69.0 2.9575149590435164 17 
0002 0007 5 1670920897140944 0.0 -63.5 4.172427743048944 17 
0002 0005 5 1670920897142139 -315.6875 -69.5 6.117515382087937 17 
0002 0004 5 1670920897145244 159.5 -71.0 2.552544031041707 17 
0002 0007 6 1670920897180451 -6.5 -58.0 4.577398671050753 17 
0002 0015 6 1670920897185574 13.0 -67.0 1.5462526341887264 17 
0002 0005 6 1670920897190231 0.0 -68.0 3.4054373491061236 17 
0002 0014 6 1670920897198834 58.5625 -70.0 5.184855063053467 17 
0002 0008 6 1670920897203009 45.5625 -68.5 1.6996507129772904 17 
0002 0007 7 1670920897243827 -26.0 -62.0 3.3011266555298997 17 
0002 0007 1 1670920897569798 423.125 -72.0 1.8285050991596843 17 
0002 0015 3 1670920897684513 -3.25 -68.0 4.270602513473625 17 
0002 0014 3 1670920897686426 -172.5 -70.0 6.19728238305799 17 
0002 0015 4 1670920897721602 -30.875 -68.5 0.6258641614573416 17 
0002 0004 4 1670920897727936 16.25 -64.5 5.325981295538946 17 
0002 0006 4 1670920897732859 55.3125 -63.0 1.3621749396424494 17 
0002 0007 4 1670920897735747 16.25 -71.0 6.209554229361076 17 
0002 0014 5 1670920897772266 3.25 -68.5 2.9636508821950587 17 
0002 0006 5 1670920897776859 -3.25 -61.5 1.4358060174609601 17 
0002 0004 5 1670920897779469 78.0625 -71.0 2.3746022596469727 17 
0002 0007 5 1670920897780433 -58.5625 -63.5 4.190835512503572 17 
0002 0005 5 1670920897782102 -90.3125 -69.0 5.982525072754001 17 
0002 0015 5 1670920897790023 -3.25 -66.0 4.828971520263998 17 
0002 0008 6 1670920897816399 -3.25 -68.5 1.8530487917658545 17 
0002 0007 6 1670920897818087 6.5 -58.0 4.485359823777615 17 
0002 0014 6 1670920897820355 13.0 -71.0 5.197126909356553 17 
0002 0015 6 1670920897837755 10.5625 -67.0 1.5278448647340985 17 
0002 0005 6 1670920897840122 42.3125 -67.5 3.2459033471660166 17 
0002 0007 7 1670920897869453 26.0 -61.5 3.227495577711389 17 
0002 0006 2 1670920898263528 -130.1875 -69.5 3.718369429834794 17 
0002 0008 3 1670920898291607 -61.8125 -66.5 1.6812429435226628 17 
0002 0005 3 1670920898321374 -222.125 -71.0 1.0921943209745766 17 
0002 0005 4 1670920898358695 139.125 -71.0 4.9823695990525625 17 
0002 0006 4 1670920898364538 52.0625 -60.5 3.6386024288647407 17 
0002 0007 4 1670920898365500 6.5 -69.0 0.18407769454627693 17 
0002 0004 4 1670920898372943 6.5 -60.0 0.9142525495798421 17 
0002 0008 4 1670920898381611 -35.75 -61.0 2.5157284921324514 17 
0002 0005 5 1670920898429615 -21.125 -60.0 2.6568547246179306 17 
0002 0008 5 1670920898430565 52.0625 -63.0 1.337631247036279 17 
0002 0007 5 1670920898433237 -35.75 -66.0 5.522330836388308 17 
0002 0006 5 1670920898434215 -61.8125 -65.5 2.4850488763747385 17 
0002 0014 5 1670920898452798 -32.5 -72.0 0.5706408530934585 17 
0002 0006 6 1670920898482357 -61.8125 -67.0 6.000932842208628 17 
0002 0007 6 1670920898492096 22.75 -62.5 1.1167380135807468 17 
0002 0008 6 1670920898494772 16.25 -68.0 1.7855536370988863 17 
0002 0009 6 1670920898503239 -175.75 -67.5 4.871922982324796 17 
0002 0005 6 1670920898508396 -27.625 -59.0 4.595806440505381 17 
0002 0007 7 1670920898543486 32.5 -59.0 1.8285050991596843 17 
0002 0005 7 1670920898564598 29.25 -70.0 1.0676506283684062 17 
0002 0007 8 1670920898606809 -48.8125 -65.5 0.3988350048502667 17 
0002 0006 8 1670920898622946 -58.5625 -72.0 4.700117134081604 17 
0002 0004 1 1670920898865208 -29.25 -64.0 3.32567034813607 17 
0002 0006 1 1670920898883776 3.25 -66.5 1.607611865704152 17 
0002 0006 2 1670920898982103 19.5 -72.5 6.117515382087937 17 
0002 0005 3 1670920899032667 -198.5625 -68.5 5.6941366846315 17 
0002 0004 3 1670920899036196 -42.3125 -61.0 1.1535535524900022 17 
0002 0006 3 1670920899043934 81.375 -67.0 0.3190680038802134 17 
0002 0004 4 1670920899100828 39.0 -65.0 1.8346410223112268 17 
0002 0006 4 1670920899102754 -29.25 -65.0 0.19634954084936207 17 
0002 0008 4 1670920899105371 -22.75 -69.0 0.521553467881118 17 
0002 0007 4 1670920899109138 87.875 -71.0 1.8407769454627694 17 
0002 0005 4 1670920899115663 61.8125 -66.5 5.927301764390117 17 
0002 0005 5 1670920899157149 -142.375 -65.0 5.902758071783947 17 
0002 0008 5 1670920899168681 -185.5 -66.0 4.9823695990525625 17 
0002 0006 5 1670920899171657 48.8125 -66.0 4.558990901596125 17 
0002 0009 5 1670920899178201 -45.5625 -69.0 3.5772431973493153 17 
0002 0014 5 1670920899181487 -120.4375 -70.5 1.0062913968529805 17 
0002 0006 6 1670920899226288 -16.25 -69.5 4.172427743048944 17 
0002 0004 6 1670920899230581 -45.5625 -69.5 0.5338253141842031 17 
0002 0005 6 1670920899235002 10.5625 -58.0 1.1719613219446299 17 
0002 0007 6 1670920899250530 3.25 -63.5 4.344233591292136 17 
0002 0009 6 1670920899251964 -123.6875 -69.5 4.620350133111551 17 
0002 0008 6 1670920899259197 6.5 -68.5 0.6749515466696822 17 
0002 0004 7 1670920899292597 120.4375 -67.0 1.2517283229146832 17 
0002 0005 7 1670920899299307 34.9375 -66.0 0.705631162427395 17 
0002 0007 8 1670920899350617 68.3125 -62.5 1.4971652489763858 17 
0002 0004 1 1670920899601188 26.0 -63.0 2.1659808724945253 17 
0002 0006 1 1670920899629447 -19.5 -67.0 1.2026409377023426 17 
0002 0006 2 1670920899744487 -185.5 -72.0 5.583690067903734 17 
0002 0005 3 1670920899773094 -91.125 -69.5 6.031612457966341 17 
0002 0004 3 1670920899782899 0.0 -60.5 1.7671458676442586 17 
0002 0006 3 1670920899790099 -188.75 -70.5 1.1474176293384597 17 
0002 0007 3 1670920899791048 13.0 -70.5 4.552854978444583 17 
0002 0005 4 1670920899841143 41.5 -66.5 0.4111068511533518 17 
0002 0008 4 1670920899846415 107.375 -69.0 0.5338253141842031 17 
0002 0004 4 1670920899848072 22.75 -63.5 2.0371264863121317 17 
0002 0006 4 1670920899862302 -48.8125 -65.5 0.8160777791551611 17 
0002 0009 5 1670920899898357 -22.75 -69.0 3.6201946594101133 17 
0002 0014 5 1670920899899493 208.3125 -69.5 1.3437671701878218 17 
0002 0015 5 1670920899908886 -39.0 -69.5 2.282563412373834 17 
0002 0006 5 1670920899912320 -91.125 -66.0 4.614214209960009 17 
0002 0005 5 1670920899913221 30.875 -63.0 5.798447378207723 17 
0002 0008 5 1670920899922149 58.5625 -66.0 4.755340442445488 17 
0002 0005 6 1670920899951093 34.9375 -58.0 1.2026409377023426 17 
0002 0007 6 1670920899958280 -29.25 -65.5 3.3870295796514958 17 
0002 0008 6 1670920899966271 -13.0 -67.5 0.9633399347921826 17 
0002 0009 6 1670920899974764 74.8125 -71.0 4.485359823777615 17 
0002 0006 6 1670920899977832 -48.8125 -70.0 3.9576704327449543 17 
0002 0004 6 1670920899978797 39.0 -69.5 0.30679615757712825 17 
0002 0007 7 1670920900008154 -35.75 -66.0 5.878214379177777 17 
0002 0004 7 1670920900015209 100.875 -66.5 1.1780972450961724 17 
0002 0005 7 1670920900033417 48.8125 -67.0 0.6688156235181395 17 
0002 0004 8 1670920900081799 -19.5 -68.5 1.055378782065321 17 
0002 0007 8 1670920900086049 -3.25 -62.5 1.9757672547967058 17 
0002 0004 1 1670920900325916 0.0 -63.5 1.9266798695843652 17 
0002 0006 1 1670920900336909 -61.8125 -67.0 1.1290098598838318 17 
0002 0004 3 1670920900472189 58.5625 -61.0 1.7119225592803755 17 
0002 0005 3 1670920900473205 21.125 -68.5 6.080699843178682 17 
0002 0007 3 1670920900482357 -61.8125 -70.0 4.779884135051658 17 
0002 0006 3 1670920900497026 68.3125 -69.0 0.8099418560036186 17 
0002 0005 4 1670920900529659 -48.8125 -66.5 0.7363107781851077 17 
0002 0008 4 1670920900532960 94.375 -69.0 0.21475731030398976 17 
0002 0004 4 1670920900539313 35.75 -62.0 1.9205439464328227 17 
0002 0006 4 1670920900550685 143.1875 -65.0 0.4049709280018093 17 
