0000 0014 1 1670919625706965 22.75 -65.5 1.41126232485479 1 
0000 0004 1 1670919625720248 -78.0625 -64.0 1.8285050991596843 1 
0000 0013 1 1670919625723456 -13.0 -67.0 1.8100973297050567 1 
0000 0006 1 1670919625724750 -71.5625 -64.5 2.435961491162398 1 
0000 0015 1 1670919625730697 -156.1875 -69.0 2.804116880254952 1 
0000 0005 1 1670919625733442 143.1875 -68.5 0.8160777791551611 1 
0000 0013 2 1670919625767330 -35.75 -66.0 3.509748042682347 1 
0000 0007 2 1670919625806822 -45.5625 -71.0 0.35588354278946877 1 
0000 0012 3 1670919625839044 13.0 -58.0 0.2761165418194154 1 
0000 0013 3 1670919625843724 9.75 -61.0 4.700117134081604 1 
0000 0001 3 1670919625844889 -35.75 -61.5 4.1601558967458585 1 
0000 0004 3 1670919625854686 45.5625 -65.0 2.282563412373834 1 
0000 0008 3 1670919625860622 120.4375 -67.5 4.718524903536232 1 
0000 0010 3 1670919625864553 -42.3125 -63.5 4.724660826687775 1 
0000 0006 3 1670919625893471 45.5625 -67.0 1.030835089459151 1 
0000 0000 3 1670919625895873 358.0625 -69.0 0.12885438618239387 1 
0000 0009 3 1670919625922577 0.0 -70.5 4.6878452877785195 1 
0000 0008 4 1670919625995882 -9.75 -67.5 5.21553467881118 1 
0000 0004 4 1670919625997554 6.5 -54.5 4.031301510563465 1 
0000 0014 4 1670919626001961 19.5 -64.0 1.2333205534600555 1 
0000 0010 4 1670919626004623 9.75 -56.5 6.013204688511713 1 
0000 0001 4 1670919626008816 -29.25 -68.5 5.485515297479052 1 
0000 0015 4 1670919626009780 -35.75 -66.5 5.3627968344482015 1 
0000 0012 4 1670919626012153 13.0 -54.5 3.0495538063166547 1 
0000 0002 4 1670919626013357 55.3125 -70.5 1.1965050145508 1 
0000 0006 4 1670919626016232 -13.0 -64.0 2.5954954931025047 1 
0000 0011 4 1670919626017428 -19.5 -63.5 6.191146459906448 1 
0000 0005 4 1670919626019750 -30.875 -69.0 2.945243112740431 1 
0000 0009 4 1670919626022293 -52.0625 -73.5 4.0987966652304335 1 
0000 0015 5 1670919626058563 32.5 -64.0 1.0921943209745766 1 
0000 0009 5 1670919626059462 0.0 -68.5 4.552854978444583 1 
0000 0006 5 1670919626060402 -6.5 -61.5 4.73693267299086 1 
0000 0000 5 1670919626064258 -78.0625 -64.0 3.2336315008629315 1 
0000 0010 5 1670919626070977 -26.0 -66.5 6.043884304269426 1 
0000 0007 5 1670919626071883 26.0 -63.5 2.110757564130642 1 
0000 0013 5 1670919626072799 6.5 -58.0 1.902136176978195 1 
0000 0014 5 1670919626077349 71.5625 -62.0 5.141903600992669 1 
0000 0012 5 1670919626080517 19.5 -56.0 5.350524988145116 1 
0000 0005 5 1670919626081732 39.0 -59.5 6.068427996875596 1 
0000 0013 6 1670919626136483 -39.0 -60.0 3.6815538909255388 1 
0000 0004 6 1670919626141303 -87.875 -69.5 4.3074180523828804 1 
0000 0015 6 1670919626143457 -9.75 -60.0 2.4605051837685683 1 
0000 0008 6 1670919626144721 -39.0 -67.5 5.859806609723149 1 
0000 0014 6 1670919626146435 26.0 -66.0 0.3436116964863836 1 
0000 0007 6 1670919626149507 -61.8125 -65.0 3.9699422790480394 1 
0000 0012 6 1670919626151389 48.8125 -66.5 0.030679615757712823 1 
0000 0005 6 1670919626153570 9.75 -58.0 1.761009944492716 1 
0000 0003 6 1670919626154507 42.3125 -72.0 0.1595340019401067 1 
0000 0011 6 1670919626156918 39.0 -58.0 1.1228739367322893 1 
0000 0001 6 1670919626158334 -13.0 -60.5 0.1349903093339364 1 
0000 0000 6 1670919626165704 -84.625 -71.5 4.6878452877785195 1 
0000 0009 6 1670919626166877 27.625 -64.0 4.792155981354743 1 
0000 0013 7 1670919626198235 -26.0 -65.0 0.662679700366597 1 
0000 0015 7 1670919626211073 -78.0625 -62.0 4.963961829597935 1 
0000 0005 7 1670919626215172 -29.25 -66.5 5.252350217720435 1 
0000 0012 7 1670919626221900 32.5 -68.5 0.4356505437595221 1 
0000 0003 7 1670919626235314 78.0625 -69.5 5.522330836388308 1 
0000 0004 8 1670919626295671 -107.375 -69.5 4.466952054322987 1 
0000 0005 8 1670919626307138 -32.5 -64.0 0.09203884727313846 1 
0000 0007 8 1670919626311622 -3.25 -64.5 5.160311370447297 1 
0000 0012 8 1670919626319181 -107.375 -69.0 2.3930100291016 1 
0000 0014 1 1670919626535858 -9.75 -65.0 1.5155730184310134 1 
0000 0013 1 1670919626537615 -35.75 -67.5 1.9205439464328227 1 
0000 0004 1 1670919626541652 26.0 -65.5 2.12916533358527 1 
0000 0015 1 1670919626548946 104.125 -68.5 2.3009711818284617 1 
0000 0006 1 1670919626553997 32.5 -65.0 2.761165418194154 1 
0000 0005 1 1670919626560506 39.0 -70.0 0.7853981633974483 1 
0000 0013 2 1670919626603982 78.0625 -65.5 3.436116964863836 1 
0000 0006 2 1670919626607120 -419.875 -71.0 6.056156150572511 1 
0000 0007 2 1670919626622941 -175.75 -70.5 0.4663301595172349 1 
0000 0012 3 1670919626656593 13.0 -58.5 0.18407769454627693 1 
0000 0006 3 1670919626659272 -22.75 -66.5 0.7915340865489908 1 
0000 0013 3 1670919626663083 42.3125 -60.5 4.3933209765044765 1 
0000 0001 3 1670919626667928 35.75 -63.5 3.6815538909255388 1 
0000 0004 3 1670919626672046 42.3125 -64.0 2.055534255766759 1 
0000 0014 3 1670919626688284 -39.0 -70.5 4.466952054322987 1 
0000 0010 3 1670919626691671 113.875 -62.5 4.264466590322082 1 
0000 0008 3 1670919626694234 97.625 -69.5 4.000621894805752 1 
0000 0000 3 1670919626699678 -32.5 -69.5 0.39269908169872414 1 
0000 0002 4 1670919626740150 -6.5 -72.0 0.9081166264282996 1 
0000 0011 4 1670919626741585 -3.25 -63.0 6.013204688511713 1 
0000 0010 4 1670919626745210 -6.5 -56.0 5.8475347634200645 1 
0000 0004 4 1670919626747153 -32.5 -54.5 3.8963112012295285 1 
0000 0001 4 1670919626748346 -58.5625 -67.0 5.424156065963627 1 
0000 0012 4 1670919626750225 7.3125 -54.5 2.9329712664373457 1 
0000 0005 4 1670919626751500 52.0625 -69.0 2.6016314162540475 1 
0000 0014 4 1670919626753154 6.5 -63.5 1.2333205534600555 1 
0000 0006 4 1670919626759488 13.0 -64.0 2.325514874434632 1 
0000 0015 4 1670919626760395 -13.0 -65.5 5.332117218690489 1 
0000 0008 4 1670919626761631 -61.8125 -71.0 4.8351074434155406 1 
0000 0014 5 1670919626801124 -26.0 -62.0 5.148039524144211 1 
0000 0012 5 1670919626802340 13.0 -56.0 5.313709449235861 1 
0000 0010 5 1670919626805231 97.625 -66.0 5.638913376267617 1 
0000 0006 5 1670919626809612 3.25 -61.5 4.73693267299086 1 
0000 0007 5 1670919626812943 -162.75 -64.0 2.3071071049800045 1 
0000 0013 5 1670919626814638 52.0625 -57.5 1.88986433067511 1 
0000 0005 5 1670919626815599 48.8125 -60.0 6.043884304269426 1 
0000 0009 5 1670919626816562 16.25 -69.5 4.2031073588066565 1 
0000 0015 5 1670919626821368 45.5625 -65.0 1.030835089459151 1 
0000 0000 5 1670919626823153 -16.25 -65.5 2.6813984172241008 1 
0000 0007 6 1670919626866317 26.0 -64.5 3.77972866135022 1 
0000 0004 6 1670919626872200 -55.3125 -69.0 4.147884050442774 1 
0000 0001 6 1670919626873389 29.25 -60.5 6.19728238305799 1 
0000 0009 6 1670919626874292 -62.625 -65.0 4.798291904506286 1 
0000 0013 6 1670919626875687 0.0 -60.0 3.6201946594101133 1 
0000 0003 6 1670919626877573 -3.25 -73.0 6.215690152512618 1 
0000 0012 6 1670919626878776 -81.375 -66.5 0.15339807878856412 1 
0000 0015 6 1670919626880871 19.5 -60.5 2.442097414313941 1 
0000 0000 6 1670919626881763 -146.4375 -72.0 4.381049130201391 1 
0000 0011 6 1670919626883704 22.75 -58.5 1.0369710126106935 1 
0000 0005 6 1670919626887467 13.0 -58.5 1.6566992509164924 1 
0000 0014 6 1670919626889942 0.0 -66.5 0.3374757733348411 1 
0000 0008 6 1670919626900592 13.0 -73.5 5.141903600992669 1 
0000 0015 7 1670919626928199 -32.5 -62.0 4.779884135051658 1 
0000 0003 7 1670919626947005 -39.0 -70.0 5.700272607783043 1 
0000 0005 7 1670919626948180 -55.3125 -67.5 5.356660911296659 1 
0000 0013 7 1670919626953837 42.3125 -66.0 0.619728238305799 1 
0000 0012 7 1670919626955170 -45.5625 -68.0 0.5092816215780329 1 
0000 0009 7 1670919626973063 152.9375 -71.0 1.043106935762236 1 
0000 0012 8 1670919627011633 27.625 -70.0 2.227340104009951 1 
0000 0005 8 1670919627017871 -9.75 -64.0 0.15339807878856412 1 
0000 0007 8 1670919627032152 -13.0 -65.0 5.166447293598839 1 
0000 0004 8 1670919627035378 -91.125 -69.5 4.411728745959104 1 
0000 0013 8 1670919627036453 19.5 -70.0 2.405281875404685 1 
0000 0013 1 1670919627256771 126.9375 -67.0 1.761009944492716 1 
0000 0006 1 1670919627266116 -32.5 -65.5 2.791845033951867 1 
0000 0015 1 1670919627267546 16.25 -69.0 2.325514874434632 1 
0000 0014 1 1670919627269514 126.9375 -65.5 1.3192234775816514 1 
0000 0005 1 1670919627278464 -48.8125 -69.5 0.8774370106705868 1 
0000 0004 1 1670919627279414 71.5625 -65.5 2.0064468705544187 1 
0000 0013 2 1670919627320019 133.4375 -66.5 3.2888548092268146 1 
0000 0015 2 1670919627337813 -22.75 -70.5 6.129787228391022 1 
0000 0007 2 1670919627340348 -35.75 -70.0 0.25770877236478773 1 
0000 0006 2 1670919627341313 -26.0 -72.0 5.638913376267617 1 
0000 0004 3 1670919627388368 68.3125 -63.5 1.932815792735908 1 
0000 0012 3 1670919627390054 -22.75 -58.5 0.3190680038802134 1 
0000 0013 3 1670919627390987 55.3125 -60.0 4.417864669110647 1 
0000 0001 3 1670919627391923 -29.25 -63.0 3.785864584501762 1 
0000 0006 3 1670919627394119 3.25 -66.0 0.5767767762450011 1 
0000 0010 3 1670919627395521 32.5 -63.5 4.454680208019902 1 
0000 0008 3 1670919627398959 156.1875 -69.5 4.074252972624263 1 
0000 0000 3 1670919627408549 48.8125 -69.5 0.2086213871524472 1 
0000 0008 4 1670919627466216 -71.5625 -70.5 4.9394181369917645 1 
0000 0011 4 1670919627467665 -16.25 -63.0 6.129787228391022 1 
0000 0001 4 1670919627468630 -6.5 -67.0 5.418020142812084 1 
0000 0010 4 1670919627469593 6.5 -56.0 5.8475347634200645 1 
0000 0005 4 1670919627472003 13.0 -69.0 2.6875343403756435 1 
0000 0002 4 1670919627473179 110.625 -72.5 0.7424467013366504 1 
0000 0006 4 1670919627477666 32.5 -63.5 2.350058567040802 1 
0000 0012 4 1670919627478625 6.5 -54.0 2.9636508821950587 1 
0000 0015 4 1670919627481959 0.0 -67.0 5.295301679781233 1 
0000 0004 4 1670919627486269 -22.75 -54.5 3.8717675086233583 1 
0000 0014 4 1670919627491419 13.0 -63.5 1.282407938672396 1 
0000 0009 4 1670919627498704 -232.6875 -73.5 3.9515345095934116 1 
0000 0007 5 1670919627536182 -22.75 -64.0 2.1782527187976104 1 
0000 0009 5 1670919627541713 -97.625 -71.0 4.387185053352934 1 
0000 0006 5 1670919627542913 58.5625 -62.0 4.675573441475434 1 
0000 0015 5 1670919627544781 35.75 -64.5 1.0492428589137786 1 
0000 0013 5 1670919627545992 9.75 -57.5 1.9512235621905356 1 
0000 0012 5 1670919627547167 6.5 -56.0 5.283029833478148 1 
0000 0010 5 1670919627548104 -35.75 -66.5 5.902758071783947 1 
0000 0005 5 1670919627549092 -13.0 -60.0 6.074563920027139 1 
0000 0000 5 1670919627550253 -71.5625 -64.0 3.06182565261974 1 
0000 0014 5 1670919627555191 26.0 -62.5 5.148039524144211 1 
0000 0014 6 1670919627612885 81.375 -66.5 0.2270291566070749 1 
0000 0015 6 1670919627613819 9.75 -60.5 2.4727770300716534 1 
0000 0001 6 1670919627614981 9.75 -60.5 0.1349903093339364 1 
0000 0013 6 1670919627615899 9.75 -60.0 3.6263305825616556 1 
0000 0008 6 1670919627621877 -58.5625 -68.0 5.663457068873787 1 
0000 0003 6 1670919627623066 45.5625 -74.0 0.0674951546669682 1 
0000 0004 6 1670919627630356 -32.5 -69.0 4.252194744018997 1 
0000 0009 6 1670919627634140 -34.9375 -62.5 4.963961829597935 1 
0000 0005 6 1670919627636467 0.0 -58.0 1.7916895602504288 1 
0000 0011 6 1670919627640776 16.25 -58.0 1.0246991663076084 1 
0000 0007 6 1670919627646955 48.8125 -64.5 3.785864584501762 1 
0000 0012 6 1670919627655334 6.5 -65.0 0.11044661672776616 1 
0000 0009 7 1670919627685437 -201.8125 -69.0 1.4726215563702154 1 
0000 0005 7 1670919627689655 -32.5 -67.5 5.246214294568893 1 
0000 0015 7 1670919627690618 91.125 -62.0 4.663301595172349 1 
0000 0012 7 1670919627705177 -87.0625 -69.5 0.07363107781851078 1 
0000 0003 7 1670919627710307 110.625 -70.0 5.190990986205009 1 
0000 0013 7 1670919627711181 -16.25 -63.5 0.7240389318820226 1 
0000 0007 8 1670919627762079 -91.125 -64.5 5.086680292628786 1 
0000 0005 8 1670919627776915 -73.1875 -64.0 6.117515382087937 1 
0000 0013 8 1670919627784284 68.3125 -68.0 3.2336315008629315 1 
0000 0012 8 1670919627786875 156.1875 -70.5 1.662835174068035 1 
0000 0004 8 1670919627794511 -22.75 -72.0 4.399456899656019 1 
0000 0004 1 1670919628008097 0.0 -62.0 0.1902136176978195 1 
0000 0015 1 1670919628011362 65.0625 -70.5 2.5341362615870793 1 
0000 0006 1 1670919628019133 26.0 -63.0 1.4603497100671303 1 
0000 0014 1 1670919628027039 13.0 -65.5 1.4419419406125027 1 
0000 0005 1 1670919628028028 -3.25 -65.5 1.325359400733194 1 
0000 0004 2 1670919628067228 -81.375 -66.5 1.6014759425526093 1 
0000 0009 3 1670919628137587 41.5 -63.5 0.0674951546669682 1 
0000 0000 3 1670919628138521 -61.8125 -67.0 2.184388641949153 1 
0000 0010 3 1670919628146315 -9.75 -59.0 0.6872233929727672 1 
0000 0013 3 1670919628148000 -16.25 -65.5 3.423845118560751 1 
0000 0008 3 1670919628149193 -61.8125 -63.0 4.73693267299086 1 
0000 0004 3 1670919628151390 -172.5 -64.5 4.847379289718626 1 
0000 0012 3 1670919628152792 -91.125 -62.5 0.9019807032767571 1 
0000 0011 3 1670919628156168 39.0 -63.5 4.270602513473625 1 
0000 0005 3 1670919628161079 -123.6875 -66.5 1.2762720155208536 1 
0000 0015 4 1670919628208468 13.0 -68.0 5.3627968344482015 1 
0000 0004 4 1670919628211322 26.0 -62.0 3.6324665057131984 1 
0000 0010 4 1670919628212271 -13.0 -57.5 1.2210487071569704 1 
0000 0005 4 1670919628213459 19.5 -63.0 1.7303303287350031 1 
0000 0014 4 1670919628214439 29.25 -72.0 1.0062913968529805 1 
0000 0009 4 1670919628216348 17.0625 -56.0 1.423534171157875 1 
0000 0011 4 1670919628218055 39.0 -64.5 2.073942025221387 1 
0000 0012 4 1670919628219228 58.5625 -61.0 3.000466421104314 1 
0000 0007 4 1670919628222527 65.0625 -68.0 0.5951845456996288 1 
0000 0001 4 1670919628223507 52.0625 -63.5 1.2087768608538851 1 
0000 0008 4 1670919628225450 45.5625 -64.0 3.153864499892878 1 
0000 0006 4 1670919628227620 3.25 -62.0 2.84706834231575 1 
0000 0002 4 1670919628231465 -16.25 -73.0 2.834796496012665 1 
0000 0013 4 1670919628234727 0.0 -71.5 5.835262917116979 1 
0000 0012 5 1670919628269109 6.5 -64.5 2.8409324191642074 1 
0000 0001 5 1670919628271024 -71.5625 -66.5 5.66959299202533 1 
0000 0009 5 1670919628273923 -3.25 -55.5 1.2455923997631406 1 
0000 0004 5 1670919628274932 -26.0 -59.0 2.325514874434632 1 
0000 0015 5 1670919628276374 -13.0 -64.5 2.399145952253143 1 
0000 0006 5 1670919628281756 6.5 -64.0 3.902447124381071 1 
0000 0010 5 1670919628284975 6.5 -62.5 0.7363107781851077 1 
0000 0005 5 1670919628292393 -107.375 -65.5 4.135612204139688 1 
0000 0011 5 1670919628293432 78.0625 -63.0 3.380893656499953 1 
0000 0000 5 1670919628294620 -58.5625 -61.5 3.3379421944391554 1 
0000 0015 6 1670919628337316 -16.25 -65.5 2.8532042654672924 1 
0000 0007 6 1670919628340824 13.0 -59.0 2.6200391857086753 1 
0000 0009 6 1670919628342961 7.3125 -54.5 2.8961557275280905 1 
0000 0014 6 1670919628345467 -26.0 -72.0 4.516039439535327 1 
0000 0005 6 1670919628350260 -19.5 -53.0 5.890486225480862 1 
0000 0006 6 1670919628355371 -68.3125 -68.5 0.32520392703175593 1 
0000 0004 6 1670919628358117 6.5 -61.0 1.9082721001297376 1 
0000 0012 6 1670919628360400 52.0625 -71.0 3.380893656499953 1 
0000 0011 6 1670919628362559 -32.5 -65.5 4.908738521234052 1 
0000 0001 6 1670919628365960 -71.5625 -66.0 4.2031073588066565 1 
0000 0008 7 1670919628406572 113.875 -68.0 1.7241944055834606 1 
0000 0015 7 1670919628422088 -71.5625 -72.0 4.239922897715912 1 
0000 0005 8 1670919628475149 -55.3125 -65.0 5.964117303299373 1 
0000 0007 8 1670919628478258 84.625 -69.5 4.663301595172349 1 
0000 0015 8 1670919628479462 -110.625 -71.0 3.356349963893783 1 
0000 0008 1 1670919628730019 9.75 -68.5 5.853670686571607 1 
0000 0007 1 1670919628734267 -52.0625 -70.0 1.055378782065321 1 
0000 0006 2 1670919628796132 -172.5 -70.5 1.3744467859455345 1 
0000 0007 3 1670919628838174 87.875 -69.0 2.497320722677824 1 
0000 0004 3 1670919628848316 91.125 -71.0 4.755340442445488 1 
0000 0014 3 1670919628849505 -126.9375 -66.0 3.7981364308048478 1 
0000 0001 4 1670919628902561 -13.0 -59.5 4.755340442445488 1 
0000 0006 4 1670919628903484 13.0 -66.5 5.5100589900852235 1 
0000 0004 4 1670919628907278 -9.75 -66.0 4.945554060143307 1 
0000 0015 4 1670919628913970 65.0625 -70.0 2.564815877344792 1 
0000 0014 4 1670919628915452 7.3125 -72.0 4.325825821837508 1 
0000 0006 5 1670919628949684 -71.5625 -68.5 5.338253141842031 1 
0000 0005 5 1670919628951200 -136.6875 -71.5 2.8838838812250054 1 
0000 0014 5 1670919628954131 -3.25 -67.0 1.9757672547967058 1 
0000 0015 5 1670919628958480 74.8125 -70.5 0.07976700097005335 1 
0000 0000 5 1670919628961897 16.25 -72.0 4.6448938257177215 1 
0000 0007 5 1670919628963936 6.5 -67.0 3.6692820446224537 1 
0000 0006 6 1670919628987175 6.5 -69.0 0.5767767762450011 1 
0000 0000 6 1670919628992539 -45.5625 -70.0 2.6998061866787286 1 
0000 0005 6 1670919628994604 -13.0 -72.0 5.553010452146021 1 
0000 0007 6 1670919628996872 35.75 -63.5 4.516039439535327 1 
0000 0015 6 1670919629003570 32.5 -62.5 2.2580197197676637 1 
0000 0001 6 1670919629004492 35.75 -67.5 0.9633399347921826 1 
0000 0004 6 1670919629006053 -84.625 -73.0 2.9022916506796332 1 
0000 0007 7 1670919629064800 172.5 -71.5 5.71868037723767 1 
0000 0006 8 1670919629110955 -65.0625 -71.0 4.460816131171445 1 
0000 0007 1 1670919629360359 13.0 -68.5 0.4356505437595221 1 
0000 0006 1 1670919629363877 94.375 -72.0 1.9757672547967058 1 
0000 0006 2 1670919629396825 -3.25 -66.0 0.5890486225480862 1 
0000 0008 3 1670919629436262 13.0 -66.0 2.859340188618835 1 
0000 0006 3 1670919629443230 -6.5 -67.5 6.240233845118788 1 
0000 0001 3 1670919629445259 22.75 -68.0 2.6200391857086753 1 
0000 0007 3 1670919629446224 -205.0625 -66.5 3.1354567304382504 1 
0000 0000 3 1670919629451453 -130.1875 -68.0 4.828971520263998 1 
0000 0007 4 1670919629522326 -16.25 -69.0 0.1902136176978195 1 
0000 0015 4 1670919629524931 -48.8125 -64.5 3.000466421104314 1 
0000 0006 4 1670919629526364 29.25 -65.5 5.9088939949354895 1 
0000 0001 4 1670919629533415 3.25 -62.5 3.399301425954581 1 
0000 0004 4 1670919629535317 42.3125 -66.5 4.970097752749477 1 
0000 0000 5 1670919629580981 84.625 -70.0 4.558990901596125 1 
0000 0014 5 1670919629587199 -74.8125 -66.0 2.024854640009046 1 
0000 0007 5 1670919629588303 -74.8125 -66.5 2.8838838812250054 1 
0000 0005 5 1670919629597265 427.1875 -71.5 1.184233168247715 1 
0000 0006 5 1670919629617841 78.0625 -72.5 4.933282213840222 1 
0000 0005 6 1670919629647342 -45.5625 -74.5 5.970253226450915 1 
0000 0006 6 1670919629651868 97.625 -68.0 0.9203884727313847 1 
0000 0015 6 1670919629652858 -3.25 -63.5 3.031146036862027 1 
0000 0000 6 1670919629656897 -68.3125 -70.0 2.2396119503130363 1 
0000 0007 6 1670919629662741 -6.5 -62.0 5.080544369477243 1 
0000 0001 6 1670919629664617 -26.0 -67.0 1.3069516312785663 1 
0000 0007 7 1670919629706573 6.5 -68.5 5.835262917116979 1 
0000 0006 8 1670919629764470 -159.5 -70.0 4.651029748869264 1 
0000 0007 1 1670919630002766 -74.8125 -69.5 0.4540583132141498 1 
0000 0006 1 1670919630009816 -22.75 -68.5 2.5893595699509624 1 
0000 0006 2 1670919630040031 -32.5 -64.0 0.760854470791278 1 
0000 0008 3 1670919630088871 22.75 -64.0 2.5832236467994196 1 
0000 0015 3 1670919630094311 126.9375 -70.0 3.6876898140770815 1 
0000 0000 3 1670919630095626 -71.5625 -67.5 4.638757902566179 1 
0000 0006 3 1670919630102387 87.875 -68.5 6.013204688511713 1 
0000 0007 3 1670919630104058 39.0 -66.0 2.662990647769473 1 
0000 0001 3 1670919630109250 143.1875 -69.5 1.8775924843720249 1 
0000 0004 3 1670919630115689 257.125 -69.5 4.147884050442774 1 
0000 0015 4 1670919630136431 52.0625 -63.5 3.055689729468197 1 
0000 0006 4 1670919630144031 -55.3125 -64.0 0.23930100291016002 1 
0000 0001 4 1670919630145672 -87.875 -65.5 3.448388811166921 1 
0000 0004 4 1670919630149245 3.25 -66.5 5.160311370447297 1 
0000 0000 4 1670919630150297 -29.25 -72.5 2.3193789512830896 1 
0000 0007 4 1670919630154848 -22.75 -69.5 6.19728238305799 1 
0000 0014 5 1670919630186138 -6.5 -65.0 1.9512235621905356 1 
0000 0007 5 1670919630189583 68.3125 -67.5 2.564815877344792 1 
0000 0000 5 1670919630201416 139.9375 -69.5 4.448544284868359 1 
0000 0005 5 1670919630228608 120.4375 -70.0 1.184233168247715 1 
0000 0015 6 1670919630262965 19.5 -64.0 3.0372819600135696 1 
0000 0001 6 1670919630265875 -100.875 -67.5 1.0921943209745766 1 
0000 0007 6 1670919630269621 9.75 -61.5 5.043728830567988 1 
0000 0000 6 1670919630270812 -45.5625 -69.5 1.8837284075235674 1 
0000 0006 6 1670919630273550 3.25 -69.5 0.8774370106705868 1 
0000 0005 6 1670919630277279 41.5 -74.5 6.0991076126333095 1 
0000 0007 7 1670919630306947 -172.5 -70.0 6.043884304269426 1 
0000 0008 7 1670919630313752 -221.3125 -69.5 3.031146036862027 1 
0000 0006 8 1670919630391865 -169.25 -70.5 4.417864669110647 1 
0000 0007 1 1670919630612341 3.25 -71.0 0.2761165418194154 1 
0000 0006 1 1670919630613281 39.0 -70.0 2.6139032625571326 1 
0000 0006 2 1670919630666394 35.75 -64.5 0.5460971604872883 1 
