0005 0013 1 1670919678882603 -16.25 -70.0 5.485515297479052 13 
0005 0006 1 1670919678884063 -100.875 -68.0 2.1905245651006955 13 
0005 0004 1 1670919678900752 13.0 -71.5 2.8654761117703775 13 
0005 0005 2 1670919678928515 -225.375 -70.0 5.203262832508095 13 
0005 0004 3 1670919679024065 45.5625 -64.5 1.576932249946439 13 
0005 0006 3 1670919679025963 26.0 -66.0 0.9940195505498954 13 
0005 0014 3 1670919679062084 16.25 -68.5 1.1596894756415448 13 
0005 0004 4 1670919679104992 -30.875 -62.5 0.0 13 
0005 0006 4 1670919679121174 -58.5625 -64.0 4.417864669110647 13 
0005 0005 4 1670919679131722 -7.3125 -69.5 5.056000676871073 13 
0005 0013 4 1670919679134918 -84.625 -72.5 3.6754179677739964 13 
0005 0010 5 1670919679160150 65.0625 -69.0 0.7915340865489908 13 
0005 0015 5 1670919679168159 266.875 -68.0 2.662990647769473 13 
0005 0014 5 1670919679170348 -22.75 -65.0 5.203262832508095 13 
0005 0004 5 1670919679171552 114.6875 -65.0 1.8775924843720249 13 
0005 0011 5 1670919679174836 45.5625 -67.5 0.28838838812250056 13 
0005 0006 5 1670919679181585 9.75 -63.0 1.1351457830353744 13 
0005 0015 6 1670919679234431 13.0 -61.0 0.47860200582032003 13 
0005 0013 6 1670919679235904 6.5 -70.0 6.007068765360171 13 
0005 0011 6 1670919679236886 -68.3125 -62.5 4.8351074434155406 13 
0005 0004 6 1670919679238043 -21.125 -52.5 5.197126909356553 13 
0005 0006 6 1670919679238963 3.25 -57.0 2.82252464970958 13 
0005 0010 6 1670919679239901 13.0 -62.0 0.1043106935762236 13 
0005 0005 6 1670919679245004 -6.5 -66.5 3.2520392703175593 13 
0005 0008 6 1670919679247540 45.5625 -66.0 6.270913460876501 13 
0005 0014 6 1670919679248503 -48.8125 -67.5 0.44178646691106466 13 
0005 0004 7 1670919679289244 -29.25 -62.0 4.025165587411922 13 
0005 0010 7 1670919679291748 -13.0 -61.0 2.9145634969827183 13 
0005 0011 7 1670919679294888 6.5 -57.0 1.8714565612204823 13 
0005 0005 7 1670919679301116 -22.75 -53.0 0.8222137023067037 13 
0005 0006 7 1670919679310234 -32.5 -67.5 5.338253141842031 13 
0005 0015 7 1670919679311707 32.5 -61.5 0.5829126993965437 13 
0005 0003 7 1670919679316583 123.6875 -72.0 1.4603497100671303 13 
0005 0014 8 1670919679368472 6.5 -59.5 0.4356505437595221 13 
0005 0013 8 1670919679380902 107.375 -68.0 2.043262409463674 13 
0005 0015 8 1670919679383041 32.5 -64.0 0.07976700097005335 13 
0005 0006 8 1670919679384290 -58.5625 -71.0 1.0799224746714913 13 
0005 0005 8 1670919679386481 -3.25 -60.0 4.865787059173254 13 
0005 0012 8 1670919679390432 78.0625 -70.5 5.178719139901925 13 
0005 0011 8 1670919679391352 -3.25 -66.5 2.0064468705544187 13 
0005 0007 8 1670919679393916 -3.25 -71.0 0.16566992509164924 13 
0005 0003 8 1670919679394895 29.25 -74.5 2.030990563160589 13 
0005 0006 1 1670919679622357 -188.75 -68.5 2.4605051837685683 13 
0005 0013 1 1670919679639174 107.375 -70.0 5.338253141842031 13 
0005 0004 1 1670919679650154 -166.8125 -72.0 2.9759227284981438 13 
0005 0006 3 1670919679750491 -39.0 -65.0 0.9510680884890975 13 
0005 0004 3 1670919679759814 83.0 -65.0 1.5401167110371838 13 
0005 0014 3 1670919679778147 -48.8125 -70.0 1.239456476611598 13 
0005 0006 4 1670919679826914 32.5 -64.0 4.301282129231338 13 
0005 0005 4 1670919679836723 21.125 -71.5 4.994641445355648 13 
0005 0004 4 1670919679847250 38.1875 -62.5 6.117515382087937 13 
0005 0013 4 1670919679851334 130.1875 -73.0 3.313398501832985 13 
0005 0010 5 1670919679890718 -32.5 -67.0 0.7792622402459057 13 
0005 0004 5 1670919679894642 13.0 -64.5 1.9696313316451632 13 
0005 0014 5 1670919679897233 -107.375 -66.0 5.117359908386499 13 
0005 0015 5 1670919679898667 -113.875 -67.5 3.32567034813607 13 
0005 0006 5 1670919679899612 -6.5 -63.5 1.1535535524900022 13 
0005 0011 5 1670919679901059 -19.5 -69.0 0.3129320807286708 13 
0005 0015 6 1670919679948517 -39.0 -61.5 0.607456392002714 13 
0005 0004 6 1670919679951159 21.125 -53.0 5.135767677841127 13 
0005 0006 6 1670919679953251 6.5 -57.0 2.761165418194154 13 
0005 0011 6 1670919679955378 -26.0 -63.0 4.6878452877785195 13 
0005 0008 6 1670919679957484 -16.25 -65.5 0.1349903093339364 13 
0005 0010 6 1670919679972957 -6.5 -61.5 0.0859029241215959 13 
0005 0005 6 1670919679976893 -7.3125 -67.5 3.2090878082567613 13 
0005 0014 6 1670919679978354 35.75 -67.0 0.2638446955163303 13 
0005 0013 6 1670919679981174 78.0625 -70.5 5.8659425328746915 13 
0005 0010 7 1670919680012454 16.25 -61.0 2.8654761117703775 13 
0005 0006 7 1670919680013446 87.875 -66.5 5.1725832167503825 13 
0005 0015 7 1670919680014378 0.0 -60.5 0.6442719309119693 13 
0005 0005 7 1670919680016023 13.8125 -53.0 0.7547185476397354 13 
0005 0011 7 1670919680019340 16.25 -56.5 1.8653206380689396 13 
0005 0004 7 1670919680026826 -26.0 -62.5 3.9944859716542096 13 
0005 0003 7 1670919680039792 -32.5 -71.0 1.41126232485479 13 
0005 0015 8 1670919680070050 39.0 -64.0 6.270913460876501 13 
0005 0013 8 1670919680072926 68.3125 -67.0 2.110757564130642 13 
0005 0003 8 1670919680078304 -107.375 -73.5 2.172116795646068 13 
0005 0014 8 1670919680085433 61.8125 -59.5 0.3436116964863836 13 
0005 0005 8 1670919680095709 -19.5 -60.0 4.859651136021712 13 
0005 0011 8 1670919680096663 48.8125 -65.5 1.9266798695843652 13 
0005 0007 8 1670919680099076 55.3125 -71.5 0.14726215563702155 13 
0005 0012 8 1670919680101485 48.8125 -70.5 5.160311370447297 13 
0005 0006 8 1670919680102675 58.5625 -69.5 1.043106935762236 13 
0005 0013 1 1670919680322527 3.25 -70.0 5.411884219660542 13 
0005 0004 1 1670919680323973 76.4375 -72.0 2.748893571891069 13 
0005 0006 1 1670919680331207 -87.875 -68.0 2.2580197197676637 13 
0005 0006 3 1670919680457641 22.75 -65.5 0.8958447801252144 13 
0005 0004 3 1670919680461708 29.25 -64.5 1.6382914814618648 13 
0005 0014 3 1670919680488149 91.125 -69.0 1.1106020904292042 13 
0005 0004 4 1670919680521506 -24.375 -63.0 6.270913460876501 13 
0005 0006 4 1670919680522425 -3.25 -63.5 4.3074180523828804 13 
0005 0013 4 1670919680542165 42.3125 -73.0 3.472932503773092 13 
0005 0005 4 1670919680545860 26.0 -70.5 5.049864753719531 13 
0005 0006 5 1670919680576560 -29.25 -64.5 1.1290098598838318 13 
0005 0010 5 1670919680579791 -68.3125 -67.5 0.8774370106705868 13 
0005 0014 5 1670919680580981 -32.5 -65.5 5.123495831538041 13 
0005 0015 5 1670919680582188 -117.125 -68.5 3.411573272257666 13 
0005 0004 5 1670919680584594 45.5625 -64.0 1.8714565612204823 13 
0005 0011 5 1670919680593540 -26.0 -67.5 0.39269908169872414 13 
0005 0004 6 1670919680647642 3.25 -53.0 5.123495831538041 13 
0005 0014 6 1670919680650450 39.0 -67.5 0.22089323345553233 13 
0005 0006 6 1670919680652553 13.0 -56.5 2.6875343403756435 13 
0005 0011 6 1670919680665369 22.75 -62.5 4.595806440505381 13 
0005 0010 6 1670919680666830 48.8125 -62.0 0.006135923151542565 13 
0005 0015 6 1670919680670514 26.0 -61.0 0.4908738521234052 13 
0005 0008 6 1670919680684773 -3.25 -66.0 0.02454369260617026 13 
0005 0013 6 1670919680688368 -55.3125 -70.5 5.829126993965437 13 
0005 0005 6 1670919680689642 -38.1875 -67.0 3.2643111166206444 13 
0005 0011 7 1670919680730476 -39.0 -57.0 1.945087639038993 13 
0005 0005 7 1670919680732581 24.375 -53.0 0.7731263170943632 13 
0005 0010 7 1670919680733761 -35.75 -60.5 2.9084275738311756 13 
0005 0006 7 1670919680735164 -58.5625 -67.5 5.43029198911517 13 
0005 0015 7 1670919680736551 -3.25 -60.5 0.6258641614573416 13 
0005 0004 7 1670919680743627 -13.8125 -62.0 3.9147189706841563 13 
0005 0003 7 1670919680748747 -16.25 -71.0 1.662835174068035 13 
0005 0007 8 1670919680829308 -26.0 -72.0 0.1595340019401067 13 
0005 0011 8 1670919680834109 6.5 -66.0 2.0800779483729293 13 
0005 0014 8 1670919680841670 -29.25 -59.5 0.4970097752749477 13 
0005 0005 8 1670919680842643 -9.75 -60.0 4.890330751779424 13 
0005 0015 8 1670919680851187 84.625 -64.0 6.258641614573416 13 
0005 0012 8 1670919680852830 104.125 -70.0 5.049864753719531 13 
0005 0013 8 1670919680855800 3.25 -67.5 2.1537090261914402 13 
0005 0003 8 1670919680858098 159.5 -74.5 1.9819031779482483 13 
0005 0006 8 1670919680868890 -35.75 -70.5 1.1228739367322893 13 
0005 0006 1 1670919681086607 -91.125 -68.5 2.399145952253143 13 
0005 0013 2 1670919681172955 48.8125 -70.5 0.3865631585471816 13 
0005 0004 2 1670919681174129 73.1875 -68.0 1.086058397823034 13 
0005 0012 3 1670919681209317 162.75 -70.0 6.166602767300278 13 
0005 0004 3 1670919681226420 139.125 -66.5 1.7548740213411735 13 
0005 0014 3 1670919681229151 162.75 -68.5 1.0615147052168636 13 
0005 0006 3 1670919681232548 -22.75 -68.0 3.2949907323783574 13 
0005 0004 4 1670919681288748 27.625 -69.0 5.092816215780329 13 
0005 0011 4 1670919681290677 -94.375 -69.0 0.2945243112740431 13 
0005 0012 4 1670919681294106 -9.75 -63.5 0.5645049299419159 13 
0005 0006 4 1670919681314436 45.5625 -64.0 6.056156150572511 13 
0005 0010 5 1670919681341895 52.0625 -64.5 2.2396119503130363 13 
0005 0014 5 1670919681349052 -74.8125 -68.5 5.651185222570702 13 
0005 0015 5 1670919681351295 -35.75 -67.5 2.767301341345697 13 
0005 0011 5 1670919681356296 -393.8125 -70.5 2.6568547246179306 13 
0005 0015 6 1670919681401409 52.0625 -62.0 0.3988350048502667 13 
0005 0004 6 1670919681404232 -7.3125 -54.5 3.859495662320273 13 
0005 0000 6 1670919681408717 58.5625 -67.0 0.9019807032767571 13 
0005 0006 6 1670919681414532 16.25 -57.5 3.4054373491061236 13 
0005 0010 6 1670919681419768 16.25 -60.0 1.3499030933393643 13 
0005 0008 6 1670919681427720 -19.5 -63.0 3.4913402732277192 13 
0005 0005 6 1670919681433921 6.5 -59.5 6.0991076126333095 13 
0005 0005 7 1670919681460771 -6.5 -54.5 2.141437179888355 13 
0005 0000 7 1670919681463716 19.5 -62.0 0.2638446955163303 13 
0005 0011 7 1670919681467519 -13.0 -56.5 3.8840393549264434 13 
0005 0014 7 1670919681469671 159.5 -69.0 2.5402721847386216 13 
0005 0004 7 1670919681470618 -52.0625 -66.0 1.607611865704152 13 
0005 0007 7 1670919681476030 65.0625 -69.5 1.0369710126106935 13 
0005 0015 7 1670919681477432 42.3125 -66.0 1.2701360923693108 13 
0005 0006 7 1670919681483879 -175.75 -70.0 4.9394181369917645 13 
0005 0001 7 1670919681485267 286.4375 -72.5 1.8837284075235674 13 
0005 0014 8 1670919681516869 -29.25 -63.0 0.4479223900626072 13 
0005 0015 8 1670919681522960 48.8125 -70.0 0.25157284921324513 13 
0005 0011 8 1670919681533479 9.75 -63.0 2.1905245651006955 13 
0005 0005 8 1670919681536098 9.75 -60.5 0.1227184630308513 13 
0005 0007 8 1670919681543982 91.125 -69.0 1.4542137869155878 13 
0005 0000 8 1670919681544917 81.375 -68.5 2.055534255766759 13 
0005 0004 4 1670919681889721 -45.5625 -69.5 5.516194913236766 13 
0005 0008 4 1670919681899445 -74.8125 -67.5 2.5157284921324514 13 
0005 0005 4 1670919681900421 87.875 -71.5 2.043262409463674 13 
0005 0006 4 1670919681902987 -39.0 -66.5 4.460816131171445 13 
0005 0006 5 1670919681930452 6.5 -56.5 1.1351457830353744 13 
0005 0008 5 1670919681933166 0.0 -63.5 2.8532042654672924 13 
0005 0015 5 1670919681935356 104.125 -65.5 2.0923497946760143 13 
0005 0004 5 1670919681936742 41.5 -66.5 0.5031456984264903 13 
0005 0010 5 1670919681947496 143.1875 -69.0 3.7429131224409646 13 
0005 0011 5 1670919681956028 3.25 -70.5 1.6198837120072371 13 
0005 0004 6 1670919681996155 10.5625 -61.0 0.0 13 
0005 0008 6 1670919681998507 -13.0 -60.5 3.3747577333484107 13 
0005 0005 6 1670919682001991 -87.0625 -70.0 0.25770877236478773 13 
0005 0011 6 1670919682003392 22.75 -60.5 3.043417883165112 13 
0005 0015 6 1670919682011537 42.3125 -63.0 0.7731263170943632 13 
0005 0010 6 1670919682013438 71.5625 -66.5 1.2885438618239387 13 
0005 0006 6 1670919682014639 9.75 -59.5 1.6996507129772904 13 
0005 0007 7 1670919682046177 16.25 -67.5 1.6996507129772904 13 
0005 0011 7 1670919682050394 35.75 -59.0 4.933282213840222 13 
0005 0005 7 1670919682053690 13.8125 -56.5 2.6568547246179306 13 
0005 0008 7 1670919682057269 -81.375 -64.5 1.607611865704152 13 
0005 0004 7 1670919682058247 -131.8125 -67.0 5.516194913236766 13 
0005 0014 7 1670919682061120 -107.375 -64.5 2.5341362615870793 13 
0005 0000 7 1670919682063170 -6.5 -66.5 5.712544454086128 13 
0005 0006 7 1670919682073139 61.8125 -70.0 0.7731263170943632 13 
0005 0011 8 1670919682112581 -6.5 -58.0 3.3011266555298997 13 
0005 0008 8 1670919682115034 -19.5 -58.0 3.9147189706841563 13 
0005 0014 8 1670919682115996 3.25 -62.0 0.8713010875190442 13 
0005 0015 8 1670919682120519 32.5 -70.0 0.3620194659410113 13 
0005 0005 8 1670919682125549 -3.25 -60.0 2.000310947402876 13 
0005 0006 2 1670919682401249 120.4375 -69.0 2.509592568980909 13 
0005 0004 3 1670919682440055 7.3125 -69.0 0.5154175447295755 13 
0005 0005 3 1670919682453103 187.125 -70.5 0.6504078540635119 13 
0005 0006 4 1670919682504710 -26.0 -66.5 0.4111068511533518 13 
0005 0004 4 1670919682514592 3.25 -63.5 4.1417481272912315 13 
0005 0010 5 1670919682547686 -9.75 -61.5 4.356505437595221 13 
0005 0006 5 1670919682553510 3.25 -60.0 0.04908738521234052 13 
0005 0015 5 1670919682557107 104.125 -64.5 2.012582793705961 13 
0005 0008 5 1670919682560758 -16.25 -67.0 1.3192234775816514 13 
0005 0004 5 1670919682564914 -10.5625 -64.5 0.8160777791551611 13 
0005 0011 6 1670919682598952 -110.625 -66.0 4.693981210930062 13 
0005 0010 6 1670919682602181 3.25 -64.5 0.4479223900626072 13 
0005 0005 6 1670919682603086 -16.25 -63.5 4.865787059173254 13 
0005 0004 6 1670919682607432 -38.1875 -57.5 3.9699422790480394 13 
0005 0008 6 1670919682608380 -6.5 -60.5 1.761009944492716 13 
0005 0006 6 1670919682609372 -19.5 -57.5 0.8160777791551611 13 
0005 0015 6 1670919682613189 13.0 -63.5 0.705631162427395 13 
0005 0011 7 1670919682649428 6.5 -56.0 6.166602767300278 13 
0005 0007 7 1670919682651457 39.0 -67.5 0.6688156235181395 13 
0005 0005 7 1670919682655874 -27.625 -56.0 1.6812429435226628 13 
0005 0009 7 1670919682666822 -130.1875 -71.0 4.963961829597935 13 
0005 0008 7 1670919682668164 9.75 -63.5 6.215690152512618 13 
0005 0000 7 1670919682671503 71.5625 -69.0 5.258486140871978 13 
0005 0014 7 1670919682679201 48.8125 -65.0 2.552544031041707 13 
0005 0015 7 1670919682685939 58.5625 -70.5 3.9208548938356986 13 
0005 0003 7 1670919682688115 -143.1875 -72.0 4.301282129231338 13 
0005 0001 7 1670919682694275 -195.25 -71.5 2.405281875404685 13 
0005 0011 8 1670919682732199 -13.0 -58.0 3.3318062712876126 13 
0005 0005 8 1670919682734370 34.9375 -61.5 0.7976700097005334 13 
0005 0008 8 1670919682736356 -19.5 -57.5 3.509748042682347 13 
0005 0015 8 1670919682737560 0.0 -70.0 0.4356505437595221 13 
0005 0014 8 1670919682739222 -35.75 -62.0 0.9510680884890975 13 
0005 0004 1 1670919682973796 -130.1875 -73.5 5.221670601962723 13 
0005 0004 3 1670919683073707 48.8125 -68.5 0.7547185476397354 13 
0005 0006 4 1670919683125919 120.4375 -66.5 0.42337869745643697 13 
0005 0004 4 1670919683134118 -10.5625 -62.5 4.4362724385652745 13 
0005 0006 5 1670919683192919 84.625 -59.5 6.062292073724054 13 
0005 0015 5 1670919683194595 -78.0625 -64.0 2.3193789512830896 13 
0005 0005 5 1670919683197162 21.125 -70.0 6.215690152512618 13 
0005 0010 5 1670919683199002 26.0 -61.0 4.319689898685965 13 
0005 0004 5 1670919683202474 73.1875 -65.5 0.5338253141842031 13 
0005 0008 5 1670919683206367 16.25 -66.5 1.227184630308513 13 
0005 0006 6 1670919683236960 13.0 -58.0 0.6381360077604268 13 
0005 0010 6 1670919683238977 74.8125 -64.0 0.32520392703175593 13 
0005 0008 6 1670919683242344 -3.25 -60.5 1.6444274046134073 13 
0005 0005 6 1670919683244029 -3.25 -63.5 4.743068596142402 13 
0005 0004 6 1670919683246179 27.625 -58.0 3.773592738198677 13 
0005 0015 6 1670919683250972 32.5 -63.0 0.6749515466696822 13 
0005 0011 6 1670919683256733 48.8125 -67.0 4.534447208989955 13 
0005 0007 7 1670919683287661 9.75 -68.0 0.8099418560036186 13 
0005 0000 7 1670919683292110 -100.875 -68.0 5.626641529964532 13 
0005 0011 7 1670919683295330 13.0 -56.0 6.252505691421874 13 
0005 0014 7 1670919683296410 48.8125 -65.0 2.466641106920111 13 
0005 0005 7 1670919683298586 3.25 -56.5 1.6137477888556946 13 
0005 0008 7 1670919683304847 -42.3125 -64.0 6.135923151542564 13 
0005 0009 7 1670919683306408 -39.0 -70.5 4.9394181369917645 13 
0005 0004 7 1670919683316790 -125.3125 -70.5 4.104932588381976 13 
0005 0001 7 1670919683338261 69.125 -72.0 2.2334760271614935 13 
0005 0011 8 1670919683372821 29.25 -58.0 3.2459033471660166 13 
0005 0014 8 1670919683374632 -39.0 -61.5 0.9572040116406401 13 
0005 0008 8 1670919683376089 -3.25 -57.5 3.3870295796514958 13 
0005 0005 8 1670919683382061 17.0625 -61.5 0.8222137023067037 13 
0005 0015 8 1670919683388556 29.25 -70.0 0.2638446955163303 13 
0005 0006 2 1670919683670288 -74.8125 -70.5 2.9145634969827183 13 
0005 0004 3 1670919683700744 21.125 -68.0 0.7976700097005334 13 
0005 0005 3 1670919683710521 62.625 -70.5 0.8160777791551611 13 
0005 0006 4 1670919683782328 -68.3125 -66.5 0.6320000846088841 13 
0005 0004 4 1670919683789467 -41.5 -62.5 4.424000592262189 13 
