0008 0010 1 1670919700798142 13.0 -62.0 6.234097921967246 4 
0008 0013 1 1670919700799484 -19.5 -55.5 3.9269908169872414 4 
0008 0007 1 1670919700802106 6.5 -68.5 2.110757564130642 4 
0008 0008 1 1670919700806992 -172.5 -66.0 3.56497135104623 4 
0008 0015 1 1670919700808170 -65.0625 -68.0 4.006757817957295 4 
0008 0009 1 1670919700810782 9.75 -55.0 0.04908738521234052 4 
0008 0004 1 1670919700812254 -24.375 -61.0 5.829126993965437 4 
0008 0005 1 1670919700814408 48.8125 -62.0 0.5583690067903734 4 
0008 0000 1 1670919700816846 81.375 -68.5 2.270291566070749 4 
0008 0012 1 1670919700817808 -136.6875 -64.5 2.804116880254952 4 
0008 0011 1 1670919700819643 52.0625 -59.5 2.061670178918302 4 
0008 0009 2 1670919700867197 13.8125 -60.5 2.442097414313941 4 
0008 0005 2 1670919700868160 125.3125 -63.5 4.632621979414636 4 
0008 0012 2 1670919700869419 22.75 -61.0 3.6447383520162835 4 
0008 0011 2 1670919700872844 -10.5625 -51.0 4.847379289718626 4 
0008 0006 2 1670919700873780 -97.625 -67.0 3.7551849687440497 4 
0008 0004 2 1670919700875700 9.75 -59.0 5.516194913236766 4 
0008 0013 2 1670919700878547 13.0 -56.0 0.8283496254582462 4 
0008 0010 2 1670919700879781 -169.25 -63.0 5.45483568172134 4 
0008 0008 2 1670919700882270 74.8125 -68.5 1.3192234775816514 4 
0008 0001 2 1670919700883594 7.3125 -61.5 4.147884050442774 4 
0008 0014 2 1670919700884529 -22.75 -64.0 4.7307967498393175 4 
0008 0015 2 1670919700885450 6.5 -63.0 3.7551849687440497 4 
0008 0005 3 1670919700934274 -113.875 -69.5 0.6688156235181395 4 
0008 0004 3 1670919700974438 13.8125 -70.0 3.153864499892878 4 
0008 0005 4 1670919701018557 -3.25 -67.5 5.4671075280244255 4 
0008 0013 5 1670919701083912 -123.6875 -67.5 3.816544200259475 4 
0008 0001 5 1670919701102297 139.125 -69.5 5.737088146692298 4 
0008 0015 6 1670919701154941 -29.25 -70.5 5.681864838328415 4 
0008 0004 6 1670919701156823 19.5 -69.5 3.859495662320273 4 
0008 0012 6 1670919701162377 16.25 -69.0 3.2397674240144743 4 
0008 0013 6 1670919701169604 -97.625 -71.0 0.9756117810952678 4 
0008 0005 6 1670919701171782 24.375 -70.5 5.884350302329319 4 
0008 0007 7 1670919701198072 32.5 -66.0 1.4787574795217582 4 
0008 0014 7 1670919701200835 -19.5 -62.0 1.2210487071569704 4 
0008 0004 7 1670919701204126 10.5625 -58.5 0.36815538909255385 4 
0008 0011 7 1670919701209218 24.375 -69.5 0.2761165418194154 4 
0008 0010 7 1670919701214961 22.75 -57.0 2.172116795646068 4 
0008 0001 7 1670919701218653 -13.8125 -65.5 0.8344855486097889 4 
0008 0015 7 1670919701222590 16.25 -66.0 5.675728915176872 4 
0008 0012 7 1670919701224566 117.125 -71.0 2.662990647769473 4 
0008 0004 8 1670919701268214 17.0625 -59.0 1.4848934026733007 4 
0008 0013 8 1670919701269644 -68.3125 -70.5 1.5278448647340985 4 
0008 0010 8 1670919701272519 -13.0 -63.0 4.773748211900116 4 
0008 0011 8 1670919701273720 30.875 -64.5 2.12916533358527 4 
0008 0006 8 1670919701275147 -41.5 -65.5 2.2948352586769194 4 
0008 0012 8 1670919701276066 -32.5 -64.5 3.9208548938356986 4 
0008 0009 8 1670919701277779 -22.75 -61.0 4.755340442445488 4 
0008 0005 8 1670919701285313 7.3125 -62.5 1.6382914814618648 4 
0008 0014 8 1670919701294625 -61.8125 -66.0 6.22182607566416 4 
0008 0015 8 1670919701295805 104.125 -71.5 2.82252464970958 4 
0008 0008 8 1670919701297605 26.0 -66.0 2.9943304979527716 4 
0008 0004 1 1670919701519314 -19.5 -61.0 5.878214379177777 4 
0008 0009 1 1670919701522641 -22.75 -55.0 0.1227184630308513 4 
0008 0011 1 1670919701523571 17.0625 -60.0 2.1230294104337273 4 
0008 0013 1 1670919701525057 -42.3125 -55.5 3.9760782021995817 4 
0008 0010 1 1670919701527875 -52.0625 -62.0 0.0859029241215959 4 
0008 0005 1 1670919701528805 10.5625 -62.0 0.6013204688511713 4 
0008 0000 1 1670919701538585 -100.875 -68.5 2.6445828783148455 4 
0008 0012 1 1670919701539504 35.75 -64.5 2.466641106920111 4 
0008 0015 1 1670919701546071 -22.75 -67.0 3.9822141253511245 4 
0008 0008 1 1670919701548851 13.0 -65.5 3.356349963893783 4 
0008 0007 1 1670919701552034 -84.625 -69.0 2.5280003384355365 4 
0008 0015 2 1670919701576330 -9.75 -62.5 3.9699422790480394 4 
0008 0012 2 1670919701579150 26.0 -61.0 3.6999616603801666 4 
0008 0001 2 1670919701581552 -62.625 -61.0 4.331961744989051 4 
0008 0013 2 1670919701588095 3.25 -56.0 0.8958447801252144 4 
0008 0014 2 1670919701589498 -61.8125 -64.5 4.816699673960914 4 
0008 0010 2 1670919701590743 -9.75 -63.5 5.301437602932776 4 
0008 0011 2 1670919701593896 0.0 -51.5 4.890330751779424 4 
0008 0005 2 1670919701594804 -24.375 -63.5 4.81056375080937 4 
0008 0009 2 1670919701596501 -48.8125 -60.5 2.4911847995262812 4 
0008 0004 2 1670919701598523 -6.5 -59.0 5.565282298449106 4 
0008 0006 2 1670919701602529 -91.125 -67.5 3.8410878928656453 4 
0008 0008 2 1670919701609058 -26.0 -68.0 1.2701360923693108 4 
0008 0001 3 1670919701668956 340.125 -69.5 1.3499030933393643 4 
0008 0004 3 1670919701678148 -29.25 -69.0 2.779573187648782 4 
0008 0005 3 1670919701680627 -139.125 -66.5 0.7976700097005334 4 
0008 0005 4 1670919701726374 -13.8125 -68.0 5.460971604872882 4 
0008 0013 5 1670919701773084 6.5 -68.5 3.6324665057131984 4 
0008 0012 6 1670919701817193 -130.1875 -69.0 3.472932503773092 4 
0008 0013 6 1670919701821144 -45.5625 -71.0 1.0676506283684062 4 
0008 0015 6 1670919701823966 9.75 -69.5 5.64504929941916 4 
0008 0004 6 1670919701841141 -145.625 -69.0 3.9392626632903265 4 
0008 0005 6 1670919701852611 61.8125 -70.5 5.872078456026235 4 
0008 0001 7 1670919701886238 -3.25 -66.0 0.8467573949128739 4 
0008 0010 7 1670919701888636 42.3125 -57.0 2.12916533358527 4 
0008 0014 7 1670919701893458 0.0 -62.0 1.184233168247715 4 
0008 0007 7 1670919701899271 -39.0 -65.5 1.5462526341887264 4 
0008 0004 7 1670919701900187 10.5625 -58.0 0.4356505437595221 4 
0008 0015 7 1670919701909361 45.5625 -66.0 5.663457068873787 4 
0008 0011 7 1670919701917990 -9.75 -69.0 0.17794177139473438 4 
0008 0012 7 1670919701927819 143.1875 -70.5 2.448233337465483 4 
0008 0004 8 1670919701976955 -9.75 -59.0 1.5953400194010667 4 
0008 0006 8 1670919701980307 -7.3125 -66.0 2.325514874434632 4 
0008 0010 8 1670919701982447 -6.5 -63.0 4.700117134081604 4 
0008 0009 8 1670919701985519 -6.5 -61.5 4.632621979414636 4 
0008 0005 8 1670919701986734 10.5625 -62.0 1.5707963267948966 4 
0008 0012 8 1670919701990333 -6.5 -64.5 3.9453985864418692 4 
0008 0008 8 1670919701994313 45.5625 -65.0 2.988194574801229 4 
0008 0015 8 1670919701995249 -48.8125 -71.0 3.000466421104314 4 
0008 0014 8 1670919701999779 -45.5625 -66.5 6.252505691421874 4 
0008 0013 8 1670919702006704 113.875 -70.0 1.4603497100671303 4 
0008 0011 8 1670919702012925 30.875 -64.0 2.0923497946760143 4 
0008 0012 1 1670919702227857 -35.75 -64.5 2.662990647769473 4 
0008 0000 1 1670919702229152 -152.9375 -68.5 2.3071071049800045 4 
0008 0004 1 1670919702231074 3.25 -61.0 5.853670686571607 4 
0008 0010 1 1670919702233527 35.75 -62.0 0.01227184630308513 4 
0008 0009 1 1670919702234771 3.25 -56.0 0.006135923151542565 4 
0008 0013 1 1670919702235703 -6.5 -55.5 3.9269908169872414 4 
0008 0015 1 1670919702239329 -3.25 -68.5 3.902447124381071 4 
0008 0005 1 1670919702242549 30.875 -62.0 0.5522330836388308 4 
0008 0007 1 1670919702245957 133.4375 -70.5 1.945087639038993 4 
0008 0011 1 1670919702247185 27.625 -59.5 2.0800779483729293 4 
0008 0008 1 1670919702251720 -42.3125 -65.5 3.509748042682347 4 
0008 0008 2 1670919702289437 84.625 -66.0 1.2946797849754812 4 
0008 0009 2 1670919702290383 -3.25 -61.0 2.411417798556228 4 
0008 0014 2 1670919702291348 94.375 -64.5 4.546719055293041 4 
0008 0011 2 1670919702292987 -24.375 -51.0 4.9394181369917645 4 
0008 0013 2 1670919702295380 -22.75 -55.5 0.9387962421860124 4 
0008 0006 2 1670919702297073 7.3125 -68.0 3.767456815047135 4 
0008 0012 2 1670919702298475 -32.5 -61.0 3.77972866135022 4 
0008 0015 2 1670919702299595 -3.25 -63.0 3.810408277107933 4 
0008 0010 2 1670919702301370 -6.5 -64.0 5.338253141842031 4 
0008 0005 2 1670919702302559 48.8125 -63.5 4.706253057233147 4 
0008 0004 2 1670919702305455 -41.5 -58.5 5.651185222570702 4 
0008 0001 2 1670919702306470 -21.125 -60.5 4.491495746929157 4 
0008 0005 3 1670919702380225 -24.375 -67.0 0.6749515466696822 4 
0008 0004 3 1670919702399822 -131.8125 -68.0 3.2029518851052186 4 
0008 0005 4 1670919702460395 -62.625 -67.0 5.534602682691394 4 
0008 0013 5 1670919702515472 -55.3125 -66.5 3.706097583531709 4 
0008 0012 6 1670919702558916 -19.5 -69.0 3.3747577333484107 4 
0008 0005 6 1670919702560204 10.5625 -71.0 5.798447378207723 4 
0008 0015 6 1670919702572230 -26.0 -69.5 5.755495916146925 4 
0008 0013 6 1670919702574905 -78.0625 -71.5 1.0246991663076084 4 
0008 0004 6 1670919702583064 17.0625 -69.5 3.724505352986337 4 
0008 0010 7 1670919702630344 58.5625 -56.5 2.1475731030398975 4 
0008 0015 7 1670919702635864 9.75 -66.5 5.7616318392984684 4 
0008 0014 7 1670919702636843 -22.75 -62.0 1.2517283229146832 4 
0008 0007 7 1670919702638048 9.75 -66.5 1.4296700943094176 4 
0008 0012 7 1670919702640823 68.3125 -70.5 2.6998061866787286 4 
0008 0004 7 1670919702644296 30.875 -57.5 0.46019423636569234 4 
0008 0001 7 1670919702645229 -59.375 -66.5 1.012427320004523 4 
0008 0011 7 1670919702662212 -191.1875 -69.5 0.521553467881118 4 
0008 0006 8 1670919702715749 97.625 -66.0 2.2457478734645786 4 
0008 0015 8 1670919702719138 71.5625 -72.0 2.8654761117703775 4 
0008 0004 8 1670919702722505 -13.0 -58.5 1.6873788666742053 4 
0008 0009 8 1670919702723694 -19.5 -61.5 4.638757902566179 4 
0008 0010 8 1670919702725626 -42.3125 -63.0 4.7860200582032 4 
0008 0005 8 1670919702729771 29.25 -62.0 1.564660403643354 4 
0008 0011 8 1670919702731733 21.125 -64.0 2.141437179888355 4 
0008 0013 8 1670919702739265 -45.5625 -69.5 1.4971652489763858 4 
0008 0008 8 1670919702740214 26.0 -64.5 3.104777114680538 4 
0008 0014 8 1670919702743114 -13.8125 -66.5 6.19728238305799 4 
0008 0012 8 1670919702744304 52.0625 -64.5 3.822680123411018 4 
0008 0009 1 1670919702955860 -9.75 -55.5 0.09203884727313846 4 
0008 0011 1 1670919702960495 30.875 -59.5 2.110757564130642 4 
0008 0010 1 1670919702964578 32.5 -62.0 0.01227184630308513 4 
0008 0012 1 1670919702967354 -52.0625 -64.5 2.5954954931025047 4 
0008 0004 1 1670919702970812 -69.125 -61.5 6.007068765360171 4 
0008 0015 1 1670919702973461 -65.0625 -67.0 3.9822141253511245 4 
0008 0005 1 1670919702974449 3.25 -62.5 0.7915340865489908 4 
0008 0013 1 1670919702975662 0.0 -55.5 3.933126740138784 4 
0008 0000 1 1670919702980758 19.5 -68.0 2.2334760271614935 4 
0008 0008 1 1670919702983318 -16.25 -65.0 3.5158839658338894 4 
0008 0007 1 1670919702988355 -81.375 -70.5 2.552544031041707 4 
0008 0010 2 1670919703016174 3.25 -63.5 5.387340527054372 4 
0008 0009 2 1670919703018416 38.1875 -60.5 2.356194490192345 4 
0008 0008 2 1670919703019774 -6.5 -66.5 1.5033011721279284 4 
0008 0004 2 1670919703020696 -55.3125 -59.0 5.798447378207723 4 
0008 0014 2 1670919703023538 -97.625 -65.0 4.9394181369917645 4 
0008 0013 2 1670919703025459 6.5 -55.5 0.9142525495798421 4 
0008 0015 2 1670919703028673 -13.0 -63.0 3.877903431774901 4 
0008 0011 2 1670919703029926 -10.5625 -51.0 4.957825906446392 4 
0008 0001 2 1670919703031811 -48.8125 -60.0 4.700117134081604 4 
0008 0006 2 1670919703032998 79.75 -69.0 3.8410878928656453 4 
0008 0005 2 1670919703034542 -74.8125 -63.5 5.105088062083414 4 
0008 0012 2 1670919703040074 -6.5 -61.5 3.7429131224409646 4 
0008 0005 3 1670919703111230 -52.0625 -66.5 0.3374757733348411 4 
0008 0004 3 1670919703116449 -17.0625 -69.5 3.153864499892878 4 
0008 0005 4 1670919703188415 -17.0625 -67.5 5.522330836388308 4 
0008 0013 5 1670919703232425 -61.8125 -68.5 3.773592738198677 4 
0008 0004 5 1670919703242888 -198.5625 -71.5 3.4606606574700063 4 
0008 0013 6 1670919703276001 22.75 -71.5 0.7669903939428205 4 
0008 0012 6 1670919703284332 19.5 -69.5 3.2213596545598464 4 
0008 0015 6 1670919703287140 19.5 -69.5 5.6573211457222445 4 
0008 0004 6 1670919703309166 -55.3125 -69.0 3.724505352986337 4 
0008 0005 6 1670919703313170 -83.0 -73.5 5.608233760509904 4 
0008 0001 7 1670919703346495 73.1875 -66.0 1.1167380135807468 4 
0008 0012 7 1670919703349101 -81.375 -70.0 2.7857091108003242 4 
0008 0010 7 1670919703353289 39.0 -57.0 2.2457478734645786 4 
0008 0005 7 1670919703354195 187.125 -72.5 1.8960002538266525 4 
0008 0014 7 1670919703356227 -9.75 -62.0 1.2087768608538851 4 
0008 0015 7 1670919703360849 -39.0 -67.5 5.841398840268521 4 
0008 0004 7 1670919703370384 -13.8125 -57.5 0.6381360077604268 4 
0008 0007 7 1670919703377183 45.5625 -65.5 1.1290098598838318 4 
0008 0011 7 1670919703386205 -149.6875 -69.0 0.4970097752749477 4 
0008 0008 8 1670919703431086 13.0 -63.0 3.552699504743145 4 
0008 0014 8 1670919703433733 -13.0 -67.5 6.209554229361076 4 
0008 0011 8 1670919703435612 38.1875 -63.5 2.116893487282185 4 
0008 0012 8 1670919703436800 -9.75 -64.0 3.810408277107933 4 
0008 0005 8 1670919703438486 48.8125 -62.0 1.7855536370988863 4 
0008 0006 8 1670919703440989 -48.8125 -66.0 2.2764274892222915 4 
0008 0010 8 1670919703441997 48.8125 -62.5 4.540583132141498 4 
0008 0004 8 1670919703443451 -3.25 -58.0 1.8837284075235674 4 
0008 0009 8 1670919703445647 -21.125 -62.0 4.583534594202296 4 
0008 0015 8 1670919703459074 52.0625 -71.5 2.742757648739526 4 
0008 0013 8 1670919703460036 71.5625 -71.0 0.9326603190344698 4 
0008 0005 1 1670919703687448 -27.625 -55.5 1.141281706186917 4 
0008 0010 1 1670919703689120 -29.25 -57.5 5.0682725231741586 4 
0008 0001 1 1670919703694494 -10.5625 -67.5 3.810408277107933 4 
0008 0015 1 1670919703695900 -61.8125 -65.5 3.9638063558964967 4 
0008 0011 1 1670919703696816 13.8125 -65.0 5.516194913236766 4 
0008 0004 1 1670919703699021 -3.25 -62.0 5.9088939949354895 4 
0008 0013 1 1670919703703202 9.75 -54.0 2.9943304979527716 4 
0008 0014 1 1670919703705878 -175.75 -69.5 4.0558452031696355 4 
0008 0009 1 1670919703706809 3.25 -56.0 5.491651220630596 4 
0008 0007 1 1670919703708002 -22.75 -67.0 0.7792622402459057 4 
0008 0008 1 1670919703711799 -13.0 -61.0 3.172272269347506 4 
0008 0012 1 1670919703713326 6.5 -64.0 1.7794177139473437 4 
0008 0002 1 1670919703719070 -29.25 -70.5 5.246214294568893 4 
0008 0000 2 1670919703746028 -13.0 -65.0 2.227340104009951 4 
0008 0002 2 1670919703748033 35.75 -70.5 0.4908738521234052 4 
0008 0008 2 1670919703751817 65.0625 -60.0 2.012582793705961 4 
0008 0011 2 1670919703752876 -24.375 -56.0 3.497476196379262 4 
0008 0010 2 1670919703753811 19.5 -62.0 3.6447383520162835 4 
0008 0015 2 1670919703756234 -29.25 -63.0 3.5588354278946874 4 
0008 0009 2 1670919703758185 -6.5 -55.0 1.1228739367322893 4 
0008 0001 2 1670919703760094 -34.9375 -60.0 2.9145634969827183 4 
0008 0013 2 1670919703761027 -84.625 -60.5 5.835262917116979 4 
0008 0006 2 1670919703761988 -121.25 -69.0 2.9575149590435164 4 
0008 0004 2 1670919703763217 -74.8125 -66.0 0.32520392703175593 4 
0008 0014 2 1670919703764181 -152.9375 -68.5 3.436116964863836 4 
0008 0012 2 1670919703767241 22.75 -63.0 6.252505691421874 4 
0008 0005 3 1670919703817593 -9.75 -60.5 3.724505352986337 4 
0008 0015 3 1670919703828060 104.125 -69.5 2.3009711818284617 4 
0008 0007 3 1670919703833230 0.0 -65.5 0.23930100291016002 4 
0008 0013 3 1670919703836686 -9.75 -66.5 3.3870295796514958 4 
0008 0001 3 1670919703840201 -100.875 -68.5 4.460816131171445 4 
0008 0007 4 1670919703901222 16.25 -71.5 1.2578642460662257 4 
0008 0005 4 1670919703905525 -166.0 -72.0 3.810408277107933 4 
0008 0004 4 1670919703923753 -41.5 -70.0 0.15339807878856412 4 
0008 0008 5 1670919703973745 -9.75 -68.5 0.9572040116406401 4 
0008 0005 6 1670919704018984 -9.75 -71.0 0.36815538909255385 4 
0008 0015 7 1670919704067220 -3.25 -63.5 5.411884219660542 4 
0008 0004 7 1670919704079236 21.125 -54.0 4.608078286808466 4 
0008 0005 7 1670919704081428 48.8125 -68.0 2.5464081078901644 4 
0008 0011 7 1670919704089817 -139.125 -67.5 4.460816131171445 4 
0008 0011 8 1670919704127152 -10.5625 -66.0 1.6014759425526093 4 
0008 0015 8 1670919704134060 -52.0625 -72.5 2.779573187648782 4 
0008 0000 8 1670919704137420 -55.3125 -69.5 4.798291904506286 4 
0008 0010 8 1670919704144346 0.0 -59.5 2.9697868053466014 4 
0008 0006 8 1670919704148409 -21.125 -68.5 0.8406214717613314 4 
0008 0001 8 1670919704149553 -10.5625 -61.5 6.277049384028044 4 
0008 0004 8 1670919704151085 41.5 -65.0 1.5278448647340985 4 
0008 0001 1 1670919704366600 -10.5625 -55.5 1.9266798695843652 4 
0008 0009 1 1670919704370911 -78.0625 -65.5 3.1906800388021335 4 
0008 0015 1 1670919704373321 26.0 -63.0 1.8530487917658545 4 
0008 0005 1 1670919704375961 0.0 -55.0 1.6566992509164924 4 
0008 0011 1 1670919704377153 -42.3125 -67.0 3.399301425954581 4 
0008 0004 1 1670919704378112 3.25 -63.0 1.7978254834019713 4 
0008 0001 2 1670919704405876 27.625 -64.0 0.8467573949128739 4 
0008 0008 2 1670919704410297 -45.5625 -62.0 5.21553467881118 4 
0008 0000 2 1670919704413545 87.875 -67.5 0.6442719309119693 4 
0008 0004 2 1670919704414462 -34.9375 -61.5 4.816699673960914 4 
0008 0015 2 1670919704415441 -19.5 -63.0 4.411728745959104 4 
0008 0009 2 1670919704416434 58.5625 -66.5 6.264777537724958 4 
0008 0014 2 1670919704417396 -76.4375 -66.5 4.1172044346850605 4 
0008 0011 2 1670919704420606 -38.1875 -63.5 3.4606606574700063 4 
0008 0010 2 1670919704423933 55.3125 -66.0 6.19728238305799 4 
0008 0007 2 1670919704425392 6.5 -67.0 1.423534171157875 4 
0008 0004 3 1670919704446788 -139.9375 -72.0 0.4724660826687775 4 
0008 0001 3 1670919704450457 83.0 -69.5 1.5830681730979816 4 
0008 0015 3 1670919704454552 -32.5 -70.5 4.473087977474529 4 
0008 0005 3 1670919704455783 -42.3125 -60.0 0.7424467013366504 4 
0008 0011 3 1670919704463129 93.5625 -68.5 2.2457478734645786 4 
0008 0010 3 1670919704464982 3.25 -70.0 4.09266074207889 4 
0008 0004 4 1670919704510955 -83.0 -71.5 0.3620194659410113 4 
0008 0008 4 1670919704511884 0.0 -61.0 1.6444274046134073 4 
0008 0007 4 1670919704513833 -13.0 -71.0 1.9941750242513334 4 
0008 0005 4 1670919704516241 27.625 -62.5 1.282407938672396 4 
0008 0010 7 1670919704652944 -13.0 -65.5 0.6994952392758523 4 
0008 0004 7 1670919704655226 32.5 -61.5 3.160000423044421 4 
0008 0008 7 1670919704658799 42.3125 -61.5 5.859806609723149 4 
0008 0015 7 1670919704665965 42.3125 -66.0 5.620505606812989 4 
0008 0011 7 1670919704668102 -24.375 -66.5 4.503767593232243 4 
0008 0014 7 1670919704672994 39.0 -69.5 0.8651651643675016 4 
0008 0000 8 1670919704707410 84.625 -68.5 4.509903516383785 4 
0008 0010 8 1670919704711831 39.0 -65.0 3.3072625786814425 4 
0008 0008 8 1670919704717750 -35.75 -62.5 0.8774370106705868 4 
0008 0005 8 1670919704720439 -6.5 -63.5 4.3503695144436785 4 
0008 0006 8 1670919704721984 30.875 -65.0 5.632777453116074 4 
0008 0011 8 1670919704725407 52.0625 -62.5 1.4726215563702154 4 
0008 0002 8 1670919704728933 113.875 -69.5 2.509592568980909 4 
0008 0005 1 1670919704946538 10.5625 -55.0 2.055534255766759 4 
0008 0009 1 1670919704951643 -29.25 -65.0 3.2888548092268146 4 
0008 0001 1 1670919704954528 13.8125 -55.0 2.184388641949153 4 
0008 0011 1 1670919704955535 -125.3125 -68.0 3.6140587362585705 4 
0008 0015 1 1670919704957148 45.5625 -62.5 1.8100973297050567 4 
0008 0004 1 1670919704958068 41.5 -65.0 2.313243028131547 4 
0008 0000 2 1670919704987696 -29.25 -68.0 0.8958447801252144 4 
0008 0014 2 1670919704989580 -58.5625 -67.0 4.031301510563465 4 
0008 0007 2 1670919704992121 -6.5 -67.5 1.7241944055834606 4 
0008 0008 2 1670919704995352 -9.75 -61.5 5.387340527054372 4 
0008 0011 2 1670919704996298 13.8125 -63.0 3.4913402732277192 4 
0008 0010 2 1670919704998336 13.0 -66.0 0.4540583132141498 4 
0008 0009 2 1670919704999299 3.25 -66.0 0.2454369260617026 4 
0008 0004 2 1670919705001874 -35.75 -61.5 5.043728830567988 4 
0008 0001 2 1670919705002848 -24.375 -64.0 1.2087768608538851 4 
0008 0015 2 1670919705004096 -6.5 -62.5 4.387185053352934 4 
0008 0011 3 1670919705053910 27.625 -69.0 2.5770877236478773 4 
0008 0015 3 1670919705054819 -22.75 -70.0 4.491495746929157 4 
0008 0005 3 1670919705055777 0.0 -60.0 0.7976700097005334 4 
0008 0010 3 1670919705062551 -133.4375 -69.0 4.374913207049849 4 
0008 0004 4 1670919705117169 62.625 -73.0 1.3989904785517047 4 
0008 0008 4 1670919705123315 16.25 -61.5 1.7241944055834606 4 
0008 0015 4 1670919705126394 78.0625 -76.0 2.055534255766759 4 
0008 0005 4 1670919705131388 -17.0625 -62.0 1.7426021750380885 4 
0008 0007 4 1670919705135670 0.0 -71.5 2.435961491162398 4 
0008 0011 7 1670919705256509 10.5625 -67.0 3.9638063558964967 4 
0008 0008 7 1670919705265540 -32.5 -61.5 5.608233760509904 4 
0008 0004 7 1670919705269864 17.0625 -60.0 2.773437264497239 4 
0008 0015 7 1670919705272108 45.5625 -65.0 5.577554144752192 4 
0008 0010 7 1670919705276081 71.5625 -65.5 0.07363107781851078 4 
0008 0014 7 1670919705281604 -130.1875 -70.5 0.6749515466696822 4 
0008 0006 8 1670919705338997 0.0 -65.0 5.546874528994478 4 
0008 0002 8 1670919705347150 9.75 -68.5 2.1230294104337273 4 
0008 0010 8 1670919705349109 -52.0625 -65.0 3.0925052683774528 4 
0008 0000 8 1670919705350665 22.75 -68.5 4.23378697456437 4 
0008 0005 8 1670919705352092 10.5625 -63.0 4.04357335686655 4 
0008 0011 8 1670919705353022 -3.25 -61.5 1.2517283229146832 4 
0008 0008 8 1670919705357241 -16.25 -63.0 0.46019423636569234 4 
0008 0015 1 1670919705576571 -6.5 -62.0 1.8100973297050567 4 
0008 0009 1 1670919705579082 -45.5625 -65.0 3.3195344249845276 4 
0008 0004 1 1670919705581179 30.875 -65.0 2.3439226438892597 4 
0008 0011 1 1670919705583274 -128.5625 -68.0 3.724505352986337 4 
0008 0001 1 1670919705584216 -10.5625 -55.0 2.442097414313941 4 
0008 0005 1 1670919705586600 21.125 -54.5 2.000310947402876 4 
0008 0015 2 1670919705616183 -22.75 -62.5 4.503767593232243 4 
0008 0008 2 1670919705618503 52.0625 -62.0 5.301437602932776 4 
0008 0007 2 1670919705619951 -81.375 -67.0 1.533980787885641 4 
0008 0011 2 1670919705621349 52.0625 -63.5 3.399301425954581 4 
0008 0009 2 1670919705622313 45.5625 -65.5 0.23930100291016002 4 
0008 0004 2 1670919705624774 -13.8125 -61.5 5.111223985234957 4 
0008 0001 2 1670919705629118 10.5625 -62.0 1.2087768608538851 4 
0008 0014 2 1670919705630054 -117.125 -67.0 4.031301510563465 4 
0008 0010 2 1670919705632147 3.25 -65.5 0.5767767762450011 4 
0008 0000 2 1670919705633357 -113.875 -70.5 1.055378782065321 4 
0008 0005 3 1670919705676377 9.75 -59.5 0.9817477042468103 4 
0008 0015 3 1670919705680565 -159.5 -69.0 4.847379289718626 4 
0008 0011 3 1670919705686636 73.1875 -69.0 2.693670263527186 4 
0008 0007 4 1670919705726059 -19.5 -72.0 2.521864415283994 4 
0008 0008 4 1670919705728237 3.25 -62.0 1.9512235621905356 4 
0008 0005 4 1670919705730888 -19.5 -62.0 1.8960002538266525 4 
0008 0004 4 1670919705732740 24.375 -74.0 1.521708941582556 4 
0008 0015 4 1670919705735581 -84.625 -73.0 2.478912953223196 4 
