0008 0010 1 1670919711407857 52.0625 -61.0 0.1043106935762236 4 
0008 0011 1 1670919711408814 24.375 -59.0 1.9696313316451632 4 
0008 0013 1 1670919711410032 -16.25 -55.0 4.025165587411922 4 
0008 0007 1 1670919711411227 -218.0625 -68.0 2.116893487282185 4 
0008 0005 1 1670919711416972 6.5 -61.5 0.25770877236478773 4 
0008 0000 1 1670919711419080 3.25 -68.5 2.2948352586769194 4 
0008 0009 1 1670919711424115 55.3125 -55.5 0.06135923151542565 4 
0008 0004 1 1670919711430307 71.5625 -64.0 0.07363107781851078 4 
0008 0015 1 1670919711431556 -159.5 -67.5 3.9269908169872414 4 
0008 0012 1 1670919711432997 -6.5 -65.5 2.60776733940559 4 
0008 0008 1 1670919711434759 -94.375 -67.0 3.5281558121369745 4 
0008 0015 2 1670919711489906 -16.25 -63.0 3.8717675086233583 4 
0008 0001 2 1670919711490854 -30.875 -61.0 4.626486056263094 4 
0008 0005 2 1670919711493629 19.5 -65.0 4.718524903536232 4 
0008 0009 2 1670919711495301 -22.75 -59.5 2.60776733940559 4 
0008 0013 2 1670919711496305 -3.25 -57.0 0.859029241215959 4 
0008 0012 2 1670919711497526 -35.75 -60.5 3.9269908169872414 4 
0008 0014 2 1670919711498474 91.125 -66.0 4.473087977474529 4 
0008 0011 2 1670919711499403 -13.8125 -51.5 5.00077736850719 4 
0008 0004 2 1670919711503414 24.375 -58.0 5.957981380147831 4 
0008 0010 2 1670919711504352 -74.8125 -63.0 5.688000761479957 4 
0008 0008 2 1670919711505796 -260.375 -67.0 1.6505633277649499 4 
0008 0006 2 1670919711513562 117.9375 -69.5 4.252194744018997 4 
0008 0001 3 1670919711555713 -26.0 -68.0 1.4664856332186729 4 
0008 0004 3 1670919711573534 -222.125 -68.0 3.411573272257666 4 
0008 0005 3 1670919711579559 65.0625 -67.0 1.1474176293384597 4 
0008 0005 4 1670919711636157 -34.9375 -67.0 5.841398840268521 4 
0008 0013 5 1670919711706278 -78.0625 -66.5 4.006757817957295 4 
0008 0004 5 1670919711710586 -83.0 -70.5 3.0250101137104846 4 
0008 0013 6 1670919711735853 74.8125 -70.5 0.7731263170943632 4 
0008 0004 6 1670919711737958 -90.3125 -69.5 3.5711072741977725 4 
0008 0005 6 1670919711743721 30.875 -69.0 6.14819499784565 4 
0008 0012 6 1670919711760729 -113.875 -69.5 3.497476196379262 4 
0008 0015 6 1670919711777455 39.0 -69.0 5.50392306693368 4 
0008 0004 7 1670919711812970 0.0 -58.0 0.1227184630308513 4 
0008 0010 7 1670919711819379 -26.0 -56.5 2.2027964114037806 4 
0008 0011 7 1670919711823448 -97.625 -69.0 0.22089323345553233 4 
0008 0014 7 1670919711824423 100.875 -62.0 1.012427320004523 4 
0008 0015 7 1670919711829321 -16.25 -66.5 5.730952223540755 4 
0008 0007 7 1670919711830696 -3.25 -70.5 0.6994952392758523 4 
0008 0001 7 1670919711833778 83.0 -66.0 0.6810874698212247 4 
0008 0012 7 1670919711843067 -35.75 -68.5 2.509592568980909 4 
0008 0005 8 1670919711887820 24.375 -62.5 1.2210487071569704 4 
0008 0011 8 1670919711891694 -30.875 -64.5 1.8775924843720249 4 
0008 0004 8 1670919711892625 -6.5 -59.0 1.705786636128833 4 
0008 0015 8 1670919711893621 58.5625 -71.0 2.7550294950426117 4 
0008 0012 8 1670919711895743 -26.0 -65.0 3.847223816017188 4 
0008 0010 8 1670919711896679 -48.8125 -62.0 4.816699673960914 4 
0008 0009 8 1670919711900259 6.5 -61.0 4.466952054322987 4 
0008 0014 8 1670919711902199 -32.5 -67.0 6.135923151542564 4 
0008 0013 8 1670919711913345 -78.0625 -71.0 1.521708941582556 4 
0008 0008 8 1670919711917762 42.3125 -66.5 2.5341362615870793 4 
0008 0006 8 1670919711919894 17.0625 -66.5 2.448233337465483 4 
0008 0010 1 1670919712139763 9.75 -61.5 0.04908738521234052 4 
0008 0009 1 1670919712140754 -9.75 -56.0 0.04908738521234052 4 
0008 0013 1 1670919712143328 -19.5 -55.5 3.9392626632903265 4 
0008 0000 1 1670919712144280 -84.625 -69.0 2.5034566458293663 4 
0008 0001 1 1670919712148312 -159.5 -69.0 5.43029198911517 4 
0008 0012 1 1670919712150958 107.375 -65.5 2.313243028131547 4 
0008 0008 1 1670919712152373 -74.8125 -67.0 3.423845118560751 4 
0008 0015 1 1670919712154118 -9.75 -67.5 3.8410878928656453 4 
0008 0011 1 1670919712155542 -7.3125 -59.0 1.9389517158874505 4 
0008 0004 1 1670919712160240 74.8125 -63.5 0.0 4 
0008 0007 1 1670919712162889 9.75 -68.5 1.6935147898257479 4 
0008 0005 1 1670919712164785 9.75 -62.5 0.030679615757712823 4 
0008 0004 2 1670919712196273 -17.0625 -58.0 5.896622148632405 4 
0008 0008 2 1670919712197451 224.5625 -68.0 0.9081166264282996 4 
0008 0010 2 1670919712199150 -22.75 -63.0 5.553010452146021 4 
0008 0001 2 1670919712203116 -41.5 -61.0 4.491495746929157 4 
0008 0011 2 1670919712204695 -13.8125 -51.5 4.92714629068868 4 
0008 0013 2 1670919712205654 -6.5 -56.5 0.8958447801252144 4 
0008 0014 2 1670919712207043 29.25 -64.5 4.632621979414636 4 
0008 0009 2 1670919712208231 9.75 -60.0 2.509592568980909 4 
0008 0012 2 1670919712209377 22.75 -60.5 3.785864584501762 4 
0008 0005 2 1670919712211086 -3.25 -64.5 4.651029748869264 4 
0008 0015 2 1670919712212294 22.75 -63.5 3.865631585471816 4 
0008 0006 2 1670919712226883 -270.9375 -68.5 4.773748211900116 4 
0008 0001 3 1670919712284689 -65.0625 -68.5 1.6137477888556946 4 
0008 0005 3 1670919712301456 35.75 -66.5 1.2210487071569704 4 
0008 0004 3 1670919712302774 100.875 -68.0 3.1231848841351653 4 
0008 0013 4 1670919712345441 -6.5 -72.5 3.2581751934691017 4 
0008 0005 4 1670919712361915 0.0 -66.5 5.737088146692298 4 
0008 0013 5 1670919712400724 -81.375 -67.5 3.9392626632903265 4 
0008 0004 5 1670919712411605 -111.4375 -71.0 3.2459033471660166 4 
0008 0015 6 1670919712447409 61.8125 -69.0 5.4671075280244255 4 
0008 0004 6 1670919712473357 -131.8125 -70.5 3.767456815047135 4 
0008 0005 6 1670919712477307 13.8125 -69.5 6.135923151542564 4 
0008 0013 6 1670919712478229 -58.5625 -70.5 1.0737865515199487 4 
0008 0012 6 1670919712479459 -123.6875 -69.5 3.472932503773092 4 
0008 0010 7 1670919712506244 3.25 -56.5 2.227340104009951 4 
0008 0015 7 1670919712510848 -169.25 -66.5 5.896622148632405 4 
0008 0001 7 1670919712513948 -10.5625 -66.5 1.030835089459151 4 
0008 0004 7 1670919712516343 -35.75 -58.0 0.25157284921324513 4 
0008 0012 7 1670919712517291 -107.375 -68.5 2.5832236467994196 4 
0008 0007 7 1670919712521694 -61.8125 -68.5 0.8713010875190442 4 
0008 0014 7 1670919712527901 19.5 -62.0 1.0983302441261191 4 
0008 0011 7 1670919712540869 13.8125 -70.5 0.2270291566070749 4 
0008 0009 8 1670919712585941 30.875 -61.0 4.565126824747668 4 
0008 0014 8 1670919712589395 -45.5625 -67.0 6.215690152512618 4 
0008 0015 8 1670919712593463 39.0 -73.0 2.84706834231575 4 
0008 0010 8 1670919712594396 -35.75 -62.0 4.890330751779424 4 
0008 0011 8 1670919712597066 27.625 -64.0 1.8039614065535141 4 
0008 0005 8 1670919712598946 16.25 -62.5 1.325359400733194 4 
0008 0008 8 1670919712601415 58.5625 -65.5 2.6998061866787286 4 
0008 0004 8 1670919712607926 -26.0 -58.5 1.88986433067511 4 
0008 0006 8 1670919712616937 21.125 -66.5 2.6445828783148455 4 
0008 0013 8 1670919712618707 6.5 -70.5 1.4051264017032472 4 
0008 0012 8 1670919712620239 35.75 -65.5 3.8288160465625602 4 
0008 0012 1 1670919712838426 -16.25 -65.5 2.5770877236478773 4 
0008 0004 1 1670919712842623 -6.5 -64.5 0.25157284921324513 4 
0008 0000 1 1670919712844511 -3.25 -68.5 2.227340104009951 4 
0008 0013 1 1670919712845459 9.75 -55.0 3.9944859716542096 4 
0008 0011 1 1670919712847607 27.625 -59.0 1.9573594853420782 4 
0008 0005 1 1670919712858192 -13.8125 -62.5 0.2761165418194154 4 
0008 0008 1 1670919712860055 -68.3125 -65.5 3.479068426924634 4 
0008 0010 1 1670919712860988 -6.5 -61.0 0.20248546400090464 4 
0008 0009 1 1670919712862191 3.25 -55.5 0.15339807878856412 4 
0008 0015 1 1670919712863353 0.0 -67.0 3.859495662320273 4 
0008 0007 1 1670919712877181 16.25 -70.0 1.9205439464328227 4 
0008 0008 2 1670919712906045 -3.25 -67.0 1.5462526341887264 4 
0008 0015 2 1670919712909737 -45.5625 -63.0 3.9453985864418692 4 
0008 0014 2 1670919712911763 45.5625 -65.5 4.626486056263094 4 
0008 0006 2 1670919712912937 -139.125 -69.0 4.890330751779424 4 
0008 0009 2 1670919712913841 39.0 -59.0 2.5954954931025047 4 
0008 0012 2 1670919712915271 -52.0625 -60.5 3.9576704327449543 4 
0008 0001 2 1670919712916261 41.5 -60.5 4.6448938257177215 4 
0008 0011 2 1670919712917147 -7.3125 -51.0 5.049864753719531 4 
0008 0004 2 1670919712918321 -24.375 -58.0 6.086835766330224 4 
0008 0005 2 1670919712919238 7.3125 -64.5 4.71238898038469 4 
0008 0013 2 1670919712920188 19.5 -56.0 0.8835729338221293 4 
0008 0010 2 1670919712922513 -22.75 -63.0 5.730952223540755 4 
0008 0004 3 1670919713012302 107.375 -67.5 3.1354567304382504 4 
0008 0005 3 1670919713044356 71.5625 -65.5 0.7669903939428205 4 
0008 0001 3 1670919713047237 -73.1875 -69.5 1.1167380135807468 4 
0008 0005 4 1670919713102047 -65.0625 -67.0 5.7616318392984684 4 
0008 0013 5 1670919713137678 -68.3125 -67.0 3.8410878928656453 4 
0008 0004 5 1670919713149748 399.5625 -70.5 2.4605051837685683 4 
0008 0013 6 1670919713180521 -110.625 -71.5 1.0185632431560658 4 
0008 0005 6 1670919713185698 41.5 -70.0 5.994796919057086 4 
0008 0012 6 1670919713199095 123.6875 -69.5 3.147728576741336 4 
0008 0004 6 1670919713200311 16.25 -70.5 3.522019888985432 4 
0008 0015 6 1670919713209783 78.0625 -69.0 5.47937937432751 4 
0008 0014 7 1670919713238164 29.25 -62.0 1.1167380135807468 4 
0008 0010 7 1670919713248892 -6.5 -56.5 2.3746022596469727 4 
0008 0004 7 1670919713252996 0.0 -57.5 0.3313398501832985 4 
0008 0015 7 1670919713254390 -13.0 -66.0 5.822991070813893 4 
0008 0001 7 1670919713261212 -166.8125 -66.0 1.368310862793992 4 
0008 0011 7 1670919713262172 100.875 -71.5 0.01227184630308513 4 
0008 0007 7 1670919713266419 -9.75 -68.5 1.0369710126106935 4 
0008 0012 7 1670919713274690 -232.6875 -69.0 2.9513790358919736 4 
0008 0004 8 1670919713333107 7.3125 -58.0 2.043262409463674 4 
0008 0012 8 1670919713334281 -3.25 -65.5 3.890175278077986 4 
0008 0009 8 1670919713335498 -29.25 -61.0 4.822835597112456 4 
0008 0014 8 1670919713338687 9.75 -67.0 6.166602767300278 4 
0008 0015 8 1670919713339897 -55.3125 -72.5 2.84706834231575 4 
0008 0010 8 1670919713341115 -13.0 -61.5 5.037592907416445 4 
0008 0011 8 1670919713346723 -7.3125 -63.5 2.12916533358527 4 
0008 0013 8 1670919713348513 143.1875 -70.0 1.3621749396424494 4 
0008 0005 8 1670919713352426 27.625 -62.5 1.4358060174609601 4 
0008 0008 8 1670919713360470 0.0 -66.0 3.055689729468197 4 
0008 0006 8 1670919713361407 58.5625 -67.0 2.761165418194154 4 
0008 0007 1 1670919713577618 -68.3125 -70.5 2.5341362615870793 4 
0008 0000 1 1670919713579660 94.375 -68.5 2.1782527187976104 4 
0008 0009 1 1670919713580635 3.25 -55.5 0.2638446955163303 4 
0008 0012 1 1670919713583053 39.0 -64.5 2.454369260617026 4 
0008 0005 1 1670919713585908 -3.25 -62.5 0.6504078540635119 4 
0008 0011 1 1670919713590790 27.625 -58.5 2.086213871524472 4 
0008 0010 1 1670919713593185 -32.5 -61.5 0.28225246497095796 4 
0008 0015 1 1670919713594166 -110.625 -68.0 3.9760782021995817 4 
0008 0013 1 1670919713595106 0.0 -55.0 4.0558452031696355 4 
0008 0004 1 1670919713596098 -7.3125 -65.0 0.36815538909255385 4 
0008 0008 1 1670919713600964 -6.5 -66.0 3.552699504743145 4 
0008 0011 2 1670919713637999 -21.125 -51.0 5.135767677841127 4 
0008 0010 2 1670919713639431 -13.0 -63.5 5.749359992995383 4 
0008 0013 2 1670919713640845 -6.5 -56.0 0.9510680884890975 4 
0008 0001 2 1670919713642048 -62.625 -59.5 4.957825906446392 4 
0008 0015 2 1670919713643968 -68.3125 -63.0 4.0128937411088375 4 
0008 0005 2 1670919713648186 -65.875 -63.5 5.049864753719531 4 
0008 0004 2 1670919713649145 3.25 -59.0 6.234097921967246 4 
0008 0009 2 1670919713653223 0.0 -59.0 2.742757648739526 4 
0008 0014 2 1670919713654192 -58.5625 -65.5 4.859651136021712 4 
0008 0012 2 1670919713656509 3.25 -60.5 3.890175278077986 4 
0008 0008 2 1670919713657386 -9.75 -67.0 1.8100973297050567 4 
0008 0006 2 1670919713659951 62.625 -69.0 4.675573441475434 4 
0008 0005 3 1670919713721880 81.375 -66.0 0.25157284921324513 4 
0008 0004 3 1670919713738756 83.0 -67.5 3.2949907323783574 4 
0008 0005 4 1670919713786660 -73.1875 -67.5 5.737088146692298 4 
0008 0013 5 1670919713840084 -100.875 -68.0 3.865631585471816 4 
0008 0004 5 1670919713858170 -208.3125 -69.5 2.9943304979527716 4 
0008 0004 6 1670919713897171 -76.4375 -72.5 3.56497135104623 4 
0008 0015 6 1670919713898150 71.5625 -69.0 5.473243451175968 4 
0008 0012 6 1670919713907384 71.5625 -69.0 3.074097498922825 4 
0008 0005 6 1670919713918758 79.75 -71.0 5.411884219660542 4 
0008 0015 7 1670919713968284 133.4375 -67.0 5.534602682691394 4 
0008 0004 7 1670919713971925 10.5625 -57.0 0.5890486225480862 4 
0008 0014 7 1670919713979394 6.5 -62.5 0.8958447801252144 4 
0008 0007 7 1670919713983036 3.25 -67.5 0.9265243958829272 4 
0008 0012 7 1670919713989221 -13.0 -67.0 2.3439226438892597 4 
0008 0010 7 1670919713990667 42.3125 -54.5 2.1475731030398975 4 
0008 0001 7 1670919713996833 -17.0625 -66.5 1.7732817907958012 4 
0008 0005 7 1670919714006791 227.8125 -70.0 1.4542137869155878 4 
0008 0013 8 1670919714048422 78.0625 -73.0 0.14112623248547898 4 
0008 0005 8 1670919714049396 -3.25 -62.0 1.6198837120072371 4 
0008 0010 8 1670919714051083 -13.0 -62.5 4.6448938257177215 4 
0008 0011 8 1670919714052495 7.3125 -63.0 1.662835174068035 4 
0008 0009 8 1670919714060014 6.5 -61.0 4.534447208989955 4 
0008 0004 8 1670919714060985 0.0 -59.0 2.6323110320117604 4 
0008 0008 8 1670919714063904 -16.25 -61.0 3.9944859716542096 4 
0008 0015 8 1670919714064859 113.875 -71.0 2.6445828783148455 4 
0008 0012 8 1670919714069118 55.3125 -66.0 3.1906800388021335 4 
0008 0006 8 1670919714076589 69.125 -67.0 2.2641556429192065 4 
0008 0014 8 1670919714077582 35.75 -70.5 5.792311455056181 4 
0008 0012 1 1670919714306362 -9.75 -62.5 0.9940195505498954 4 
0008 0002 1 1670919714307314 -9.75 -65.0 6.277049384028044 4 
0008 0009 1 1670919714308261 -3.25 -59.0 3.650874275167826 4 
0008 0015 1 1670919714309399 -35.75 -64.0 3.4913402732277192 4 
0008 0011 1 1670919714312598 45.5625 -62.0 2.098485717827557 4 
0008 0005 1 1670919714314295 13.8125 -52.5 0.5276893910326605 4 
0008 0004 1 1670919714317082 52.0625 -70.0 4.681709364626977 4 
0008 0001 1 1670919714318096 -21.125 -59.0 1.5155730184310134 4 
0008 0010 1 1670919714319018 -48.8125 -57.5 3.6754179677739964 4 
0008 0008 1 1670919714321853 32.5 -58.0 2.761165418194154 4 
0008 0013 1 1670919714322800 35.75 -55.5 1.5033011721279284 4 
0008 0007 1 1670919714328635 22.75 -63.5 4.135612204139688 4 
0008 0014 1 1670919714332027 -19.5 -68.0 4.006757817957295 4 
0008 0005 2 1670919714365927 211.5625 -67.0 1.9573594853420782 4 
0008 0000 2 1670919714369694 3.25 -58.0 4.227651051412827 4 
0008 0001 2 1670919714370727 -3.25 -55.0 5.878214379177777 4 
0008 0002 2 1670919714372419 -71.5625 -66.0 2.767301341345697 4 
0008 0013 2 1670919714374468 -6.5 -58.0 3.9760782021995817 4 
0008 0014 2 1670919714375475 -87.875 -69.0 2.736621725587984 4 
0008 0011 2 1670919714377205 0.0 -63.5 1.1535535524900022 4 
0008 0008 2 1670919714378129 -29.25 -57.0 2.350058567040802 4 
0008 0009 2 1670919714380027 -48.8125 -56.0 3.6815538909255388 4 
0008 0015 2 1670919714381091 -29.25 -63.0 3.2090878082567613 4 
0008 0012 2 1670919714382546 39.0 -63.5 5.148039524144211 4 
0008 0006 2 1670919714393336 -128.5625 -69.0 0.20248546400090464 4 
0008 0007 2 1670919714398674 -110.625 -68.5 3.834951969714103 4 
0008 0015 3 1670919714431802 -110.625 -67.5 3.411573272257666 4 
0008 0008 3 1670919714435016 -52.0625 -65.0 2.454369260617026 4 
0008 0005 3 1670919714439922 -83.0 -63.5 2.466641106920111 4 
0008 0007 3 1670919714452436 26.0 -66.0 1.2946797849754812 4 
0008 0004 4 1670919714477657 149.6875 -71.5 0.8835729338221293 4 
0008 0006 4 1670919714479098 -107.375 -72.0 4.1417481272912315 4 
0008 0007 4 1670919714483178 -162.75 -70.0 2.110757564130642 4 
0008 0005 4 1670919714486943 -21.125 -66.5 3.3379421944391554 4 
0008 0005 6 1670919714598490 17.0625 -68.0 0.4540583132141498 4 
0008 0010 6 1670919714611580 -172.5 -69.5 3.816544200259475 4 
0008 0006 7 1670919714637766 -48.8125 -69.5 4.411728745959104 4 
0008 0011 7 1670919714641374 -76.4375 -66.0 4.0558452031696355 4 
0008 0010 7 1670919714644581 -205.0625 -72.5 0.11044661672776616 4 
0008 0008 7 1670919714646581 -45.5625 -67.0 5.154175447295755 4 
0008 0004 7 1670919714649712 -27.625 -55.5 4.147884050442774 4 
0008 0015 7 1670919714652170 -61.8125 -64.0 5.497787143782138 4 
0008 0006 8 1670919714698212 26.0 -68.0 0.3313398501832985 4 
0008 0011 8 1670919714702022 55.3125 -61.5 1.1290098598838318 4 
0008 0015 8 1670919714702976 -55.3125 -74.5 2.834796496012665 4 
0008 0010 8 1670919714704475 6.5 -59.0 2.5770877236478773 4 
0008 0001 8 1670919714705453 -24.375 -63.5 5.595961914206819 4 
0008 0004 8 1670919714708898 27.625 -67.0 0.7363107781851077 4 
0008 0000 8 1670919714712626 -6.5 -64.0 3.8840393549264434 4 
0008 0005 8 1670919714714540 -79.75 -65.5 3.9576704327449543 4 
0008 0002 8 1670919714718979 91.125 -71.5 2.4727770300716534 4 
0008 0001 1 1670919714936370 30.875 -56.5 2.399145952253143 4 
0008 0015 1 1670919714940967 -6.5 -63.5 1.9573594853420782 4 
0008 0005 1 1670919714941957 -7.3125 -54.0 2.564815877344792 4 
0008 0008 1 1670919714942922 -26.0 -66.5 5.190990986205009 4 
0008 0009 1 1670919714948581 -19.5 -63.0 3.6263305825616556 4 
0008 0011 1 1670919714949541 21.125 -66.0 3.442252888015379 4 
0008 0004 1 1670919714953404 52.0625 -72.0 1.086058397823034 4 
0008 0004 2 1670919714977456 166.0 -62.5 4.374913207049849 4 
0008 0001 2 1670919714979275 -13.8125 -67.0 1.2946797849754812 4 
0008 0007 2 1670919714980481 61.8125 -66.5 1.8162332528565992 4 
0008 0015 2 1670919714982419 29.25 -61.5 4.252194744018997 4 
0008 0000 2 1670919714983611 -16.25 -66.5 0.7485826244881929 4 
0008 0011 2 1670919714985481 41.5 -64.0 3.5772431973493153 4 
0008 0009 2 1670919714986598 -9.75 -62.5 6.209554229361076 4 
0008 0010 2 1670919714987549 100.875 -64.5 0.44178646691106466 4 
0008 0008 2 1670919714988992 -39.0 -60.5 5.240078371417351 4 
0008 0014 2 1670919714996045 139.9375 -66.5 2.7550294950426117 4 
0008 0011 3 1670919715048624 -69.125 -67.0 2.7857091108003242 4 
0008 0007 3 1670919715050606 58.5625 -71.0 5.688000761479957 4 
0008 0005 3 1670919715053663 -13.8125 -59.5 0.37429131224409645 4 
0008 0010 3 1670919715066302 35.75 -72.5 4.031301510563465 4 
0008 0015 3 1670919715067849 -29.25 -69.0 4.338097668140593 4 
0008 0008 4 1670919715106027 117.125 -64.5 1.0185632431560658 4 
0008 0007 4 1670919715116935 39.0 -65.5 1.5953400194010667 4 
0008 0005 4 1670919715123253 38.1875 -63.5 0.8958447801252144 4 
0008 0015 7 1670919715241270 19.5 -65.5 5.553010452146021 4 
0008 0004 7 1670919715242735 3.25 -57.0 3.6692820446224537 4 
0008 0008 7 1670919715247997 22.75 -65.5 5.577554144752192 4 
0008 0010 7 1670919715253110 107.375 -68.5 6.240233845118788 4 
0008 0009 7 1670919715254595 114.6875 -69.5 1.055378782065321 4 
0008 0011 7 1670919715255526 -197.6875 -65.5 4.454680208019902 4 
0008 0011 8 1670919715309410 30.875 -62.5 1.4603497100671303 4 
0008 0010 8 1670919715312253 0.0 -60.0 3.104777114680538 4 
0008 0006 8 1670919715315373 10.5625 -64.5 5.798447378207723 4 
0008 0001 8 1670919715318830 13.0 -64.0 0.1349903093339364 4 
0008 0015 8 1670919715324082 -29.25 -71.5 3.3195344249845276 4 
0008 0004 8 1670919715325510 35.75 -66.0 1.533980787885641 4 
0008 0005 8 1670919715327070 -38.1875 -67.0 4.663301595172349 4 
0008 0000 8 1670919715328517 -16.25 -67.0 5.0253210611133605 4 
0008 0010 1 1670919715546370 130.1875 -71.5 5.2768939103266055 4 
0008 0004 1 1670919715549311 55.3125 -69.0 1.1351457830353744 4 
0008 0015 1 1670919715550305 -16.25 -63.0 2.0064468705544187 4 
0008 0009 1 1670919715553589 -13.8125 -62.5 3.5833791205008576 4 
0008 0001 1 1670919715554521 48.8125 -56.0 2.043262409463674 4 
0008 0011 1 1670919715555490 0.0 -64.5 3.5342917352885173 4 
0008 0005 1 1670919715558644 45.5625 -55.0 2.8961557275280905 4 
0008 0008 1 1670919715564518 -152.9375 -67.5 5.5100589900852235 4 
0008 0009 2 1670919715599355 -76.4375 -64.0 0.15339807878856412 4 
0008 0011 2 1670919715600811 -52.0625 -62.5 4.04357335686655 4 
0008 0008 2 1670919715602467 -87.875 -61.0 5.399612373357457 4 
0008 0010 2 1670919715604749 22.75 -65.5 0.5951845456996288 4 
0008 0015 2 1670919715605659 -35.75 -61.0 4.374913207049849 4 
0008 0014 2 1670919715607129 117.9375 -68.0 2.9575149590435164 4 
0008 0000 2 1670919715608830 6.5 -67.5 0.9510680884890975 4 
0008 0004 2 1670919715609749 -34.9375 -62.5 4.565126824747668 4 
0008 0007 2 1670919715611464 52.0625 -65.0 2.12916533358527 4 
0008 0010 3 1670919715660617 -315.6875 -70.0 4.301282129231338 4 
0008 0005 3 1670919715663504 -83.0 -59.0 0.04908738521234052 4 
0008 0011 3 1670919715669322 -76.4375 -68.5 2.350058567040802 4 
0008 0015 3 1670919715672452 -68.3125 -67.0 4.325825821837508 4 
0008 0007 4 1670919715718984 19.5 -66.5 1.2087768608538851 4 
0008 0005 4 1670919715724756 -3.25 -64.5 0.7301748550335652 4 
0008 0008 4 1670919715727898 6.5 -63.0 1.184233168247715 4 
0008 0004 7 1670919715849708 3.25 -57.5 3.810408277107933 4 
0008 0008 7 1670919715852698 -32.5 -66.0 6.105243535784852 4 
0008 0010 7 1670919715855344 35.75 -67.5 0.2270291566070749 4 
0008 0015 7 1670919715856299 -113.875 -64.5 5.816855147662351 4 
0008 0009 7 1670919715865774 -29.25 -69.0 1.380582709097077 4 
0008 0011 7 1670919715876928 17.0625 -66.5 4.448544284868359 4 
0008 0010 8 1670919715906702 -3.25 -59.5 3.3011266555298997 4 
0008 0004 8 1670919715909011 13.0 -66.0 1.7548740213411735 4 
0008 0005 8 1670919715912074 27.625 -68.0 4.595806440505381 4 
0008 0011 8 1670919715917860 -13.8125 -62.5 1.6873788666742053 4 
0008 0006 8 1670919715920399 -19.5 -64.5 5.835262917116979 4 
0008 0001 8 1670919715921391 -39.0 -63.5 0.32520392703175593 4 
0008 0000 8 1670919715922850 3.25 -66.0 5.092816215780329 4 
0008 0015 8 1670919715931767 0.0 -72.0 3.4177091954092087 4 
0008 0004 1 1670919716145931 3.25 -69.5 1.012427320004523 4 
0008 0011 1 1670919716148383 -30.875 -64.0 3.3440781175906977 4 
0008 0005 1 1670919716149583 10.5625 -54.5 2.736621725587984 4 
0008 0001 1 1670919716150545 34.9375 -56.0 2.000310947402876 4 
0008 0008 1 1670919716152200 9.75 -68.5 5.166447293598839 4 
0008 0010 1 1670919716153579 -156.1875 -71.5 5.497787143782138 4 
0008 0015 1 1670919716158197 68.3125 -63.0 1.7916895602504288 4 
0008 0009 1 1670919716161581 -39.0 -62.5 3.448388811166921 4 
0008 0008 2 1670919716189599 -55.3125 -60.0 5.209398755659637 4 
0008 0015 2 1670919716190549 22.75 -61.0 4.184699589352029 4 
0008 0000 2 1670919716191557 -3.25 -68.5 0.5522330836388308 4 
0008 0009 2 1670919716192748 -26.0 -63.5 0.2761165418194154 4 
0008 0010 2 1670919716193954 74.8125 -66.0 0.28838838812250056 4 
0008 0007 2 1670919716194921 -16.25 -64.5 1.9880391010997909 4 
0008 0011 2 1670919716196292 34.9375 -62.5 3.8533597391687304 4 
0008 0004 2 1670919716199356 27.625 -62.0 4.4976316700806995 4 
0008 0014 2 1670919716203731 224.5625 -67.0 2.748893571891069 4 
0008 0005 3 1670919716252470 3.25 -59.0 6.227961998815704 4 
0008 0011 3 1670919716260838 52.0625 -67.5 2.448233337465483 4 
0008 0010 3 1670919716275466 16.25 -68.0 3.9638063558964967 4 
0008 0015 3 1670919716284506 48.8125 -68.0 4.0558452031696355 4 
0008 0005 4 1670919716317819 0.0 -64.0 0.8222137023067037 4 
0008 0008 4 1670919716332376 19.5 -63.0 1.1719613219446299 4 
0008 0007 4 1670919716334202 9.75 -67.5 1.2640001692177683 4 
