0002 0008 1 1670918023451665 -195.25 -66.0 5.240078371417351 14 
0002 0005 1 1670918023454610 -246.5625 -68.5 2.804116880254952 14 
0002 0004 1 1670918023456052 16.25 -58.5 2.3009711818284617 14 
0002 0014 1 1670918023462103 87.875 -68.5 1.5892040962495242 14 
0002 0006 1 1670918023466038 -29.25 -61.0 4.583534594202296 14 
0002 0006 2 1670918023498028 0.0 -58.0 0.16566992509164924 14 
0002 0008 2 1670918023498972 -211.5625 -68.0 1.9941750242513334 14 
0002 0004 2 1670918023513395 29.25 -59.0 3.522019888985432 14 
0002 0005 3 1670918023555820 13.8125 -65.0 2.4850488763747385 14 
0002 0014 3 1670918023561471 -61.8125 -69.0 4.025165587411922 14 
0002 0008 3 1670918023562941 9.75 -57.5 0.8406214717613314 14 
0002 0007 3 1670918023569016 42.3125 -62.0 1.282407938672396 14 
0002 0006 3 1670918023572359 9.75 -69.0 5.957981380147831 14 
0002 0005 4 1670918023612511 -30.875 -60.5 5.638913376267617 14 
0002 0008 4 1670918023621016 -94.375 -67.0 3.7429131224409646 14 
0002 0007 5 1670918023654297 -26.0 -67.0 4.669437518323892 14 
0002 0004 5 1670918023665932 100.875 -67.0 4.779884135051658 14 
0002 0005 6 1670918023703790 17.0625 -70.5 5.773903685601553 14 
0002 0007 6 1670918023704966 -16.25 -67.5 3.3011266555298997 14 
0002 0004 7 1670918023747104 -16.25 -64.0 1.7978254834019713 14 
0002 0005 7 1670918023748422 152.9375 -69.5 1.0492428589137786 14 
0002 0006 8 1670918023796492 -35.75 -65.5 2.270291566070749 14 
0002 0004 8 1670918023807214 32.5 -71.0 0.8222137023067037 14 
0002 0005 1 1670918024040097 173.3125 -69.5 2.3439226438892597 14 
0002 0004 1 1670918024046412 3.25 -58.5 2.356194490192345 14 
0002 0006 1 1670918024051283 -22.75 -61.0 4.552854978444583 14 
0002 0014 1 1670918024058266 237.5625 -69.0 1.423534171157875 14 
0002 0008 1 1670918024061108 81.375 -65.5 4.828971520263998 14 
0002 0004 2 1670918024093597 -29.25 -58.0 3.6570101983193686 14 
0002 0008 2 1670918024102375 68.3125 -68.0 1.5278448647340985 14 
0002 0006 2 1670918024104813 22.75 -58.5 0.14726215563702155 14 
0002 0014 3 1670918024160540 19.5 -69.0 3.9576704327449543 14 
0002 0006 3 1670918024161533 32.5 -69.0 5.964117303299373 14 
0002 0005 3 1670918024169133 58.5625 -65.0 2.4175537217077703 14 
0002 0008 3 1670918024170208 6.5 -57.5 0.8835729338221293 14 
0002 0007 3 1670918024174771 29.25 -63.0 1.2946797849754812 14 
0002 0009 3 1670918024179441 58.5625 -71.5 6.068427996875596 14 
0002 0005 4 1670918024210762 -38.1875 -60.5 5.64504929941916 14 
0002 0008 4 1670918024217029 22.75 -66.5 3.6079228131070282 14 
0002 0007 5 1670918024265527 45.5625 -68.5 4.626486056263094 14 
0002 0004 5 1670918024268657 -120.4375 -67.5 5.203262832508095 14 
0002 0005 6 1670918024321198 -45.5625 -70.5 5.878214379177777 14 
0002 0007 6 1670918024326713 -22.75 -68.0 3.32567034813607 14 
0002 0004 7 1670918024363015 9.75 -64.0 1.7732817907958012 14 
0002 0005 7 1670918024379043 100.875 -70.0 1.043106935762236 14 
0002 0004 8 1670918024411830 -13.0 -70.0 0.9081166264282996 14 
0002 0006 8 1670918024416390 -9.75 -65.5 2.1659808724945253 14 
0002 0006 1 1670918024637831 -22.75 -60.5 4.546719055293041 14 
0002 0014 1 1670918024642585 35.75 -68.5 1.8162332528565992 14 
0002 0005 1 1670918024644028 -65.875 -68.5 2.3193789512830896 14 
0002 0004 1 1670918024652940 -45.5625 -58.5 2.478912953223196 14 
0002 0008 1 1670918024660441 9.75 -65.5 4.81056375080937 14 
0002 0008 2 1670918024693911 179.0 -68.0 1.1903690913992575 14 
0002 0004 2 1670918024695793 -32.5 -58.0 3.736777199289422 14 
0002 0006 2 1670918024696727 -52.0625 -58.5 0.2761165418194154 14 
0002 0008 3 1670918024758643 35.75 -57.5 0.9203884727313847 14 
0002 0005 3 1670918024759604 -91.125 -65.0 2.5464081078901644 14 
0002 0006 3 1670918024767153 -81.375 -69.0 5.976389149602458 14 
0002 0007 3 1670918024769490 42.3125 -62.0 1.214912784005428 14 
0002 0009 3 1670918024772465 -94.375 -70.5 5.66959299202533 14 
0002 0008 4 1670918024822188 3.25 -67.0 3.6079228131070282 14 
0002 0005 4 1670918024823349 -62.625 -60.5 5.700272607783043 14 
0002 0007 5 1670918024868659 -29.25 -66.5 4.718524903536232 14 
0002 0004 5 1670918024873026 -81.375 -66.5 4.9823695990525625 14 
0002 0007 6 1670918024921738 -19.5 -68.0 3.227495577711389 14 
0002 0005 6 1670918024940330 -87.0625 -71.0 5.976389149602458 14 
0002 0004 7 1670918024978446 39.0 -64.0 1.6751070203711202 14 
0002 0005 7 1670918024981305 87.0625 -69.5 0.9019807032767571 14 
0002 0006 8 1670918025020192 -16.25 -66.0 2.1782527187976104 14 
0002 0004 8 1670918025021937 -42.3125 -69.0 0.8713010875190442 14 
0002 0004 1 1670918025253381 0.0 -58.0 2.3746022596469727 14 
0002 0006 1 1670918025256979 -19.5 -61.0 4.558990901596125 14 
0002 0014 1 1670918025259769 39.0 -68.5 1.7978254834019713 14 
0002 0005 1 1670918025260730 -29.25 -69.0 2.5341362615870793 14 
0002 0008 1 1670918025266855 -22.75 -65.5 4.804427827657828 14 
0002 0008 2 1670918025299457 188.75 -68.5 1.2517283229146832 14 
0002 0006 2 1670918025308688 13.0 -58.5 0.1718058482431918 14 
0002 0004 2 1670918025314643 -13.0 -58.5 3.6815538909255388 14 
0002 0007 3 1670918025346234 0.0 -62.5 1.3621749396424494 14 
0002 0008 3 1670918025347923 22.75 -58.5 0.8774370106705868 14 
0002 0014 3 1670918025354888 -9.75 -67.5 4.074252972624263 14 
0002 0005 3 1670918025356515 45.5625 -65.5 2.4175537217077703 14 
0002 0006 3 1670918025360241 -172.5 -69.5 6.1850105367549055 14 
0002 0008 4 1670918025393950 3.25 -67.5 3.6692820446224537 14 
0002 0005 4 1670918025398566 -41.5 -60.0 5.700272607783043 14 
0002 0004 5 1670918025431363 -71.5625 -65.0 5.080544369477243 14 
0002 0007 5 1670918025437314 -188.75 -67.5 4.828971520263998 14 
0002 0007 6 1670918025497148 -26.0 -68.5 3.2643111166206444 14 
0002 0005 6 1670918025503735 -90.3125 -71.0 5.957981380147831 14 
0002 0004 7 1670918025547003 58.5625 -64.0 1.705786636128833 14 
0002 0005 7 1670918025551887 3.25 -71.0 1.1474176293384597 14 
0002 0006 8 1670918025597885 -45.5625 -65.5 2.2764274892222915 14 
0002 0004 8 1670918025601494 -45.5625 -70.0 1.0492428589137786 14 
0002 0004 1 1670918025822818 35.75 -58.0 2.2641556429192065 14 
0002 0005 1 1670918025824684 -45.5625 -69.5 2.521864415283994 14 
0002 0008 1 1670918025825902 39.0 -65.5 4.792155981354743 14 
0002 0014 1 1670918025826879 -61.8125 -68.0 1.932815792735908 14 
0002 0006 1 1670918025830929 3.25 -61.0 4.546719055293041 14 
0002 0006 2 1670918025876413 -3.25 -58.5 0.2086213871524472 14 
0002 0004 2 1670918025877351 48.8125 -58.5 3.54042765844006 14 
0002 0008 2 1670918025885777 -133.4375 -68.5 1.7548740213411735 14 
0002 0005 3 1670918025928046 111.4375 -64.5 2.3071071049800045 14 
0002 0006 3 1670918025929293 175.75 -69.0 5.816855147662351 14 
0002 0007 3 1670918025933417 48.8125 -62.0 1.2762720155208536 14 
0002 0008 3 1670918025940132 16.25 -58.0 0.8774370106705868 14 
0002 0014 3 1670918025941710 -250.625 -70.0 4.338097668140593 14 
0002 0009 3 1670918025948904 458.9375 -72.5 5.221670601962723 14 
0002 0008 4 1670918025984587 -6.5 -67.5 3.6876898140770815 14 
0002 0005 4 1670918025985634 -59.375 -60.5 5.706408530934585 14 
0002 0004 5 1670918026023989 -19.5 -66.5 4.994641445355648 14 
0002 0007 5 1670918026037254 -32.5 -66.5 4.571262747899211 14 
0002 0007 6 1670918026091667 113.875 -68.5 3.074097498922825 14 
0002 0005 6 1670918026092627 100.875 -71.0 5.755495916146925 14 
0002 0005 7 1670918026134587 41.5 -69.0 1.0062913968529805 14 
0002 0004 7 1670918026137123 32.5 -64.0 1.736466251886546 14 
0002 0004 8 1670918026188960 -156.1875 -70.0 1.1474176293384597 14 
0002 0006 8 1670918026195650 6.5 -66.0 2.1782527187976104 14 
0002 0004 1 1670918026426212 -29.25 -58.5 2.399145952253143 14 
0002 0008 1 1670918026427146 -22.75 -65.5 4.994641445355648 14 
0002 0014 1 1670918026430049 6.5 -67.5 1.8100973297050567 14 
0002 0005 1 1670918026432212 -149.6875 -70.0 2.662990647769473 14 
0002 0006 1 1670918026433401 19.5 -61.0 4.540583132141498 14 
0002 0004 2 1670918026472963 -26.0 -58.5 3.650874275167826 14 
0002 0006 2 1670918026480424 -29.25 -58.5 0.25770877236478773 14 
0002 0008 2 1670918026484080 146.4375 -68.0 1.380582709097077 14 
0002 0005 3 1670918026529859 -22.75 -64.0 2.3930100291016 14 
0002 0008 3 1670918026533326 26.0 -58.0 0.8835729338221293 14 
0002 0006 3 1670918026537774 139.9375 -69.0 5.798447378207723 14 
0002 0007 3 1670918026540744 -39.0 -62.0 1.3192234775816514 14 
0002 0009 3 1670918026546886 -234.3125 -72.5 0.030679615757712823 14 
0002 0014 3 1670918026550969 -227.8125 -70.0 4.454680208019902 14 
0002 0005 4 1670918026580391 0.0 -60.0 5.620505606812989 14 
0002 0008 4 1670918026589064 -136.6875 -66.5 3.816544200259475 14 
0002 0004 5 1670918026636184 -58.5625 -67.5 4.92714629068868 14 
0002 0007 5 1670918026639523 -16.25 -67.5 4.565126824747668 14 
0002 0005 6 1670918026689399 -39.0 -70.5 5.773903685601553 14 
0002 0007 6 1670918026702942 -136.6875 -68.0 3.448388811166921 14 
0002 0005 7 1670918026744565 -90.3125 -69.5 1.2333205534600555 14 
0002 0004 7 1670918026747213 104.125 -64.0 1.6137477888556946 14 
0002 0004 8 1670918026785827 -9.75 -70.5 0.8897088569736719 14 
0002 0006 8 1670918026789715 52.0625 -66.0 2.073942025221387 14 
0002 0014 1 1670918027022016 -110.625 -68.5 1.945087639038993 14 
0002 0008 1 1670918027025148 -22.75 -65.5 4.957825906446392 14 
0002 0004 1 1670918027028009 -13.0 -58.5 2.337786720737717 14 
0002 0006 1 1670918027031719 -58.5625 -60.5 4.6448938257177215 14 
0002 0005 1 1670918027034568 -117.125 -69.0 2.5402721847386216 14 
0002 0008 2 1670918027070908 22.75 -68.5 1.6382914814618648 14 
0002 0006 2 1670918027073524 16.25 -58.5 0.16566992509164924 14 
0002 0004 2 1670918027075617 -32.5 -58.0 3.6201946594101133 14 
0002 0008 3 1670918027131884 6.5 -57.5 0.8528933180644165 14 
0002 0014 3 1670918027134944 45.5625 -69.5 3.9699422790480394 14 
0002 0007 3 1670918027136434 136.6875 -62.5 1.0185632431560658 14 
0002 0005 3 1670918027139858 -128.5625 -65.5 2.5893595699509624 14 
0002 0006 3 1670918027143493 -68.3125 -68.5 6.050020227420969 14 
0002 0009 3 1670918027146059 302.6875 -72.0 5.9518454569962875 14 
0002 0005 4 1670918027172114 -35.75 -60.5 5.6573211457222445 14 
0002 0008 4 1670918027174904 -19.5 -67.0 3.650874275167826 14 
0002 0004 5 1670918027210110 29.25 -66.5 4.792155981354743 14 
0002 0007 5 1670918027228647 -159.5 -67.0 4.908738521234052 14 
0002 0005 6 1670918027282169 -125.3125 -71.5 5.976389149602458 14 
0002 0007 6 1670918027289986 -9.75 -67.5 3.3011266555298997 14 
0002 0004 7 1670918027323182 -9.75 -64.5 1.8285050991596843 14 
0002 0005 7 1670918027330387 -17.0625 -70.0 1.0983302441261191 14 
0002 0006 8 1670918027368019 55.3125 -65.5 2.098485717827557 14 
0002 0004 8 1670918027373834 -26.0 -70.0 1.0185632431560658 14 
0002 0005 1 1670918027600675 59.375 -68.5 2.337786720737717 14 
0002 0004 1 1670918027601596 -35.75 -58.5 2.380738182798515 14 
0002 0006 1 1670918027606858 6.5 -60.5 4.552854978444583 14 
0002 0014 1 1670918027612622 42.3125 -68.5 1.8223691760081417 14 
0002 0008 1 1670918027613527 -13.0 -65.0 4.945554060143307 14 
0002 0006 2 1670918027654326 -26.0 -58.0 0.22089323345553233 14 
0002 0008 2 1670918027656267 104.125 -69.5 1.3867186322486196 14 
0002 0004 2 1670918027657921 -9.75 -58.5 3.6324665057131984 14 
0002 0006 3 1670918027714272 -107.375 -69.0 6.0991076126333095 14 
0002 0005 3 1670918027716084 -73.1875 -65.0 2.521864415283994 14 
0002 0014 3 1670918027717525 -84.625 -69.0 4.227651051412827 14 
0002 0008 3 1670918027723188 -45.5625 -57.5 0.9940195505498954 14 
0002 0007 3 1670918027727413 35.75 -62.0 1.2517283229146832 14 
0002 0005 4 1670918027771160 -3.25 -60.0 5.6941366846315 14 
0002 0008 4 1670918027779105 19.5 -67.5 3.6447383520162835 14 
0002 0004 5 1670918027829936 78.0625 -66.5 4.841243366567084 14 
0002 0007 5 1670918027831943 0.0 -67.5 4.534447208989955 14 
0002 0005 6 1670918027871585 -17.0625 -70.5 5.872078456026235 14 
0002 0007 6 1670918027894097 42.3125 -68.5 3.2643111166206444 14 
0002 0004 7 1670918027930275 61.8125 -63.5 1.5953400194010667 14 
0002 0005 7 1670918027931206 -10.5625 -70.0 1.1474176293384597 14 
0002 0004 8 1670918027970233 -48.8125 -70.0 1.0246991663076084 14 
0002 0006 8 1670918027978147 107.375 -66.0 2.055534255766759 14 
0002 0008 1 1670918028197301 -19.5 -65.5 4.804427827657828 14 
0002 0014 1 1670918028199812 205.0625 -67.5 1.509437095279471 14 
0002 0004 1 1670918028205917 -32.5 -58.5 2.399145952253143 14 
0002 0006 1 1670918028214988 -26.0 -61.0 4.565126824747668 14 
0002 0005 1 1670918028217238 107.375 -69.5 2.043262409463674 14 
0002 0006 2 1670918028255610 -13.0 -58.5 0.2086213871524472 14 
0002 0004 2 1670918028257985 3.25 -58.5 3.6815538909255388 14 
0002 0008 2 1670918028260548 55.3125 -69.5 1.2762720155208536 14 
0002 0006 3 1670918028298982 -71.5625 -67.5 6.154330920997192 14 
0002 0005 3 1670918028300128 -78.0625 -66.0 2.564815877344792 14 
0002 0007 3 1670918028304211 42.3125 -62.0 1.2640001692177683 14 
0002 0008 3 1670918028310702 6.5 -58.0 0.9387962421860124 14 
0002 0014 3 1670918028314376 120.4375 -69.5 3.890175278077986 14 
0002 0008 4 1670918028350606 -87.875 -68.0 3.736777199289422 14 
0002 0005 4 1670918028356151 -21.125 -60.0 5.749359992995383 14 
0002 0004 5 1670918028406421 -26.0 -66.0 5.00077736850719 14 
0002 0007 5 1670918028416506 -48.8125 -67.0 4.479223900626073 14 
