0000 0005 1 1670919981607048 -52.0625 -71.0 2.448233337465483 3 
0000 0007 2 1670919981666970 -19.5 -67.0 2.9697868053466014 3 
0000 0005 3 1670919981758873 93.5625 -69.0 1.4848934026733007 3 
0000 0004 4 1670919981800508 29.25 -65.5 4.3503695144436785 3 
0000 0007 4 1670919981805434 -29.25 -68.0 4.724660826687775 3 
0000 0015 4 1670919981810672 -26.0 -71.0 0.23316507975861744 3 
0000 0006 4 1670919981812882 16.25 -68.0 2.116893487282185 3 
0000 0014 4 1670919981819439 6.5 -71.5 0.23930100291016002 3 
0000 0005 4 1670919981820997 -97.625 -72.5 3.1354567304382504 3 
0000 0008 5 1670919981846324 29.25 -58.5 0.5829126993965437 3 
0000 0006 5 1670919981856634 71.5625 -62.0 1.6444274046134073 3 
0000 0004 5 1670919981858120 -42.3125 -59.5 3.1784081924990484 3 
0000 0014 5 1670919981860601 -120.4375 -68.5 4.460816131171445 3 
0000 0014 6 1670919981890360 32.5 -60.0 2.227340104009951 3 
0000 0006 6 1670919981895561 -13.0 -58.5 5.780039608753096 3 
0000 0008 6 1670919981896453 -13.0 -58.5 2.386874105950058 3 
0000 0004 6 1670919981897615 87.875 -67.5 0.9817477042468103 3 
0000 0005 6 1670919981898620 71.5625 -69.5 6.0991076126333095 3 
0000 0001 6 1670919981907759 -3.25 -70.0 3.736777199289422 3 
0000 0007 6 1670919981914443 65.0625 -72.5 3.663146121470911 3 
0000 0008 7 1670919981952833 -26.0 -62.0 3.2520392703175593 3 
0000 0007 7 1670919981960551 29.25 -61.5 5.1725832167503825 3 
0000 0015 7 1670919981963076 -26.0 -69.5 3.1968159619536762 3 
0000 0005 7 1670919981967137 29.25 -67.5 3.1784081924990484 3 
0000 0006 7 1670919981969007 -48.8125 -69.0 3.2888548092268146 3 
0000 0005 8 1670919982004672 130.1875 -70.5 2.6261751088602177 3 
0000 0007 8 1670919982005857 19.5 -74.0 0.6013204688511713 3 
0000 0014 8 1670919982010816 -26.0 -69.0 5.675728915176872 3 
0000 0006 8 1670919982013308 -6.5 -71.5 0.18407769454627693 3 
0000 0011 8 1670919982018683 -97.625 -73.5 4.583534594202296 3 
0000 0005 1 1670919982262574 -48.8125 -72.0 2.270291566070749 3 
0000 0007 2 1670919982297476 100.875 -67.0 2.724349879284899 3 
0000 0015 2 1670919982341332 338.5 -71.0 1.368310862793992 3 
0000 0005 3 1670919982376183 156.1875 -69.0 1.509437095279471 3 
0000 0004 4 1670919982441144 -26.0 -66.0 4.552854978444583 3 
0000 0006 4 1670919982443515 117.125 -69.0 2.0493983326152168 3 
0000 0005 4 1670919982445622 -201.8125 -72.0 3.215223731408304 3 
0000 0015 4 1670919982448516 117.125 -70.5 0.11044661672776616 3 
0000 0007 4 1670919982452226 -16.25 -69.0 4.595806440505381 3 
0000 0014 4 1670919982459777 68.3125 -71.0 0.14112623248547898 3 
0000 0004 5 1670919982495771 22.75 -59.5 2.9329712664373457 3 
0000 0008 5 1670919982496720 -13.0 -58.5 0.662679700366597 3 
0000 0006 5 1670919982499073 71.5625 -62.5 1.607611865704152 3 
0000 0014 5 1670919982501748 -45.5625 -69.0 4.565126824747668 3 
0000 0004 6 1670919982547607 9.75 -67.0 1.1106020904292042 3 
0000 0006 6 1670919982549069 -9.75 -58.5 5.724816300389213 3 
0000 0007 6 1670919982554609 -87.875 -74.0 3.650874275167826 3 
0000 0001 6 1670919982557694 13.0 -70.5 3.650874275167826 3 
0000 0008 6 1670919982561317 9.75 -58.5 2.386874105950058 3 
0000 0014 6 1670919982562281 3.25 -60.0 2.2457478734645786 3 
0000 0005 6 1670919982566046 -87.0625 -69.5 0.04295146206079795 3 
0000 0005 7 1670919982606425 -121.25 -68.5 3.4177091954092087 3 
0000 0007 7 1670919982608398 0.0 -62.0 5.135767677841127 3 
0000 0008 7 1670919982609352 -13.0 -62.5 3.1354567304382504 3 
0000 0000 7 1670919982613394 0.0 -71.5 2.736621725587984 3 
0000 0006 7 1670919982615741 97.625 -69.5 3.147728576741336 3 
0000 0015 7 1670919982619113 9.75 -69.0 3.074097498922825 3 
0000 0011 8 1670919982645891 26.0 -73.5 4.565126824747668 3 
0000 0014 8 1670919982647292 48.8125 -69.0 5.540738605842936 3 
0000 0006 8 1670919982649326 -52.0625 -72.0 0.12885438618239387 3 
0000 0005 8 1670919982652890 -59.375 -70.5 2.8716120349219203 3 
0000 0007 8 1670919982658604 117.125 -73.5 0.12885438618239387 3 
0000 0005 1 1670919982910477 -312.4375 -73.0 2.6445828783148455 3 
0000 0007 2 1670919982956533 -130.1875 -66.5 2.9084275738311756 3 
0000 0005 3 1670919983020821 -3.25 -69.0 1.607611865704152 3 
0000 0007 4 1670919983066663 -65.0625 -68.5 4.657165672020807 3 
0000 0015 4 1670919983075613 32.5 -70.5 0.18407769454627693 3 
0000 0014 4 1670919983077481 -3.25 -71.5 0.3190680038802134 3 
0000 0004 4 1670919983078420 29.25 -67.0 4.73693267299086 3 
0000 0006 4 1670919983082840 -91.125 -68.5 2.4175537217077703 3 
0000 0008 5 1670919983106898 -16.25 -57.5 0.9387962421860124 3 
0000 0014 5 1670919983111852 -16.25 -67.5 4.577398671050753 3 
0000 0004 5 1670919983115192 19.5 -60.5 3.06182565261974 3 
0000 0006 5 1670919983117601 -19.5 -61.5 1.7978254834019713 3 
0000 0014 6 1670919983159869 13.0 -59.5 2.184388641949153 3 
0000 0008 6 1670919983161271 13.0 -57.5 2.662990647769473 3 
0000 0006 6 1670919983166652 -19.5 -58.0 5.780039608753096 3 
0000 0007 6 1670919983175186 104.125 -73.5 3.3440781175906977 3 
0000 0004 6 1670919983176645 6.5 -65.5 0.9817477042468103 3 
0000 0005 6 1670919983178047 29.25 -69.5 0.006135923151542565 3 
0000 0001 6 1670919983180439 -136.6875 -70.5 3.4913402732277192 3 
0000 0006 7 1670919983220962 26.0 -70.5 3.2090878082567613 3 
0000 0008 7 1670919983223099 29.25 -63.0 3.0495538063166547 3 
0000 0007 7 1670919983228394 61.8125 -61.5 5.184855063053467 3 
0000 0015 7 1670919983229400 -91.125 -69.0 3.3072625786814425 3 
0000 0005 7 1670919983235502 42.3125 -69.0 3.399301425954581 3 
0000 0005 8 1670919983275631 -97.625 -72.5 2.742757648739526 3 
0000 0011 8 1670919983276827 -55.3125 -72.5 4.540583132141498 3 
0000 0014 8 1670919983281691 42.3125 -69.0 5.534602682691394 3 
0000 0006 8 1670919983282658 -94.375 -72.0 0.28225246497095796 3 
0000 0011 2 1670919983556754 -205.0625 -67.5 0.14726215563702155 3 
0000 0006 3 1670919983646255 -289.6875 -71.0 4.81056375080937 3 
0000 0014 4 1670919983668150 -192.0 -72.0 0.3620194659410113 3 
0000 0004 4 1670919983673495 84.625 -68.5 2.1782527187976104 3 
0000 0006 4 1670919983682876 68.3125 -70.5 5.608233760509904 3 
0000 0006 5 1670919983718698 81.375 -59.0 0.6688156235181395 3 
0000 0015 5 1670919983719873 -16.25 -66.0 2.3439226438892597 3 
0000 0008 5 1670919983724307 58.5625 -64.0 5.724816300389213 3 
0000 0011 5 1670919983725261 -39.0 -63.0 1.8653206380689396 3 
0000 0010 5 1670919983726449 -16.25 -67.5 4.755340442445488 3 
0000 0004 5 1670919983729995 -13.0 -65.5 4.362641360746763 3 
0000 0005 5 1670919983732804 62.625 -69.0 0.5767767762450011 3 
0000 0012 5 1670919983741356 -58.5625 -68.0 4.381049130201391 3 
0000 0014 5 1670919983743178 -100.875 -70.0 0.6320000846088841 3 
0000 0004 6 1670919983779440 29.25 -64.0 3.761320891895592 3 
0000 0007 6 1670919983782166 45.5625 -66.5 1.1719613219446299 3 
0000 0014 6 1670919983784754 -6.5 -60.5 1.325359400733194 3 
0000 0009 6 1670919983785702 7.3125 -59.0 4.430136515413731 3 
0000 0010 6 1670919983786668 -42.3125 -61.0 5.540738605842936 3 
0000 0006 6 1670919983787888 -3.25 -60.0 5.037592907416445 3 
0000 0005 6 1670919983789089 -9.75 -61.5 0.2086213871524472 3 
0000 0015 6 1670919983791861 -42.3125 -67.5 4.190835512503572 3 
0000 0001 6 1670919983792797 -13.0 -61.0 3.2336315008629315 3 
0000 0011 6 1670919983796140 126.9375 -65.0 3.117048960983623 3 
0000 0012 6 1670919983798309 48.8125 -68.0 1.7978254834019713 3 
0000 0008 6 1670919983800895 13.0 -67.5 3.693825737228624 3 
0000 0013 7 1670919983826455 -26.0 -63.0 5.264622064023521 3 
0000 0015 7 1670919983827616 -35.75 -64.5 2.5832236467994196 3 
0000 0009 7 1670919983831298 -30.875 -64.0 0.39269908169872414 3 
0000 0007 7 1670919983833631 0.0 -58.5 0.34974761963792617 3 
0000 0001 7 1670919983836212 -22.75 -65.5 5.080544369477243 3 
0000 0008 7 1670919983841137 16.25 -58.5 3.5895150436524004 3 
0000 0011 7 1670919983842105 6.5 -58.0 0.37429131224409645 3 
0000 0005 7 1670919983844046 19.5 -56.5 4.264466590322082 3 
0000 0004 7 1670919983849049 26.0 -68.0 1.2517283229146832 3 
0000 0014 7 1670919983849956 -48.8125 -71.5 5.098952138931871 3 
0000 0005 8 1670919983877776 22.75 -67.0 1.9757672547967058 3 
0000 0007 8 1670919983884037 87.875 -70.0 3.074097498922825 3 
0000 0014 8 1670919983886655 -120.4375 -70.5 3.77972866135022 3 
0000 0011 8 1670919983887594 -19.5 -64.0 5.418020142812084 3 
0000 0015 8 1670919983889478 -32.5 -71.0 0.7915340865489908 3 
0000 0013 8 1670919983891671 71.5625 -64.5 0.9817477042468103 3 
0000 0012 8 1670919983893511 39.0 -73.0 2.030990563160589 3 
0000 0005 1 1670919984111846 39.0 -63.5 6.234097921967246 3 
0000 0008 1 1670919984120373 -65.0625 -64.5 4.6878452877785195 3 
0000 0006 1 1670919984125295 3.25 -68.0 0.11044661672776616 3 
0000 0011 1 1670919984127914 -48.8125 -66.0 5.141903600992669 3 
0000 0007 1 1670919984132198 188.75 -69.5 5.835262917116979 3 
0000 0015 1 1670919984137694 74.8125 -71.0 5.896622148632405 3 
0000 0007 2 1670919984180007 16.25 -67.5 4.227651051412827 3 
0000 0009 2 1670919984180957 -143.1875 -68.0 3.9638063558964967 3 
0000 0013 2 1670919984183350 -74.8125 -68.0 2.2150682577068657 3 
0000 0006 3 1670919984220733 211.5625 -71.0 5.730952223540755 3 
0000 0013 4 1670919984282736 55.3125 -66.0 1.3499030933393643 3 
0000 0006 4 1670919984293571 -29.25 -70.0 4.356505437595221 3 
0000 0012 4 1670919984294730 -35.75 -63.0 4.479223900626073 3 
0000 0004 4 1670919984295680 48.8125 -70.5 5.638913376267617 3 
0000 0014 5 1670919984329878 -9.75 -54.5 1.6996507129772904 3 
0000 0013 5 1670919984331923 -130.1875 -69.0 2.8838838812250054 3 
0000 0006 5 1670919984333398 -9.75 -56.0 2.9268353432858034 3 
0000 0001 5 1670919984334364 22.75 -66.0 1.6689710972195777 3 
0000 0011 5 1670919984335560 -13.0 -60.0 0.6258641614573416 3 
0000 0010 5 1670919984337018 -13.0 -56.0 6.178874613603362 3 
0000 0012 5 1670919984339390 19.5 -64.0 1.2026409377023426 3 
0000 0008 5 1670919984343224 29.25 -62.5 4.295146206079795 3 
0000 0004 5 1670919984347358 97.625 -63.5 5.976389149602458 3 
0000 0009 5 1670919984348888 62.625 -63.0 0.5399612373357456 3 
0000 0015 6 1670919984395964 6.5 -57.0 3.043417883165112 3 
0000 0014 6 1670919984397652 35.75 -64.5 5.939573610693203 3 
0000 0004 6 1670919984400220 100.875 -67.5 1.6444274046134073 3 
0000 0008 6 1670919984402939 -16.25 -57.0 4.080388895775806 3 
0000 0009 6 1670919984404896 52.0625 -62.5 2.1475731030398975 3 
0000 0005 6 1670919984406082 -26.0 -59.5 4.135612204139688 3 
0000 0006 6 1670919984408204 13.0 -57.5 0.4663301595172349 3 
0000 0013 6 1670919984409435 -19.5 -60.5 4.479223900626073 3 
0000 0001 6 1670919984411845 -22.75 -62.5 4.822835597112456 3 
0000 0010 6 1670919984412823 6.5 -44.5 3.2336315008629315 3 
0000 0007 6 1670919984414930 -26.0 -68.0 5.559146375297564 3 
0000 0014 7 1670919984448035 -97.625 -65.0 5.841398840268521 3 
0000 0013 7 1670919984449449 -39.0 -59.0 2.478912953223196 3 
0000 0009 7 1670919984451204 107.375 -65.5 2.1966604882522383 3 
0000 0007 7 1670919984453566 0.0 -57.5 2.736621725587984 3 
0000 0010 7 1670919984454476 -9.75 -59.0 1.5830681730979816 3 
0000 0005 7 1670919984457139 -32.5 -58.5 5.485515297479052 3 
0000 0015 7 1670919984462325 6.5 -60.5 2.116893487282185 3 
0000 0008 7 1670919984467054 -26.0 -64.5 2.5893595699509624 3 
0000 0004 7 1670919984468003 -16.25 -66.0 2.742757648739526 3 
0000 0000 7 1670919984469152 143.1875 -71.5 5.66959299202533 3 
0000 0014 8 1670919984519916 0.0 -66.0 2.8838838812250054 3 
0000 0007 8 1670919984522332 -19.5 -66.0 0.1227184630308513 3 
0000 0005 8 1670919984526627 35.75 -65.5 2.8409324191642074 3 
0000 0013 8 1670919984527601 -16.25 -61.5 4.743068596142402 3 
0000 0015 8 1670919984538585 48.8125 -68.5 0.4172427743048944 3 
0000 0012 8 1670919984540083 -26.0 -69.0 3.215223731408304 3 
0000 0015 1 1670919984756239 52.0625 -66.5 0.0859029241215959 3 
0000 0012 1 1670919984757927 -3.25 -72.0 4.049709280018092 3 
0000 0013 1 1670919984773899 6.5 -67.0 3.509748042682347 3 
0000 0007 1 1670919984778449 13.0 -72.0 0.4663301595172349 3 
0000 0005 3 1670919984902708 -3.25 -70.0 0.48473792897186263 3 
0000 0004 4 1670919984944654 -13.0 -68.0 1.9757672547967058 3 
0000 0012 4 1670919984948554 -22.75 -62.5 5.184855063053467 3 
0000 0013 4 1670919984958362 -58.5625 -68.5 1.0615147052168636 3 
0000 0007 4 1670919984959791 -65.0625 -72.0 6.12365130523948 3 
0000 0011 5 1670919984995882 -9.75 -64.5 5.890486225480862 3 
0000 0010 5 1670919984999579 19.5 -58.0 6.013204688511713 3 
0000 0006 5 1670919985002754 0.0 -55.5 1.564660403643354 3 
0000 0008 5 1670919985007270 -169.25 -65.5 3.454524734318464 3 
0000 0014 5 1670919985009122 6.5 -54.5 1.4787574795217582 3 
0000 0004 5 1670919985010341 -126.9375 -63.0 4.681709364626977 3 
0000 0009 5 1670919985012307 -76.4375 -68.5 0.12885438618239387 3 
0000 0012 5 1670919985015112 -26.0 -61.5 0.14726215563702155 3 
0000 0001 5 1670919985017281 32.5 -66.0 0.2945243112740431 3 
0000 0013 5 1670919985019189 -74.8125 -65.0 3.2765829629237295 3 
0000 0005 5 1670919985020434 179.0 -70.0 2.6875343403756435 3 
0000 0009 6 1670919985046171 -30.875 -65.0 0.7669903939428205 3 
0000 0010 6 1670919985048054 13.0 -47.0 2.60776733940559 3 
0000 0015 6 1670919985049315 6.5 -56.5 2.8532042654672924 3 
0000 0008 6 1670919985051510 13.0 -59.0 3.2827188860752723 3 
0000 0005 6 1670919985052726 -9.75 -58.0 3.018874190558942 3 
0000 0001 6 1670919985053905 39.0 -62.0 3.522019888985432 3 
0000 0006 6 1670919985057965 0.0 -58.0 5.595961914206819 3 
0000 0013 6 1670919985059159 -26.0 -59.0 4.178563666200486 3 
0000 0014 6 1670919985061843 -19.5 -61.5 5.724816300389213 3 
0000 0004 6 1670919985065198 16.25 -65.5 0.19634954084936207 3 
0000 0007 6 1670919985071029 71.5625 -72.0 5.890486225480862 3 
0000 0012 7 1670919985099141 159.5 -69.0 5.976389149602458 3 
0000 0015 7 1670919985101560 -29.25 -60.5 2.350058567040802 3 
0000 0013 7 1670919985107331 -39.0 -59.0 2.454369260617026 3 
0000 0010 7 1670919985109961 42.3125 -63.5 1.000155473701438 3 
0000 0014 7 1670919985112354 16.25 -64.0 5.780039608753096 3 
0000 0004 7 1670919985114240 39.0 -67.0 2.1537090261914402 3 
0000 0005 7 1670919985115141 6.5 -58.5 5.325981295538946 3 
0000 0007 7 1670919985116088 -3.25 -58.0 3.0250101137104846 3 
0000 0009 7 1670919985119383 13.8125 -65.0 2.1046216409791 3 
0000 0008 7 1670919985120346 -9.75 -66.0 3.0066023442558567 3 
0000 0000 7 1670919985121781 410.125 -71.0 5.092816215780329 3 
0000 0005 8 1670919985166463 22.75 -64.5 2.4850488763747385 3 
0000 0013 8 1670919985168321 -29.25 -60.0 4.859651136021712 3 
0000 0015 8 1670919985169269 -16.25 -69.0 0.6994952392758523 3 
0000 0014 8 1670919985172944 42.3125 -67.0 2.816388726558037 3 
0000 0012 8 1670919985173922 -26.0 -68.5 3.3502140407422405 3 
0000 0007 8 1670919985174898 78.0625 -64.5 0.17794177139473438 3 
0000 0013 1 1670919985412625 -58.5625 -67.5 3.497476196379262 3 
0000 0015 1 1670919985415966 -16.25 -68.0 0.03681553890925539 3 
0000 0007 1 1670919985432138 0.0 -72.0 0.7547185476397354 3 
0000 0005 3 1670919985523954 48.8125 -70.5 0.7117670855789375 3 
0000 0004 4 1670919985569584 -42.3125 -68.5 1.6566992509164924 3 
0000 0012 4 1670919985572924 -13.0 -62.5 5.111223985234957 3 
0000 0006 4 1670919985585642 -130.1875 -70.5 4.878058905476339 3 
0000 0007 4 1670919985586831 159.5 -72.5 5.724816300389213 3 
0000 0013 4 1670919985594675 29.25 -68.5 0.8774370106705868 3 
0000 0008 5 1670919985627987 -3.25 -63.0 3.7551849687440497 3 
0000 0010 5 1670919985630156 39.0 -58.0 5.945709533844745 3 
0000 0011 5 1670919985633080 -13.0 -65.0 6.258641614573416 3 
0000 0014 5 1670919985634282 13.0 -54.0 1.423534171157875 3 
0000 0012 5 1670919985638709 -16.25 -62.5 0.15339807878856412 3 
0000 0006 5 1670919985639887 3.25 -55.5 1.6137477888556946 3 
0000 0005 5 1670919985640792 13.0 -71.0 2.7979809571034093 3 
0000 0009 5 1670919985642263 -166.8125 -66.5 0.01227184630308513 3 
0000 0001 5 1670919985643242 146.4375 -66.5 6.056156150572511 3 
0000 0004 5 1670919985644432 -42.3125 -62.5 4.663301595172349 3 
0000 0013 5 1670919985646345 -55.3125 -64.0 3.000466421104314 3 
0000 0013 6 1670919985687549 0.0 -58.5 4.227651051412827 3 
0000 0009 6 1670919985690315 13.8125 -65.0 0.6013204688511713 3 
0000 0004 6 1670919985691279 -9.75 -66.0 0.28225246497095796 3 
0000 0010 6 1670919985694286 3.25 -46.5 2.675262494072558 3 
0000 0006 6 1670919985695535 6.5 -58.0 5.565282298449106 3 
0000 0014 6 1670919985697914 -45.5625 -62.5 5.712544454086128 3 
0000 0015 6 1670919985702050 6.5 -56.5 2.9513790358919736 3 
0000 0008 6 1670919985704248 6.5 -58.0 3.393165502803038 3 
0000 0005 6 1670919985705182 -19.5 -58.5 3.098641191528995 3 
0000 0001 6 1670919985706369 0.0 -62.0 3.552699504743145 3 
0000 0007 6 1670919985713903 -26.0 -70.5 6.14819499784565 3 
0000 0009 7 1670919985745990 -197.6875 -65.0 2.337786720737717 3 
0000 0013 7 1670919985748482 6.5 -58.5 2.4727770300716534 3 
0000 0008 7 1670919985750611 -94.375 -65.0 3.1231848841351653 3 
0000 0010 7 1670919985751815 -16.25 -63.5 1.0676506283684062 3 
0000 0000 7 1670919985758445 91.125 -70.0 5.602097837358362 3 
0000 0007 7 1670919985759376 -9.75 -58.0 2.9759227284981438 3 
0000 0005 7 1670919985761551 -19.5 -58.5 5.448699758569798 3 
0000 0015 7 1670919985762529 -29.25 -61.0 2.380738182798515 3 
0000 0004 7 1670919985763976 110.625 -68.0 1.8837284075235674 3 
0000 0014 7 1670919985765135 -35.75 -64.5 5.816855147662351 3 
0000 0012 7 1670919985777477 65.0625 -70.5 0.14726215563702155 3 
0000 0007 8 1670919985808294 19.5 -64.5 0.19634954084936207 3 
0000 0013 8 1670919985814526 16.25 -60.5 4.884194828627882 3 
0000 0014 8 1670919985816638 71.5625 -68.0 2.8409324191642074 3 
0000 0015 8 1670919985820190 13.0 -69.5 0.46019423636569234 3 
0000 0005 8 1670919985823916 -3.25 -64.0 2.6691265709210157 3 
0000 0012 8 1670919985826596 22.75 -69.0 3.2581751934691017 3 
0000 0013 1 1670919986054474 -3.25 -67.0 3.2949907323783574 3 
0000 0007 1 1670919986066903 29.25 -70.5 0.11044661672776616 3 
0000 0015 1 1670919986069767 -130.1875 -68.5 0.0859029241215959 3 
0000 0005 3 1670919986176751 73.1875 -70.5 0.3190680038802134 3 
0000 0004 4 1670919986229843 61.8125 -67.5 1.239456476611598 3 
0000 0013 4 1670919986233449 -42.3125 -70.0 0.7485826244881929 3 
0000 0006 4 1670919986236312 35.75 -69.5 4.485359823777615 3 
0000 0012 4 1670919986237741 -19.5 -63.5 4.994641445355648 3 
0000 0011 5 1670919986286424 -32.5 -65.5 6.043884304269426 3 
0000 0008 5 1670919986288410 -45.5625 -64.0 3.5833791205008576 3 
0000 0013 5 1670919986289626 -35.75 -64.5 2.9206994201342606 3 
0000 0006 5 1670919986291060 42.3125 -55.5 1.6014759425526093 3 
0000 0012 5 1670919986292247 -16.25 -62.0 0.16566992509164924 3 
0000 0014 5 1670919986293421 9.75 -54.0 1.3867186322486196 3 
0000 0010 5 1670919986295066 19.5 -58.0 6.062292073724054 3 
0000 0004 5 1670919986296539 -16.25 -62.0 4.700117134081604 3 
0000 0009 5 1670919986302954 166.8125 -67.5 5.8475347634200645 3 
0000 0001 5 1670919986319398 -91.125 -66.0 0.37429131224409645 3 
0000 0005 5 1670919986322804 -187.125 -72.0 3.448388811166921 3 
0000 0006 6 1670919986358499 -45.5625 -58.0 5.66959299202533 3 
0000 0004 6 1670919986361882 -19.5 -66.0 0.22089323345553233 3 
0000 0005 6 1670919986365407 9.75 -58.0 3.3747577333484107 3 
0000 0013 6 1670919986366354 9.75 -58.5 4.2031073588066565 3 
0000 0008 6 1670919986368280 13.0 -58.0 3.429981041712294 3 
0000 0015 6 1670919986370011 13.0 -57.0 3.0127382674073995 3 
0000 0010 6 1670919986371003 6.5 -46.5 2.779573187648782 3 
0000 0007 6 1670919986374823 0.0 -72.0 0.619728238305799 3 
0000 0009 6 1670919986376253 -17.0625 -67.5 0.521553467881118 3 
0000 0014 6 1670919986377413 -6.5 -62.5 5.589825991055276 3 
0000 0001 6 1670919986381345 61.8125 -62.0 3.80427235395639 3 
0000 0005 7 1670919986416201 16.25 -58.5 5.688000761479957 3 
0000 0004 7 1670919986419710 113.875 -69.5 2.0371264863121317 3 
0000 0007 7 1670919986421747 -16.25 -58.0 3.1906800388021335 3 
0000 0014 7 1670919986424383 123.6875 -64.5 5.632777453116074 3 
0000 0013 7 1670919986427668 -22.75 -58.0 2.6261751088602177 3 
0000 0015 7 1670919986430882 152.9375 -61.5 2.055534255766759 3 
0000 0008 7 1670919986440024 139.9375 -67.0 2.82252464970958 3 
0000 0010 7 1670919986440959 -19.5 -63.0 1.141281706186917 3 
0000 0009 7 1670919986446366 -38.1875 -66.5 2.000310947402876 3 
0000 0000 7 1670919986448655 107.375 -71.0 5.798447378207723 3 
0000 0014 8 1670919986491814 -26.0 -68.5 2.9513790358919736 3 
0000 0013 8 1670919986493271 -42.3125 -59.5 4.994641445355648 3 
0000 0007 8 1670919986497096 -52.0625 -64.5 0.23930100291016002 3 
0000 0015 8 1670919986498750 6.5 -70.5 0.5951845456996288 3 
0000 0005 8 1670919986511665 -13.0 -64.5 2.8838838812250054 3 
0000 0012 8 1670919986512631 113.875 -69.5 3.031146036862027 3 
