0008 0010 1 1670920936507142 3.25 -58.0 1.533980787885641 6 
0008 0001 1 1670920936510377 3.25 -57.0 6.17273869045182 6 
0008 0005 1 1670920936511923 24.375 -54.5 1.1965050145508 6 
0008 0007 1 1670920936517414 -58.5625 -67.0 5.964117303299373 6 
0008 0008 1 1670920936518433 19.5 -65.5 3.1784081924990484 6 
0008 0002 1 1670920936524030 -68.3125 -70.0 3.6570101983193686 6 
0008 0011 1 1670920936524933 73.1875 -63.0 0.9940195505498954 6 
0008 0000 1 1670920936527101 84.625 -69.5 0.5829126993965437 6 
0008 0009 1 1670920936528692 52.0625 -63.0 1.6566992509164924 6 
0008 0015 2 1670920936566751 -61.8125 -60.0 0.0859029241215959 6 
0008 0005 2 1670920936567922 -24.375 -54.5 1.9205439464328227 6 
0008 0011 2 1670920936570283 -10.5625 -52.0 6.080699843178682 6 
0008 0006 2 1670920936576009 -104.125 -70.0 3.1661363461959633 6 
0008 0001 2 1670920936577452 59.375 -63.5 3.9822141253511245 6 
0008 0010 2 1670920936578630 104.125 -65.0 6.258641614573416 6 
0008 0003 2 1670920936581749 -32.5 -68.0 3.8288160465625602 6 
0008 0000 2 1670920936584765 19.5 -61.5 0.5399612373357456 6 
0008 0009 2 1670920936587104 -55.3125 -64.5 2.6445828783148455 6 
0008 0008 2 1670920936590912 0.0 -60.0 4.773748211900116 6 
0008 0012 2 1670920936602330 162.75 -68.0 5.3627968344482015 6 
0008 0004 2 1670920936605589 -52.0625 -69.5 3.043417883165112 6 
0008 0014 2 1670920936611514 -166.8125 -71.0 2.399145952253143 6 
0008 0004 3 1670920936658465 3.25 -68.0 2.9820586516496865 6 
0008 0005 3 1670920936660789 6.5 -68.0 1.1658253987930873 6 
0008 0015 3 1670920936666325 48.8125 -69.0 2.890019804376548 6 
0008 0011 3 1670920936670360 48.8125 -70.0 0.32520392703175593 6 
0008 0009 4 1670920936706618 -71.5625 -69.5 4.767612288748572 6 
0008 0005 4 1670920936715898 83.0 -67.5 6.227961998815704 6 
0008 0015 4 1670920936725356 -110.625 -72.0 6.117515382087937 6 
0008 0004 5 1670920936801257 76.4375 -69.5 2.0800779483729293 6 
0008 0006 6 1670920936826415 30.875 -68.0 4.239922897715912 6 
0008 0015 7 1670920936878185 166.0 -69.0 5.939573610693203 6 
0008 0014 7 1670920936887668 58.5625 -65.0 1.4787574795217582 6 
0008 0010 7 1670920936890458 16.25 -65.0 4.540583132141498 6 
0008 0006 7 1670920936895187 -13.8125 -67.0 2.730485802436441 6 
0008 0004 7 1670920936896631 -27.625 -66.0 0.3313398501832985 6 
0008 0004 8 1670920936927342 10.5625 -64.0 0.760854470791278 6 
0008 0001 8 1670920936929688 -3.25 -69.0 5.577554144752192 6 
0008 0012 8 1670920936934981 9.75 -69.0 4.6878452877785195 6 
0008 0000 8 1670920936935893 58.5625 -69.0 3.4054373491061236 6 
0008 0015 8 1670920936937072 -45.5625 -71.0 2.804116880254952 6 
0008 0005 8 1670920936938017 6.5 -65.5 5.325981295538946 6 
0008 0011 8 1670920936942377 -3.25 -65.5 0.28838838812250056 6 
0008 0006 8 1670920936944992 -21.125 -64.5 4.890330751779424 6 
0008 0010 8 1670920936947558 58.5625 -60.0 2.9022916506796332 6 
0008 0008 8 1670920936949509 -6.5 -57.0 1.4358060174609601 6 
0008 0009 8 1670920936953314 22.75 -67.0 3.2643111166206444 6 
0008 0002 8 1670920936954265 -9.75 -67.0 0.8406214717613314 6 
0008 0014 8 1670920936957004 -45.5625 -67.0 4.313553975534423 6 
0008 0011 1 1670920937179654 -3.25 -62.5 1.1535535524900022 6 
0008 0009 1 1670920937184483 39.0 -61.5 1.705786636128833 6 
0008 0002 1 1670920937185944 55.3125 -70.5 3.423845118560751 6 
0008 0005 1 1670920937188858 7.3125 -55.0 1.3314953238847365 6 
0008 0008 1 1670920937191236 48.8125 -64.0 3.2090878082567613 6 
0008 0000 1 1670920937193181 126.9375 -69.0 0.5645049299419159 6 
0008 0007 1 1670920937197398 71.5625 -66.5 5.737088146692298 6 
0008 0001 1 1670920937199733 -41.5 -57.0 0.09817477042468103 6 
0008 0010 1 1670920937201217 3.25 -57.5 1.6014759425526093 6 
0008 0012 2 1670920937256295 -179.0 -67.5 5.64504929941916 6 
0008 0001 2 1670920937258545 21.125 -65.0 4.135612204139688 6 
0008 0005 2 1670920937259747 3.25 -55.0 1.8530487917658545 6 
0008 0006 2 1670920937262791 -52.0625 -70.5 3.2459033471660166 6 
0008 0015 2 1670920937263797 -13.0 -60.0 0.030679615757712823 6 
0008 0009 2 1670920937266150 19.5 -64.5 2.552544031041707 6 
0008 0010 2 1670920937267624 45.5625 -65.0 0.21475731030398976 6 
0008 0000 2 1670920937270996 39.0 -61.5 0.607456392002714 6 
0008 0003 2 1670920937272175 -58.5625 -66.5 3.9760782021995817 6 
0008 0011 2 1670920937275892 -3.25 -52.0 6.043884304269426 6 
0008 0008 2 1670920937280082 22.75 -60.0 5.056000676871073 6 
0008 0004 2 1670920937284915 195.25 -68.5 2.9697868053466014 6 
0008 0014 2 1670920937297079 55.3125 -70.0 2.141437179888355 6 
0008 0015 3 1670920937337465 -32.5 -69.5 2.9943304979527716 6 
0008 0011 3 1670920937338806 -10.5625 -69.0 0.34974761963792617 6 
0008 0004 3 1670920937343199 139.125 -69.0 2.859340188618835 6 
0008 0005 3 1670920937351511 -107.375 -68.0 1.7119225592803755 6 
0008 0008 4 1670920937388937 -32.5 -71.0 4.81056375080937 6 
0008 0005 4 1670920937409037 87.0625 -68.5 0.19634954084936207 6 
0008 0015 4 1670920937410924 -91.125 -72.5 6.0991076126333095 6 
0008 0004 5 1670920937461957 -13.8125 -71.0 2.429825568010856 6 
0008 0006 6 1670920937511553 7.3125 -67.5 4.546719055293041 6 
0008 0006 7 1670920937551655 121.25 -67.0 2.2948352586769194 6 
0008 0014 7 1670920937555341 -16.25 -65.5 1.564660403643354 6 
0008 0004 7 1670920937557141 -27.625 -65.0 0.1595340019401067 6 
0008 0010 7 1670920937560507 13.0 -65.5 4.25833066717054 6 
0008 0015 7 1670920937561591 -315.6875 -70.0 0.2699806186678728 6 
0008 0008 8 1670920937605990 26.0 -56.5 1.214912784005428 6 
0008 0006 8 1670920937608631 17.0625 -65.5 4.718524903536232 6 
0008 0002 8 1670920937610587 6.5 -68.0 0.6442719309119693 6 
0008 0011 8 1670920937612018 42.3125 -65.0 6.270913460876501 6 
0008 0009 8 1670920937613166 55.3125 -67.5 3.074097498922825 6 
0008 0010 8 1670920937620742 -13.0 -59.0 2.8102528034064944 6 
0008 0014 8 1670920937621648 -130.1875 -66.5 4.405592822807561 6 
0008 0004 8 1670920937626684 21.125 -63.5 0.6381360077604268 6 
0008 0015 8 1670920937627891 -6.5 -70.0 2.521864415283994 6 
0008 0001 8 1670920937632556 -24.375 -70.5 5.516194913236766 6 
0008 0005 8 1670920937640556 52.0625 -65.5 5.221670601962723 6 
0008 0000 8 1670920937642104 71.5625 -70.5 3.1231848841351653 6 
0008 0012 8 1670920937643917 -35.75 -68.5 4.638757902566179 6 
0008 0011 1 1670920937858414 27.625 -62.5 0.9694758579437253 6 
0008 0005 1 1670920937859316 -3.25 -55.0 1.3314953238847365 6 
0008 0008 1 1670920937866697 -29.25 -64.0 3.2090878082567613 6 
0008 0007 1 1670920937867691 6.5 -67.0 5.9518454569962875 6 
0008 0009 1 1670920937869885 -22.75 -61.5 1.6566992509164924 6 
0008 0000 1 1670920937872125 55.3125 -68.0 0.607456392002714 6 
0008 0001 1 1670920937873114 -30.875 -57.0 0.09203884727313846 6 
0008 0010 1 1670920937876993 19.5 -58.0 1.564660403643354 6 
0008 0002 1 1670920937885806 19.5 -72.5 3.454524734318464 6 
0008 0003 2 1670920937919001 -133.4375 -67.0 3.792000507653305 6 
0008 0012 2 1670920937919947 -39.0 -69.5 5.442563835418255 6 
0008 0015 2 1670920937922459 35.75 -60.0 6.209554229361076 6 
0008 0004 2 1670920937924642 -113.875 -67.5 3.2397674240144743 6 
0008 0011 2 1670920937925586 -24.375 -52.0 5.9518454569962875 6 
0008 0014 2 1670920937926522 -159.5 -70.5 2.399145952253143 6 
0008 0001 2 1670920937927454 45.5625 -66.5 4.178563666200486 6 
0008 0000 2 1670920937928871 -13.0 -61.5 0.6565437772150544 6 
0008 0005 2 1670920937930525 55.3125 -55.5 1.607611865704152 6 
0008 0009 2 1670920937933499 55.3125 -64.5 2.4175537217077703 6 
0008 0010 2 1670920937934944 65.0625 -65.0 0.1595340019401067 6 
0008 0008 2 1670920937935936 52.0625 -60.0 4.97623367590102 6 
0008 0006 2 1670920937939085 -257.125 -70.5 3.3870295796514958 6 
0008 0015 3 1670920937974245 -52.0625 -70.0 3.0250101137104846 6 
0008 0005 3 1670920937981082 182.25 -67.5 1.5278448647340985 6 
0008 0011 3 1670920937982027 -65.875 -68.5 0.3374757733348411 6 
0008 0008 4 1670920938012712 -152.9375 -71.0 5.00077736850719 6 
0008 0015 4 1670920938015536 -42.3125 -71.0 6.037748381117884 6 
0008 0005 4 1670920938031627 34.9375 -70.5 0.34974761963792617 6 
0008 0004 5 1670920938062547 -55.3125 -70.0 2.8409324191642074 6 
0008 0006 5 1670920938081944 -114.6875 -71.0 0.11044661672776616 6 
0008 0006 6 1670920938137375 -30.875 -66.5 4.871922982324796 6 
0008 0014 7 1670920938175601 113.875 -65.0 1.5033011721279284 6 
0008 0004 7 1670920938179054 59.375 -64.5 0.0674951546669682 6 
0008 0006 7 1670920938183137 136.6875 -67.0 2.2580197197676637 6 
0008 0010 7 1670920938185198 55.3125 -66.0 4.301282129231338 6 
0008 0015 7 1670920938186745 19.5 -69.5 6.025476534814799 6 
0008 0002 8 1670920938217479 68.3125 -68.0 0.7792622402459057 6 
0008 0012 8 1670920938221793 -55.3125 -68.5 4.681709364626977 6 
0008 0006 8 1670920938222736 -17.0625 -65.0 4.663301595172349 6 
0008 0010 8 1670920938224649 -26.0 -59.5 2.8961557275280905 6 
0008 0014 8 1670920938229291 3.25 -67.0 4.252194744018997 6 
0008 0008 8 1670920938231658 9.75 -56.5 1.3008157081270237 6 
0008 0000 8 1670920938234997 0.0 -69.0 3.368621810196868 6 
0008 0005 8 1670920938236446 -41.5 -66.0 5.424156065963627 6 
0008 0015 8 1670920938238317 16.25 -69.5 2.478912953223196 6 
0008 0009 8 1670920938241602 29.25 -68.0 2.9697868053466014 6 
0008 0011 8 1670920938249578 45.5625 -65.5 0.25157284921324513 6 
0008 0004 8 1670920938254969 -29.25 -63.0 0.8406214717613314 6 
0008 0010 1 1670920938468465 3.25 -58.0 1.521708941582556 6 
0008 0009 1 1670920938469445 55.3125 -61.5 1.41126232485479 6 
0008 0001 1 1670920938472790 -3.25 -57.0 6.092971689481767 6 
0008 0011 1 1670920938476375 52.0625 -61.5 0.9387962421860124 6 
0008 0005 1 1670920938479917 6.5 -55.0 1.184233168247715 6 
0008 0008 1 1670920938481615 9.75 -64.0 3.423845118560751 6 
0008 0000 1 1670920938487949 110.625 -68.0 0.4172427743048944 6 
0008 0007 1 1670920938490132 -32.5 -67.0 5.853670686571607 6 
0008 0012 1 1670920938494668 133.4375 -72.0 3.552699504743145 6 
0008 0002 1 1670920938503254 166.0 -71.5 3.147728576741336 6 
0008 0015 2 1670920938526842 -71.5625 -60.0 0.15339807878856412 6 
0008 0011 2 1670920938529631 -41.5 -52.0 5.957981380147831 6 
0008 0004 2 1670920938531029 -59.375 -67.0 2.9391071895888885 6 
0008 0009 2 1670920938533515 -13.0 -60.5 2.6691265709210157 6 
0008 0000 2 1670920938535915 42.3125 -61.5 0.4295146206079795 6 
0008 0010 2 1670920938540460 42.3125 -63.5 0.06135923151542565 6 
0008 0008 2 1670920938541379 29.25 -59.5 5.0253210611133605 6 
0008 0001 2 1670920938542586 -180.625 -68.0 4.595806440505381 6 
0008 0005 2 1670920938543560 38.1875 -55.0 1.6566992509164924 6 
0008 0003 2 1670920938547750 -65.0625 -66.5 3.8963112012295285 6 
0008 0006 2 1670920938554349 -13.8125 -69.5 3.2213596545598464 6 
0008 0014 2 1670920938556180 87.875 -69.0 1.7855536370988863 6 
0008 0015 3 1670920938601209 130.1875 -70.0 2.5464081078901644 6 
0008 0011 3 1670920938605106 -135.0625 -67.0 0.2454369260617026 6 
0008 0005 3 1670920938612387 208.3125 -66.5 1.7916895602504288 6 
0008 0004 3 1670920938613588 131.8125 -70.0 2.1905245651006955 6 
0008 0010 4 1670920938648306 84.625 -72.5 3.7981364308048478 6 
0008 0005 4 1670920938649478 -21.125 -71.0 0.3988350048502667 6 
0008 0015 4 1670920938660137 29.25 -71.5 5.583690067903734 6 
0008 0009 4 1670920938667067 3.25 -66.5 4.442408361716817 6 
0008 0006 6 1670920938750384 17.0625 -65.5 2.4911847995262812 6 
0008 0001 6 1670920938764507 -24.375 -69.5 2.442097414313941 6 
0008 0008 7 1670920938803667 0.0 -65.0 2.9759227284981438 6 
0008 0004 7 1670920938804604 -61.8125 -61.5 2.116893487282185 6 
0008 0010 7 1670920938816188 0.0 -66.0 5.773903685601553 6 
0008 0014 7 1670920938817720 61.8125 -65.0 1.043106935762236 6 
0008 0006 7 1670920938818921 45.5625 -70.0 5.0682725231741586 6 
0008 0015 7 1670920938820257 84.625 -70.0 6.043884304269426 6 
0008 0006 8 1670920938847628 -52.0625 -66.0 2.141437179888355 6 
0008 0014 8 1670920938849706 10.5625 -64.5 4.485359823777615 6 
0008 0011 8 1670920938850885 21.125 -58.0 2.086213871524472 6 
0008 0010 8 1670920938857178 22.75 -62.0 4.7307967498393175 6 
0008 0004 8 1670920938858633 -27.625 -56.5 3.8533597391687304 6 
0008 0008 8 1670920938861957 29.25 -57.0 2.767301341345697 6 
0008 0002 8 1670920938864336 -3.25 -66.0 5.3627968344482015 6 
0008 0001 8 1670920938867085 -45.5625 -71.0 0.5645049299419159 6 
0008 0012 8 1670920938871841 42.3125 -68.0 4.663301595172349 6 
0008 0011 1 1670920939089658 -62.625 -66.0 5.473243451175968 6 
0008 0008 1 1670920939091158 -13.0 -61.5 0.23930100291016002 6 
0008 0007 1 1670920939092346 0.0 -63.0 6.031612457966341 6 
0008 0005 1 1670920939093551 -3.25 -53.5 0.2270291566070749 6 
0008 0013 1 1670920939098055 -6.5 -57.5 3.5956509668039427 6 
0008 0014 1 1670920939102718 32.5 -65.5 4.491495746929157 6 
0008 0009 1 1670920939103891 22.75 -55.5 0.5645049299419159 6 
0008 0010 1 1670920939104799 58.5625 -62.0 5.252350217720435 6 
0008 0012 1 1670920939107307 -91.125 -67.0 0.02454369260617026 6 
0008 0000 1 1670920939110117 -39.0 -63.5 4.080388895775806 6 
0008 0004 1 1670920939113061 -41.5 -66.0 5.497787143782138 6 
0008 0002 1 1670920939138923 -136.6875 -73.0 4.031301510563465 6 
0008 0008 2 1670920939165928 -61.8125 -62.0 2.5893595699509624 6 
0008 0006 2 1670920939167693 62.625 -68.5 3.3870295796514958 6 
0008 0012 2 1670920939172096 -13.0 -55.5 5.743224069843841 6 
0008 0013 2 1670920939177545 48.8125 -55.5 1.9512235621905356 6 
0008 0007 2 1670920939185738 55.3125 -67.5 3.0066023442558567 6 
0008 0011 2 1670920939188411 -13.8125 -53.0 4.246058820867455 6 
0008 0004 2 1670920939190365 -159.5 -67.0 1.4787574795217582 6 
0008 0001 2 1670920939191762 13.8125 -55.0 6.043884304269426 6 
0008 0000 2 1670920939192694 0.0 -60.0 1.8530487917658545 6 
0008 0010 2 1670920939194175 16.25 -67.0 1.1228739367322893 6 
0008 0009 2 1670920939195351 -32.5 -65.5 5.2768939103266055 6 
0008 0015 2 1670920939199208 29.25 -62.0 0.4724660826687775 6 
0008 0005 2 1670920939203188 -38.1875 -61.0 3.2459033471660166 6 
0008 0015 3 1670920939235894 -19.5 -70.0 4.865787059173254 6 
0008 0011 3 1670920939244908 -10.5625 -68.0 3.485204350076177 6 
0008 0014 3 1670920939253051 180.625 -71.5 5.724816300389213 6 
0008 0004 3 1670920939255585 24.375 -70.5 5.890486225480862 6 
0008 0001 3 1670920939256918 -225.375 -69.0 6.074563920027139 6 
0008 0013 4 1670920939317626 74.8125 -67.0 5.810719224510809 6 
0008 0014 4 1670920939322688 -113.875 -71.5 2.3439226438892597 6 
0008 0015 4 1670920939324133 3.25 -73.0 4.325825821837508 6 
0008 0004 4 1670920939325527 48.8125 -68.5 1.5953400194010667 6 
0008 0004 5 1670920939383009 -34.9375 -67.5 1.9205439464328227 6 
0008 0015 6 1670920939451924 55.3125 -70.0 5.5100589900852235 6 
0008 0006 6 1670920939469481 -97.625 -69.5 3.2888548092268146 6 
0008 0004 7 1670920939501062 24.375 -58.5 4.319689898685965 6 
0008 0014 7 1670920939504548 32.5 -63.5 1.5278448647340985 6 
0008 0013 7 1670920939512774 97.625 -68.0 2.9329712664373457 6 
0008 0012 7 1670920939516676 -133.4375 -65.5 4.71238898038469 6 
0008 0006 7 1670920939525208 62.625 -70.0 5.896622148632405 6 
0008 0011 7 1670920939528224 27.625 -68.0 0.09817477042468103 6 
0008 0015 7 1670920939534045 -45.5625 -70.5 0.5031456984264903 6 
0008 0006 8 1670920939559455 10.5625 -59.5 5.356660911296659 6 
0008 0002 8 1670920939560438 35.75 -66.0 0.1349903093339364 6 
0008 0009 8 1670920939562816 -22.75 -67.5 3.2949907323783574 6 
0008 0004 8 1670920939563989 55.3125 -61.5 5.829126993965437 6 
0008 0010 8 1670920939567043 3.25 -62.0 3.160000423044421 6 
0008 0011 8 1670920939568918 0.0 -67.5 2.3623304133438876 6 
0008 0014 8 1670920939571028 42.3125 -63.0 0.2086213871524472 6 
0008 0000 8 1670920939578757 -61.8125 -73.0 0.5276893910326605 6 
0008 0012 8 1670920939581205 -19.5 -64.5 1.184233168247715 6 
0008 0013 8 1670920939583045 -22.75 -70.0 0.006135923151542565 6 
0008 0008 8 1670920939585607 -3.25 -67.0 4.006757817957295 6 
0008 0005 8 1670920939587750 142.375 -69.0 1.7732817907958012 6 
0008 0007 1 1670920939805851 -22.75 -58.5 0.7792622402459057 6 
0008 0008 1 1670920939807311 -42.3125 -68.0 5.737088146692298 6 
0008 0013 1 1670920939813930 -26.0 -59.0 3.411573272257666 6 
0008 0005 1 1670920939815117 -10.5625 -53.5 0.0859029241215959 6 
0008 0010 1 1670920939819133 26.0 -69.0 6.166602767300278 6 
0008 0009 1 1670920939820097 58.5625 -64.0 5.602097837358362 6 
0008 0004 1 1670920939823367 -16.25 -64.0 5.6941366846315 6 
0008 0012 1 1670920939824825 22.75 -65.5 0.1227184630308513 6 
0008 0000 1 1670920939835136 65.0625 -64.0 1.932815792735908 6 
0008 0000 2 1670920939885967 -29.25 -62.0 6.086835766330224 6 
0008 0013 2 1670920939886955 -3.25 -57.0 2.2457478734645786 6 
0008 0006 2 1670920939887859 45.5625 -63.0 4.129476280988146 6 
0008 0007 2 1670920939890959 0.0 -63.5 3.3747577333484107 6 
0008 0015 2 1670920939893642 -19.5 -61.0 0.6688156235181395 6 
0008 0001 2 1670920939898165 -34.9375 -54.5 4.657165672020807 6 
0008 0005 2 1670920939905481 -45.5625 -60.0 2.5770877236478773 6 
0008 0011 2 1670920939907160 -34.9375 -54.5 4.626486056263094 6 
0008 0008 2 1670920939910294 -81.375 -65.0 0.16566992509164924 6 
0008 0012 2 1670920939911242 -32.5 -57.0 6.154330920997192 6 
0008 0009 2 1670920939939245 -183.875 -71.0 0.0674951546669682 6 
0008 0011 3 1670920939977599 45.5625 -69.0 3.663146121470911 6 
0008 0015 3 1670920939988654 -71.5625 -67.5 4.516039439535327 6 
0008 0013 3 1670920939993004 455.6875 -70.5 5.356660911296659 6 
0008 0004 3 1670920939994859 -240.875 -71.0 5.8475347634200645 6 
0008 0004 4 1670920940039866 -38.1875 -67.0 1.6812429435226628 6 
0008 0013 4 1670920940041041 61.8125 -67.0 5.6573211457222445 6 
0008 0014 4 1670920940047418 -24.375 -72.5 2.0493983326152168 6 
0008 0004 5 1670920940113221 -3.25 -66.0 2.1659808724945253 6 
0008 0006 6 1670920940138110 -24.375 -69.5 2.423689644859313 6 
0008 0015 6 1670920940145939 -3.25 -70.0 5.608233760509904 6 
0008 0011 7 1670920940203276 38.1875 -70.0 6.215690152512618 6 
0008 0013 7 1670920940204976 -126.9375 -69.5 3.356349963893783 6 
0008 0014 7 1670920940209316 -71.5625 -64.0 1.6505633277649499 6 
0008 0004 7 1670920940214343 59.375 -60.0 4.06811704947272 6 
0008 0006 7 1670920940217473 21.125 -70.0 5.117359908386499 6 
0008 0012 7 1670920940223905 -6.5 -65.0 4.295146206079795 6 
0008 0015 7 1670920940237025 117.125 -71.0 0.006135923151542565 6 
0008 0000 8 1670920940269463 -22.75 -71.5 0.4663301595172349 6 
0008 0004 8 1670920940270694 -59.375 -63.0 0.03681553890925539 6 
0008 0001 8 1670920940271684 -166.8125 -70.5 5.442563835418255 6 
0008 0002 8 1670920940273114 3.25 -65.5 6.1850105367549055 6 
0008 0006 8 1670920940275328 13.8125 -58.5 5.307573526084319 6 
0008 0009 8 1670920940280042 71.5625 -68.0 3.141592653589793 6 
0008 0014 8 1670920940280973 -13.8125 -63.0 0.1902136176978195 6 
0008 0005 8 1670920940283637 -17.0625 -70.5 1.902136176978195 6 
0008 0008 8 1670920940286937 22.75 -64.0 4.190835512503572 6 
0008 0012 8 1670920940287871 39.0 -65.5 1.2946797849754812 6 
0008 0011 8 1670920940294619 128.5625 -68.5 1.5953400194010667 6 
0008 0010 8 1670920940298878 6.5 -62.5 2.9145634969827183 6 
0008 0013 8 1670920940301678 -39.0 -71.5 0.34974761963792617 6 
0008 0007 1 1670920940521233 -9.75 -58.5 0.619728238305799 6 
0008 0004 1 1670920940523357 -41.5 -63.0 5.878214379177777 6 
0008 0005 1 1670920940525506 7.3125 -53.0 0.2699806186678728 6 
0008 0013 1 1670920940529511 -26.0 -59.0 3.399301425954581 6 
0008 0010 1 1670920940530461 35.75 -68.0 6.105243535784852 6 
0008 0009 1 1670920940536443 10.5625 -63.5 6.14819499784565 6 
0008 0000 1 1670920940541125 -19.5 -64.5 2.405281875404685 6 
0008 0012 1 1670920940544591 52.0625 -66.0 6.2034183062095325 6 
0008 0008 1 1670920940547176 -48.8125 -65.0 6.240233845118788 6 
0008 0014 1 1670920940563277 83.0 -73.5 4.1172044346850605 6 
0008 0002 1 1670920940564526 120.4375 -74.5 3.117048960983623 6 
0008 0012 2 1670920940605955 3.25 -56.0 6.105243535784852 6 
0008 0008 2 1670920940606863 3.25 -62.5 1.1290098598838318 6 
0008 0011 2 1670920940610680 -21.125 -54.0 4.595806440505381 6 
0008 0013 2 1670920940613366 0.0 -57.5 2.1537090261914402 6 
0008 0007 2 1670920940614339 52.0625 -62.5 3.000466421104314 6 
0008 0001 2 1670920940618188 0.0 -54.0 5.203262832508095 6 
0008 0004 2 1670920940626316 -21.125 -69.5 2.705942109830271 6 
0008 0015 2 1670920940630766 22.75 -60.5 0.5031456984264903 6 
0008 0006 2 1670920940631922 17.0625 -62.0 4.331961744989051 6 
0008 0000 2 1670920940633385 -19.5 -62.0 0.07976700097005335 6 
0008 0005 2 1670920940634812 -24.375 -61.0 2.724349879284899 6 
0008 0011 3 1670920940697727 -381.625 -69.0 4.424000592262189 6 
0008 0013 3 1670920940698673 65.0625 -69.5 5.399612373357457 6 
0008 0015 3 1670920940705981 -52.0625 -66.5 4.626486056263094 6 
0008 0001 3 1670920940709463 309.1875 -69.0 5.583690067903734 6 
0008 0007 3 1670920940714530 26.0 -70.0 0.5951845456996288 6 
0008 0013 4 1670920940776077 -74.8125 -67.0 0.09817477042468103 6 
0008 0014 4 1670920940783765 97.625 -71.5 2.073942025221387 6 
0008 0004 4 1670920940785178 -13.0 -66.0 1.4358060174609601 6 
0008 0015 4 1670920940788344 -120.4375 -73.0 4.706253057233147 6 
0008 0004 5 1670920940819597 -65.875 -66.0 2.116893487282185 6 
0008 0015 6 1670920940893678 6.5 -70.0 5.405748296509 6 
0008 0006 6 1670920940903656 0.0 -70.5 2.061670178918302 6 
0008 0015 7 1670920940939734 -55.3125 -71.0 0.0 6 
0008 0006 7 1670920940944070 69.125 -68.0 4.767612288748572 6 
0008 0004 7 1670920940945030 -38.1875 -60.5 3.8410878928656453 6 
0008 0012 7 1670920940954110 32.5 -64.5 4.0558452031696355 6 
0008 0011 7 1670920940955578 -34.9375 -71.0 6.074563920027139 6 
0008 0014 7 1670920940962721 -7.3125 -63.5 1.4726215563702154 6 
0008 0013 7 1670920940964537 -26.0 -69.0 3.1784081924990484 6 
0008 0010 8 1670920940997238 -71.5625 -62.5 2.82252464970958 6 
0008 0009 8 1670920941003840 -65.0625 -69.5 2.8716120349219203 6 
0008 0000 8 1670920941005046 117.125 -71.0 5.896622148632405 6 
0008 0014 8 1670920941006190 -30.875 -64.0 0.0674951546669682 6 
0008 0004 8 1670920941007120 3.25 -63.0 6.178874613603362 6 
0008 0008 8 1670920941008115 -65.0625 -62.5 4.516039439535327 6 
0008 0001 8 1670920941009556 -17.0625 -70.0 4.632621979414636 6 
0008 0012 8 1670920941010492 42.3125 -65.5 1.3008157081270237 6 
0008 0011 8 1670920941012881 73.1875 -69.0 1.2640001692177683 6 
0008 0013 8 1670920941014876 61.8125 -73.0 0.01227184630308513 6 
0008 0005 8 1670920941018868 38.1875 -71.5 1.184233168247715 6 
0008 0006 8 1670920941022506 7.3125 -58.0 5.129631754689584 6 
0008 0002 8 1670920941025047 -29.25 -65.5 5.755495916146925 6 
0008 0005 1 1670920941251004 0.0 -53.0 0.4540583132141498 6 
0008 0004 1 1670920941253411 -24.375 -63.0 6.215690152512618 6 
0008 0007 1 1670920941258863 13.0 -59.0 0.5829126993965437 6 
0008 0008 1 1670920941263284 26.0 -64.0 0.5154175447295755 6 
0008 0013 1 1670920941265351 -19.5 -59.5 3.479068426924634 6 
0008 0012 1 1670920941272198 -9.75 -66.0 0.0859029241215959 6 
0008 0000 1 1670920941276669 -61.8125 -65.5 2.724349879284899 6 
0008 0009 1 1670920941277917 35.75 -62.0 0.09203884727313846 6 
0008 0014 1 1670920941280210 -166.8125 -72.0 4.693981210930062 6 
0008 0002 1 1670920941282345 -16.25 -72.5 3.3379421944391554 6 
0008 0010 1 1670920941283254 52.0625 -67.0 6.166602767300278 6 
0008 0006 2 1670920941336284 3.25 -60.5 4.522175362686871 6 
0008 0005 2 1670920941339699 13.8125 -61.5 2.8716120349219203 6 
0008 0008 2 1670920941340917 117.125 -62.0 1.5033011721279284 6 
0008 0007 2 1670920941343759 -9.75 -63.5 3.0372819600135696 6 
0008 0004 2 1670920941347349 -48.8125 -66.5 2.6998061866787286 6 
0008 0012 2 1670920941348589 3.25 -56.0 6.092971689481767 6 
0008 0001 2 1670920941350685 45.5625 -54.5 5.632777453116074 6 
0008 0013 2 1670920941351632 39.0 -57.0 2.1475731030398975 6 
0008 0015 2 1670920941353306 42.3125 -60.5 0.4295146206079795 6 
0008 0011 2 1670920941357540 -21.125 -53.5 4.6878452877785195 6 
0008 0000 2 1670920941363860 -29.25 -62.0 0.4356505437595221 6 
0008 0013 3 1670920941410193 -201.8125 -71.0 5.982525072754001 6 
0008 0011 3 1670920941414752 48.8125 -68.5 3.724505352986337 6 
0008 0007 3 1670920941431950 81.375 -72.0 0.8713010875190442 6 
0008 0001 3 1670920941432854 -21.125 -67.5 5.976389149602458 6 
0008 0015 3 1670920941435455 65.0625 -69.0 4.632621979414636 6 
0008 0013 4 1670920941480490 22.75 -66.5 0.01227184630308513 6 
0008 0004 4 1670920941488906 -48.8125 -66.0 1.552388557340269 6 
0008 0015 4 1670920941492816 74.8125 -72.0 4.540583132141498 6 
0008 0014 4 1670920941500915 65.0625 -71.0 2.184388641949153 6 
