0008 0015 1 1670920059276045 -35.75 -70.0 0.30066023442558565 6 
0008 0006 1 1670920059279532 34.9375 -64.0 4.7860200582032 6 
0008 0008 1 1670920059287077 -81.375 -62.0 5.227806525114265 6 
0008 0009 1 1670920059288292 22.75 -68.0 0.6320000846088841 6 
0008 0004 1 1670920059291348 3.25 -65.0 2.061670178918302 6 
0008 0004 2 1670920059341186 90.3125 -66.5 2.9022916506796332 6 
0008 0008 2 1670920059349631 32.5 -64.5 4.2092432819582 6 
0008 0001 3 1670920059386905 10.5625 -55.0 4.626486056263094 6 
0008 0007 3 1670920059390272 152.9375 -68.0 5.47937937432751 6 
0008 0008 3 1670920059391190 29.25 -62.0 0.9817477042468103 6 
0008 0009 3 1670920059392392 6.5 -62.0 4.252194744018997 6 
0008 0015 3 1670920059393568 -9.75 -60.0 0.7731263170943632 6 
0008 0010 3 1670920059394775 48.8125 -66.0 0.4908738521234052 6 
0008 0011 3 1670920059396007 41.5 -63.5 3.0127382674073995 6 
0008 0004 3 1670920059397149 3.25 -66.5 6.043884304269426 6 
0008 0005 3 1670920059398126 24.375 -51.5 1.8346410223112268 6 
0008 0000 3 1670920059399288 -6.5 -65.0 3.877903431774901 6 
0008 0003 4 1670920059436203 13.0 -71.0 1.4051264017032472 6 
0008 0000 4 1670920059439664 6.5 -61.5 5.0682725231741586 6 
0008 0006 4 1670920059441934 65.0625 -72.0 3.663146121470911 6 
0008 0007 4 1670920059443113 -32.5 -64.0 4.270602513473625 6 
0008 0010 4 1670920059444715 -52.0625 -66.5 3.822680123411018 6 
0008 0009 4 1670920059446867 -22.75 -64.0 4.577398671050753 6 
0008 0005 4 1670920059448791 -7.3125 -57.5 6.074563920027139 6 
0008 0008 4 1670920059450980 -16.25 -68.5 2.552544031041707 6 
0008 0015 4 1670920059451904 16.25 -62.0 3.877903431774901 6 
0008 0004 4 1670920059452964 55.3125 -72.5 3.442252888015379 6 
0008 0007 5 1670920059492071 -221.3125 -69.0 2.9575149590435164 6 
0008 0005 5 1670920059494396 76.4375 -63.0 4.9394181369917645 6 
0008 0009 5 1670920059499942 120.4375 -67.5 5.651185222570702 6 
0008 0001 5 1670920059501356 21.125 -67.5 0.9142525495798421 6 
0008 0008 5 1670920059504866 39.0 -67.5 5.620505606812989 6 
0008 0015 5 1670920059515122 19.5 -69.5 0.9940195505498954 6 
0008 0007 6 1670920059557808 -9.75 -68.5 6.178874613603362 6 
0008 0005 6 1670920059568713 107.375 -67.0 2.067806102069844 6 
0008 0009 6 1670920059571813 -6.5 -69.5 2.6016314162540475 6 
0008 0006 6 1670920059574664 145.625 -71.5 1.88986433067511 6 
0008 0004 6 1670920059575653 90.3125 -66.5 1.2087768608538851 6 
0008 0006 7 1670920059625535 -177.375 -69.5 2.7979809571034093 6 
0008 0006 8 1670920059661013 -55.3125 -73.5 4.239922897715912 6 
0008 0004 8 1670920059662680 -27.625 -68.0 5.0253210611133605 6 
0008 0004 1 1670920059897503 97.625 -65.5 1.7548740213411735 6 
0008 0008 1 1670920059901395 -19.5 -62.0 5.1725832167503825 6 
0008 0009 1 1670920059905650 111.4375 -69.0 0.6135923151542565 6 
0008 0015 1 1670920059910391 -123.6875 -70.0 0.37429131224409645 6 
0008 0011 1 1670920059912933 -177.375 -71.5 2.5157284921324514 6 
0008 0006 1 1670920059914088 34.9375 -64.5 4.749204519293945 6 
0008 0004 2 1670920059956541 -139.9375 -66.5 3.147728576741336 6 
0008 0008 2 1670920059969315 58.5625 -63.5 4.111068511533518 6 
0008 0001 3 1670920060028113 -13.8125 -54.0 4.663301595172349 6 
0008 0005 3 1670920060029500 45.5625 -52.0 1.9573594853420782 6 
0008 0009 3 1670920060031229 78.0625 -63.0 4.356505437595221 6 
0008 0011 3 1670920060035094 -17.0625 -64.0 3.2029518851052186 6 
0008 0015 3 1670920060036428 9.75 -59.5 0.7915340865489908 6 
0008 0008 3 1670920060037601 0.0 -62.0 1.086058397823034 6 
0008 0000 3 1670920060039743 42.3125 -64.0 3.9760782021995817 6 
0008 0004 3 1670920060041341 97.625 -66.5 5.9518454569962875 6 
0008 0010 3 1670920060042896 6.5 -66.0 0.7179030087304801 6 
0008 0007 3 1670920060043936 -39.0 -68.5 5.749359992995383 6 
0008 0008 4 1670920060069970 -32.5 -67.5 2.6016314162540475 6 
0008 0015 4 1670920060072603 -6.5 -61.5 4.01902966426038 6 
0008 0005 4 1670920060073521 -10.5625 -57.5 6.277049384028044 6 
0008 0000 4 1670920060074402 -29.25 -62.0 5.135767677841127 6 
0008 0009 4 1670920060076469 -26.0 -64.0 4.743068596142402 6 
0008 0010 4 1670920060079149 42.3125 -67.5 3.650874275167826 6 
0008 0003 4 1670920060082174 97.625 -72.0 1.282407938672396 6 
0008 0007 4 1670920060083304 -3.25 -63.5 4.448544284868359 6 
0008 0006 4 1670920060086600 24.375 -71.5 3.6815538909255388 6 
0008 0005 5 1670920060121304 -55.3125 -63.5 5.0253210611133605 6 
0008 0009 5 1670920060122760 -100.875 -68.5 6.031612457966341 6 
0008 0001 5 1670920060127792 35.75 -67.0 1.0983302441261191 6 
0008 0008 5 1670920060132780 -136.6875 -67.0 6.007068765360171 6 
0008 0004 5 1670920060139990 -7.3125 -69.0 1.2946797849754812 6 
0008 0015 5 1670920060143152 6.5 -70.0 0.8651651643675016 6 
0008 0005 6 1670920060186643 76.4375 -66.5 2.055534255766759 6 
0008 0009 6 1670920060193035 -84.625 -68.5 2.773437264497239 6 
0008 0001 6 1670920060195709 -41.5 -70.5 3.0372819600135696 6 
0008 0007 6 1670920060197608 42.3125 -68.5 6.019340611663256 6 
0008 0004 6 1670920060199034 -3.25 -67.0 1.2885438618239387 6 
0008 0006 6 1670920060203061 -69.125 -73.0 2.073942025221387 6 
0008 0006 7 1670920060240553 111.4375 -70.5 2.5034566458293663 6 
0008 0004 8 1670920060303279 10.5625 -68.5 4.896466674930966 6 
0008 0006 8 1670920060313552 -145.625 -72.5 4.28287435977671 6 
0008 0008 1 1670920060527684 45.5625 -61.5 5.086680292628786 6 
0008 0009 1 1670920060531241 -6.5 -69.5 0.6135923151542565 6 
0008 0011 1 1670920060533139 -128.5625 -70.0 2.3930100291016 6 
0008 0004 1 1670920060536249 -135.0625 -64.5 2.116893487282185 6 
0008 0006 1 1670920060538401 -21.125 -64.0 4.896466674930966 6 
0008 0015 1 1670920060539579 -16.25 -69.5 0.1718058482431918 6 
0008 0004 2 1670920060595931 130.1875 -66.0 2.816388726558037 6 
0008 0008 2 1670920060598081 -152.9375 -64.5 4.289010282928253 6 
0008 0006 2 1670920060610819 201.8125 -70.5 3.356349963893783 6 
0008 0011 3 1670920060647698 -24.375 -64.0 3.215223731408304 6 
0008 0015 3 1670920060649387 -35.75 -60.0 0.8835729338221293 6 
0008 0009 3 1670920060650845 -61.8125 -62.0 4.540583132141498 6 
0008 0005 3 1670920060652486 17.0625 -52.0 2.043262409463674 6 
0008 0007 3 1670920060653714 48.8125 -68.0 5.5714182216006485 6 
0008 0008 3 1670920060654903 55.3125 -62.5 1.1228739367322893 6 
0008 0010 3 1670920060655838 -45.5625 -66.5 0.7424467013366504 6 
0008 0000 3 1670920060657797 -58.5625 -65.5 4.23378697456437 6 
0008 0001 3 1670920060659437 -27.625 -54.5 4.779884135051658 6 
0008 0004 3 1670920060663536 79.75 -66.5 6.019340611663256 6 
0008 0006 4 1670920060687006 -52.0625 -70.5 3.9699422790480394 6 
0008 0009 4 1670920060690184 0.0 -64.5 4.7860200582032 6 
0008 0007 4 1670920060691418 0.0 -63.0 4.522175362686871 6 
0008 0000 4 1670920060695279 -16.25 -62.0 5.289165756629691 6 
0008 0010 4 1670920060698348 0.0 -67.0 3.767456815047135 6 
0008 0008 4 1670920060700976 35.75 -67.5 2.6813984172241008 6 
0008 0005 4 1670920060702816 -7.3125 -57.5 0.04908738521234052 6 
0008 0015 4 1670920060704521 -58.5625 -62.0 4.086524818927348 6 
0008 0003 4 1670920060705669 84.625 -71.0 1.3008157081270237 6 
0008 0009 5 1670920060737418 42.3125 -68.5 5.780039608753096 6 
0008 0005 5 1670920060738719 -19.5 -63.5 4.95168998329485 6 
0008 0015 5 1670920060744995 35.75 -70.5 1.000155473701438 6 
0008 0008 5 1670920060749551 -58.5625 -67.5 5.927301764390117 6 
0008 0001 5 1670920060751871 -73.1875 -67.5 1.3744467859455345 6 
0008 0004 5 1670920060760056 -104.125 -69.5 1.41126232485479 6 
0008 0007 6 1670920060798336 -3.25 -68.5 6.0991076126333095 6 
0008 0009 6 1670920060799657 39.0 -69.5 2.5832236467994196 6 
0008 0005 6 1670920060808734 -69.125 -66.5 2.2641556429192065 6 
0008 0001 6 1670920060811593 10.5625 -70.5 2.9636508821950587 6 
0008 0006 6 1670920060814689 183.875 -73.0 1.8775924843720249 6 
0008 0004 6 1670920060817434 -10.5625 -67.0 1.3130875544301088 6 
0008 0006 7 1670920060878602 55.3125 -70.5 2.411417798556228 6 
0008 0004 8 1670920060906440 -10.5625 -69.0 4.865787059173254 6 
0008 0006 8 1670920060913658 -274.1875 -72.0 4.3503695144436785 6 
0008 0008 1 1670920061138351 -26.0 -62.0 5.056000676871073 6 
0008 0006 1 1670920061144667 -32.5 -65.0 4.638757902566179 6 
0008 0009 1 1670920061145586 6.5 -68.5 0.521553467881118 6 
0008 0004 1 1670920061147015 -10.5625 -65.0 1.6566992509164924 6 
0008 0011 1 1670920061149323 -55.3125 -71.0 2.2396119503130363 6 
0008 0015 1 1670920061151701 104.125 -69.0 6.105243535784852 6 
0008 0008 2 1670920061197705 -26.0 -66.0 4.227651051412827 6 
0008 0006 2 1670920061206411 48.8125 -71.0 3.5342917352885173 6 
0008 0004 2 1670920061209761 183.875 -65.0 2.509592568980909 6 
0008 0005 3 1670920061258353 0.0 -51.5 2.018718716857504 6 
0008 0007 3 1670920061260673 -175.75 -67.5 5.786175531904639 6 
0008 0011 3 1670920061262526 -27.625 -63.0 3.2459033471660166 6 
0008 0015 3 1670920061263462 22.75 -60.0 0.705631162427395 6 
0008 0001 3 1670920061264423 -13.8125 -54.5 4.755340442445488 6 
0008 0009 3 1670920061265852 29.25 -63.0 4.362641360746763 6 
0008 0008 3 1670920061266843 -29.25 -61.5 1.1290098598838318 6 
0008 0004 3 1670920061267892 218.875 -66.5 6.117515382087937 6 
0008 0010 3 1670920061269762 110.625 -66.5 0.35588354278946877 6 
0008 0000 3 1670920061272469 9.75 -65.0 4.025165587411922 6 
0008 0006 4 1670920061297755 -13.8125 -71.0 3.773592738198677 6 
0008 0005 4 1670920061304122 7.3125 -58.0 6.209554229361076 6 
0008 0000 4 1670920061305626 22.75 -62.0 5.227806525114265 6 
0008 0015 4 1670920061306988 -29.25 -62.0 3.9760782021995817 6 
0008 0007 4 1670920061313188 -26.0 -63.5 4.417864669110647 6 
0008 0009 4 1670920061314193 3.25 -64.0 4.675573441475434 6 
0008 0003 4 1670920061315430 -84.625 -71.5 1.6321555583103222 6 
0008 0008 4 1670920061316675 29.25 -68.0 2.6261751088602177 6 
0008 0010 4 1670920061317597 -74.8125 -67.0 3.9944859716542096 6 
0008 0004 4 1670920061327175 -177.375 -71.5 3.822680123411018 6 
0008 0005 5 1670920061360744 34.9375 -63.0 5.135767677841127 6 
0008 0009 5 1670920061361678 48.8125 -68.5 6.025476534814799 6 
0008 0007 5 1670920061363538 159.5 -69.5 2.748893571891069 6 
0008 0001 5 1670920061369099 10.5625 -67.5 0.9756117810952678 6 
0008 0008 5 1670920061370632 -100.875 -66.5 6.1850105367549055 6 
0008 0004 5 1670920061381067 34.9375 -71.0 1.2578642460662257 6 
0008 0015 5 1670920061383362 -91.125 -69.0 1.1965050145508 6 
0008 0004 6 1670920061416868 10.5625 -66.5 1.3989904785517047 6 
0008 0005 6 1670920061423557 -48.8125 -68.5 2.4850488763747385 6 
0008 0006 6 1670920061427295 -83.0 -72.0 2.2089323345553233 6 
0008 0007 6 1670920061428232 -32.5 -68.5 0.2761165418194154 6 
0008 0006 7 1670920061466244 -125.3125 -68.5 2.6445828783148455 6 
0008 0004 8 1670920061524913 -100.875 -68.0 5.522330836388308 6 
0008 0006 8 1670920061528915 -145.625 -71.5 4.172427743048944 6 
0008 0009 1 1670920061761897 -42.3125 -64.0 0.19634954084936207 6 
0008 0006 1 1670920061764088 -21.125 -62.0 1.8653206380689396 6 
0008 0011 1 1670920061767719 -41.5 -69.5 1.9144080232812801 6 
0008 0010 1 1670920061769377 6.5 -62.0 0.1227184630308513 6 
0008 0004 1 1670920061772535 7.3125 -65.0 0.5890486225480862 6 
0008 0005 1 1670920061775221 -111.4375 -69.5 5.264622064023521 6 
0008 0015 1 1670920061776429 -143.1875 -69.0 6.191146459906448 6 
0008 0009 2 1670920061824525 -78.0625 -66.5 1.932815792735908 6 
0008 0015 2 1670920061861240 -29.25 -71.5 2.9268353432858034 6 
0008 0002 3 1670920061896483 -65.0625 -65.0 3.822680123411018 6 
0008 0004 3 1670920061898207 13.8125 -63.5 3.736777199289422 6 
0008 0011 3 1670920061899533 -38.1875 -59.5 2.5586799541932495 6 
0008 0001 3 1670920061900988 -21.125 -69.0 4.681709364626977 6 
0008 0005 3 1670920061903496 27.625 -54.0 1.2087768608538851 6 
0008 0003 3 1670920061904477 -156.1875 -68.0 4.908738521234052 6 
0008 0008 3 1670920061906171 3.25 -56.5 3.0127382674073995 6 
0008 0013 3 1670920061907333 3.25 -56.5 5.160311370447297 6 
0008 0009 3 1670920061908495 -9.75 -47.5 3.988350048502667 6 
0008 0010 3 1670920061909390 -6.5 -55.0 2.1537090261914402 6 
0008 0006 3 1670920061911688 65.0625 -67.5 2.478912953223196 6 
0008 0007 3 1670920061913235 19.5 -62.0 1.1780972450961724 6 
0008 0015 3 1670920061914456 19.5 -59.5 1.4419419406125027 6 
0008 0014 4 1670920061935861 27.625 -70.5 0.2945243112740431 6 
0008 0003 4 1670920061937548 81.375 -72.0 0.6320000846088841 6 
0008 0015 4 1670920061943271 -16.25 -62.5 3.0250101137104846 6 
0008 0008 4 1670920061945875 -6.5 -62.5 3.7981364308048478 6 
0008 0012 4 1670920061947827 13.0 -70.0 4.804427827657828 6 
0008 0011 4 1670920061948993 0.0 -53.0 3.509748042682347 6 
0008 0009 4 1670920061952763 0.0 -55.0 0.30066023442558565 6 
0008 0007 4 1670920061953945 9.75 -65.0 5.074408446325701 6 
0008 0010 4 1670920061954965 -9.75 -62.5 1.0246991663076084 6 
0008 0001 4 1670920061957839 27.625 -62.0 0.6933593161243098 6 
0008 0000 4 1670920061960301 45.5625 -62.0 2.3623304133438876 6 
0008 0006 4 1670920061963258 10.5625 -66.0 0.5645049299419159 6 
0008 0005 4 1670920061973278 -27.625 -64.0 4.405592822807561 6 
0008 0005 5 1670920061998120 38.1875 -64.5 1.9634954084936207 6 
0008 0011 5 1670920062011113 3.25 -70.5 2.650718801466388 6 
0008 0009 5 1670920062013621 16.25 -64.5 0.944932165337555 6 
0008 0005 6 1670920062057383 10.5625 -66.5 2.5832236467994196 6 
0008 0015 6 1670920062075022 32.5 -70.0 4.994641445355648 6 
0008 0013 6 1670920062082433 -123.6875 -68.5 5.405748296509 6 
0008 0015 7 1670920062121090 156.1875 -70.0 0.8774370106705868 6 
0008 0005 7 1670920062126758 218.875 -71.0 5.5714182216006485 6 
0008 0013 7 1670920062137082 -39.0 -69.0 4.626486056263094 6 
0008 0004 7 1670920062142909 -295.375 -70.5 4.718524903536232 6 
0008 0005 8 1670920062188963 -139.125 -70.5 4.620350133111551 6 
0008 0004 8 1670920062192175 34.9375 -66.5 0.9633399347921826 6 
0008 0004 1 1670920062407328 7.3125 -55.0 1.2946797849754812 6 
0008 0014 1 1670920062410457 17.0625 -60.0 0.5583690067903734 6 
0008 0010 1 1670920062427510 -61.8125 -65.5 2.098485717827557 6 
0008 0001 1 1670920062431073 -10.5625 -68.0 1.576932249946439 6 
0008 0015 1 1670920062433438 -110.625 -67.0 0.15339807878856412 6 
0008 0006 1 1670920062435316 -34.9375 -70.0 2.5034566458293663 6 
0008 0006 2 1670920062470145 -41.5 -66.0 3.11091303783208 6 
0008 0005 2 1670920062487861 21.125 -67.5 5.730952223540755 6 
0008 0014 2 1670920062491502 166.8125 -70.5 5.994796919057086 6 
0008 0015 3 1670920062526248 -22.75 -62.5 2.399145952253143 6 
0008 0011 3 1670920062528484 -3.25 -56.0 1.9205439464328227 6 
0008 0008 3 1670920062529448 100.875 -62.5 3.2397674240144743 6 
0008 0004 3 1670920062530354 100.875 -64.5 3.5036121195308043 6 
0008 0012 3 1670920062531327 0.0 -61.5 0.3865631585471816 6 
0008 0013 3 1670920062532251 45.5625 -54.5 2.5157284921324514 6 
0008 0007 3 1670920062540033 71.5625 -58.5 5.148039524144211 6 
0008 0010 3 1670920062541493 -22.75 -62.0 3.9269908169872414 6 
0008 0009 3 1670920062542894 13.0 -55.0 4.558990901596125 6 
0008 0000 3 1670920062544074 -42.3125 -64.0 1.736466251886546 6 
0008 0005 3 1670920062545542 7.3125 -53.0 2.5586799541932495 6 
0008 0002 3 1670920062549362 -117.125 -71.0 2.172116795646068 6 
0008 0014 4 1670920062588478 7.3125 -62.0 3.5833791205008576 6 
0008 0012 4 1670920062590292 81.375 -66.0 1.521708941582556 6 
0008 0011 4 1670920062591206 -13.8125 -52.0 4.884194828627882 6 
0008 0001 4 1670920062592420 27.625 -57.5 2.724349879284899 6 
0008 0013 4 1670920062593890 -29.25 -59.5 5.332117218690489 6 
0008 0015 4 1670920062598990 -3.25 -62.0 2.9206994201342606 6 
0008 0007 4 1670920062604054 -45.5625 -68.0 5.810719224510809 6 
0008 0005 4 1670920062606336 -52.0625 -65.0 2.2580197197676637 6 
0008 0009 4 1670920062607677 -32.5 -70.0 5.602097837358362 6 
0008 0006 4 1670920062608878 59.375 -65.5 1.718058482431918 6 
0008 0000 4 1670920062616424 -39.0 -63.5 5.638913376267617 6 
0008 0013 5 1670920062658164 159.5 -68.0 2.110757564130642 6 
0008 0007 5 1670920062669404 -65.0625 -71.0 5.0253210611133605 6 
0008 0001 6 1670920062716760 -21.125 -70.0 5.859806609723149 6 
0008 0013 6 1670920062731549 -48.8125 -67.0 4.71238898038469 6 
0008 0015 6 1670920062742718 -22.75 -70.0 4.301282129231338 6 
0008 0015 7 1670920062784510 22.75 -67.5 0.4111068511533518 6 
0008 0013 7 1670920062786450 39.0 -67.5 3.9944859716542096 6 
0008 0005 8 1670920062846250 -135.0625 -71.5 3.6447383520162835 6 
0008 0004 8 1670920062848919 21.125 -72.5 0.5460971604872883 6 
0008 0014 1 1670920063085027 9.75 -60.5 0.3129320807286708 6 
0008 0004 1 1670920063088655 -3.25 -56.0 1.41126232485479 6 
0008 0006 1 1670920063094045 90.3125 -68.0 2.423689644859313 6 
0008 0001 1 1670920063095221 81.375 -66.5 1.4603497100671303 6 
0008 0015 1 1670920063104491 78.0625 -67.0 0.16566992509164924 6 
0008 0010 1 1670920063112595 58.5625 -66.0 1.6935147898257479 6 
0008 0005 2 1670920063153078 7.3125 -68.0 5.602097837358362 6 
0008 0006 2 1670920063163081 -34.9375 -67.5 3.104777114680538 6 
0008 0014 2 1670920063193013 -55.3125 -69.5 6.037748381117884 6 
0008 0015 3 1670920063217717 29.25 -64.0 2.3930100291016 6 
0008 0008 3 1670920063219685 -29.25 -61.5 3.749049045592507 6 
0008 0012 3 1670920063221565 -45.5625 -62.5 0.3190680038802134 6 
0008 0010 3 1670920063222572 -26.0 -61.5 3.9453985864418692 6 
0008 0011 3 1670920063223544 21.125 -56.0 1.5033011721279284 6 
0008 0013 3 1670920063224548 -9.75 -53.5 2.5280003384355365 6 
0008 0005 3 1670920063228043 -21.125 -53.0 2.073942025221387 6 
0008 0009 3 1670920063229752 19.5 -52.0 4.552854978444583 6 
0008 0000 3 1670920063232496 -35.75 -64.0 2.073942025221387 6 
0008 0002 3 1670920063233916 -52.0625 -69.0 1.902136176978195 6 
0008 0007 3 1670920063235801 -58.5625 -59.5 4.516039439535327 6 
0008 0004 3 1670920063239400 -55.3125 -65.5 4.025165587411922 6 
0008 0000 4 1670920063279523 26.0 -64.0 5.651185222570702 6 
0008 0007 4 1670920063281219 -58.5625 -69.0 5.583690067903734 6 
0008 0009 4 1670920063283016 10.5625 -68.5 0.1043106935762236 6 
0008 0011 4 1670920063283990 -3.25 -51.0 4.7860200582032 6 
0008 0012 4 1670920063286892 42.3125 -64.5 1.3989904785517047 6 
0008 0015 4 1670920063288069 -42.3125 -61.0 3.074097498922825 6 
0008 0013 4 1670920063289790 6.5 -59.5 5.442563835418255 6 
0008 0001 4 1670920063291687 -41.5 -58.0 2.9145634969827183 6 
0008 0014 4 1670920063292750 -41.5 -63.5 3.448388811166921 6 
0008 0006 4 1670920063293964 30.875 -64.0 1.902136176978195 6 
0008 0005 4 1670920063294925 34.9375 -63.5 2.0371264863121317 6 
0008 0013 5 1670920063342917 -152.9375 -69.5 3.000466421104314 6 
0008 0001 6 1670920063393643 52.0625 -69.5 5.43029198911517 6 
0008 0015 6 1670920063395133 -26.0 -68.0 4.528311285838413 6 
0008 0013 6 1670920063404685 0.0 -67.0 5.1725832167503825 6 
0008 0005 6 1670920063413123 27.625 -70.5 3.6079228131070282 6 
0008 0004 7 1670920063459059 -24.375 -70.5 5.246214294568893 6 
0008 0013 7 1670920063461169 13.0 -66.0 3.9085830475326135 6 
0008 0015 7 1670920063475304 107.375 -68.5 0.42337869745643697 6 
0008 0005 8 1670920063522668 -74.8125 -72.5 3.1968159619536762 6 
0008 0004 8 1670920063524394 65.875 -75.0 0.32520392703175593 6 
0008 0015 1 1670920063758291 -32.5 -68.5 0.02454369260617026 6 
0008 0006 1 1670920063759222 93.5625 -67.5 2.0064468705544187 6 
0008 0001 1 1670920063760902 93.5625 -67.0 1.4971652489763858 6 
0008 0014 1 1670920063762784 3.25 -59.5 0.23930100291016002 6 
0008 0004 1 1670920063769766 13.8125 -56.0 1.1167380135807468 6 
0008 0010 1 1670920063783318 58.5625 -65.5 1.6198837120072371 6 
0008 0005 2 1670920063820224 -142.375 -69.0 5.5100589900852235 6 
0008 0006 2 1670920063829273 24.375 -66.5 2.6323110320117604 6 
0008 0014 2 1670920063831895 0.0 -70.5 5.988660995905543 6 
0008 0011 3 1670920063875961 10.5625 -55.0 1.4051264017032472 6 
0008 0008 3 1670920063877392 -9.75 -59.5 4.080388895775806 6 
0008 0000 3 1670920063879622 26.0 -64.5 1.4419419406125027 6 
0008 0002 3 1670920063880548 113.875 -69.0 2.227340104009951 6 
0008 0013 3 1670920063882070 19.5 -53.0 2.509592568980909 6 
0008 0010 3 1670920063886253 -52.0625 -62.0 4.154019973594316 6 
0008 0015 3 1670920063887699 29.25 -64.0 2.086213871524472 6 
0008 0007 3 1670920063888664 -35.75 -59.0 4.319689898685965 6 
0008 0005 3 1670920063890585 34.9375 -53.0 1.8960002538266525 6 
0008 0004 3 1670920063891517 39.0 -65.5 4.080388895775806 6 
0008 0012 3 1670920063892449 29.25 -62.5 0.3129320807286708 6 
0008 0009 3 1670920063893534 0.0 -52.5 4.522175362686871 6 
0008 0000 4 1670920063937206 35.75 -65.0 5.485515297479052 6 
0008 0005 4 1670920063943778 -10.5625 -63.0 2.098485717827557 6 
0008 0015 4 1670920063945680 19.5 -61.5 3.141592653589793 6 
0008 0012 4 1670920063947798 -9.75 -63.0 1.533980787885641 6 
0008 0013 4 1670920063951625 -9.75 -60.0 5.491651220630596 6 
0008 0014 4 1670920063952781 0.0 -63.0 3.429981041712294 6 
0008 0011 4 1670920063953972 -17.0625 -50.5 4.847379289718626 6 
0008 0006 4 1670920063954903 -13.8125 -63.5 2.1537090261914402 6 
0008 0001 4 1670920063955865 -41.5 -59.0 3.1906800388021335 6 
0008 0007 4 1670920063957837 97.625 -68.5 5.473243451175968 6 
0008 0009 4 1670920063967397 91.125 -68.5 0.16566992509164924 6 
0008 0013 5 1670920064017329 221.3125 -70.5 2.6384469551633027 6 
0008 0015 6 1670920064058422 19.5 -68.5 4.6448938257177215 6 
0008 0013 6 1670920064062345 29.25 -66.5 5.1725832167503825 6 
0008 0005 6 1670920064070489 -41.5 -69.5 3.9576704327449543 6 
0008 0001 6 1670920064084431 21.125 -69.5 5.681864838328415 6 
0008 0013 7 1670920064134765 -133.4375 -66.5 4.252194744018997 6 
0008 0014 7 1670920064148445 152.9375 -71.0 5.798447378207723 6 
0008 0015 7 1670920064153256 84.625 -68.0 0.4049709280018093 6 
0008 0004 7 1670920064156877 -902.4375 -72.0 3.153864499892878 6 
0008 0005 8 1670920064186168 65.875 -72.0 2.859340188618835 6 
