0002 0014 3 1670920205943866 -172.5 -67.5 5.706408530934585 17 
0002 0014 4 1670920205992138 -39.0 -62.5 3.80427235395639 17 
0002 0015 4 1670920206002066 -93.5625 -67.5 1.239456476611598 17 
0002 0007 5 1670920206040188 74.8125 -64.5 3.0372819600135696 17 
0002 0005 5 1670920206041106 32.5 -67.5 1.761009944492716 17 
0002 0014 5 1670920206049174 -42.3125 -66.5 4.374913207049849 17 
0002 0000 5 1670920206059865 185.5 -69.5 5.822991070813893 17 
0002 0015 6 1670920206090076 -100.875 -71.5 4.97623367590102 17 
0002 0014 6 1670920206100622 71.5625 -69.5 5.049864753719531 17 
0002 0008 6 1670920206107326 -100.875 -69.5 3.3502140407422405 17 
0002 0014 3 1670920206568558 -71.5625 -68.0 5.565282298449106 17 
0002 0015 4 1670920206622116 -32.5 -67.5 1.1044661672776617 17 
0002 0014 4 1670920206630859 -42.3125 -62.5 3.761320891895592 17 
0002 0000 5 1670920206669292 -52.0625 -71.0 5.915029918087033 17 
0002 0005 5 1670920206677986 79.75 -67.0 1.7426021750380885 17 
0002 0014 5 1670920206684062 45.5625 -66.5 4.227651051412827 17 
0002 0007 5 1670920206685141 94.375 -64.0 2.8716120349219203 17 
0002 0008 6 1670920206721773 -16.25 -70.0 3.141592653589793 17 
0002 0015 6 1670920206732026 -125.3125 -72.5 5.178719139901925 17 
0002 0014 6 1670920206733469 9.75 -69.0 5.105088062083414 17 
0002 0004 3 1670920207186071 188.75 -68.0 3.9515345095934116 17 
0002 0015 4 1670920207234360 -16.25 -71.0 5.240078371417351 17 
0002 0001 4 1670920207237992 -55.3125 -75.5 5.135767677841127 17 
0002 0007 4 1670920207241587 -13.0 -69.0 5.964117303299373 17 
0002 0004 4 1670920207243763 -22.75 -62.5 3.509748042682347 17 
0002 0006 4 1670920207251665 -61.8125 -74.0 1.9757672547967058 17 
0002 0014 4 1670920207254032 -139.9375 -71.5 3.4054373491061236 17 
0002 0007 5 1670920207294143 13.0 -61.0 5.608233760509904 17 
0002 0008 5 1670920207297320 13.0 -51.5 1.2026409377023426 17 
0002 0005 5 1670920207303540 7.3125 -61.0 6.043884304269426 17 
0002 0005 6 1670920207357692 -30.875 -62.5 3.6754179677739964 17 
0002 0007 6 1670920207361700 26.0 -57.5 1.7794177139473437 17 
0002 0008 6 1670920207375525 16.25 -58.0 0.05522330836388308 17 
0002 0008 7 1670920207433882 -9.75 -62.5 5.577554144752192 17 
0002 0005 7 1670920207437409 87.875 -68.0 1.9634954084936207 17 
0002 0007 7 1670920207443809 -35.75 -68.5 4.589670517353839 17 
0002 0007 8 1670920207472477 78.0625 -73.0 3.56497135104623 17 
0002 0005 1 1670920207735902 71.5625 -67.0 6.270913460876501 17 
0002 0005 2 1670920207820651 -292.9375 -71.5 2.5402721847386216 17 
0002 0004 3 1670920207860614 -55.3125 -64.0 0.3190680038802134 17 
0002 0005 3 1670920207876362 149.6875 -68.5 3.6079228131070282 17 
0002 0015 4 1670920207926615 27.625 -72.0 4.994641445355648 17 
0002 0004 4 1670920207929486 6.5 -56.0 0.9019807032767571 17 
0002 0008 4 1670920207935537 16.25 -62.5 1.2885438618239387 17 
0002 0006 4 1670920207937691 136.6875 -72.5 0.6872233929727672 17 
0002 0004 5 1670920207980556 3.25 -66.5 1.3989904785517047 17 
0002 0008 5 1670920207981734 26.0 -59.0 4.798291904506286 17 
0002 0005 5 1670920208000214 -13.0 -62.5 3.9085830475326135 17 
0002 0008 6 1670920208046193 -45.5625 -64.0 4.749204519293945 17 
0002 0005 6 1670920208050387 -35.75 -65.0 0.07976700097005335 17 
0002 0007 6 1670920208061649 58.5625 -59.5 5.381204603902829 17 
0002 0009 6 1670920208063928 -19.5 -69.5 1.380582709097077 17 
0002 0004 6 1670920208066847 166.0 -70.5 4.552854978444583 17 
0002 0004 7 1670920208119740 61.8125 -67.0 2.2518837966161214 17 
0002 0007 7 1670920208124612 19.5 -65.0 1.4787574795217582 17 
0002 0005 8 1670920208167890 29.25 -73.5 5.816855147662351 17 
0002 0007 8 1670920208180590 107.375 -71.5 1.000155473701438 17 
0002 0007 1 1670920208451247 110.625 -72.5 1.0799224746714913 17 
0002 0005 1 1670920208452725 -55.3125 -65.0 0.3865631585471816 17 
0002 0004 2 1670920208484286 -9.75 -66.5 0.8651651643675016 17 
0002 0005 2 1670920208492972 246.5625 -69.5 1.4848934026733007 17 
0002 0004 3 1670920208566796 13.0 -62.0 0.25770877236478773 17 
0002 0014 3 1670920208572763 -74.8125 -70.5 6.086835766330224 17 
0002 0007 4 1670920208616699 -42.3125 -71.5 3.77972866135022 17 
0002 0014 4 1670920208619770 6.5 -72.0 3.429981041712294 17 
0002 0015 4 1670920208622659 183.875 -70.0 4.792155981354743 17 
0002 0004 4 1670920208626719 9.75 -55.5 1.552388557340269 17 
0002 0006 4 1670920208628199 -162.75 -68.5 3.8840393549264434 17 
0002 0008 4 1670920208645667 -45.5625 -67.5 0.6135923151542565 17 
0002 0009 4 1670920208652270 -42.3125 -72.5 1.846912868614312 17 
0002 0008 5 1670920208689020 6.5 -63.0 4.25833066717054 17 
0002 0005 5 1670920208707767 -65.0625 -64.5 3.9085830475326135 17 
0002 0004 5 1670920208710552 3.25 -70.0 1.8100973297050567 17 
0002 0014 5 1670920208726568 -16.25 -70.0 2.086213871524472 17 
0002 0006 5 1670920208728447 26.0 -71.0 4.368777283898306 17 
0002 0007 6 1670920208775918 -29.25 -58.0 0.0 17 
0002 0004 6 1670920208778043 107.375 -71.0 4.374913207049849 17 
0002 0009 6 1670920208783942 3.25 -70.0 0.9326603190344698 17 
0002 0014 6 1670920208790654 48.8125 -70.0 1.9082721001297376 17 
0002 0005 6 1670920208793258 130.1875 -66.0 0.6258641614573416 17 
0002 0008 6 1670920208805399 39.0 -65.0 4.344233591292136 17 
0002 0007 7 1670920208851626 29.25 -65.0 0.8099418560036186 17 
0002 0004 7 1670920208856902 -55.3125 -70.0 1.761009944492716 17 
0002 0007 8 1670920208927861 55.3125 -72.5 6.092971689481767 17 
0002 0005 1 1670920209174766 -100.875 -66.0 0.0674951546669682 17 
0002 0004 2 1670920209239984 -16.25 -67.0 1.043106935762236 17 
0002 0005 2 1670920209283348 537.875 -69.0 0.25770877236478773 17 
0002 0004 3 1670920209365126 -9.75 -62.5 0.23930100291016002 17 
0002 0014 3 1670920209381142 58.5625 -71.0 5.743224069843841 17 
0002 0006 4 1670920209416721 -65.0625 -70.0 3.2520392703175593 17 
0002 0008 4 1670920209422582 39.0 -66.5 0.8406214717613314 17 
0002 0004 4 1670920209434119 16.25 -56.0 1.3928545554001621 17 
0002 0007 4 1670920209442486 -110.625 -70.0 3.8963112012295285 17 
0002 0015 4 1670920209452352 0.0 -70.5 4.9823695990525625 17 
0002 0014 4 1670920209453581 42.3125 -72.0 3.1354567304382504 17 
0002 0009 4 1670920209455485 -19.5 -72.5 1.902136176978195 17 
0002 0008 5 1670920209491368 -39.0 -62.0 4.6878452877785195 17 
0002 0005 5 1670920209509143 -39.0 -64.0 3.761320891895592 17 
0002 0014 5 1670920209521629 -185.5 -72.5 2.270291566070749 17 
0002 0004 6 1670920209568142 55.3125 -71.0 4.399456899656019 17 
0002 0008 6 1670920209576880 3.25 -64.0 4.798291904506286 17 
0002 0014 6 1670920209577818 130.1875 -69.5 1.7241944055834606 17 
0002 0009 6 1670920209589519 74.8125 -70.5 0.9203884727313847 17 
0002 0007 6 1670920209590923 -26.0 -58.0 0.1227184630308513 17 
0002 0005 6 1670920209593921 -16.25 -65.5 1.0369710126106935 17 
0002 0007 7 1670920209652607 -55.3125 -65.0 0.9756117810952678 17 
0002 0005 1 1670920209973553 6.5 -66.5 6.215690152512618 17 
0002 0004 2 1670920210035357 -74.8125 -66.5 1.214912784005428 17 
0002 0004 3 1670920210118126 -19.5 -63.0 0.28838838812250056 17 
0002 0014 3 1670920210136609 -146.4375 -70.0 5.921165841238575 17 
0002 0005 3 1670920210143279 -302.6875 -71.0 4.215379205109742 17 
0002 0004 4 1670920210167777 22.75 -56.0 1.368310862793992 17 
0002 0006 4 1670920210170396 -97.625 -71.0 3.1354567304382504 17 
0002 0008 4 1670920210175289 -133.4375 -66.0 1.227184630308513 17 
0002 0007 4 1670920210183009 -6.5 -71.5 3.6324665057131984 17 
0002 0015 4 1670920210189176 -74.8125 -71.5 5.037592907416445 17 
0002 0009 4 1670920210192523 192.0 -72.5 1.5401167110371838 17 
0002 0014 5 1670920210235936 55.3125 -70.0 2.0064468705544187 17 
0002 0008 5 1670920210239075 -6.5 -60.5 4.724660826687775 17 
0002 0005 5 1670920210245530 -83.0 -64.0 3.810408277107933 17 
0002 0007 6 1670920210288256 35.75 -58.0 0.03681553890925539 17 
0002 0008 6 1670920210289276 -45.5625 -63.0 5.049864753719531 17 
0002 0004 6 1670920210292179 -35.75 -71.5 4.540583132141498 17 
0002 0014 6 1670920210295747 42.3125 -69.5 1.9205439464328227 17 
0002 0005 6 1670920210297938 -9.75 -66.0 1.0676506283684062 17 
0002 0009 6 1670920210310978 -78.0625 -71.5 0.9572040116406401 17 
0002 0007 7 1670920210363809 6.5 -64.5 0.8528933180644165 17 
0002 0005 1 1670920210673054 62.625 -67.0 5.988660995905543 17 
0002 0005 2 1670920210783378 -90.3125 -69.0 1.0369710126106935 17 
0002 0004 2 1670920210800592 13.0 -66.5 0.8344855486097889 17 
0002 0007 2 1670920210807706 61.8125 -70.0 4.1417481272912315 17 
