0000 0007 1 1670920499080951 0.0 -67.5 2.466641106920111 3 
0000 0009 1 1670920499083321 -100.875 -68.0 5.626641529964532 3 
0000 0008 1 1670920499094063 -3.25 -62.0 2.945243112740431 3 
0000 0000 1 1670920499112380 113.875 -70.5 2.945243112740431 3 
0000 0007 3 1670920499220227 52.0625 -68.5 2.411417798556228 3 
0000 0004 3 1670920499221374 16.25 -68.0 3.902447124381071 3 
0000 0014 3 1670920499246709 -42.3125 -69.5 1.6996507129772904 3 
0000 0011 4 1670920499285984 -26.0 -67.5 5.301437602932776 3 
0000 0008 4 1670920499290180 68.3125 -68.0 1.0921943209745766 3 
0000 0005 4 1670920499292675 22.75 -60.5 0.14726215563702155 3 
0000 0004 4 1670920499306055 81.375 -71.0 2.3009711818284617 3 
0000 0000 4 1670920499309698 19.5 -67.0 2.3623304133438876 3 
0000 0011 5 1670920499347127 29.25 -60.5 0.7976700097005334 3 
0000 0015 5 1670920499349648 6.5 -65.5 4.264466590322082 3 
0000 0008 5 1670920499350853 -19.5 -60.5 1.9941750242513334 3 
0000 0007 5 1670920499357396 -3.25 -61.0 6.178874613603362 3 
0000 0000 5 1670920499365624 120.4375 -71.0 4.95168998329485 3 
0000 0003 5 1670920499383669 -16.25 -72.5 0.5951845456996288 3 
0000 0009 6 1670920499412374 41.5 -69.5 5.424156065963627 3 
0000 0008 6 1670920499423618 19.5 -60.0 4.921010367537137 3 
0000 0011 6 1670920499428851 -3.25 -57.5 4.994641445355648 3 
0000 0014 7 1670920499467948 78.0625 -63.0 4.3074180523828804 3 
0000 0008 7 1670920499486497 -19.5 -64.0 3.1354567304382504 3 
0000 0006 7 1670920499488088 110.625 -66.0 6.111379458936394 3 
0000 0008 8 1670920499528723 3.25 -63.5 4.430136515413731 3 
0000 0006 8 1670920499532516 -123.6875 -70.5 4.0558452031696355 3 
0000 0001 8 1670920499534303 -19.5 -66.0 0.9817477042468103 3 
0000 0015 8 1670920499542333 -35.75 -72.0 1.337631247036279 3 
0000 0004 8 1670920499544527 9.75 -62.5 0.521553467881118 3 
0000 0014 8 1670920499550424 -13.0 -65.0 2.9697868053466014 3 
0000 0009 1 1670920499766841 -27.625 -68.5 5.418020142812084 3 
0000 0008 1 1670920499781491 -13.0 -61.5 2.8777479580734626 3 
0000 0001 1 1670920499786000 286.4375 -69.5 1.736466251886546 3 
0000 0007 1 1670920499787331 -87.875 -69.0 2.4175537217077703 3 
0000 0000 1 1670920499802349 221.3125 -73.5 2.7857091108003242 3 
0000 0014 3 1670920499887299 39.0 -69.5 1.7671458676442586 3 
0000 0007 3 1670920499913061 -29.25 -69.5 2.521864415283994 3 
0000 0004 3 1670920499926220 -6.5 -68.0 3.988350048502667 3 
0000 0004 4 1670920499967158 65.0625 -71.5 2.2212041808584084 3 
0000 0011 4 1670920499968110 9.75 -67.5 5.184855063053467 3 
0000 0008 4 1670920499981490 52.0625 -67.5 1.0062913968529805 3 
0000 0005 4 1670920499985347 39.0 -60.5 0.11044661672776616 3 
0000 0000 4 1670920499986848 130.1875 -66.5 2.067806102069844 3 
0000 0008 5 1670920500019423 26.0 -61.5 1.9634954084936207 3 
0000 0015 5 1670920500020628 -110.625 -66.5 4.301282129231338 3 
0000 0003 5 1670920500027891 55.3125 -70.0 0.8406214717613314 3 
0000 0011 5 1670920500031455 -6.5 -60.5 0.705631162427395 3 
0000 0007 5 1670920500034926 71.5625 -60.5 5.829126993965437 3 
0000 0000 5 1670920500041258 -42.3125 -71.0 4.792155981354743 3 
0000 0009 6 1670920500091281 -45.5625 -70.0 5.497787143782138 3 
0000 0008 6 1670920500094957 9.75 -59.5 4.902602598082509 3 
0000 0011 6 1670920500101868 0.0 -58.0 4.902602598082509 3 
0000 0015 6 1670920500108449 -9.75 -74.5 2.82252464970958 3 
0000 0006 7 1670920500146610 -19.5 -67.0 6.277049384028044 3 
0000 0014 7 1670920500150167 -13.0 -63.0 4.540583132141498 3 
0000 0008 7 1670920500165268 -19.5 -63.5 3.2520392703175593 3 
0000 0008 8 1670920500198105 -26.0 -63.5 4.466952054322987 3 
0000 0014 8 1670920500202359 13.0 -65.5 2.9697868053466014 3 
0000 0006 8 1670920500203809 -81.375 -70.0 4.178563666200486 3 
0000 0001 8 1670920500212671 55.3125 -65.5 0.9817477042468103 3 
0000 0004 8 1670920500217305 35.75 -63.0 0.5767767762450011 3 
0000 0015 8 1670920500220773 -26.0 -71.5 1.4848934026733007 3 
0000 0007 1 1670920500437311 32.5 -68.0 2.405281875404685 3 
0000 0001 1 1670920500450015 -87.875 -69.5 2.3623304133438876 3 
0000 0009 1 1670920500452536 -45.5625 -67.5 5.553010452146021 3 
0000 0008 1 1670920500459239 22.75 -62.0 2.7979809571034093 3 
0000 0000 1 1670920500466004 -100.875 -72.0 3.0372819600135696 3 
0000 0007 3 1670920500562992 -91.125 -70.5 2.675262494072558 3 
0000 0004 3 1670920500575269 -107.375 -70.0 3.9699422790480394 3 
0000 0005 4 1670920500622906 26.0 -60.5 0.07363107781851078 3 
0000 0011 4 1670920500629649 45.5625 -67.0 5.117359908386499 3 
0000 0000 4 1670920500630592 0.0 -67.0 2.2948352586769194 3 
0000 0004 4 1670920500635213 68.3125 -71.5 2.227340104009951 3 
0000 0008 4 1670920500639050 16.25 -67.5 1.3008157081270237 3 
0000 0007 5 1670920500674895 19.5 -60.0 5.853670686571607 3 
0000 0011 5 1670920500677352 84.625 -61.0 0.5522330836388308 3 
0000 0003 5 1670920500685412 104.125 -72.5 0.705631162427395 3 
0000 0008 5 1670920500686503 58.5625 -61.0 1.859184714917397 3 
0000 0015 5 1670920500690919 48.8125 -65.5 4.123340357836604 3 
0000 0000 5 1670920500701437 35.75 -72.0 4.706253057233147 3 
0000 0008 6 1670920500733887 -42.3125 -59.0 4.9823695990525625 3 
0000 0011 6 1670920500748881 19.5 -57.5 4.95168998329485 3 
0000 0009 6 1670920500756660 187.125 -70.5 5.424156065963627 3 
0000 0006 7 1670920500781605 48.8125 -66.5 6.2034183062095325 3 
0000 0014 7 1670920500788108 -6.5 -63.0 4.589670517353839 3 
0000 0008 7 1670920500789059 9.75 -64.0 3.1661363461959633 3 
0000 0014 8 1670920500836246 19.5 -65.5 2.9022916506796332 3 
0000 0006 8 1670920500844467 0.0 -71.0 3.9085830475326135 3 
0000 0008 8 1670920500849740 -26.0 -63.5 4.534447208989955 3 
0000 0015 8 1670920500851300 -100.875 -72.0 1.552388557340269 3 
0000 0004 8 1670920500853973 -6.5 -63.0 0.5767767762450011 3 
0000 0001 8 1670920500857122 -13.0 -65.5 1.0921943209745766 3 
0000 0008 1 1670920501083294 35.75 -65.0 3.043417883165112 3 
0000 0005 1 1670920501084512 -55.3125 -68.5 5.853670686571607 3 
0000 0001 1 1670920501086410 0.0 -67.0 1.7426021750380885 3 
0000 0007 1 1670920501088072 81.375 -65.5 2.1537090261914402 3 
0000 0009 1 1670920501090658 0.0 -66.0 4.816699673960914 3 
0000 0000 1 1670920501102209 32.5 -70.0 3.3195344249845276 3 
0000 0001 2 1670920501147477 -52.0625 -67.5 4.792155981354743 3 
0000 0006 2 1670920501195015 -104.125 -69.0 4.9394181369917645 3 
0000 0014 3 1670920501218486 -61.8125 -68.0 1.8285050991596843 3 
0000 0007 3 1670920501227162 185.5 -70.5 1.9389517158874505 3 
0000 0004 3 1670920501232707 -91.125 -66.0 3.6876898140770815 3 
0000 0008 4 1670920501284185 -6.5 -68.5 2.1046216409791 3 
0000 0000 4 1670920501285105 26.0 -67.0 2.282563412373834 3 
0000 0005 4 1670920501286078 16.25 -60.5 6.234097921967246 3 
0000 0008 5 1670920501334742 16.25 -60.0 1.7732817907958012 3 
0000 0011 5 1670920501338131 -32.5 -59.0 1.932815792735908 3 
0000 0015 5 1670920501344748 26.0 -62.5 4.608078286808466 3 
0000 0005 5 1670920501353719 136.6875 -71.5 2.1782527187976104 3 
0000 0007 6 1670920501388151 -29.25 -60.5 3.423845118560751 3 
0000 0011 6 1670920501393588 13.0 -58.0 0.2270291566070749 3 
0000 0005 6 1670920501395529 29.25 -65.0 1.7303303287350031 3 
0000 0015 6 1670920501400316 -65.0625 -67.5 1.5830681730979816 3 
0000 0009 6 1670920501406257 -7.3125 -65.5 2.030990563160589 3 
0000 0005 7 1670920501454597 48.8125 -67.5 6.252505691421874 3 
0000 0006 7 1670920501457603 29.25 -58.0 6.025476534814799 3 
0000 0014 7 1670920501461054 -19.5 -60.5 4.154019973594316 3 
0000 0001 7 1670920501466485 -110.625 -69.0 0.0 3 
0000 0010 7 1670920501473407 -117.125 -71.0 1.184233168247715 3 
0000 0005 8 1670920501505170 -3.25 -70.0 4.779884135051658 3 
0000 0006 8 1670920501508790 52.0625 -61.5 1.030835089459151 3 
0000 0014 8 1670920501514820 -22.75 -60.0 3.1906800388021335 3 
0000 0004 8 1670920501519477 -3.25 -66.5 4.331961744989051 3 
0000 0010 8 1670920501522864 -9.75 -69.5 6.215690152512618 3 
0000 0008 8 1670920501525643 -26.0 -69.0 5.9518454569962875 3 
0000 0008 1 1670920501749406 -16.25 -52.5 4.516039439535327 3 
0000 0015 1 1670920501764301 -91.125 -66.0 1.4296700943094176 3 
0000 0010 1 1670920501769740 19.5 -70.5 0.28838838812250056 3 
0000 0012 1 1670920501772528 65.0625 -70.0 6.277049384028044 3 
0000 0012 2 1670920501808470 3.25 -65.5 4.154019973594316 3 
0000 0006 2 1670920501821910 -84.625 -68.5 5.816855147662351 3 
0000 0008 3 1670920501875975 -110.625 -61.5 2.4175537217077703 3 
0000 0012 3 1670920501882494 -35.75 -61.5 2.6445828783148455 3 
0000 0009 3 1670920501891126 3.25 -66.5 1.184233168247715 3 
0000 0001 3 1670920501894141 6.5 -67.0 1.0492428589137786 3 
0000 0013 3 1670920501895093 130.1875 -69.5 5.896622148632405 3 
0000 0007 3 1670920501896028 71.5625 -65.0 5.957981380147831 3 
0000 0011 3 1670920501903358 117.125 -67.5 1.2026409377023426 3 
0000 0012 4 1670920501946890 -19.5 -57.5 1.5585244804918115 3 
0000 0010 4 1670920501948109 6.5 -59.5 1.9941750242513334 3 
0000 0008 4 1670920501953204 22.75 -62.5 4.338097668140593 3 
0000 0013 4 1670920501954153 97.625 -65.5 0.42337869745643697 3 
0000 0015 4 1670920501960100 -22.75 -67.0 3.9638063558964967 3 
0000 0009 4 1670920501961273 -10.5625 -57.0 0.7424467013366504 3 
0000 0005 4 1670920501969935 -22.75 -62.0 4.859651136021712 3 
0000 0000 4 1670920501977771 -9.75 -71.0 1.325359400733194 3 
0000 0007 5 1670920502006882 19.5 -67.0 3.736777199289422 3 
0000 0009 5 1670920502014345 -27.625 -58.0 2.098485717827557 3 
0000 0005 5 1670920502024055 -21.125 -69.0 4.196971435655114 3 
0000 0008 5 1670920502025148 -74.8125 -65.0 4.675573441475434 3 
0000 0010 5 1670920502026083 -104.125 -70.5 2.705942109830271 3 
0000 0015 5 1670920502052611 -100.875 -71.0 4.399456899656019 3 
0000 0015 6 1670920502087404 -19.5 -57.0 4.7307967498393175 3 
0000 0009 6 1670920502089401 10.5625 -64.0 4.289010282928253 3 
0000 0008 6 1670920502096595 -26.0 -67.5 1.2087768608538851 3 
0000 0005 6 1670920502104753 -9.75 -63.5 2.497320722677824 3 
0000 0007 6 1670920502107759 19.5 -61.5 4.28287435977671 3 
0000 0014 6 1670920502112045 166.0 -68.5 0.2454369260617026 3 
0000 0013 6 1670920502119735 55.3125 -68.5 0.607456392002714 3 
0000 0014 7 1670920502149501 -9.75 -58.0 5.080544369477243 3 
0000 0013 7 1670920502151762 -39.0 -62.0 5.399612373357457 3 
0000 0015 7 1670920502153704 -48.8125 -64.0 5.356660911296659 3 
0000 0008 7 1670920502154881 -107.375 -66.5 4.080388895775806 3 
0000 0012 7 1670920502157904 0.0 -56.0 6.019340611663256 3 
0000 0010 7 1670920502168354 -94.375 -63.0 4.417864669110647 3 
0000 0006 7 1670920502171351 -32.5 -62.5 3.9638063558964967 3 
0000 0006 8 1670920502211727 -42.3125 -64.0 4.963961829597935 3 
0000 0013 8 1670920502217898 42.3125 -68.0 1.9880391010997909 3 
0000 0015 8 1670920502223157 26.0 -69.0 1.7548740213411735 3 
0000 0014 8 1670920502226412 -32.5 -61.0 4.528311285838413 3 
0000 0008 8 1670920502230788 -52.0625 -71.5 2.337786720737717 3 
0000 0010 1 1670920502446289 9.75 -62.5 0.7424467013366504 3 
0000 0012 1 1670920502453467 68.3125 -64.5 1.7855536370988863 3 
0000 0013 1 1670920502461370 91.125 -60.0 1.748738098189631 3 
0000 0009 1 1670920502463293 -13.8125 -66.5 1.6873788666742053 3 
0000 0005 1 1670920502471638 -29.25 -65.5 4.313553975534423 3 
0000 0015 1 1670920502480345 26.0 -67.5 5.724816300389213 3 
0000 0005 2 1670920502518497 131.8125 -68.0 4.491495746929157 3 
0000 0012 2 1670920502525528 0.0 -66.0 1.7978254834019713 3 
0000 0009 2 1670920502534010 -45.5625 -67.5 3.8533597391687304 3 
0000 0012 3 1670920502600787 13.0 -58.0 0.11658253987930872 3 
0000 0009 3 1670920502602452 73.1875 -68.5 0.04295146206079795 3 
0000 0011 3 1670920502603647 19.5 -62.0 1.141281706186917 3 
0000 0001 3 1670920502605770 -35.75 -67.0 1.1535535524900022 3 
0000 0013 3 1670920502620296 -113.875 -67.0 1.7548740213411735 3 
0000 0013 4 1670920502657585 26.0 -66.0 4.583534594202296 3 
0000 0010 4 1670920502658491 22.75 -64.0 4.442408361716817 3 
0000 0012 4 1670920502659482 -13.0 -57.5 0.6933593161243098 3 
0000 0015 4 1670920502664519 -6.5 -69.5 2.9943304979527716 3 
0000 0000 4 1670920502665667 201.8125 -72.5 1.6382914814618648 3 
0000 0005 4 1670920502685174 55.3125 -66.0 0.28225246497095796 3 
0000 0011 5 1670920502731417 -139.9375 -66.5 5.730952223540755 3 
0000 0005 5 1670920502735464 9.75 -57.5 5.663457068873787 3 
0000 0009 5 1670920502739228 17.0625 -65.5 0.2270291566070749 3 
0000 0013 5 1670920502740433 -55.3125 -69.0 4.970097752749477 3 
0000 0010 5 1670920502746908 -169.25 -67.5 0.4479223900626072 3 
0000 0015 6 1670920502791414 -6.5 -56.0 4.779884135051658 3 
0000 0007 6 1670920502793313 -19.5 -64.0 1.88986433067511 3 
0000 0005 6 1670920502799297 9.75 -58.5 5.64504929941916 3 
0000 0008 6 1670920502802969 -26.0 -65.5 2.791845033951867 3 
0000 0014 6 1670920502804462 0.0 -68.5 0.5338253141842031 3 
0000 0013 6 1670920502805403 3.25 -70.0 1.3437671701878218 3 
0000 0006 6 1670920502810898 -120.4375 -70.0 2.9820586516496865 3 
0000 0007 7 1670920502848138 -13.0 -66.0 1.030835089459151 3 
0000 0012 7 1670920502858526 0.0 -56.0 6.22182607566416 3 
0000 0015 7 1670920502859507 -3.25 -66.0 5.190990986205009 3 
0000 0010 7 1670920502861970 -6.5 -67.0 3.9699422790480394 3 
0000 0014 7 1670920502862948 -6.5 -58.0 4.963961829597935 3 
0000 0013 7 1670920502864393 -45.5625 -61.0 5.6573211457222445 3 
0000 0006 7 1670920502869882 16.25 -61.0 4.963961829597935 3 
0000 0013 8 1670920502913872 -117.125 -70.5 2.1046216409791 3 
0000 0006 8 1670920502914865 -3.25 -63.0 5.221670601962723 3 
0000 0014 8 1670920502918407 13.0 -61.5 4.313553975534423 3 
0000 0015 8 1670920502930896 84.625 -69.5 1.3069516312785663 3 
0000 0012 8 1670920502933363 13.0 -70.5 1.4726215563702154 3 
0000 0005 1 1670920503151762 6.5 -67.0 3.6324665057131984 3 
0000 0009 1 1670920503160137 34.9375 -64.5 1.1474176293384597 3 
0000 0010 1 1670920503166974 -52.0625 -61.5 6.12365130523948 3 
0000 0012 1 1670920503169164 87.875 -63.5 1.423534171157875 3 
0000 0013 1 1670920503173067 65.0625 -60.5 1.4664856332186729 3 
0000 0015 1 1670920503179473 -117.125 -68.0 6.080699843178682 3 
0000 0009 2 1670920503217872 -13.8125 -63.5 3.2643111166206444 3 
0000 0012 2 1670920503221061 26.0 -67.0 1.5155730184310134 3 
0000 0005 2 1670920503229585 -76.4375 -67.5 4.4362724385652745 3 
0000 0012 3 1670920503293295 3.25 -58.0 6.135923151542564 3 
0000 0009 3 1670920503296182 -21.125 -67.0 5.939573610693203 3 
0000 0001 3 1670920503299044 -52.0625 -68.0 1.030835089459151 3 
0000 0011 3 1670920503302562 42.3125 -65.0 0.5154175447295755 3 
0000 0013 3 1670920503311740 52.0625 -68.5 1.41126232485479 3 
0000 0012 4 1670920503349085 -3.25 -59.0 0.5338253141842031 3 
0000 0005 4 1670920503350524 0.0 -64.5 0.1902136176978195 3 
0000 0013 4 1670920503361006 -6.5 -65.0 4.466952054322987 3 
0000 0010 4 1670920503368413 6.5 -65.5 3.7122335066832517 3 
0000 0000 4 1670920503370523 48.8125 -73.0 1.7855536370988863 3 
0000 0015 4 1670920503376031 -123.6875 -71.5 3.5036121195308043 3 
0000 0010 5 1670920503406269 -16.25 -67.0 5.976389149602458 3 
0000 0005 5 1670920503408885 -9.75 -57.5 5.767767762450011 3 
0000 0013 5 1670920503413817 146.4375 -68.5 4.7860200582032 3 
0000 0011 5 1670920503416369 58.5625 -65.0 5.221670601962723 3 
0000 0007 5 1670920503420820 -9.75 -70.5 3.356349963893783 3 
0000 0009 5 1670920503429709 -7.3125 -66.0 0.803805932852076 3 
0000 0015 6 1670920503482780 -48.8125 -56.5 4.865787059173254 3 
0000 0005 6 1670920503488228 -26.0 -58.5 5.638913376267617 3 
0000 0008 6 1670920503496041 -16.25 -62.5 3.184544115650591 3 
0000 0014 6 1670920503497162 29.25 -67.5 0.6135923151542565 3 
0000 0007 6 1670920503498906 29.25 -64.5 1.9144080232812801 3 
0000 0013 6 1670920503500958 -3.25 -69.0 1.7426021750380885 3 
0000 0006 7 1670920503530330 -26.0 -60.5 5.620505606812989 3 
0000 0014 7 1670920503531449 -58.5625 -58.5 5.080544369477243 3 
0000 0010 7 1670920503534503 13.0 -69.5 4.264466590322082 3 
0000 0013 7 1670920503537478 3.25 -62.0 5.651185222570702 3 
0000 0012 7 1670920503542162 -19.5 -55.0 0.18407769454627693 3 
0000 0015 7 1670920503554715 -9.75 -65.0 5.154175447295755 3 
0000 0007 7 1670920503558346 188.75 -68.5 0.8222137023067037 3 
0000 0014 8 1670920503613349 6.5 -61.5 4.301282129231338 3 
0000 0006 8 1670920503614802 -58.5625 -63.0 5.399612373357457 3 
0000 0012 8 1670920503619839 0.0 -68.0 1.8407769454627694 3 
0000 0015 8 1670920503621059 6.5 -70.0 1.533980787885641 3 
0000 0013 8 1670920503624958 3.25 -70.0 1.902136176978195 3 
0000 0009 1 1670920503866146 65.875 -63.0 1.6935147898257479 3 
0000 0010 1 1670920503870398 -45.5625 -61.0 6.2463697682703305 3 
0000 0005 1 1670920503872308 -61.8125 -66.5 3.9515345095934116 3 
0000 0013 1 1670920503875149 19.5 -60.5 1.5953400194010667 3 
0000 0015 1 1670920503877044 -9.75 -68.0 5.767767762450011 3 
0000 0012 1 1670920503890708 35.75 -63.0 1.576932249946439 3 
0000 0009 2 1670920503962303 -65.875 -64.0 3.9944859716542096 3 
0000 0005 2 1670920503964896 -97.625 -66.5 4.516039439535327 3 
0000 0012 2 1670920503973514 -175.75 -67.5 2.055534255766759 3 
