0000 0008 1 1670918079181714 -133.4375 -69.0 0.1718058482431918 5 
0000 0015 2 1670918079229670 -39.0 -71.0 0.46019423636569234 5 
0000 0014 3 1670918079280058 71.5625 -67.5 0.2945243112740431 5 
0000 0010 3 1670918079285802 -35.75 -54.5 0.619728238305799 5 
0000 0014 4 1670918079345910 -22.75 -63.0 4.859651136021712 5 
0000 0011 4 1670918079351614 42.3125 -64.5 5.399612373357457 5 
0000 0009 4 1670918079353608 7.3125 -60.0 6.1420590746941075 5 
0000 0008 4 1670918079354560 32.5 -61.5 0.04295146206079795 5 
0000 0010 4 1670918079360062 -13.0 -60.0 1.9819031779482483 5 
0000 0004 4 1670918079370340 -113.875 -73.0 0.6933593161243098 5 
0000 0007 4 1670918079372953 61.8125 -69.5 2.8716120349219203 5 
0000 0014 5 1670918079410158 71.5625 -63.0 5.71868037723767 5 
0000 0009 5 1670918079411462 -131.8125 -63.0 5.957981380147831 5 
0000 0003 5 1670918079412440 126.9375 -69.0 4.749204519293945 5 
0000 0011 5 1670918079413364 -35.75 -55.5 1.7426021750380885 5 
0000 0010 5 1670918079414557 42.3125 -63.0 1.88986433067511 5 
0000 0008 5 1670918079415761 -16.25 -58.0 4.583534594202296 5 
0000 0015 5 1670918079421321 19.5 -66.0 1.6137477888556946 5 
0000 0005 5 1670918079428600 3.25 -71.0 0.5276893910326605 5 
0000 0015 6 1670918079456106 29.25 -63.0 2.2764274892222915 5 
0000 0014 6 1670918079458660 -52.0625 -65.0 1.030835089459151 5 
0000 0007 6 1670918079460626 -22.75 -61.5 4.006757817957295 5 
0000 0008 6 1670918079463544 29.25 -67.0 2.693670263527186 5 
0000 0005 6 1670918079466409 -29.25 -69.0 0.6872233929727672 5 
0000 0009 6 1670918079467326 13.8125 -60.5 0.9265243958829272 5 
0000 0011 6 1670918079475212 -146.4375 -73.0 3.6447383520162835 5 
0000 0008 7 1670918079506201 -107.375 -59.5 2.466641106920111 5 
0000 0007 7 1670918079509047 -162.75 -68.0 5.129631754689584 5 
0000 0015 7 1670918079519126 9.75 -68.0 3.0127382674073995 5 
0000 0011 8 1670918079563666 -39.0 -65.0 5.491651220630596 5 
0000 0005 8 1670918079571902 -136.6875 -70.0 1.576932249946439 5 
0000 0008 8 1670918079588456 -52.0625 -66.5 2.859340188618835 5 
0000 0008 1 1670918079822135 91.125 -68.5 6.22182607566416 5 
0000 0015 2 1670918079880359 -104.125 -71.5 0.46019423636569234 5 
0000 0010 3 1670918079913731 0.0 -54.0 0.5154175447295755 5 
0000 0014 3 1670918079917905 -133.4375 -66.0 0.705631162427395 5 
0000 0011 4 1670918079958739 -29.25 -65.5 5.534602682691394 5 
0000 0010 4 1670918079962236 -16.25 -60.0 1.9941750242513334 5 
0000 0006 4 1670918079963899 -195.25 -71.0 2.84706834231575 5 
0000 0008 4 1670918079967845 9.75 -62.0 0.04908738521234052 5 
0000 0014 4 1670918079969276 -6.5 -63.0 4.792155981354743 5 
0000 0009 4 1670918079973206 7.3125 -60.5 6.092971689481767 5 
0000 0004 4 1670918079974654 -61.8125 -72.5 0.6320000846088841 5 
0000 0007 4 1670918079980743 39.0 -70.5 2.9943304979527716 5 
0000 0009 5 1670918080018534 48.8125 -63.5 5.773903685601553 5 
0000 0008 5 1670918080021055 -3.25 -57.5 4.509903516383785 5 
0000 0014 5 1670918080022248 45.5625 -63.5 5.767767762450011 5 
0000 0010 5 1670918080023427 48.8125 -63.0 1.718058482431918 5 
0000 0011 5 1670918080026393 6.5 -55.5 1.6198837120072371 5 
0000 0015 5 1670918080028487 -6.5 -66.0 1.7978254834019713 5 
0000 0003 5 1670918080031252 -152.9375 -68.5 5.105088062083414 5 
0000 0005 5 1670918080032413 234.3125 -70.0 0.2638446955163303 5 
0000 0009 6 1670918080058747 -17.0625 -60.5 0.8528933180644165 5 
0000 0015 6 1670918080060025 55.3125 -63.0 2.2027964114037806 5 
0000 0008 6 1670918080061759 -48.8125 -68.0 2.8409324191642074 5 
0000 0007 6 1670918080066683 -13.0 -61.5 4.1417481272912315 5 
0000 0011 6 1670918080068629 -52.0625 -72.5 3.368621810196868 5 
0000 0014 6 1670918080070089 58.5625 -65.5 0.8344855486097889 5 
0000 0005 6 1670918080071531 9.75 -69.5 0.6872233929727672 5 
0000 0008 7 1670918080098727 42.3125 -59.5 2.350058567040802 5 
0000 0007 7 1670918080110977 -162.75 -68.0 5.105088062083414 5 
0000 0015 7 1670918080113220 3.25 -68.5 3.098641191528995 5 
0000 0011 8 1670918080147100 -3.25 -65.5 5.559146375297564 5 
0000 0008 8 1670918080149869 120.4375 -66.0 2.650718801466388 5 
0000 0005 8 1670918080151326 -52.0625 -68.5 1.5892040962495242 5 
0000 0008 1 1670918080413100 -3.25 -69.0 0.1227184630308513 5 
0000 0014 3 1670918080506179 -71.5625 -66.0 0.5460971604872883 5 
0000 0010 3 1670918080508725 13.0 -54.5 0.48473792897186263 5 
0000 0004 4 1670918080546720 -110.625 -72.0 0.5645049299419159 5 
0000 0006 4 1670918080549446 -117.125 -72.0 2.2396119503130363 5 
0000 0009 4 1670918080552271 -10.5625 -60.0 6.037748381117884 5 
0000 0008 4 1670918080555653 39.0 -62.0 6.2463697682703305 5 
0000 0007 4 1670918080556603 68.3125 -69.5 2.816388726558037 5 
0000 0011 4 1670918080557572 48.8125 -64.5 5.393476450205914 5 
0000 0014 4 1670918080562151 -6.5 -63.0 4.798291904506286 5 
0000 0010 4 1670918080563779 13.0 -60.0 1.8530487917658545 5 
0000 0008 5 1670918080597732 9.75 -58.5 4.399456899656019 5 
0000 0009 5 1670918080598707 -38.1875 -63.5 5.773903685601553 5 
0000 0003 5 1670918080599671 -65.0625 -69.5 5.00077736850719 5 
0000 0015 5 1670918080601328 91.125 -66.5 1.4910293258248433 5 
0000 0011 5 1670918080602792 -9.75 -55.5 1.5462526341887264 5 
0000 0010 5 1670918080607910 91.125 -63.0 1.552388557340269 5 
0000 0014 5 1670918080611456 35.75 -63.5 5.798447378207723 5 
0000 0005 5 1670918080613334 13.8125 -71.0 0.380427235395639 5 
0000 0008 6 1670918080635957 42.3125 -68.0 2.6384469551633027 5 
0000 0009 6 1670918080638393 34.9375 -60.5 0.6688156235181395 5 
0000 0015 6 1670918080639399 48.8125 -63.0 2.2518837966161214 5 
0000 0014 6 1670918080640603 32.5 -65.0 0.8774370106705868 5 
0000 0007 6 1670918080644609 -16.25 -61.5 4.031301510563465 5 
0000 0005 6 1670918080647359 78.0625 -68.0 0.5338253141842031 5 
0000 0011 6 1670918080653168 74.8125 -72.0 3.2213596545598464 5 
0000 0008 7 1670918080689188 -6.5 -59.5 2.497320722677824 5 
0000 0007 7 1670918080691539 -81.375 -68.5 4.9394181369917645 5 
0000 0015 7 1670918080702520 32.5 -69.0 3.018874190558942 5 
0000 0008 8 1670918080738414 -84.625 -65.0 3.0250101137104846 5 
0000 0011 8 1670918080740274 -48.8125 -65.0 5.663457068873787 5 
0000 0005 8 1670918080750548 -146.4375 -69.0 1.8960002538266525 5 
0000 0008 1 1670918080982495 26.0 -68.0 0.018407769454627694 5 
0000 0015 2 1670918081049537 81.375 -72.0 0.4663301595172349 5 
0000 0010 3 1670918081090318 -6.5 -54.5 0.4724660826687775 5 
0000 0014 3 1670918081091241 29.25 -66.5 0.3988350048502667 5 
0000 0008 4 1670918081141186 -113.875 -61.5 0.1902136176978195 5 
0000 0007 4 1670918081145060 -26.0 -70.0 3.0250101137104846 5 
0000 0011 4 1670918081148632 19.5 -65.0 5.405748296509 5 
0000 0004 4 1670918081150320 -117.125 -71.5 0.6381360077604268 5 
0000 0009 4 1670918081152481 -7.3125 -60.5 6.031612457966341 5 
0000 0010 4 1670918081154917 6.5 -60.0 1.846912868614312 5 
0000 0014 4 1670918081160489 6.5 -63.0 4.798291904506286 5 
0000 0006 4 1670918081161430 156.1875 -71.0 2.4605051837685683 5 
0000 0014 5 1670918081186986 -13.0 -62.5 5.7616318392984684 5 
0000 0010 5 1670918081188772 0.0 -62.5 1.7303303287350031 5 
0000 0009 5 1670918081192486 21.125 -63.0 5.681864838328415 5 
0000 0003 5 1670918081195629 81.375 -69.0 4.773748211900116 5 
0000 0015 5 1670918081196820 65.0625 -66.0 1.662835174068035 5 
0000 0011 5 1670918081197869 0.0 -55.5 1.552388557340269 5 
0000 0008 5 1670918081199931 -19.5 -58.0 4.442408361716817 5 
0000 0005 6 1670918081227151 22.75 -68.5 0.5460971604872883 5 
0000 0015 6 1670918081229676 35.75 -62.5 2.2396119503130363 5 
0000 0007 6 1670918081230709 -22.75 -61.5 4.006757817957295 5 
0000 0011 6 1670918081233855 -179.0 -72.5 3.816544200259475 5 
0000 0009 6 1670918081234812 -7.3125 -60.5 0.7363107781851077 5 
0000 0014 6 1670918081238607 68.3125 -65.0 0.8283496254582462 5 
0000 0008 6 1670918081239951 45.5625 -67.5 2.5770877236478773 5 
0000 0008 7 1670918081266958 42.3125 -59.5 2.399145952253143 5 
0000 0007 7 1670918081278568 -22.75 -67.5 4.7860200582032 5 
0000 0015 7 1670918081290725 -100.875 -68.5 3.1661363461959633 5 
0000 0005 8 1670918081318731 126.9375 -69.5 1.4480778637640452 5 
0000 0008 8 1670918081332843 -35.75 -65.5 2.9391071895888885 5 
0000 0011 8 1670918081335399 -19.5 -65.0 5.602097837358362 5 
0000 0008 1 1670918081563051 -9.75 -68.0 0.1349903093339364 5 
0000 0010 3 1670918081658740 29.25 -55.0 0.44178646691106466 5 
0000 0014 3 1670918081662540 126.9375 -66.5 0.19634954084936207 5 
0000 0011 4 1670918081731271 9.75 -65.0 5.3627968344482015 5 
0000 0010 4 1670918081735358 13.0 -60.0 1.8837284075235674 5 
0000 0009 4 1670918081736771 -30.875 -60.5 6.215690152512618 5 
0000 0007 4 1670918081737707 -130.1875 -70.5 3.000466421104314 5 
0000 0014 4 1670918081741080 -81.375 -63.0 4.9394181369917645 5 
0000 0008 4 1670918081744758 42.3125 -61.0 6.209554229361076 5 
0000 0006 4 1670918081749903 -45.5625 -71.5 2.1353012567368124 5 
0000 0004 4 1670918081753263 -45.5625 -72.0 0.5829126993965437 5 
0000 0011 5 1670918081775888 3.25 -55.5 1.5892040962495242 5 
0000 0010 5 1670918081778912 29.25 -62.5 1.8530487917658545 5 
0000 0005 5 1670918081780967 71.5625 -69.5 0.23930100291016002 5 
0000 0014 5 1670918081782784 -42.3125 -63.5 5.8659425328746915 5 
0000 0009 5 1670918081783702 90.3125 -62.5 5.724816300389213 5 
0000 0015 5 1670918081785331 61.8125 -66.5 1.5155730184310134 5 
0000 0003 5 1670918081786776 35.75 -69.0 5.013049214810275 5 
0000 0008 5 1670918081788208 16.25 -58.0 4.442408361716817 5 
0000 0007 6 1670918081820327 26.0 -61.5 4.049709280018092 5 
0000 0009 6 1670918081821242 21.125 -60.5 0.7301748550335652 5 
0000 0005 6 1670918081823802 55.3125 -68.5 0.5767767762450011 5 
0000 0014 6 1670918081825569 26.0 -64.5 0.944932165337555 5 
0000 0011 6 1670918081826465 -136.6875 -73.5 3.736777199289422 5 
0000 0008 6 1670918081827656 -107.375 -68.5 2.7120780329818137 5 
0000 0015 6 1670918081829242 -19.5 -62.5 2.337786720737717 5 
0000 0007 7 1670918081860670 -87.875 -67.5 4.9394181369917645 5 
0000 0008 7 1670918081864518 -32.5 -59.5 2.5341362615870793 5 
0000 0015 7 1670918081866741 -58.5625 -67.5 3.117048960983623 5 
0000 0011 8 1670918081907398 -42.3125 -65.5 6.068427996875596 5 
0000 0005 8 1670918081917701 -58.5625 -70.0 1.8100973297050567 5 
0000 0008 8 1670918081927662 -94.375 -65.5 3.141592653589793 5 
0000 0008 1 1670918082148154 52.0625 -68.0 6.227961998815704 5 
0000 0014 3 1670918082257233 -16.25 -65.5 0.3313398501832985 5 
0000 0010 3 1670918082261872 -22.75 -54.5 0.4049709280018093 5 
0000 0006 4 1670918082318739 104.125 -70.0 1.8223691760081417 5 
0000 0004 4 1670918082320949 -29.25 -72.0 0.2270291566070749 5 
0000 0011 4 1670918082322594 3.25 -65.5 5.411884219660542 5 
0000 0010 4 1670918082324812 0.0 -60.5 1.7732817907958012 5 
0000 0009 4 1670918082330350 -27.625 -60.0 5.902758071783947 5 
0000 0008 4 1670918082332007 19.5 -61.0 6.062292073724054 5 
0000 0014 4 1670918082334839 -19.5 -63.5 4.773748211900116 5 
0000 0007 4 1670918082338498 19.5 -69.5 2.9084275738311756 5 
0000 0011 5 1670918082378731 0.0 -55.5 1.6382914814618648 5 
0000 0008 5 1670918082382212 9.75 -58.0 4.4976316700806995 5 
0000 0014 5 1670918082383120 26.0 -63.5 5.841398840268521 5 
0000 0005 5 1670918082384011 -195.25 -70.0 0.803805932852076 5 
0000 0003 5 1670918082384958 91.125 -70.5 4.871922982324796 5 
0000 0015 5 1670918082386134 -26.0 -67.0 1.5892040962495242 5 
0000 0010 5 1670918082387805 68.3125 -63.0 1.7978254834019713 5 
0000 0009 5 1670918082390726 90.3125 -63.0 5.798447378207723 5 
0000 0005 6 1670918082416637 -45.5625 -68.5 1.0246991663076084 5 
0000 0008 6 1670918082420714 22.75 -68.0 3.1231848841351653 5 
0000 0007 6 1670918082421918 13.0 -61.5 4.313553975534423 5 
0000 0009 6 1670918082423943 26.0 -61.0 0.944932165337555 5 
0000 0015 6 1670918082425118 32.5 -63.0 2.2764274892222915 5 
0000 0014 6 1670918082428319 16.25 -64.5 0.944932165337555 5 
0000 0008 7 1670918082458698 -35.75 -59.0 2.6691265709210157 5 
0000 0015 7 1670918082461091 32.5 -68.0 2.9759227284981438 5 
0000 0007 7 1670918082476491 55.3125 -67.5 4.798291904506286 5 
0000 0005 8 1670918082508785 -35.75 -68.5 2.086213871524472 5 
0000 0011 8 1670918082511180 42.3125 -66.0 5.9088939949354895 5 
0000 0008 8 1670918082515431 -48.8125 -67.0 3.0802334220743677 5 
0000 0008 1 1670918082751320 -52.0625 -68.5 0.02454369260617026 5 
0000 0014 3 1670918082845919 117.125 -65.0 0.23930100291016002 5 
0000 0010 3 1670918082857305 -35.75 -54.0 0.3436116964863836 5 
0000 0011 4 1670918082897112 58.5625 -66.0 5.375068680751287 5 
0000 0007 4 1670918082898303 -19.5 -70.0 2.718213956133356 5 
0000 0006 4 1670918082901254 39.0 -71.5 2.098485717827557 5 
0000 0009 4 1670918082905762 41.5 -60.0 5.681864838328415 5 
0000 0014 4 1670918082907026 -32.5 -63.5 4.8351074434155406 5 
0000 0008 4 1670918082916375 -13.0 -61.0 6.013204688511713 5 
0000 0004 4 1670918082919406 -26.0 -72.0 0.35588354278946877 5 
0000 0010 4 1670918082921528 -6.5 -60.0 1.736466251886546 5 
0000 0003 5 1670918082958079 68.3125 -68.5 4.933282213840222 5 
0000 0009 5 1670918082959234 0.0 -63.0 5.988660995905543 5 
0000 0010 5 1670918082961299 0.0 -63.0 1.7119225592803755 5 
0000 0008 5 1670918082963428 6.5 -58.5 4.448544284868359 5 
0000 0011 5 1670918082964624 22.75 -55.5 1.5953400194010667 5 
0000 0014 5 1670918082965589 -65.0625 -63.5 5.810719224510809 5 
0000 0015 5 1670918082967485 -29.25 -66.0 1.705786636128833 5 
0000 0005 5 1670918082981648 71.5625 -72.0 0.619728238305799 5 
0000 0014 6 1670918083006431 -3.25 -65.0 0.944932165337555 5 
0000 0008 6 1670918083007397 -78.0625 -67.0 3.356349963893783 5 
0000 0007 6 1670918083010200 -3.25 -61.5 4.252194744018997 5 
0000 0015 6 1670918083013463 6.5 -63.0 2.3439226438892597 5 
0000 0005 6 1670918083015405 -48.8125 -69.0 1.030835089459151 5 
0000 0009 6 1670918083018953 65.875 -60.5 0.9265243958829272 5 
0000 0007 7 1670918083047499 81.375 -67.0 4.890330751779424 5 
0000 0015 7 1670918083048578 -162.75 -69.5 3.2090878082567613 5 
0000 0008 7 1670918083050967 -68.3125 -59.0 2.730485802436441 5 
0000 0005 8 1670918083106449 87.875 -69.0 1.9205439464328227 5 
0000 0011 8 1670918083114593 -19.5 -65.5 5.957981380147831 5 
0000 0008 8 1670918083119928 -68.3125 -66.5 3.117048960983623 5 
0000 0008 1 1670918083347537 -84.625 -69.0 0.1718058482431918 5 
0000 0010 3 1670918083461645 0.0 -54.0 0.32520392703175593 5 
0000 0014 3 1670918083467264 13.0 -66.0 0.3988350048502667 5 
0000 0010 4 1670918083521891 -9.75 -60.0 1.8162332528565992 5 
0000 0006 4 1670918083529476 26.0 -71.5 2.36846633649543 5 
0000 0014 4 1670918083531844 -35.75 -64.0 4.921010367537137 5 
0000 0009 4 1670918083535170 13.8125 -60.5 6.013204688511713 5 
0000 0008 4 1670918083536118 -9.75 -60.0 6.068427996875596 5 
0000 0011 4 1670918083537926 -78.0625 -65.5 5.93343768754166 5 
0000 0004 4 1670918083539243 61.8125 -72.0 0.16566992509164924 5 
0000 0007 4 1670918083540472 16.25 -70.0 2.761165418194154 5 
0000 0008 5 1670918083567176 -16.25 -58.0 4.528311285838413 5 
0000 0005 5 1670918083570284 240.875 -69.5 0.3374757733348411 5 
0000 0011 5 1670918083571235 26.0 -55.5 1.6689710972195777 5 
0000 0015 5 1670918083572932 22.75 -66.0 1.6137477888556946 5 
0000 0010 5 1670918083575198 29.25 -63.0 1.7855536370988863 5 
0000 0014 5 1670918083576699 -13.0 -64.0 5.835262917116979 5 
0000 0009 5 1670918083577660 -69.125 -63.5 6.062292073724054 5 
0000 0003 5 1670918083581941 -91.125 -69.0 5.166447293598839 5 
0000 0005 6 1670918083614120 26.0 -68.5 0.8283496254582462 5 
0000 0009 6 1670918083615831 3.25 -60.5 1.0185632431560658 5 
0000 0014 6 1670918083618835 -74.8125 -65.0 1.0737865515199487 5 
0000 0008 6 1670918083621345 -117.125 -68.0 3.3318062712876126 5 
0000 0007 6 1670918083624466 0.0 -61.0 4.190835512503572 5 
0000 0015 6 1670918083625405 48.8125 -63.0 2.2580197197676637 5 
0000 0008 7 1670918083649021 42.3125 -59.0 2.5157284921324514 5 
0000 0015 7 1670918083662324 55.3125 -69.0 3.018874190558942 5 
0000 0007 7 1670918083667037 0.0 -67.0 5.080544369477243 5 
0000 0011 8 1670918083707200 -52.0625 -66.5 5.859806609723149 5 
0000 0008 8 1670918083713170 45.5625 -66.5 2.8409324191642074 5 
0000 0005 8 1670918083721095 -42.3125 -68.5 1.9634954084936207 5 
0000 0008 1 1670918083942847 16.25 -69.0 0.04908738521234052 5 
0000 0010 3 1670918084040195 -22.75 -54.5 0.4111068511533518 5 
0000 0014 3 1670918084052265 26.0 -66.0 0.3190680038802134 5 
0000 0008 4 1670918084087117 16.25 -60.0 6.019340611663256 5 
0000 0004 4 1670918084092024 139.9375 -72.5 0.006135923151542565 5 
0000 0014 4 1670918084092957 6.5 -63.0 4.878058905476339 5 
0000 0011 4 1670918084096586 13.0 -65.0 5.773903685601553 5 
0000 0010 4 1670918084099464 35.75 -60.0 1.761009944492716 5 
0000 0000 4 1670918084100934 19.5 -71.0 2.773437264497239 5 
0000 0009 4 1670918084109102 -52.0625 -60.5 6.1420590746941075 5 
0000 0007 4 1670918084111124 -195.25 -69.5 3.055689729468197 5 
0000 0009 5 1670918084136589 30.875 -63.5 5.939573610693203 5 
0000 0014 5 1670918084139356 -55.3125 -63.5 5.902758071783947 5 
0000 0003 5 1670918084141507 -19.5 -69.0 5.160311370447297 5 
0000 0011 5 1670918084142913 3.25 -55.5 1.736466251886546 5 
0000 0010 5 1670918084145497 -29.25 -63.0 1.9634954084936207 5 
0000 0008 5 1670918084146914 -16.25 -58.5 4.528311285838413 5 
0000 0015 5 1670918084151379 6.5 -65.5 1.564660403643354 5 
0000 0005 5 1670918084156297 -32.5 -70.5 0.521553467881118 5 
