0008 0001 1 1670921553977046 3.25 -53.0 1.1290098598838318 0 
0008 0005 1 1670921553978460 -17.0625 -55.0 5.350524988145116 0 
0008 0012 1 1670921553980344 -61.8125 -61.5 2.098485717827557 0 
0008 0010 1 1670921553981987 -19.5 -53.5 2.9022916506796332 0 
0008 0015 1 1670921553985529 55.3125 -60.0 2.497320722677824 0 
0008 0004 1 1670921553989649 24.375 -58.5 5.688000761479957 0 
0008 0008 1 1670921553990833 0.0 -63.0 1.7303303287350031 0 
0008 0011 1 1670921553993835 0.0 -53.5 1.945087639038993 0 
0008 0009 1 1670921553994986 65.0625 -61.5 0.9572040116406401 0 
0008 0013 1 1670921553999263 3.25 -61.0 3.5956509668039427 0 
0008 0000 1 1670921554002145 26.0 -63.5 5.583690067903734 0 
0008 0006 1 1670921554005004 -10.5625 -69.5 4.344233591292136 0 
0008 0014 1 1670921554011109 -48.8125 -62.5 6.240233845118788 0 
0008 0002 1 1670921554014006 -29.25 -67.5 4.4976316700806995 0 
0008 0008 2 1670921554049142 -126.9375 -68.0 6.277049384028044 0 
0008 0013 2 1670921554051729 -3.25 -54.0 5.246214294568893 0 
0008 0006 2 1670921554060358 65.875 -68.5 4.583534594202296 0 
0008 0001 2 1670921554069000 41.5 -64.0 4.767612288748572 0 
0008 0004 2 1670921554074887 0.0 -58.5 1.8407769454627694 0 
0008 0012 2 1670921554076477 -16.25 -56.0 3.749049045592507 0 
0008 0009 2 1670921554078010 -55.3125 -63.5 0.3374757733348411 0 
0008 0005 2 1670921554079266 -19.5 -64.5 2.6016314162540475 0 
0008 0015 2 1670921554088697 29.25 -60.0 2.945243112740431 0 
0008 0014 2 1670921554090991 -163.5625 -69.5 4.1172044346850605 0 
0008 0004 3 1670921554118456 173.3125 -69.0 4.7307967498393175 0 
0008 0015 3 1670921554121940 -6.5 -66.0 4.724660826687775 0 
0008 0005 3 1670921554128265 76.4375 -66.0 5.945709533844745 0 
0008 0005 4 1670921554177755 17.0625 -71.5 6.17273869045182 0 
0008 0013 4 1670921554179836 21.125 -72.5 5.565282298449106 0 
0008 0015 5 1670921554267622 -113.875 -70.5 5.890486225480862 0 
0008 0013 5 1670921554268540 -61.8125 -66.0 1.6751070203711202 0 
0008 0012 6 1670921554328338 -35.75 -71.5 2.313243028131547 0 
0008 0004 6 1670921554331183 -19.5 -64.5 4.086524818927348 0 
0008 0014 6 1670921554345379 -135.0625 -70.0 0.2086213871524472 0 
0008 0014 7 1670921554386183 30.875 -66.5 1.1596894756415448 0 
0008 0012 7 1670921554387655 -52.0625 -66.0 5.749359992995383 0 
0008 0004 7 1670921554405235 -3.25 -70.0 2.043262409463674 0 
0008 0012 8 1670921554456850 -42.3125 -58.0 3.497476196379262 0 
0008 0015 8 1670921554459531 16.25 -67.0 1.227184630308513 0 
0008 0008 8 1670921554462374 65.0625 -71.5 5.45483568172134 0 
0008 0004 8 1670921554463772 6.5 -63.5 1.380582709097077 0 
0008 0006 8 1670921554468900 65.875 -74.0 0.14112623248547898 0 
0008 0013 8 1670921554470102 22.75 -66.0 5.062136600022616 0 
0008 0005 8 1670921554477793 125.3125 -65.5 1.41126232485479 0 
0008 0014 8 1670921554482690 13.8125 -67.0 3.0372819600135696 0 
0008 0006 1 1670921554702837 -34.9375 -69.5 4.387185053352934 0 
0008 0001 1 1670921554706711 -7.3125 -53.0 1.2701360923693108 0 
0008 0005 1 1670921554710580 -17.0625 -55.5 5.405748296509 0 
0008 0011 1 1670921554711779 -7.3125 -53.5 2.000310947402876 0 
0008 0014 1 1670921554715110 13.8125 -62.5 6.178874613603362 0 
0008 0009 1 1670921554716695 19.5 -61.5 1.1535535524900022 0 
0008 0015 1 1670921554717648 -22.75 -60.0 2.6200391857086753 0 
0008 0010 1 1670921554718626 13.0 -54.0 2.9268353432858034 0 
0008 0004 1 1670921554720764 -3.25 -58.5 5.773903685601553 0 
0008 0013 1 1670921554724102 -58.5625 -61.0 3.6876898140770815 0 
0008 0012 1 1670921554727673 -6.5 -61.5 2.012582793705961 0 
0008 0000 1 1670921554728982 -16.25 -64.0 5.8045833013592665 0 
0008 0002 1 1670921554729905 26.0 -67.5 4.4976316700806995 0 
0008 0008 1 1670921554730825 29.25 -63.5 1.718058482431918 0 
0008 0009 2 1670921554756517 62.625 -63.5 0.25157284921324513 0 
0008 0015 2 1670921554757695 26.0 -60.0 2.945243112740431 0 
0008 0006 2 1670921554758910 -76.4375 -67.0 4.215379205109742 0 
0008 0013 2 1670921554760565 -35.75 -54.0 5.301437602932776 0 
0008 0005 2 1670921554768426 55.3125 -64.5 2.521864415283994 0 
0008 0012 2 1670921554769904 -19.5 -56.5 3.8410878928656453 0 
0008 0008 2 1670921554783915 -78.0625 -68.0 6.037748381117884 0 
0008 0004 2 1670921554785640 38.1875 -58.5 1.7794177139473437 0 
0008 0001 2 1670921554788233 -55.3125 -64.0 4.896466674930966 0 
0008 0014 2 1670921554797784 -69.125 -70.5 3.9515345095934116 0 
0008 0015 3 1670921554841552 -55.3125 -65.0 4.743068596142402 0 
0008 0005 3 1670921554843727 173.3125 -66.0 5.743224069843841 0 
0008 0004 3 1670921554860986 139.125 -69.0 4.792155981354743 0 
0008 0005 4 1670921554907432 -163.5625 -71.5 6.191146459906448 0 
0008 0013 4 1670921554947710 -81.375 -72.5 5.7616318392984684 0 
0008 0013 5 1670921554984956 87.875 -67.0 1.380582709097077 0 
0008 0015 5 1670921554995992 81.375 -69.5 5.712544454086128 0 
0008 0014 6 1670921555050770 27.625 -70.5 6.17273869045182 0 
0008 0004 6 1670921555064334 -3.25 -64.5 3.9699422790480394 0 
0008 0012 6 1670921555066263 -29.25 -71.0 2.2641556429192065 0 
0008 0014 7 1670921555114755 133.4375 -66.0 1.086058397823034 0 
0008 0012 7 1670921555121350 -52.0625 -66.0 5.724816300389213 0 
0008 0004 7 1670921555122866 -52.0625 -71.0 2.356194490192345 0 
0008 0012 8 1670921555165886 9.75 -58.0 3.380893656499953 0 
0008 0004 8 1670921555171704 52.0625 -63.5 1.1658253987930873 0 
0008 0014 8 1670921555173570 -35.75 -66.5 3.129320807286708 0 
0008 0013 8 1670921555174773 -78.0625 -65.5 5.221670601962723 0 
0008 0005 8 1670921555175663 52.0625 -65.5 1.5953400194010667 0 
0008 0006 8 1670921555182759 149.6875 -73.0 0.07976700097005335 0 
0008 0008 8 1670921555188695 -55.3125 -72.5 5.595961914206819 0 
0008 0015 8 1670921555193714 13.0 -66.5 1.2455923997631406 0 
0008 0005 1 1670921555423823 21.125 -55.0 5.289165756629691 0 
0008 0012 1 1670921555425252 9.75 -62.0 1.945087639038993 0 
0008 0009 1 1670921555427165 -29.25 -60.5 1.2640001692177683 0 
0008 0015 1 1670921555429319 42.3125 -60.5 2.4605051837685683 0 
0008 0006 1 1670921555430494 90.3125 -71.0 3.9760782021995817 0 
0008 0000 1 1670921555431443 35.75 -62.5 5.706408530934585 0 
0008 0001 1 1670921555436274 -3.25 -53.0 1.0737865515199487 0 
0008 0013 1 1670921555439098 16.25 -61.0 3.6263305825616556 0 
0008 0008 1 1670921555441494 -22.75 -64.0 1.7119225592803755 0 
0008 0014 1 1670921555442961 0.0 -63.0 6.240233845118788 0 
0008 0011 1 1670921555444421 -6.5 -53.5 1.9941750242513334 0 
0008 0004 1 1670921555446088 7.3125 -59.0 5.767767762450011 0 
0008 0010 1 1670921555448125 0.0 -54.0 2.9329712664373457 0 
0008 0002 1 1670921555456300 29.25 -67.5 4.270602513473625 0 
0008 0009 2 1670921555500838 -39.0 -62.5 0.30066023442558565 0 
0008 0005 2 1670921555502529 30.875 -64.5 2.5034566458293663 0 
0008 0015 2 1670921555506788 58.5625 -59.5 2.84706834231575 0 
0008 0004 2 1670921555512370 27.625 -59.5 1.662835174068035 0 
0008 0001 2 1670921555513828 -38.1875 -63.5 4.651029748869264 0 
0008 0013 2 1670921555519729 -22.75 -54.5 5.295301679781233 0 
0008 0006 2 1670921555523508 -48.8125 -67.0 4.123340357836604 0 
0008 0008 2 1670921555527350 159.5 -67.0 5.749359992995383 0 
0008 0012 2 1670921555530135 -42.3125 -56.0 3.810408277107933 0 
0008 0014 2 1670921555532868 41.5 -68.5 4.129476280988146 0 
0008 0004 3 1670921555576279 -111.4375 -73.0 5.264622064023521 0 
0008 0005 3 1670921555585149 100.875 -66.0 5.878214379177777 0 
0008 0015 3 1670921555593474 39.0 -66.0 4.522175362686871 0 
0008 0005 4 1670921555666116 -21.125 -69.5 6.092971689481767 0 
0008 0013 4 1670921555681404 -173.3125 -72.0 5.608233760509904 0 
0008 0013 5 1670921555727732 6.5 -66.5 1.6689710972195777 0 
0008 0004 5 1670921555735681 -45.5625 -70.5 2.141437179888355 0 
0008 0015 5 1670921555739110 29.25 -69.0 5.8659425328746915 0 
0008 0015 6 1670921555786319 110.625 -72.5 1.1903690913992575 0 
0008 0004 6 1670921555794641 45.5625 -65.0 4.1417481272912315 0 
0008 0012 6 1670921555802258 -90.3125 -72.0 2.718213956133356 0 
0008 0014 6 1670921555803448 -34.9375 -72.0 1.0676506283684062 0 
0008 0004 7 1670921555832424 76.4375 -70.0 1.9144080232812801 0 
0008 0014 7 1670921555835483 79.75 -67.5 0.6872233929727672 0 
0008 0012 7 1670921555836429 -21.125 -65.0 5.240078371417351 0 
0008 0014 8 1670921555877600 52.0625 -68.5 3.11091303783208 0 
0008 0006 8 1670921555879802 93.5625 -73.5 0.380427235395639 0 
0008 0005 8 1670921555880779 52.0625 -65.0 1.902136176978195 0 
0008 0004 8 1670921555886581 24.375 -65.5 1.1474176293384597 0 
0008 0015 8 1670921555887534 58.5625 -68.5 1.325359400733194 0 
0008 0012 8 1670921555890164 -6.5 -58.5 3.54042765844006 0 
0008 0013 8 1670921555897027 -52.0625 -67.0 5.356660911296659 0 
0008 0008 8 1670921555899064 -130.1875 -71.0 5.737088146692298 0 
0008 0005 1 1670921556125969 -27.625 -54.5 5.227806525114265 0 
0008 0009 1 1670921556129066 -81.375 -62.0 1.1658253987930873 0 
0008 0001 1 1670921556131200 7.3125 -53.5 0.7853981633974483 0 
0008 0011 1 1670921556132160 21.125 -53.5 1.9082721001297376 0 
0008 0006 1 1670921556138959 -152.9375 -69.5 4.190835512503572 0 
0008 0000 1 1670921556139880 -45.5625 -64.0 5.534602682691394 0 
0008 0014 1 1670921556141550 68.3125 -63.0 6.17273869045182 0 
0008 0013 1 1670921556146802 19.5 -61.5 3.6754179677739964 0 
0008 0010 1 1670921556150615 29.25 -54.0 2.834796496012665 0 
0008 0015 1 1670921556155670 -48.8125 -60.0 2.6998061866787286 0 
0008 0008 1 1670921556157793 74.8125 -64.0 1.3928545554001621 0 
0008 0002 1 1670921556159196 6.5 -68.0 4.104932588381976 0 
0008 0004 1 1670921556162497 -3.25 -59.5 5.71868037723767 0 
0008 0012 1 1670921556169385 68.3125 -62.0 1.9941750242513334 0 
0008 0008 2 1670921556201564 -139.9375 -67.0 5.896622148632405 0 
0008 0013 2 1670921556203203 -22.75 -54.0 5.21553467881118 0 
0008 0009 2 1670921556206273 3.25 -63.5 6.2034183062095325 0 
0008 0006 2 1670921556208412 -111.4375 -68.0 3.9944859716542096 0 
0008 0004 2 1670921556209652 0.0 -59.0 1.6812429435226628 0 
0008 0012 2 1670921556210831 19.5 -56.0 3.650874275167826 0 
0008 0015 2 1670921556215330 39.0 -60.0 2.8409324191642074 0 
0008 0005 2 1670921556218603 128.5625 -64.5 2.2580197197676637 0 
0008 0001 2 1670921556222475 -48.8125 -63.0 4.3503695144436785 0 
0008 0010 2 1670921556226194 16.25 -71.5 1.9389517158874505 0 
0008 0014 2 1670921556263218 -55.3125 -69.5 4.0987966652304335 0 
0008 0015 3 1670921556294968 45.5625 -66.5 4.681709364626977 0 
0008 0005 3 1670921556302851 -10.5625 -65.5 0.06135923151542565 0 
0008 0004 3 1670921556305651 -128.5625 -69.0 5.651185222570702 0 
0008 0005 4 1670921556348413 149.6875 -70.0 6.166602767300278 0 
0008 0013 4 1670921556361579 -19.5 -71.0 5.675728915176872 0 
0008 0013 5 1670921556405218 192.0 -70.0 1.9941750242513334 0 
0008 0004 6 1670921556441515 -13.8125 -63.5 4.239922897715912 0 
0008 0014 6 1670921556443655 -21.125 -71.5 5.773903685601553 0 
0008 0012 7 1670921556484712 0.0 -65.0 5.350524988145116 0 
0008 0014 7 1670921556494409 13.0 -67.0 0.7547185476397354 0 
0008 0004 7 1670921556500782 -90.3125 -70.0 2.110757564130642 0 
0008 0005 8 1670921556538585 -17.0625 -66.0 1.846912868614312 0 
0008 0004 8 1670921556544362 39.0 -64.5 1.0737865515199487 0 
0008 0006 8 1670921556546703 13.8125 -72.5 0.2270291566070749 0 
0008 0008 8 1670921556549124 16.25 -70.0 5.663457068873787 0 
0008 0014 8 1670921556551303 -13.8125 -66.5 3.1231848841351653 0 
0008 0015 8 1670921556552285 19.5 -68.5 1.1658253987930873 0 
0008 0012 8 1670921556556683 -26.0 -59.5 3.5956509668039427 0 
0008 0013 8 1670921556562518 -58.5625 -67.0 5.522330836388308 0 
0008 0010 1 1670921556806567 0.0 -53.5 2.84706834231575 0 
0008 0012 1 1670921556807999 6.5 -61.0 1.9696313316451632 0 
0008 0001 1 1670921556808962 17.0625 -53.5 0.5890486225480862 0 
0008 0000 1 1670921556813512 -3.25 -63.5 5.313709449235861 0 
0008 0004 1 1670921556815696 -52.0625 -60.0 5.853670686571607 0 
0008 0008 1 1670921556816886 65.0625 -63.5 1.5033011721279284 0 
0008 0015 1 1670921556826961 -58.5625 -60.0 2.662990647769473 0 
0008 0011 1 1670921556828131 13.0 -53.5 1.7978254834019713 0 
0008 0014 1 1670921556829817 19.5 -63.0 0.02454369260617026 0 
0008 0005 1 1670921556831472 19.5 -54.5 5.062136600022616 0 
0008 0002 1 1670921556833191 -48.8125 -68.0 4.080388895775806 0 
0008 0009 1 1670921556840749 26.0 -62.5 0.46019423636569234 0 
0008 0006 1 1670921556844063 87.0625 -70.5 4.09266074207889 0 
0008 0013 1 1670921556844911 -13.0 -61.5 3.6386024288647407 0 
0008 0001 2 1670921556876213 -45.5625 -61.5 4.276738436625168 0 
0008 0009 2 1670921556878464 32.5 -64.0 5.780039608753096 0 
0008 0004 2 1670921556882023 0.0 -58.0 1.521708941582556 0 
0008 0008 2 1670921556882990 71.5625 -66.5 5.780039608753096 0 
0008 0005 2 1670921556885960 22.75 -64.5 2.2641556429192065 0 
0008 0015 2 1670921556886913 39.0 -59.0 2.8409324191642074 0 
0008 0006 2 1670921556890732 -128.5625 -69.0 4.0987966652304335 0 
0008 0012 2 1670921556895544 -3.25 -55.5 3.6570101983193686 0 
0008 0013 2 1670921556897538 -35.75 -54.0 5.2768939103266055 0 
0008 0014 2 1670921556910215 22.75 -68.5 4.129476280988146 0 
0008 0015 3 1670921556961980 6.5 -67.0 4.773748211900116 0 
0008 0004 3 1670921556963142 131.8125 -67.5 5.252350217720435 0 
0008 0005 3 1670921556968536 76.4375 -65.5 6.277049384028044 0 
0008 0005 4 1670921557007639 -27.625 -70.0 6.264777537724958 0 
0008 0013 4 1670921557025699 -146.4375 -72.5 5.786175531904639 0 
0008 0013 5 1670921557076106 188.75 -72.0 1.521708941582556 0 
0008 0012 6 1670921557149433 -13.0 -72.0 1.902136176978195 0 
0008 0004 6 1670921557156883 -48.8125 -62.5 4.368777283898306 0 
0008 0014 6 1670921557170517 71.5625 -71.5 5.890486225480862 0 
0008 0012 7 1670921557210075 -13.0 -65.0 5.325981295538946 0 
0008 0004 7 1670921557212384 26.0 -69.5 1.4910293258248433 0 
0008 0014 7 1670921557215973 0.0 -66.0 0.7240389318820226 0 
0008 0014 8 1670921557281631 -34.9375 -66.5 3.0495538063166547 0 
0008 0008 8 1670921557285487 -123.6875 -70.5 5.8659425328746915 0 
0008 0015 8 1670921557287665 58.5625 -68.5 1.0983302441261191 0 
0008 0013 8 1670921557288852 -45.5625 -66.5 5.350524988145116 0 
0008 0012 8 1670921557289783 -3.25 -58.5 3.5588354278946874 0 
0008 0004 8 1670921557295973 48.8125 -64.5 1.1903690913992575 0 
0008 0005 8 1670921557297387 6.5 -66.5 1.761009944492716 0 
0008 0006 8 1670921557302598 10.5625 -73.0 0.1718058482431918 0 
0008 0013 1 1670921557525863 -42.3125 -62.0 3.736777199289422 0 
0008 0015 1 1670921557527538 -52.0625 -60.5 2.5709518004963345 0 
0008 0000 1 1670921557528701 -29.25 -63.0 5.540738605842936 0 
0008 0002 1 1670921557529623 55.3125 -67.5 3.9208548938356986 0 
0008 0009 1 1670921557535919 26.0 -61.5 1.043106935762236 0 
0008 0006 1 1670921557537107 -211.5625 -69.5 4.473087977474529 0 
0008 0014 1 1670921557540232 10.5625 -63.0 6.2034183062095325 0 
0008 0005 1 1670921557541167 16.25 -55.0 5.129631754689584 0 
0008 0011 1 1670921557543555 27.625 -54.5 1.8407769454627694 0 
0008 0001 1 1670921557546624 -13.8125 -53.5 0.7363107781851077 0 
0008 0012 1 1670921557548110 6.5 -62.0 1.9144080232812801 0 
0008 0004 1 1670921557550867 -9.75 -58.5 5.816855147662351 0 
0008 0010 1 1670921557552995 16.25 -53.5 2.8409324191642074 0 
0008 0008 1 1670921557555734 104.125 -64.0 1.368310862793992 0 
0008 0015 2 1670921557596481 42.3125 -59.0 2.693670263527186 0 
0008 0014 2 1670921557598828 -114.6875 -70.0 4.172427743048944 0 
0008 0013 2 1670921557601744 6.5 -54.0 5.258486140871978 0 
0008 0001 2 1670921557604038 52.0625 -62.5 4.295146206079795 0 
0008 0009 2 1670921557605474 0.0 -63.0 0.14726215563702155 0 
0008 0012 2 1670921557606424 6.5 -56.0 3.6079228131070282 0 
0008 0004 2 1670921557607854 -16.25 -58.0 1.5585244804918115 0 
0008 0008 2 1670921557610039 -113.875 -68.0 5.9518454569962875 0 
0008 0006 2 1670921557612187 0.0 -67.0 4.04357335686655 0 
0008 0005 2 1670921557613802 55.3125 -65.0 2.2886993355253766 0 
0008 0004 3 1670921557692903 -104.125 -68.0 5.460971604872882 0 
0008 0005 3 1670921557697079 -62.625 -66.0 0.12885438618239387 0 
0008 0015 3 1670921557701187 13.0 -67.5 4.773748211900116 0 
0008 0013 4 1670921557763825 -260.375 -72.0 6.080699843178682 0 
0008 0005 4 1670921557778812 48.8125 -70.0 6.1420590746941075 0 
0008 0013 5 1670921557857483 3.25 -70.5 2.055534255766759 0 
0008 0004 6 1670921557896170 -61.8125 -63.0 4.3074180523828804 0 
0008 0014 6 1670921557901771 -48.8125 -72.0 6.013204688511713 0 
0008 0012 6 1670921557916088 143.1875 -71.5 1.8039614065535141 0 
0008 0012 7 1670921557949269 42.3125 -65.5 5.246214294568893 0 
0008 0004 7 1670921557959784 41.5 -68.5 1.6689710972195777 0 
0008 0014 7 1670921557965553 9.75 -67.0 0.7915340865489908 0 
0008 0015 8 1670921558023226 61.8125 -68.0 1.1106020904292042 0 
0008 0004 8 1670921558024654 13.0 -63.5 1.214912784005428 0 
0008 0012 8 1670921558028531 0.0 -59.0 3.54042765844006 0 
0008 0014 8 1670921558029481 -6.5 -66.5 3.0495538063166547 0 
0008 0005 8 1670921558032896 7.3125 -66.5 1.7978254834019713 0 
0008 0006 8 1670921558038491 -93.5625 -73.0 0.3313398501832985 0 
0008 0013 8 1670921558039453 48.8125 -67.0 5.221670601962723 0 
0008 0008 8 1670921558047279 -35.75 -70.5 5.749359992995383 0 
0008 0000 1 1670921558266858 -71.5625 -63.0 5.730952223540755 0 
0008 0004 1 1670921558267816 10.5625 -58.5 5.810719224510809 0 
0008 0010 1 1670921558271017 26.0 -54.0 2.8409324191642074 0 
0008 0001 1 1670921558275583 13.8125 -54.0 0.803805932852076 0 
0008 0005 1 1670921558276546 -59.375 -55.5 5.301437602932776 0 
0008 0006 1 1670921558279347 -34.9375 -69.5 4.2031073588066565 0 
0008 0015 1 1670921558280321 0.0 -60.5 2.5034566458293663 0 
0008 0013 1 1670921558285337 -32.5 -61.5 3.6447383520162835 0 
0008 0011 1 1670921558286494 -6.5 -54.5 1.932815792735908 0 
0008 0008 1 1670921558288367 32.5 -64.0 1.4051264017032472 0 
0008 0014 1 1670921558294048 27.625 -62.5 6.1850105367549055 0 
0008 0009 1 1670921558295464 48.8125 -61.0 1.325359400733194 0 
0008 0012 1 1670921558297673 48.8125 -62.5 1.8407769454627694 0 
0008 0002 1 1670921558300704 -94.375 -67.0 4.227651051412827 0 
0008 0013 2 1670921558336263 -35.75 -54.0 5.2768939103266055 0 
0008 0004 2 1670921558338416 52.0625 -58.5 1.4787574795217582 0 
0008 0012 2 1670921558339830 19.5 -56.0 3.6079228131070282 0 
0008 0008 2 1670921558344821 -35.75 -67.5 5.884350302329319 0 
0008 0005 2 1670921558346247 30.875 -64.5 2.3623304133438876 0 
0008 0015 2 1670921558352885 6.5 -59.5 2.8409324191642074 0 
0008 0006 2 1670921558354117 -34.9375 -67.5 4.049709280018092 0 
0008 0009 2 1670921558356983 0.0 -63.5 0.23316507975861744 0 
0008 0001 2 1670921558357948 21.125 -63.0 4.313553975534423 0 
0008 0014 2 1670921558361870 -110.625 -70.0 4.270602513473625 0 
0008 0005 3 1670921558443191 -3.25 -65.5 6.129787228391022 0 
0008 0015 3 1670921558450247 -9.75 -66.5 4.749204519293945 0 
0008 0004 3 1670921558451433 -3.25 -67.5 5.381204603902829 0 
0008 0013 4 1670921558511347 71.5625 -72.0 5.485515297479052 0 
0008 0005 4 1670921558530710 -79.75 -70.5 6.215690152512618 0 
0008 0013 5 1670921558593958 172.5 -71.0 1.6935147898257479 0 
0008 0014 6 1670921558658559 38.1875 -71.0 5.878214379177777 0 
0008 0004 6 1670921558659535 42.3125 -63.5 4.111068511533518 0 
0008 0012 6 1670921558660766 143.1875 -71.5 1.7916895602504288 0 
0008 0012 7 1670921558706941 35.75 -65.5 5.240078371417351 0 
0008 0004 7 1670921558708693 -45.5625 -68.5 1.7241944055834606 0 
0008 0014 7 1670921558711731 19.5 -67.0 0.705631162427395 0 
0008 0014 8 1670921558766980 -55.3125 -66.5 3.0066023442558567 0 
0008 0006 8 1670921558769637 -156.1875 -73.0 0.25770877236478773 0 
0008 0008 8 1670921558770835 -81.375 -69.5 5.994796919057086 0 
0008 0005 8 1670921558776560 -13.8125 -65.5 1.846912868614312 0 
0008 0012 8 1670921558778694 6.5 -58.5 3.56497135104623 0 
0008 0004 8 1670921558779673 48.8125 -63.5 1.1167380135807468 0 
0008 0015 8 1670921558788239 -48.8125 -68.5 1.2762720155208536 0 
0008 0013 8 1670921558791737 -22.75 -66.5 5.418020142812084 0 
