0004 0006 1 1670731317016332 -29.25 -62.5 1.9634954084936207 10 
0004 0004 1 1670731317020893 -3.25 -60.5 4.743068596142402 10 
0004 0012 1 1670731317021901 35.75 -66.0 4.8351074434155406 10 
0004 0007 1 1670731317032245 123.6875 -68.0 3.8410878928656453 10 
0004 0014 1 1670731317039774 -29.25 -63.0 4.301282129231338 10 
0004 0001 1 1670731317040706 59.375 -65.5 1.1167380135807468 10 
0004 0015 1 1670731317043158 -52.0625 -64.0 5.270757987175063 10 
0004 0010 1 1670731317054694 -110.625 -72.5 2.337786720737717 10 
0004 0008 1 1670731317057670 -39.0 -69.0 5.240078371417351 10 
0004 0002 1 1670731317068370 6.5 -64.0 1.5892040962495242 10 
0004 0003 1 1670731317074236 172.5 -72.5 1.9696313316451632 10 
0004 0004 2 1670731317096807 22.75 -56.0 1.1167380135807468 10 
0004 0002 2 1670731317103268 6.5 -57.0 3.8717675086233583 10 
0004 0008 2 1670731317107335 -55.3125 -68.5 2.2580197197676637 10 
0004 0006 2 1670731317110006 -117.125 -62.5 5.957981380147831 10 
0004 0014 2 1670731317124873 -13.0 -65.0 2.172116795646068 10 
0004 0010 2 1670731317151265 52.0625 -72.5 5.730952223540755 10 
0004 0012 2 1670731317154971 -48.8125 -68.0 5.6941366846315 10 
0004 0011 3 1670731317196545 38.1875 -65.0 5.712544454086128 10 
0004 0013 3 1670731317223577 65.0625 -67.5 1.6137477888556946 10 
0004 0009 3 1670731317237489 -32.5 -66.0 1.1106020904292042 10 
0004 0007 3 1670731317257840 13.0 -67.5 3.3624858870453256 10 
0004 0009 4 1670731317320140 58.5625 -65.5 5.9518454569962875 10 
0004 0012 4 1670731317366992 -16.25 -65.5 0.4908738521234052 10 
0004 0003 4 1670731317371622 97.625 -71.5 5.368932757599744 10 
0004 0010 4 1670731317375768 -32.5 -69.5 5.841398840268521 10 
0004 0015 4 1670731317379432 -110.625 -69.0 5.939573610693203 10 
0004 0005 4 1670731317382521 78.0625 -67.0 3.472932503773092 10 
0004 0009 5 1670731317465354 9.75 -65.5 1.2455923997631406 10 
0004 0008 6 1670731317513622 117.125 -72.0 4.853515212870168 10 
0004 0009 6 1670731317519450 55.3125 -63.5 0.21475731030398976 10 
0004 0015 6 1670731317534525 97.625 -70.0 2.4175537217077703 10 
0004 0010 6 1670731317541268 -13.0 -70.0 0.30679615757712825 10 
0004 0011 6 1670731317546760 104.125 -68.0 3.399301425954581 10 
0004 0003 8 1670731317721782 139.9375 -73.5 1.0615147052168636 10 
0004 0007 8 1670731317725324 -94.375 -66.5 3.074097498922825 10 
0004 0001 8 1670731317731161 52.0625 -68.5 1.902136176978195 10 
0004 0006 1 1670731317971456 0.0 -61.0 3.761320891895592 10 
0004 0009 1 1670731317978887 -45.5625 -62.5 5.559146375297564 10 
0004 0001 1 1670731317980907 34.9375 -64.5 4.301282129231338 10 
0004 0004 1 1670731317993552 9.75 -53.0 5.006913291658733 10 
0004 0002 1 1670731317997891 -13.0 -66.0 0.5706408530934585 10 
0004 0014 1 1670731318004386 -39.0 -64.0 5.767767762450011 10 
0004 0008 1 1670731318009093 52.0625 -69.5 2.2150682577068657 10 
0004 0015 1 1670731318013339 3.25 -60.0 5.135767677841127 10 
0004 0014 2 1670731318079910 -61.8125 -64.0 0.02454369260617026 10 
0004 0006 2 1670731318080872 6.5 -64.0 4.1417481272912315 10 
0004 0002 2 1670731318083097 -81.375 -63.0 5.553010452146021 10 
0004 0015 2 1670731318085447 45.5625 -65.5 2.405281875404685 10 
0004 0004 2 1670731318102723 32.5 -67.5 4.473087977474529 10 
0004 0013 2 1670731318128242 -166.0 -71.0 6.092971689481767 10 
0004 0014 3 1670731318169755 -52.0625 -60.0 1.748738098189631 10 
0004 0012 3 1670731318177922 -3.25 -69.5 4.540583132141498 10 
0004 0011 3 1670731318187134 -93.5625 -69.5 0.1595340019401067 10 
0004 0007 3 1670731318195770 6.5 -67.5 2.650718801466388 10 
0004 0010 3 1670731318210369 -35.75 -66.0 3.834951969714103 10 
0004 0013 3 1670731318217717 192.0 -67.0 2.2580197197676637 10 
0004 0009 3 1670731318226620 126.9375 -70.0 0.7240389318820226 10 
0004 0012 4 1670731318288371 35.75 -62.5 1.282407938672396 10 
0004 0005 4 1670731318301524 -22.75 -70.0 4.963961829597935 10 
0004 0010 4 1670731318309144 48.8125 -71.0 0.6688156235181395 10 
0004 0008 4 1670731318315067 6.5 -65.5 1.2026409377023426 10 
0004 0003 4 1670731318332396 -65.0625 -75.5 1.1903690913992575 10 
0004 0005 5 1670731318366161 3.25 -68.0 1.7671458676442586 10 
0004 0011 5 1670731318370065 128.5625 -66.5 3.043417883165112 10 
0004 0003 5 1670731318375923 -149.6875 -70.5 3.0127382674073995 10 
0004 0014 5 1670731318384588 16.25 -70.0 2.1230294104337273 10 
0004 0012 6 1670731318439625 6.5 -70.0 5.013049214810275 10 
0004 0009 6 1670731318444175 -52.0625 -67.5 4.988505522204105 10 
0004 0008 6 1670731318445377 -45.5625 -68.5 3.2643111166206444 10 
0004 0003 6 1670731318447549 16.25 -74.0 1.423534171157875 10 
0004 0011 6 1670731318457777 73.1875 -68.0 1.662835174068035 10 
0004 0015 7 1670731318573753 -107.375 -69.0 2.030990563160589 10 
0004 0012 8 1670731318626456 78.0625 -69.0 5.9088939949354895 10 
0004 0007 8 1670731318630254 3.25 -63.0 1.012427320004523 10 
0004 0003 8 1670731318633642 84.625 -73.5 5.368932757599744 10 
0004 0014 8 1670731318640172 16.25 -65.0 1.2087768608538851 10 
0004 0015 8 1670731318647153 -143.1875 -65.5 6.105243535784852 10 
0004 0001 1 1670731318887309 34.9375 -66.0 6.037748381117884 10 
0004 0012 1 1670731318903672 9.75 -69.5 5.350524988145116 10 
0004 0007 1 1670731318924198 6.5 -67.5 3.399301425954581 10 
0004 0015 1 1670731318925374 -87.875 -65.5 4.994641445355648 10 
0004 0004 1 1670731318926646 16.25 -57.5 1.0615147052168636 10 
0004 0006 1 1670731318932946 -22.75 -63.5 1.6260196351587797 10 
0004 0010 1 1670731318936968 22.75 -69.0 0.9142525495798421 10 
0004 0014 1 1670731318938782 13.0 -64.5 2.1475731030398975 10 
0004 0002 1 1670731318948439 13.0 -72.0 2.742757648739526 10 
0004 0014 2 1670731318990066 -29.25 -61.5 3.5711072741977725 10 
0004 0002 2 1670731319069535 156.1875 -69.5 2.693670263527186 10 
0004 0010 3 1670731319102445 -32.5 -61.0 3.031146036862027 10 
0004 0014 3 1670731319111477 58.5625 -60.5 2.8716120349219203 10 
0004 0012 3 1670731319126226 9.75 -57.5 3.6324665057131984 10 
0004 0007 3 1670731319133549 -3.25 -63.5 4.000621894805752 10 
0004 0002 3 1670731319139918 -19.5 -67.5 5.798447378207723 10 
0004 0011 3 1670731319142919 34.9375 -60.5 1.8285050991596843 10 
0004 0013 3 1670731319160516 48.8125 -69.5 1.7732817907958012 10 
0004 0008 3 1670731319169431 -149.6875 -71.0 5.332117218690489 10 
0004 0004 4 1670731319205918 -3.25 -67.5 0.006135923151542565 10 
0004 0010 4 1670731319221090 -32.5 -64.0 2.3316507975861747 10 
0004 0015 4 1670731319257458 -120.4375 -68.0 4.9394181369917645 10 
0004 0012 4 1670731319266119 13.0 -64.0 3.9822141253511245 10 
0004 0003 5 1670731319333683 -97.625 -73.0 4.540583132141498 10 
0004 0015 7 1670731319471429 -240.875 -67.0 5.798447378207723 10 
0004 0015 8 1670731319548422 -29.25 -70.0 1.4296700943094176 10 
0004 0007 8 1670731319552757 55.3125 -69.5 2.509592568980909 10 
0004 0014 1 1670731319781998 -6.5 -61.5 1.1965050145508 10 
0004 0004 1 1670731319804512 -16.25 -58.5 2.2764274892222915 10 
0004 0006 1 1670731319810155 -87.875 -69.5 3.5772431973493153 10 
0004 0015 1 1670731319817418 3.25 -57.5 2.8654761117703775 10 
0004 0003 1 1670731319820779 13.0 -74.0 4.865787059173254 10 
0004 0001 1 1670731319839032 13.0 -72.0 4.215379205109742 10 
0004 0002 2 1670731319888427 52.0625 -70.5 2.7979809571034093 10 
0004 0015 2 1670731319896827 -9.75 -64.5 3.3440781175906977 10 
0004 0006 2 1670731319908506 296.1875 -69.5 0.34974761963792617 10 
0004 0014 3 1670731319969175 -71.5625 -63.5 2.6998061866787286 10 
0004 0010 3 1670731319982024 -13.0 -65.5 1.3744467859455345 10 
0004 0002 3 1670731320003704 13.0 -69.5 4.221515128261284 10 
0004 0006 3 1670731320024745 9.75 -68.5 2.0493983326152168 10 
0004 0007 3 1670731320028428 -19.5 -68.5 1.9205439464328227 10 
0004 0001 4 1670731320145033 -21.125 -73.5 4.945554060143307 10 
0004 0014 5 1670731320236709 32.5 -69.5 0.7179030087304801 10 
0004 0001 5 1670731320259623 -276.625 -72.0 1.3560390164909069 10 
0004 0003 5 1670731320265896 -87.875 -71.0 3.847223816017188 10 
0004 0003 6 1670731320327389 58.5625 -71.5 0.9081166264282996 10 
0004 0015 7 1670731320371977 -16.25 -67.0 2.2212041808584084 10 
0004 0003 8 1670731320453949 -166.0 -71.5 5.872078456026235 10 
0004 0007 8 1670731320469788 -3.25 -67.5 1.7303303287350031 10 
0004 0015 8 1670731320479658 19.5 -68.5 4.06811704947272 10 
0004 0014 1 1670731320705944 3.25 -61.5 0.662679700366597 10 
0004 0004 1 1670731320711876 -52.0625 -68.0 2.705942109830271 10 
0004 0006 1 1670731320737690 19.5 -72.0 3.215223731408304 10 
0004 0012 1 1670731320753016 26.0 -67.0 1.1535535524900022 10 
0004 0014 2 1670731320828927 -26.0 -63.5 0.3988350048502667 10 
0004 0015 2 1670731320834816 -87.875 -64.5 1.8775924843720249 10 
0004 0006 2 1670731320860492 152.9375 -71.0 1.607611865704152 10 
0004 0015 3 1670731320896924 110.625 -67.5 3.54042765844006 10 
0004 0012 3 1670731320900280 -42.3125 -60.0 5.853670686571607 10 
0004 0007 3 1670731320902918 -13.0 -61.0 3.0925052683774528 10 
0004 0009 3 1670731320904657 39.0 -60.0 2.5586799541932495 10 
0004 0008 3 1670731320911838 35.75 -69.0 3.380893656499953 10 
0004 0011 3 1670731320924932 3.25 -56.0 0.944932165337555 10 
0004 0014 3 1670731320929251 9.75 -63.5 1.0062913968529805 10 
0004 0002 3 1670731320949895 -91.125 -71.0 5.141903600992669 10 
0004 0013 4 1670731321004088 -19.5 -61.5 5.755495916146925 10 
0004 0003 4 1670731321007524 -87.875 -74.0 4.080388895775806 10 
0004 0001 4 1670731321015230 62.625 -70.0 5.559146375297564 10 
0004 0011 4 1670731321016643 21.125 -66.0 1.521708941582556 10 
0004 0008 4 1670731321022286 -16.25 -67.0 4.123340357836604 10 
0004 0012 4 1670731321023204 3.25 -55.5 0.36815538909255385 10 
0004 0009 4 1670731321030383 -26.0 -58.5 4.779884135051658 10 
0004 0015 4 1670731321032642 -13.0 -60.0 3.0802334220743677 10 
0004 0005 4 1670731321040505 -6.5 -62.5 1.5462526341887264 10 
0004 0010 4 1670731321045209 39.0 -67.0 1.8039614065535141 10 
0004 0014 5 1670731321087950 -45.5625 -68.0 1.0737865515199487 10 
0004 0012 5 1670731321092061 19.5 -62.5 1.6260196351587797 10 
0004 0011 5 1670731321096577 17.0625 -63.0 2.748893571891069 10 
0004 0005 5 1670731321107400 58.5625 -67.0 5.976389149602458 10 
0004 0001 5 1670731321115062 -117.9375 -70.0 3.77972866135022 10 
0004 0007 5 1670731321123722 9.75 -63.5 4.92714629068868 10 
0004 0010 5 1670731321138010 -22.75 -69.5 0.9142525495798421 10 
0004 0015 6 1670731321205499 -48.8125 -69.0 5.822991070813893 10 
0004 0009 6 1670731321229880 39.0 -69.5 5.6143696836614465 10 
0004 0013 6 1670731321233077 3.25 -68.5 2.110757564130642 10 
0004 0008 6 1670731321233999 26.0 -65.0 4.2031073588066565 10 
0004 0004 1 1670731321657807 16.25 -65.5 3.9453985864418692 10 
0004 0010 3 1670731321780292 -6.5 -62.5 6.062292073724054 10 
0004 0006 3 1670731321790465 -61.8125 -66.0 4.0987966652304335 10 
0004 0011 3 1670731321794073 3.25 -62.0 2.4727770300716534 10 
0004 0008 3 1670731321796552 159.5 -71.0 5.688000761479957 10 
0004 0014 3 1670731321803652 0.0 -63.5 5.8659425328746915 10 
0004 0002 3 1670731321810071 29.25 -63.0 4.080388895775806 10 
0004 0007 3 1670731321811247 -65.0625 -58.5 5.178719139901925 10 
0004 0012 3 1670731321813332 110.625 -67.5 4.706253057233147 10 
0004 0013 3 1670731321830153 22.75 -66.5 1.4910293258248433 10 
0004 0001 3 1670731321838718 55.3125 -69.0 2.36846633649543 10 
0004 0008 4 1670731321902928 -3.25 -68.0 2.466641106920111 10 
0004 0004 4 1670731321904870 -6.5 -56.5 1.2578642460662257 10 
0004 0009 4 1670731321908352 42.3125 -64.0 2.350058567040802 10 
0004 0007 4 1670731321917785 -6.5 -60.0 0.5767767762450011 10 
0004 0002 4 1670731321931388 26.0 -67.0 3.663146121470911 10 
0004 0015 4 1670731321935285 29.25 -64.5 4.086524818927348 10 
0004 0010 4 1670731321936742 45.5625 -60.0 0.9817477042468103 10 
0004 0005 4 1670731321942518 19.5 -68.5 6.117515382087937 10 
0004 0013 4 1670731321943453 -13.0 -62.0 5.829126993965437 10 
0004 0011 4 1670731321953313 48.8125 -69.5 1.0246991663076084 10 
0004 0012 4 1670731321955356 52.0625 -71.0 3.9453985864418692 10 
0004 0003 4 1670731321961788 -146.4375 -73.0 5.295301679781233 10 
