0006 0012 1 1670731317065521 9.75 -68.0 4.129476280988146 8 
0006 0012 2 1670731317117127 22.75 -64.5 5.7616318392984684 8 
0006 0007 4 1670731317335149 136.6875 -68.0 3.77972866135022 8 
0006 0014 4 1670731317373940 -19.5 -68.0 1.000155473701438 8 
0006 0006 5 1670731317433350 -65.0625 -67.0 2.36846633649543 8 
0006 0015 5 1670731317441803 24.375 -69.0 4.571262747899211 8 
0006 0014 5 1670731317446880 -32.5 -60.0 4.049709280018092 8 
0006 0002 5 1670731317461641 -13.0 -63.5 4.215379205109742 8 
0006 0004 5 1670731317462633 84.625 -66.0 1.7978254834019713 8 
0006 0006 6 1670731317530332 -135.0625 -73.0 5.522330836388308 8 
0006 0012 6 1670731317536961 19.5 -70.5 2.742757648739526 8 
0006 0010 6 1670731317540348 -81.375 -65.0 3.436116964863836 8 
0006 0002 6 1670731317549746 26.0 -67.0 0.9203884727313847 8 
0006 0004 6 1670731317551624 39.0 -67.0 1.607611865704152 8 
0006 0014 6 1670731317554768 -39.0 -70.5 5.381204603902829 8 
0006 0015 7 1670731317640031 38.1875 -67.0 4.3074180523828804 8 
0006 0010 7 1670731317644156 84.625 -67.0 1.380582709097077 8 
0006 0010 8 1670731317722747 -250.625 -72.5 4.276738436625168 8 
0006 0013 1 1670731318014377 -55.3125 -64.0 4.994641445355648 8 
0006 0013 2 1670731318072620 -39.0 -68.5 6.227961998815704 8 
0006 0004 5 1670731318367098 -58.5625 -66.5 4.994641445355648 8 
0006 0002 5 1670731318376858 -55.3125 -64.5 3.9944859716542096 8 
0006 0014 6 1670731318448714 179.0 -70.0 0.09203884727313846 8 
0006 0015 6 1670731318451101 34.9375 -66.5 2.5157284921324514 8 
0006 0010 6 1670731318464679 117.125 -70.0 1.3560390164909069 8 
0006 0002 6 1670731318472938 -6.5 -56.5 0.7731263170943632 8 
0006 0004 6 1670731318478649 9.75 -72.0 1.7241944055834606 8 
0006 0012 6 1670731318488530 87.875 -67.0 2.816388726558037 8 
0006 0014 7 1670731318549000 -45.5625 -67.0 0.2270291566070749 8 
0006 0010 7 1670731318557822 22.75 -67.0 4.270602513473625 8 
0006 0012 7 1670731318569011 -74.8125 -63.5 0.28838838812250056 8 
0006 0002 7 1670731318579831 -120.4375 -67.5 5.786175531904639 8 
0006 0012 1 1670731318886093 74.8125 -72.0 1.4480778637640452 8 
0006 0004 1 1670731318928160 29.25 -64.5 1.552388557340269 8 
0006 0015 4 1670731319258402 34.9375 -66.0 2.184388641949153 8 
0006 0014 5 1670731319301346 42.3125 -63.0 6.062292073724054 8 
0006 0015 6 1670731319389992 41.5 -70.5 5.178719139901925 8 
0006 0014 6 1670731319392203 19.5 -62.5 1.9634954084936207 8 
0006 0011 7 1670731319458903 169.25 -65.0 3.9822141253511245 8 
0006 0011 8 1670731319530944 -185.5 -71.5 3.822680123411018 8 
0006 0004 8 1670731319542939 -61.8125 -71.0 3.227495577711389 8 
0006 0014 4 1670731320111542 -9.75 -62.5 2.4911847995262812 8 
0006 0015 4 1670731320159843 0.0 -65.0 2.3316507975861747 8 
0006 0012 5 1670731320190475 -45.5625 -66.0 6.135923151542564 8 
0006 0007 5 1670731320192851 87.875 -69.5 5.743224069843841 8 
0006 0015 5 1670731320194287 0.0 -61.5 1.3928545554001621 8 
0006 0004 6 1670731320303328 35.75 -67.5 4.09266074207889 8 
0006 0014 6 1670731320314391 65.0625 -65.5 2.098485717827557 8 
0006 0012 6 1670731320324070 13.0 -70.0 6.17273869045182 8 
0006 0002 6 1670731320326447 -6.5 -70.5 4.896466674930966 8 
0006 0007 6 1670731320337516 -191.1875 -75.5 5.64504929941916 8 
0006 0015 7 1670731320377103 104.125 -68.5 4.534447208989955 8 
0006 0004 7 1670731320378971 65.0625 -68.0 3.0925052683774528 8 
0006 0012 7 1670731320381628 22.75 -68.5 3.5158839658338894 8 
0006 0010 7 1670731320406931 -97.625 -67.0 1.88986433067511 8 
0006 0015 8 1670731320455781 -34.9375 -73.0 5.491651220630596 8 
0006 0009 1 1670731320721667 19.5 -69.5 4.086524818927348 8 
0006 0002 1 1670731320722689 185.5 -70.0 1.0921943209745766 8 
0006 0004 1 1670731320733401 29.25 -70.5 0.380427235395639 8 
0006 0014 1 1670731320751612 -6.5 -65.5 5.246214294568893 8 
0006 0015 1 1670731320763898 -121.25 -69.0 3.9392626632903265 8 
0006 0011 2 1670731320823372 -136.6875 -67.0 5.712544454086128 8 
0006 0002 2 1670731320824294 97.625 -68.0 0.30066023442558565 8 
0006 0014 2 1670731320841122 52.0625 -68.5 4.565126824747668 8 
0006 0010 2 1670731320842070 126.9375 -71.0 6.000932842208628 8 
0006 0009 2 1670731320852550 201.8125 -71.5 1.282407938672396 8 
0006 0003 2 1670731320863358 128.5625 -70.0 4.755340442445488 8 
0006 0015 4 1670731321025421 7.3125 -66.5 3.773592738198677 8 
0006 0004 6 1670731321211582 -29.25 -69.0 3.9085830475326135 8 
0006 0015 7 1670731321306583 90.3125 -65.5 1.564660403643354 8 
0006 0014 7 1670731321307773 81.375 -63.5 1.8100973297050567 8 
0006 0013 7 1670731321317314 61.8125 -66.5 0.8958447801252144 8 
0006 0010 7 1670731321319448 -29.25 -61.5 0.32520392703175593 8 
0006 0015 8 1670731321372586 73.1875 -73.0 0.0674951546669682 8 
0006 0009 8 1670731321380545 -48.8125 -73.0 5.632777453116074 8 
0006 0010 8 1670731321381493 -29.25 -63.5 5.822991070813893 8 
0006 0011 8 1670731321391776 29.25 -67.0 0.5031456984264903 8 
0006 0004 8 1670731321392711 42.3125 -68.0 1.8653206380689396 8 
0006 0008 8 1670731321395087 65.0625 -70.5 1.859184714917397 8 
0006 0014 8 1670731321406344 -3.25 -70.5 6.1850105367549055 8 
0006 0005 1 1670731321629318 -3.25 -65.5 0.36815538909255385 8 
0006 0014 1 1670731321633376 -87.875 -65.5 2.5280003384355365 8 
0006 0011 1 1670731321639072 -30.875 -72.0 1.1719613219446299 8 
0006 0008 1 1670731321672133 169.25 -73.0 2.018718716857504 8 
0006 0003 2 1670731321699458 52.0625 -66.5 5.283029833478148 8 
0006 0014 2 1670731321709116 -61.8125 -68.0 6.135923151542564 8 
0006 0009 2 1670731321710339 110.625 -68.0 4.595806440505381 8 
0006 0007 2 1670731321711300 58.5625 -66.0 3.2213596545598464 8 
0006 0015 2 1670731321714406 34.9375 -63.0 2.9022916506796332 8 
0006 0010 2 1670731321715609 19.5 -68.0 5.013049214810275 8 
0006 0005 2 1670731321718516 9.75 -58.0 2.6813984172241008 8 
0006 0011 2 1670731321727160 68.3125 -64.0 5.006913291658733 8 
0006 0000 2 1670731321742784 -240.875 -69.0 2.0923497946760143 8 
0006 0002 2 1670731321743761 29.25 -68.0 1.337631247036279 8 
