0005 0011 1 1670731397666033 16.25 -62.5 5.154175447295755 0 
0005 0008 1 1670731397677268 -71.5625 -61.5 1.5892040962495242 0 
0005 0012 1 1670731397684488 26.0 -58.0 2.043262409463674 0 
0005 0013 1 1670731397691272 6.5 -58.0 5.111223985234957 0 
0005 0014 1 1670731397703439 130.1875 -72.0 1.5585244804918115 0 
0005 0015 1 1670731397704574 -45.5625 -66.5 2.9636508821950587 0 
0005 0010 1 1670731397706988 52.0625 -70.0 2.227340104009951 0 
0005 0013 2 1670731397745959 16.25 -58.5 5.71868037723767 0 
0005 0011 2 1670731397759154 -9.75 -64.5 5.841398840268521 0 
0005 0010 2 1670731397768256 -16.25 -63.5 4.522175362686871 0 
0005 0014 2 1670731397788293 -52.0625 -68.5 6.043884304269426 0 
0005 0012 2 1670731397791847 -58.5625 -64.0 3.663146121470911 0 
0005 0004 2 1670731397807857 -42.3125 -64.0 3.767456815047135 0 
0005 0009 2 1670731397827897 -146.4375 -71.5 1.4726215563702154 0 
0005 0014 3 1670731397869295 29.25 -62.5 0.4479223900626072 0 
0005 0006 3 1670731397873403 74.8125 -69.0 1.1719613219446299 0 
0005 0013 3 1670731397875483 -3.25 -66.0 5.2339424482658075 0 
0005 0010 3 1670731397882938 -19.5 -69.5 2.761165418194154 0 
0005 0011 3 1670731397889950 126.9375 -64.5 1.509437095279471 0 
0005 0012 3 1670731397900672 -19.5 -63.0 3.9269908169872414 0 
0005 0013 4 1670731397956700 32.5 -67.0 1.1658253987930873 0 
0005 0012 4 1670731397965597 -32.5 -64.0 5.019185137961818 0 
0005 0000 4 1670731397968434 -42.3125 -64.5 1.902136176978195 0 
0005 0010 4 1670731397976226 -123.6875 -65.5 4.424000592262189 0 
0005 0009 4 1670731397978622 55.3125 -73.0 0.9265243958829272 0 
0005 0008 4 1670731397987308 -6.5 -64.5 3.5036121195308043 0 
0005 0005 4 1670731397996640 -59.375 -66.5 5.098952138931871 0 
0005 0011 4 1670731398006820 6.5 -64.5 3.4054373491061236 0 
0005 0004 4 1670731398010080 -17.0625 -70.5 4.381049130201391 0 
0005 0007 5 1670731398089347 195.25 -70.5 2.8286605728611223 0 
0005 0015 5 1670731398096209 35.75 -66.5 3.5711072741977725 0 
0005 0005 6 1670731398151771 -29.25 -57.5 3.9269908169872414 0 
0005 0014 6 1670731398155893 81.375 -66.0 2.435961491162398 0 
0005 0011 6 1670731398167815 3.25 -69.0 2.2027964114037806 0 
0005 0000 6 1670731398185785 32.5 -68.0 5.546874528994478 0 
0005 0015 6 1670731398186753 133.4375 -67.5 2.1966604882522383 0 
0005 0015 7 1670731398221569 -39.0 -63.5 2.6200391857086753 0 
0005 0004 7 1670731398223567 39.0 -57.0 2.730485802436441 0 
0005 0006 7 1670731398225480 -29.25 -56.0 5.1725832167503825 0 
0005 0008 7 1670731398228939 48.8125 -63.5 0.7853981633974483 0 
0005 0011 7 1670731398232963 0.0 -65.0 3.54042765844006 0 
0005 0012 7 1670731398238588 -42.3125 -63.0 3.429981041712294 0 
0005 0014 7 1670731398247611 -58.5625 -63.5 4.7860200582032 0 
0005 0005 7 1670731398258412 -128.5625 -65.0 2.356194490192345 0 
0005 0006 8 1670731398321229 58.5625 -62.5 1.7978254834019713 0 
0005 0010 8 1670731398346121 29.25 -64.0 1.662835174068035 0 
0005 0004 8 1670731398348748 -6.5 -59.5 0.35588354278946877 0 
0005 0014 8 1670731398350181 -48.8125 -65.0 4.8351074434155406 0 
0005 0008 1 1670731398579184 -3.25 -62.0 1.6198837120072371 0 
0005 0015 1 1670731398580154 97.625 -69.0 3.043417883165112 0 
0005 0012 1 1670731398596505 -19.5 -60.5 1.9144080232812801 0 
0005 0013 1 1670731398619697 -81.375 -63.5 4.724660826687775 0 
0005 0012 2 1670731398668090 29.25 -62.0 4.325825821837508 0 
0005 0011 2 1670731398672332 -136.6875 -64.0 0.4049709280018093 0 
0005 0010 2 1670731398683505 3.25 -61.0 4.76147636559703 0 
0005 0013 2 1670731398686101 -45.5625 -61.5 0.34974761963792617 0 
0005 0014 2 1670731398687033 6.5 -65.5 1.1290098598838318 0 
0005 0004 2 1670731398720425 6.5 -67.5 4.2031073588066565 0 
0005 0012 3 1670731398792338 -74.8125 -63.5 3.6876898140770815 0 
0005 0014 3 1670731398801401 61.8125 -65.0 0.4111068511533518 0 
0005 0011 3 1670731398810021 74.8125 -63.0 1.607611865704152 0 
0005 0010 3 1670731398815408 123.6875 -69.5 2.325514874434632 0 
0005 0006 3 1670731398846275 -13.0 -68.0 1.0615147052168636 0 
0005 0013 3 1670731398856367 -188.75 -71.0 5.031456984264903 0 
0005 0000 4 1670731398908906 65.0625 -62.5 1.7978254834019713 0 
0005 0008 4 1670731398911112 -13.0 -60.5 3.9576704327449543 0 
0005 0010 4 1670731398914741 -35.75 -65.5 4.3933209765044765 0 
0005 0011 4 1670731398920027 -29.25 -59.5 3.1906800388021335 0 
0005 0013 4 1670731398939752 87.875 -69.0 1.9082721001297376 0 
0005 0012 4 1670731398940930 -139.9375 -67.0 5.565282298449106 0 
0005 0009 4 1670731398953691 -19.5 -74.0 6.068427996875596 0 
0005 0004 4 1670731398955698 -100.875 -68.5 4.23378697456437 0 
0005 0005 4 1670731398958967 -45.5625 -65.0 5.0682725231741586 0 
0005 0015 4 1670731398979720 26.0 -72.5 2.3623304133438876 0 
0005 0005 5 1670731399050044 61.8125 -65.5 0.3436116964863836 0 
0005 0011 6 1670731399086250 6.5 -65.0 3.227495577711389 0 
0005 0005 6 1670731399101132 -22.75 -58.0 3.865631585471816 0 
0005 0015 6 1670731399109600 -78.0625 -67.0 2.0371264863121317 0 
0005 0009 6 1670731399117174 -81.375 -74.5 6.277049384028044 0 
0005 0014 6 1670731399120771 26.0 -64.5 2.3746022596469727 0 
0005 0011 7 1670731399164416 81.375 -66.0 3.3011266555298997 0 
0005 0014 7 1670731399167087 0.0 -63.0 4.933282213840222 0 
0005 0005 7 1670731399177641 -9.75 -65.0 1.8837284075235674 0 
0005 0006 7 1670731399180540 9.75 -58.0 5.135767677841127 0 
0005 0012 7 1670731399188766 19.5 -63.0 2.6139032625571326 0 
0005 0004 7 1670731399190872 -6.5 -61.0 2.9022916506796332 0 
0005 0015 7 1670731399197364 84.625 -62.0 2.2764274892222915 0 
0005 0008 8 1670731399241812 -3.25 -67.5 5.166447293598839 0 
0005 0004 8 1670731399244007 3.25 -59.5 0.1902136176978195 0 
0005 0014 8 1670731399257691 52.0625 -65.0 4.828971520263998 0 
0005 0006 8 1670731399264961 65.0625 -65.0 1.4726215563702154 0 
0005 0012 8 1670731399284459 -94.375 -69.5 4.657165672020807 0 
0005 0010 8 1670731399285423 -3.25 -64.5 1.6505633277649499 0 
0005 0008 1 1670731399516836 29.25 -59.0 2.497320722677824 0 
0005 0012 1 1670731399519042 3.25 -56.5 2.36846633649543 0 
0005 0011 1 1670731399521975 -81.375 -67.0 6.111379458936394 0 
0005 0015 1 1670731399527520 0.0 -63.0 4.006757817957295 0 
0005 0010 1 1670731399544869 113.875 -69.0 1.325359400733194 0 
0005 0014 1 1670731399554123 -117.125 -71.0 3.147728576741336 0 
0005 0013 1 1670731399555028 9.75 -57.0 5.841398840268521 0 
0005 0013 2 1670731399626800 -26.0 -58.5 0.2086213871524472 0 
0005 0014 2 1670731399635284 -45.5625 -63.5 1.0492428589137786 0 
0005 0010 2 1670731399636251 -58.5625 -60.5 4.485359823777615 0 
0005 0011 2 1670731399637226 -13.0 -58.0 0.006135923151542565 0 
0005 0007 2 1670731399641322 266.875 -68.0 0.521553467881118 0 
0005 0005 2 1670731399654443 -16.25 -68.5 6.178874613603362 0 
0005 0012 2 1670731399672593 -9.75 -65.0 4.289010282928253 0 
0005 0004 2 1670731399681648 -69.125 -69.5 0.5890486225480862 0 
0005 0008 3 1670731399752517 65.0625 -69.0 2.270291566070749 0 
0005 0000 3 1670731399773842 19.5 -70.0 1.3989904785517047 0 
0005 0006 3 1670731399777004 182.25 -68.5 1.7241944055834606 0 
0005 0012 3 1670731399779945 -71.5625 -62.5 5.221670601962723 0 
0005 0004 3 1670731399788177 -21.125 -68.0 3.429981041712294 0 
0005 0014 3 1670731399801386 -39.0 -64.5 1.380582709097077 0 
0005 0011 3 1670731399813565 78.0625 -67.0 1.8775924843720249 0 
0005 0005 3 1670731399820935 -145.625 -68.5 4.09266074207889 0 
0005 0010 4 1670731399877740 -42.3125 -68.5 4.178563666200486 0 
0005 0008 4 1670731399893646 48.8125 -66.5 2.5709518004963345 0 
0005 0009 4 1670731399898880 -205.0625 -73.0 5.945709533844745 0 
0005 0011 4 1670731399903145 26.0 -64.5 2.1046216409791 0 
0005 0000 4 1670731399906715 16.25 -66.0 1.3314953238847365 0 
0005 0013 4 1670731399912723 -74.8125 -67.5 0.7424467013366504 0 
0005 0012 4 1670731399914579 -13.0 -62.5 4.7307967498393175 0 
0005 0005 5 1670731399968696 22.75 -62.5 0.5583690067903734 0 
0005 0007 5 1670731400001637 -227.8125 -68.0 3.0495538063166547 0 
0005 0015 5 1670731400003878 -149.6875 -69.5 4.227651051412827 0 
0005 0015 6 1670731400061441 9.75 -63.5 2.000310947402876 0 
0005 0013 6 1670731400063721 3.25 -71.5 4.246058820867455 0 
0005 0011 6 1670731400067554 -188.75 -70.5 2.564815877344792 0 
0005 0014 6 1670731400070639 -52.0625 -64.0 2.386874105950058 0 
0005 0005 6 1670731400086821 -16.25 -59.5 4.111068511533518 0 
0005 0012 7 1670731400131316 0.0 -59.5 3.368621810196868 0 
0005 0006 7 1670731400140860 -16.25 -54.5 5.135767677841127 0 
0005 0004 7 1670731400143026 -7.3125 -60.5 3.0066023442558567 0 
0005 0011 7 1670731400149640 6.5 -66.5 4.0128937411088375 0 
0005 0015 7 1670731400152106 16.25 -61.5 2.2886993355253766 0 
0005 0014 7 1670731400164132 -13.0 -62.5 5.105088062083414 0 
0005 0008 7 1670731400165580 -162.75 -65.5 1.576932249946439 0 
0005 0000 7 1670731400176012 68.3125 -69.0 3.429981041712294 0 
0005 0002 7 1670731400178538 -325.5 -72.5 5.399612373357457 0 
0005 0014 8 1670731400242405 -19.5 -63.5 5.037592907416445 0 
0005 0004 8 1670731400244318 13.8125 -62.0 6.086835766330224 0 
0005 0006 8 1670731400246230 -16.25 -63.5 1.8407769454627694 0 
0005 0010 8 1670731400251998 -48.8125 -65.0 1.6014759425526093 0 
0005 0008 1 1670731400493469 -48.8125 -60.0 1.8100973297050567 0 
0005 0013 1 1670731400497806 -3.25 -58.5 5.037592907416445 0 
0005 0011 1 1670731400508451 48.8125 -59.5 5.00077736850719 0 
0005 0015 1 1670731400515903 -162.75 -70.5 2.988194574801229 0 
0005 0012 1 1670731400520109 13.0 -61.0 1.4971652489763858 0 
0005 0013 2 1670731400595122 -22.75 -63.0 5.559146375297564 0 
0005 0011 2 1670731400596115 -6.5 -65.5 0.12885438618239387 0 
0005 0014 2 1670731400616522 3.25 -64.5 0.2945243112740431 0 
0005 0010 2 1670731400617434 -42.3125 -69.0 5.6143696836614465 0 
0005 0011 3 1670731400666026 -52.0625 -68.0 2.2641556429192065 0 
0005 0014 3 1670731400695877 126.9375 -68.5 0.23316507975861744 0 
0005 0011 4 1670731400757549 74.8125 -65.5 3.4177091954092087 0 
0005 0009 4 1670731400765673 32.5 -74.0 5.473243451175968 0 
0005 0005 4 1670731400775650 -22.75 -63.5 5.688000761479957 0 
0005 0012 4 1670731400795161 -65.0625 -66.5 5.031456984264903 0 
0005 0008 4 1670731400796092 13.0 -66.5 3.6570101983193686 0 
0005 0010 4 1670731400807387 -9.75 -69.5 4.957825906446392 0 
0005 0004 4 1670731400816264 13.0 -69.5 3.2643111166206444 0 
0005 0000 4 1670731400817749 35.75 -64.0 1.533980787885641 0 
0005 0014 5 1670731400870431 -45.5625 -68.5 2.227340104009951 0 
0005 0015 5 1670731400884272 -91.125 -73.5 3.2704470397721868 0 
0005 0005 5 1670731400899567 58.5625 -66.0 0.8651651643675016 0 
0005 0005 6 1670731400962035 -38.1875 -59.5 3.9576704327449543 0 
0005 0014 6 1670731400965406 133.4375 -64.5 2.141437179888355 0 
0005 0015 6 1670731400980504 58.5625 -66.0 1.859184714917397 0 
0005 0000 6 1670731400989571 3.25 -64.5 4.957825906446392 0 
0005 0006 7 1670731401030509 3.25 -58.0 5.227806525114265 0 
0005 0012 7 1670731401032962 -9.75 -57.5 2.9513790358919736 0 
0005 0004 7 1670731401034645 -6.5 -58.5 2.7857091108003242 0 
0005 0015 7 1670731401035628 -68.3125 -64.0 2.5954954931025047 0 
0005 0014 7 1670731401044133 29.25 -61.0 4.853515212870168 0 
0005 0005 7 1670731401050450 117.125 -63.5 2.478912953223196 0 
0005 0010 7 1670731401053653 -26.0 -68.0 0.9694758579437253 0 
0005 0013 7 1670731401056713 -139.9375 -71.0 5.890486225480862 0 
0005 0008 7 1670731401057916 -55.3125 -67.5 0.7853981633974483 0 
0005 0004 8 1670731401096018 -35.75 -61.5 5.8475347634200645 0 
0005 0015 8 1670731401098045 166.0 -68.0 5.240078371417351 0 
0005 0010 8 1670731401107997 68.3125 -65.5 1.4910293258248433 0 
0005 0013 8 1670731401113905 -100.875 -72.0 3.2704470397721868 0 
0005 0006 8 1670731401115544 48.8125 -64.5 1.5953400194010667 0 
0005 0014 8 1670731401137690 -48.8125 -67.5 4.921010367537137 0 
0005 0013 1 1670731401367629 29.25 -63.0 5.135767677841127 0 
0005 0012 1 1670731401378255 3.25 -62.0 2.3193789512830896 0 
0005 0015 1 1670731401392958 -126.9375 -72.0 2.8409324191642074 0 
0005 0008 1 1670731401397577 -6.5 -63.5 0.9572040116406401 0 
0005 0004 1 1670731401400214 -117.125 -71.0 5.8045833013592665 0 
0005 0010 2 1670731401436511 -52.0625 -66.5 5.00077736850719 0 
0005 0011 2 1670731401441457 3.25 -66.5 5.013049214810275 0 
0005 0014 2 1670731401442407 -26.0 -67.5 1.1106020904292042 0 
0005 0012 2 1670731401450423 16.25 -63.0 4.896466674930966 0 
0005 0013 2 1670731401477451 6.5 -66.5 5.7616318392984684 0 
0005 0004 2 1670731401480074 -34.9375 -66.5 4.718524903536232 0 
0005 0014 3 1670731401542375 -16.25 -62.0 0.8774370106705868 0 
0005 0005 3 1670731401559441 -32.5 -67.5 5.117359908386499 0 
0005 0011 3 1670731401584547 -32.5 -65.5 2.6139032625571326 0 
0005 0013 3 1670731401596238 -156.1875 -68.0 6.2034183062095325 0 
0005 0007 3 1670731401597842 -172.5 -68.0 5.325981295538946 0 
0005 0000 4 1670731401637975 -3.25 -69.5 2.3439226438892597 0 
0005 0008 4 1670731401657875 -35.75 -69.0 3.5036121195308043 0 
0005 0013 4 1670731401666910 42.3125 -66.5 1.8775924843720249 0 
0005 0011 4 1670731401686502 6.5 -61.0 3.9515345095934116 0 
0005 0013 5 1670731401743105 -97.625 -68.5 4.657165672020807 0 
0005 0010 5 1670731401746880 -29.25 -68.5 0.1349903093339364 0 
0005 0008 5 1670731401750906 74.8125 -65.5 0.2761165418194154 0 
0005 0000 5 1670731401754679 65.0625 -67.0 0.3865631585471816 0 
0005 0015 5 1670731401762251 211.5625 -67.5 2.9759227284981438 0 
0005 0005 5 1670731401783113 71.5625 -70.5 0.4172427743048944 0 
0005 0005 6 1670731401831238 -9.75 -59.5 3.6999616603801666 0 
0005 0011 6 1670731401835325 -29.25 -61.5 3.6079228131070282 0 
0005 0000 6 1670731401851838 -19.5 -62.5 4.97623367590102 0 
0005 0015 6 1670731401853754 -68.3125 -69.0 2.5832236467994196 0 
0005 0014 6 1670731401866997 9.75 -67.5 2.024854640009046 0 
0005 0007 6 1670731401873318 -84.625 -67.5 4.037437433715008 0 
0005 0006 7 1670731401918717 3.25 -56.5 5.375068680751287 0 
0005 0015 7 1670731401922235 -32.5 -64.5 2.2641556429192065 0 
0005 0012 7 1670731401925872 22.75 -62.0 2.9084275738311756 0 
0005 0014 7 1670731401935013 13.0 -61.5 4.681709364626977 0 
0005 0011 7 1670731401940097 19.5 -63.0 3.074097498922825 0 
0005 0004 7 1670731401942021 -7.3125 -61.5 3.215223731408304 0 
0005 0005 7 1670731401950496 81.375 -65.0 2.141437179888355 0 
0005 0002 7 1670731401975961 48.8125 -71.5 5.203262832508095 0 
0005 0004 8 1670731402006477 6.5 -63.0 0.14112623248547898 0 
0005 0006 8 1670731402020217 52.0625 -65.5 1.6260196351587797 0 
0005 0013 8 1670731402027207 -48.8125 -65.5 3.0127382674073995 0 
0005 0014 8 1670731402033389 -22.75 -61.5 5.123495831538041 0 
0005 0012 1 1670731402278829 6.5 -60.5 3.172272269347506 0 
0005 0015 1 1670731402291843 175.75 -69.5 1.8039614065535141 0 
0005 0013 1 1670731402305022 -6.5 -67.5 4.565126824747668 0 
0005 0011 2 1670731402348253 -192.0 -68.5 5.700272607783043 0 
0005 0012 2 1670731402350281 139.9375 -68.0 4.362641360746763 0 
0005 0010 2 1670731402353454 6.5 -64.5 4.9394181369917645 0 
0005 0005 2 1670731402364162 -97.625 -69.0 0.6933593161243098 0 
0005 0013 2 1670731402373617 136.6875 -68.5 5.896622148632405 0 
0005 0014 2 1670731402378855 -61.8125 -67.0 0.9142525495798421 0 
0005 0013 3 1670731402426790 -172.5 -67.5 5.45483568172134 0 
0005 0014 3 1670731402448000 -9.75 -66.5 0.2945243112740431 0 
0005 0012 3 1670731402452115 -6.5 -66.5 4.344233591292136 0 
0005 0004 4 1670731402536217 -81.375 -71.0 3.8840393549264434 0 
0005 0012 4 1670731402540369 6.5 -63.0 4.933282213840222 0 
0005 0010 4 1670731402546800 -6.5 -65.0 3.7122335066832517 0 
0005 0011 4 1670731402549949 32.5 -68.5 1.6321555583103222 0 
0005 0000 4 1670731402565624 55.3125 -69.5 0.521553467881118 0 
0005 0013 4 1670731402573159 159.5 -68.0 0.32520392703175593 0 
0005 0009 4 1670731402588755 -13.0 -73.0 4.614214209960009 0 
