0006 0013 2 1670731397813969 -52.0625 -69.0 4.718524903536232 8 
0006 0013 5 1670731398066302 -169.25 -69.0 0.4540583132141498 8 
0006 0014 5 1670731398070860 -6.5 -59.5 5.209398755659637 8 
0006 0004 5 1670731398077412 -32.5 -64.0 0.30066023442558565 8 
0006 0006 5 1670731398113460 -29.25 -72.0 1.1535535524900022 8 
0006 0015 6 1670731398135999 -156.1875 -70.0 3.6447383520162835 8 
0006 0004 6 1670731398141474 143.1875 -68.5 1.6382914814618648 8 
0006 0010 6 1670731398157124 22.75 -68.5 2.1598449493429825 8 
0006 0014 6 1670731398174358 35.75 -63.5 0.25770877236478773 8 
0006 0013 7 1670731398227944 13.0 -70.0 4.589670517353839 8 
0006 0014 7 1670731398230841 -71.5625 -66.0 4.331961744989051 8 
0006 0005 7 1670731398273683 113.875 -70.0 1.3437671701878218 8 
0006 0010 7 1670731398276477 52.0625 -69.5 4.381049130201391 8 
0006 0011 7 1670731398288622 45.5625 -71.5 1.1780972450961724 8 
0006 0008 8 1670731398333922 -52.0625 -71.0 2.890019804376548 8 
0006 0002 1 1670731398615342 -3.25 -70.0 1.0676506283684062 8 
0006 0008 1 1670731398628734 -208.3125 -72.0 0.42337869745643697 8 
0006 0008 2 1670731398699154 -722.625 -72.5 3.4177091954092087 8 
0006 0012 4 1670731398928149 -16.25 -70.0 4.147884050442774 8 
0006 0004 4 1670731398930413 13.0 -69.5 3.215223731408304 8 
0006 0014 4 1670731398937355 3.25 -61.5 1.1167380135807468 8 
0006 0004 5 1670731399020593 -107.375 -67.5 2.675262494072558 8 
0006 0002 5 1670731399022290 6.5 -71.5 4.491495746929157 8 
0006 0014 5 1670731399026998 0.0 -62.5 3.834951969714103 8 
0006 0007 5 1670731399045100 71.5625 -69.5 3.454524734318464 8 
0006 0010 6 1670731399083338 61.8125 -72.5 2.1353012567368124 8 
0006 0012 6 1670731399110818 -22.75 -68.5 4.638757902566179 8 
0006 0004 6 1670731399122667 3.25 -64.5 3.1231848841351653 8 
0006 0007 6 1670731399127427 120.4375 -74.0 5.473243451175968 8 
0006 0014 7 1670731399161944 13.0 -59.0 0.9326603190344698 8 
0006 0004 7 1670731399165419 -3.25 -70.5 3.9085830475326135 8 
0006 0012 7 1670731399174955 0.0 -62.0 2.767301341345697 8 
0006 0008 7 1670731399178577 298.625 -72.0 1.9144080232812801 8 
0006 0002 7 1670731399182781 -149.6875 -68.5 2.4850488763747385 8 
0006 0013 7 1670731399189952 -3.25 -69.5 1.3437671701878218 8 
0006 0015 7 1670731399200324 41.5 -65.0 3.718369429834794 8 
0006 0002 8 1670731399246912 -29.25 -69.5 1.2026409377023426 8 
0006 0004 8 1670731399267961 -52.0625 -70.0 2.024854640009046 8 
0006 0008 1 1670731399522935 -93.5625 -71.5 1.3069516312785663 8 
0006 0013 3 1670731399751512 52.0625 -68.5 3.0127382674073995 8 
0006 0011 3 1670731399783246 -234.3125 -68.5 5.675728915176872 8 
0006 0014 4 1670731399890593 42.3125 -64.5 0.803805932852076 8 
0006 0015 4 1670731399907901 3.25 -68.0 5.264622064023521 8 
0006 0014 5 1670731399969717 -22.75 -65.5 0.7853981633974483 8 
0006 0015 5 1670731399991121 -55.3125 -67.0 3.7429131224409646 8 
0006 0015 6 1670731400060534 69.125 -67.0 0.3374757733348411 8 
0006 0014 6 1670731400072859 -32.5 -65.5 6.12365130523948 8 
0006 0010 7 1670731400128115 139.9375 -67.5 1.1044661672776617 8 
0006 0007 7 1670731400136340 -182.25 -69.5 0.9572040116406401 8 
0006 0003 7 1670731400139418 -166.8125 -70.5 4.632621979414636 8 
0006 0011 8 1670731400238187 -55.3125 -69.5 5.810719224510809 8 
0006 0000 1 1670731400503147 84.625 -70.5 2.5464081078901644 8 
0006 0009 2 1670731400589888 55.3125 -69.0 4.7307967498393175 8 
0006 0011 2 1670731400601945 128.5625 -70.0 0.5154175447295755 8 
0006 0014 2 1670731400615562 -126.9375 -68.0 4.196971435655114 8 
0006 0012 3 1670731400718598 -201.8125 -67.0 4.700117134081604 8 
0006 0012 4 1670731400758969 -52.0625 -67.0 3.4606606574700063 8 
0006 0007 4 1670731400768125 45.5625 -69.5 5.835262917116979 8 
0006 0015 4 1670731400772317 97.625 -72.0 0.6320000846088841 8 
0006 0005 4 1670731400777576 -87.875 -73.0 0.8897088569736719 8 
0006 0000 4 1670731400780960 -9.75 -71.5 3.5895150436524004 8 
0006 0014 4 1670731400823589 -16.25 -65.5 0.9572040116406401 8 
0006 0009 4 1670731400825444 0.0 -70.5 4.9394181369917645 8 
0006 0003 4 1670731400826780 45.5625 -70.5 1.1044661672776617 8 
0006 0014 5 1670731400860907 -32.5 -62.0 0.6933593161243098 8 
0006 0012 5 1670731400866106 26.0 -62.0 4.908738521234052 8 
0006 0007 5 1670731400909517 -62.625 -67.5 1.9082721001297376 8 
0006 0002 7 1670731401028244 35.75 -67.5 0.06135923151542565 8 
0006 0014 7 1670731401042189 -3.25 -66.0 2.466641106920111 8 
0006 0010 8 1670731401103288 35.75 -72.0 2.2764274892222915 8 
0006 0011 8 1670731401110230 22.75 -63.0 2.7979809571034093 8 
0006 0008 8 1670731401139227 0.0 -69.5 3.6140587362585705 8 
0006 0011 1 1670731401366164 0.0 -66.0 3.2459033471660166 8 
0006 0010 1 1670731401391976 32.5 -67.5 3.1354567304382504 8 
0006 0009 1 1670731401394887 29.25 -72.0 4.01902966426038 8 
0006 0014 2 1670731401452525 -136.6875 -65.0 1.1290098598838318 8 
0006 0011 2 1670731401453724 -39.0 -59.0 2.055534255766759 8 
0006 0010 2 1670731401476529 -45.5625 -66.5 1.5462526341887264 8 
0006 0009 2 1670731401490702 3.25 -69.5 1.8714565612204823 8 
0006 0013 2 1670731401498209 257.125 -71.0 5.381204603902829 8 
0006 0004 5 1670731401752781 3.25 -71.5 5.589825991055276 8 
0006 0015 6 1670731401874519 27.625 -69.0 0.9878836273983529 8 
0006 0010 7 1670731401916961 -22.75 -62.5 0.12885438618239387 8 
0006 0014 7 1670731401930239 -6.5 -60.0 5.6573211457222445 8 
0006 0004 7 1670731401934066 52.0625 -64.5 0.8160777791551611 8 
0006 0011 7 1670731401936239 -13.8125 -68.0 0.8222137023067037 8 
0006 0003 7 1670731401945274 38.1875 -62.0 0.18407769454627693 8 
0006 0015 7 1670731401959057 -180.625 -70.0 5.577554144752192 8 
0006 0010 8 1670731402012451 3.25 -70.5 0.6565437772150544 8 
0006 0011 8 1670731402019026 -30.875 -60.0 3.399301425954581 8 
0006 0008 8 1670731402034293 -13.8125 -64.0 3.442252888015379 8 
0006 0014 8 1670731402037358 -149.6875 -68.5 2.356194490192345 8 
0006 0015 8 1670731402040579 -59.375 -69.0 4.914874444385594 8 
0006 0009 8 1670731402044936 32.5 -75.0 1.2640001692177683 8 
0006 0008 1 1670731402274305 192.0 -70.0 0.9756117810952678 8 
0006 0007 1 1670731402283166 65.0625 -73.0 1.3867186322486196 8 
0006 0009 1 1670731402301803 -45.5625 -74.0 4.767612288748572 8 
0006 0000 1 1670731402302992 65.0625 -71.0 3.6570101983193686 8 
0006 0010 1 1670731402308593 -172.5 -71.0 4.362641360746763 8 
0006 0012 2 1670731402355498 19.5 -66.5 2.859340188618835 8 
0006 0015 2 1670731402362746 93.5625 -64.0 2.5280003384355365 8 
0006 0004 2 1670731402365506 87.875 -67.0 1.086058397823034 8 
0006 0009 2 1670731402380033 -97.625 -67.5 3.9208548938356986 8 
