0006 0005 3 1670724098037335 26.0 -66.5 4.945554060143307 16 
0006 0005 4 1670724098126444 -71.5625 -70.0 0.2761165418194154 16 
0006 0002 6 1670724098329581 -13.0 -71.5 5.368932757599744 16 
0006 0005 3 1670724098902853 58.5625 -67.0 5.197126909356553 16 
0006 0005 4 1670724099030336 123.6875 -68.5 0.5767767762450011 16 
0006 0002 6 1670724099209333 -78.0625 -71.0 5.71868037723767 16 
0006 0005 3 1670724099806012 -270.125 -69.5 5.387340527054372 16 
0006 0015 3 1670724099807679 -194.4375 -69.5 4.620350133111551 16 
0006 0014 4 1670724099875589 -45.5625 -70.0 3.411573272257666 16 
0006 0005 4 1670724099897705 -35.75 -71.0 0.9142525495798421 16 
0006 0015 4 1670724099920309 -73.1875 -67.5 3.0495538063166547 16 
0006 0007 6 1670724100054899 9.75 -70.5 2.2027964114037806 16 
0006 0002 6 1670724100058329 -84.625 -73.0 5.626641529964532 16 
0006 0015 3 1670724100677305 -65.875 -70.5 4.724660826687775 16 
0006 0015 4 1670724100760176 65.875 -70.5 2.705942109830271 16 
0006 0005 4 1670724100763375 -35.75 -67.5 0.4970097752749477 16 
0006 0002 6 1670724100887111 -19.5 -71.5 5.442563835418255 16 
0006 0015 4 1670724101630852 0.0 -71.0 2.8102528034064944 16 
0006 0005 4 1670724101649471 48.8125 -68.0 0.35588354278946877 16 
0006 0005 5 1670724101725761 146.4375 -70.0 3.2336315008629315 16 
0006 0002 6 1670724101766804 -13.0 -71.0 5.448699758569798 16 
0006 0015 3 1670724102403452 55.3125 -69.5 4.344233591292136 16 
0006 0005 4 1670724102490579 35.75 -67.5 0.37429131224409645 16 
0006 0015 4 1670724102505313 194.4375 -69.5 2.4850488763747385 16 
0006 0005 5 1670724102552751 -26.0 -70.0 3.1354567304382504 16 
0006 0002 6 1670724102645626 -55.3125 -70.5 5.45483568172134 16 
