0002 0005 3 1670724369364979 59.375 -62.5 0.6872233929727672 19 
0002 0008 4 1670724369457000 -146.4375 -72.5 6.258641614573416 19 
0002 0011 4 1670724369464926 0.0 -72.5 0.8160777791551611 19 
0002 0001 4 1670724369477697 -73.1875 -69.5 0.9019807032767571 19 
0002 0005 5 1670724369539397 45.5625 -66.0 5.853670686571607 19 
0002 0001 5 1670724369570422 17.0625 -68.0 1.9634954084936207 19 
0002 0008 5 1670724369579585 -91.125 -69.0 5.706408530934585 19 
0002 0010 6 1670724369661925 29.25 -65.0 6.135923151542564 19 
0002 0011 6 1670724369675782 -48.8125 -70.5 6.043884304269426 19 
0002 0001 6 1670724369690179 34.9375 -61.0 2.448233337465483 19 
0002 0009 6 1670724369691115 -26.0 -74.0 6.074563920027139 19 
0002 0010 7 1670724369740688 -266.875 -69.5 5.706408530934585 19 
0002 0005 8 1670724369825150 -73.1875 -73.0 5.626641529964532 19 
0002 0005 3 1670724370302799 123.6875 -68.0 0.7976700097005334 19 
0002 0015 3 1670724370338720 -205.0625 -68.5 4.424000592262189 19 
0002 0001 4 1670724370389309 13.8125 -70.0 0.5767767762450011 19 
0002 0009 4 1670724370436075 97.625 -75.0 3.313398501832985 19 
0002 0011 4 1670724370444402 -110.625 -74.0 1.086058397823034 19 
0002 0008 4 1670724370446347 -166.0 -74.0 5.712544454086128 19 
0002 0007 4 1670724370449932 -231.0625 -74.0 3.0066023442558567 19 
0002 0002 5 1670724370508324 84.625 -68.0 4.614214209960009 19 
0002 0005 5 1670724370511777 187.125 -65.5 5.3627968344482015 19 
0002 0001 5 1670724370521695 125.3125 -69.0 2.337786720737717 19 
0002 0008 5 1670724370534938 -61.8125 -70.0 5.8659425328746915 19 
0002 0010 6 1670724370602362 -111.4375 -70.5 5.884350302329319 19 
0002 0001 6 1670724370603307 -48.8125 -63.0 2.564815877344792 19 
0002 0011 6 1670724370604738 133.4375 -74.5 5.8045833013592665 19 
0002 0005 6 1670724370627278 7.3125 -71.5 3.736777199289422 19 
0002 0005 1 1670724371060821 59.375 -70.5 2.399145952253143 19 
0002 0004 2 1670724371130664 -146.4375 -67.5 4.387185053352934 19 
0002 0001 4 1670724371325696 -114.6875 -74.0 0.9265243958829272 19 
0002 0011 4 1670724371330325 71.5625 -71.0 2.061670178918302 19 
0002 0004 4 1670724371347279 -52.0625 -69.0 3.3624858870453256 19 
0002 0010 4 1670724371348228 179.0 -68.5 0.5890486225480862 19 
0002 0011 5 1670724371397832 -65.0625 -71.5 5.663457068873787 19 
0002 0005 5 1670724371401893 -27.625 -64.0 0.5399612373357456 19 
0002 0004 5 1670724371414011 71.5625 -64.5 5.681864838328415 19 
0002 0002 5 1670724371416391 -81.375 -69.5 5.773903685601553 19 
0002 0001 5 1670724371417834 100.875 -70.5 3.215223731408304 19 
0002 0010 5 1670724371421080 -91.125 -69.5 4.509903516383785 19 
0002 0010 6 1670724371479516 26.0 -62.0 0.9940195505498954 19 
0002 0004 6 1670724371488224 0.0 -70.0 3.393165502803038 19 
0002 0005 6 1670724371489159 -7.3125 -70.5 4.847379289718626 19 
0002 0011 6 1670724371494242 78.0625 -69.0 0.6810874698212247 19 
0002 0001 6 1670724371509962 -24.375 -63.0 3.466796580621549 19 
0002 0009 6 1670724371520425 48.8125 -72.0 0.9633399347921826 19 
0002 0004 8 1670724371637177 9.75 -69.5 6.12365130523948 19 
0002 0004 1 1670724371900951 26.0 -72.0 4.558990901596125 19 
0002 0004 2 1670724372027924 -29.25 -65.5 4.908738521234052 19 
0002 0010 4 1670724372228072 6.5 -66.5 6.117515382087937 19 
0002 0001 4 1670724372231906 48.8125 -69.0 6.043884304269426 19 
0002 0004 4 1670724372253970 -133.4375 -72.0 3.08636934522591 19 
0002 0011 4 1670724372260118 117.125 -68.5 2.2580197197676637 19 
0002 0007 4 1670724372271485 110.625 -75.0 2.1905245651006955 19 
0002 0001 5 1670724372301379 45.5625 -68.0 2.6139032625571326 19 
0002 0008 5 1670724372316157 71.5625 -71.5 5.9088939949354895 19 
0002 0005 5 1670724372318884 111.4375 -61.0 0.11044661672776616 19 
0002 0004 5 1670724372332606 -71.5625 -69.0 6.007068765360171 19 
0002 0002 5 1670724372346835 -94.375 -69.5 5.43029198911517 19 
0002 0001 6 1670724372400986 -34.9375 -62.0 3.3747577333484107 19 
0002 0009 6 1670724372406756 68.3125 -73.5 0.28225246497095796 19 
0002 0010 6 1670724372425556 9.75 -62.5 0.3988350048502667 19 
0002 0011 6 1670724372438244 -45.5625 -71.0 6.240233845118788 19 
0002 0004 8 1670724372549077 -29.25 -68.5 0.03681553890925539 19 
0002 0001 1 1670724372869987 -59.375 -73.5 3.215223731408304 19 
0002 0004 2 1670724372898224 55.3125 -66.5 4.773748211900116 19 
0002 0001 4 1670724373123427 -55.3125 -69.5 0.1043106935762236 19 
0002 0010 4 1670724373154271 78.0625 -66.5 0.11044661672776616 19 
0002 0011 4 1670724373164416 -149.6875 -69.0 2.6384469551633027 19 
0002 0004 4 1670724373172536 3.25 -70.0 2.804116880254952 19 
0002 0004 5 1670724373224535 22.75 -68.5 6.111379458936394 19 
0002 0005 5 1670724373227452 -26.0 -62.0 0.30679615757712825 19 
0002 0001 5 1670724373238642 13.0 -68.5 2.6813984172241008 19 
0002 0002 5 1670724373243161 201.8125 -70.5 5.135767677841127 19 
0002 0008 5 1670724373264760 198.5625 -70.5 5.786175531904639 19 
0002 0011 5 1670724373271960 -260.375 -71.0 5.049864753719531 19 
0002 0010 6 1670724373299281 35.75 -62.5 0.6565437772150544 19 
0002 0009 6 1670724373318851 22.75 -73.5 0.5460971604872883 19 
0002 0011 6 1670724373321168 -22.75 -69.5 0.11658253987930872 19 
0002 0001 6 1670724373331652 6.5 -62.5 3.356349963893783 19 
0002 0004 8 1670724373457692 -149.6875 -68.5 0.32520392703175593 19 
0002 0015 1 1670724373729061 87.0625 -70.5 4.6448938257177215 19 
0002 0004 2 1670724373787098 -68.3125 -66.5 4.970097752749477 19 
0002 0004 4 1670724373984261 -6.5 -70.0 2.9145634969827183 19 
0002 0001 4 1670724373994134 -10.5625 -68.5 6.2034183062095325 19 
0002 0011 4 1670724374002586 13.0 -71.0 2.0064468705544187 19 
0002 0007 4 1670724374003494 146.4375 -74.5 2.1353012567368124 19 
0002 0010 4 1670724374012145 -81.375 -66.0 0.2945243112740431 19 
0002 0004 5 1670724374057897 -152.9375 -67.5 6.050020227420969 19 
0002 0008 5 1670724374059856 -61.8125 -73.0 6.086835766330224 19 
0002 0002 5 1670724374073856 -78.0625 -69.0 5.534602682691394 19 
0002 0005 5 1670724374078021 21.125 -61.5 0.2270291566070749 19 
0002 0001 5 1670724374082808 166.8125 -69.0 2.386874105950058 19 
0002 0011 5 1670724374107701 -97.625 -72.5 4.620350133111551 19 
