0007 0011 1 1670724412703712 42.3125 -58.0 0.7363107781851077 21 
0007 0010 1 1670724412710738 21.125 -56.5 0.760854470791278 21 
0007 0007 1 1670724412713796 -22.75 -60.0 3.3747577333484107 21 
0007 0008 1 1670724412715941 -16.25 -57.5 4.828971520263998 21 
0007 0014 1 1670724412719657 0.0 -54.0 0.22089323345553233 21 
0007 0012 1 1670724412722476 -27.625 -61.0 4.957825906446392 21 
0007 0009 1 1670724412743174 -45.5625 -67.0 3.000466421104314 21 
0007 0015 1 1670724412744121 -13.0 -62.0 0.20248546400090464 21 
0007 0005 1 1670724412745593 26.0 -60.0 4.522175362686871 21 
0007 0014 2 1670724412827224 -42.3125 -58.5 0.3865631585471816 21 
0007 0004 2 1670724412830406 -7.3125 -59.0 3.5342917352885173 21 
0007 0008 2 1670724412847148 -6.5 -70.0 3.56497135104623 21 
0007 0015 2 1670724412853469 -3.25 -59.0 0.5951845456996288 21 
0007 0013 2 1670724412901356 29.25 -70.0 5.71868037723767 21 
0007 0007 3 1670724412928089 9.75 -62.5 1.718058482431918 21 
0007 0015 3 1670724412952428 -9.75 -70.0 1.1351457830353744 21 
0007 0001 3 1670724412954580 -104.125 -65.5 5.086680292628786 21 
0007 0005 3 1670724412969374 -52.0625 -61.0 2.5034566458293663 21 
0007 0014 3 1670724412976327 48.8125 -66.0 1.8100973297050567 21 
0007 0003 3 1670724413007134 -94.375 -69.5 0.8344855486097889 21 
0007 0014 4 1670724413062467 6.5 -62.5 2.1353012567368124 21 
0007 0011 4 1670724413063642 9.75 -67.5 2.405281875404685 21 
0007 0007 4 1670724413073682 52.0625 -67.5 1.718058482431918 21 
0007 0015 5 1670724413151365 -55.3125 -72.5 2.5893595699509624 21 
0007 0005 5 1670724413167118 -32.5 -69.5 4.111068511533518 21 
0007 0004 5 1670724413183125 -65.875 -66.0 4.9394181369917645 21 
0007 0014 5 1670724413189075 81.375 -68.5 2.8532042654672924 21 
0007 0004 6 1670724413269385 -17.0625 -61.5 5.50392306693368 21 
0007 0006 6 1670724413281584 195.25 -72.5 1.6198837120072371 21 
0007 0015 6 1670724413282547 -55.3125 -72.5 5.375068680751287 21 
0007 0004 7 1670724413363921 -30.875 -71.5 5.375068680751287 21 
0007 0015 8 1670724413399050 -100.875 -72.5 4.571262747899211 21 
0007 0009 8 1670724413406114 78.0625 -66.0 2.7857091108003242 21 
0007 0014 8 1670724413410543 -9.75 -69.0 5.6573211457222445 21 
0007 0004 8 1670724413418480 65.875 -66.5 0.8897088569736719 21 
0007 0013 8 1670724413422390 -61.8125 -70.5 5.350524988145116 21 
0007 0005 1 1670724413647138 16.25 -61.0 4.196971435655114 21 
0007 0012 1 1670724413649021 41.5 -60.5 4.921010367537137 21 
0007 0000 1 1670724413650920 -146.4375 -73.5 3.3624858870453256 21 
0007 0014 1 1670724413653533 0.0 -54.0 0.28225246497095796 21 
0007 0011 1 1670724413656898 0.0 -57.5 0.4908738521234052 21 
0007 0010 1 1670724413665389 3.25 -56.0 0.4724660826687775 21 
0007 0008 1 1670724413669502 -16.25 -57.0 4.589670517353839 21 
0007 0015 1 1670724413700171 -26.0 -62.0 0.2638446955163303 21 
0007 0007 1 1670724413701359 -13.0 -59.5 3.104777114680538 21 
0007 0009 1 1670724413709084 71.5625 -66.0 2.2150682577068657 21 
0007 0003 1 1670724413718729 61.8125 -74.0 5.626641529964532 21 
0007 0004 2 1670724413760720 24.375 -60.5 3.1906800388021335 21 
0007 0014 2 1670724413770921 -19.5 -58.5 0.5154175447295755 21 
0007 0015 2 1670724413780846 19.5 -59.0 0.6933593161243098 21 
0007 0001 2 1670724413795506 -61.8125 -69.5 4.6878452877785195 21 
0007 0013 2 1670724413799859 -110.625 -69.5 6.160466844148735 21 
0007 0005 3 1670724413851873 19.5 -61.0 2.9943304979527716 21 
0007 0007 3 1670724413870696 3.25 -62.5 2.184388641949153 21 
0007 0014 3 1670724413872329 211.5625 -66.5 1.533980787885641 21 
0007 0001 3 1670724413873541 24.375 -66.5 5.5100589900852235 21 
0007 0015 3 1670724413881300 -6.5 -68.0 1.1658253987930873 21 
0007 0005 4 1670724413947766 -74.8125 -68.5 2.3746022596469727 21 
0007 0007 4 1670724413985551 48.8125 -65.5 2.748893571891069 21 
0007 0011 4 1670724413989964 -78.0625 -67.0 3.2336315008629315 21 
0007 0014 4 1670724413995274 3.25 -62.5 2.12916533358527 21 
0007 0004 5 1670724414045768 -73.1875 -66.0 0.4111068511533518 21 
0007 0015 5 1670724414063421 19.5 -70.5 2.6384469551633027 21 
0007 0014 5 1670724414070636 -87.875 -69.5 3.3502140407422405 21 
0007 0005 5 1670724414078707 61.8125 -70.5 4.957825906446392 21 
0007 0005 6 1670724414136478 -29.25 -67.0 3.5711072741977725 21 
0007 0004 6 1670724414157283 0.0 -63.5 0.7915340865489908 21 
0007 0004 7 1670724414212865 76.4375 -66.0 5.47937937432751 21 
0007 0004 8 1670724414301993 -34.9375 -69.0 4.546719055293041 21 
0007 0014 8 1670724414308530 -61.8125 -68.0 5.620505606812989 21 
0007 0013 8 1670724414313669 -29.25 -70.0 4.884194828627882 21 
0007 0009 8 1670724414316860 -48.8125 -69.5 4.97623367590102 21 
0007 0005 8 1670724414320866 -9.75 -70.0 6.258641614573416 21 
0007 0015 8 1670724414326856 -55.3125 -72.0 3.902447124381071 21 
0007 0008 8 1670724414328980 3.25 -69.0 4.7860200582032 21 
0007 0011 1 1670724414553338 -13.0 -56.5 3.2704470397721868 21 
0007 0007 1 1670724414554556 -16.25 -64.0 0.1595340019401067 21 
0007 0000 1 1670724414565730 -9.75 -67.5 5.712544454086128 21 
0007 0010 1 1670724414567610 -3.25 -54.0 3.5588354278946874 21 
0007 0015 1 1670724414570467 26.0 -63.5 4.460816131171445 21 
0007 0014 1 1670724414573582 19.5 -58.0 0.3374757733348411 21 
0007 0004 1 1670724414577555 139.125 -65.0 0.9940195505498954 21 
0007 0008 1 1670724414580309 0.0 -59.0 0.5092816215780329 21 
0007 0009 1 1670724414581508 39.0 -70.0 0.5522330836388308 21 
0007 0005 1 1670724414597670 -32.5 -61.0 5.074408446325701 21 
0007 0015 2 1670724414680069 -22.75 -64.0 0.5092816215780329 21 
0007 0008 2 1670724414685894 -149.6875 -68.0 5.902758071783947 21 
0007 0004 2 1670724414689263 0.0 -61.5 1.2885438618239387 21 
0007 0014 2 1670724414691387 -6.5 -55.5 1.7978254834019713 21 
0007 0005 3 1670724414758798 -91.125 -59.5 1.7794177139473437 21 
0007 0015 3 1670724414759761 -87.875 -71.0 2.82252464970958 21 
0007 0007 3 1670724414773920 -29.25 -59.0 1.718058482431918 21 
0007 0001 3 1670724414776405 97.625 -64.5 0.48473792897186263 21 
0007 0003 3 1670724414781970 6.5 -68.0 0.8222137023067037 21 
0007 0009 3 1670724414783175 22.75 -64.0 2.5954954931025047 21 
0007 0008 3 1670724414789026 -32.5 -68.5 6.209554229361076 21 
0007 0014 3 1670724414825445 45.5625 -67.0 2.043262409463674 21 
0007 0011 4 1670724414878149 65.0625 -66.0 2.1966604882522383 21 
0007 0004 4 1670724414890854 55.3125 -64.0 2.055534255766759 21 
0007 0001 4 1670724414897238 52.0625 -65.5 5.117359908386499 21 
0007 0005 4 1670724414898458 -156.1875 -71.0 5.4671075280244255 21 
0007 0007 4 1670724414903019 -13.0 -58.0 4.356505437595221 21 
0007 0015 5 1670724414982985 94.375 -69.5 3.442252888015379 21 
0007 0007 5 1670724414988145 -29.25 -61.0 4.239922897715912 21 
0007 0001 6 1670724415049155 10.5625 -70.5 5.1725832167503825 21 
0007 0004 6 1670724415056553 17.0625 -61.0 1.761009944492716 21 
0007 0015 6 1670724415058919 -107.375 -71.0 4.908738521234052 21 
0007 0010 8 1670724415190691 -38.1875 -67.5 4.516039439535327 21 
0007 0009 8 1670724415192891 -65.0625 -66.5 3.5956509668039427 21 
0007 0005 8 1670724415205687 110.625 -69.0 1.9880391010997909 21 
0007 0011 1 1670724415416945 100.875 -65.0 4.374913207049849 21 
0007 0015 1 1670724415417891 6.5 -65.0 3.9515345095934116 21 
0007 0004 1 1670724415435872 -83.0 -68.5 4.503767593232243 21 
0007 0014 1 1670724415471542 52.0625 -64.5 4.074252972624263 21 
0007 0005 1 1670724415482450 120.4375 -67.5 2.000310947402876 21 
0007 0015 2 1670724415512314 -104.125 -67.0 2.5464081078901644 21 
0007 0014 2 1670724415516816 -81.375 -70.5 3.6079228131070282 21 
0007 0004 2 1670724415557389 -9.75 -69.5 3.877903431774901 21 
0007 0004 3 1670724415596329 38.1875 -61.5 3.454524734318464 21 
0007 0015 3 1670724415600270 0.0 -64.5 2.9329712664373457 21 
0007 0011 3 1670724415602423 -26.0 -53.5 1.9819031779482483 21 
0007 0007 3 1670724415613354 19.5 -52.5 2.0800779483729293 21 
0007 0014 3 1670724415617137 -45.5625 -63.5 5.755495916146925 21 
0007 0012 3 1670724415619459 -81.375 -63.5 3.792000507653305 21 
0007 0009 3 1670724415622121 -71.5625 -61.0 5.841398840268521 21 
0007 0005 3 1670724415623113 35.75 -58.0 1.9696313316451632 21 
0007 0010 3 1670724415626264 -17.0625 -60.0 5.160311370447297 21 
0007 0008 3 1670724415643199 -260.375 -70.0 3.141592653589793 21 
0007 0013 4 1670724415712251 -42.3125 -73.5 3.1661363461959633 21 
0007 0012 4 1670724415723675 34.9375 -70.0 2.313243028131547 21 
0007 0000 4 1670724415728364 91.125 -72.5 5.829126993965437 21 
0007 0010 4 1670724415729338 -21.125 -59.0 4.884194828627882 21 
0007 0001 4 1670724415730593 -45.5625 -65.0 0.18407769454627693 21 
0007 0005 4 1670724415734880 -55.3125 -63.0 3.411573272257666 21 
0007 0011 4 1670724415740460 3.25 -59.5 2.313243028131547 21 
0007 0009 4 1670724415742365 -13.0 -62.5 6.092971689481767 21 
0007 0004 4 1670724415746979 -13.8125 -61.5 0.6258641614573416 21 
0007 0007 4 1670724415749359 52.0625 -60.0 0.44178646691106466 21 
0007 0008 4 1670724415751288 192.0 -71.5 2.2089323345553233 21 
0007 0001 5 1670724415785948 -10.5625 -59.5 5.160311370447297 21 
0007 0004 5 1670724415790607 -7.3125 -60.5 3.736777199289422 21 
0007 0005 5 1670724415798216 48.8125 -64.5 4.270602513473625 21 
0007 0009 5 1670724415800929 -9.75 -64.5 6.019340611663256 21 
0007 0006 5 1670724415837436 9.75 -71.0 2.1230294104337273 21 
0007 0009 6 1670724415899715 55.3125 -69.0 1.5462526341887264 21 
0007 0001 6 1670724415905932 13.8125 -63.0 1.4787574795217582 21 
0007 0010 6 1670724415906837 48.8125 -60.5 2.2396119503130363 21 
0007 0004 6 1670724415920880 -65.875 -67.5 3.730641276137879 21 
0007 0011 6 1670724415924514 9.75 -68.5 3.6017868899554855 21 
0007 0002 6 1670724415929019 68.3125 -70.5 5.822991070813893 21 
0007 0007 8 1670724416068657 -94.375 -72.0 2.1475731030398975 21 
0007 0014 1 1670724416294976 -224.5625 -68.0 4.522175362686871 21 
0007 0011 1 1670724416312478 32.5 -65.5 4.6878452877785195 21 
0007 0004 1 1670724416326764 -48.8125 -67.0 4.246058820867455 21 
0007 0010 2 1670724416386264 235.9375 -67.0 6.068427996875596 21 
0007 0014 2 1670724416403313 61.8125 -70.5 0.5890486225480862 21 
0007 0007 3 1670724416473078 -6.5 -52.0 2.2334760271614935 21 
0007 0005 3 1670724416475173 42.3125 -58.5 1.8407769454627694 21 
0007 0011 3 1670724416480053 16.25 -55.0 1.6382914814618648 21 
0007 0004 3 1670724416497517 -87.0625 -65.5 3.104777114680538 21 
0007 0009 3 1670724416501637 26.0 -63.5 5.418020142812084 21 
0007 0010 3 1670724416509158 0.0 -64.5 4.448544284868359 21 
0007 0009 4 1670724416608203 -16.25 -62.0 5.608233760509904 21 
0007 0014 4 1670724416621292 19.5 -68.5 1.000155473701438 21 
0007 0011 4 1670724416626464 -6.5 -60.0 1.9880391010997909 21 
0007 0007 4 1670724416631257 0.0 -60.0 0.2699806186678728 21 
0007 0000 4 1670724416635237 -13.0 -70.5 5.773903685601553 21 
0007 0004 4 1670724416638265 45.5625 -62.0 0.662679700366597 21 
0007 0010 4 1670724416642129 -27.625 -61.0 3.6692820446224537 21 
0007 0001 4 1670724416645803 17.0625 -63.0 0.11044661672776616 21 
0007 0005 4 1670724416658480 58.5625 -70.5 2.116893487282185 21 
0007 0004 5 1670724416696560 -7.3125 -61.0 4.006757817957295 21 
0007 0005 5 1670724416699452 16.25 -67.0 5.21553467881118 21 
0007 0001 5 1670724416707405 -48.8125 -59.0 5.927301764390117 21 
0007 0009 5 1670724416708608 3.25 -62.0 0.3374757733348411 21 
0007 0008 5 1670724416723386 9.75 -71.5 2.1475731030398975 21 
0007 0001 6 1670724416792469 3.25 -61.0 1.564660403643354 21 
0007 0004 6 1670724416795854 30.875 -65.5 4.111068511533518 21 
0007 0009 6 1670724416796819 -26.0 -69.0 2.736621725587984 21 
0007 0010 6 1670724416800654 24.375 -60.5 2.662990647769473 21 
0007 0002 6 1670724416810251 -91.125 -73.0 6.12365130523948 21 
0007 0014 6 1670724416812602 -94.375 -71.5 3.454524734318464 21 
0007 0011 6 1670724416815355 -91.125 -69.5 4.368777283898306 21 
0007 0005 6 1670724416819310 -61.8125 -71.5 3.153864499892878 21 
0007 0007 8 1670724417000557 -52.0625 -72.0 1.9696313316451632 21 
0007 0011 1 1670724417229953 -48.8125 -65.0 4.651029748869264 21 
0007 0014 1 1670724417246736 -58.5625 -68.0 4.7860200582032 21 
0007 0004 1 1670724417248189 -97.625 -68.5 4.417864669110647 21 
0007 0014 2 1670724417350406 149.6875 -67.5 0.5460971604872883 21 
0007 0010 2 1670724417363833 -45.5625 -67.5 5.8659425328746915 21 
0007 0005 3 1670724417418055 35.75 -58.0 1.8837284075235674 21 
0007 0010 3 1670724417420188 34.9375 -66.0 4.491495746929157 21 
0007 0011 3 1670724417428978 -3.25 -55.5 1.5462526341887264 21 
0007 0004 3 1670724417432151 159.5 -65.5 2.730485802436441 21 
0007 0009 3 1670724417435181 55.3125 -65.0 5.258486140871978 21 
0007 0007 3 1670724417439950 39.0 -52.5 2.2150682577068657 21 
0007 0014 4 1670724417512633 32.5 -67.5 1.0615147052168636 21 
0007 0000 4 1670724417513638 -81.375 -71.5 5.939573610693203 21 
0007 0009 4 1670724417515338 -22.75 -65.0 4.865787059173254 21 
0007 0010 4 1670724417516270 17.0625 -61.5 3.313398501832985 21 
0007 0011 4 1670724417522627 9.75 -59.5 1.9205439464328227 21 
0007 0007 4 1670724417533466 35.75 -60.0 0.18407769454627693 21 
0007 0005 4 1670724417534428 -32.5 -70.5 2.313243028131547 21 
0007 0004 4 1670724417553357 -17.0625 -61.5 0.803805932852076 21 
0007 0001 4 1670724417561646 10.5625 -62.5 0.19634954084936207 21 
0007 0001 5 1670724417606742 17.0625 -59.0 5.755495916146925 21 
0007 0005 5 1670724417607693 -198.5625 -68.5 5.516194913236766 21 
0007 0004 5 1670724417610107 10.5625 -60.5 3.933126740138784 21 
0007 0008 5 1670724417618532 -244.125 -70.5 2.718213956133356 21 
0007 0009 5 1670724417620018 19.5 -65.0 5.93343768754166 21 
