0000 0004 2 1670730840568338 74.8125 -67.0 2.4605051837685683 11 
0000 0012 3 1670730840664372 6.5 -68.5 4.583534594202296 11 
0000 0004 3 1670730840672229 -87.875 -64.0 4.448544284868359 11 
0000 0015 3 1670730840694518 13.0 -70.0 0.030679615757712823 11 
0000 0014 3 1670730840709207 -6.5 -70.0 3.663146121470911 11 
0000 0006 4 1670730840770105 3.25 -61.5 5.822991070813893 11 
0000 0004 4 1670730840777844 143.1875 -68.0 1.1535535524900022 11 
0000 0005 4 1670730840778777 -55.3125 -65.0 3.380893656499953 11 
0000 0012 4 1670730840780954 -26.0 -65.5 5.264622064023521 11 
0000 0015 4 1670730840794885 -48.8125 -65.5 3.5711072741977725 11 
0000 0007 4 1670730840819960 -195.25 -71.0 4.430136515413731 11 
0000 0011 5 1670730840860423 -3.25 -61.0 0.37429131224409645 11 
0000 0010 5 1670730840865791 -19.5 -60.0 0.2454369260617026 11 
0000 0006 5 1670730840869156 -16.25 -56.5 4.2031073588066565 11 
0000 0012 5 1670730840870089 -35.75 -69.0 4.822835597112456 11 
0000 0001 5 1670730840873486 19.5 -65.5 6.007068765360171 11 
0000 0004 5 1670730840885074 45.5625 -53.5 1.3989904785517047 11 
0000 0014 5 1670730840886488 3.25 -53.0 0.34974761963792617 11 
0000 0008 5 1670730840891792 -3.25 -58.0 2.5770877236478773 11 
0000 0015 5 1670730840900387 42.3125 -70.0 0.7179030087304801 11 
0000 0012 6 1670730840940323 19.5 -58.5 1.9634954084936207 11 
0000 0000 6 1670730840949200 -9.75 -63.5 5.258486140871978 11 
0000 0004 6 1670730840953155 -3.25 -53.0 1.846912868614312 11 
0000 0010 6 1670730840957512 0.0 -52.0 1.576932249946439 11 
0000 0009 6 1670730840959874 -6.5 -66.5 3.9392626632903265 11 
0000 0014 6 1670730840961959 -55.3125 -59.5 5.166447293598839 11 
0000 0011 6 1670730840963807 -29.25 -68.5 4.9394181369917645 11 
0000 0006 6 1670730840966078 32.5 -67.5 0.9019807032767571 11 
0000 0008 6 1670730840967281 3.25 -59.0 3.9822141253511245 11 
0000 0005 6 1670730840969706 26.0 -70.5 4.693981210930062 11 
0000 0001 6 1670730840972174 -48.8125 -62.0 4.111068511533518 11 
0000 0004 7 1670730841018714 -32.5 -64.5 3.773592738198677 11 
0000 0007 7 1670730841034932 -68.3125 -60.0 2.6691265709210157 11 
0000 0011 7 1670730841041755 -58.5625 -59.0 5.896622148632405 11 
0000 0015 7 1670730841076611 29.25 -72.5 1.6505633277649499 11 
0000 0015 8 1670730841154102 35.75 -66.0 3.1661363461959633 11 
0000 0013 8 1670730841159744 9.75 -59.5 4.246058820867455 11 
0000 0007 8 1670730841162862 6.5 -66.5 3.6447383520162835 11 
0000 0007 1 1670730841405882 3.25 -71.0 5.5714182216006485 11 
0000 0004 1 1670730841415021 152.9375 -70.0 2.2396119503130363 11 
0000 0013 2 1670730841460890 113.875 -70.0 5.123495831538041 11 
0000 0005 2 1670730841480290 -250.625 -69.5 6.043884304269426 11 
0000 0004 2 1670730841485499 -55.3125 -67.5 4.049709280018092 11 
0000 0010 3 1670730841557454 104.125 -69.0 2.9329712664373457 11 
0000 0006 3 1670730841574725 91.125 -61.5 2.6323110320117604 11 
0000 0015 3 1670730841579046 156.1875 -69.5 2.1598449493429825 11 
0000 0004 3 1670730841580774 45.5625 -63.5 5.5100589900852235 11 
0000 0012 4 1670730841663781 -136.6875 -73.0 3.693825737228624 11 
0000 0004 4 1670730841677017 3.25 -55.5 5.700272607783043 11 
0000 0015 4 1670730841677967 -94.375 -66.5 3.5711072741977725 11 
0000 0014 4 1670730841688553 65.0625 -65.0 0.3436116964863836 11 
0000 0007 5 1670730841730523 65.0625 -69.0 3.4177091954092087 11 
0000 0004 5 1670730841735635 -9.75 -56.5 1.325359400733194 11 
0000 0013 5 1670730841745305 -16.25 -71.0 5.5714182216006485 11 
0000 0006 5 1670730841749711 13.0 -53.5 2.0493983326152168 11 
0000 0014 5 1670730841751833 26.0 -60.5 1.5892040962495242 11 
0000 0012 5 1670730841755157 9.75 -62.5 4.614214209960009 11 
0000 0010 5 1670730841756121 9.75 -58.0 5.056000676871073 11 
0000 0001 5 1670730841762516 -39.0 -67.5 0.8283496254582462 11 
0000 0008 6 1670730841799106 39.0 -62.5 2.3009711818284617 11 
0000 0000 6 1670730841806186 26.0 -70.0 4.81056375080937 11 
0000 0004 6 1670730841810491 -6.5 -58.0 0.0 11 
0000 0012 6 1670730841811440 -13.0 -65.5 2.454369260617026 11 
0000 0015 6 1670730841814088 -13.0 -69.0 0.3313398501832985 11 
0000 0014 6 1670730841819790 -32.5 -65.0 5.638913376267617 11 
0000 0010 6 1670730841820709 -6.5 -60.0 1.1658253987930873 11 
0000 0009 6 1670730841824062 0.0 -58.5 5.283029833478148 11 
0000 0005 6 1670730841825256 42.3125 -68.5 0.859029241215959 11 
0000 0006 6 1670730841842469 107.375 -71.5 1.6935147898257479 11 
0000 0001 6 1670730841850189 -45.5625 -65.0 5.013049214810275 11 
0000 0011 7 1670730841902716 -61.8125 -60.0 4.878058905476339 11 
0000 0007 7 1670730841906548 -6.5 -62.0 1.9389517158874505 11 
0000 0004 7 1670730841925107 -9.75 -60.0 4.73693267299086 11 
0000 0005 7 1670730841931372 94.375 -66.5 4.681709364626977 11 
0000 0008 8 1670730841961960 3.25 -64.0 5.006913291658733 11 
0000 0015 8 1670730841975002 68.3125 -67.0 2.2580197197676637 11 
0000 0007 8 1670730841995198 -16.25 -66.0 6.227961998815704 11 
0000 0012 8 1670730842022589 16.25 -66.5 2.2948352586769194 11 
0000 0014 1 1670730842270736 55.3125 -72.0 3.11091303783208 11 
0000 0004 2 1670730842316514 97.625 -69.5 2.2027964114037806 11 
0000 0005 2 1670730842322209 139.125 -68.0 3.3072625786814425 11 
0000 0015 2 1670730842351171 -126.9375 -70.0 0.4295146206079795 11 
0000 0013 3 1670730842472669 110.625 -70.0 1.902136176978195 11 
0000 0004 3 1670730842485744 58.5625 -62.5 0.6872233929727672 11 
0000 0014 3 1670730842488521 -198.5625 -71.0 2.399145952253143 11 
0000 0006 3 1670730842497832 -13.0 -62.5 4.693981210930062 11 
0000 0015 3 1670730842502032 6.5 -67.5 3.043417883165112 11 
0000 0010 3 1670730842509280 100.875 -68.0 3.767456815047135 11 
0000 0014 4 1670730842586987 -22.75 -69.0 2.9636508821950587 11 
0000 0011 4 1670730842600244 52.0625 -67.5 0.6442719309119693 11 
0000 0007 4 1670730842609134 55.3125 -72.5 1.4910293258248433 11 
0000 0006 4 1670730842612573 26.0 -59.0 6.17273869045182 11 
0000 0010 4 1670730842620664 130.1875 -65.5 0.46019423636569234 11 
0000 0004 4 1670730842627267 -9.75 -65.5 5.203262832508095 11 
0000 0005 4 1670730842635289 9.75 -69.0 5.927301764390117 11 
0000 0015 4 1670730842640240 16.25 -65.0 4.865787059173254 11 
0000 0014 5 1670730842698053 -45.5625 -60.5 2.2641556429192065 11 
0000 0010 5 1670730842707836 -78.0625 -64.5 4.037437433715008 11 
0000 0004 5 1670730842715439 -3.25 -58.0 4.546719055293041 11 
0000 0001 5 1670730842718461 61.8125 -67.0 5.338253141842031 11 
0000 0006 5 1670730842721678 13.0 -58.5 1.8960002538266525 11 
0000 0012 5 1670730842723831 48.8125 -69.0 0.4295146206079795 11 
0000 0015 6 1670730842791260 -68.3125 -70.5 5.964117303299373 11 
0000 0008 6 1670730842792451 26.0 -61.0 1.5707963267948966 11 
0000 0010 6 1670730842795651 6.5 -50.0 1.1474176293384597 11 
0000 0012 6 1670730842798524 -32.5 -59.5 4.356505437595221 11 
0000 0001 6 1670730842802502 9.75 -63.5 2.8532042654672924 11 
0000 0009 6 1670730842804656 -27.625 -57.5 5.66959299202533 11 
0000 0014 6 1670730842806538 -29.25 -59.0 0.25157284921324513 11 
0000 0013 6 1670730842812793 22.75 -63.5 1.607611865704152 11 
0000 0006 6 1670730842814199 16.25 -61.5 1.1719613219446299 11 
0000 0005 6 1670730842815457 22.75 -59.5 2.411417798556228 11 
0000 0011 6 1670730842818318 0.0 -58.5 4.651029748869264 11 
0000 0000 6 1670730842819509 -91.125 -65.5 4.123340357836604 11 
0000 0004 6 1670730842820730 -6.5 -55.5 2.8716120349219203 11 
0000 0007 6 1670730842824722 -87.875 -65.5 4.338097668140593 11 
0000 0012 7 1670730842869631 -19.5 -64.0 4.804427827657828 11 
0000 0004 7 1670730842871901 29.25 -61.0 0.4356505437595221 11 
0000 0005 7 1670730842883280 74.8125 -65.5 1.1474176293384597 11 
0000 0006 7 1670730842895227 91.125 -68.0 4.908738521234052 11 
0000 0007 7 1670730842896186 -9.75 -64.5 4.620350133111551 11 
0000 0015 8 1670730842994952 45.5625 -72.0 0.6688156235181395 11 
0000 0007 8 1670730843007847 152.9375 -70.5 1.1474176293384597 11 
0000 0012 8 1670730843023670 143.1875 -69.5 1.6444274046134073 11 
0000 0012 1 1670730843254218 104.125 -69.0 0.02454369260617026 11 
0000 0004 1 1670730843276990 52.0625 -69.0 3.472932503773092 11 
0000 0014 2 1670730843342070 42.3125 -69.5 2.60776733940559 11 
0000 0004 3 1670730843427028 55.3125 -64.5 5.043728830567988 11 
0000 0012 3 1670730843474941 302.6875 -69.0 4.767612288748572 11 
0000 0013 4 1670730843560729 -61.8125 -67.0 0.9694758579437253 11 
0000 0004 4 1670730843561678 45.5625 -65.0 1.9757672547967058 11 
0000 0005 4 1670730843570516 -65.875 -69.5 0.7547185476397354 11 
0000 0010 4 1670730843589239 -9.75 -64.5 1.2026409377023426 11 
0000 0015 4 1670730843605781 -104.125 -67.0 5.497787143782138 11 
0000 0006 4 1670730843607861 -26.0 -59.5 4.95168998329485 11 
0000 0014 4 1670730843611449 -16.25 -72.5 2.84706834231575 11 
0000 0006 5 1670730843648193 22.75 -59.0 0.5890486225480862 11 
0000 0014 5 1670730843652157 -22.75 -69.0 3.8717675086233583 11 
0000 0010 5 1670730843653079 65.0625 -67.5 1.6873788666742053 11 
0000 0004 5 1670730843655007 -16.25 -56.0 3.792000507653305 11 
0000 0005 5 1670730843658717 -97.625 -69.5 3.055689729468197 11 
0000 0011 5 1670730843659671 -13.0 -61.5 6.117515382087937 11 
0000 0013 5 1670730843667009 26.0 -67.0 0.5338253141842031 11 
0000 0001 5 1670730843668187 198.5625 -66.5 3.3502140407422405 11 
0000 0012 5 1670730843669203 -9.75 -61.0 3.2029518851052186 11 
0000 0009 5 1670730843680391 45.5625 -60.5 4.25833066717054 11 
0000 0007 5 1670730843695527 175.75 -69.5 4.516039439535327 11 
0000 0000 6 1670730843726016 -26.0 -62.5 4.76147636559703 11 
0000 0004 6 1670730843729048 32.5 -62.5 0.5645049299419159 11 
0000 0008 6 1670730843733070 13.0 -57.0 1.9389517158874505 11 
0000 0012 6 1670730843734018 -9.75 -56.5 6.086835766330224 11 
0000 0010 6 1670730843741045 19.5 -55.5 6.062292073724054 11 
0000 0006 6 1670730843746027 -9.75 -53.5 3.1906800388021335 11 
0000 0013 6 1670730843747229 16.25 -55.0 5.859806609723149 11 
0000 0005 6 1670730843755997 16.25 -54.5 2.816388726558037 11 
0000 0001 6 1670730843757205 42.3125 -63.5 1.325359400733194 11 
0000 0014 6 1670730843759774 3.25 -53.5 0.760854470791278 11 
0000 0011 6 1670730843760782 0.0 -55.5 4.252194744018997 11 
0000 0015 6 1670730843770386 -94.375 -73.0 4.632621979414636 11 
0000 0003 6 1670730843771571 58.5625 -72.5 4.006757817957295 11 
0000 0009 6 1670730843773864 -45.5625 -59.5 4.405592822807561 11 
0000 0007 6 1670730843777889 26.0 -64.5 2.0800779483729293 11 
0000 0011 7 1670730843817720 6.5 -60.5 6.105243535784852 11 
0000 0014 7 1670730843844402 -152.9375 -70.5 5.448699758569798 11 
0000 0007 7 1670730843847359 -13.0 -64.0 4.374913207049849 11 
0000 0012 7 1670730843851033 -9.75 -68.0 2.0923497946760143 11 
0000 0015 7 1670730843856217 -26.0 -71.5 4.749204519293945 11 
0000 0005 7 1670730843857820 52.0625 -69.0 3.1354567304382504 11 
0000 0015 8 1670730843898006 52.0625 -66.0 1.043106935762236 11 
0000 0005 8 1670730843905380 71.5625 -66.5 1.4664856332186729 11 
0000 0013 8 1670730843918061 9.75 -61.5 1.6260196351587797 11 
0000 0014 8 1670730843927509 -74.8125 -70.5 5.559146375297564 11 
0000 0011 8 1670730843940745 9.75 -70.0 3.2765829629237295 11 
0000 0004 1 1670730844196280 -9.75 -64.5 3.141592653589793 11 
0000 0005 2 1670730844306494 -97.625 -69.5 5.375068680751287 11 
0000 0014 3 1670730844400267 84.625 -66.5 4.945554060143307 11 
0000 0006 3 1670730844406305 -32.5 -65.5 3.497476196379262 11 
0000 0007 4 1670730844474841 -55.3125 -66.0 1.8530487917658545 11 
0000 0010 4 1670730844476981 45.5625 -67.0 5.522330836388308 11 
0000 0012 4 1670730844483203 13.0 -66.5 0.17794177139473438 11 
0000 0006 4 1670730844491560 -35.75 -65.5 1.2087768608538851 11 
0000 0015 4 1670730844495588 -32.5 -70.5 2.767301341345697 11 
0000 0014 4 1670730844496563 13.0 -63.0 2.024854640009046 11 
0000 0005 4 1670730844506520 -58.5625 -66.0 2.0923497946760143 11 
0000 0014 5 1670730844585805 6.5 -57.0 3.1968159619536762 11 
0000 0001 5 1670730844587003 -227.8125 -68.5 5.221670601962723 11 
0000 0004 5 1670730844588249 26.0 -52.5 1.2701360923693108 11 
0000 0007 5 1670730844594538 -58.5625 -64.5 1.5585244804918115 11 
0000 0006 5 1670730844596916 -22.75 -51.0 0.7179030087304801 11 
0000 0010 5 1670730844598825 -9.75 -56.0 5.301437602932776 11 
0000 0006 6 1670730844668779 -6.5 -56.0 0.1718058482431918 11 
0000 0015 6 1670730844670679 16.25 -67.0 4.626486056263094 11 
0000 0005 6 1670730844672362 -3.25 -54.5 2.5157284921324514 11 
0000 0004 6 1670730844684218 6.5 -63.0 1.7794177139473437 11 
0000 0012 6 1670730844685198 -35.75 -56.5 6.117515382087937 11 
0000 0007 6 1670730844686697 19.5 -62.5 1.3621749396424494 11 
0000 0011 6 1670730844689080 6.5 -56.0 3.6876898140770815 11 
0000 0014 6 1670730844690284 9.75 -53.5 0.6933593161243098 11 
0000 0010 6 1670730844691290 -6.5 -54.0 6.2034183062095325 11 
0000 0001 6 1670730844694830 0.0 -63.5 1.8100973297050567 11 
0000 0000 6 1670730844695741 -32.5 -63.5 4.448544284868359 11 
0000 0013 6 1670730844701318 -22.75 -59.0 6.007068765360171 11 
0000 0008 6 1670730844704394 52.0625 -65.5 1.6321555583103222 11 
0000 0009 6 1670730844707450 -27.625 -64.5 4.749204519293945 11 
0000 0004 7 1670730844751334 -81.375 -67.0 1.761009944492716 11 
0000 0005 7 1670730844752564 71.5625 -69.0 3.5588354278946874 11 
0000 0015 7 1670730844766401 71.5625 -68.5 3.847223816017188 11 
0000 0011 7 1670730844768374 9.75 -55.0 4.313553975534423 11 
0000 0007 7 1670730844771209 -107.375 -68.0 6.031612457966341 11 
0000 0014 7 1670730844773856 6.5 -57.5 3.3318062712876126 11 
0000 0013 7 1670730844799149 -214.8125 -68.0 5.111223985234957 11 
0000 0013 8 1670730844839467 -9.75 -64.0 2.4911847995262812 11 
0000 0012 8 1670730844844143 61.8125 -69.0 6.154330920997192 11 
0000 0007 8 1670730844854148 104.125 -70.0 0.9510680884890975 11 
0000 0005 8 1670730844861563 -26.0 -65.5 3.3747577333484107 11 
0000 0011 8 1670730844862504 -48.8125 -64.0 3.2459033471660166 11 
0000 0015 8 1670730844877490 -35.75 -70.0 1.8837284075235674 11 
0000 0014 3 1670730845262016 -81.375 -63.5 6.074563920027139 11 
0000 0015 3 1670730845272962 439.4375 -71.5 2.1905245651006955 11 
0000 0006 3 1670730845280796 -84.625 -68.5 5.638913376267617 11 
0000 0004 3 1670730845281761 -16.25 -65.5 3.988350048502667 11 
0000 0012 4 1670730845347764 -55.3125 -66.0 0.30679615757712825 11 
0000 0010 4 1670730845353666 3.25 -63.5 1.423534171157875 11 
0000 0005 4 1670730845356033 3.25 -64.5 0.030679615757712823 11 
0000 0015 4 1670730845358446 26.0 -62.5 5.755495916146925 11 
0000 0006 4 1670730845366136 45.5625 -66.5 1.0062913968529805 11 
0000 0007 4 1670730845376004 84.625 -70.0 5.780039608753096 11 
0000 0006 5 1670730845429977 -16.25 -58.0 6.062292073724054 11 
0000 0004 5 1670730845434373 9.75 -55.5 2.60776733940559 11 
0000 0010 5 1670730845440301 9.75 -59.5 0.23930100291016002 11 
0000 0014 5 1670730845446967 -6.5 -57.0 0.380427235395639 11 
0000 0011 5 1670730845455397 -6.5 -61.5 0.018407769454627694 11 
0000 0012 5 1670730845464777 -3.25 -63.5 3.7122335066832517 11 
0000 0013 5 1670730845466010 58.5625 -63.5 1.5155730184310134 11 
0000 0001 5 1670730845472487 104.125 -68.5 0.6135923151542565 11 
