0002 0012 1 1670725956643890 -68.3125 -73.0 1.5892040962495242 19 
0002 0005 2 1670725956817113 -286.4375 -71.0 3.393165502803038 19 
0002 0005 3 1670725956851624 45.5625 -63.0 0.6933593161243098 19 
0002 0011 3 1670725956858858 -58.5625 -65.5 4.381049130201391 19 
0002 0007 3 1670725956913338 -117.125 -69.0 4.2092432819582 19 
0002 0007 4 1670725956996700 -3.25 -67.5 0.9326603190344698 19 
0002 0011 4 1670725957003208 65.0625 -67.0 5.399612373357457 19 
0002 0010 4 1670725957007478 -9.75 -71.0 0.7792622402459057 19 
0002 0011 5 1670725957062528 -74.8125 -68.5 1.2640001692177683 19 
0002 0010 5 1670725957078098 139.9375 -68.5 5.448699758569798 19 
0002 0001 6 1670725957177014 -117.125 -71.0 5.1725832167503825 19 
0002 0011 6 1670725957181179 -68.3125 -65.5 4.411728745959104 19 
0002 0010 6 1670725957212615 13.0 -56.5 1.8285050991596843 19 
0002 0006 6 1670725957215010 -166.0 -74.0 6.013204688511713 19 
0002 0010 7 1670725957268840 29.25 -64.5 5.246214294568893 19 
0002 0012 1 1670725957652534 78.0625 -74.0 1.3867186322486196 19 
0002 0005 2 1670725957778026 -104.125 -69.0 2.9329712664373457 19 
0002 0005 3 1670725957835238 41.5 -62.5 0.5951845456996288 19 
0002 0011 3 1670725957837591 117.125 -66.5 4.0987966652304335 19 
0002 0007 3 1670725957895501 -45.5625 -70.5 4.221515128261284 19 
0002 0010 4 1670725957953898 -97.625 -70.5 0.8651651643675016 19 
0002 0011 4 1670725957977819 19.5 -66.5 5.5284667595398505 19 
0002 0007 4 1670725957984073 19.5 -68.0 0.7485826244881929 19 
0002 0011 5 1670725958061971 52.0625 -69.0 0.9756117810952678 19 
0002 0010 5 1670725958072552 81.375 -67.0 5.595961914206819 19 
0002 0010 6 1670725958154893 16.25 -56.0 1.7855536370988863 19 
0002 0011 6 1670725958171959 13.0 -65.5 4.246058820867455 19 
0002 0001 6 1670725958184657 13.0 -71.0 4.988505522204105 19 
0002 0006 6 1670725958188465 -71.5625 -74.5 5.540738605842936 19 
0002 0010 7 1670725958225184 -94.375 -64.5 5.460971604872882 19 
0002 0012 1 1670725958544733 244.125 -73.5 0.6504078540635119 19 
0002 0005 2 1670725958750257 -183.875 -70.5 4.111068511533518 19 
0002 0011 3 1670725958798767 -182.25 -69.5 5.325981295538946 19 
0002 0005 3 1670725958806870 -21.125 -64.0 1.564660403643354 19 
0002 0011 4 1670725958884556 -35.75 -67.0 5.184855063053467 19 
0002 0004 5 1670725959000477 26.0 -68.0 0.16566992509164924 19 
0002 0010 5 1670725959004877 -94.375 -66.5 3.988350048502667 19 
0002 0011 6 1670725959054004 -159.5 -69.0 4.6448938257177215 19 
0002 0004 6 1670725959056638 45.5625 -68.5 2.8654761117703775 19 
0002 0010 6 1670725959059695 130.1875 -67.0 0.4049709280018093 19 
0002 0001 6 1670725959060894 -333.625 -75.0 5.399612373357457 19 
0002 0006 6 1670725959088634 -35.75 -74.0 4.565126824747668 19 
0002 0010 7 1670725959128837 -26.0 -67.5 4.448544284868359 19 
0002 0006 7 1670725959167197 143.1875 -70.5 3.9760782021995817 19 
0002 0011 3 1670725959684601 9.75 -66.5 5.896622148632405 19 
0002 0011 4 1670725959777246 3.25 -66.0 6.043884304269426 19 
0002 0010 4 1670725959780690 -6.5 -63.5 5.534602682691394 19 
0002 0007 4 1670725959788724 -39.0 -72.5 0.3620194659410113 19 
0002 0006 4 1670725959796915 -97.625 -75.5 5.092816215780329 19 
0002 0011 5 1670725959826048 29.25 -68.5 1.4603497100671303 19 
0002 0010 5 1670725959852559 -94.375 -64.0 4.718524903536232 19 
0002 0004 5 1670725959855942 35.75 -60.0 1.4787574795217582 19 
0002 0010 6 1670725959917668 -22.75 -61.5 3.552699504743145 19 
0002 0004 6 1670725959927304 0.0 -60.5 2.6016314162540475 19 
0002 0006 6 1670725959933546 -9.75 -63.0 1.0799224746714913 19 
0002 0011 6 1670725959940003 -19.5 -63.5 5.602097837358362 19 
0002 0001 6 1670725959954557 90.3125 -71.0 5.264622064023521 19 
0002 0004 7 1670725960007704 71.5625 -67.0 1.2333205534600555 19 
0002 0012 1 1670725960320620 185.5 -70.0 1.3192234775816514 19 
0002 0011 3 1670725960568155 143.1875 -68.0 5.43029198911517 19 
0002 0010 4 1670725960603802 26.0 -67.0 0.6381360077604268 19 
0002 0011 4 1670725960622799 -26.0 -65.0 6.056156150572511 19 
0002 0006 4 1670725960642079 159.5 -69.5 0.5338253141842031 19 
0002 0004 5 1670725960701464 32.5 -60.0 1.7732817907958012 19 
0002 0011 5 1670725960707020 169.25 -69.5 2.0800779483729293 19 
0002 0010 5 1670725960709485 58.5625 -65.5 4.387185053352934 19 
0002 0011 6 1670725960761198 32.5 -63.5 5.074408446325701 19 
0002 0006 6 1670725960763620 16.25 -63.5 1.2026409377023426 19 
0002 0004 6 1670725960773906 -3.25 -61.0 2.816388726558037 19 
0002 0010 6 1670725960788604 -3.25 -62.5 2.7550294950426117 19 
0002 0001 6 1670725960791570 -34.9375 -72.0 5.184855063053467 19 
0002 0004 7 1670725960835342 -87.875 -66.5 1.4848934026733007 19 
0002 0012 1 1670725961228660 -55.3125 -72.5 0.9510680884890975 19 
0002 0011 3 1670725961356293 -58.5625 -65.5 5.356660911296659 19 
0002 0010 4 1670725961454536 26.0 -66.0 1.1719613219446299 19 
0002 0013 4 1670725961457721 -78.0625 -72.5 0.5276893910326605 19 
0002 0006 4 1670725961466576 65.0625 -70.0 1.1535535524900022 19 
0002 0011 4 1670725961490577 32.5 -64.0 5.638913376267617 19 
0002 0004 5 1670725961528626 39.0 -60.5 1.8223691760081417 19 
0002 0010 5 1670725961536375 -104.125 -67.0 5.031456984264903 19 
0002 0011 5 1670725961552525 -61.8125 -67.5 1.736466251886546 19 
