0001 0007 1 1670726062515489 -74.8125 -66.0 5.148039524144211 2 
0001 0005 1 1670726062527995 -35.75 -61.5 3.8717675086233583 2 
0001 0015 1 1670726062543830 -39.0 -66.5 1.9634954084936207 2 
0001 0006 1 1670726062555018 -22.75 -72.0 2.429825568010856 2 
0001 0008 2 1670726062618370 128.5625 -69.0 6.0991076126333095 2 
0001 0004 3 1670726062759918 16.25 -67.0 4.25833066717054 2 
0001 0007 3 1670726062763510 -65.0625 -62.0 5.957981380147831 2 
0001 0005 3 1670726062770732 -276.625 -70.0 2.1475731030398975 2 
0001 0005 4 1670726062841174 52.0625 -70.0 0.662679700366597 2 
0001 0006 4 1670726062843280 -65.0625 -70.5 4.473087977474529 2 
0001 0007 4 1670726062876709 39.0 -67.0 5.221670601962723 2 
0001 0004 5 1670726062946356 -13.0 -68.5 5.810719224510809 2 
0001 0004 6 1670726063065594 45.5625 -68.0 0.7792622402459057 2 
0001 0006 6 1670726063071892 -58.5625 -70.5 5.184855063053467 2 
0001 0015 1 1670726063439854 61.8125 -67.5 1.88986433067511 2 
0001 0006 1 1670726063457542 146.4375 -71.5 2.12916533358527 2 
0001 0005 1 1670726063477272 -32.5 -60.5 3.9944859716542096 2 
0001 0007 1 1670726063495928 29.25 -66.0 5.135767677841127 2 
0001 0007 2 1670726063578002 -29.25 -65.5 3.9085830475326135 2 
0001 0007 3 1670726063655113 32.5 -62.0 5.798447378207723 2 
0001 0004 3 1670726063664472 29.25 -66.0 4.442408361716817 2 
0001 0005 3 1670726063678462 22.75 -69.0 1.1474176293384597 2 
0001 0005 4 1670726063757128 58.5625 -66.5 0.8283496254582462 2 
0001 0007 4 1670726063781116 32.5 -68.0 5.252350217720435 2 
0001 0004 6 1670726064007122 22.75 -72.0 6.154330920997192 2 
0001 0005 1 1670726064371098 -29.25 -61.0 3.8533597391687304 2 
0001 0015 1 1670726064397952 -81.375 -69.0 1.8960002538266525 2 
0001 0007 1 1670726064398944 22.75 -67.0 5.325981295538946 2 
0001 0006 1 1670726064409335 -26.0 -70.0 3.0066023442558567 2 
0001 0007 2 1670726064488886 -61.8125 -65.5 3.6754179677739964 2 
0001 0008 2 1670726064494158 34.9375 -69.0 0.23930100291016002 2 
0001 0014 2 1670726064499943 45.5625 -70.5 4.104932588381976 2 
0001 0007 3 1670726064589534 16.25 -63.0 5.872078456026235 2 
0001 0004 3 1670726064593297 -68.3125 -66.5 4.3503695144436785 2 
0001 0005 3 1670726064616705 -29.25 -68.5 1.423534171157875 2 
0001 0005 4 1670726064708897 -71.5625 -67.5 0.9203884727313847 2 
0001 0007 4 1670726064716276 110.625 -68.5 4.988505522204105 2 
0001 0004 6 1670726064922423 9.75 -68.0 2.1353012567368124 2 
0001 0015 1 1670726065275964 39.0 -67.5 2.061670178918302 2 
0001 0007 1 1670726065284651 0.0 -67.0 5.473243451175968 2 
0001 0005 1 1670726065299279 -13.0 -60.5 3.9085830475326135 2 
0001 0006 1 1670726065317424 -32.5 -70.5 2.552544031041707 2 
0001 0007 2 1670726065386238 91.125 -64.5 3.5772431973493153 2 
0001 0008 2 1670726065388571 -48.8125 -70.5 0.4172427743048944 2 
0001 0007 3 1670726065452460 -94.375 -63.5 6.000932842208628 2 
0001 0005 3 1670726065480807 156.1875 -68.0 1.423534171157875 2 
0001 0004 3 1670726065486566 -58.5625 -66.5 4.344233591292136 2 
0001 0005 4 1670726065585084 -29.25 -66.0 1.2946797849754812 2 
0001 0004 4 1670726065589087 -19.5 -70.5 5.663457068873787 2 
0001 0007 4 1670726065592411 -39.0 -67.5 5.307573526084319 2 
0001 0004 5 1670726065744342 -22.75 -72.0 0.2761165418194154 2 
0001 0004 6 1670726065826925 22.75 -67.5 1.9634954084936207 2 
0001 0006 1 1670726066213877 -237.5625 -72.0 3.074097498922825 2 
0001 0015 1 1670726066216045 107.375 -66.5 1.6996507129772904 2 
0001 0007 1 1670726066216964 16.25 -66.5 5.338253141842031 2 
0001 0005 1 1670726066219882 39.0 -60.5 3.773592738198677 2 
0001 0007 2 1670726066344157 13.0 -64.0 3.736777199289422 2 
0001 0008 2 1670726066356092 -13.0 -71.5 0.4172427743048944 2 
0001 0007 3 1670726066428414 16.25 -63.0 5.8475347634200645 2 
0001 0005 3 1670726066431371 117.125 -67.5 1.3314953238847365 2 
0001 0004 3 1670726066464852 -221.3125 -67.5 4.546719055293041 2 
0001 0005 4 1670726066565079 0.0 -66.5 1.2087768608538851 2 
0001 0007 4 1670726066569079 22.75 -68.0 5.117359908386499 2 
0001 0004 4 1670726066585489 -26.0 -71.5 5.546874528994478 2 
0001 0004 6 1670726066751899 32.5 -68.0 1.902136176978195 2 
0001 0005 1 1670726067161303 -48.8125 -60.5 4.031301510563465 2 
0001 0015 1 1670726067185418 -3.25 -67.0 1.7978254834019713 2 
0001 0007 1 1670726067186355 -68.3125 -66.5 5.325981295538946 2 
0001 0006 1 1670726067210067 -240.875 -71.5 3.067961575771282 2 
0001 0007 2 1670726067254089 0.0 -65.0 3.6386024288647407 2 
0001 0008 2 1670726067272700 -195.25 -70.0 0.7179030087304801 2 
0001 0007 3 1670726067336389 -22.75 -62.5 5.8475347634200645 2 
0001 0005 3 1670726067354118 -117.125 -68.0 1.6935147898257479 2 
0001 0004 3 1670726067371443 81.375 -66.5 4.09266074207889 2 
