0002 0012 1 1670726062526947 52.0625 -70.5 2.116893487282185 19 
0002 0012 2 1670726062644527 -94.375 -69.5 3.2888548092268146 19 
0002 0011 3 1670726062740024 65.0625 -67.5 4.767612288748572 19 
0002 0005 3 1670726062743605 113.875 -66.5 5.062136600022616 19 
0002 0005 4 1670726062846912 125.3125 -69.0 0.46019423636569234 19 
0002 0011 4 1670726062856662 -16.25 -66.5 0.1349903093339364 19 
0002 0007 4 1670726062883066 -48.8125 -62.0 3.141592653589793 19 
0002 0001 4 1670726062896563 111.4375 -74.5 3.2949907323783574 19 
0002 0008 5 1670726062948979 156.1875 -70.5 5.197126909356553 19 
0002 0010 5 1670726062965234 35.75 -68.5 5.688000761479957 19 
0002 0012 5 1670726062981119 -120.4375 -71.5 3.6324665057131984 19 
0002 0010 6 1670726063040522 6.5 -58.0 1.5953400194010667 19 
0002 0001 6 1670726063045982 48.8125 -71.5 0.5338253141842031 19 
0002 0011 6 1670726063061998 -55.3125 -67.0 5.111223985234957 19 
0002 0010 7 1670726063133217 9.75 -65.0 4.97623367590102 19 
0002 0012 8 1670726063212835 87.875 -73.0 1.7732817907958012 19 
0002 0012 1 1670726063445970 -35.75 -70.0 2.1046216409791 19 
0002 0011 3 1670726063641842 9.75 -66.5 4.3074180523828804 19 
0002 0005 3 1670726063668141 -87.0625 -67.0 5.332117218690489 19 
0002 0012 3 1670726063707479 -68.3125 -70.0 0.6504078540635119 19 
0002 0001 4 1670726063750330 30.875 -74.5 3.448388811166921 19 
0002 0005 4 1670726063755953 -45.5625 -67.5 0.5645049299419159 19 
0002 0007 4 1670726063767293 13.0 -61.5 3.184544115650591 19 
0002 0011 4 1670726063806753 -3.25 -68.0 6.160466844148735 19 
0002 0007 5 1670726063882329 52.0625 -68.0 1.8530487917658545 19 
0002 0008 5 1670726063906873 -182.25 -70.5 5.45483568172134 19 
0002 0010 5 1670726063913537 -52.0625 -68.5 5.730952223540755 19 
0002 0011 6 1670726063990114 29.25 -66.5 4.700117134081604 19 
0002 0001 6 1670726063992214 52.0625 -71.0 0.4295146206079795 19 
0002 0010 6 1670726064002793 29.25 -58.0 1.6689710972195777 19 
0002 0010 7 1670726064073750 13.0 -64.5 4.890330751779424 19 
0002 0012 8 1670726064119483 -26.0 -73.0 2.086213871524472 19 
0002 0012 1 1670726064378851 159.5 -69.5 2.110757564130642 19 
0002 0011 3 1670726064628756 -78.0625 -70.5 0.5583690067903734 19 
0002 0001 4 1670726064722917 131.8125 -75.0 2.9820586516496865 19 
0002 0011 4 1670726064730988 13.0 -62.5 0.4663301595172349 19 
0002 0010 4 1670726064737055 -45.5625 -71.5 1.945087639038993 19 
0002 0011 6 1670726064882201 -32.5 -67.5 5.559146375297564 19 
0002 0001 6 1670726064885356 -30.875 -72.0 1.8039614065535141 19 
0002 0010 6 1670726064887707 -65.0625 -68.5 1.5155730184310134 19 
0002 0012 8 1670726065062736 -19.5 -74.5 1.4910293258248433 19 
0002 0012 1 1670726065278715 -29.25 -72.5 1.859184714917397 19 
0002 0011 3 1670726065467155 26.0 -68.0 5.2339424482658075 19 
0002 0013 4 1670726065580297 345.0 -76.5 2.0064468705544187 19 
0002 0011 4 1670726065603224 -22.75 -64.0 0.7117670855789375 19 
0002 0010 4 1670726065625227 104.125 -71.0 1.0921943209745766 19 
0002 0001 4 1670726065640725 100.875 -74.0 3.098641191528995 19 
0002 0010 5 1670726065689808 19.5 -69.0 4.779884135051658 19 
0002 0011 5 1670726065694824 81.375 -69.5 1.945087639038993 19 
0002 0004 6 1670726065802471 6.5 -67.5 1.718058482431918 19 
0002 0001 6 1670726065803389 -45.5625 -71.5 1.4910293258248433 19 
0002 0011 6 1670726065813632 -42.3125 -63.0 5.092816215780329 19 
0002 0010 6 1670726065819528 -6.5 -65.0 1.8346410223112268 19 
0002 0012 1 1670726066226706 6.5 -70.5 1.8285050991596843 19 
0002 0011 3 1670726066453244 -39.0 -69.0 5.712544454086128 19 
0002 0010 4 1670726066552988 -16.25 -68.5 0.760854470791278 19 
0002 0001 4 1670726066572689 279.9375 -74.0 2.7550294950426117 19 
0002 0011 4 1670726066574118 -22.75 -64.5 0.7915340865489908 19 
0002 0010 5 1670726066656979 113.875 -69.5 4.601942363656923 19 
0002 0004 5 1670726066690548 -84.625 -70.5 2.000310947402876 19 
0002 0011 6 1670726066738092 -39.0 -63.0 5.166447293598839 19 
0002 0010 6 1670726066743887 -9.75 -63.5 1.6014759425526093 19 
0002 0001 6 1670726066753310 -79.75 -72.0 1.662835174068035 19 
0002 0004 6 1670726066782004 -35.75 -66.0 1.7855536370988863 19 
0002 0012 8 1670726066924896 128.5625 -75.0 1.4173982480063325 19 
0002 0012 1 1670726067193936 -81.375 -71.5 1.7732817907958012 19 
0002 0011 3 1670726067347532 -113.875 -68.0 5.970253226450915 19 
