0006 0001 1 1670726113036301 -42.3125 -70.5 5.264622064023521 16 
0006 0001 4 1670726113319768 100.875 -69.0 2.564815877344792 16 
0006 0006 5 1670726113383287 -55.3125 -72.0 5.595961914206819 16 
0006 0001 5 1670726113397708 3.25 -64.0 1.3192234775816514 16 
0006 0006 6 1670726113502536 -145.625 -73.0 2.5586799541932495 16 
0006 0002 6 1670726113505604 65.0625 -72.5 5.43029198911517 16 
0006 0001 6 1670726113513489 29.25 -70.0 5.6941366846315 16 
0006 0002 7 1670726113586560 -159.5 -69.0 3.3502140407422405 16 
0006 0015 7 1670726113596087 55.3125 -72.0 3.3011266555298997 16 
0006 0001 1 1670726113916547 68.3125 -69.5 4.988505522204105 16 
0006 0001 4 1670726114195930 -22.75 -69.0 2.7857091108003242 16 
0006 0006 5 1670726114306023 -131.8125 -71.0 5.743224069843841 16 
0006 0001 5 1670726114307000 78.0625 -64.5 1.086058397823034 16 
0006 0002 6 1670726114442569 -87.875 -74.0 5.7616318392984684 16 
0006 0001 6 1670726114443756 32.5 -70.0 5.546874528994478 16 
0006 0006 6 1670726114447121 -45.5625 -73.0 2.3746022596469727 16 
0006 0015 7 1670726114494816 38.1875 -71.5 3.4606606574700063 16 
0006 0002 7 1670726114506552 104.125 -70.5 2.9391071895888885 16 
0006 0001 3 1670726115075304 149.6875 -68.0 1.6382914814618648 16 
0006 0015 4 1670726115195619 27.625 -69.0 2.380738182798515 16 
0006 0001 5 1670726115261262 -3.25 -64.0 1.3192234775816514 16 
0006 0005 5 1670726115268592 48.8125 -67.5 5.773903685601553 16 
0006 0006 5 1670726115271653 -333.625 -72.0 6.043884304269426 16 
0006 0002 6 1670726115340943 91.125 -72.5 5.780039608753096 16 
0006 0006 6 1670726115360116 130.1875 -73.5 2.282563412373834 16 
0006 0002 7 1670726115419090 -84.625 -68.5 3.160000423044421 16 
0006 0015 7 1670726115425707 117.9375 -69.0 2.2580197197676637 16 
0006 0015 3 1670726115960923 229.4375 -71.0 2.9391071895888885 16 
0006 0015 4 1670726116062330 180.625 -69.0 2.386874105950058 16 
0006 0005 5 1670726116125920 -91.125 -70.5 6.007068765360171 16 
0006 0001 5 1670726116136324 32.5 -64.5 0.8222137023067037 16 
0006 0006 6 1670726116224423 17.0625 -73.0 2.3439226438892597 16 
0006 0002 6 1670726116265420 -32.5 -71.5 5.9088939949354895 16 
0006 0002 7 1670726116314120 -58.5625 -69.5 3.472932503773092 16 
0006 0015 7 1670726116341696 76.4375 -71.0 2.5586799541932495 16 
0006 0015 4 1670726116949243 24.375 -68.5 2.5341362615870793 16 
0006 0006 5 1670726117055932 179.0 -71.0 5.651185222570702 16 
0006 0001 5 1670726117078870 81.375 -64.5 0.662679700366597 16 
0006 0002 6 1670726117156268 0.0 -72.0 5.8659425328746915 16 
0006 0006 6 1670726117159049 128.5625 -73.0 1.9880391010997909 16 
0006 0002 7 1670726117242941 16.25 -69.5 3.393165502803038 16 
0006 0015 7 1670726117261630 -62.625 -72.0 2.497320722677824 16 
0006 0015 4 1670726117872487 156.1875 -69.0 2.3316507975861747 16 
0006 0001 5 1670726117933579 -45.5625 -65.0 0.9756117810952678 16 
0006 0006 5 1670726117961434 38.1875 -71.5 5.45483568172134 16 
