0005 0008 1 1670726138904314 -32.5 -62.5 2.9022916506796332 20 
0005 0000 1 1670726138913396 13.0 -64.5 0.9265243958829272 20 
0005 0007 1 1670726138927761 48.8125 -72.0 6.105243535784852 20 
0005 0009 1 1670726138939268 45.5625 -73.5 3.442252888015379 20 
0005 0000 2 1670726138981811 9.75 -70.5 4.086524818927348 20 
0005 0008 2 1670726138990926 -74.8125 -63.0 5.688000761479957 20 
0005 0008 3 1670726139049273 -292.9375 -68.0 5.632777453116074 20 
0005 0005 4 1670726139138355 -3.25 -64.0 1.0615147052168636 20 
0005 0011 4 1670726139146283 13.0 -70.5 1.6321555583103222 20 
0005 0008 4 1670726139155313 -16.25 -66.5 4.657165672020807 20 
0005 0007 4 1670726139195098 -35.75 -70.5 2.356194490192345 20 
0005 0007 5 1670726139228364 -39.0 -70.0 2.448233337465483 20 
0005 0010 5 1670726139230906 -201.8125 -68.5 3.5711072741977725 20 
0005 0003 5 1670726139260445 22.75 -70.5 3.5281558121369745 20 
0005 0006 5 1670726139274174 65.875 -71.0 4.246058820867455 20 
0005 0006 6 1670726139338777 6.5 -62.5 0.3436116964863836 20 
0005 0010 6 1670726139341398 -179.0 -71.5 3.822680123411018 20 
0005 0002 6 1670726139348595 -3.25 -62.0 1.9512235621905356 20 
0005 0004 6 1670726139353200 -10.5625 -63.5 5.706408530934585 20 
0005 0005 7 1670726139416260 -81.375 -65.0 3.2888548092268146 20 
0005 0015 7 1670726139420598 117.125 -69.5 4.92714629068868 20 
0005 0008 7 1670726139424187 -52.0625 -59.5 5.8475347634200645 20 
0005 0011 7 1670726139430333 26.0 -64.0 0.8283496254582462 20 
0005 0004 7 1670726139433935 7.3125 -59.0 4.755340442445488 20 
0005 0006 7 1670726139441407 -6.5 -63.5 1.3744467859455345 20 
0005 0010 7 1670726139448098 81.375 -64.0 2.1966604882522383 20 
0005 0009 7 1670726139459493 -201.8125 -67.5 3.4606606574700063 20 
0005 0008 8 1670726139496321 0.0 -61.5 6.1420590746941075 20 
0005 0000 8 1670726139502590 6.5 -64.0 1.945087639038993 20 
0005 0004 8 1670726139505075 -10.5625 -70.0 6.1420590746941075 20 
0005 0009 8 1670726139513898 315.6875 -75.0 3.522019888985432 20 
0005 0007 8 1670726139516696 -52.0625 -70.0 0.19634954084936207 20 
0005 0014 1 1670726139741076 48.8125 -65.0 0.6933593161243098 20 
0005 0008 1 1670726139744359 9.75 -60.0 6.000932842208628 20 
0005 0015 1 1670726139755576 19.5 -63.0 4.3933209765044765 20 
0005 0003 1 1670726139759840 -68.3125 -70.5 4.8351074434155406 20 
0005 0000 1 1670726139772185 -35.75 -69.0 2.988194574801229 20 
0005 0013 1 1670726139780322 -13.0 -66.0 4.804427827657828 20 
0005 0007 1 1670726139786243 -123.6875 -71.5 4.215379205109742 20 
0005 0010 1 1670726139789321 42.3125 -70.5 4.749204519293945 20 
0005 0004 1 1670726139794489 41.5 -70.0 4.503767593232243 20 
0005 0005 1 1670726139797858 17.0625 -72.5 2.6813984172241008 20 
0005 0000 2 1670726139830808 52.0625 -68.0 4.491495746929157 20 
0005 0005 2 1670726139832020 45.5625 -67.0 1.1167380135807468 20 
0005 0008 2 1670726139834131 149.6875 -61.0 1.9757672547967058 20 
0005 0006 2 1670726139842043 -71.5625 -66.0 1.1290098598838318 20 
0005 0015 2 1670726139888864 -74.8125 -69.5 0.7179030087304801 20 
0005 0015 4 1670726140041865 -19.5 -68.0 5.626641529964532 20 
0005 0005 4 1670726140049676 52.0625 -66.0 0.6013204688511713 20 
0005 0004 4 1670726140065141 45.5625 -72.0 2.1537090261914402 20 
0005 0003 5 1670726140096384 97.625 -70.0 2.478912953223196 20 
0005 0006 5 1670726140113993 -3.25 -68.0 4.95168998329485 20 
0005 0005 5 1670726140142515 48.8125 -71.0 1.8039614065535141 20 
0005 0010 5 1670726140159224 -107.375 -72.5 1.1780972450961724 20 
0005 0002 6 1670726140210619 3.25 -66.5 0.4663301595172349 20 
0005 0004 6 1670726140230214 21.125 -65.5 4.246058820867455 20 
0005 0008 6 1670726140231661 -78.0625 -70.5 6.068427996875596 20 
0005 0006 7 1670726140276340 -52.0625 -64.0 2.988194574801229 20 
0005 0003 7 1670726140277813 6.5 -67.0 0.5399612373357456 20 
0005 0015 7 1670726140287003 -6.5 -60.0 5.227806525114265 20 
0005 0008 7 1670726140290357 35.75 -60.0 0.3129320807286708 20 
0005 0013 7 1670726140301286 -13.0 -66.0 4.23378697456437 20 
0005 0014 7 1670726140306054 58.5625 -68.0 1.6198837120072371 20 
0005 0005 7 1670726140314933 -26.0 -63.5 4.516039439535327 20 
0005 0004 7 1670726140316077 -38.1875 -63.5 0.04908738521234052 20 
0005 0002 8 1670726140369262 -78.0625 -70.5 2.411417798556228 20 
0005 0008 8 1670726140371755 39.0 -63.0 0.9756117810952678 20 
0005 0006 8 1670726140373762 0.0 -59.5 0.09203884727313846 20 
0005 0000 8 1670726140381751 35.75 -66.0 3.0066023442558567 20 
0005 0005 8 1670726140387556 52.0625 -70.5 2.4911847995262812 20 
0005 0004 8 1670726140393765 45.5625 -71.0 5.64504929941916 20 
0005 0004 1 1670726140618576 -9.75 -68.5 5.7616318392984684 20 
0005 0015 1 1670726140621725 26.0 -64.0 3.724505352986337 20 
0005 0013 1 1670726140625031 -35.75 -70.0 4.135612204139688 20 
0005 0005 1 1670726140628638 16.25 -68.5 4.8351074434155406 20 
0005 0007 1 1670726140630555 -100.875 -70.5 5.00077736850719 20 
0005 0014 1 1670726140644621 -3.25 -67.5 0.37429131224409645 20 
0005 0003 1 1670726140646041 -48.8125 -67.5 0.42337869745643697 20 
0005 0010 1 1670726140650136 68.3125 -72.0 5.092816215780329 20 
0005 0008 1 1670726140667271 -6.5 -59.5 1.2517283229146832 20 
0005 0000 2 1670726140735766 110.625 -67.5 5.939573610693203 20 
0005 0008 2 1670726140736713 13.0 -62.0 3.4177091954092087 20 
0005 0005 2 1670726140741242 17.0625 -63.5 2.3746022596469727 20 
0005 0006 2 1670726140747033 136.6875 -63.5 1.7732817907958012 20 
0005 0015 2 1670726140822314 94.375 -68.0 0.7731263170943632 20 
0005 0004 4 1670726140965351 -41.5 -72.5 2.1659808724945253 20 
0005 0015 4 1670726140967179 35.75 -67.5 5.3198453723874035 20 
0005 0005 4 1670726140968126 35.75 -62.5 1.1965050145508 20 
0005 0005 5 1670726141007193 -197.6875 -70.5 2.399145952253143 20 
0005 0006 5 1670726141013325 -35.75 -64.5 4.3503695144436785 20 
0005 0004 6 1670726141093320 -9.75 -65.5 4.81056375080937 20 
0005 0008 6 1670726141102438 -78.0625 -71.5 0.030679615757712823 20 
0005 0005 6 1670726141114053 -139.125 -70.0 4.945554060143307 20 
0005 0002 6 1670726141132503 22.75 -67.0 0.6135923151542565 20 
0005 0008 7 1670726141191572 42.3125 -60.5 0.2270291566070749 20 
0005 0015 7 1670726141192452 22.75 -61.0 5.037592907416445 20 
0005 0004 7 1670726141193638 -7.3125 -62.5 6.105243535784852 20 
0005 0014 7 1670726141199282 175.75 -70.5 1.214912784005428 20 
0005 0003 7 1670726141208326 -13.0 -66.5 0.018407769454627694 20 
0005 0013 7 1670726141209761 -48.8125 -66.0 3.80427235395639 20 
0005 0005 7 1670726141210946 -62.625 -63.5 4.700117134081604 20 
0005 0006 7 1670726141214737 -45.5625 -63.5 3.2581751934691017 20 
0005 0004 8 1670726141266253 -3.25 -71.0 5.3627968344482015 20 
0005 0008 8 1670726141268182 45.5625 -63.0 0.8344855486097889 20 
0005 0002 8 1670726141270181 104.125 -69.0 1.8960002538266525 20 
0005 0006 8 1670726141273789 6.5 -59.0 6.22182607566416 20 
0005 0000 8 1670726141277413 -3.25 -65.5 2.9391071895888885 20 
0005 0015 1 1670726141505902 -81.375 -64.0 3.8288160465625602 20 
0005 0003 1 1670726141510364 -3.25 -67.0 0.1718058482431918 20 
0005 0004 1 1670726141515285 229.4375 -69.0 5.184855063053467 20 
0005 0010 1 1670726141516771 55.3125 -72.0 5.019185137961818 20 
0005 0008 1 1670726141526916 19.5 -59.5 1.1535535524900022 20 
0005 0007 1 1670726141528804 -29.25 -70.5 4.828971520263998 20 
0005 0014 1 1670726141546424 -45.5625 -67.5 0.2454369260617026 20 
0005 0005 1 1670726141560188 52.0625 -70.0 5.00077736850719 20 
0005 0013 1 1670726141561139 -91.125 -69.0 4.2031073588066565 20 
0005 0005 2 1670726141591729 0.0 -64.0 2.5402721847386216 20 
0005 0008 2 1670726141603167 19.5 -62.0 3.380893656499953 20 
0005 0006 2 1670726141607498 -32.5 -64.0 1.7978254834019713 20 
0005 0015 2 1670726141622058 -65.0625 -68.5 1.1535535524900022 20 
0005 0000 2 1670726141623444 -136.6875 -68.0 6.2034183062095325 20 
0005 0015 4 1670726141782767 -45.5625 -68.5 5.405748296509 20 
0005 0005 4 1670726141789534 6.5 -62.0 1.2762720155208536 20 
0005 0004 4 1670726141798282 10.5625 -71.5 2.0493983326152168 20 
0005 0006 5 1670726141892318 55.3125 -65.0 4.368777283898306 20 
0005 0005 5 1670726141897176 -45.5625 -69.5 2.325514874434632 20 
0005 0004 6 1670726141965030 0.0 -65.5 4.822835597112456 20 
0005 0002 6 1670726141969575 13.0 -66.0 0.6320000846088841 20 
0005 0005 6 1670726141989787 7.3125 -71.0 4.669437518323892 20 
0005 0004 7 1670726142053345 -27.625 -63.0 0.20248546400090464 20 
0005 0006 7 1670726142064072 -55.3125 -63.0 3.3318062712876126 20 
0005 0015 7 1670726142067719 -78.0625 -60.5 5.154175447295755 20 
0005 0008 7 1670726142070640 39.0 -60.0 0.11044661672776616 20 
0005 0003 7 1670726142071954 -87.875 -66.5 0.04908738521234052 20 
0005 0005 7 1670726142079654 -39.0 -63.0 4.657165672020807 20 
0005 0014 7 1670726142084883 52.0625 -70.0 1.5278448647340985 20 
0005 0013 7 1670726142087204 -91.125 -66.0 4.239922897715912 20 
0005 0006 8 1670726142136449 -19.5 -59.0 0.0 20 
0005 0000 8 1670726142139834 35.75 -65.5 2.804116880254952 20 
0005 0004 8 1670726142144462 24.375 -71.5 5.240078371417351 20 
0005 0002 8 1670726142148368 -35.75 -69.0 1.9757672547967058 20 
0005 0008 8 1670726142152932 29.25 -63.0 0.7179030087304801 20 
0005 0015 1 1670726142377320 -6.5 -64.0 3.6754179677739964 20 
0005 0004 1 1670726142388002 -149.6875 -69.0 5.743224069843841 20 
0005 0003 1 1670726142392067 120.4375 -68.5 0.02454369260617026 20 
0005 0008 1 1670726142397829 0.0 -59.0 1.1228739367322893 20 
0005 0005 1 1670726142400255 6.5 -70.0 4.638757902566179 20 
0005 0014 1 1670726142412699 -45.5625 -68.0 0.23930100291016002 20 
0005 0007 1 1670726142422571 3.25 -71.0 4.675573441475434 20 
0005 0013 1 1670726142426062 -48.8125 -69.5 4.239922897715912 20 
0005 0010 1 1670726142429532 -74.8125 -71.5 5.565282298449106 20 
0005 0000 2 1670726142478869 -136.6875 -67.0 6.178874613603362 20 
0005 0005 2 1670726142480738 -3.25 -63.5 2.405281875404685 20 
0005 0008 2 1670726142495635 42.3125 -62.0 3.2213596545598464 20 
0005 0006 2 1670726142498913 58.5625 -64.0 1.9082721001297376 20 
0005 0005 3 1670726142594904 13.8125 -69.5 4.331961744989051 20 
0005 0004 4 1670726142658469 35.75 -71.5 1.8775924843720249 20 
0005 0005 4 1670726142669869 6.5 -62.0 1.3499030933393643 20 
0005 0015 4 1670726142673984 35.75 -67.0 5.368932757599744 20 
0005 0006 5 1670726142780468 -13.0 -64.5 4.3933209765044765 20 
0005 0005 5 1670726142790460 -35.75 -70.0 2.454369260617026 20 
0005 0005 6 1670726142875200 -65.875 -71.5 4.71238898038469 20 
0005 0004 6 1670726142903643 -17.0625 -65.0 4.822835597112456 20 
0005 0002 6 1670726142915845 19.5 -66.5 0.6258641614573416 20 
0005 0013 7 1670726142956792 -45.5625 -66.5 3.6201946594101133 20 
0005 0005 7 1670726142971863 30.875 -63.0 4.565126824747668 20 
0005 0003 7 1670726142972808 0.0 -67.5 6.17273869045182 20 
0005 0006 7 1670726142975756 -32.5 -63.0 3.2765829629237295 20 
0005 0004 7 1670726142977703 0.0 -62.5 6.037748381117884 20 
0005 0015 7 1670726142980077 -55.3125 -61.0 5.190990986205009 20 
0005 0008 7 1670726142984626 -26.0 -60.5 0.1902136176978195 20 
0005 0014 7 1670726142985999 68.3125 -70.5 1.6505633277649499 20 
0005 0006 8 1670726143037017 -13.0 -59.0 6.270913460876501 20 
0005 0002 8 1670726143039182 22.75 -70.0 1.9082721001297376 20 
0005 0008 8 1670726143048665 35.75 -63.5 0.7240389318820226 20 
0005 0000 8 1670726143051560 16.25 -65.0 2.773437264497239 20 
0005 0004 8 1670726143053893 -76.4375 -72.5 5.436427912266712 20 
0005 0015 1 1670726143310924 42.3125 -64.5 3.6201946594101133 20 
0005 0005 1 1670726143315549 21.125 -68.0 4.638757902566179 20 
0005 0003 1 1670726143320223 -26.0 -68.5 0.1902136176978195 20 
0005 0013 1 1670726143321331 -100.875 -69.0 4.190835512503572 20 
0005 0010 1 1670726143324644 45.5625 -71.0 5.50392306693368 20 
0005 0007 1 1670726143326077 -136.6875 -71.5 4.921010367537137 20 
0005 0014 1 1670726143328771 120.4375 -67.5 6.252505691421874 20 
0005 0008 1 1670726143329789 26.0 -59.0 1.0737865515199487 20 
0005 0004 1 1670726143335295 -38.1875 -69.5 5.5714182216006485 20 
0005 0006 2 1670726143387510 -45.5625 -63.5 2.024854640009046 20 
0005 0000 2 1670726143399889 -237.5625 -68.0 0.17794177139473438 20 
0005 0005 2 1670726143410800 -52.0625 -63.5 2.380738182798515 20 
0005 0008 2 1670726143421653 -3.25 -62.0 3.3379421944391554 20 
0005 0005 3 1670726143501280 -175.75 -70.0 4.448544284868359 20 
0005 0005 4 1670726143575080 42.3125 -62.0 1.3192234775816514 20 
0005 0015 4 1670726143612394 16.25 -68.5 5.393476450205914 20 
0005 0004 4 1670726143613370 69.125 -71.0 1.9205439464328227 20 
0005 0005 5 1670726143662634 335.25 -69.5 1.736466251886546 20 
0005 0006 5 1670726143672693 -32.5 -64.5 4.368777283898306 20 
0005 0002 6 1670726143806237 6.5 -66.0 0.619728238305799 20 
0005 0005 6 1670726143810454 -26.0 -70.0 4.8351074434155406 20 
0005 0004 6 1670726143818333 90.3125 -65.5 4.663301595172349 20 
