0000 0006 1 1670723770656020 -16.25 -60.5 5.994796919057086 0 
0000 0013 1 1670723770669633 -6.5 -63.0 0.7117670855789375 0 
0000 0000 1 1670723770670868 -58.5625 -67.0 5.21553467881118 0 
0000 0012 1 1670723770671771 42.3125 -55.5 2.9820586516496865 0 
0000 0004 1 1670723770677271 -45.5625 -63.0 5.675728915176872 0 
0000 0014 1 1670723770679200 -52.0625 -63.5 5.5284667595398505 0 
0000 0005 1 1670723770683699 -26.0 -61.0 4.1601558967458585 0 
0000 0007 1 1670723770685738 3.25 -63.0 2.282563412373834 0 
0000 0010 1 1670723770698602 -55.3125 -66.5 3.6263305825616556 0 
0000 0003 1 1670723770704747 -227.8125 -73.0 4.086524818927348 0 
0000 0015 1 1670723770706558 52.0625 -69.0 0.5092816215780329 0 
0000 0009 1 1670723770711043 13.8125 -66.0 3.865631585471816 0 
0000 0005 2 1670723770741258 3.25 -59.5 6.086835766330224 0 
0000 0015 2 1670723770742238 -58.5625 -59.5 4.166291819897402 0 
0000 0004 2 1670723770743441 3.25 -61.0 0.8897088569736719 0 
0000 0012 2 1670723770744333 -29.25 -57.0 4.129476280988146 0 
0000 0007 2 1670723770752023 19.5 -59.0 4.681709364626977 0 
0000 0014 2 1670723770756304 81.375 -63.5 1.509437095279471 0 
0000 0009 2 1670723770758225 139.125 -67.0 0.01227184630308513 0 
0000 0010 2 1670723770761070 -19.5 -58.0 4.503767593232243 0 
0000 0000 2 1670723770766923 182.25 -69.5 1.8714565612204823 0 
0000 0013 2 1670723770767855 -29.25 -55.5 5.295301679781233 0 
0000 0013 3 1670723770831262 -113.875 -63.0 2.748893571891069 0 
0000 0007 3 1670723770836959 -71.5625 -67.5 0.9142525495798421 0 
0000 0004 3 1670723770840038 -97.625 -69.0 6.135923151542564 0 
0000 0015 3 1670723770852865 -58.5625 -64.0 5.589825991055276 0 
0000 0005 3 1670723770877806 104.125 -71.0 1.5830681730979816 0 
0000 0015 4 1670723770942439 19.5 -68.5 5.878214379177777 0 
0000 0013 4 1670723770947753 52.0625 -60.0 1.1228739367322893 0 
0000 0012 4 1670723770992017 21.125 -68.0 1.2762720155208536 0 
0000 0005 5 1670723771026926 6.5 -64.5 3.933126740138784 0 
0000 0013 6 1670723771149279 -97.625 -70.0 5.798447378207723 0 
0000 0013 7 1670723771188910 -185.5 -68.5 2.724349879284899 0 
0000 0012 7 1670723771203403 62.625 -63.5 6.178874613603362 0 
0000 0014 7 1670723771204366 29.25 -60.5 0.5522330836388308 0 
0000 0004 7 1670723771207450 0.0 -51.0 0.6135923151542565 0 
0000 0006 7 1670723771214630 -13.0 -61.0 4.841243366567084 0 
0000 0010 7 1670723771216674 -117.125 -66.0 4.657165672020807 0 
0000 0015 7 1670723771221256 100.875 -67.0 0.6810874698212247 0 
0000 0005 7 1670723771230990 -62.625 -70.5 5.442563835418255 0 
0000 0014 8 1670723771256938 16.25 -60.0 2.1659808724945253 0 
0000 0010 8 1670723771258850 -100.875 -67.5 4.1601558967458585 0 
0000 0009 8 1670723771272661 -55.3125 -70.5 3.117048960983623 0 
0000 0012 8 1670723771274316 187.125 -72.5 0.07363107781851078 0 
0000 0004 8 1670723771284245 -6.5 -47.0 2.509592568980909 0 
0000 0006 8 1670723771286958 26.0 -61.0 0.18407769454627693 0 
0000 0015 8 1670723771290200 81.375 -69.0 6.056156150572511 0 
0000 0013 8 1670723771298382 -52.0625 -70.0 2.6323110320117604 0 
0000 0007 1 1670723771518665 -19.5 -63.0 2.3071071049800045 0 
0000 0013 1 1670723771524144 -32.5 -63.5 0.7547185476397354 0 
0000 0014 1 1670723771533197 -6.5 -63.5 5.5284667595398505 0 
0000 0012 1 1670723771536422 -24.375 -56.0 3.067961575771282 0 
0000 0006 1 1670723771540279 -29.25 -61.5 6.019340611663256 0 
0000 0010 1 1670723771543678 3.25 -65.0 3.5588354278946874 0 
0000 0004 1 1670723771553596 -39.0 -63.0 5.743224069843841 0 
0000 0009 1 1670723771554543 52.0625 -68.0 3.816544200259475 0 
0000 0005 1 1670723771567513 -19.5 -61.5 4.190835512503572 0 
0000 0000 1 1670723771568715 -52.0625 -67.0 5.148039524144211 0 
0000 0015 1 1670723771573587 -74.8125 -69.5 0.7485826244881929 0 
0000 0015 2 1670723771609109 -48.8125 -59.0 4.06811704947272 0 
0000 0007 2 1670723771611259 -3.25 -59.0 4.804427827657828 0 
0000 0014 2 1670723771613358 35.75 -63.5 1.6444274046134073 0 
0000 0009 2 1670723771618694 125.3125 -67.0 6.22182607566416 0 
0000 0004 2 1670723771622515 0.0 -61.5 0.8713010875190442 0 
0000 0012 2 1670723771627417 -13.0 -58.0 4.086524818927348 0 
0000 0005 2 1670723771631773 16.25 -59.5 6.074563920027139 0 
0000 0013 2 1670723771635355 -45.5625 -56.0 5.393476450205914 0 
0000 0010 2 1670723771637179 -13.0 -58.0 4.503767593232243 0 
0000 0000 2 1670723771638354 84.625 -70.0 2.1353012567368124 0 
0000 0015 3 1670723771713408 -6.5 -64.0 5.546874528994478 0 
0000 0005 3 1670723771715406 -215.625 -70.0 2.2518837966161214 0 
0000 0004 3 1670723771719954 9.75 -68.5 5.737088146692298 0 
0000 0013 3 1670723771726059 71.5625 -64.5 2.5280003384355365 0 
0000 0007 3 1670723771727698 29.25 -68.0 0.8958447801252144 0 
0000 0013 4 1670723771796789 45.5625 -60.5 1.380582709097077 0 
0000 0012 4 1670723771810530 -3.25 -70.0 1.576932249946439 0 
0000 0015 4 1670723771839811 58.5625 -68.0 5.780039608753096 0 
0000 0005 5 1670723771903164 -13.0 -64.5 4.28287435977671 0 
0000 0015 6 1670723771999076 -78.0625 -73.0 3.4913402732277192 0 
0000 0013 6 1670723772042352 -48.8125 -70.5 5.921165841238575 0 
0000 0015 7 1670723772074065 22.75 -68.0 0.7731263170943632 0 
0000 0004 7 1670723772079857 6.5 -50.5 0.6013204688511713 0 
0000 0014 7 1670723772082067 -9.75 -60.0 0.48473792897186263 0 
0000 0010 7 1670723772086981 -22.75 -69.0 4.491495746929157 0 
0000 0012 7 1670723772088142 29.25 -63.0 0.030679615757712823 0 
0000 0013 7 1670723772090518 -237.5625 -71.5 2.36846633649543 0 
0000 0005 7 1670723772091620 -84.625 -70.0 5.086680292628786 0 
0000 0006 7 1670723772094180 -55.3125 -61.5 4.828971520263998 0 
0000 0013 8 1670723772147515 117.125 -71.0 2.60776733940559 0 
0000 0004 8 1670723772153146 -6.5 -47.0 2.5341362615870793 0 
0000 0006 8 1670723772154809 29.25 -62.0 0.07976700097005335 0 
0000 0015 8 1670723772157933 61.8125 -68.5 5.835262917116979 0 
0000 0005 8 1670723772160835 68.3125 -71.5 0.4724660826687775 0 
0000 0014 8 1670723772164778 -16.25 -60.0 2.2457478734645786 0 
0000 0010 8 1670723772171373 -68.3125 -68.0 3.810408277107933 0 
0000 0012 8 1670723772173495 22.75 -72.0 0.04295146206079795 0 
0000 0001 8 1670723772177687 126.9375 -72.0 0.3374757733348411 0 
0000 0000 1 1670723772404174 -74.8125 -68.0 5.283029833478148 0 
0000 0014 1 1670723772408579 6.5 -62.0 5.399612373357457 0 
0000 0012 1 1670723772415085 17.0625 -55.0 3.0127382674073995 0 
0000 0004 1 1670723772416519 -13.0 -63.5 5.491651220630596 0 
0000 0007 1 1670723772422716 19.5 -61.5 2.5402721847386216 0 
0000 0013 1 1670723772427649 13.0 -61.0 0.7669903939428205 0 
0000 0005 1 1670723772430470 -38.1875 -60.0 4.006757817957295 0 
0000 0006 1 1670723772436549 29.25 -61.5 5.902758071783947 0 
0000 0015 1 1670723772438033 -39.0 -72.5 0.8774370106705868 0 
0000 0010 1 1670723772442581 19.5 -64.5 3.5281558121369745 0 
0000 0009 1 1670723772448158 -13.8125 -66.5 4.3074180523828804 0 
0000 0005 2 1670723772486030 -41.5 -60.0 6.025476534814799 0 
0000 0010 2 1670723772493585 6.5 -59.0 4.534447208989955 0 
0000 0012 2 1670723772494981 -3.25 -57.0 4.129476280988146 0 
0000 0013 2 1670723772498574 -16.25 -55.5 5.252350217720435 0 
0000 0009 2 1670723772503075 -100.875 -67.0 0.1902136176978195 0 
0000 0004 2 1670723772509548 117.125 -62.5 0.662679700366597 0 
0000 0015 2 1670723772512104 0.0 -59.5 4.0558452031696355 0 
0000 0007 2 1670723772514809 35.75 -58.0 4.663301595172349 0 
0000 0014 2 1670723772517546 48.8125 -64.0 1.7548740213411735 0 
0000 0000 2 1670723772533089 260.375 -69.0 1.9266798695843652 0 
0000 0013 3 1670723772587735 71.5625 -63.5 2.3439226438892597 0 
0000 0007 3 1670723772611727 45.5625 -68.0 0.4172427743048944 0 
0000 0015 3 1670723772621640 -35.75 -66.5 5.436427912266712 0 
0000 0005 3 1670723772637903 -205.0625 -70.5 1.8162332528565992 0 
0000 0013 4 1670723772698453 42.3125 -60.5 1.2885438618239387 0 
0000 0015 4 1670723772721744 26.0 -68.5 6.1420590746941075 0 
0000 0012 4 1670723772732550 -69.125 -66.0 1.5585244804918115 0 
0000 0005 5 1670723772791417 13.0 -63.5 4.0128937411088375 0 
0000 0013 6 1670723772866403 -3.25 -67.5 5.344389064993574 0 
0000 0006 7 1670723772930584 61.8125 -61.0 4.601942363656923 0 
0000 0014 7 1670723772940617 6.5 -60.0 0.3865631585471816 0 
0000 0015 7 1670723772941568 45.5625 -68.5 0.5031456984264903 0 
0000 0012 7 1670723772945943 3.25 -62.0 6.092971689481767 0 
0000 0010 7 1670723772948100 -74.8125 -68.0 4.6448938257177215 0 
0000 0004 7 1670723772949035 -16.25 -51.0 0.6258641614573416 0 
0000 0005 7 1670723772951538 298.625 -70.0 4.700117134081604 0 
0000 0013 7 1670723772959200 -3.25 -69.0 2.012582793705961 0 
0000 0015 8 1670723772992827 58.5625 -70.0 5.6143696836614465 0 
0000 0009 8 1670723772996844 -38.1875 -69.5 2.9084275738311756 0 
0000 0013 8 1670723772998586 26.0 -70.0 2.705942109830271 0 
0000 0006 8 1670723773001450 104.125 -61.0 0.018407769454627694 0 
0000 0014 8 1670723773002354 32.5 -59.5 2.2089323345553233 0 
0000 0004 8 1670723773004012 9.75 -47.0 2.4850488763747385 0 
0000 0005 8 1670723773009461 91.125 -72.5 0.4172427743048944 0 
0000 0001 8 1670723773018148 136.6875 -72.5 0.11658253987930872 0 
0000 0012 8 1670723773023288 73.1875 -72.5 0.09817477042468103 0 
0000 0014 1 1670723773241815 -52.0625 -62.0 5.559146375297564 0 
0000 0004 1 1670723773247922 -136.6875 -63.0 5.957981380147831 0 
0000 0010 1 1670723773252511 65.0625 -63.5 3.2949907323783574 0 
0000 0015 1 1670723773256373 -6.5 -71.0 0.5092816215780329 0 
0000 0005 1 1670723773261222 -16.25 -59.0 4.172427743048944 0 
0000 0013 1 1670723773263511 6.5 -60.5 0.9940195505498954 0 
0000 0012 1 1670723773264412 0.0 -55.0 3.098641191528995 0 
0000 0006 1 1670723773268060 -19.5 -62.0 6.12365130523948 0 
0000 0009 1 1670723773274056 83.0 -66.0 4.111068511533518 0 
0000 0007 1 1670723773277621 29.25 -60.5 2.411417798556228 0 
0000 0000 1 1670723773281245 -22.75 -67.5 5.307573526084319 0 
0000 0007 2 1670723773328109 -19.5 -58.0 4.724660826687775 0 
0000 0000 2 1670723773331881 -81.375 -69.5 2.4727770300716534 0 
0000 0013 2 1670723773334173 -19.5 -56.0 5.4671075280244255 0 
0000 0005 2 1670723773335090 0.0 -58.0 6.068427996875596 0 
0000 0009 2 1670723773337871 107.375 -67.5 0.18407769454627693 0 
0000 0012 2 1670723773340794 7.3125 -58.5 4.04357335686655 0 
0000 0010 2 1670723773342985 3.25 -58.0 4.522175362686871 0 
0000 0004 2 1670723773345834 16.25 -62.0 0.8160777791551611 0 
0000 0015 2 1670723773347575 58.5625 -59.5 4.000621894805752 0 
0000 0014 2 1670723773357139 -16.25 -64.5 1.7426021750380885 0 
0000 0006 2 1670723773358617 247.375 -70.0 0.5399612373357456 0 
0000 0015 3 1670723773443007 6.5 -65.5 5.148039524144211 0 
0000 0007 3 1670723773444014 -48.8125 -68.0 0.9572040116406401 0 
0000 0013 3 1670723773448316 -65.0625 -65.5 2.184388641949153 0 
0000 0005 3 1670723773471407 24.375 -70.0 0.9387962421860124 0 
0000 0013 4 1670723773542840 42.3125 -60.5 1.4480778637640452 0 
0000 0012 4 1670723773557091 9.75 -66.0 1.3130875544301088 0 
0000 0015 4 1670723773581715 26.0 -69.5 6.252505691421874 0 
0000 0005 5 1670723773635137 -3.25 -63.0 4.01902966426038 0 
0000 0013 6 1670723773752881 -107.375 -72.0 5.8045833013592665 0 
0000 0014 7 1670723773783258 6.5 -60.5 0.4663301595172349 0 
0000 0015 7 1670723773784207 -6.5 -68.0 1.0246991663076084 0 
0000 0004 7 1670723773785142 6.5 -51.0 0.4908738521234052 0 
0000 0012 7 1670723773796198 -21.125 -63.0 6.277049384028044 0 
0000 0006 7 1670723773797135 -3.25 -61.5 4.669437518323892 0 
0000 0010 7 1670723773799981 -126.9375 -67.5 4.6448938257177215 0 
0000 0005 7 1670723773806685 -17.0625 -70.0 5.3198453723874035 0 
0000 0013 7 1670723773810611 26.0 -69.0 1.945087639038993 0 
0000 0014 8 1670723773848349 -9.75 -60.0 2.2212041808584084 0 
0000 0010 8 1670723773849528 -19.5 -70.0 3.9822141253511245 0 
0000 0009 8 1670723773855591 87.875 -70.5 2.834796496012665 0 
0000 0012 8 1670723773857247 -48.8125 -72.5 0.07363107781851078 0 
0000 0015 8 1670723773861100 6.5 -69.5 6.000932842208628 0 
0000 0001 8 1670723773863246 211.5625 -71.5 6.19728238305799 0 
0000 0004 8 1670723773869063 -3.25 -47.0 2.454369260617026 0 
0000 0006 8 1670723773874106 6.5 -61.5 0.16566992509164924 0 
0000 0013 8 1670723773885627 -126.9375 -70.5 2.8961557275280905 0 
0000 0014 1 1670723774113027 -42.3125 -62.0 5.516194913236766 0 
0000 0004 1 1670723774122853 16.25 -62.5 5.626641529964532 0 
0000 0005 1 1670723774124440 -87.875 -59.5 4.3074180523828804 0 
0000 0006 1 1670723774125390 -22.75 -62.0 6.135923151542564 0 
0000 0013 1 1670723774126548 9.75 -60.5 0.9510680884890975 0 
0000 0007 1 1670723774128683 16.25 -61.0 2.5341362615870793 0 
0000 0000 1 1670723774132065 -52.0625 -68.5 5.221670601962723 0 
0000 0012 1 1670723774134735 -7.3125 -54.5 3.074097498922825 0 
0000 0010 1 1670723774140922 -81.375 -64.0 3.6079228131070282 0 
0000 0015 1 1670723774142113 104.125 -72.5 0.521553467881118 0 
0000 0009 1 1670723774144871 34.9375 -67.0 4.25833066717054 0 
0000 0003 1 1670723774164123 -9.75 -73.5 4.0558452031696355 0 
0000 0007 2 1670723774197255 26.0 -58.0 4.71238898038469 0 
0000 0013 2 1670723774200342 19.5 -55.5 5.356660911296659 0 
0000 0015 2 1670723774209554 -9.75 -59.5 4.1417481272912315 0 
0000 0012 2 1670723774210969 41.5 -57.5 4.04357335686655 0 
0000 0010 2 1670723774211932 -26.0 -58.5 4.577398671050753 0 
0000 0005 2 1670723774212937 -87.875 -58.5 6.2034183062095325 0 
0000 0006 2 1670723774215571 13.0 -69.5 0.9510680884890975 0 
0000 0004 2 1670723774217770 39.0 -62.5 0.944932165337555 0 
0000 0000 2 1670723774220071 6.5 -70.0 2.2027964114037806 0 
0000 0014 2 1670723774222259 6.5 -64.0 1.7241944055834606 0 
0000 0009 2 1670723774223478 -125.3125 -68.5 0.35588354278946877 0 
0000 0007 3 1670723774297259 84.625 -68.5 0.9203884727313847 0 
0000 0013 3 1670723774320689 -22.75 -65.5 2.1782527187976104 0 
0000 0015 3 1670723774326325 104.125 -66.5 5.0253210611133605 0 
0000 0005 3 1670723774329991 35.75 -69.5 0.8222137023067037 0 
0000 0013 4 1670723774382688 48.8125 -60.5 1.282407938672396 0 
0000 0015 4 1670723774416608 9.75 -68.5 6.178874613603362 0 
0000 0012 4 1670723774418662 39.0 -66.5 1.1474176293384597 0 
0000 0005 5 1670723774487032 3.25 -63.5 3.847223816017188 0 
0000 0013 6 1670723774569300 -159.5 -71.0 5.5284667595398505 0 
0000 0014 7 1670723774642273 -3.25 -60.5 0.4479223900626072 0 
0000 0015 7 1670723774643466 81.375 -67.0 0.803805932852076 0 
0000 0006 7 1670723774644403 -42.3125 -61.0 4.706253057233147 0 
0000 0005 7 1670723774645425 -276.625 -69.5 5.258486140871978 0 
0000 0012 7 1670723774650087 29.25 -63.0 6.1850105367549055 0 
0000 0004 7 1670723774651035 13.0 -51.0 0.4540583132141498 0 
0000 0013 7 1670723774659915 100.875 -68.5 1.8653206380689396 0 
0000 0010 7 1670723774661434 -123.6875 -67.5 4.675573441475434 0 
0000 0014 8 1670723774713992 -3.25 -60.0 2.2580197197676637 0 
0000 0006 8 1670723774716605 3.25 -61.5 0.1043106935762236 0 
0000 0013 8 1670723774717586 -175.75 -71.0 2.8777479580734626 0 
0000 0009 8 1670723774720186 131.8125 -71.0 2.5464081078901644 0 
0000 0001 8 1670723774722296 -136.6875 -71.5 0.4479223900626072 0 
0000 0015 8 1670723774729097 123.6875 -69.5 5.773903685601553 0 
0000 0004 8 1670723774731278 -3.25 -47.5 2.429825568010856 0 
0000 0012 8 1670723774739791 35.75 -72.0 6.1420590746941075 0 
0000 0005 1 1670723774958317 -35.75 -59.0 4.295146206079795 0 
0000 0006 1 1670723774959877 3.25 -62.5 6.209554229361076 0 
0000 0014 1 1670723774963645 -22.75 -61.5 5.442563835418255 0 
0000 0015 1 1670723774964892 -136.6875 -71.0 0.7424467013366504 0 
0000 0013 1 1670723774966814 -19.5 -60.5 1.0185632431560658 0 
0000 0009 1 1670723774968514 -55.3125 -67.5 4.448544284868359 0 
0000 0004 1 1670723774971629 19.5 -61.5 5.773903685601553 0 
0000 0012 1 1670723774984566 24.375 -55.0 3.043417883165112 0 
0000 0007 1 1670723774991560 -22.75 -61.0 2.6568547246179306 0 
0000 0000 1 1670723775001030 -42.3125 -67.5 5.313709449235861 0 
0000 0010 1 1670723775008189 6.5 -64.0 3.56497135104623 0 
0000 0003 1 1670723775009735 74.8125 -72.0 4.172427743048944 0 
0000 0000 2 1670723775047518 -52.0625 -68.5 2.4911847995262812 0 
0000 0012 2 1670723775049812 9.75 -58.0 4.1601558967458585 0 
0000 0013 2 1670723775051613 -19.5 -56.0 5.4671075280244255 0 
0000 0004 2 1670723775052816 -3.25 -61.5 1.0983302441261191 0 
0000 0005 2 1670723775053764 -48.8125 -58.5 6.2034183062095325 0 
0000 0014 2 1670723775055634 29.25 -64.0 1.8346410223112268 0 
0000 0007 2 1670723775056565 -9.75 -57.5 4.792155981354743 0 
0000 0010 2 1670723775060151 29.25 -59.5 4.577398671050753 0 
0000 0015 2 1670723775064463 -6.5 -59.5 4.1172044346850605 0 
0000 0006 2 1670723775066907 29.25 -70.0 1.141281706186917 0 
0000 0009 2 1670723775072736 42.3125 -66.5 0.2761165418194154 0 
0000 0007 3 1670723775129953 -6.5 -67.0 1.1228739367322893 0 
0000 0013 3 1670723775138346 -39.0 -64.5 2.2886993355253766 0 
0000 0015 3 1670723775169779 -3.25 -66.5 5.227806525114265 0 
0000 0005 3 1670723775175704 30.875 -69.5 0.6994952392758523 0 
0000 0012 4 1670723775240350 48.8125 -67.0 1.1228739367322893 0 
0000 0013 4 1670723775257389 19.5 -60.5 1.368310862793992 0 
0000 0015 4 1670723775259319 32.5 -70.0 6.22182607566416 0 
0000 0005 5 1670723775329436 -35.75 -63.5 3.9085830475326135 0 
0000 0013 6 1670723775445471 -104.125 -72.5 5.589825991055276 0 
0000 0012 7 1670723775516652 9.75 -63.5 6.234097921967246 0 
0000 0010 7 1670723775521164 218.0625 -67.5 4.086524818927348 0 
0000 0006 7 1670723775526659 -48.8125 -61.5 4.651029748869264 0 
0000 0004 7 1670723775530757 3.25 -50.5 0.42337869745643697 0 
0000 0014 7 1670723775531702 0.0 -60.5 0.4540583132141498 0 
0000 0013 7 1670723775537667 -231.0625 -69.5 2.5893595699509624 0 
0000 0015 7 1670723775538925 19.5 -67.5 0.9510680884890975 0 
0000 0005 7 1670723775550109 45.5625 -70.0 5.092816215780329 0 
0000 0006 8 1670723775600684 -58.5625 -61.5 0.1227184630308513 0 
0000 0014 8 1670723775607701 -3.25 -60.5 2.3009711818284617 0 
0000 0015 8 1670723775609432 -32.5 -69.0 5.927301764390117 0 
0000 0004 8 1670723775610637 -13.0 -47.5 2.399145952253143 0 
0000 0012 8 1670723775616247 42.3125 -72.0 6.135923151542564 0 
0000 0013 8 1670723775618384 -13.0 -71.5 2.6445828783148455 0 
0000 0009 8 1670723775629508 -27.625 -69.5 2.693670263527186 0 
