0003 0008 1 1670726159863380 -55.3125 -63.0 3.9453985864418692 5 
0003 0004 1 1670726159864355 -45.5625 -67.0 4.583534594202296 5 
0003 0014 1 1670726159880586 -22.75 -64.5 3.9269908169872414 5 
0003 0015 1 1670726159896771 -26.0 -67.0 5.129631754689584 5 
0003 0009 2 1670726159975456 -17.0625 -68.0 3.0925052683774528 5 
0003 0008 2 1670726159983891 -3.25 -64.0 3.650874275167826 5 
0003 0015 3 1670726160076300 117.125 -68.5 4.331961744989051 5 
0003 0007 3 1670726160126025 -26.0 -68.5 2.2764274892222915 5 
0003 0014 4 1670726160197663 -45.5625 -62.5 6.191146459906448 5 
0003 0003 4 1670726160199974 -107.375 -72.0 1.8162332528565992 5 
0003 0008 4 1670726160214047 -52.0625 -62.0 1.5830681730979816 5 
0003 0007 4 1670726160233447 -78.0625 -69.5 3.067961575771282 5 
0003 0009 4 1670726160234423 26.0 -68.0 4.276738436625168 5 
0003 0004 4 1670726160243337 -6.5 -66.5 4.589670517353839 5 
0003 0005 4 1670726160245198 -123.6875 -71.5 5.019185137961818 5 
0003 0009 5 1670726160302986 -13.8125 -64.5 6.22182607566416 5 
0003 0014 5 1670726160324254 104.125 -69.0 0.4111068511533518 5 
0003 0006 5 1670726160353299 142.375 -72.0 3.2029518851052186 5 
0003 0011 6 1670726160428013 -136.6875 -72.0 4.73693267299086 5 
0003 0003 6 1670726160430924 65.875 -68.0 0.9694758579437253 5 
0003 0015 6 1670726160437735 -6.5 -63.0 4.479223900626073 5 
0003 0005 6 1670726160439182 42.3125 -62.0 2.9329712664373457 5 
0003 0009 6 1670726160442298 35.75 -59.5 1.2087768608538851 5 
0003 0008 6 1670726160454368 24.375 -65.5 0.7731263170943632 5 
0003 0014 6 1670726160457538 78.0625 -69.5 4.7307967498393175 5 
0003 0000 6 1670726160461726 6.5 -65.0 6.234097921967246 5 
0003 0002 7 1670726160515927 -32.5 -65.0 3.9760782021995817 5 
0003 0004 7 1670726160530001 3.25 -60.0 0.7301748550335652 5 
0003 0009 7 1670726160532023 30.875 -66.0 0.705631162427395 5 
0003 0014 7 1670726160533889 -32.5 -66.5 4.804427827657828 5 
0003 0012 7 1670726160542150 -107.375 -70.0 4.92714629068868 5 
0003 0004 8 1670726160594774 -9.75 -71.0 4.006757817957295 5 
0003 0012 8 1670726160618883 6.5 -71.5 5.460971604872882 5 
0003 0008 1 1670726160851720 -13.0 -63.0 4.086524818927348 5 
0003 0004 1 1670726160865207 -13.0 -68.5 4.700117134081604 5 
0003 0014 1 1670726160869028 -91.125 -64.0 4.0128937411088375 5 
0003 0015 1 1670726160885480 -104.125 -68.0 5.258486140871978 5 
0003 0008 2 1670726160943332 -55.3125 -64.0 3.77972866135022 5 
0003 0009 2 1670726160948873 93.5625 -69.0 3.0127382674073995 5 
0003 0007 3 1670726161034651 110.625 -68.5 2.12916533358527 5 
0003 0015 3 1670726161068746 -9.75 -68.5 4.313553975534423 5 
0003 0014 4 1670726161116916 9.75 -61.5 6.178874613603362 5 
0003 0007 4 1670726161123464 -39.0 -69.0 3.1968159619536762 5 
0003 0008 4 1670726161135902 6.5 -62.5 1.5953400194010667 5 
0003 0004 4 1670726161137844 35.75 -66.0 4.552854978444583 5 
0003 0009 4 1670726161138818 -3.25 -68.0 4.417864669110647 5 
0003 0003 4 1670726161140331 128.5625 -72.0 1.6321555583103222 5 
0003 0005 4 1670726161157102 -55.3125 -70.5 4.9394181369917645 5 
0003 0014 5 1670726161208205 -74.8125 -67.5 0.4172427743048944 5 
0003 0009 5 1670726161215751 34.9375 -64.0 6.209554229361076 5 
0003 0005 6 1670726161308192 -13.0 -62.5 3.172272269347506 5 
0003 0009 6 1670726161318025 24.375 -60.0 0.944932165337555 5 
0003 0003 6 1670726161321112 -3.25 -67.0 0.7363107781851077 5 
0003 0015 6 1670726161331873 -19.5 -62.0 4.71238898038469 5 
0003 0000 6 1670726161344679 -19.5 -65.0 0.0859029241215959 5 
0003 0014 6 1670726161348221 -97.625 -71.0 4.822835597112456 5 
0003 0011 6 1670726161349199 -71.5625 -71.5 4.473087977474529 5 
0003 0014 7 1670726161402867 -149.6875 -68.5 4.988505522204105 5 
0003 0002 7 1670726161407242 -29.25 -66.5 3.8963112012295285 5 
0003 0004 7 1670726161413470 -35.75 -59.0 0.760854470791278 5 
0003 0012 7 1670726161420726 175.75 -70.5 4.614214209960009 5 
0003 0009 7 1670726161433310 97.625 -70.0 0.5767767762450011 5 
0003 0004 8 1670726161480337 -45.5625 -72.5 4.405592822807561 5 
0003 0012 8 1670726161484346 -120.4375 -69.0 5.405748296509 5 
0003 0004 1 1670726161735437 -113.875 -68.0 4.399456899656019 5 
0003 0008 1 1670726161748381 -24.375 -63.0 3.724505352986337 5 
0003 0014 1 1670726161752490 -6.5 -64.0 4.061981126321178 5 
0003 0015 1 1670726161775823 26.0 -67.5 4.902602598082509 5 
0003 0002 1 1670726161804831 -113.875 -74.0 5.209398755659637 5 
0003 0008 2 1670726161848098 7.3125 -63.5 3.509748042682347 5 
0003 0009 2 1670726161874156 -111.4375 -66.5 3.3440781175906977 5 
0003 0008 3 1670726161942777 -52.0625 -66.0 3.9147189706841563 5 
0003 0007 3 1670726161974730 35.75 -70.5 2.8409324191642074 5 
0003 0008 4 1670726162035839 9.75 -63.5 0.7915340865489908 5 
0003 0014 4 1670726162049415 -159.5 -68.0 5.786175531904639 5 
0003 0006 4 1670726162067119 7.3125 -67.5 4.049709280018092 5 
0003 0009 5 1670726162135044 128.5625 -62.0 6.1850105367549055 5 
0003 0014 5 1670726162146694 -3.25 -68.0 0.6872233929727672 5 
0003 0007 6 1670726162214832 -87.875 -71.5 6.166602767300278 5 
0003 0011 6 1670726162215797 -58.5625 -73.0 4.454680208019902 5 
0003 0015 6 1670726162220479 -26.0 -61.5 4.988505522204105 5 
0003 0003 6 1670726162223186 30.875 -64.5 0.34974761963792617 5 
0003 0000 6 1670726162228657 -32.5 -65.5 0.6258641614573416 5 
0003 0005 6 1670726162230771 0.0 -63.0 3.098641191528995 5 
0003 0009 6 1670726162235768 -10.5625 -61.5 0.9878836273983529 5 
0003 0014 6 1670726162240748 -29.25 -67.0 3.9944859716542096 5 
0003 0002 7 1670726162309060 -94.375 -65.0 3.8533597391687304 5 
0003 0010 7 1670726162309994 19.5 -69.0 5.227806525114265 5 
0003 0004 7 1670726162312877 13.0 -58.5 1.0062913968529805 5 
0003 0009 7 1670726162319854 52.0625 -67.0 0.5645049299419159 5 
0003 0014 7 1670726162322450 -52.0625 -66.5 4.651029748869264 5 
0003 0012 8 1670726162367432 97.625 -70.0 5.295301679781233 5 
0003 0008 1 1670726162618156 0.0 -59.0 3.736777199289422 5 
0003 0014 1 1670726162640292 6.5 -62.0 3.865631585471816 5 
0003 0004 1 1670726162643243 -107.375 -70.0 4.196971435655114 5 
0003 0015 1 1670726162648119 -32.5 -67.0 5.197126909356553 5 
0003 0009 2 1670726162718060 0.0 -64.5 3.5036121195308043 5 
0003 0008 2 1670726162735264 38.1875 -63.5 4.184699589352029 5 
0003 0007 3 1670726162796837 -247.375 -71.0 3.018874190558942 5 
0003 0015 3 1670726162805288 -117.125 -70.0 3.5465635815916023 5 
0003 0014 4 1670726162891477 -6.5 -65.0 4.9823695990525625 5 
0003 0004 4 1670726162912795 146.4375 -71.0 3.3318062712876126 5 
0003 0006 4 1670726162923388 -45.5625 -72.0 4.276738436625168 5 
0003 0008 4 1670726162926032 41.5 -70.0 1.3621749396424494 5 
0003 0005 4 1670726162944496 35.75 -72.5 5.553010452146021 5 
0003 0006 5 1670726162978715 83.0 -71.5 2.9329712664373457 5 
0003 0009 5 1670726162987252 73.1875 -64.0 5.988660995905543 5 
0003 0014 5 1670726162995560 104.125 -70.5 0.48473792897186263 5 
0003 0012 6 1670726163097020 26.0 -71.5 2.3930100291016 5 
0003 0000 6 1670726163098236 -39.0 -66.0 0.14112623248547898 5 
0003 0015 6 1670726163102891 -13.0 -62.0 4.743068596142402 5 
0003 0011 6 1670726163107011 -166.0 -73.0 4.0128937411088375 5 
0003 0003 6 1670726163109413 10.5625 -64.5 0.0674951546669682 5 
0003 0009 6 1670726163114166 10.5625 -59.5 0.8651651643675016 5 
0003 0008 6 1670726163121269 0.0 -64.0 0.44178646691106466 5 
0003 0014 6 1670726163128731 52.0625 -70.5 5.123495831538041 5 
0003 0005 6 1670726163130788 68.3125 -62.5 2.7120780329818137 5 
0003 0002 7 1670726163183661 -16.25 -66.5 4.1172044346850605 5 
0003 0014 7 1670726163184596 94.375 -65.0 4.037437433715008 5 
0003 0009 7 1670726163192030 79.75 -64.5 0.705631162427395 5 
0003 0004 7 1670726163195683 9.75 -62.0 0.8835729338221293 5 
0003 0012 7 1670726163218532 130.1875 -70.5 4.295146206079795 5 
0003 0012 8 1670726163264432 -45.5625 -70.5 5.577554144752192 5 
0003 0014 8 1670726163271919 39.0 -71.0 0.11044661672776616 5 
0003 0004 8 1670726163284873 -195.25 -71.0 4.700117134081604 5 
0003 0004 1 1670726163506705 0.0 -66.5 4.7307967498393175 5 
0003 0015 1 1670726163509659 -52.0625 -68.0 5.258486140871978 5 
0003 0014 1 1670726163512752 -16.25 -63.0 3.9699422790480394 5 
0003 0008 1 1670726163523032 -38.1875 -60.5 4.09266074207889 5 
0003 0009 2 1670726163596019 -41.5 -66.0 3.399301425954581 5 
0003 0008 2 1670726163600190 -39.0 -62.0 3.847223816017188 5 
0003 0006 4 1670726163806686 -65.875 -72.0 4.338097668140593 5 
0003 0008 4 1670726163822817 -71.5625 -68.0 1.6751070203711202 5 
0003 0014 4 1670726163846643 -19.5 -65.0 5.049864753719531 5 
0003 0005 4 1670726163854417 -172.5 -71.0 6.000932842208628 5 
0003 0004 4 1670726163858392 -91.125 -71.0 4.037437433715008 5 
0003 0009 5 1670726163920204 -45.5625 -63.5 0.04908738521234052 5 
0003 0014 5 1670726163953253 -100.875 -70.0 0.6565437772150544 5 
0003 0006 5 1670726163955880 -243.3125 -71.0 3.5281558121369745 5 
0003 0005 6 1670726164024380 -35.75 -62.5 3.031146036862027 5 
0003 0009 6 1670726164027406 3.25 -59.5 1.2210487071569704 5 
0003 0015 6 1670726164028628 -29.25 -62.5 4.8351074434155406 5 
0003 0008 6 1670726164035244 22.75 -65.0 0.36815538909255385 5 
0003 0000 6 1670726164039530 -32.5 -66.5 0.15339807878856412 5 
0003 0011 6 1670726164040466 -107.375 -71.5 4.154019973594316 5 
0003 0003 6 1670726164044529 52.0625 -64.5 0.2638446955163303 5 
0003 0012 6 1670726164049666 -68.3125 -72.5 2.804116880254952 5 
0003 0014 6 1670726164053505 -187.125 -71.0 5.737088146692298 5 
0003 0004 7 1670726164120921 29.25 -61.5 0.9756117810952678 5 
0003 0012 7 1670726164135928 74.8125 -70.0 4.3503695144436785 5 
0003 0009 7 1670726164140764 -107.375 -65.0 0.7792622402459057 5 
0003 0010 7 1670726164142221 -192.0 -72.0 5.595961914206819 5 
0003 0014 7 1670726164149759 78.0625 -66.5 4.031301510563465 5 
0003 0002 7 1670726164152703 19.5 -66.5 3.890175278077986 5 
0003 0012 8 1670726164201451 -91.125 -70.0 5.411884219660542 5 
0003 0004 8 1670726164207557 -192.0 -72.5 4.558990901596125 5 
0003 0014 8 1670726164211352 -73.1875 -72.0 0.07363107781851078 5 
0003 0008 1 1670726164436554 -21.125 -60.5 4.049709280018092 5 
0003 0014 1 1670726164445764 -69.125 -63.5 4.000621894805752 5 
0003 0015 1 1670726164453262 -68.3125 -67.5 5.418020142812084 5 
0003 0004 1 1670726164457008 48.8125 -67.5 4.522175362686871 5 
0003 0009 2 1670726164536548 -48.8125 -66.0 3.479068426924634 5 
0003 0008 2 1670726164549951 65.0625 -63.0 3.7551849687440497 5 
0003 0005 4 1670726164711960 -185.5 -71.5 6.007068765360171 5 
0003 0014 4 1670726164712892 -6.5 -65.5 5.031456984264903 5 
0003 0008 4 1670726164714562 -45.5625 -68.5 1.8100973297050567 5 
0003 0006 4 1670726164728563 -135.0625 -70.5 4.466952054322987 5 
0003 0000 4 1670726164744245 -45.5625 -70.0 6.025476534814799 5 
0003 0004 4 1670726164749449 -58.5625 -70.0 4.319689898685965 5 
