0002 0015 1 1670727564772559 -38.1875 -68.5 3.834951969714103 18 
0002 0004 1 1670727564781132 -6.5 -64.0 3.117048960983623 18 
0002 0009 1 1670727564782111 -3.25 -71.0 3.9638063558964967 18 
0002 0014 1 1670727564799298 -71.5625 -68.5 4.1417481272912315 18 
0002 0004 2 1670727564848299 126.9375 -66.0 2.448233337465483 18 
0002 0006 2 1670727564884791 -32.5 -65.5 2.1966604882522383 18 
0002 0014 3 1670727564947985 29.25 -66.0 5.651185222570702 18 
0002 0004 3 1670727564952915 -100.875 -70.5 0.9878836273983529 18 
0002 0009 3 1670727564956068 -61.8125 -68.5 0.6135923151542565 18 
0002 0005 3 1670727564968354 -79.75 -60.5 4.6878452877785195 18 
0002 0008 3 1670727564970231 0.0 -55.5 6.2034183062095325 18 
0002 0007 3 1670727564974370 26.0 -66.5 3.706097583531709 18 
0002 0001 4 1670727565054060 7.3125 -71.5 4.767612288748572 18 
0002 0006 4 1670727565057187 0.0 -64.5 2.0923497946760143 18 
0002 0008 4 1670727565063231 0.0 -48.5 5.915029918087033 18 
0002 0005 4 1670727565065452 -17.0625 -52.0 5.448699758569798 18 
0002 0009 4 1670727565066842 52.0625 -64.5 0.8344855486097889 18 
0002 0014 4 1670727565076482 35.75 -70.0 2.5954954931025047 18 
0002 0015 4 1670727565080399 -3.25 -72.0 6.068427996875596 18 
0002 0007 4 1670727565097313 -48.8125 -66.5 2.693670263527186 18 
0002 0004 5 1670727565139694 -32.5 -66.0 0.12885438618239387 18 
0002 0007 5 1670727565150046 22.75 -65.5 2.9575149590435164 18 
0002 0005 5 1670727565156971 145.625 -67.5 1.9573594853420782 18 
0002 0014 5 1670727565175979 84.625 -71.5 4.338097668140593 18 
0002 0004 6 1670727565262132 3.25 -71.5 0.30679615757712825 18 
0002 0007 6 1670727565263066 6.5 -68.5 6.050020227420969 18 
0002 0005 6 1670727565296093 39.0 -69.0 1.6137477888556946 18 
0002 0006 7 1670727565384241 130.1875 -70.5 0.5338253141842031 18 
0002 0004 8 1670727565439977 74.8125 -66.0 1.3437671701878218 18 
0002 0014 8 1670727565456630 -22.75 -70.0 4.417864669110647 18 
0002 0006 8 1670727565464687 39.0 -70.0 0.5890486225480862 18 
0002 0015 1 1670727565700515 -107.375 -67.5 3.9576704327449543 18 
0002 0004 1 1670727565704741 -78.0625 -64.5 3.1661363461959633 18 
0002 0014 1 1670727565722840 81.375 -69.0 3.847223816017188 18 
0002 0009 1 1670727565735260 6.5 -71.0 3.8410878928656453 18 
0002 0006 2 1670727565820908 -32.5 -65.5 2.030990563160589 18 
0002 0004 2 1670727565842701 65.0625 -66.0 2.5832236467994196 18 
0002 0007 3 1670727565897411 48.8125 -66.0 3.724505352986337 18 
0002 0005 3 1670727565898315 -38.1875 -59.5 4.638757902566179 18 
0002 0008 3 1670727565905418 -22.75 -55.5 6.252505691421874 18 
0002 0014 3 1670727565923469 -42.3125 -65.5 5.730952223540755 18 
0002 0009 3 1670727565924348 87.875 -68.0 0.607456392002714 18 
0002 0008 4 1670727565998312 -9.75 -48.5 5.93343768754166 18 
0002 0014 4 1670727565999378 182.25 -70.0 2.3316507975861747 18 
0002 0009 4 1670727566000582 -32.5 -64.5 1.0246991663076084 18 
0002 0007 4 1670727566017580 126.9375 -66.5 2.478912953223196 18 
0002 0006 4 1670727566018471 48.8125 -64.5 2.030990563160589 18 
0002 0005 4 1670727566032347 0.0 -51.5 5.356660911296659 18 
0002 0015 4 1670727566033569 -42.3125 -71.0 6.092971689481767 18 
0002 0001 4 1670727566040159 45.5625 -72.0 4.779884135051658 18 
0002 0005 5 1670727566098774 -34.9375 -67.5 1.9696313316451632 18 
0002 0007 5 1670727566105355 48.8125 -64.0 3.11091303783208 18 
0002 0004 5 1670727566113771 -65.0625 -66.5 0.2699806186678728 18 
0002 0014 5 1670727566143801 55.3125 -70.5 4.424000592262189 18 
0002 0005 6 1670727566203593 27.625 -69.0 1.4603497100671303 18 
0002 0007 6 1670727566251441 -81.375 -69.5 0.03681553890925539 18 
0002 0006 7 1670727566313271 0.0 -69.0 0.760854470791278 18 
0002 0004 8 1670727566349331 16.25 -68.0 1.6382914814618648 18 
0002 0006 8 1670727566363036 84.625 -68.0 0.5829126993965437 18 
0002 0014 8 1670727566370496 3.25 -68.5 4.129476280988146 18 
0002 0015 1 1670727566610659 -48.8125 -68.0 4.074252972624263 18 
0002 0014 1 1670727566625916 61.8125 -70.0 4.154019973594316 18 
0002 0005 1 1670727566638839 -13.8125 -64.5 0.0 18 
0002 0004 2 1670727566744193 -87.875 -71.0 1.1903690913992575 18 
0002 0008 3 1670727566765965 32.5 -56.0 1.1167380135807468 18 
0002 0007 3 1670727566773050 -16.25 -66.5 0.8651651643675016 18 
0002 0006 3 1670727566781400 -279.9375 -70.0 3.5158839658338894 18 
0002 0005 3 1670727566785646 30.875 -64.5 3.730641276137879 18 
0002 0009 3 1670727566795038 120.4375 -68.5 1.9757672547967058 18 
0002 0015 3 1670727566807280 68.3125 -69.0 3.380893656499953 18 
0002 0008 4 1670727566861942 19.5 -60.0 2.5709518004963345 18 
0002 0015 4 1670727566870580 -131.8125 -71.5 5.583690067903734 18 
0002 0005 4 1670727566874704 3.25 -60.5 5.988660995905543 18 
0002 0007 4 1670727566885904 9.75 -65.0 0.4356505437595221 18 
0002 0009 4 1670727566902153 -13.0 -66.0 4.558990901596125 18 
0002 0001 4 1670727566905788 0.0 -72.5 4.558990901596125 18 
0002 0006 4 1670727566907519 -19.5 -65.5 0.5706408530934585 18 
0002 0007 5 1670727566967648 -26.0 -59.0 4.963961829597935 18 
0002 0014 5 1670727567001000 -156.1875 -71.5 4.06811704947272 18 
0002 0005 6 1670727567054024 -17.0625 -69.5 5.5284667595398505 18 
0002 0004 6 1670727567105301 -29.25 -66.0 5.3198453723874035 18 
0002 0006 7 1670727567168878 159.5 -68.0 5.154175447295755 18 
0002 0012 7 1670727567190212 -52.0625 -70.5 6.270913460876501 18 
0002 0012 8 1670727567245932 -48.8125 -64.0 0.5767767762450011 18 
0002 0013 8 1670727567274349 13.0 -71.5 4.387185053352934 18 
0002 0015 1 1670727567501061 13.8125 -63.5 3.448388811166921 18 
0002 0004 1 1670727567517176 35.75 -61.5 3.6079228131070282 18 
0002 0014 1 1670727567518863 -175.75 -70.5 3.074097498922825 18 
0002 0012 1 1670727567529657 -6.5 -62.5 1.2455923997631406 18 
0002 0010 1 1670727567536306 26.0 -67.5 2.724349879284899 18 
0002 0005 1 1670727567538347 145.625 -71.5 1.030835089459151 18 
0002 0012 2 1670727567583393 -58.5625 -65.5 5.485515297479052 18 
0002 0004 2 1670727567590798 -45.5625 -63.5 3.2704470397721868 18 
0002 0006 2 1670727567593361 -13.0 -63.0 0.760854470791278 18 
0002 0010 2 1670727567605652 -146.4375 -68.5 1.1535535524900022 18 
0002 0013 2 1670727567626541 -198.5625 -68.5 3.018874190558942 18 
0002 0013 3 1670727567685593 39.0 -65.0 5.878214379177777 18 
0002 0005 3 1670727567686781 -35.75 -64.0 0.9142525495798421 18 
0002 0007 3 1670727567699748 -26.0 -64.5 1.1290098598838318 18 
0002 0006 3 1670727567705337 0.0 -64.5 5.71868037723767 18 
0002 0012 3 1670727567721125 48.8125 -68.0 1.1658253987930873 18 
0002 0008 3 1670727567738703 -84.625 -69.5 3.9638063558964967 18 
0002 0004 3 1670727567739685 244.125 -71.5 0.12885438618239387 18 
0002 0007 4 1670727567773482 26.0 -67.0 4.387185053352934 18 
0002 0004 4 1670727567779401 -3.25 -68.5 2.000310947402876 18 
0002 0005 4 1670727567781538 -27.625 -59.0 5.608233760509904 18 
0002 0011 4 1670727567807818 6.5 -67.5 1.0737865515199487 18 
0002 0008 4 1670727567820953 -159.5 -76.0 1.3867186322486196 18 
0002 0007 5 1670727567864591 -22.75 -65.5 1.0799224746714913 18 
0002 0006 5 1670727567877986 19.5 -68.5 2.6813984172241008 18 
0002 0004 5 1670727567883554 -104.125 -68.0 4.178563666200486 18 
0002 0015 5 1670727567912585 -32.5 -71.0 2.067806102069844 18 
0002 0004 6 1670727567963639 -16.25 -72.0 4.565126824747668 18 
0002 0006 6 1670727567980856 -29.25 -63.5 3.5588354278946874 18 
0002 0005 6 1670727568002614 -13.8125 -69.0 5.0253210611133605 18 
0002 0013 6 1670727568014258 97.625 -70.0 2.705942109830271 18 
0002 0006 7 1670727568068787 104.125 -67.0 2.454369260617026 18 
0002 0004 8 1670727568204900 52.0625 -71.0 5.66959299202533 18 
0002 0014 1 1670727568440935 9.75 -70.0 3.2827188860752723 18 
0002 0004 1 1670727568442110 9.75 -61.0 4.28287435977671 18 
0002 0013 1 1670727568444524 52.0625 -68.5 1.3499030933393643 18 
0002 0010 1 1670727568445699 74.8125 -70.5 2.497320722677824 18 
0002 0012 1 1670727568449281 0.0 -67.0 2.1966604882522383 18 
0002 0015 1 1670727568460362 9.75 -64.0 3.6386024288647407 18 
0002 0004 2 1670727568531196 -9.75 -63.0 3.3440781175906977 18 
0002 0013 2 1670727568534513 74.8125 -68.5 3.472932503773092 18 
0002 0006 2 1670727568546695 71.5625 -65.5 1.5278448647340985 18 
0002 0012 2 1670727568562699 52.0625 -66.0 5.056000676871073 18 
0002 0007 3 1670727568625269 22.75 -63.0 1.1658253987930873 18 
0002 0013 3 1670727568626575 -55.3125 -62.5 0.02454369260617026 18 
0002 0006 3 1670727568632369 -139.9375 -65.0 6.240233845118788 18 
0002 0005 3 1670727568637484 21.125 -63.0 1.0062913968529805 18 
0002 0011 3 1670727568640343 87.875 -70.5 5.7616318392984684 18 
0002 0004 3 1670727568649211 139.9375 -66.5 0.37429131224409645 18 
0002 0008 3 1670727568656736 52.0625 -68.0 4.06811704947272 18 
0002 0012 3 1670727568657765 0.0 -67.0 1.2885438618239387 18 
0002 0004 4 1670727568709719 68.3125 -67.5 1.945087639038993 18 
0002 0011 4 1670727568719788 32.5 -68.0 1.3744467859455345 18 
0002 0005 4 1670727568733742 -7.3125 -59.0 5.675728915176872 18 
0002 0007 4 1670727568736849 -9.75 -66.5 4.620350133111551 18 
0002 0007 5 1670727568812445 58.5625 -66.0 1.6014759425526093 18 
0002 0006 5 1670727568813364 -9.75 -69.5 2.650718801466388 18 
0002 0015 5 1670727568817235 -97.625 -70.0 2.3623304133438876 18 
0002 0005 6 1670727568901254 -45.5625 -70.0 5.129631754689584 18 
0002 0006 6 1670727568926028 -26.0 -64.0 3.749049045592507 18 
0002 0013 6 1670727568944010 9.75 -66.5 3.3379421944391554 18 
0002 0012 7 1670727569009446 94.375 -69.5 2.9145634969827183 18 
0002 0006 7 1670727569013054 48.8125 -66.5 2.000310947402876 18 
0002 0007 7 1670727569033030 35.75 -69.0 5.9518454569962875 18 
0002 0015 1 1670727569355919 13.8125 -64.5 3.552699504743145 18 
0002 0004 1 1670727569359014 35.75 -62.0 3.859495662320273 18 
0002 0012 1 1670727569368765 55.3125 -67.0 1.9573594853420782 18 
0002 0014 1 1670727569380288 143.1875 -69.5 2.84706834231575 18 
0002 0013 1 1670727569381224 -143.1875 -69.5 1.9082721001297376 18 
0002 0010 1 1670727569388983 29.25 -71.0 2.1537090261914402 18 
0002 0011 1 1670727569389933 -107.375 -71.0 2.945243112740431 18 
0002 0004 2 1670727569423665 32.5 -62.5 2.988194574801229 18 
0002 0013 2 1670727569444626 -45.5625 -69.0 3.6140587362585705 18 
0002 0012 2 1670727569450799 -39.0 -65.5 5.651185222570702 18 
0002 0006 2 1670727569456215 39.0 -63.0 1.043106935762236 18 
0002 0004 3 1670727569518430 -6.5 -69.5 0.3620194659410113 18 
0002 0012 3 1670727569521463 -3.25 -69.0 0.760854470791278 18 
0002 0013 3 1670727569525685 3.25 -62.0 5.730952223540755 18 
0002 0006 3 1670727569539342 -74.8125 -62.0 5.64504929941916 18 
0002 0007 3 1670727569547242 -48.8125 -64.5 6.240233845118788 18 
0002 0005 3 1670727569549406 24.375 -64.0 0.7485826244881929 18 
0002 0008 3 1670727569560629 26.0 -70.0 3.5342917352885173 18 
0002 0005 4 1670727569592702 -34.9375 -61.5 5.626641529964532 18 
0002 0004 4 1670727569593681 143.1875 -71.5 2.2886993355253766 18 
0002 0011 4 1670727569619970 -29.25 -68.0 0.9756117810952678 18 
0002 0008 4 1670727569642358 35.75 -75.0 1.3867186322486196 18 
0002 0007 5 1670727569702757 26.0 -66.5 1.325359400733194 18 
0002 0006 5 1670727569724416 107.375 -71.0 3.153864499892878 18 
0002 0015 5 1670727569727943 192.0 -70.5 1.8837284075235674 18 
