0001 0004 1 1670727576401426 -29.25 -67.0 6.191146459906448 4 
0001 0004 2 1670727576548843 -91.125 -70.5 2.9820586516496865 4 
0001 0005 2 1670727576551872 -113.875 -69.0 4.509903516383785 4 
0001 0012 3 1670727576601616 74.8125 -67.0 0.0 4 
0001 0013 3 1670727576605779 -104.125 -68.5 6.12365130523948 4 
0001 0004 3 1670727576611753 97.625 -69.0 0.5460971604872883 4 
0001 0009 3 1670727576618581 -71.5625 -65.5 0.6013204688511713 4 
0001 0011 3 1670727576638661 -117.125 -68.0 0.34974761963792617 4 
0001 0015 3 1670727576651028 -139.9375 -70.0 5.553010452146021 4 
0001 0014 4 1670727576693892 39.0 -65.0 2.3623304133438876 4 
0001 0012 4 1670727576709986 3.25 -58.5 3.552699504743145 4 
0001 0011 4 1670727576714792 19.5 -69.0 3.3072625786814425 4 
0001 0013 4 1670727576717947 45.5625 -68.0 3.3318062712876126 4 
0001 0003 4 1670727576733301 -68.3125 -72.5 2.9022916506796332 4 
0001 0005 5 1670727576797551 6.5 -59.0 3.3870295796514958 4 
0001 0003 5 1670727576799464 6.5 -63.0 3.8410878928656453 4 
0001 0007 5 1670727576804139 -9.75 -56.5 5.994796919057086 4 
0001 0004 5 1670727576806857 3.25 -61.0 5.872078456026235 4 
0001 0013 5 1670727576821284 -136.6875 -70.5 4.3503695144436785 4 
0001 0011 5 1670727576833213 -68.3125 -69.0 6.17273869045182 4 
0001 0012 5 1670727576835254 -26.0 -70.0 3.859495662320273 4 
0001 0014 5 1670727576838200 39.0 -70.0 6.160466844148735 4 
0001 0009 5 1670727576840046 -26.0 -62.0 2.8716120349219203 4 
0001 0008 6 1670727576891075 -65.0625 -70.5 4.657165672020807 4 
0001 0004 6 1670727576906323 -13.0 -55.5 4.4362724385652745 4 
0001 0001 6 1670727576908229 0.0 -75.0 0.18407769454627693 4 
0001 0012 6 1670727576909216 113.875 -69.5 1.88986433067511 4 
0001 0009 6 1670727576913874 -35.75 -61.0 6.1850105367549055 4 
0001 0015 6 1670727576915094 130.1875 -71.0 2.227340104009951 4 
0001 0007 6 1670727576932744 6.5 -59.5 0.7363107781851077 4 
0001 0006 6 1670727576937335 -26.0 -65.0 5.111223985234957 4 
0001 0002 6 1670727576943506 10.5625 -69.5 1.8407769454627694 4 
0001 0012 7 1670727576978023 -224.5625 -67.5 4.792155981354743 4 
0001 0014 7 1670727576983731 -9.75 -68.5 3.2397674240144743 4 
0001 0011 7 1670727576985631 -22.75 -66.5 4.4362724385652745 4 
0001 0007 7 1670727576990919 55.3125 -68.5 5.626641529964532 4 
0001 0011 8 1670727577049576 -19.5 -70.0 4.031301510563465 4 
0001 0013 8 1670727577060119 39.0 -71.5 2.356194490192345 4 
0001 0005 1 1670727577298075 78.0625 -72.5 2.0064468705544187 4 
0001 0004 1 1670727577301541 29.25 -67.0 0.09817477042468103 4 
0001 0004 2 1670727577410808 -159.5 -68.0 3.9453985864418692 4 
0001 0005 2 1670727577420954 -139.9375 -67.0 4.571262747899211 4 
0001 0011 3 1670727577483267 45.5625 -66.5 0.2270291566070749 4 
0001 0009 3 1670727577499151 -9.75 -67.0 1.0246991663076084 4 
0001 0004 3 1670727577503028 87.875 -69.0 1.282407938672396 4 
0001 0012 3 1670727577511773 -9.75 -69.5 5.6941366846315 4 
0001 0008 4 1670727577568648 30.875 -67.5 0.30679615757712825 4 
0001 0014 4 1670727577575768 26.0 -65.0 2.429825568010856 4 
0001 0012 4 1670727577584702 71.5625 -65.0 2.3316507975861747 4 
0001 0011 4 1670727577587834 6.5 -62.0 4.528311285838413 4 
0001 0013 4 1670727577591879 -48.8125 -69.0 3.485204350076177 4 
0001 0007 5 1670727577651660 126.9375 -67.0 0.0 4 
0001 0013 5 1670727577656525 52.0625 -70.5 1.086058397823034 4 
0001 0005 5 1670727577657456 19.5 -58.5 0.9265243958829272 4 
0001 0004 5 1670727577658360 -6.5 -60.0 4.841243366567084 4 
0001 0011 5 1670727577664331 71.5625 -71.0 4.4976316700806995 4 
0001 0003 5 1670727577665279 48.8125 -62.0 5.399612373357457 4 
0001 0014 5 1670727577672564 -104.125 -67.0 0.9081166264282996 4 
0001 0000 5 1670727577707657 16.25 -71.5 3.06182565261974 4 
0001 0004 6 1670727577759027 -29.25 -62.5 5.074408446325701 4 
0001 0013 6 1670727577759961 -35.75 -67.0 0.9940195505498954 4 
0001 0009 6 1670727577762515 -45.5625 -65.5 4.865787059173254 4 
0001 0005 6 1670727577768502 -3.25 -62.5 0.4479223900626072 4 
0001 0015 6 1670727577773713 19.5 -61.5 2.5280003384355365 4 
0001 0003 6 1670727577775626 29.25 -68.0 4.2092432819582 4 
0001 0002 6 1670727577779192 -27.625 -70.0 4.405592822807561 4 
0001 0011 6 1670727577787002 -9.75 -69.5 3.067961575771282 4 
0001 0006 6 1670727577810308 78.0625 -67.5 1.2333205534600555 4 
0001 0013 7 1670727577855915 -87.875 -67.0 0.8835729338221293 4 
0001 0014 7 1670727577857092 -26.0 -58.0 3.785864584501762 4 
0001 0004 7 1670727577871430 -136.6875 -70.0 2.411417798556228 4 
0001 0006 7 1670727577876190 -126.9375 -70.0 0.8283496254582462 4 
0001 0008 7 1670727577887525 -48.8125 -61.5 4.534447208989955 4 
0001 0005 7 1670727577888868 42.3125 -68.0 5.553010452146021 4 
0001 0008 8 1670727577956052 -3.25 -66.5 0.2699806186678728 4 
0001 0004 1 1670727578220924 -45.5625 -66.5 6.080699843178682 4 
0001 0015 3 1670727578406291 19.5 -67.0 5.252350217720435 4 
0001 0005 3 1670727578407737 -42.3125 -69.5 3.9453985864418692 4 
0001 0004 3 1670727578418806 100.875 -69.5 0.4172427743048944 4 
0001 0012 4 1670727578464888 -35.75 -66.5 5.252350217720435 4 
0001 0000 4 1670727578466732 104.125 -70.5 4.104932588381976 4 
0001 0003 4 1670727578468162 -52.0625 -67.0 4.841243366567084 4 
0001 0008 4 1670727578475103 41.5 -60.5 3.08636934522591 4 
0001 0005 4 1670727578477045 32.5 -67.0 5.638913376267617 4 
0001 0004 4 1670727578481979 65.0625 -65.0 1.9144080232812801 4 
0001 0014 4 1670727578486256 29.25 -66.5 4.509903516383785 4 
0001 0013 4 1670727578492088 -52.0625 -73.0 1.5707963267948966 4 
0001 0015 5 1670727578535072 -87.875 -67.5 3.184544115650591 4 
0001 0008 5 1670727578538946 -13.8125 -67.5 3.816544200259475 4 
0001 0014 5 1670727578549531 6.5 -67.0 2.5157284921324514 4 
0001 0009 5 1670727578557235 19.5 -66.5 0.20248546400090464 4 
0001 0007 5 1670727578559350 22.75 -64.5 1.1044661672776617 4 
0001 0002 5 1670727578586773 -68.3125 -68.0 4.522175362686871 4 
0001 0003 6 1670727578626205 -61.8125 -68.5 1.6751070203711202 4 
0001 0008 6 1670727578636359 -17.0625 -65.0 4.368777283898306 4 
0001 0009 6 1670727578651300 16.25 -68.5 4.0128937411088375 4 
0001 0015 6 1670727578657846 16.25 -64.5 3.043417883165112 4 
0001 0007 6 1670727578672475 -26.0 -67.5 2.9084275738311756 4 
0001 0004 6 1670727578695393 -29.25 -69.5 3.9699422790480394 4 
0001 0005 7 1670727578719462 -52.0625 -66.5 1.3867186322486196 4 
0001 0014 7 1670727578725899 -42.3125 -62.0 4.693981210930062 4 
0001 0006 7 1670727578728057 247.375 -70.5 5.264622064023521 4 
0001 0004 7 1670727578740126 -130.1875 -70.0 5.3627968344482015 4 
0001 0012 7 1670727578766520 32.5 -70.0 4.663301595172349 4 
0001 0004 1 1670727579082947 -26.0 -68.0 0.380427235395639 4 
0001 0003 1 1670727579087199 244.125 -72.5 0.9081166264282996 4 
0001 0009 1 1670727579104346 13.0 -68.5 2.3930100291016 4 
0001 0004 3 1670727579244814 -91.125 -68.0 0.6565437772150544 4 
0001 0015 3 1670727579259015 -65.0625 -67.0 5.93343768754166 4 
0001 0005 3 1670727579263099 42.3125 -68.5 4.804427827657828 4 
0001 0014 4 1670727579317729 -61.8125 -63.5 4.516039439535327 4 
0001 0003 4 1670727579320377 -35.75 -69.0 5.019185137961818 4 
0001 0004 4 1670727579325873 35.75 -67.0 2.1230294104337273 4 
0001 0008 4 1670727579331064 3.25 -60.5 3.2029518851052186 4 
0001 0005 4 1670727579336176 -16.25 -65.0 5.835262917116979 4 
0001 0012 4 1670727579342436 -91.125 -67.5 5.915029918087033 4 
0001 0000 4 1670727579345799 -146.4375 -72.0 4.23378697456437 4 
0001 0007 4 1670727579357568 -6.5 -70.5 4.196971435655114 4 
0001 0008 5 1670727579409155 -79.75 -67.0 2.6323110320117604 4 
0001 0007 5 1670727579418840 0.0 -62.5 1.4358060174609601 4 
0001 0015 5 1670727579422813 32.5 -67.5 3.2765829629237295 4 
0001 0009 5 1670727579426442 35.75 -61.5 0.8651651643675016 4 
0001 0002 5 1670727579434814 -41.5 -67.5 4.822835597112456 4 
0001 0014 5 1670727579439351 -87.875 -65.5 2.36846633649543 4 
0001 0003 6 1670727579517462 -3.25 -71.5 1.2578642460662257 4 
0001 0015 6 1670727579539718 -32.5 -69.0 3.06182565261974 4 
0001 0008 6 1670727579553740 -7.3125 -68.0 4.2031073588066565 4 
0001 0007 6 1670727579575149 107.375 -69.0 2.2948352586769194 4 
0001 0004 6 1670727579581577 -94.375 -67.5 2.9759227284981438 4 
0001 0005 7 1670727579614781 65.0625 -66.0 0.9940195505498954 4 
0001 0006 7 1670727579632020 19.5 -70.0 5.66959299202533 4 
0001 0014 7 1670727579633786 42.3125 -62.0 4.675573441475434 4 
0001 0004 7 1670727579640302 6.5 -69.5 5.184855063053467 4 
0001 0009 1 1670727579973516 68.3125 -67.0 2.8777479580734626 4 
0001 0004 1 1670727579974409 -48.8125 -69.5 1.1351457830353744 4 
0001 0003 1 1670727579998735 -104.125 -73.0 1.7855536370988863 4 
0001 0015 3 1670727580143674 -39.0 -66.5 6.037748381117884 4 
0001 0005 3 1670727580149441 32.5 -70.5 5.197126909356553 4 
0001 0004 3 1670727580152087 -16.25 -70.0 0.9817477042468103 4 
0001 0000 4 1670727580203616 -22.75 -67.5 5.160311370447297 4 
0001 0009 4 1670727580208420 -9.75 -69.5 1.8407769454627694 4 
0001 0012 4 1670727580211043 -26.0 -67.0 5.6941366846315 4 
0001 0005 4 1670727580212485 -22.75 -65.5 0.14726215563702155 4 
0001 0008 4 1670727580220390 -3.25 -59.5 3.6447383520162835 4 
0001 0014 4 1670727580222854 -29.25 -64.5 4.4362724385652745 4 
0001 0003 4 1670727580225006 32.5 -70.5 5.485515297479052 4 
0001 0004 4 1670727580230953 -16.25 -68.0 2.497320722677824 4 
0001 0007 4 1670727580234639 -68.3125 -69.5 4.4362724385652745 4 
0001 0009 5 1670727580304645 13.0 -60.5 1.0062913968529805 4 
0001 0007 5 1670727580319096 13.0 -62.0 1.3989904785517047 4 
0001 0014 5 1670727580320542 -3.25 -65.5 2.2150682577068657 4 
0001 0008 5 1670727580322500 -59.375 -66.0 2.6998061866787286 4 
0001 0015 5 1670727580323465 -32.5 -67.5 3.2643111166206444 4 
0001 0002 5 1670727580344459 0.0 -67.0 5.47937937432751 4 
0001 0013 5 1670727580371214 26.0 -70.0 3.718369429834794 4 
0001 0003 6 1670727580448120 68.3125 -72.0 1.2640001692177683 4 
0001 0008 6 1670727580451911 -65.875 -67.5 4.374913207049849 4 
0001 0015 6 1670727580453047 52.0625 -68.5 2.9268353432858034 4 
0001 0007 6 1670727580467513 55.3125 -70.5 2.1353012567368124 4 
0001 0004 6 1670727580476361 -91.125 -69.5 3.2397674240144743 4 
0001 0009 7 1670727580513768 120.4375 -68.5 1.2517283229146832 4 
0001 0003 7 1670727580519685 84.625 -70.5 5.227806525114265 4 
0001 0004 7 1670727580537323 29.25 -70.0 5.1725832167503825 4 
0001 0014 7 1670727580541359 52.0625 -62.0 4.614214209960009 4 
0001 0006 7 1670727580544730 -113.875 -68.5 5.405748296509 4 
0001 0005 7 1670727580548863 74.8125 -65.5 1.0799224746714913 4 
0001 0004 1 1670727580845987 -84.625 -70.0 0.9756117810952678 4 
0001 0003 1 1670727580892217 -6.5 -72.5 1.4173982480063325 4 
0001 0009 1 1670727580900460 97.625 -68.0 2.779573187648782 4 
0001 0015 3 1670727581044418 -55.3125 -66.0 6.000932842208628 4 
0001 0005 3 1670727581050921 270.125 -69.5 4.749204519293945 4 
0001 0004 3 1670727581062338 0.0 -69.5 0.8222137023067037 4 
0001 0003 4 1670727581128595 -48.8125 -69.0 5.411884219660542 4 
0001 0008 4 1670727581132504 -16.25 -59.5 3.5956509668039427 4 
0001 0007 4 1670727581138246 -35.75 -68.5 4.2031073588066565 4 
0001 0000 4 1670727581142564 65.0625 -67.5 4.970097752749477 4 
0001 0012 4 1670727581148228 42.3125 -67.0 6.0991076126333095 4 
0001 0005 4 1670727581149221 68.3125 -66.0 5.982525072754001 4 
0001 0014 4 1670727581154645 -13.0 -64.5 4.454680208019902 4 
0001 0004 4 1670727581157621 -35.75 -67.0 2.3316507975861747 4 
0001 0002 5 1670727581208450 -90.3125 -66.5 5.859806609723149 4 
0001 0007 5 1670727581211315 55.3125 -62.0 1.3867186322486196 4 
0001 0008 5 1670727581221727 -87.875 -67.0 2.8961557275280905 4 
0001 0014 5 1670727581228757 13.0 -65.0 2.2089323345553233 4 
0001 0009 5 1670727581239269 58.5625 -60.0 0.9878836273983529 4 
0001 0015 5 1670727581248716 149.6875 -67.0 3.0250101137104846 4 
0001 0007 6 1670727581340108 -139.9375 -72.0 2.9820586516496865 4 
0001 0015 6 1670727581354701 13.0 -69.0 3.141592653589793 4 
0001 0004 6 1670727581362666 61.8125 -70.5 2.890019804376548 4 
