0000 0005 3 1670728252278974 -3.25 -60.5 0.37429131224409645 3 
0000 0006 3 1670728252295671 48.8125 -65.5 1.6260196351587797 3 
0000 0007 3 1670728252304320 16.25 -65.5 1.7241944055834606 3 
0000 0004 3 1670728252312251 -126.9375 -67.0 2.116893487282185 3 
0000 0004 4 1670728252375535 -16.25 -61.0 2.4175537217077703 3 
0000 0005 4 1670728252390817 3.25 -70.0 1.1658253987930873 3 
0000 0006 4 1670728252391757 -35.75 -65.0 3.877903431774901 3 
0000 0007 5 1670728252459282 58.5625 -71.0 2.9575149590435164 3 
0000 0004 5 1670728252461730 13.0 -62.0 6.105243535784852 3 
0000 0006 6 1670728252582067 -16.25 -62.5 0.3988350048502667 3 
0000 0008 7 1670728252642645 -143.1875 -69.5 2.6875343403756435 3 
0000 0007 7 1670728252690432 -315.6875 -72.0 2.0493983326152168 3 
0000 0008 8 1670728252726526 -133.4375 -67.0 2.662990647769473 3 
0000 0011 8 1670728252760105 71.5625 -73.0 2.12916533358527 3 
0000 0008 3 1670728253199741 32.5 -68.5 3.6017868899554855 3 
0000 0005 3 1670728253217546 22.75 -60.0 0.21475731030398976 3 
0000 0001 3 1670728253219973 110.625 -69.0 2.12916533358527 3 
0000 0004 3 1670728253220923 -29.25 -67.5 2.1537090261914402 3 
0000 0007 3 1670728253224378 -52.0625 -66.5 2.0371264863121317 3 
0000 0006 3 1670728253231685 16.25 -65.5 1.4726215563702154 3 
0000 0004 4 1670728253306277 -6.5 -60.0 2.3193789512830896 3 
0000 0005 4 1670728253312096 73.1875 -70.0 0.8713010875190442 3 
0000 0006 4 1670728253313499 68.3125 -64.5 3.5895150436524004 3 
0000 0004 5 1670728253360809 -26.0 -62.0 5.945709533844745 3 
0000 0007 5 1670728253395248 -6.5 -71.0 3.368621810196868 3 
0000 0006 6 1670728253463268 74.8125 -63.0 0.25157284921324513 3 
0000 0008 7 1670728253545737 -156.1875 -69.5 2.350058567040802 3 
0000 0008 8 1670728253632597 74.8125 -66.5 1.736466251886546 3 
0000 0011 8 1670728253637174 94.375 -71.5 1.9389517158874505 3 
0000 0005 3 1670728254084052 65.0625 -63.0 0.2454369260617026 3 
0000 0007 3 1670728254085016 -61.8125 -67.5 1.3069516312785663 3 
0000 0006 3 1670728254099261 -159.5 -66.5 0.6933593161243098 3 
0000 0008 3 1670728254101150 104.125 -70.0 2.9759227284981438 3 
0000 0004 3 1670728254107328 -32.5 -66.5 1.012427320004523 3 
0000 0004 4 1670728254145958 32.5 -61.5 1.6382914814618648 3 
0000 0006 4 1670728254160844 16.25 -62.0 3.761320891895592 3 
0000 0015 4 1670728254191019 -16.25 -72.0 5.945709533844745 3 
0000 0005 4 1670728254193425 -38.1875 -67.0 5.148039524144211 3 
0000 0006 5 1670728254237372 -16.25 -70.0 5.289165756629691 3 
0000 0004 5 1670728254252496 65.0625 -62.5 0.9387962421860124 3 
0000 0005 7 1670728254427853 -39.0 -66.0 4.700117134081604 3 
0000 0008 8 1670728254507427 3.25 -60.0 0.9019807032767571 3 
0000 0001 8 1670728254518275 -65.0625 -69.0 0.018407769454627694 3 
0000 0011 8 1670728254524047 -48.8125 -70.5 0.5276893910326605 3 
0000 0005 8 1670728254540527 61.8125 -68.5 2.0493983326152168 3 
0000 0000 8 1670728254542324 -9.75 -68.5 5.313709449235861 3 
0000 0010 1 1670728254777593 -48.8125 -66.5 5.062136600022616 3 
0000 0011 1 1670728254790007 -26.0 -65.0 1.4480778637640452 3 
0000 0005 1 1670728254790955 41.5 -61.0 1.8653206380689396 3 
0000 0007 1 1670728254805486 9.75 -69.5 0.09817477042468103 3 
0000 0006 2 1670728254891449 107.375 -71.0 1.6689710972195777 3 
0000 0007 3 1670728254976550 -94.375 -67.0 5.663457068873787 3 
0000 0012 3 1670728254979754 -13.0 -62.5 0.6381360077604268 3 
0000 0004 3 1670728254983620 61.8125 -63.0 0.06135923151542565 3 
0000 0005 3 1670728254995677 13.8125 -62.0 0.3865631585471816 3 
0000 0006 3 1670728255002569 -42.3125 -56.5 5.767767762450011 3 
0000 0013 3 1670728255004313 45.5625 -70.5 3.0372819600135696 3 
0000 0014 3 1670728255007904 3.25 -55.5 4.387185053352934 3 
0000 0001 3 1670728255009552 35.75 -69.0 3.736777199289422 3 
0000 0010 3 1670728255015203 -74.8125 -69.0 3.7981364308048478 3 
0000 0004 4 1670728255068859 -6.5 -59.5 2.2212041808584084 3 
0000 0005 4 1670728255069780 26.0 -66.0 3.761320891895592 3 
0000 0015 4 1670728255077239 91.125 -72.0 6.129787228391022 3 
0000 0012 4 1670728255094025 -48.8125 -64.5 4.755340442445488 3 
0000 0006 4 1670728255104982 19.5 -66.5 6.0991076126333095 3 
0000 0010 4 1670728255105947 48.8125 -67.0 1.7855536370988863 3 
0000 0014 4 1670728255115438 19.5 -64.0 2.7857091108003242 3 
0000 0014 5 1670728255151866 61.8125 -59.5 2.859340188618835 3 
0000 0004 5 1670728255156280 130.1875 -68.5 1.945087639038993 3 
0000 0012 5 1670728255161824 29.25 -64.5 4.620350133111551 3 
0000 0014 6 1670728255229409 -35.75 -62.0 2.693670263527186 3 
0000 0008 7 1670728255321020 -65.0625 -69.0 5.651185222570702 3 
0000 0001 7 1670728255333583 -29.25 -71.0 5.6941366846315 3 
0000 0012 8 1670728255416080 16.25 -66.0 6.007068765360171 3 
0000 0015 8 1670728255421655 -74.8125 -70.5 4.295146206079795 3 
0000 0013 8 1670728255427617 39.0 -63.5 0.19634954084936207 3 
0000 0011 8 1670728255436534 -65.0625 -68.5 3.3072625786814425 3 
0000 0010 8 1670728255439617 16.25 -68.5 0.3620194659410113 3 
0000 0005 8 1670728255446713 -35.75 -61.0 6.234097921967246 3 
0000 0007 8 1670728255453518 -26.0 -60.5 5.442563835418255 3 
0000 0001 8 1670728255457019 -32.5 -70.0 4.172427743048944 3 
0000 0005 1 1670728255693761 -45.5625 -60.5 4.135612204139688 3 
0000 0015 1 1670728255697105 192.0 -70.0 2.2334760271614935 3 
0000 0013 1 1670728255702597 -58.5625 -62.5 2.6139032625571326 3 
0000 0007 1 1670728255719630 78.0625 -66.0 2.736621725587984 3 
0000 0006 2 1670728255775684 -42.3125 -69.0 2.6445828783148455 3 
0000 0007 3 1670728255846998 299.4375 -70.0 2.380738182798515 3 
0000 0005 3 1670728255848141 -61.8125 -63.5 5.755495916146925 3 
0000 0001 3 1670728255849900 26.0 -69.0 5.313709449235861 3 
0000 0014 3 1670728255851925 -3.25 -54.5 4.430136515413731 3 
0000 0004 3 1670728255854779 45.5625 -64.5 1.5033011721279284 3 
0000 0015 3 1670728255861624 -55.3125 -70.0 2.5770877236478773 3 
0000 0012 3 1670728255866431 22.75 -58.5 1.1167380135807468 3 
0000 0006 3 1670728255868327 6.5 -56.0 5.976389149602458 3 
0000 0004 4 1670728255979627 -22.75 -57.0 1.607611865704152 3 
0000 0006 4 1670728255982112 -68.3125 -66.0 4.865787059173254 3 
0000 0015 4 1670728255984785 -26.0 -69.0 0.23316507975861744 3 
0000 0005 4 1670728255998042 -42.3125 -70.0 3.2643111166206444 3 
0000 0014 4 1670728255999459 55.3125 -64.0 2.5402721847386216 3 
0000 0012 4 1670728256018495 -9.75 -66.5 4.381049130201391 3 
0000 0012 5 1670728256081287 -110.625 -63.0 4.374913207049849 3 
0000 0014 5 1670728256087528 29.25 -59.5 2.8838838812250054 3 
0000 0004 5 1670728256090617 32.5 -64.0 1.6935147898257479 3 
0000 0014 6 1670728256175646 -22.75 -61.5 2.6691265709210157 3 
0000 0007 8 1670728256326516 3.25 -60.5 5.2768939103266055 3 
0000 0011 8 1670728256331015 -9.75 -69.5 3.3624858870453256 3 
0000 0012 8 1670728256337596 48.8125 -65.5 5.8475347634200645 3 
0000 0005 8 1670728256338755 -42.3125 -61.0 0.11658253987930872 3 
0000 0010 8 1670728256349643 -55.3125 -70.0 0.09203884727313846 3 
0000 0001 8 1670728256359757 22.75 -70.0 4.583534594202296 3 
0000 0013 8 1670728256372312 -6.5 -64.5 0.28838838812250056 3 
0000 0015 8 1670728256373321 -159.5 -73.0 4.571262747899211 3 
0000 0013 1 1670728256599854 32.5 -62.5 2.435961491162398 3 
0000 0015 1 1670728256614386 -149.6875 -71.0 3.055689729468197 3 
0000 0007 1 1670728256625421 58.5625 -65.0 2.423689644859313 3 
0000 0005 1 1670728256626847 -9.75 -59.5 3.749049045592507 3 
0000 0006 2 1670728256758451 -45.5625 -69.0 2.184388641949153 3 
0000 0014 3 1670728256810573 -6.5 -54.5 4.4976316700806995 3 
0000 0001 3 1670728256819050 -65.0625 -70.0 5.939573610693203 3 
0000 0012 3 1670728256820955 26.0 -58.5 1.2578642460662257 3 
0000 0007 3 1670728256823924 3.25 -68.0 3.141592653589793 3 
0000 0004 3 1670728256828309 78.0625 -66.0 2.36846633649543 3 
0000 0015 3 1670728256837799 -71.5625 -68.0 2.650718801466388 3 
0000 0005 3 1670728256838972 42.3125 -63.0 6.22182607566416 3 
0000 0006 3 1670728256840769 -29.25 -56.5 0.16566992509164924 3 
0000 0006 4 1670728256953720 26.0 -66.5 5.6573211457222445 3 
0000 0015 4 1670728256958226 32.5 -69.5 6.062292073724054 3 
0000 0005 4 1670728256964407 -87.0625 -68.5 3.552699504743145 3 
0000 0004 4 1670728256965327 -26.0 -57.5 2.3071071049800045 3 
0000 0014 4 1670728256967468 113.875 -65.0 2.36846633649543 3 
0000 0012 4 1670728256992619 6.5 -66.0 4.491495746929157 3 
