0005 0009 1 1670728273836603 -13.0 -70.0 5.964117303299373 6 
0005 0003 1 1670728273838874 -42.3125 -70.0 0.6933593161243098 6 
0005 0007 1 1670728273843184 -74.8125 -70.5 2.7120780329818137 6 
0005 0005 1 1670728273846057 -10.5625 -55.0 3.5772431973493153 6 
0005 0011 1 1670728273848207 19.5 -63.0 3.3624858870453256 6 
0005 0015 1 1670728273855435 78.0625 -65.5 0.8467573949128739 6 
0005 0008 1 1670728273858523 39.0 -60.0 1.0062913968529805 6 
0005 0014 1 1670728273864269 0.0 -67.5 1.5401167110371838 6 
0005 0013 1 1670728273878961 -55.3125 -70.5 5.43029198911517 6 
0005 0008 2 1670728273928384 -81.375 -70.0 2.448233337465483 6 
0005 0000 2 1670728273942304 289.6875 -69.0 0.7117670855789375 6 
0005 0014 2 1670728273944512 -3.25 -68.0 2.282563412373834 6 
0005 0005 2 1670728273952816 100.875 -66.0 5.197126909356553 6 
0005 0015 2 1670728273954860 55.3125 -70.5 3.5342917352885173 6 
0005 0007 2 1670728273971330 120.4375 -69.0 5.706408530934585 6 
0005 0004 2 1670728274003865 30.875 -70.5 3.172272269347506 6 
0005 0011 3 1670728274068935 166.0 -66.5 6.080699843178682 6 
0005 0004 3 1670728274073321 97.625 -66.0 4.583534594202296 6 
0005 0006 3 1670728274081160 55.3125 -64.5 1.4419419406125027 6 
0005 0014 3 1670728274091543 3.25 -65.5 1.2026409377023426 6 
0005 0012 3 1670728274092776 -35.75 -66.0 0.4908738521234052 6 
0005 0015 3 1670728274095171 -87.875 -71.0 4.890330751779424 6 
0005 0007 3 1670728274103917 13.0 -69.0 1.000155473701438 6 
0005 0005 3 1670728274124869 -76.4375 -69.5 4.657165672020807 6 
0005 0006 4 1670728274175191 16.25 -58.0 0.12885438618239387 6 
0005 0004 4 1670728274177116 -32.5 -63.0 5.43029198911517 6 
0005 0012 4 1670728274187038 -71.5625 -72.0 5.872078456026235 6 
0005 0010 4 1670728274203730 107.375 -72.0 5.313709449235861 6 
0005 0004 6 1670728274379982 97.625 -72.0 2.742757648739526 6 
0005 0014 7 1670728274417813 -48.8125 -64.0 0.8406214717613314 6 
0005 0015 7 1670728274421558 104.125 -64.5 0.6442719309119693 6 
0005 0005 7 1670728274423813 -55.3125 -61.0 3.761320891895592 6 
0005 0011 7 1670728274445152 3.25 -64.0 3.6017868899554855 6 
0005 0000 7 1670728274465788 110.625 -71.5 3.380893656499953 6 
0005 0012 7 1670728274469448 48.8125 -68.5 2.0371264863121317 6 
0005 0015 8 1670728274522463 -29.25 -64.5 5.1725832167503825 6 
0005 0000 8 1670728274525590 -3.25 -64.0 0.607456392002714 6 
0005 0006 8 1670728274529613 -45.5625 -67.5 0.23316507975861744 6 
0005 0013 8 1670728274533608 6.5 -71.0 0.5645049299419159 6 
0005 0004 8 1670728274535550 93.5625 -66.5 3.1354567304382504 6 
0005 0012 8 1670728274540066 -48.8125 -64.0 3.8840393549264434 6 
0005 0007 8 1670728274544038 -35.75 -70.0 3.8533597391687304 6 
0005 0011 8 1670728274546260 -84.625 -70.0 0.5031456984264903 6 
0005 0008 8 1670728274548358 29.25 -63.5 0.6013204688511713 6 
0005 0015 1 1670728274790206 52.0625 -66.0 0.9265243958829272 6 
0005 0005 1 1670728274804941 21.125 -54.0 3.6570101983193686 6 
0005 0008 1 1670728274809328 -42.3125 -60.5 1.2517283229146832 6 
0005 0003 1 1670728274810545 -6.5 -69.0 0.8528933180644165 6 
0005 0009 1 1670728274812448 -126.9375 -68.5 0.1227184630308513 6 
0005 0013 1 1670728274816045 -120.4375 -70.5 5.375068680751287 6 
0005 0014 1 1670728274819531 110.625 -67.0 1.423534171157875 6 
0005 0011 1 1670728274825344 -32.5 -63.0 3.54042765844006 6 
0005 0007 1 1670728274826338 139.9375 -70.5 2.804116880254952 6 
0005 0004 2 1670728274889747 180.625 -71.5 3.104777114680538 6 
0005 0015 2 1670728274900821 -48.8125 -70.5 3.730641276137879 6 
0005 0014 2 1670728274909847 -136.6875 -67.5 2.497320722677824 6 
0005 0007 2 1670728274912691 -65.0625 -71.5 5.841398840268521 6 
0005 0005 2 1670728274925301 -13.0 -64.5 5.559146375297564 6 
0005 0014 3 1670728274984551 97.625 -66.0 1.000155473701438 6 
0005 0011 3 1670728274997693 55.3125 -69.0 6.1850105367549055 6 
0005 0012 3 1670728275001386 -52.0625 -67.5 0.4540583132141498 6 
0005 0006 3 1670728275003269 -68.3125 -63.5 1.576932249946439 6 
0005 0015 3 1670728275007620 -152.9375 -69.5 4.859651136021712 6 
0005 0005 3 1670728275010532 -3.25 -69.5 4.387185053352934 6 
0005 0004 3 1670728275021194 19.5 -65.5 4.522175362686871 6 
0005 0007 3 1670728275036375 9.75 -69.5 1.0983302441261191 6 
0005 0006 4 1670728275086866 -26.0 -58.5 0.15339807878856412 6 
0005 0010 4 1670728275091804 -45.5625 -71.5 5.295301679781233 6 
0005 0004 4 1670728275110783 87.0625 -63.0 5.240078371417351 6 
0005 0010 5 1670728275193670 -231.0625 -71.5 2.8777479580734626 6 
0005 0004 6 1670728275302520 19.5 -69.0 3.472932503773092 6 
0005 0015 7 1670728275336289 32.5 -63.5 0.9265243958829272 6 
0005 0005 7 1670728275355353 -39.0 -63.0 4.129476280988146 6 
0005 0011 7 1670728275358790 61.8125 -64.0 4.430136515413731 6 
0005 0014 7 1670728275360286 13.0 -63.0 0.5890486225480862 6 
0005 0000 7 1670728275366398 169.25 -70.5 4.1417481272912315 6 
0005 0012 7 1670728275380026 113.875 -69.0 2.736621725587984 6 
0005 0015 8 1670728275437708 6.5 -65.5 5.970253226450915 6 
0005 0008 8 1670728275442435 22.75 -55.5 0.3129320807286708 6 
0005 0012 8 1670728275446681 -52.0625 -62.5 4.129476280988146 6 
0005 0005 8 1670728275450476 22.75 -64.0 0.03681553890925539 6 
0005 0003 8 1670728275456158 -84.625 -68.0 0.7547185476397354 6 
0005 0007 8 1670728275460717 9.75 -69.5 3.147728576741336 6 
0005 0011 8 1670728275464908 -3.25 -67.5 3.117048960983623 6 
0005 0013 8 1670728275465849 16.25 -66.5 1.1228739367322893 6 
0005 0014 8 1670728275471464 -104.125 -71.0 2.9697868053466014 6 
0005 0005 1 1670728275712644 16.25 -55.0 1.3989904785517047 6 
0005 0007 1 1670728275713639 16.25 -69.5 3.8533597391687304 6 
0005 0000 1 1670728275736920 78.0625 -71.0 4.546719055293041 6 
0005 0005 2 1670728275785958 -7.3125 -62.5 1.4664856332186729 6 
0005 0015 2 1670728275787182 -81.375 -69.5 3.0066023442558567 6 
0005 0008 2 1670728275809810 29.25 -60.5 3.2888548092268146 6 
0005 0014 2 1670728275816368 -120.4375 -66.5 0.4356505437595221 6 
0005 0001 3 1670728275870260 42.3125 -70.5 0.11044661672776616 6 
0005 0015 3 1670728275874756 -32.5 -67.5 3.902447124381071 6 
0005 0004 3 1670728275875676 -65.0625 -61.0 3.411573272257666 6 
0005 0010 3 1670728275876851 9.75 -59.5 2.521864415283994 6 
0005 0006 3 1670728275879998 42.3125 -61.5 1.761009944492716 6 
0005 0014 3 1670728275893719 -55.3125 -67.5 0.15339807878856412 6 
0005 0011 3 1670728275910722 29.25 -70.5 2.000310947402876 6 
0005 0012 4 1670728275965095 9.75 -66.5 5.473243451175968 6 
0005 0010 4 1670728275969154 32.5 -70.5 1.3560390164909069 6 
0005 0008 4 1670728275970328 -55.3125 -62.5 4.166291819897402 6 
0005 0004 4 1670728275986794 -62.625 -70.5 6.056156150572511 6 
0005 0009 4 1670728275988666 -16.25 -66.0 4.1601558967458585 6 
0005 0014 4 1670728275997158 35.75 -68.0 6.007068765360171 6 
0005 0011 5 1670728276030032 185.5 -68.0 0.09203884727313846 6 
0005 0008 5 1670728276041882 123.6875 -68.5 3.442252888015379 6 
0005 0005 5 1670728276043098 65.0625 -65.0 1.662835174068035 6 
0005 0009 5 1670728276062109 -39.0 -67.0 2.000310947402876 6 
0005 0004 6 1670728276122343 35.75 -68.0 3.6079228131070282 6 
0005 0008 6 1670728276135461 26.0 -61.5 5.2339424482658075 6 
0005 0013 6 1670728276154573 68.3125 -68.0 0.9019807032767571 6 
0005 0012 6 1670728276159334 32.5 -72.0 3.3072625786814425 6 
0005 0005 6 1670728276164692 17.0625 -68.5 3.3072625786814425 6 
0005 0015 7 1670728276195998 -55.3125 -67.5 1.1044661672776617 6 
0005 0014 7 1670728276217648 6.5 -60.5 0.4111068511533518 6 
0005 0005 7 1670728276218810 81.375 -65.5 4.773748211900116 6 
0005 0013 7 1670728276222385 149.6875 -68.5 1.3867186322486196 6 
0005 0012 7 1670728276229736 6.5 -60.5 4.95168998329485 6 
0005 0011 7 1670728276254391 45.5625 -70.5 3.9453985864418692 6 
0005 0008 8 1670728276311503 32.5 -62.0 1.0615147052168636 6 
0005 0015 8 1670728276314789 39.0 -62.5 5.448699758569798 6 
0005 0013 8 1670728276322303 35.75 -61.5 1.552388557340269 6 
0005 0012 8 1670728276331893 -13.0 -57.0 5.5100589900852235 6 
0005 0014 8 1670728276338888 29.25 -68.5 4.270602513473625 6 
0005 0000 8 1670728276340289 -19.5 -68.5 5.178719139901925 6 
0005 0009 8 1670728276353778 166.0 -72.5 4.675573441475434 6 
0005 0012 1 1670728276578159 -68.3125 -71.5 5.129631754689584 6 
0005 0013 1 1670728276585553 94.375 -70.5 3.1784081924990484 6 
0005 0006 1 1670728276588566 -39.0 -70.5 2.1966604882522383 6 
0005 0011 1 1670728276589755 -42.3125 -60.5 1.2762720155208536 6 
0005 0005 1 1670728276591122 0.0 -53.5 3.6140587362585705 6 
0005 0007 1 1670728276593243 -58.5625 -66.5 6.277049384028044 6 
0005 0014 1 1670728276596116 156.1875 -67.5 4.583534594202296 6 
0005 0014 2 1670728276673527 61.8125 -62.5 6.1850105367549055 6 
0005 0013 2 1670728276675429 97.625 -66.5 0.5399612373357456 6 
0005 0005 2 1670728276680204 -69.125 -61.0 3.06182565261974 6 
0005 0014 3 1670728276776234 32.5 -66.0 5.6941366846315 6 
0005 0015 3 1670728276789623 29.25 -67.0 4.0558452031696355 6 
0005 0004 3 1670728276811620 -22.75 -70.0 1.6505633277649499 6 
0005 0012 3 1670728276822095 19.5 -69.5 0.25157284921324513 6 
0005 0014 4 1670728276875863 3.25 -71.0 0.3988350048502667 6 
0005 0010 4 1670728276894589 29.25 -70.0 1.3560390164909069 6 
0005 0012 4 1670728276895637 19.5 -68.5 0.0859029241215959 6 
0005 0006 4 1670728276896642 -9.75 -67.0 0.8713010875190442 6 
0005 0009 5 1670728276957787 -143.1875 -71.5 2.6323110320117604 6 
0005 0011 5 1670728276977647 -84.625 -68.0 1.6444274046134073 6 
0005 0005 5 1670728276986226 -34.9375 -65.0 2.411417798556228 6 
0005 0006 5 1670728277001349 97.625 -69.5 1.945087639038993 6 
0005 0012 5 1670728277008796 97.625 -71.0 3.816544200259475 6 
0005 0013 5 1670728277009718 91.125 -70.5 0.4111068511533518 6 
0005 0004 5 1670728277015253 -13.8125 -72.0 1.8039614065535141 6 
0005 0005 6 1670728277063729 -16.25 -67.0 4.3933209765044765 6 
0005 0012 6 1670728277067381 -55.3125 -67.5 4.3933209765044765 6 
0005 0015 6 1670728277072772 -29.25 -72.0 6.056156150572511 6 
0005 0004 6 1670728277081141 69.125 -69.0 3.816544200259475 6 
0005 0008 6 1670728277083972 -19.5 -66.5 5.749359992995383 6 
0005 0013 6 1670728277093467 19.5 -68.5 1.3989904785517047 6 
0005 0012 7 1670728277131570 -13.0 -62.0 5.307573526084319 6 
0005 0013 7 1670728277132993 162.75 -68.0 1.6014759425526093 6 
0005 0014 7 1670728277144361 22.75 -62.0 0.5338253141842031 6 
0005 0005 7 1670728277149985 -100.875 -67.5 0.42337869745643697 6 
0005 0011 7 1670728277160698 -16.25 -69.0 4.558990901596125 6 
0005 0015 7 1670728277162174 139.9375 -68.0 0.8774370106705868 6 
0005 0005 8 1670728277280094 -84.625 -68.5 6.19728238305799 6 
0005 0014 8 1670728277281060 -65.0625 -68.0 4.558990901596125 6 
0005 0008 8 1670728277281977 -9.75 -62.5 2.0064468705544187 6 
0005 0000 8 1670728277290821 -32.5 -68.5 5.896622148632405 6 
0005 0013 8 1670728277298605 58.5625 -61.0 2.1230294104337273 6 
0005 0015 8 1670728277305896 0.0 -63.0 5.497787143782138 6 
0005 0012 8 1670728277308276 -19.5 -57.0 5.810719224510809 6 
0005 0004 8 1670728277318113 -45.5625 -71.5 3.06182565261974 6 
0005 0005 1 1670728277560211 13.0 -53.0 3.454524734318464 6 
0005 0007 1 1670728277568438 -22.75 -66.0 5.706408530934585 6 
0005 0011 1 1670728277573215 -29.25 -60.0 1.4910293258248433 6 
0005 0014 1 1670728277578198 175.75 -66.5 4.6448938257177215 6 
0005 0001 1 1670728277582388 -211.5625 -73.5 6.000932842208628 6 
0005 0012 1 1670728277594440 -253.875 -71.5 5.098952138931871 6 
0005 0013 1 1670728277596084 -218.0625 -71.0 3.448388811166921 6 
0005 0009 2 1670728277642455 -335.25 -72.0 6.19728238305799 6 
0005 0011 2 1670728277655466 16.25 -66.5 4.338097668140593 6 
0005 0013 2 1670728277658732 65.0625 -68.0 0.7240389318820226 6 
0005 0014 2 1670728277663080 3.25 -62.0 0.20248546400090464 6 
0005 0005 2 1670728277665982 -29.25 -61.0 3.1354567304382504 6 
0005 0015 3 1670728277747127 113.875 -67.5 4.037437433715008 6 
0005 0014 3 1670728277748120 120.4375 -67.0 5.6573211457222445 6 
0005 0012 3 1670728277749339 -39.0 -70.0 5.9088939949354895 6 
0005 0010 3 1670728277755567 -71.5625 -67.5 6.2034183062095325 6 
0005 0005 3 1670728277761510 7.3125 -71.0 3.9515345095934116 6 
0005 0004 3 1670728277794710 111.4375 -70.5 0.9203884727313847 6 
0005 0010 4 1670728277828084 91.125 -70.0 0.859029241215959 6 
0005 0014 4 1670728277834826 -149.6875 -71.5 0.7731263170943632 6 
0005 0006 4 1670728277839919 -42.3125 -67.5 0.760854470791278 6 
0005 0012 4 1670728277860112 61.8125 -69.0 5.93343768754166 6 
0005 0004 4 1670728277870886 -61.8125 -69.0 3.2704470397721868 6 
0005 0005 5 1670728277928468 -62.625 -66.5 2.2886993355253766 6 
0005 0006 5 1670728277930893 -136.6875 -67.5 1.533980787885641 6 
0005 0004 5 1670728277961109 -42.3125 -69.0 1.282407938672396 6 
0005 0011 5 1670728277962177 117.125 -67.0 1.1351457830353744 6 
0005 0013 5 1670728277963154 6.5 -69.0 0.2454369260617026 6 
0005 0015 6 1670728278033896 39.0 -71.5 5.829126993965437 6 
0005 0008 6 1670728278040920 6.5 -66.0 5.344389064993574 6 
0005 0005 6 1670728278047157 52.0625 -69.0 4.1417481272912315 6 
0005 0012 6 1670728278050938 29.25 -68.0 4.0128937411088375 6 
0005 0013 6 1670728278064896 13.0 -68.0 1.2762720155208536 6 
0005 0004 6 1670728278069553 0.0 -69.0 3.80427235395639 6 
0005 0014 7 1670728278111573 19.5 -61.0 0.7117670855789375 6 
0005 0015 7 1670728278116456 65.0625 -67.5 1.1658253987930873 6 
0005 0012 7 1670728278117648 -65.0625 -62.5 5.3627968344482015 6 
0005 0005 7 1670728278125379 -55.3125 -68.0 0.2945243112740431 6 
0005 0013 7 1670728278128903 87.875 -69.0 1.8960002538266525 6 
0005 0004 7 1670728278146053 156.1875 -71.5 5.350524988145116 6 
0005 0009 7 1670728278155287 -19.5 -72.0 2.521864415283994 6 
0005 0011 7 1670728278157033 -139.9375 -70.5 4.896466674930966 6 
0005 0010 7 1670728278171848 -120.4375 -69.0 3.9944859716542096 6 
0005 0005 8 1670728278236713 34.9375 -69.0 5.9518454569962875 6 
0005 0004 8 1670728278249987 45.5625 -70.5 2.356194490192345 6 
0005 0012 8 1670728278251913 26.0 -56.5 5.773903685601553 6 
0005 0013 8 1670728278252862 -22.75 -61.5 2.3009711818284617 6 
0005 0008 8 1670728278258965 -22.75 -64.0 2.227340104009951 6 
0005 0014 8 1670728278260897 -42.3125 -68.0 4.546719055293041 6 
0005 0000 8 1670728278261887 -22.75 -68.0 5.93343768754166 6 
0005 0015 8 1670728278267745 -35.75 -64.0 5.540738605842936 6 
0005 0011 1 1670728278521815 52.0625 -59.5 1.380582709097077 6 
0005 0007 1 1670728278522722 100.875 -66.5 5.730952223540755 6 
0005 0005 1 1670728278524674 3.25 -53.0 3.6876898140770815 6 
0005 0012 1 1670728278539027 -45.5625 -70.5 5.049864753719531 6 
0005 0013 1 1670728278540280 237.5625 -72.0 3.0250101137104846 6 
0005 0009 1 1670728278543482 -78.0625 -72.0 4.798291904506286 6 
0005 0014 1 1670728278547708 -39.0 -67.0 5.013049214810275 6 
0005 0001 1 1670728278553631 276.625 -72.5 5.522330836388308 6 
0005 0011 2 1670728278586515 -55.3125 -68.0 4.356505437595221 6 
0005 0014 2 1670728278587705 -16.25 -62.0 0.07976700097005335 6 
0005 0013 2 1670728278590288 13.0 -68.5 0.8528933180644165 6 
0005 0009 2 1670728278593983 65.0625 -70.5 5.6941366846315 6 
0005 0005 2 1670728278612115 91.125 -62.0 3.147728576741336 6 
0005 0014 3 1670728278672438 -29.25 -67.0 5.988660995905543 6 
0005 0015 3 1670728278697553 -29.25 -66.5 4.239922897715912 6 
0005 0010 3 1670728278700547 9.75 -67.5 6.1850105367549055 6 
0005 0012 3 1670728278705418 0.0 -69.0 6.117515382087937 6 
0005 0004 3 1670728278730243 -131.8125 -71.0 1.2640001692177683 6 
0005 0010 4 1670728278764498 -16.25 -69.5 0.8713010875190442 6 
0005 0012 4 1670728278767203 55.3125 -69.5 6.062292073724054 6 
0005 0004 4 1670728278772808 -169.25 -70.0 3.4606606574700063 6 
0005 0006 4 1670728278792930 0.0 -67.0 0.7363107781851077 6 
