0007 0014 1 1670728331676594 -55.3125 -70.0 6.025476534814799 17 
0007 0000 1 1670728331691381 -117.125 -67.5 4.424000592262189 17 
0007 0003 1 1670728331701586 -6.5 -64.5 5.994796919057086 17 
0007 0007 3 1670728331870448 29.25 -52.5 1.2946797849754812 17 
0007 0015 3 1670728331889226 133.4375 -68.0 6.264777537724958 17 
0007 0005 3 1670728331892604 87.875 -66.0 1.3560390164909069 17 
0007 0007 4 1670728331973844 -26.0 -61.5 5.295301679781233 17 
0007 0003 4 1670728331986043 68.3125 -70.5 1.5830681730979816 17 
0007 0014 7 1670728332238416 -6.5 -71.0 4.399456899656019 17 
0007 0014 8 1670728332320193 -104.125 -67.5 6.117515382087937 17 
0007 0002 8 1670728332348966 -84.625 -69.0 4.822835597112456 17 
0007 0001 8 1670728332359520 17.0625 -67.5 2.8409324191642074 17 
0007 0003 1 1670728332603057 13.0 -63.5 5.921165841238575 17 
0007 0014 1 1670728332615797 -172.5 -70.0 6.117515382087937 17 
0007 0000 1 1670728332620441 55.3125 -67.5 4.129476280988146 17 
0007 0015 3 1670728332782174 9.75 -68.5 0.1595340019401067 17 
0007 0005 3 1670728332791152 -87.875 -67.0 1.6014759425526093 17 
0007 0007 3 1670728332793133 16.25 -52.5 1.2762720155208536 17 
0007 0007 4 1670728332875730 -22.75 -62.5 5.350524988145116 17 
0007 0003 4 1670728332893114 -104.125 -70.5 1.7303303287350031 17 
0007 0014 7 1670728333143644 -29.25 -70.0 4.681709364626977 17 
0007 0014 8 1670728333210232 6.5 -68.0 6.062292073724054 17 
0007 0002 8 1670728333225386 32.5 -69.0 4.608078286808466 17 
0007 0001 8 1670728333239011 13.8125 -67.0 2.7979809571034093 17 
0007 0003 1 1670728333478229 3.25 -63.5 5.8475347634200645 17 
0007 0014 1 1670728333495301 100.875 -70.0 5.577554144752192 17 
0007 0000 1 1670728333504902 -39.0 -67.5 4.178563666200486 17 
0007 0005 3 1670728333657750 -162.75 -67.5 1.8039614065535141 17 
0007 0007 3 1670728333674609 29.25 -52.5 1.3314953238847365 17 
0007 0015 3 1670728333682722 -94.375 -68.5 0.521553467881118 17 
0007 0003 4 1670728333782869 29.25 -69.0 2.2089323345553233 17 
0007 0007 4 1670728333786321 -3.25 -60.5 5.64504929941916 17 
0007 0001 7 1670728334007681 -73.1875 -65.0 5.197126909356553 17 
0007 0004 7 1670728334018932 -38.1875 -65.5 1.0062913968529805 17 
0007 0014 8 1670728334096516 -19.5 -65.0 5.589825991055276 17 
0007 0001 8 1670728334113679 -13.8125 -68.5 6.209554229361076 17 
0007 0004 8 1670728334117220 111.4375 -70.5 3.5342917352885173 17 
0007 0002 8 1670728334121191 91.125 -72.5 3.098641191528995 17 
0007 0010 8 1670728334127192 10.5625 -67.5 0.5276893910326605 17 
0007 0009 8 1670728334130985 -42.3125 -68.0 2.184388641949153 17 
0007 0004 1 1670728334370368 17.0625 -64.0 3.785864584501762 17 
0007 0001 1 1670728334371569 -17.0625 -65.5 2.5770877236478773 17 
0007 0009 1 1670728334372777 61.8125 -70.0 2.000310947402876 17 
0007 0008 1 1670728334377541 22.75 -54.5 1.2640001692177683 17 
0007 0005 1 1670728334385753 -35.75 -68.0 6.270913460876501 17 
0007 0000 1 1670728334387128 -45.5625 -61.5 5.706408530934585 17 
0007 0010 1 1670728334388075 -34.9375 -58.5 4.01902966426038 17 
0007 0002 1 1670728334389010 -410.125 -72.5 4.792155981354743 17 
0007 0015 1 1670728334389944 -117.125 -70.0 0.2699806186678728 17 
0007 0011 1 1670728334399562 -13.0 -69.5 1.337631247036279 17 
0007 0008 2 1670728334426278 19.5 -68.5 1.3130875544301088 17 
0007 0007 2 1670728334434802 -26.0 -60.0 2.509592568980909 17 
0007 0000 2 1670728334440171 61.8125 -58.5 0.30679615757712825 17 
0007 0001 2 1670728334446425 218.875 -62.5 2.3193789512830896 17 
0007 0004 2 1670728334457075 -79.75 -68.5 5.240078371417351 17 
0007 0003 2 1670728334472037 68.3125 -68.5 1.41126232485479 17 
0007 0005 3 1670728334533801 19.5 -65.0 0.7117670855789375 17 
0007 0007 3 1670728334543435 -39.0 -67.0 1.9573594853420782 17 
0007 0004 6 1670728334768990 34.9375 -65.0 0.17794177139473438 17 
0007 0001 6 1670728334794522 62.625 -70.5 2.454369260617026 17 
0007 0005 6 1670728334818128 55.3125 -69.5 2.6691265709210157 17 
0007 0005 7 1670728334857440 71.5625 -62.5 3.0250101137104846 17 
0007 0014 7 1670728334863573 6.5 -65.5 4.0128937411088375 17 
0007 0004 7 1670728334865980 55.3125 -63.0 0.9019807032767571 17 
0007 0006 7 1670728334889191 32.5 -70.5 2.7979809571034093 17 
0007 0010 7 1670728334899258 149.6875 -69.5 1.6935147898257479 17 
0007 0007 7 1670728334900193 26.0 -70.0 5.822991070813893 17 
0007 0007 8 1670728334955576 32.5 -66.0 1.368310862793992 17 
0007 0005 8 1670728334958778 22.75 -62.5 1.282407938672396 17 
0007 0014 8 1670728334966430 35.75 -67.0 5.289165756629691 17 
0007 0008 8 1670728334976350 32.5 -62.5 1.533980787885641 17 
0007 0004 8 1670728334980033 21.125 -67.0 0.9142525495798421 17 
0007 0001 8 1670728334987674 -38.1875 -72.0 2.116893487282185 17 
0007 0006 8 1670728334989525 107.375 -75.0 0.4295146206079795 17 
0007 0014 1 1670728335229627 -48.8125 -70.0 0.6381360077604268 17 
0007 0001 1 1670728335231982 38.1875 -65.5 0.6933593161243098 17 
0007 0002 1 1670728335233411 -26.0 -71.0 0.8651651643675016 17 
0007 0008 1 1670728335236311 -16.25 -55.0 4.945554060143307 17 
0007 0010 1 1670728335237485 38.1875 -58.5 2.5157284921324514 17 
0007 0000 1 1670728335241791 45.5625 -62.0 2.1353012567368124 17 
0007 0013 1 1670728335243220 -9.75 -69.0 0.9142525495798421 17 
0007 0005 1 1670728335250558 130.1875 -71.5 1.0799224746714913 17 
0007 0004 1 1670728335251713 -30.875 -64.0 0.7179030087304801 17 
0007 0011 1 1670728335255402 -19.5 -67.0 0.0859029241215959 17 
0007 0008 2 1670728335312372 -52.0625 -65.0 5.565282298449106 17 
0007 0000 2 1670728335314973 -6.5 -57.0 4.239922897715912 17 
0007 0007 2 1670728335316263 -22.75 -62.0 0.16566992509164924 17 
0007 0004 2 1670728335321206 0.0 -65.0 1.5953400194010667 17 
0007 0001 2 1670728335326664 -34.9375 -68.5 3.4606606574700063 17 
0007 0003 2 1670728335337385 -120.4375 -67.5 5.835262917116979 17 
0007 0005 2 1670728335358702 -71.5625 -71.0 2.7857091108003242 17 
0007 0010 2 1670728335401461 232.6875 -70.5 4.718524903536232 17 
0007 0013 2 1670728335412809 -188.75 -69.5 5.098952138931871 17 
0007 0001 4 1670728335531264 -135.0625 -71.0 4.147884050442774 17 
0007 0005 4 1670728335561043 39.0 -71.5 2.36846633649543 17 
0007 0011 4 1670728335567998 -149.6875 -72.5 4.9394181369917645 17 
0007 0004 6 1670728335726535 13.8125 -64.0 1.1228739367322893 17 
0007 0005 6 1670728335740352 -42.3125 -70.0 2.773437264497239 17 
0007 0014 7 1670728335795276 -78.0625 -63.5 4.454680208019902 17 
0007 0004 7 1670728335799746 52.0625 -62.0 1.4910293258248433 17 
0007 0010 7 1670728335808564 -179.0 -68.5 2.662990647769473 17 
0007 0005 7 1670728335810215 -19.5 -64.0 3.055689729468197 17 
0007 0006 7 1670728335822612 -16.25 -71.5 3.031146036862027 17 
0007 0001 7 1670728335825689 -21.125 -70.0 4.534447208989955 17 
0007 0005 8 1670728335859039 -6.5 -63.5 1.141281706186917 17 
0007 0004 8 1670728335860510 24.375 -68.5 1.1044661672776617 17 
0007 0014 8 1670728335863569 -48.8125 -67.5 5.540738605842936 17 
0007 0008 8 1670728335887123 3.25 -60.5 1.368310862793992 17 
0007 0002 8 1670728335901238 -78.0625 -72.5 3.834951969714103 17 
0007 0001 8 1670728335904823 41.5 -69.5 0.9633399347921826 17 
0007 0006 8 1670728335911899 175.75 -75.5 1.4358060174609601 17 
0007 0013 8 1670728335913814 -263.625 -76.0 5.442563835418255 17 
0007 0004 1 1670728336131648 -10.5625 -63.5 0.4908738521234052 17 
0007 0014 1 1670728336132536 0.0 -68.0 0.2699806186678728 17 
0007 0008 1 1670728336134486 -32.5 -55.5 5.141903600992669 17 
0007 0002 1 1670728336141340 -211.5625 -72.0 1.423534171157875 17 
0007 0001 1 1670728336142791 24.375 -64.5 2.0923497946760143 17 
0007 0011 1 1670728336143694 0.0 -67.0 6.2463697682703305 17 
0007 0000 1 1670728336149117 9.75 -63.5 2.3746022596469727 17 
0007 0010 1 1670728336153093 7.3125 -58.0 2.509592568980909 17 
0007 0013 1 1670728336155744 78.0625 -68.5 0.7731263170943632 17 
0007 0003 1 1670728336158157 286.4375 -71.0 1.8530487917658545 17 
0007 0003 2 1670728336205307 35.75 -68.5 6.062292073724054 17 
0007 0007 2 1670728336206532 -3.25 -61.5 0.35588354278946877 17 
0007 0000 2 1670728336208243 -22.75 -56.5 4.565126824747668 17 
0007 0008 2 1670728336210174 -136.6875 -68.5 5.608233760509904 17 
0007 0004 2 1670728336218267 -55.3125 -65.0 1.8960002538266525 17 
0007 0001 2 1670728336220173 0.0 -67.0 4.614214209960009 17 
0007 0013 2 1670728336232096 -78.0625 -71.0 5.2339424482658075 17 
0007 0011 4 1670728336375929 162.75 -74.0 4.252194744018997 17 
0007 0005 4 1670728336385480 74.8125 -71.0 2.098485717827557 17 
0007 0001 4 1670728336390465 58.5625 -73.0 4.0558452031696355 17 
0007 0004 6 1670728336541206 48.8125 -64.0 0.7853981633974483 17 
0007 0005 6 1670728336544760 9.75 -69.0 2.405281875404685 17 
0007 0005 7 1670728336635323 35.75 -63.5 2.82252464970958 17 
0007 0004 7 1670728336648231 -3.25 -61.5 1.5585244804918115 17 
0007 0014 7 1670728336654854 3.25 -64.0 4.25833066717054 17 
0007 0001 7 1670728336660175 -79.75 -71.5 4.246058820867455 17 
0007 0010 7 1670728336674549 183.875 -69.5 1.6751070203711202 17 
