0001 0010 1 1670728331682356 -65.875 -63.5 2.6445828783148455 4 
0001 0009 1 1670728331695480 -35.75 -66.0 4.1601558967458585 4 
0001 0012 1 1670728331707753 52.0625 -63.0 6.270913460876501 4 
0001 0013 1 1670728331734800 -6.5 -71.5 3.2643111166206444 4 
0001 0012 2 1670728331801546 -55.3125 -68.0 4.589670517353839 4 
0001 0015 3 1670728331873200 -87.875 -70.5 0.4724660826687775 4 
0001 0011 3 1670728331883919 192.0 -69.5 1.718058482431918 4 
0001 0005 3 1670728331885348 -71.5625 -65.5 5.148039524144211 4 
0001 0005 4 1670728331950502 -39.0 -69.5 0.8897088569736719 4 
0001 0007 4 1670728331955039 195.25 -71.0 0.0674951546669682 4 
0001 0013 4 1670728331958242 55.3125 -67.5 0.803805932852076 4 
0001 0009 4 1670728331961306 35.75 -69.0 5.049864753719531 4 
0001 0015 4 1670728331977811 -13.0 -59.0 2.2764274892222915 4 
0001 0004 4 1670728331989900 133.4375 -68.5 4.663301595172349 4 
0001 0015 5 1670728332037321 29.25 -58.5 0.8651651643675016 4 
0001 0011 5 1670728332038200 42.3125 -69.0 1.6137477888556946 4 
0001 0009 5 1670728332046649 100.875 -65.5 3.1906800388021335 4 
0001 0004 5 1670728332053880 -19.5 -68.5 0.5706408530934585 4 
0001 0007 5 1670728332058978 -13.0 -60.0 0.6933593161243098 4 
0001 0005 5 1670728332059897 6.5 -57.5 5.853670686571607 4 
0001 0013 5 1670728332061140 0.0 -66.0 2.675262494072558 4 
0001 0003 5 1670728332063309 35.75 -71.0 6.160466844148735 4 
0001 0006 5 1670728332085461 -16.25 -70.5 1.4910293258248433 4 
0001 0002 6 1670728332126718 3.25 -71.5 5.712544454086128 4 
0001 0004 6 1670728332129638 -78.0625 -69.0 2.5341362615870793 4 
0001 0011 6 1670728332130784 87.875 -71.0 1.1535535524900022 4 
0001 0007 6 1670728332143751 -9.75 -59.5 2.5954954931025047 4 
0001 0014 6 1670728332146615 19.5 -62.0 0.760854470791278 4 
0001 0015 6 1670728332150485 -110.625 -64.0 3.184544115650591 4 
0001 0005 6 1670728332151388 -3.25 -55.0 3.9515345095934116 4 
0001 0006 6 1670728332152381 -6.5 -70.0 0.01227184630308513 4 
0001 0012 6 1670728332156351 52.0625 -67.0 1.3621749396424494 4 
0001 0003 6 1670728332174346 29.25 -72.5 0.37429131224409645 4 
0001 0004 7 1670728332209180 -283.1875 -71.0 2.5341362615870793 4 
0001 0005 7 1670728332218657 -52.0625 -66.0 4.466952054322987 4 
0001 0007 7 1670728332219835 -107.375 -68.0 3.3747577333484107 4 
0001 0009 7 1670728332226114 42.3125 -67.5 3.8410878928656453 4 
0001 0006 7 1670728332246720 -42.3125 -70.0 1.509437095279471 4 
0001 0004 8 1670728332332322 55.3125 -68.5 5.154175447295755 4 
0001 0012 1 1670728332579194 58.5625 -63.0 0.03681553890925539 4 
0001 0009 1 1670728332580373 -130.1875 -66.5 4.289010282928253 4 
0001 0010 1 1670728332613030 -6.5 -64.0 2.4605051837685683 4 
0001 0013 1 1670728332628776 -65.0625 -71.0 3.2888548092268146 4 
0001 0012 2 1670728332690754 -45.5625 -69.0 4.577398671050753 4 
0001 0011 3 1670728332799774 188.75 -68.0 1.7671458676442586 4 
0001 0005 3 1670728332802572 -48.8125 -66.5 5.074408446325701 4 
0001 0015 3 1670728332817777 -179.0 -70.0 0.5522330836388308 4 
0001 0009 4 1670728332872829 -13.0 -68.5 5.2339424482658075 4 
0001 0015 4 1670728332877838 3.25 -59.0 2.2886993355253766 4 
0001 0007 4 1670728332879797 -71.5625 -70.0 0.20248546400090464 4 
0001 0013 4 1670728332887202 -48.8125 -68.0 0.8958447801252144 4 
0001 0004 4 1670728332894076 -26.0 -69.0 5.080544369477243 4 
0001 0005 4 1670728332895024 9.75 -68.5 1.2087768608538851 4 
0001 0013 5 1670728332941945 -32.5 -66.0 2.7857091108003242 4 
0001 0004 5 1670728332945120 26.0 -68.0 0.4111068511533518 4 
0001 0005 5 1670728332947808 -29.25 -57.5 5.921165841238575 4 
0001 0007 5 1670728332956491 48.8125 -59.5 0.5829126993965437 4 
0001 0015 5 1670728332960924 19.5 -59.0 0.8958447801252144 4 
0001 0006 5 1670728332961946 172.5 -70.5 1.2885438618239387 4 
0001 0009 5 1670728332970892 -58.5625 -66.0 3.6692820446224537 4 
0001 0011 5 1670728332974205 42.3125 -70.5 1.5585244804918115 4 
0001 0003 5 1670728332977887 58.5625 -69.0 6.013204688511713 4 
0001 0014 6 1670728333022873 -19.5 -62.0 0.8528933180644165 4 
0001 0011 6 1670728333024871 -45.5625 -71.5 1.4051264017032472 4 
0001 0004 6 1670728333033646 3.25 -69.0 2.2518837966161214 4 
0001 0006 6 1670728333036747 -84.625 -70.5 0.25770877236478773 4 
0001 0007 6 1670728333040363 0.0 -59.5 2.4175537217077703 4 
0001 0005 6 1670728333041402 -42.3125 -55.0 3.9944859716542096 4 
0001 0015 6 1670728333042366 13.0 -64.5 2.9759227284981438 4 
0001 0002 6 1670728333044462 -69.125 -72.0 5.675728915176872 4 
0001 0012 6 1670728333056131 -9.75 -67.0 1.607611865704152 4 
0001 0003 6 1670728333069877 39.0 -73.5 0.5645049299419159 4 
0001 0009 7 1670728333103175 0.0 -66.0 3.9638063558964967 4 
0001 0005 7 1670728333120923 0.0 -65.0 4.466952054322987 4 
0001 0007 7 1670728333136534 -9.75 -68.0 3.3624858870453256 4 
0001 0004 8 1670728333217824 152.9375 -69.0 4.95168998329485 4 
0001 0009 1 1670728333479182 -13.0 -66.5 4.264466590322082 4 
0001 0010 1 1670728333490682 -41.5 -64.0 2.7550294950426117 4 
0001 0012 1 1670728333492585 6.5 -63.0 0.09203884727313846 4 
0001 0013 1 1670728333515995 195.25 -72.0 2.9084275738311756 4 
0001 0012 2 1670728333591102 91.125 -68.5 4.374913207049849 4 
0001 0005 3 1670728333660287 260.375 -66.0 4.675573441475434 4 
0001 0011 3 1670728333679616 166.0 -68.5 1.6996507129772904 4 
0001 0015 4 1670728333764056 48.8125 -59.5 2.2027964114037806 4 
0001 0005 4 1670728333765259 13.0 -69.0 1.0983302441261191 4 
0001 0009 4 1670728333768837 -110.625 -69.0 5.608233760509904 4 
0001 0007 4 1670728333794582 -3.25 -70.0 0.3374757733348411 4 
0001 0004 4 1670728333796981 48.8125 -69.0 4.933282213840222 4 
0001 0013 4 1670728333805563 22.75 -67.0 1.0676506283684062 4 
0001 0015 5 1670728333845900 35.75 -59.0 0.7853981633974483 4 
0001 0005 5 1670728333855417 -35.75 -58.5 5.6573211457222445 4 
0001 0007 5 1670728333862993 -6.5 -60.5 0.4479223900626072 4 
0001 0013 5 1670728333865660 61.8125 -65.5 2.6998061866787286 4 
0001 0009 5 1670728333876843 -9.75 -63.0 3.160000423044421 4 
0001 0004 5 1670728333880344 -16.25 -68.5 0.3865631585471816 4 
0001 0006 5 1670728333888128 113.875 -69.0 1.043106935762236 4 
0001 0003 5 1670728333889681 -97.625 -70.5 5.964117303299373 4 
0001 0010 6 1670728333936517 131.8125 -71.0 2.497320722677824 4 
0001 0012 6 1670728333939764 22.75 -65.5 1.5462526341887264 4 
0001 0014 6 1670728333948762 -42.3125 -62.5 0.8897088569736719 4 
0001 0005 6 1670728333951756 0.0 -56.0 3.3072625786814425 4 
0001 0004 6 1670728333953704 45.5625 -65.0 1.184233168247715 4 
0001 0007 6 1670728333954682 22.75 -64.0 2.055534255766759 4 
0001 0011 6 1670728333959595 91.125 -74.5 6.277049384028044 4 
0001 0015 6 1670728333961986 -42.3125 -63.5 2.5832236467994196 4 
0001 0002 6 1670728333965220 -10.5625 -72.0 4.295146206079795 4 
0001 0009 6 1670728333968919 -3.25 -65.5 0.5399612373357456 4 
0001 0006 6 1670728333980737 35.75 -71.5 0.521553467881118 4 
0001 0009 7 1670728334010436 9.75 -69.0 4.295146206079795 4 
0001 0005 7 1670728334039526 -22.75 -69.5 5.681864838328415 4 
0001 0007 7 1670728334052579 -123.6875 -72.0 3.724505352986337 4 
0001 0007 8 1670728334133353 -182.25 -71.5 5.3198453723874035 4 
0001 0002 1 1670728334366585 -135.0625 -71.5 1.3560390164909069 4 
0001 0008 1 1670728334381125 35.75 -64.0 5.264622064023521 4 
0001 0010 1 1670728334398630 -152.9375 -70.0 2.36846633649543 4 
0001 0015 3 1670728334519122 -13.0 -68.0 0.44178646691106466 4 
0001 0008 3 1670728334544611 16.25 -66.0 5.4671075280244255 4 
0001 0005 3 1670728334546421 -91.125 -69.5 5.681864838328415 4 
0001 0008 4 1670728334597288 3.25 -63.0 1.662835174068035 4 
0001 0014 4 1670728334601684 22.75 -70.0 3.816544200259475 4 
0001 0013 4 1670728334609253 -214.8125 -74.5 3.227495577711389 4 
0001 0007 4 1670728334615013 84.625 -69.5 0.39269908169872414 4 
0001 0015 4 1670728334618194 6.5 -61.5 1.1290098598838318 4 
0001 0012 4 1670728334633328 71.5625 -71.5 4.319689898685965 4 
0001 0005 4 1670728334637594 45.5625 -64.5 6.068427996875596 4 
0001 0009 4 1670728334641970 -35.75 -67.5 1.8162332528565992 4 
0001 0015 5 1670728334696376 -29.25 -64.5 0.521553467881118 4 
0001 0006 5 1670728334698100 -322.25 -71.0 0.8344855486097889 4 
0001 0005 5 1670728334703643 29.25 -60.0 5.166447293598839 4 
0001 0008 5 1670728334705301 -58.5625 -64.5 5.743224069843841 4 
0001 0007 5 1670728334707030 68.3125 -62.5 1.736466251886546 4 
0001 0003 5 1670728334709449 -113.875 -70.5 6.037748381117884 4 
0001 0014 6 1670728334767267 87.875 -66.5 2.8961557275280905 4 
0001 0006 6 1670728334772532 39.0 -68.0 4.749204519293945 4 
0001 0005 6 1670728334776796 3.25 -57.5 0.6688156235181395 4 
0001 0007 6 1670728334785904 22.75 -60.0 2.8838838812250054 4 
0001 0015 6 1670728334791647 -16.25 -63.5 3.7429131224409646 4 
0001 0009 6 1670728334796677 -6.5 -67.5 6.025476534814799 4 
0001 0002 6 1670728334798774 -21.125 -65.5 0.859029241215959 4 
0001 0008 6 1670728334810951 38.1875 -65.0 3.6017868899554855 4 
0001 0004 6 1670728334820310 -9.75 -70.0 0.8897088569736719 4 
0001 0008 7 1670728334859525 -22.75 -64.5 0.3988350048502667 4 
0001 0010 7 1670728334861663 -48.8125 -69.5 1.6689710972195777 4 
0001 0012 7 1670728334873423 192.0 -71.5 5.497787143782138 4 
0001 0005 7 1670728334875353 -133.4375 -67.5 4.914874444385594 4 
0001 0004 7 1670728334885150 9.75 -58.0 2.5709518004963345 4 
0001 0009 7 1670728334891732 87.875 -64.0 4.988505522204105 4 
0001 0006 7 1670728334893262 -84.625 -66.5 4.1172044346850605 4 
0001 0015 7 1670728334898058 -87.875 -66.0 3.9269908169872414 4 
0001 0002 7 1670728334902388 -17.0625 -68.0 1.1719613219446299 4 
0001 0002 8 1670728334954372 -13.8125 -68.0 5.332117218690489 4 
0001 0004 8 1670728334960184 -117.125 -70.5 6.117515382087937 4 
0001 0010 8 1670728334992563 -166.8125 -70.0 5.387340527054372 4 
0001 0009 1 1670728335223588 -6.5 -69.0 0.4663301595172349 4 
0001 0004 1 1670728335246736 -91.125 -71.5 1.3560390164909069 4 
0001 0008 2 1670728335331799 -107.375 -68.5 0.11044661672776616 4 
0001 0005 3 1670728335480398 -110.625 -70.0 5.859806609723149 4 
0001 0015 3 1670728335488697 263.625 -68.5 6.092971689481767 4 
0001 0008 4 1670728335530332 24.375 -60.0 1.8837284075235674 4 
0001 0015 4 1670728335532694 22.75 -65.0 1.5401167110371838 4 
0001 0014 4 1670728335542315 -16.25 -64.5 3.3870295796514958 4 
0001 0012 4 1670728335548869 -61.8125 -69.5 4.01902966426038 4 
0001 0011 4 1670728335557595 -22.75 -68.0 4.755340442445488 4 
0001 0005 4 1670728335561948 6.5 -66.0 5.006913291658733 4 
0001 0007 5 1670728335608119 -26.0 -61.0 1.9082721001297376 4 
0001 0005 5 1670728335619405 39.0 -59.0 4.92714629068868 4 
0001 0009 5 1670728335627931 42.3125 -67.5 0.3865631585471816 4 
0001 0015 5 1670728335637743 39.0 -66.0 0.6749515466696822 4 
0001 0004 5 1670728335641211 -3.25 -71.0 3.018874190558942 4 
0001 0014 6 1670728335697207 -94.375 -62.5 4.178563666200486 4 
0001 0005 6 1670728335706713 -13.0 -55.0 0.3865631585471816 4 
0001 0015 6 1670728335710398 -39.0 -63.0 3.018874190558942 4 
0001 0004 6 1670728335713526 19.5 -70.0 0.0674951546669682 4 
0001 0008 6 1670728335714473 6.5 -62.5 3.6324665057131984 4 
0001 0007 6 1670728335720083 -29.25 -57.5 2.7857091108003242 4 
0001 0009 6 1670728335722944 169.25 -68.5 5.620505606812989 4 
0001 0006 6 1670728335729460 32.5 -65.5 4.331961744989051 4 
0001 0002 6 1670728335734927 97.625 -65.5 1.030835089459151 4 
0001 0005 7 1670728335778192 19.5 -67.0 4.135612204139688 4 
0001 0008 7 1670728335782357 0.0 -66.5 0.803805932852076 4 
0001 0004 7 1670728335783534 -16.25 -57.5 2.834796496012665 4 
0001 0010 7 1670728335791283 -41.5 -66.5 2.141437179888355 4 
0001 0012 7 1670728335798829 -162.75 -70.0 6.000932842208628 4 
0001 0009 7 1670728335801207 -87.875 -62.0 5.313709449235861 4 
0001 0015 7 1670728335805515 -22.75 -66.0 3.7122335066832517 4 
0001 0006 7 1670728335812921 94.375 -66.5 4.3933209765044765 4 
0001 0002 7 1670728335826667 13.0 -69.0 1.8530487917658545 4 
0001 0010 8 1670728335856231 -39.0 -70.0 6.22182607566416 4 
0001 0002 8 1670728335900274 -7.3125 -68.5 5.749359992995383 4 
0001 0004 1 1670728336156709 87.875 -71.5 1.2640001692177683 4 
0001 0009 1 1670728336162191 -61.8125 -68.0 1.043106935762236 4 
0001 0008 2 1670728336202974 7.3125 -66.5 6.2463697682703305 4 
0001 0015 3 1670728336294558 -52.0625 -68.5 0.1595340019401067 4 
0001 0005 3 1670728336298038 0.0 -68.0 5.706408530934585 4 
0001 0014 4 1670728336367456 35.75 -64.5 3.2213596545598464 4 
0001 0012 4 1670728336370660 -32.5 -69.5 3.9515345095934116 4 
0001 0005 4 1670728336377345 -48.8125 -66.5 4.878058905476339 4 
0001 0011 4 1670728336379967 -29.25 -69.0 4.589670517353839 4 
0001 0008 4 1670728336383595 45.5625 -60.5 1.4296700943094176 4 
0001 0015 4 1670728336409474 -13.0 -65.0 1.5953400194010667 4 
0001 0015 5 1670728336462233 74.8125 -65.0 0.6320000846088841 4 
0001 0007 5 1670728336467160 32.5 -61.5 1.4664856332186729 4 
0001 0005 5 1670728336474265 -26.0 -60.5 4.681709364626977 4 
0001 0009 5 1670728336475219 -65.0625 -65.5 0.02454369260617026 4 
0001 0004 5 1670728336493279 146.4375 -70.0 2.0800779483729293 4 
0001 0009 6 1670728336543345 -16.25 -68.0 5.786175531904639 4 
0001 0005 6 1670728336546642 0.0 -56.0 0.1349903093339364 4 
0001 0014 6 1670728336550457 -39.0 -61.0 4.166291819897402 4 
0001 0015 6 1670728336557482 39.0 -64.0 2.7857091108003242 4 
0001 0002 6 1670728336560239 -65.875 -66.5 1.4173982480063325 4 
0001 0007 6 1670728336562559 -13.0 -58.0 2.429825568010856 4 
0001 0008 6 1670728336571181 0.0 -63.0 3.5342917352885173 4 
0001 0004 6 1670728336585086 -22.75 -71.0 6.105243535784852 4 
0001 0006 6 1670728336587531 13.0 -65.5 4.264466590322082 4 
0001 0006 7 1670728336624092 26.0 -67.5 4.8351074434155406 4 
0001 0012 7 1670728336632053 -104.125 -70.0 6.117515382087937 4 
0001 0002 7 1670728336639738 65.875 -70.0 2.1598449493429825 4 
0001 0004 7 1670728336642297 -16.25 -57.0 3.2336315008629315 4 
0001 0005 7 1670728336643487 -35.75 -69.5 3.834951969714103 4 
0001 0009 7 1670728336651557 -13.0 -61.5 5.773903685601553 4 
0001 0008 7 1670728336653876 -3.25 -66.0 1.6321555583103222 4 
0001 0010 7 1670728336656042 -13.8125 -65.5 2.429825568010856 4 
0001 0015 7 1670728336661482 -97.625 -65.0 3.890175278077986 4 
