0004 0005 3 1670728562232227 -152.9375 -70.0 3.810408277107933 15 
0004 0014 4 1670728562284263 29.25 -66.0 1.7855536370988863 15 
0004 0007 4 1670728562314033 32.5 -66.5 1.5953400194010667 15 
0004 0014 5 1670728562351406 61.8125 -67.5 5.497787143782138 15 
0004 0006 5 1670728562370655 6.5 -68.0 5.45483568172134 15 
0004 0004 5 1670728562404072 -29.25 -69.5 5.608233760509904 15 
0004 0015 6 1670728562438718 -84.625 -64.5 4.828971520263998 15 
0004 0004 6 1670728562447275 -3.25 -56.5 1.9634954084936207 15 
0004 0014 6 1670728562452986 -48.8125 -68.0 5.0682725231741586 15 
0004 0001 6 1670728562458433 -117.9375 -71.0 5.031456984264903 15 
0004 0006 6 1670728562461573 -32.5 -64.5 1.055378782065321 15 
0004 0002 6 1670728562520282 -192.0 -74.0 4.196971435655114 15 
0004 0009 7 1670728562567854 -16.25 -53.0 2.3193789512830896 15 
0004 0014 7 1670728562578187 81.375 -68.5 2.399145952253143 15 
0004 0008 7 1670728562581179 -16.25 -65.5 1.6444274046134073 15 
0004 0015 7 1670728562586091 -3.25 -64.5 1.6014759425526093 15 
0004 0006 7 1670728562591805 68.3125 -66.5 1.88986433067511 15 
0004 0000 7 1670728562604329 169.25 -69.5 5.589825991055276 15 
0004 0004 7 1670728562606448 26.0 -71.0 3.7981364308048478 15 
0004 0004 8 1670728562651004 -22.75 -69.0 3.129320807286708 15 
0004 0015 8 1670728562661650 -3.25 -61.5 2.337786720737717 15 
0004 0011 8 1670728562662868 -91.125 -72.0 3.9147189706841563 15 
0004 0001 8 1670728562663817 -79.75 -76.5 0.9878836273983529 15 
0004 0014 8 1670728562671881 -58.5625 -69.0 1.761009944492716 15 
0004 0005 8 1670728562674385 -9.75 -62.0 1.3437671701878218 15 
0004 0014 4 1670728563163743 35.75 -67.0 1.8039614065535141 15 
0004 0007 4 1670728563195693 87.875 -66.5 1.4726215563702154 15 
0004 0006 5 1670728563262525 113.875 -68.5 5.375068680751287 15 
0004 0004 5 1670728563266550 -214.8125 -70.5 5.939573610693203 15 
0004 0014 5 1670728563274785 -3.25 -68.0 5.6941366846315 15 
0004 0014 6 1670728563343005 -9.75 -69.0 5.074408446325701 15 
0004 0015 6 1670728563346111 52.0625 -64.5 4.675573441475434 15 
0004 0002 6 1670728563354234 -19.5 -74.5 3.9085830475326135 15 
0004 0001 6 1670728563367083 13.8125 -73.0 4.957825906446392 15 
0004 0004 6 1670728563376435 35.75 -56.5 1.9205439464328227 15 
0004 0006 6 1670728563377625 22.75 -65.0 1.0246991663076084 15 
0004 0008 7 1670728563437524 0.0 -65.5 1.7241944055834606 15 
0004 0015 7 1670728563443887 3.25 -64.5 1.4910293258248433 15 
0004 0014 7 1670728563449908 -32.5 -69.5 2.662990647769473 15 
0004 0009 7 1670728563452840 -16.25 -53.0 2.3193789512830896 15 
0004 0006 7 1670728563456559 84.625 -67.5 1.9082721001297376 15 
0004 0005 7 1670728563457992 -328.75 -71.0 1.9266798695843652 15 
0004 0000 7 1670728563469513 81.375 -70.5 6.191146459906448 15 
0004 0015 8 1670728563543305 3.25 -61.0 2.380738182798515 15 
0004 0004 8 1670728563547829 35.75 -68.5 3.393165502803038 15 
0004 0011 8 1670728563549015 -13.8125 -70.0 3.810408277107933 15 
0004 0005 8 1670728563549981 29.25 -62.5 1.3560390164909069 15 
0004 0014 8 1670728563557076 32.5 -68.0 2.073942025221387 15 
0004 0007 1 1670728563829088 9.75 -70.0 0.9387962421860124 15 
0004 0008 5 1670728564108479 35.75 -67.5 5.4671075280244255 15 
0004 0014 5 1670728564150020 42.3125 -66.0 5.534602682691394 15 
0004 0000 6 1670728564195598 -328.75 -74.0 5.957981380147831 15 
0004 0006 6 1670728564228790 -13.0 -65.5 2.184388641949153 15 
0004 0004 6 1670728564242622 -32.5 -68.0 0.018407769454627694 15 
0004 0007 6 1670728564244510 104.125 -71.0 1.000155473701438 15 
0004 0014 7 1670728564288456 -123.6875 -66.0 2.8102528034064944 15 
0004 0001 7 1670728564297587 3.25 -63.0 1.2026409377023426 15 
0004 0007 7 1670728564301938 3.25 -64.5 3.104777114680538 15 
0004 0000 7 1670728564315851 71.5625 -69.5 1.1780972450961724 15 
0004 0015 7 1670728564317788 16.25 -62.5 1.576932249946439 15 
0004 0003 7 1670728564320908 -58.5625 -64.5 0.1349903093339364 15 
0004 0007 8 1670728564378077 -42.3125 -65.5 0.3129320807286708 15 
0004 0015 8 1670728564390616 -27.625 -66.0 2.380738182798515 15 
0004 0005 8 1670728564415547 -39.0 -72.0 6.12365130523948 15 
0004 0014 5 1670728565058478 -48.8125 -68.0 5.436427912266712 15 
0004 0002 6 1670728565156317 -29.25 -73.5 5.5100589900852235 15 
0004 0003 7 1670728565216428 123.6875 -66.5 5.522330836388308 15 
0004 0014 7 1670728565222891 -87.875 -66.5 2.82252464970958 15 
0004 0015 7 1670728565235301 35.75 -62.5 1.6996507129772904 15 
0004 0007 7 1670728565242785 71.5625 -69.5 1.705786636128833 15 
0004 0007 8 1670728565303854 42.3125 -63.5 5.724816300389213 15 
0004 0015 8 1670728565307016 -29.25 -65.5 2.748893571891069 15 
0004 0005 8 1670728565323653 -110.625 -73.0 6.050020227420969 15 
0004 0003 8 1670728565328286 -68.3125 -74.5 1.8775924843720249 15 
0004 0014 5 1670728565973589 -113.875 -69.0 5.5284667595398505 15 
0004 0002 6 1670728566071526 55.3125 -72.0 5.332117218690489 15 
0004 0015 7 1670728566118023 -3.25 -62.0 1.6566992509164924 15 
0004 0014 7 1670728566140090 -3.25 -66.0 2.748893571891069 15 
0004 0003 7 1670728566147785 81.375 -65.5 5.7616318392984684 15 
0004 0007 7 1670728566151776 -182.25 -69.5 2.1475731030398975 15 
0004 0003 8 1670728566228376 78.0625 -73.0 1.8039614065535141 15 
0004 0007 8 1670728566230795 3.25 -63.5 5.872078456026235 15 
0004 0015 8 1670728566234660 3.25 -65.5 2.736621725587984 15 
0004 0005 8 1670728566243134 -113.875 -73.5 6.105243535784852 15 
0004 0014 5 1670728566854875 -58.5625 -68.5 5.47937937432751 15 
0004 0002 6 1670728566971550 13.0 -72.5 5.497787143782138 15 
