0006 0014 1 1670728618525874 -13.0 -67.5 4.565126824747668 13 
0006 0013 5 1670728618826676 0.0 -64.5 0.23316507975861744 13 
0006 0000 5 1670728618833676 -130.1875 -68.5 5.460971604872882 13 
0006 0010 5 1670728618834595 -42.3125 -62.5 5.00077736850719 13 
0006 0012 5 1670728618840400 13.0 -57.5 1.5155730184310134 13 
0006 0007 5 1670728618843081 -16.25 -60.5 3.5833791205008576 13 
0006 0011 5 1670728618845670 26.0 -65.5 3.160000423044421 13 
0006 0005 5 1670728618849224 -13.0 -60.5 1.552388557340269 13 
0006 0004 5 1670728618851109 -16.25 -53.5 5.049864753719531 13 
0006 0006 5 1670728618854607 42.3125 -62.0 0.6688156235181395 13 
0006 0008 5 1670728618856417 3.25 -63.0 1.6812429435226628 13 
0006 0009 5 1670728618858289 39.0 -61.0 4.485359823777615 13 
0006 0014 5 1670728618859280 19.5 -62.0 5.724816300389213 13 
0006 0002 5 1670728618869509 -48.8125 -67.5 5.092816215780329 13 
0006 0009 6 1670728618918158 35.75 -69.0 5.583690067903734 13 
0006 0003 6 1670728618923573 -19.5 -67.5 5.227806525114265 13 
0006 0010 6 1670728618933927 3.25 -66.0 5.602097837358362 13 
0006 0015 6 1670728618935813 -183.875 -71.0 3.2704470397721868 13 
0006 0008 6 1670728618936712 -13.8125 -66.0 3.485204350076177 13 
0006 0013 6 1670728618938174 117.125 -67.0 1.4358060174609601 13 
0006 0007 6 1670728618941047 6.5 -55.0 1.4787574795217582 13 
0006 0002 6 1670728618942009 -3.25 -64.0 4.71238898038469 13 
0006 0012 6 1670728618944420 16.25 -60.5 4.828971520263998 13 
0006 0004 6 1670728618948110 -9.75 -59.5 4.847379289718626 13 
0006 0006 6 1670728618961986 42.3125 -65.5 1.9082721001297376 13 
0006 0001 6 1670728618976810 250.625 -74.0 6.105243535784852 13 
0006 0014 1 1670728619371600 -117.125 -68.0 4.73693267299086 13 
0006 0002 5 1670728619666307 -68.3125 -63.5 4.773748211900116 13 
0006 0013 5 1670728619669622 -19.5 -65.5 0.23316507975861744 13 
0006 0009 5 1670728619677311 -35.75 -61.5 4.4362724385652745 13 
0006 0014 5 1670728619678941 97.625 -62.0 5.638913376267617 13 
0006 0006 5 1670728619680879 -9.75 -62.0 0.8467573949128739 13 
0006 0011 5 1670728619686055 58.5625 -64.0 3.1906800388021335 13 
0006 0007 5 1670728619687936 -3.25 -58.0 4.657165672020807 13 
0006 0010 5 1670728619697444 -19.5 -63.0 4.865787059173254 13 
0006 0005 5 1670728619698576 9.75 -59.5 1.4726215563702154 13 
0006 0008 5 1670728619699792 -3.25 -63.5 1.4664856332186729 13 
0006 0012 5 1670728619705223 -3.25 -58.0 1.4358060174609601 13 
0006 0004 5 1670728619706114 22.75 -55.0 4.693981210930062 13 
0006 0000 5 1670728619707317 -6.5 -64.0 5.2768939103266055 13 
0006 0013 6 1670728619764685 120.4375 -69.0 1.227184630308513 13 
0006 0006 6 1670728619768647 104.125 -67.5 2.0371264863121317 13 
0006 0003 6 1670728619771007 -32.5 -66.0 4.896466674930966 13 
0006 0002 6 1670728619773397 -3.25 -59.5 4.2031073588066565 13 
0006 0010 6 1670728619774613 9.75 -64.5 5.246214294568893 13 
0006 0004 6 1670728619776949 6.5 -59.5 4.571262747899211 13 
0006 0012 6 1670728619778874 -9.75 -60.5 4.675573441475434 13 
0006 0007 6 1670728619780800 6.5 -53.0 1.9512235621905356 13 
0006 0000 6 1670728619781764 -39.0 -71.0 2.3193789512830896 13 
0006 0008 6 1670728619787679 -55.3125 -66.5 3.098641191528995 13 
0006 0009 6 1670728619795475 13.0 -69.5 4.7860200582032 13 
0006 0015 6 1670728619821047 -55.3125 -73.0 2.9697868053466014 13 
0006 0001 6 1670728619845631 231.0625 -76.0 0.46019423636569234 13 
0006 0014 1 1670728620260705 19.5 -70.0 3.9208548938356986 13 
0006 0008 5 1670728620537500 -10.5625 -61.0 5.927301764390117 13 
0006 0000 5 1670728620540026 -133.4375 -63.5 4.651029748869264 13 
0006 0010 5 1670728620547712 42.3125 -66.0 0.760854470791278 13 
0006 0005 5 1670728620550839 -13.0 -61.5 5.534602682691394 13 
0006 0004 5 1670728620553228 3.25 -58.0 0.9326603190344698 13 
0006 0009 5 1670728620555880 -19.5 -60.0 0.9326603190344698 13 
0006 0002 5 1670728620564680 -9.75 -67.5 4.1417481272912315 13 
0006 0006 5 1670728620578114 -123.6875 -69.5 1.2210487071569704 13 
0006 0004 6 1670728620640429 6.5 -59.5 5.767767762450011 13 
0006 0005 6 1670728620642879 26.0 -63.5 3.098641191528995 13 
0006 0002 6 1670728620660891 61.8125 -68.0 2.2334760271614935 13 
0006 0007 6 1670728620670852 19.5 -57.5 2.5954954931025047 13 
0006 0001 6 1670728620673216 58.5625 -74.0 4.276738436625168 13 
0006 0014 6 1670728620679622 42.3125 -63.5 0.9572040116406401 13 
0006 0011 6 1670728620680823 -6.5 -60.5 5.221670601962723 13 
0006 0015 6 1670728620688015 41.5 -68.0 5.442563835418255 13 
0006 0000 6 1670728620691675 42.3125 -73.0 4.399456899656019 13 
0006 0006 6 1670728620693774 52.0625 -68.0 0.7669903939428205 13 
0006 0003 6 1670728620705416 149.6875 -74.5 1.8162332528565992 13 
0006 0008 6 1670728620707173 179.0 -74.5 2.5832236467994196 13 
0006 0005 7 1670728620783583 78.0625 -71.0 0.8160777791551611 13 
0006 0006 5 1670728621416325 22.75 -68.5 5.724816300389213 13 
0006 0005 5 1670728621420989 -3.25 -57.0 0.7731263170943632 13 
0006 0011 5 1670728621422687 -16.25 -65.5 5.878214379177777 13 
0006 0002 5 1670728621424143 29.25 -66.0 2.9697868053466014 13 
0006 0007 5 1670728621425557 19.5 -61.0 3.429981041712294 13 
0006 0009 5 1670728621428954 32.5 -60.0 1.718058482431918 13 
0006 0010 5 1670728621439334 55.3125 -66.5 0.09203884727313846 13 
0006 0004 5 1670728621441287 35.75 -56.0 1.7426021750380885 13 
0006 0008 5 1670728621443888 -38.1875 -58.0 0.2270291566070749 13 
0006 0014 5 1670728621447003 -39.0 -69.0 3.466796580621549 13 
0006 0015 5 1670728621455612 -30.875 -72.0 5.411884219660542 13 
0006 0001 5 1670728621460312 52.0625 -71.0 1.9205439464328227 13 
0006 0000 5 1670728621461855 58.5625 -69.5 2.988194574801229 13 
0006 0004 6 1670728621513027 3.25 -57.0 2.5157284921324514 13 
0006 0014 6 1670728621513951 -48.8125 -64.0 1.7426021750380885 13 
0006 0011 6 1670728621516349 9.75 -58.5 2.6875343403756435 13 
0006 0009 6 1670728621528564 -78.0625 -70.5 4.086524818927348 13 
0006 0008 6 1670728621530216 41.5 -65.5 1.5033011721279284 13 
0006 0007 6 1670728621539922 29.25 -58.0 1.2517283229146832 13 
0006 0010 6 1670728621543043 35.75 -69.0 0.6442719309119693 13 
0006 0003 6 1670728621546201 34.9375 -69.0 2.8102528034064944 13 
0006 0006 6 1670728621557272 32.5 -70.0 1.141281706186917 13 
0006 0005 6 1670728621558421 58.5625 -62.0 1.8837284075235674 13 
0006 0015 6 1670728621559354 -52.0625 -69.5 0.28225246497095796 13 
0006 0002 6 1670728621562008 -6.5 -63.5 2.466641106920111 13 
0006 0001 6 1670728621565620 126.9375 -73.0 2.350058567040802 13 
0006 0005 7 1670728621607551 -52.0625 -66.0 2.890019804376548 13 
0006 0008 7 1670728621615458 -68.3125 -66.5 4.104932588381976 13 
0006 0004 7 1670728621642355 81.375 -71.0 2.8961557275280905 13 
0006 0005 4 1670728622225013 -26.0 -70.5 1.761009944492716 13 
0006 0011 5 1670728622255999 0.0 -64.5 5.393476450205914 13 
0006 0004 5 1670728622256963 6.5 -56.5 1.552388557340269 13 
0006 0009 5 1670728622266898 -9.75 -61.5 1.5585244804918115 13 
0006 0008 5 1670728622269076 7.3125 -54.5 0.6013204688511713 13 
0006 0005 5 1670728622271702 -32.5 -57.5 0.15339807878856412 13 
0006 0000 5 1670728622273090 13.0 -68.0 2.5157284921324514 13 
0006 0006 5 1670728622286423 -74.8125 -68.0 5.387340527054372 13 
0006 0015 5 1670728622291143 -222.125 -73.5 5.853670686571607 13 
0006 0007 5 1670728622292848 -7.3125 -61.0 3.2336315008629315 13 
0006 0002 5 1670728622309262 -139.9375 -65.5 2.693670263527186 13 
0006 0010 5 1670728622310476 -61.8125 -65.0 0.2454369260617026 13 
0006 0014 5 1670728622320063 91.125 -69.5 3.522019888985432 13 
0006 0007 6 1670728622363431 3.25 -59.0 0.8835729338221293 13 
0006 0003 6 1670728622367485 10.5625 -68.5 2.5954954931025047 13 
0006 0015 6 1670728622379656 139.125 -70.0 0.030679615757712823 13 
0006 0011 6 1670728622385940 6.5 -58.5 2.5157284921324514 13 
0006 0005 6 1670728622387853 29.25 -61.0 1.9512235621905356 13 
0006 0002 6 1670728622389816 0.0 -62.5 2.2518837966161214 13 
0006 0014 6 1670728622391535 6.5 -64.0 1.5707963267948966 13 
0006 0004 6 1670728622393689 -3.25 -57.5 2.350058567040802 13 
0006 0008 6 1670728622395823 22.75 -59.0 1.9819031779482483 13 
0006 0006 6 1670728622404572 3.25 -71.0 1.1596894756415448 13 
0006 0001 6 1670728622409103 -126.9375 -73.5 2.399145952253143 13 
0006 0010 6 1670728622418107 0.0 -69.0 0.8099418560036186 13 
0006 0005 7 1670728622455246 110.625 -66.5 2.742757648739526 13 
0006 0008 7 1670728622469012 -121.25 -65.5 4.638757902566179 13 
0006 0004 7 1670728622488305 -94.375 -71.0 2.9943304979527716 13 
0006 0005 4 1670728623076673 146.4375 -72.0 1.5401167110371838 13 
0006 0008 5 1670728623122840 0.0 -54.5 0.5951845456996288 13 
0006 0006 5 1670728623136110 -48.8125 -69.5 5.3627968344482015 13 
0006 0010 5 1670728623138062 0.0 -65.0 0.2454369260617026 13 
0006 0005 5 1670728623140404 -22.75 -57.0 0.2454369260617026 13 
0006 0002 5 1670728623141607 81.375 -67.5 2.435961491162398 13 
0006 0007 5 1670728623143799 19.5 -61.5 3.160000423044421 13 
0006 0004 5 1670728623144747 13.0 -56.0 1.4971652489763858 13 
0006 0000 5 1670728623148782 -159.5 -69.5 2.7550294950426117 13 
0006 0014 5 1670728623149657 195.25 -68.5 2.834796496012665 13 
0006 0009 5 1670728623155406 -16.25 -61.0 1.7978254834019713 13 
0006 0011 5 1670728623158762 -91.125 -64.0 5.620505606812989 13 
0006 0001 6 1670728623197116 55.3125 -74.5 2.380738182798515 13 
0006 0007 6 1670728623202854 -16.25 -59.0 0.9081166264282996 13 
0006 0014 6 1670728623207492 35.75 -64.0 1.337631247036279 13 
0006 0005 6 1670728623214131 58.5625 -62.5 1.902136176978195 13 
0006 0008 6 1670728623216746 24.375 -60.5 1.859184714917397 13 
0006 0010 6 1670728623232652 -84.625 -68.0 0.9878836273983529 13 
0006 0006 6 1670728623237154 6.5 -71.5 1.1780972450961724 13 
0006 0011 6 1670728623243653 35.75 -58.5 2.5157284921324514 13 
0006 0015 6 1670728623244627 55.3125 -70.5 6.252505691421874 13 
0006 0004 6 1670728623249621 13.0 -58.0 2.350058567040802 13 
0006 0003 6 1670728623255343 104.125 -70.0 2.2027964114037806 13 
0006 0002 6 1670728623262473 55.3125 -65.0 2.1782527187976104 13 
0006 0008 7 1670728623303646 -65.875 -66.0 4.509903516383785 13 
0006 0005 7 1670728623312068 19.5 -67.5 2.859340188618835 13 
0006 0004 7 1670728623333493 205.0625 -71.0 2.5893595699509624 13 
