0000 0007 1 1670728641749157 65.0625 -70.5 6.154330920997192 3 
0000 0006 1 1670728641757415 -169.25 -73.0 2.705942109830271 3 
0000 0006 2 1670728641809286 -283.1875 -68.5 2.1353012567368124 3 
0000 0007 3 1670728641875564 -61.8125 -68.0 3.724505352986337 3 
0000 0005 3 1670728641909562 -48.8125 -67.0 1.533980787885641 3 
0000 0005 4 1670728641968973 -13.0 -63.0 3.0250101137104846 3 
0000 0006 4 1670728641986029 -6.5 -69.5 3.8717675086233583 3 
0000 0007 4 1670728641989978 74.8125 -67.5 1.380582709097077 3 
0000 0011 4 1670728641999665 -48.8125 -71.0 3.736777199289422 3 
0000 0004 5 1670728642071784 -182.25 -67.5 4.0558452031696355 3 
0000 0005 6 1670728642166911 22.75 -68.0 5.583690067903734 3 
0000 0006 6 1670728642168866 -123.6875 -71.5 3.9576704327449543 3 
0000 0014 6 1670728642201352 -42.3125 -70.5 4.1417481272912315 3 
0000 0008 7 1670728642250289 39.0 -63.5 2.012582793705961 3 
0000 0007 7 1670728642279336 48.8125 -66.0 1.1965050145508 3 
0000 0006 7 1670728642283811 0.0 -71.5 0.6933593161243098 3 
0000 0007 8 1670728642346033 35.75 -69.0 0.859029241215959 3 
0000 0008 8 1670728642352979 -45.5625 -68.0 2.82252464970958 3 
0000 0015 8 1670728642370819 -91.125 -71.0 5.037592907416445 3 
0000 0006 8 1670728642375669 81.375 -72.5 2.1966604882522383 3 
0000 0006 1 1670728642586213 22.75 -70.5 2.356194490192345 3 
0000 0007 1 1670728642638756 26.0 -70.5 6.234097921967246 3 
0000 0006 2 1670728642669301 -42.3125 -71.0 1.8285050991596843 3 
0000 0005 3 1670728642775641 -74.8125 -65.0 1.5278448647340985 3 
0000 0007 3 1670728642789960 -29.25 -67.5 3.380893656499953 3 
0000 0006 4 1670728642841872 -26.0 -70.5 3.7981364308048478 3 
0000 0005 4 1670728642844238 55.3125 -63.5 2.84706834231575 3 
0000 0007 4 1670728642852538 -19.5 -67.5 1.4787574795217582 3 
0000 0011 4 1670728642859737 42.3125 -72.5 3.4177091954092087 3 
0000 0015 4 1670728642885945 -78.0625 -73.0 2.2089323345553233 3 
0000 0004 5 1670728642953614 123.6875 -70.0 3.7981364308048478 3 
0000 0005 6 1670728642996885 104.125 -68.5 5.577554144752192 3 
0000 0006 6 1670728643028995 -13.0 -72.0 3.988350048502667 3 
0000 0007 7 1670728643118672 39.0 -66.0 1.3192234775816514 3 
0000 0008 7 1670728643127740 97.625 -63.5 2.1230294104337273 3 
0000 0006 7 1670728643138557 -42.3125 -70.5 0.8958447801252144 3 
0000 0006 8 1670728643203451 19.5 -73.0 2.0800779483729293 3 
0000 0007 8 1670728643206104 130.1875 -69.0 0.6135923151542565 3 
0000 0008 8 1670728643225539 -26.0 -68.5 2.9391071895888885 3 
0000 0015 8 1670728643233864 16.25 -70.0 4.841243366567084 3 
0000 0007 1 1670728643493492 29.25 -71.0 6.092971689481767 3 
0000 0006 1 1670728643500909 55.3125 -71.0 2.2886993355253766 3 
0000 0006 2 1670728643559421 -113.875 -70.0 1.7916895602504288 3 
0000 0007 3 1670728643622668 195.25 -67.5 3.3072625786814425 3 
0000 0005 3 1670728643638110 81.375 -66.5 1.282407938672396 3 
0000 0007 4 1670728643716544 71.5625 -67.5 1.4419419406125027 3 
0000 0005 4 1670728643718794 6.5 -63.5 2.9084275738311756 3 
0000 0011 4 1670728643737686 -84.625 -72.0 3.5281558121369745 3 
0000 0006 4 1670728643747974 -29.25 -71.0 3.9822141253511245 3 
0000 0004 5 1670728643799067 -26.0 -69.0 4.239922897715912 3 
0000 0005 6 1670728643891012 17.0625 -66.5 5.5714182216006485 3 
0000 0006 6 1670728643937055 39.0 -71.5 3.988350048502667 3 
0000 0006 7 1670728643983812 -156.1875 -70.0 0.6442719309119693 3 
0000 0008 7 1670728643987021 -9.75 -63.0 2.36846633649543 3 
0000 0007 7 1670728643992816 -48.8125 -67.5 0.7485826244881929 3 
0000 0007 8 1670728644066321 -48.8125 -67.5 0.3865631585471816 3 
0000 0015 8 1670728644086374 152.9375 -70.5 4.76147636559703 3 
0000 0006 8 1670728644087327 -58.5625 -72.5 2.7857091108003242 3 
0000 0008 8 1670728644088819 -29.25 -66.5 3.3440781175906977 3 
0000 0006 1 1670728644367295 9.75 -70.0 2.6445828783148455 3 
0000 0015 3 1670728644474182 -146.4375 -62.0 5.786175531904639 3 
0000 0014 3 1670728644492500 39.0 -70.0 1.0799224746714913 3 
0000 0005 3 1670728644496304 -3.25 -69.0 3.552699504743145 3 
0000 0015 4 1670728644551957 -22.75 -60.0 2.0923497946760143 3 
0000 0005 4 1670728644553145 -16.25 -57.5 3.6447383520162835 3 
0000 0011 4 1670728644555715 55.3125 -60.5 2.8409324191642074 3 
0000 0007 4 1670728644557584 52.0625 -67.5 2.043262409463674 3 
0000 0014 4 1670728644588238 -84.625 -70.0 4.466952054322987 3 
0000 0001 5 1670728644637289 -130.1875 -68.0 1.4787574795217582 3 
0000 0006 5 1670728644640544 78.0625 -68.5 0.2699806186678728 3 
0000 0004 5 1670728644651480 29.25 -66.0 2.435961491162398 3 
0000 0011 5 1670728644656860 16.25 -68.0 1.9266798695843652 3 
0000 0006 6 1670728644729755 -13.0 -62.0 3.693825737228624 3 
0000 0011 6 1670728644733790 16.25 -64.5 1.9512235621905356 3 
0000 0007 6 1670728644741044 32.5 -68.5 4.896466674930966 3 
0000 0010 6 1670728644742997 -19.5 -67.0 1.9880391010997909 3 
0000 0004 6 1670728644765107 26.0 -69.0 5.411884219660542 3 
0000 0014 7 1670728644800421 -35.75 -66.0 3.356349963893783 3 
0000 0008 7 1670728644803726 22.75 -57.0 4.080388895775806 3 
0000 0011 7 1670728644804918 22.75 -61.0 5.111223985234957 3 
0000 0009 7 1670728644817670 -71.5625 -63.0 5.988660995905543 3 
0000 0005 7 1670728644824523 -42.3125 -66.0 2.5709518004963345 3 
0000 0010 7 1670728644830251 -32.5 -61.5 0.944932165337555 3 
0000 0004 7 1670728644831173 -110.625 -66.5 0.09817477042468103 3 
0000 0012 7 1670728644834396 -113.875 -65.5 1.2885438618239387 3 
0000 0012 8 1670728644896709 -13.0 -67.0 1.8039614065535141 3 
0000 0015 8 1670728644901076 9.75 -63.5 5.8475347634200645 3 
0000 0011 8 1670728644903545 -45.5625 -66.0 2.067806102069844 3 
0000 0005 8 1670728644911033 6.5 -66.0 3.6201946594101133 3 
0000 0010 8 1670728644911996 -9.75 -60.0 5.516194913236766 3 
0000 0004 8 1670728644913937 -35.75 -71.0 4.190835512503572 3 
0000 0013 8 1670728644922128 16.25 -73.5 0.6565437772150544 3 
0000 0015 1 1670728645171870 0.0 -65.5 0.21475731030398976 3 
0000 0014 1 1670728645180712 -3.25 -65.5 5.743224069843841 3 
0000 0005 1 1670728645184899 13.8125 -67.0 0.9142525495798421 3 
0000 0009 2 1670728645253991 191.1875 -64.5 5.45483568172134 3 
0000 0013 2 1670728645264306 3.25 -67.0 4.614214209960009 3 
0000 0010 2 1670728645272335 61.8125 -67.5 1.7241944055834606 3 
0000 0005 3 1670728645326974 -61.8125 -67.0 1.8407769454627694 3 
0000 0011 3 1670728645329361 -6.5 -66.5 4.97623367590102 3 
0000 0013 3 1670728645335103 -100.875 -71.5 6.111379458936394 3 
0000 0007 3 1670728645339149 -175.75 -64.0 3.785864584501762 3 
0000 0015 3 1670728645342790 6.5 -60.5 5.013049214810275 3 
0000 0006 3 1670728645353442 -26.0 -70.0 6.234097921967246 3 
0000 0015 4 1670728645415891 0.0 -61.5 3.1784081924990484 3 
0000 0007 4 1670728645424671 -42.3125 -59.0 1.607611865704152 3 
0000 0005 4 1670728645433765 3.25 -56.5 1.1044661672776617 3 
0000 0012 4 1670728645435081 19.5 -68.5 0.6381360077604268 3 
0000 0013 4 1670728645436046 113.875 -65.5 6.043884304269426 3 
0000 0006 4 1670728645445118 3.25 -66.5 5.0682725231741586 3 
0000 0003 4 1670728645453059 68.3125 -74.5 0.5276893910326605 3 
0000 0001 5 1670728645498618 74.8125 -66.0 2.9206994201342606 3 
0000 0013 5 1670728645499538 -6.5 -69.0 3.5342917352885173 3 
0000 0006 5 1670728645505585 -26.0 -65.0 5.626641529964532 3 
0000 0004 5 1670728645506817 -26.0 -61.0 0.20248546400090464 3 
0000 0012 5 1670728645534868 -35.75 -71.5 3.5036121195308043 3 
0000 0012 6 1670728645608271 -48.8125 -67.0 0.4724660826687775 3 
0000 0013 6 1670728645609816 -19.5 -68.0 4.908738521234052 3 
0000 0010 6 1670728645621988 -32.5 -64.0 0.1349903093339364 3 
0000 0007 6 1670728645641261 -107.375 -71.0 3.411573272257666 3 
0000 0004 6 1670728645647064 -35.75 -70.0 1.509437095279471 3 
0000 0006 7 1670728645699078 162.75 -64.0 5.375068680751287 3 
0000 0014 7 1670728645700096 16.25 -62.0 2.6139032625571326 3 
0000 0012 7 1670728645721415 58.5625 -61.5 1.1351457830353744 3 
0000 0010 7 1670728645723341 22.75 -65.5 5.773903685601553 3 
0000 0013 7 1670728645729975 -159.5 -71.0 5.209398755659637 3 
0000 0010 8 1670728645784264 -26.0 -64.0 4.196971435655114 3 
0000 0012 8 1670728645785242 -35.75 -66.0 0.9081166264282996 3 
0000 0007 8 1670728645792425 -9.75 -63.5 4.252194744018997 3 
0000 0015 8 1670728645801973 13.0 -67.0 4.865787059173254 3 
0000 0005 8 1670728645806262 -3.25 -66.5 4.878058905476339 3 
0000 0013 8 1670728645812639 84.625 -72.5 5.141903600992669 3 
0000 0012 1 1670728646041217 -117.125 -71.5 5.50392306693368 3 
0000 0015 1 1670728646044004 -42.3125 -65.5 0.09817477042468103 3 
0000 0014 1 1670728646051327 -39.0 -64.0 5.976389149602458 3 
0000 0005 1 1670728646057298 -22.75 -65.0 0.9817477042468103 3 
0000 0013 2 1670728646116988 -234.3125 -66.5 5.019185137961818 3 
0000 0015 3 1670728646188469 -29.25 -60.0 5.00077736850719 3 
0000 0005 3 1670728646195485 -32.5 -66.5 0.6749515466696822 3 
0000 0006 3 1670728646200642 123.6875 -70.0 5.8045833013592665 3 
0000 0007 3 1670728646205895 13.0 -62.0 3.1968159619536762 3 
0000 0001 3 1670728646211291 -9.75 -70.0 0.5767767762450011 3 
0000 0013 3 1670728646230240 -123.6875 -72.5 6.277049384028044 3 
0000 0003 4 1670728646266326 130.1875 -74.0 6.17273869045182 3 
0000 0005 4 1670728646269747 0.0 -56.0 0.8283496254582462 3 
0000 0007 4 1670728646274612 22.75 -58.0 1.2762720155208536 3 
0000 0015 4 1670728646287881 9.75 -63.0 3.172272269347506 3 
0000 0012 4 1670728646288875 58.5625 -66.5 0.25770877236478773 3 
0000 0006 4 1670728646296486 -16.25 -68.0 4.620350133111551 3 
0000 0013 4 1670728646301316 130.1875 -65.0 5.945709533844745 3 
0000 0015 5 1670728646336088 -94.375 -68.5 2.055534255766759 3 
0000 0001 5 1670728646339064 -113.875 -67.5 2.9697868053466014 3 
0000 0004 5 1670728646352988 39.0 -60.0 0.6565437772150544 3 
0000 0006 5 1670728646371467 19.5 -63.5 6.056156150572511 3 
0000 0013 5 1670728646415114 -6.5 -69.5 3.3870295796514958 3 
0000 0010 6 1670728646458801 -22.75 -64.5 0.3988350048502667 3 
0000 0012 6 1670728646464130 61.8125 -66.0 0.4970097752749477 3 
0000 0004 6 1670728646509545 -6.5 -69.0 2.2089323345553233 3 
0000 0013 6 1670728646512915 -3.25 -69.0 4.7307967498393175 3 
0000 0012 7 1670728646549917 61.8125 -62.5 1.0369710126106935 3 
0000 0010 7 1670728646554612 -61.8125 -68.5 6.000932842208628 3 
0000 0014 7 1670728646558762 3.25 -61.0 2.521864415283994 3 
0000 0006 7 1670728646565075 0.0 -66.5 5.859806609723149 3 
0000 0013 7 1670728646566113 -84.625 -69.5 5.019185137961818 3 
0000 0015 8 1670728646635132 48.8125 -67.0 4.841243366567084 3 
0000 0012 8 1670728646636815 6.5 -66.0 0.7485826244881929 3 
0000 0005 8 1670728646642010 29.25 -65.0 4.92714629068868 3 
0000 0007 8 1670728646653156 -6.5 -63.5 3.749049045592507 3 
0000 0010 8 1670728646654718 -29.25 -63.5 4.166291819897402 3 
