0007 0003 1 1670728890182426 -78.0625 -71.5 4.4976316700806995 17 
0007 0014 1 1670728890186944 9.75 -71.5 0.6749515466696822 17 
0007 0006 1 1670728890188049 -26.0 -59.5 1.2087768608538851 17 
0007 0007 1 1670728890199030 35.75 -62.5 4.565126824747668 17 
0007 0004 1 1670728890207586 30.875 -69.0 0.9510680884890975 17 
0007 0015 1 1670728890214627 6.5 -62.0 4.706253057233147 17 
0007 0007 3 1670728890341516 -42.3125 -62.0 2.9391071895888885 17 
0007 0005 3 1670728890344930 -6.5 -57.5 6.234097921967246 17 
0007 0007 4 1670728890412094 -81.375 -62.0 5.129631754689584 17 
0007 0005 4 1670728890441964 19.5 -70.5 4.908738521234052 17 
0007 0014 8 1670728890791256 61.8125 -66.0 1.4726215563702154 17 
0007 0006 8 1670728890801508 -87.875 -71.0 4.97623367590102 17 
0007 0004 8 1670728890818833 -17.0625 -75.5 3.141592653589793 17 
0007 0007 1 1670728891039383 26.0 -62.5 4.595806440505381 17 
0007 0015 1 1670728891051420 13.0 -62.0 4.6448938257177215 17 
0007 0006 1 1670728891053540 19.5 -59.5 1.1535535524900022 17 
0007 0004 1 1670728891072793 -21.125 -68.0 0.9756117810952678 17 
0007 0003 1 1670728891076041 -214.8125 -71.5 4.865787059173254 17 
0007 0005 3 1670728891181581 -55.3125 -58.0 0.04295146206079795 17 
0007 0007 3 1670728891197733 3.25 -62.0 2.9329712664373457 17 
0007 0007 4 1670728891303763 3.25 -62.0 5.00077736850719 17 
0007 0005 4 1670728891323489 -48.8125 -70.0 5.006913291658733 17 
0007 0004 8 1670728891672625 -69.125 -76.5 2.9820586516496865 17 
0007 0006 8 1670728891678095 6.5 -72.5 4.878058905476339 17 
0007 0014 8 1670728891679175 29.25 -66.0 1.5462526341887264 17 
0007 0015 1 1670728891902953 -9.75 -61.5 4.749204519293945 17 
0007 0007 1 1670728891911053 -22.75 -62.5 4.632621979414636 17 
0007 0003 1 1670728891912914 117.125 -72.5 4.270602513473625 17 
0007 0004 1 1670728891917419 100.875 -68.5 0.8835729338221293 17 
0007 0006 1 1670728891918379 16.25 -59.0 1.1228739367322893 17 
0007 0007 3 1670728892075261 74.8125 -61.0 2.9820586516496865 17 
0007 0005 3 1670728892092820 29.25 -57.5 0.3436116964863836 17 
0007 0003 3 1670728892113089 -55.3125 -68.5 4.3933209765044765 17 
0007 0007 4 1670728892168596 -32.5 -61.0 5.743224069843841 17 
0007 0010 7 1670728892425955 -52.0625 -70.0 2.662990647769473 17 
0007 0004 7 1670728892445259 3.25 -66.0 4.693981210930062 17 
0007 0008 8 1670728892492455 -45.5625 -67.5 1.3560390164909069 17 
0007 0004 8 1670728892495366 21.125 -64.0 2.6261751088602177 17 
0007 0006 8 1670728892506619 22.75 -69.5 1.4358060174609601 17 
0007 0010 8 1670728892512440 -13.0 -68.0 2.9943304979527716 17 
0007 0014 8 1670728892516393 48.8125 -65.5 1.4848934026733007 17 
0007 0005 1 1670728892740672 -3.25 -55.5 6.178874613603362 17 
0007 0009 1 1670728892742106 48.8125 -63.0 0.2699806186678728 17 
0007 0000 1 1670728892745393 -48.8125 -63.5 2.043262409463674 17 
0007 0004 1 1670728892747345 -30.875 -67.5 5.1725832167503825 17 
0007 0015 1 1670728892753211 -39.0 -62.5 4.657165672020807 17 
0007 0013 1 1670728892761467 234.3125 -72.5 4.215379205109742 17 
0007 0008 1 1670728892763501 0.0 -51.5 5.71868037723767 17 
0007 0007 1 1670728892764697 -65.0625 -68.5 4.700117134081604 17 
0007 0001 1 1670728892769926 13.8125 -61.0 5.313709449235861 17 
0007 0014 1 1670728892772292 22.75 -64.5 0.17794177139473438 17 
0007 0010 1 1670728892775078 -84.625 -66.0 0.7792622402459057 17 
0007 0012 1 1670728892780734 9.75 -71.5 0.6933593161243098 17 
0007 0000 2 1670728892813060 -35.75 -67.5 3.3318062712876126 17 
0007 0014 2 1670728892814532 -3.25 -70.0 2.497320722677824 17 
0007 0003 2 1670728892818031 -237.5625 -70.0 5.540738605842936 17 
0007 0009 2 1670728892819559 39.0 -64.5 4.430136515413731 17 
0007 0004 2 1670728892825539 -7.3125 -56.0 0.9265243958829272 17 
0007 0008 2 1670728892828829 32.5 -64.0 5.178719139901925 17 
0007 0001 2 1670728892830422 59.375 -64.5 2.2764274892222915 17 
0007 0011 2 1670728892833026 45.5625 -68.0 2.325514874434632 17 
0007 0010 2 1670728892870100 -21.125 -70.0 0.8344855486097889 17 
0007 0005 3 1670728892915751 -42.3125 -67.0 4.853515212870168 17 
0007 0015 3 1670728892931666 13.0 -69.5 2.4175537217077703 17 
0007 0007 3 1670728892935218 -45.5625 -61.5 4.620350133111551 17 
0007 0014 3 1670728892941596 -30.875 -68.0 4.215379205109742 17 
0007 0007 5 1670728893060909 172.5 -70.5 5.289165756629691 17 
0007 0005 5 1670728893065437 6.5 -65.5 0.7179030087304801 17 
0007 0005 6 1670728893159652 19.5 -63.5 0.607456392002714 17 
0007 0004 7 1670728893247932 -83.0 -66.0 4.626486056263094 17 
0007 0010 7 1670728893290533 205.0625 -70.5 3.6754179677739964 17 
0007 0008 8 1670728893323189 6.5 -66.5 1.4910293258248433 17 
0007 0004 8 1670728893337795 7.3125 -66.5 4.000621894805752 17 
0007 0006 8 1670728893338688 81.375 -68.5 0.4049709280018093 17 
0007 0014 8 1670728893348830 6.5 -66.5 1.423534171157875 17 
0007 0015 8 1670728893351305 42.3125 -69.0 3.0250101137104846 17 
0007 0015 1 1670728893585492 9.75 -61.0 4.614214209960009 17 
0007 0010 1 1670728893587431 -3.25 -60.5 1.1351457830353744 17 
0007 0008 1 1670728893589359 -13.0 -53.0 3.80427235395639 17 
0007 0013 1 1670728893593691 -126.9375 -71.5 5.135767677841127 17 
0007 0004 1 1670728893595371 24.375 -54.5 1.5278448647340985 17 
0007 0005 1 1670728893597527 -9.75 -56.5 2.4175537217077703 17 
0007 0007 1 1670728893598700 3.25 -64.0 1.3560390164909069 17 
0007 0001 1 1670728893599635 93.5625 -70.0 0.6442719309119693 17 
0007 0006 1 1670728893602893 91.125 -68.5 1.761009944492716 17 
0007 0012 1 1670728893604212 -87.875 -70.5 1.3192234775816514 17 
0007 0014 1 1670728893608849 3.25 -64.5 0.15339807878856412 17 
0007 0000 1 1670728893609771 74.8125 -71.5 5.473243451175968 17 
0007 0008 2 1670728893640165 22.75 -59.0 3.9822141253511245 17 
0007 0011 2 1670728893644516 -6.5 -63.0 0.3129320807286708 17 
0007 0015 2 1670728893650306 113.875 -69.0 0.9510680884890975 17 
0007 0004 2 1670728893652165 -3.25 -55.5 3.552699504743145 17 
0007 0010 2 1670728893685800 55.3125 -69.5 0.3988350048502667 17 
0007 0003 2 1670728893713877 -45.5625 -69.5 2.662990647769473 17 
0007 0000 2 1670728893728515 52.0625 -69.5 0.8651651643675016 17 
0007 0008 3 1670728893766305 78.0625 -67.5 2.9575149590435164 17 
0007 0014 3 1670728893784071 6.5 -67.5 3.988350048502667 17 
0007 0007 3 1670728893801111 -32.5 -67.0 5.184855063053467 17 
0007 0007 5 1670728893994977 -32.5 -67.0 1.0185632431560658 17 
0007 0005 5 1670728894007440 -84.625 -72.5 3.4054373491061236 17 
0007 0007 6 1670728894092590 -74.8125 -70.0 4.411728745959104 17 
0007 0005 6 1670728894117841 26.0 -62.5 2.8102528034064944 17 
0007 0010 7 1670728894195471 -74.8125 -70.5 3.8717675086233583 17 
0007 0004 7 1670728894220305 -163.5625 -68.0 5.203262832508095 17 
0007 0004 8 1670728894279289 16.25 -70.0 3.730641276137879 17 
0007 0014 8 1670728894281869 -26.0 -67.0 1.662835174068035 17 
0007 0006 8 1670728894303919 87.875 -68.5 0.5460971604872883 17 
0007 0015 8 1670728894308470 -48.8125 -69.5 3.32567034813607 17 
0007 0008 8 1670728894310400 29.25 -66.0 1.3130875544301088 17 
0007 0001 1 1670728894537211 21.125 -69.5 0.1718058482431918 17 
0007 0010 1 1670728894541580 10.5625 -59.0 0.8467573949128739 17 
0007 0015 1 1670728894546104 -26.0 -60.5 4.693981210930062 17 
0007 0004 1 1670728894548833 13.8125 -55.0 1.3437671701878218 17 
0007 0014 1 1670728894550023 -32.5 -66.0 0.17794177139473438 17 
0007 0007 1 1670728894551002 -13.0 -68.0 0.9694758579437253 17 
0007 0008 1 1670728894552420 3.25 -52.0 3.56497135104623 17 
0007 0005 1 1670728894555294 22.75 -55.0 1.9819031779482483 17 
0007 0000 1 1670728894561979 -55.3125 -70.0 5.411884219660542 17 
0007 0012 1 1670728894563407 -100.875 -69.5 1.4787574795217582 17 
0007 0013 1 1670728894564879 -123.6875 -72.5 5.154175447295755 17 
0007 0006 1 1670728894567808 78.0625 -68.0 1.8223691760081417 17 
0007 0000 2 1670728894612714 -26.0 -69.0 0.9019807032767571 17 
0007 0008 2 1670728894614183 -6.5 -57.5 3.706097583531709 17 
0007 0003 2 1670728894621791 -205.0625 -69.5 2.9268353432858034 17 
0007 0004 2 1670728894624219 17.0625 -55.5 3.3870295796514958 17 
0007 0011 2 1670728894629195 -45.5625 -63.0 0.3374757733348411 17 
0007 0015 2 1670728894657552 -94.375 -67.5 1.1903690913992575 17 
0007 0014 2 1670728894659206 32.5 -70.5 1.6444274046134073 17 
0007 0014 3 1670728894723596 3.25 -66.5 4.06811704947272 17 
0007 0007 3 1670728894732068 -179.0 -67.0 5.755495916146925 17 
0007 0008 3 1670728894735864 -65.0625 -66.0 3.3072625786814425 17 
0007 0007 5 1670728894933404 16.25 -67.0 0.7915340865489908 17 
0007 0005 5 1670728894969093 136.6875 -72.5 2.890019804376548 17 
0007 0005 6 1670728895027693 22.75 -63.5 2.5464081078901644 17 
0007 0007 6 1670728895033275 -84.625 -71.5 4.411728745959104 17 
0007 0010 7 1670728895128909 -68.3125 -70.0 3.8963112012295285 17 
0007 0004 7 1670728895134540 -107.375 -68.5 5.160311370447297 17 
