0005 0006 1 1670728934261715 185.5 -68.5 5.749359992995383 6 
0005 0004 1 1670728934276130 97.625 -72.0 4.454680208019902 6 
0005 0014 1 1670728934290674 -100.875 -67.0 2.024854640009046 6 
0005 0010 2 1670728934326232 113.875 -68.5 5.252350217720435 6 
0005 0006 2 1670728934342351 146.4375 -66.5 5.117359908386499 6 
0005 0014 2 1670728934344865 9.75 -67.0 4.4362724385652745 6 
0005 0006 3 1670728934408566 -42.3125 -65.0 4.601942363656923 6 
0005 0015 3 1670728934415263 240.875 -68.0 0.3129320807286708 6 
0005 0010 3 1670728934416442 -55.3125 -67.5 2.2457478734645786 6 
0005 0003 3 1670728934419155 61.8125 -70.0 4.6878452877785195 6 
0005 0004 3 1670728934420158 21.125 -64.0 5.375068680751287 6 
0005 0005 3 1670728934432939 -45.5625 -69.5 3.6876898140770815 6 
0005 0009 4 1670728934501959 -107.375 -69.5 4.620350133111551 6 
0005 0008 4 1670728934517116 32.5 -62.0 1.1596894756415448 6 
0005 0006 4 1670728934529052 -29.25 -69.5 4.71238898038469 6 
0005 0000 4 1670728934530228 -55.3125 -70.5 1.8714565612204823 6 
0005 0005 4 1670728934534046 -10.5625 -66.5 1.761009944492716 6 
0005 0010 4 1670728934538449 45.5625 -68.5 6.025476534814799 6 
0005 0012 4 1670728934543734 -133.4375 -69.0 5.2768939103266055 6 
0005 0003 5 1670728934613768 78.0625 -71.0 2.9268353432858034 6 
0005 0005 6 1670728934682540 -78.0625 -66.5 3.718369429834794 6 
0005 0015 6 1670728934695614 35.75 -67.0 1.2517283229146832 6 
0005 0008 6 1670728934698531 -94.375 -69.0 4.773748211900116 6 
0005 0014 7 1670728934770219 13.0 -69.0 2.84706834231575 6 
0005 0009 7 1670728934772447 -136.6875 -71.0 5.3198453723874035 6 
0005 0015 7 1670728934778581 -42.3125 -69.0 4.614214209960009 6 
0005 0005 7 1670728934783385 0.0 -65.0 1.7671458676442586 6 
0005 0015 8 1670728934869413 45.5625 -62.0 2.1905245651006955 6 
0005 0014 8 1670728934871521 13.0 -67.0 4.540583132141498 6 
0005 0005 8 1670728934883409 -65.875 -70.5 2.429825568010856 6 
0005 0013 8 1670728934886146 -55.3125 -69.5 1.337631247036279 6 
0005 0014 1 1670728935113345 52.0625 -68.5 1.9634954084936207 6 
0005 0006 1 1670728935127130 117.125 -70.0 6.086835766330224 6 
0005 0012 1 1670728935139449 -22.75 -72.0 0.7424467013366504 6 
0005 0004 1 1670728935140398 -65.875 -71.0 5.0253210611133605 6 
0005 0010 2 1670728935181398 -152.9375 -71.0 5.755495916146925 6 
0005 0014 2 1670728935184193 26.0 -67.0 4.509903516383785 6 
0005 0006 2 1670728935191728 68.3125 -67.0 5.64504929941916 6 
0005 0004 3 1670728935259852 9.75 -63.5 5.289165756629691 6 
0005 0005 3 1670728935261011 -10.5625 -69.0 3.749049045592507 6 
0005 0006 3 1670728935271128 26.0 -66.5 4.374913207049849 6 
0005 0010 3 1670728935274575 107.375 -67.5 2.018718716857504 6 
0005 0008 3 1670728935290924 -120.4375 -68.5 2.8777479580734626 6 
0005 0015 3 1670728935296824 -74.8125 -67.5 0.7731263170943632 6 
0005 0006 4 1670728935358754 -13.0 -68.5 4.528311285838413 6 
0005 0012 4 1670728935363981 6.5 -68.0 5.135767677841127 6 
0005 0010 4 1670728935365750 -3.25 -69.0 5.853670686571607 6 
0005 0008 4 1670728935385402 -32.5 -61.5 1.184233168247715 6 
0005 0000 4 1670728935395088 -65.0625 -70.5 1.552388557340269 6 
0005 0005 4 1670728935402030 -19.5 -66.5 1.564660403643354 6 
0005 0009 4 1670728935407306 -100.875 -68.5 4.424000592262189 6 
0005 0003 5 1670728935496100 -221.3125 -70.5 3.2336315008629315 6 
0005 0008 6 1670728935531556 -22.75 -68.5 4.724660826687775 6 
0005 0005 6 1670728935556412 -3.25 -66.0 3.472932503773092 6 
0005 0015 6 1670728935567954 52.0625 -67.0 1.1596894756415448 6 
0005 0009 7 1670728935613955 -91.125 -71.0 5.2768939103266055 6 
0005 0005 7 1670728935615327 -17.0625 -65.0 1.8714565612204823 6 
0005 0014 7 1670728935640375 -97.625 -68.5 2.988194574801229 6 
0005 0015 7 1670728935642208 -104.125 -70.0 4.638757902566179 6 
0005 0015 8 1670728935698507 52.0625 -62.0 2.2150682577068657 6 
0005 0014 8 1670728935699471 -35.75 -66.5 4.577398671050753 6 
0005 0013 8 1670728935708298 78.0625 -69.5 1.141281706186917 6 
0005 0005 8 1670728935719714 107.375 -71.5 2.405281875404685 6 
0005 0012 1 1670728935949437 -55.3125 -72.0 0.8406214717613314 6 
0005 0004 1 1670728935956693 52.0625 -71.0 4.884194828627882 6 
0005 0014 1 1670728935978071 0.0 -68.0 2.0923497946760143 6 
0005 0006 1 1670728935988893 -71.5625 -70.0 6.2463697682703305 6 
0005 0014 2 1670728936020522 -48.8125 -66.5 4.534447208989955 6 
0005 0006 2 1670728936027765 -87.875 -67.0 5.93343768754166 6 
0005 0010 3 1670728936097630 -26.0 -68.0 2.141437179888355 6 
0005 0008 3 1670728936112676 166.0 -69.5 2.325514874434632 6 
0005 0005 3 1670728936121681 -97.625 -69.0 3.6201946594101133 6 
0005 0006 3 1670728936122672 -91.125 -65.5 4.516039439535327 6 
0005 0004 3 1670728936126873 -35.75 -63.0 5.209398755659637 6 
0005 0015 3 1670728936132830 32.5 -69.0 0.5706408530934585 6 
0005 0006 4 1670728936205880 -84.625 -71.0 4.957825906446392 6 
0005 0008 4 1670728936212420 3.25 -64.0 0.7301748550335652 6 
0005 0005 4 1670728936217779 13.0 -65.5 1.6321555583103222 6 
0005 0010 4 1670728936231983 -55.3125 -67.5 6.086835766330224 6 
0005 0012 4 1670728936237888 -91.125 -70.0 5.436427912266712 6 
0005 0009 4 1670728936249403 -9.75 -69.5 4.190835512503572 6 
0005 0003 5 1670728936324796 52.0625 -69.0 1.8775924843720249 6 
0005 0008 5 1670728936330487 -22.75 -69.5 4.215379205109742 6 
0005 0008 6 1670728936385823 -22.75 -68.5 3.9576704327449543 6 
0005 0009 6 1670728936391093 -133.4375 -71.0 5.884350302329319 6 
0005 0005 7 1670728936449642 35.75 -66.0 2.356194490192345 6 
0005 0014 7 1670728936453264 -29.25 -68.5 2.8777479580734626 6 
0005 0009 7 1670728936497721 -172.5 -71.0 5.43029198911517 6 
0005 0014 8 1670728936537555 -58.5625 -66.5 4.724660826687775 6 
0005 0015 8 1670728936543161 19.5 -63.0 2.386874105950058 6 
0005 0013 8 1670728936544381 3.25 -70.5 1.141281706186917 6 
0005 0005 8 1670728936550322 -16.25 -63.5 5.405748296509 6 
0005 0005 1 1670728936793105 74.8125 -69.0 1.705786636128833 6 
0005 0006 1 1670728936806026 -100.875 -66.5 4.074252972624263 6 
0005 0004 1 1670728936808149 -13.0 -69.0 0.6013204688511713 6 
0005 0005 2 1670728936885935 -156.1875 -69.0 3.313398501832985 6 
0005 0010 3 1670728936950314 -45.5625 -61.5 3.11091303783208 6 
0005 0007 3 1670728936953317 -45.5625 -65.5 4.3503695144436785 6 
0005 0008 3 1670728936961561 -26.0 -58.5 5.411884219660542 6 
0005 0005 3 1670728936963740 -16.25 -62.5 3.7551849687440497 6 
0005 0009 3 1670728936969355 -19.5 -62.5 6.1420590746941075 6 
0005 0011 3 1670728936971684 -68.3125 -70.0 2.7550294950426117 6 
0005 0015 3 1670728936986489 -58.5625 -70.0 4.399456899656019 6 
0005 0006 3 1670728936987746 35.75 -66.0 1.055378782065321 6 
0005 0013 3 1670728937006357 -87.875 -71.5 4.583534594202296 6 
0005 0008 4 1670728937040876 -6.5 -62.0 2.5770877236478773 6 
0005 0000 4 1670728937042055 -61.8125 -69.0 0.380427235395639 6 
0005 0007 4 1670728937047258 61.8125 -71.5 4.301282129231338 6 
0005 0014 4 1670728937048675 9.75 -64.5 4.3933209765044765 6 
0005 0011 4 1670728937052342 35.75 -67.5 1.4173982480063325 6 
0005 0009 4 1670728937059372 26.0 -56.5 2.9575149590435164 6 
0005 0005 4 1670728937062032 45.5625 -62.0 2.6016314162540475 6 
0005 0013 4 1670728937064366 9.75 -65.5 4.3503695144436785 6 
0005 0006 4 1670728937067043 0.0 -68.0 4.331961744989051 6 
0005 0010 4 1670728937072521 3.25 -61.0 5.00077736850719 6 
0005 0005 5 1670728937125386 -24.375 -63.5 1.4480778637640452 6 
0005 0009 5 1670728937128282 58.5625 -63.5 2.650718801466388 6 
0005 0011 5 1670728937135575 -45.5625 -61.0 2.9513790358919736 6 
0005 0008 5 1670728937139651 0.0 -52.5 4.614214209960009 6 
0005 0004 5 1670728937140812 -69.125 -70.0 4.031301510563465 6 
0005 0006 5 1670728937147767 -45.5625 -69.0 2.2334760271614935 6 
0005 0009 6 1670728937216678 6.5 -58.5 4.246058820867455 6 
0005 0011 6 1670728937231579 26.0 -58.5 0.5154175447295755 6 
0005 0013 6 1670728937233012 -65.0625 -72.0 4.344233591292136 6 
0005 0008 6 1670728937240233 42.3125 -66.5 5.7616318392984684 6 
0005 0010 6 1670728937253378 -13.0 -68.0 2.5464081078901644 6 
0005 0005 6 1670728937255064 131.8125 -63.0 1.846912868614312 6 
0005 0014 6 1670728937255985 130.1875 -69.5 0.8344855486097889 6 
0005 0003 6 1670728937257161 104.125 -72.5 2.1782527187976104 6 
0005 0012 6 1670728937258365 32.5 -71.5 2.043262409463674 6 
0005 0007 6 1670728937270563 22.75 -70.0 0.18407769454627693 6 
0005 0013 7 1670728937309898 -126.9375 -70.5 4.2092432819582 6 
0005 0005 7 1670728937315861 -42.3125 -63.0 0.9142525495798421 6 
0005 0014 7 1670728937341045 -32.5 -61.5 1.846912868614312 6 
0005 0014 8 1670728937414190 -52.0625 -61.5 4.675573441475434 6 
0005 0006 8 1670728937417616 -159.5 -68.5 4.92714629068868 6 
0005 0005 8 1670728937428038 -13.0 -59.0 4.331961744989051 6 
0005 0013 8 1670728937445357 9.75 -64.0 0.7976700097005334 6 
0005 0015 8 1670728937446367 13.0 -65.5 2.3193789512830896 6 
0005 0002 1 1670728937668951 -152.9375 -69.0 4.01902966426038 6 
0005 0005 1 1670728937679100 -26.0 -66.5 3.141592653589793 6 
0005 0006 1 1670728937698244 13.0 -68.5 3.792000507653305 6 
0005 0004 1 1670728937704042 -180.625 -69.5 1.8653206380689396 6 
0005 0007 2 1670728937779222 335.25 -70.0 2.8532042654672924 6 
0005 0005 2 1670728937786060 279.9375 -70.5 1.6137477888556946 6 
0005 0015 3 1670728937857018 -13.0 -62.5 4.884194828627882 6 
0005 0008 3 1670728937863551 -68.3125 -65.0 1.0737865515199487 6 
0005 0007 3 1670728937866586 -100.875 -69.0 4.1172044346850605 6 
0005 0004 3 1670728937874149 -388.9375 -70.5 2.650718801466388 6 
0005 0013 3 1670728937881367 -42.3125 -66.0 6.191146459906448 6 
0005 0014 3 1670728937883307 136.6875 -68.0 2.8777479580734626 6 
0005 0010 3 1670728937885208 29.25 -64.5 0.3620194659410113 6 
0005 0005 3 1670728937904366 -125.3125 -69.0 3.6999616603801666 6 
0005 0013 4 1670728937951282 -6.5 -60.0 0.34974761963792617 6 
0005 0006 4 1670728937953672 -61.8125 -65.0 5.313709449235861 6 
0005 0009 4 1670728937954638 -39.0 -63.5 4.104932588381976 6 
0005 0005 4 1670728937958374 -52.0625 -65.0 3.767456815047135 6 
0005 0011 4 1670728937959792 -61.8125 -61.5 2.5832236467994196 6 
0005 0000 4 1670728937963155 110.625 -74.0 0.3988350048502667 6 
0005 0014 4 1670728937967538 19.5 -60.0 5.620505606812989 6 
0005 0010 4 1670728937968490 6.5 -59.5 1.7426021750380885 6 
0005 0007 5 1670728938030700 45.5625 -70.0 3.2459033471660166 6 
0005 0005 5 1670728938034089 22.75 -62.0 1.0492428589137786 6 
0005 0008 5 1670728938041154 48.8125 -59.0 5.301437602932776 6 
0005 0004 5 1670728938059140 -222.125 -69.0 5.086680292628786 6 
0005 0011 5 1670728938066449 -39.0 -65.0 4.847379289718626 6 
0005 0008 6 1670728938148001 107.375 -68.0 0.14112623248547898 6 
0005 0005 6 1670728938156281 32.5 -67.0 2.5832236467994196 6 
0005 0011 6 1670728938162059 6.5 -56.0 1.3867186322486196 6 
0005 0010 6 1670728938171985 81.375 -66.5 2.141437179888355 6 
0005 0009 6 1670728938172923 -32.5 -65.0 4.902602598082509 6 
0005 0007 6 1670728938175760 -19.5 -67.5 1.380582709097077 6 
0005 0014 6 1670728938178446 22.75 -70.0 1.3069516312785663 6 
0005 0009 7 1670728938237364 253.875 -71.0 4.3933209765044765 6 
0005 0007 7 1670728938252724 -3.25 -68.5 2.9759227284981438 6 
0005 0014 7 1670728938258964 35.75 -62.5 1.7916895602504288 6 
0005 0013 8 1670728938367475 55.3125 -67.5 6.12365130523948 6 
0005 0007 8 1670728938369051 -45.5625 -70.5 1.141281706186917 6 
0005 0012 8 1670728938385667 55.3125 -70.5 0.3436116964863836 6 
0005 0005 8 1670728938392417 -17.0625 -59.5 3.3747577333484107 6 
0005 0015 8 1670728938393621 -13.0 -65.5 2.448233337465483 6 
0005 0006 8 1670728938394967 22.75 -67.0 3.0495538063166547 6 
0005 0014 8 1670728938401038 -6.5 -62.0 4.577398671050753 6 
0005 0006 1 1670728938639807 -32.5 -68.5 4.104932588381976 6 
0005 0004 1 1670728938651564 78.0625 -69.5 1.4910293258248433 6 
0005 0002 1 1670728938652737 -52.0625 -70.5 3.429981041712294 6 
0005 0005 1 1670728938659897 131.8125 -66.5 3.018874190558942 6 
0005 0005 2 1670728938717295 6.5 -67.0 1.6812429435226628 6 
0005 0007 2 1670728938724348 3.25 -70.0 2.9084275738311756 6 
0005 0008 3 1670728938804987 32.5 -62.5 1.282407938672396 6 
0005 0010 3 1670728938805968 45.5625 -64.0 0.5460971604872883 6 
0005 0013 3 1670728938810104 -39.0 -65.0 0.1043106935762236 6 
0005 0005 3 1670728938813460 -16.25 -63.5 4.313553975534423 6 
0005 0015 3 1670728938815558 81.375 -62.5 4.859651136021712 6 
0005 0007 3 1670728938817829 130.1875 -69.0 4.632621979414636 6 
0005 0014 3 1670728938828039 -113.875 -68.0 3.3318062712876126 6 
0005 0004 3 1670728938846106 -128.5625 -70.5 2.6261751088602177 6 
0005 0005 4 1670728938903991 -17.0625 -64.5 4.424000592262189 6 
0005 0006 4 1670728938906416 35.75 -65.0 5.283029833478148 6 
0005 0013 4 1670728938907558 -22.75 -59.5 0.4663301595172349 6 
0005 0009 4 1670728938910170 -26.0 -63.5 4.239922897715912 6 
0005 0014 4 1670728938915753 16.25 -59.5 5.724816300389213 6 
0005 0000 4 1670728938934180 39.0 -73.0 0.6320000846088841 6 
0005 0010 4 1670728938937071 -6.5 -59.0 1.7916895602504288 6 
0005 0011 4 1670728938941449 29.25 -62.0 2.8716120349219203 6 
0005 0008 5 1670728938972435 -13.0 -58.0 5.5714182216006485 6 
0005 0011 5 1670728938991770 39.0 -64.5 4.933282213840222 6 
0005 0000 5 1670728938997303 68.3125 -73.5 3.7429131224409646 6 
0005 0005 5 1670728938999278 16.25 -63.0 1.2026409377023426 6 
0005 0004 5 1670728939005486 55.3125 -69.0 4.6448938257177215 6 
0005 0007 5 1670728939012688 -55.3125 -69.5 3.4606606574700063 6 
0005 0014 6 1670728939048233 74.8125 -71.0 1.1351457830353744 6 
0005 0011 6 1670728939058614 -16.25 -57.0 1.5707963267948966 6 
0005 0010 6 1670728939073170 3.25 -66.5 2.399145952253143 6 
0005 0009 6 1670728939082491 -87.875 -64.5 4.9823695990525625 6 
0005 0008 6 1670728939084911 -13.0 -66.5 0.2945243112740431 6 
0005 0007 6 1670728939085890 -9.75 -68.0 1.5155730184310134 6 
0005 0001 6 1670728939093198 -65.0625 -75.5 2.1046216409791 6 
0005 0005 6 1670728939096850 100.875 -70.5 3.2888548092268146 6 
0005 0010 7 1670728939160178 152.9375 -70.0 3.0066023442558567 6 
0005 0014 7 1670728939162115 35.75 -62.5 1.8960002538266525 6 
