0002 0005 3 1670723513938398 83.0 -64.5 0.3988350048502667 19 
0002 0009 3 1670723513986934 -19.5 -69.5 2.9391071895888885 19 
0002 0007 3 1670723514008712 -97.625 -71.5 4.129476280988146 19 
0002 0005 4 1670723514079303 -201.8125 -70.5 4.454680208019902 19 
0002 0010 4 1670723514086916 -39.0 -69.0 4.466952054322987 19 
0002 0011 4 1670723514114467 -78.0625 -68.0 5.730952223540755 19 
0002 0005 5 1670723514224132 232.6875 -69.0 2.2641556429192065 19 
0002 0011 5 1670723514247017 3.25 -70.0 6.22182607566416 19 
0002 0011 6 1670723514308962 -74.8125 -66.5 3.043417883165112 19 
0002 0010 6 1670723514315450 26.0 -64.5 2.5157284921324514 19 
0002 0001 6 1670723514329116 -76.4375 -72.5 0.8835729338221293 19 
0002 0005 6 1670723514338296 110.625 -69.0 4.221515128261284 19 
0002 0005 3 1670723514971985 142.375 -65.0 0.7424467013366504 19 
0002 0011 4 1670723515057416 91.125 -68.0 5.565282298449106 19 
0002 0005 4 1670723515059123 -83.0 -64.0 4.246058820867455 19 
0002 0010 4 1670723515091802 -126.9375 -71.5 4.651029748869264 19 
0002 0008 5 1670723515132615 -192.0 -72.5 5.681864838328415 19 
0002 0011 5 1670723515174718 130.1875 -69.5 0.2086213871524472 19 
0002 0005 5 1670723515181940 -93.5625 -69.5 3.2029518851052186 19 
0002 0010 6 1670723515259594 39.0 -68.0 2.4911847995262812 19 
0002 0005 6 1670723515277983 69.125 -70.0 4.442408361716817 19 
0002 0011 6 1670723515282991 -35.75 -67.0 3.104777114680538 19 
0002 0001 6 1670723515287257 -7.3125 -75.5 1.3744467859455345 19 
0002 0009 1 1670723515724840 -205.0625 -71.5 1.5830681730979816 19 
0002 0011 4 1670723515997559 -136.6875 -69.5 0.34974761963792617 19 
0002 0010 4 1670723516001156 -110.625 -67.5 4.037437433715008 19 
0002 0004 4 1670723516023858 -32.5 -67.5 0.4295146206079795 19 
0002 0008 4 1670723516057011 71.5625 -73.0 1.5953400194010667 19 
0002 0009 4 1670723516061760 -143.1875 -72.5 4.516039439535327 19 
0002 0004 5 1670723516098264 -52.0625 -56.0 5.45483568172134 19 
0002 0011 5 1670723516130612 52.0625 -69.5 1.0185632431560658 19 
0002 0002 5 1670723516154916 52.0625 -71.0 4.73693267299086 19 
0002 0011 6 1670723516206444 -26.0 -63.5 3.6079228131070282 19 
0002 0004 6 1670723516209318 -29.25 -61.5 6.129787228391022 19 
0002 0010 6 1670723516217626 9.75 -63.5 4.04357335686655 19 
0002 0001 6 1670723516238452 162.75 -71.0 0.3865631585471816 19 
0002 0004 1 1670723516657958 -162.75 -68.5 2.6568547246179306 19 
0002 0004 2 1670723516728855 -169.25 -71.0 6.086835766330224 19 
0002 0009 2 1670723516772771 -61.8125 -71.5 0.30679615757712825 19 
0002 0009 3 1670723516838633 -159.5 -72.0 2.012582793705961 19 
0002 0010 4 1670723516971020 -68.3125 -66.0 4.651029748869264 19 
0002 0011 4 1670723516976628 87.875 -68.0 6.1850105367549055 19 
0002 0004 5 1670723517039879 -35.75 -55.5 5.516194913236766 19 
0002 0011 5 1670723517066228 -162.75 -70.5 0.44178646691106466 19 
0002 0010 6 1670723517143144 42.3125 -66.5 2.141437179888355 19 
0002 0011 6 1670723517146080 6.5 -66.5 2.834796496012665 19 
0002 0004 6 1670723517163969 0.0 -61.0 5.902758071783947 19 
0002 0001 6 1670723517165668 -17.0625 -70.5 1.2578642460662257 19 
0002 0004 1 1670723517557743 -19.5 -69.5 2.12916533358527 19 
0002 0009 1 1670723517593784 55.3125 -72.5 0.7731263170943632 19 
0002 0004 2 1670723517672594 -185.5 -70.0 5.915029918087033 19 
0002 0009 3 1670723517765432 179.0 -70.0 2.2457478734645786 19 
0002 0010 4 1670723517848010 -107.375 -68.0 4.71238898038469 19 
0002 0011 4 1670723517904014 74.8125 -67.5 6.264777537724958 19 
0002 0004 5 1670723517965912 -13.0 -55.5 5.602097837358362 19 
0002 0011 5 1670723517974507 -42.3125 -70.5 0.4540583132141498 19 
0002 0004 6 1670723518068844 -6.5 -61.5 5.9518454569962875 19 
0002 0011 6 1670723518079312 32.5 -66.5 2.7857091108003242 19 
0002 0010 6 1670723518093149 71.5625 -68.0 2.030990563160589 19 
0002 0001 6 1670723518097931 0.0 -72.0 1.2762720155208536 19 
0002 0004 1 1670723518477255 55.3125 -70.0 2.0371264863121317 19 
0002 0009 1 1670723518493478 -16.25 -71.0 0.9756117810952678 19 
0002 0004 2 1670723518610542 -87.875 -69.5 5.853670686571607 19 
0002 0009 3 1670723518671526 -169.25 -70.0 2.6384469551633027 19 
