0000 0005 1 1670730946406199 -45.5625 -65.5 4.344233591292136 11 
0000 0011 1 1670730946442681 -39.0 -72.0 5.5714182216006485 11 
0000 0012 1 1670730946447790 -152.9375 -71.5 0.32520392703175593 11 
0000 0014 2 1670730946492963 -35.75 -68.5 4.3074180523828804 11 
0000 0007 2 1670730946515909 -195.25 -68.0 4.178563666200486 11 
0000 0014 3 1670730946583580 -45.5625 -67.0 1.736466251886546 11 
0000 0004 3 1670730946603614 -185.5 -66.5 6.227961998815704 11 
0000 0005 3 1670730946612514 162.75 -69.0 1.043106935762236 11 
0000 0004 4 1670730946654252 0.0 -66.0 1.1596894756415448 11 
0000 0014 4 1670730946662834 29.25 -59.0 5.841398840268521 11 
0000 0006 4 1670730946666926 9.75 -65.0 6.135923151542564 11 
0000 0010 4 1670730946682963 13.0 -65.0 2.9329712664373457 11 
0000 0015 4 1670730946703868 -65.0625 -72.5 1.902136176978195 11 
0000 0007 5 1670730946735996 -6.5 -63.5 0.5890486225480862 11 
0000 0011 5 1670730946743993 78.0625 -69.5 0.944932165337555 11 
0000 0006 5 1670730946746840 -6.5 -52.5 1.0676506283684062 11 
0000 0010 5 1670730946753126 3.25 -55.5 5.129631754689584 11 
0000 0004 5 1670730946760321 22.75 -57.0 0.8835729338221293 11 
0000 0014 5 1670730946763053 -192.0 -61.0 2.442097414313941 11 
0000 0013 5 1670730946764408 -126.9375 -69.0 4.822835597112456 11 
0000 0015 5 1670730946772955 -84.625 -67.5 4.534447208989955 11 
0000 0001 5 1670730946782050 123.6875 -69.5 4.620350133111551 11 
0000 0011 6 1670730946811117 -3.25 -53.5 4.061981126321178 11 
0000 0015 6 1670730946814946 94.375 -73.5 3.749049045592507 11 
0000 0014 6 1670730946815894 -26.0 -58.5 4.743068596142402 11 
0000 0006 6 1670730946819293 -22.75 -55.5 5.706408530934585 11 
0000 0001 6 1670730946820458 26.0 -65.5 1.2333205534600555 11 
0000 0007 6 1670730946829880 -97.625 -68.5 2.1598449493429825 11 
0000 0009 6 1670730946831120 -17.0625 -58.5 3.9699422790480394 11 
0000 0013 6 1670730946835240 9.75 -61.0 4.3503695144436785 11 
0000 0010 6 1670730946838076 -16.25 -50.5 5.111223985234957 11 
0000 0008 6 1670730946839068 -9.75 -62.0 0.7240389318820226 11 
0000 0000 6 1670730946840402 39.0 -65.5 2.9759227284981438 11 
0000 0004 6 1670730946850797 0.0 -64.5 5.6143696836614465 11 
0000 0005 6 1670730946854299 42.3125 -62.0 1.2333205534600555 11 
0000 0003 6 1670730946870686 -253.875 -74.0 3.436116964863836 11 
0000 0007 7 1670730946902977 13.0 -67.0 5.190990986205009 11 
0000 0011 7 1670730946927469 32.5 -57.0 2.3623304133438876 11 
0000 0013 8 1670730946991568 26.0 -59.5 0.5338253141842031 11 
0000 0015 8 1670730947007720 -55.3125 -63.0 5.663457068873787 11 
0000 0011 8 1670730947009718 -16.25 -65.0 0.619728238305799 11 
0000 0005 8 1670730947023963 -3.25 -72.0 6.270913460876501 11 
0000 0014 3 1670730947471050 65.0625 -66.0 2.12916533358527 11 
0000 0014 4 1670730947520327 52.0625 -64.5 0.9203884727313847 11 
0000 0007 4 1670730947525395 -9.75 -66.5 4.963961829597935 11 
0000 0012 4 1670730947536309 26.0 -68.0 4.270602513473625 11 
0000 0015 4 1670730947549258 29.25 -65.0 5.092816215780329 11 
0000 0006 4 1670730947559092 45.5625 -70.5 2.718213956133356 11 
0000 0011 5 1670730947612742 26.0 -60.0 0.5399612373357456 11 
0000 0008 5 1670730947615604 -87.875 -64.5 1.6198837120072371 11 
0000 0004 5 1670730947628621 -16.25 -59.5 1.5892040962495242 11 
0000 0014 5 1670730947631496 -13.0 -59.0 0.5645049299419159 11 
0000 0010 5 1670730947632685 13.0 -55.5 0.6810874698212247 11 
0000 0001 5 1670730947640985 -6.5 -70.0 0.32520392703175593 11 
0000 0006 5 1670730947642902 13.0 -56.5 6.105243535784852 11 
0000 0015 5 1670730947654067 270.125 -69.5 5.945709533844745 11 
0000 0012 6 1670730947687102 -9.75 -60.5 5.700272607783043 11 
0000 0001 6 1670730947697394 87.875 -66.0 2.4911847995262812 11 
0000 0004 6 1670730947700522 6.5 -53.0 1.521708941582556 11 
0000 0015 6 1670730947701530 -71.5625 -70.5 0.9878836273983529 11 
0000 0010 6 1670730947705992 -6.5 -56.0 1.3069516312785663 11 
0000 0014 6 1670730947707151 -13.0 -60.5 5.442563835418255 11 
0000 0008 6 1670730947716761 29.25 -63.5 2.497320722677824 11 
0000 0006 6 1670730947722168 -136.6875 -66.5 5.743224069843841 11 
0000 0005 6 1670730947723099 -90.3125 -69.0 3.3379421944391554 11 
0000 0000 6 1670730947728558 -6.5 -66.0 4.963961829597935 11 
0000 0011 7 1670730947768047 45.5625 -58.5 1.3314953238847365 11 
0000 0005 7 1670730947770367 172.5 -69.0 1.3744467859455345 11 
0000 0013 7 1670730947790965 -35.75 -64.0 1.337631247036279 11 
0000 0006 7 1670730947795227 -65.0625 -63.5 5.5714182216006485 11 
0000 0007 7 1670730947796952 156.1875 -63.5 5.890486225480862 11 
0000 0004 7 1670730947813022 9.75 -67.0 0.7976700097005334 11 
0000 0001 7 1670730947825540 -143.1875 -69.5 3.2213596545598464 11 
0000 0013 8 1670730947878154 13.0 -60.0 5.080544369477243 11 
0000 0015 8 1670730947887481 0.0 -64.5 5.049864753719531 11 
0000 0014 8 1670730947889182 -3.25 -62.5 4.374913207049849 11 
0000 0005 8 1670730947901899 6.5 -64.0 0.006135923151542565 11 
0000 0007 8 1670730947915013 81.375 -72.5 1.3130875544301088 11 
0000 0004 1 1670730948158921 29.25 -68.0 1.6505633277649499 11 
0000 0007 1 1670730948161426 16.25 -68.5 0.8897088569736719 11 
0000 0005 2 1670730948208139 74.8125 -67.0 2.6323110320117604 11 
0000 0007 2 1670730948226455 -65.0625 -69.5 5.553010452146021 11 
0000 0004 3 1670730948315615 13.0 -61.5 5.8475347634200645 11 
0000 0014 3 1670730948333955 -81.375 -71.0 3.0250101137104846 11 
0000 0006 4 1670730948431971 3.25 -59.5 1.055378782065321 11 
0000 0014 4 1670730948453491 -48.8125 -65.5 0.7424467013366504 11 
0000 0012 4 1670730948460443 9.75 -62.0 2.12916533358527 11 
0000 0004 5 1670730948517670 0.0 -59.5 0.42337869745643697 11 
0000 0010 5 1670730948521651 -29.25 -60.0 4.847379289718626 11 
0000 0011 5 1670730948523836 35.75 -67.5 5.4671075280244255 11 
0000 0006 5 1670730948526074 -26.0 -58.0 3.847223816017188 11 
0000 0007 5 1670730948536635 -6.5 -67.5 6.215690152512618 11 
0000 0014 5 1670730948543518 -45.5625 -64.0 6.234097921967246 11 
0000 0012 5 1670730948547757 52.0625 -67.5 3.6324665057131984 11 
0000 0015 5 1670730948559629 -45.5625 -72.0 0.6749515466696822 11 
0000 0004 6 1670730948604789 -19.5 -55.0 0.4663301595172349 11 
0000 0010 6 1670730948606517 -42.3125 -58.0 5.424156065963627 11 
0000 0008 6 1670730948614563 -16.25 -66.5 1.0921943209745766 11 
0000 0014 6 1670730948617944 -22.75 -59.5 3.5895150436524004 11 
0000 0000 6 1670730948621724 -22.75 -66.0 3.767456815047135 11 
0000 0015 6 1670730948625370 3.25 -67.0 3.454524734318464 11 
0000 0012 6 1670730948629573 0.0 -62.0 0.05522330836388308 11 
0000 0001 6 1670730948635608 -6.5 -67.0 2.0923497946760143 11 
0000 0005 7 1670730948688046 13.0 -65.0 6.135923151542564 11 
0000 0004 7 1670730948689466 74.8125 -64.0 2.000310947402876 11 
0000 0011 7 1670730948702213 29.25 -63.5 1.030835089459151 11 
0000 0012 7 1670730948715846 26.0 -66.0 3.5342917352885173 11 
0000 0007 7 1670730948738898 -87.875 -66.5 1.380582709097077 11 
0000 0010 7 1670730948742651 -227.8125 -69.0 5.724816300389213 11 
0000 0014 8 1670730948809567 -58.5625 -70.0 3.3318062712876126 11 
0000 0015 8 1670730948810516 -257.125 -73.5 2.325514874434632 11 
0000 0005 2 1670730949138192 -208.3125 -69.0 2.816388726558037 11 
0000 0004 2 1670730949139169 -6.5 -70.0 0.7853981633974483 11 
0000 0007 2 1670730949145032 -211.5625 -68.5 6.135923151542564 11 
0000 0014 2 1670730949175531 -179.0 -68.5 4.000621894805752 11 
0000 0004 3 1670730949238791 0.0 -61.5 0.7179030087304801 11 
0000 0006 3 1670730949241531 -42.3125 -67.5 3.6017868899554855 11 
0000 0006 4 1670730949312242 0.0 -63.0 1.662835174068035 11 
0000 0015 4 1670730949322621 3.25 -72.0 1.1535535524900022 11 
0000 0004 4 1670730949326629 42.3125 -64.5 0.9633399347921826 11 
0000 0013 4 1670730949346390 68.3125 -68.0 2.5770877236478773 11 
0000 0007 5 1670730949427912 42.3125 -60.0 1.9082721001297376 11 
0000 0004 5 1670730949438818 -39.0 -59.0 5.135767677841127 11 
0000 0005 5 1670730949443234 69.125 -68.0 2.2641556429192065 11 
0000 0006 5 1670730949447839 -6.5 -57.5 4.528311285838413 11 
0000 0009 5 1670730949452124 -111.4375 -70.0 5.964117303299373 11 
0000 0010 5 1670730949454906 -6.5 -58.0 4.295146206079795 11 
0000 0011 5 1670730949461771 22.75 -66.0 3.2397674240144743 11 
0000 0014 5 1670730949467643 3.25 -65.5 6.191146459906448 11 
0000 0012 6 1670730949527161 -9.75 -61.5 1.6873788666742053 11 
0000 0000 6 1670730949528378 9.75 -67.0 2.675262494072558 11 
0000 0004 6 1670730949529387 -3.25 -52.0 2.282563412373834 11 
0000 0006 6 1670730949531345 3.25 -62.0 4.884194828627882 11 
0000 0008 6 1670730949533843 42.3125 -60.5 0.9019807032767571 11 
0000 0009 6 1670730949537619 -10.5625 -57.5 4.448544284868359 11 
0000 0005 6 1670730949541615 -16.25 -62.0 1.718058482431918 11 
0000 0013 6 1670730949544231 13.0 -57.0 0.5276893910326605 11 
0000 0011 6 1670730949549846 -58.5625 -68.0 3.147728576741336 11 
0000 0010 6 1670730949551033 16.25 -53.5 6.111379458936394 11 
0000 0015 6 1670730949552008 9.75 -66.0 6.258641614573416 11 
0000 0014 6 1670730949553000 -19.5 -57.0 4.828971520263998 11 
0000 0001 6 1670730949572938 29.25 -64.5 0.9878836273983529 11 
0000 0004 7 1670730949622761 22.75 -59.5 2.0064468705544187 11 
0000 0007 7 1670730949636175 -58.5625 -63.5 6.007068765360171 11 
0000 0005 7 1670730949640061 110.625 -68.5 2.055534255766759 11 
0000 0012 7 1670730949641235 -48.8125 -67.5 3.098641191528995 11 
0000 0011 7 1670730949651875 -9.75 -60.5 1.8714565612204823 11 
0000 0004 8 1670730949693879 68.3125 -68.0 5.915029918087033 11 
0000 0014 8 1670730949701855 22.75 -65.5 2.9943304979527716 11 
0000 0012 8 1670730949721818 26.0 -70.0 4.822835597112456 11 
0000 0015 8 1670730949737787 -48.8125 -69.0 4.565126824747668 11 
0000 0004 1 1670730949997909 -42.3125 -71.0 5.565282298449106 11 
0000 0014 2 1670730950083027 -195.25 -71.0 2.7550294950426117 11 
0000 0014 3 1670730950127960 100.875 -64.5 1.8407769454627694 11 
0000 0004 3 1670730950131447 6.5 -64.5 0.7669903939428205 11 
0000 0006 4 1670730950241296 22.75 -60.5 1.6382914814618648 11 
0000 0015 4 1670730950251548 48.8125 -70.5 1.5892040962495242 11 
0000 0004 4 1670730950254669 29.25 -61.5 2.073942025221387 11 
0000 0014 4 1670730950271320 68.3125 -64.0 0.22089323345553233 11 
0000 0004 5 1670730950310325 26.0 -54.5 2.423689644859313 11 
0000 0012 5 1670730950320238 -16.25 -59.0 3.650874275167826 11 
0000 0006 5 1670730950321473 -3.25 -60.5 3.9944859716542096 11 
0000 0009 5 1670730950323412 -13.0 -62.5 3.761320891895592 11 
0000 0011 5 1670730950325061 -19.5 -62.5 6.1850105367549055 11 
0000 0013 5 1670730950336591 -9.75 -63.5 5.595961914206819 11 
0000 0007 5 1670730950338262 -123.6875 -68.5 6.154330920997192 11 
0000 0001 5 1670730950346755 6.5 -71.0 3.847223816017188 11 
0000 0005 5 1670730950351251 29.25 -71.0 3.0802334220743677 11 
0000 0010 6 1670730950393868 -9.75 -52.5 5.448699758569798 11 
0000 0001 6 1670730950394822 -52.0625 -66.5 0.4049709280018093 11 
0000 0009 6 1670730950401457 -6.5 -61.5 3.5833791205008576 11 
0000 0004 6 1670730950402708 13.0 -62.0 4.749204519293945 11 
0000 0013 6 1670730950405396 -9.75 -57.5 5.037592907416445 11 
0000 0014 6 1670730950406613 -6.5 -51.5 5.602097837358362 11 
0000 0011 6 1670730950408077 -6.5 -55.5 3.3195344249845276 11 
0000 0008 6 1670730950410969 29.25 -59.0 1.0246991663076084 11 
0000 0012 6 1670730950412384 -39.0 -54.5 5.3198453723874035 11 
0000 0000 6 1670730950418518 -13.0 -65.0 3.227495577711389 11 
0000 0006 6 1670730950421325 -6.5 -55.0 1.552388557340269 11 
0000 0005 6 1670730950430669 -3.25 -67.5 2.2396119503130363 11 
0000 0015 6 1670730950440928 32.5 -69.0 3.067961575771282 11 
0000 0014 7 1670730950485973 -29.25 -61.5 5.706408530934585 11 
0000 0013 7 1670730950487160 71.5625 -67.0 1.6260196351587797 11 
0000 0012 7 1670730950488830 -19.5 -59.5 0.05522330836388308 11 
0000 0011 7 1670730950491987 -22.75 -54.0 2.767301341345697 11 
0000 0009 7 1670730950507643 -13.8125 -66.0 4.528311285838413 11 
0000 0005 7 1670730950512752 24.375 -69.5 0.32520392703175593 11 
0000 0007 7 1670730950517514 -19.5 -64.0 1.2026409377023426 11 
0000 0015 7 1670730950526183 22.75 -68.5 0.39269908169872414 11 
0000 0013 8 1670730950593814 -65.0625 -64.5 0.18407769454627693 11 
0000 0005 8 1670730950595962 35.75 -68.0 0.5338253141842031 11 
0000 0015 8 1670730950608157 48.8125 -72.0 5.448699758569798 11 
0000 0005 1 1670730950868516 -30.875 -72.0 4.080388895775806 11 
0000 0014 3 1670730951046313 65.0625 -65.5 1.8100973297050567 11 
0000 0004 3 1670730951065150 29.25 -63.5 6.191146459906448 11 
0000 0015 4 1670730951148811 91.125 -68.0 0.8528933180644165 11 
0000 0004 4 1670730951158679 45.5625 -63.0 1.3008157081270237 11 
0000 0006 4 1670730951161572 42.3125 -62.5 1.3008157081270237 11 
0000 0014 4 1670730951170223 -19.5 -64.0 5.8475347634200645 11 
0000 0006 5 1670730951216918 0.0 -53.0 6.092971689481767 11 
0000 0007 5 1670730951218855 35.75 -62.5 1.3314953238847365 11 
0000 0004 5 1670730951234779 6.5 -55.5 4.755340442445488 11 
0000 0011 5 1670730951235753 52.0625 -63.5 2.1966604882522383 11 
0000 0014 5 1670730951238764 -3.25 -62.0 3.08636934522591 11 
0000 0010 5 1670730951242164 -9.75 -55.5 3.9515345095934116 11 
0000 0015 5 1670730951246883 -52.0625 -71.0 5.325981295538946 11 
0000 0013 5 1670730951249656 -71.5625 -66.5 3.6692820446224537 11 
0000 0012 5 1670730951261310 -91.125 -68.0 1.748738098189631 11 
0000 0011 6 1670730951304041 0.0 -54.0 3.6754179677739964 11 
0000 0007 6 1670730951304947 0.0 -65.5 1.1106020904292042 11 
0000 0010 6 1670730951305971 9.75 -53.5 5.595961914206819 11 
0000 0004 6 1670730951308079 6.5 -58.0 5.890486225480862 11 
0000 0005 6 1670730951317114 6.5 -56.0 1.4726215563702154 11 
0000 0014 6 1670730951321231 0.0 -52.5 5.749359992995383 11 
0000 0006 6 1670730951322669 29.25 -58.0 2.9636508821950587 11 
0000 0012 6 1670730951325130 -9.75 -56.0 5.356660911296659 11 
0000 0003 6 1670730951329787 -94.375 -72.0 3.6815538909255388 11 
0000 0013 6 1670730951330704 6.5 -58.0 4.963961829597935 11 
0000 0000 6 1670730951331668 13.0 -64.5 3.5895150436524004 11 
0000 0009 6 1670730951335686 -7.3125 -64.0 3.9453985864418692 11 
0000 0008 6 1670730951336891 6.5 -65.0 1.1596894756415448 11 
0000 0015 6 1670730951339087 -143.1875 -74.5 2.448233337465483 11 
0000 0001 6 1670730951340262 9.75 -67.5 6.2034183062095325 11 
