0007 0005 1 1670729787821191 -78.0625 -58.0 4.718524903536232 14 
0007 0008 1 1670729787824885 6.5 -52.0 4.522175362686871 14 
0007 0010 1 1670729787830212 -27.625 -62.0 3.215223731408304 14 
0007 0015 1 1670729787846823 81.375 -67.0 5.473243451175968 14 
0007 0000 1 1670729787851221 -58.5625 -68.0 4.828971520263998 14 
0007 0014 1 1670729787852409 -198.5625 -68.0 4.485359823777615 14 
0007 0011 1 1670729787858211 3.25 -61.0 1.141281706186917 14 
0007 0004 1 1670729787873727 -13.8125 -70.0 4.9823695990525625 14 
0007 0007 1 1670729787878162 42.3125 -70.0 3.436116964863836 14 
0007 0015 2 1670729787920514 16.25 -65.5 5.9518454569962875 14 
0007 0014 2 1670729787922413 29.25 -62.5 6.031612457966341 14 
0007 0004 2 1670729787931619 13.8125 -55.5 1.0921943209745766 14 
0007 0010 2 1670729787948793 -38.1875 -65.5 5.64504929941916 14 
0007 0000 2 1670729787951216 35.75 -68.0 1.8346410223112268 14 
0007 0003 2 1670729787977717 -130.1875 -67.5 4.246058820867455 14 
0007 0003 3 1670729788053262 -146.4375 -72.0 3.104777114680538 14 
0007 0005 3 1670729788065820 42.3125 -69.0 1.3314953238847365 14 
0007 0015 4 1670729788165799 39.0 -67.0 5.307573526084319 14 
0007 0007 4 1670729788180390 -48.8125 -68.5 4.215379205109742 14 
0007 0005 5 1670729788244557 16.25 -61.5 5.743224069843841 14 
0007 0014 5 1670729788276616 -78.0625 -70.0 0.35588354278946877 14 
0007 0015 6 1670729788373745 -6.5 -70.5 1.9573594853420782 14 
0007 0004 6 1670729788375022 -55.3125 -72.0 0.23316507975861744 14 
0007 0005 6 1670729788379128 48.8125 -65.0 5.037592907416445 14 
0007 0004 7 1670729788439463 -73.1875 -66.5 5.534602682691394 14 
0007 0015 8 1670729788589525 -26.0 -65.5 5.970253226450915 14 
0007 0007 1 1670729788817743 45.5625 -72.0 3.792000507653305 14 
0007 0000 1 1670729788821228 6.5 -67.0 4.7860200582032 14 
0007 0008 1 1670729788822162 0.0 -51.0 4.460816131171445 14 
0007 0011 1 1670729788827370 19.5 -61.0 1.227184630308513 14 
0007 0001 1 1670729788831365 48.8125 -72.0 2.3193789512830896 14 
0007 0010 1 1670729788832297 34.9375 -63.5 3.153864499892878 14 
0007 0005 1 1670729788837302 -45.5625 -57.5 4.914874444385594 14 
0007 0014 1 1670729788851610 -74.8125 -66.0 3.933126740138784 14 
0007 0004 1 1670729788863764 17.0625 -67.5 4.663301595172349 14 
0007 0015 1 1670729788867601 -19.5 -64.5 6.031612457966341 14 
0007 0003 2 1670729788916526 94.375 -68.0 3.4913402732277192 14 
0007 0010 2 1670729788926890 0.0 -61.0 5.350524988145116 14 
0007 0008 2 1670729788928812 -94.375 -64.0 4.080388895775806 14 
0007 0004 2 1670729788934808 24.375 -53.5 1.4173982480063325 14 
0007 0015 2 1670729788937660 13.0 -59.0 5.9518454569962875 14 
0007 0014 2 1670729788939136 -16.25 -58.0 0.2699806186678728 14 
0007 0000 2 1670729788953252 185.5 -68.5 1.3314953238847365 14 
0007 0001 2 1670729788968685 -34.9375 -68.5 4.853515212870168 14 
0007 0008 3 1670729789053879 -97.625 -67.0 1.282407938672396 14 
0007 0005 3 1670729789065781 94.375 -68.0 1.2455923997631406 14 
0007 0007 4 1670729789133528 -65.0625 -71.5 3.865631585471816 14 
0007 0015 4 1670729789141387 -42.3125 -69.5 5.675728915176872 14 
0007 0014 5 1670729789197737 0.0 -66.0 0.6810874698212247 14 
0007 0005 5 1670729789213904 -13.0 -64.0 5.197126909356553 14 
0007 0007 5 1670729789232231 107.375 -69.0 2.82252464970958 14 
0007 0005 6 1670729789265999 9.75 -61.5 4.522175362686871 14 
0007 0004 6 1670729789296980 -34.9375 -66.5 0.8160777791551611 14 
0007 0015 6 1670729789314612 -9.75 -70.5 2.6384469551633027 14 
0007 0015 8 1670729789446379 -65.0625 -67.0 6.2034183062095325 14 
0007 0010 8 1670729789461044 30.875 -70.0 4.0558452031696355 14 
0007 0014 1 1670729789726319 58.5625 -67.0 4.0128937411088375 14 
0007 0015 1 1670729789728047 -26.0 -64.0 5.872078456026235 14 
0007 0005 1 1670729789730332 0.0 -58.5 4.847379289718626 14 
0007 0007 1 1670729789731571 -9.75 -69.5 3.5158839658338894 14 
0007 0001 1 1670729789733002 -288.0625 -70.5 4.104932588381976 14 
0007 0008 1 1670729789738655 9.75 -53.5 4.454680208019902 14 
0007 0010 1 1670729789749619 -48.8125 -64.0 3.497476196379262 14 
0007 0011 1 1670729789753883 13.0 -64.0 1.5401167110371838 14 
0007 0004 1 1670729789760310 -13.8125 -66.0 5.154175447295755 14 
0007 0000 1 1670729789765805 16.25 -68.0 5.105088062083414 14 
0007 0004 2 1670729789824295 17.0625 -55.5 1.380582709097077 14 
0007 0010 2 1670729789826467 -7.3125 -62.0 5.540738605842936 14 
0007 0015 2 1670729789830104 42.3125 -64.0 5.982525072754001 14 
0007 0001 2 1670729789833531 -277.4375 -70.5 5.166447293598839 14 
0007 0014 2 1670729789836331 -45.5625 -60.0 0.006135923151542565 14 
0007 0000 2 1670729789837254 -208.3125 -69.5 1.9757672547967058 14 
0007 0003 2 1670729789848216 78.0625 -68.0 3.792000507653305 14 
0007 0008 2 1670729789856266 -126.9375 -65.5 4.503767593232243 14 
0007 0004 3 1670729789914456 0.0 -71.5 5.332117218690489 14 
0007 0015 4 1670729790002005 -84.625 -70.0 5.651185222570702 14 
0007 0007 4 1670729790040770 68.3125 -70.0 3.368621810196868 14 
0007 0005 5 1670729790082247 -84.625 -65.5 5.6573211457222445 14 
0007 0014 5 1670729790091165 -32.5 -68.0 0.5031456984264903 14 
0007 0007 5 1670729790109291 104.125 -71.5 3.1231848841351653 14 
0007 0005 6 1670729790160892 -42.3125 -62.5 4.025165587411922 14 
0007 0015 6 1670729790162985 -13.0 -66.5 2.018718716857504 14 
0007 0004 6 1670729790172421 -69.125 -65.5 0.21475731030398976 14 
0007 0015 8 1670729790329429 -48.8125 -67.0 5.632777453116074 14 
0007 0008 8 1670729790380558 39.0 -67.5 1.2578642460662257 14 
0007 0010 8 1670729790382664 21.125 -73.0 4.3933209765044765 14 
0007 0010 1 1670729790605937 -13.8125 -64.0 3.2397674240144743 14 
0007 0008 1 1670729790613025 3.25 -51.5 4.466952054322987 14 
0007 0005 1 1670729790619917 29.25 -60.0 4.9394181369917645 14 
0007 0011 1 1670729790625341 -58.5625 -63.0 1.4542137869155878 14 
0007 0014 1 1670729790637153 -91.125 -66.0 4.25833066717054 14 
0007 0000 1 1670729790650590 -58.5625 -69.5 4.81056375080937 14 
0007 0015 1 1670729790654613 32.5 -65.0 5.663457068873787 14 
0007 0004 1 1670729790663158 -13.8125 -65.0 5.178719139901925 14 
0007 0004 2 1670729790697993 24.375 -58.0 1.3499030933393643 14 
0007 0001 2 1670729790700344 -34.9375 -69.5 5.160311370447297 14 
0007 0008 2 1670729790704062 -74.8125 -64.5 4.405592822807561 14 
0007 0007 2 1670729790710035 169.25 -71.5 0.22089323345553233 14 
0007 0010 2 1670729790713411 -3.25 -62.0 5.283029833478148 14 
0007 0014 2 1670729790718849 -13.0 -59.5 0.15339807878856412 14 
0007 0015 2 1670729790730685 16.25 -64.0 5.773903685601553 14 
0007 0003 2 1670729790740205 -172.5 -69.5 4.23378697456437 14 
0007 0000 2 1670729790745223 -16.25 -70.5 1.4971652489763858 14 
0007 0010 3 1670729790797780 273.375 -71.5 5.062136600022616 14 
0007 0008 3 1670729790810002 26.0 -64.0 1.9696313316451632 14 
0007 0005 3 1670729790837105 130.1875 -69.0 1.6689710972195777 14 
0007 0001 4 1670729790902644 3.25 -70.0 4.289010282928253 14 
0007 0007 4 1670729790903582 -71.5625 -70.0 4.123340357836604 14 
0007 0015 4 1670729790918796 -74.8125 -68.0 5.221670601962723 14 
0007 0014 5 1670729790978450 188.75 -68.0 5.890486225480862 14 
0007 0005 5 1670729790994157 172.5 -69.0 5.21553467881118 14 
0007 0014 6 1670729791061966 107.375 -70.0 4.387185053352934 14 
0007 0004 6 1670729791064428 -45.5625 -68.0 6.264777537724958 14 
0007 0005 6 1670729791071635 -29.25 -64.0 3.988350048502667 14 
0007 0015 6 1670729791085157 100.875 -70.0 1.6812429435226628 14 
0007 0004 7 1670729791163593 83.0 -68.5 4.963961829597935 14 
0007 0015 8 1670729791278879 22.75 -70.0 5.970253226450915 14 
0007 0005 1 1670729791516152 -39.0 -59.5 5.166447293598839 14 
0007 0004 1 1670729791524223 7.3125 -63.5 4.914874444385594 14 
0007 0011 1 1670729791525259 65.0625 -61.5 1.1658253987930873 14 
0007 0008 1 1670729791527383 -9.75 -51.5 4.485359823777615 14 
0007 0014 1 1670729791529778 -91.125 -64.5 4.246058820867455 14 
0007 0015 1 1670729791537796 39.0 -64.5 5.651185222570702 14 
0007 0010 1 1670729791541782 19.5 -64.5 3.466796580621549 14 
0007 0000 1 1670729791554204 -143.1875 -70.0 5.019185137961818 14 
0007 0001 2 1670729791596476 -59.375 -68.0 5.246214294568893 14 
0007 0010 2 1670729791618615 107.375 -62.5 5.3198453723874035 14 
0007 0014 2 1670729791621376 19.5 -60.0 5.829126993965437 14 
0007 0004 2 1670729791623240 3.25 -56.0 1.3744467859455345 14 
0007 0003 2 1670729791631865 -100.875 -67.5 3.9638063558964967 14 
0007 0015 2 1670729791634353 68.3125 -64.5 6.234097921967246 14 
0007 0000 2 1670729791640919 195.25 -69.5 1.5278448647340985 14 
0007 0007 3 1670729791788197 -22.75 -70.5 1.41126232485479 14 
0007 0001 3 1670729791790698 -41.5 -69.5 2.2212041808584084 14 
0007 0007 4 1670729791888873 -68.3125 -72.5 4.104932588381976 14 
0007 0001 4 1670729791895746 -187.125 -72.0 6.234097921967246 14 
0007 0015 4 1670729791900715 -58.5625 -69.5 5.491651220630596 14 
0007 0005 5 1670729791949912 263.625 -66.0 4.792155981354743 14 
0007 0014 5 1670729791952349 -123.6875 -67.5 6.209554229361076 14 
0007 0004 6 1670729792002273 17.0625 -67.5 6.240233845118788 14 
0007 0005 6 1670729792005780 -3.25 -65.5 4.1417481272912315 14 
0007 0004 7 1670729792086126 48.8125 -67.0 5.700272607783043 14 
0007 0015 8 1670729792200619 -32.5 -69.5 0.30066023442558565 14 
0007 0010 1 1670729792447222 24.375 -64.0 3.5158839658338894 14 
0007 0008 1 1670729792448168 0.0 -52.5 4.3074180523828804 14 
0007 0000 1 1670729792451091 -13.0 -69.5 4.970097752749477 14 
0007 0015 1 1670729792453249 -61.8125 -65.0 5.9088939949354895 14 
0007 0004 1 1670729792456202 76.4375 -65.5 5.043728830567988 14 
0007 0005 1 1670729792464452 -61.8125 -59.5 4.945554060143307 14 
0007 0011 1 1670729792465430 42.3125 -62.0 1.0799224746714913 14 
0007 0014 1 1670729792473766 22.75 -64.5 4.344233591292136 14 
0007 0010 2 1670729792514201 30.875 -63.0 5.405748296509 14 
0007 0004 2 1670729792518072 -10.5625 -55.0 1.3008157081270237 14 
0007 0015 2 1670729792520237 -6.5 -63.0 6.209554229361076 14 
0007 0003 2 1670729792524253 45.5625 -68.5 3.9515345095934116 14 
0007 0014 2 1670729792526192 19.5 -60.5 6.270913460876501 14 
0007 0001 2 1670729792534638 -3.25 -69.5 4.7860200582032 14 
0007 0000 2 1670729792537592 -91.125 -70.0 1.4971652489763858 14 
0007 0001 3 1670729792608119 79.75 -68.5 1.9512235621905356 14 
0007 0010 3 1670729792617545 -6.5 -71.5 6.22182607566416 14 
0007 0008 3 1670729792634918 19.5 -68.0 1.2946797849754812 14 
0007 0005 3 1670729792666383 -52.0625 -68.5 1.3867186322486196 14 
0007 0007 4 1670729792742034 -48.8125 -67.5 4.037437433715008 14 
0007 0015 4 1670729792758595 16.25 -69.0 6.043884304269426 14 
