0002 0015 1 1670730946407340 0.0 -61.5 3.0250101137104846 12 
0002 0004 1 1670730946416387 58.5625 -69.5 2.399145952253143 12 
0002 0007 1 1670730946437478 -52.0625 -70.0 4.841243366567084 12 
0002 0005 1 1670730946452821 -21.125 -70.5 0.803805932852076 12 
0002 0015 2 1670730946486058 -13.0 -64.0 0.46019423636569234 12 
0002 0007 2 1670730946516948 -156.1875 -69.5 3.160000423044421 12 
0002 0010 3 1670730946567926 81.375 -65.0 3.129320807286708 12 
0002 0013 3 1670730946571411 6.5 -65.5 4.178563666200486 12 
0002 0012 3 1670730946573296 48.8125 -65.0 2.116893487282185 12 
0002 0014 3 1670730946577988 208.3125 -68.5 4.92714629068868 12 
0002 0004 3 1670730946586956 -6.5 -54.5 6.056156150572511 12 
0002 0005 3 1670730946594686 -21.125 -61.5 5.227806525114265 12 
0002 0015 3 1670730946596141 -48.8125 -64.5 1.1228739367322893 12 
0002 0011 3 1670730946598573 -13.0 -62.0 2.3439226438892597 12 
0002 0007 3 1670730946610108 -156.1875 -69.5 3.2765829629237295 12 
0002 0012 4 1670730946646519 0.0 -60.5 2.405281875404685 12 
0002 0004 4 1670730946647982 78.0625 -67.0 0.8344855486097889 12 
0002 0005 4 1670730946651986 -59.375 -67.0 0.1595340019401067 12 
0002 0013 4 1670730946661857 29.25 -63.0 5.252350217720435 12 
0002 0015 4 1670730946664743 7.3125 -54.5 1.932815792735908 12 
0002 0010 4 1670730946665730 0.0 -59.0 2.350058567040802 12 
0002 0011 4 1670730946667862 35.75 -65.0 4.2031073588066565 12 
0002 0014 4 1670730946673814 81.375 -71.0 5.325981295538946 12 
0002 0007 4 1670730946674835 -29.25 -62.0 3.9699422790480394 12 
0002 0009 4 1670730946690629 120.4375 -69.5 0.9756117810952678 12 
0002 0008 4 1670730946693770 -42.3125 -63.5 4.933282213840222 12 
0002 0006 4 1670730946695075 -35.75 -71.0 5.45483568172134 12 
0002 0005 5 1670730946737484 -41.5 -58.0 5.7616318392984684 12 
0002 0014 5 1670730946741463 13.0 -68.5 3.8963112012295285 12 
0002 0007 5 1670730946749022 42.3125 -67.5 1.7671458676442586 12 
0002 0015 5 1670730946769496 -52.0625 -61.0 2.423689644859313 12 
0002 0011 5 1670730946774186 -107.375 -68.5 5.117359908386499 12 
0002 0005 6 1670730946816853 -3.25 -68.0 0.6688156235181395 12 
0002 0014 6 1670730946841862 -39.0 -69.5 0.5092816215780329 12 
0002 0013 6 1670730946844838 266.875 -72.5 2.0371264863121317 12 
0002 0015 6 1670730946848448 10.5625 -60.0 3.509748042682347 12 
0002 0007 6 1670730946853266 19.5 -61.0 1.5155730184310134 12 
0002 0004 7 1670730946915748 29.25 -61.5 3.8533597391687304 12 
0002 0005 7 1670730946930468 7.3125 -66.0 5.8045833013592665 12 
0002 0007 8 1670730947017294 -3.25 -67.0 1.1228739367322893 12 
0002 0015 1 1670730947270096 17.0625 -61.5 2.5341362615870793 12 
0002 0004 1 1670730947283308 -52.0625 -70.0 3.1784081924990484 12 
0002 0007 1 1670730947305281 156.1875 -69.5 4.1417481272912315 12 
0002 0005 2 1670730947339742 45.5625 -70.5 5.66959299202533 12 
0002 0015 2 1670730947354915 10.5625 -63.0 0.2699806186678728 12 
0002 0004 2 1670730947382435 -61.8125 -69.0 0.2761165418194154 12 
0002 0005 3 1670730947427134 -17.0625 -61.5 0.2270291566070749 12 
0002 0011 3 1670730947438055 -19.5 -61.0 1.4051264017032472 12 
0002 0014 3 1670730947439499 48.8125 -62.5 3.7429131224409646 12 
0002 0004 3 1670730947442036 -9.75 -56.0 5.982525072754001 12 
0002 0015 3 1670730947457858 120.4375 -64.5 2.564815877344792 12 
0002 0013 3 1670730947462274 9.75 -60.5 3.485204350076177 12 
0002 0007 3 1670730947463482 32.5 -68.5 4.516039439535327 12 
0002 0010 3 1670730947465549 29.25 -68.5 2.12916533358527 12 
0002 0013 4 1670730947532807 -3.25 -60.0 2.2089323345553233 12 
0002 0004 4 1670730947535119 19.5 -66.0 5.786175531904639 12 
0002 0008 4 1670730947543733 19.5 -64.0 5.485515297479052 12 
0002 0014 4 1670730947545184 -22.75 -66.0 2.675262494072558 12 
0002 0015 4 1670730947547132 13.8125 -56.5 1.8775924843720249 12 
0002 0005 4 1670730947550997 13.8125 -64.0 0.17794177139473438 12 
0002 0011 4 1670730947553368 -13.0 -62.0 3.5036121195308043 12 
0002 0010 4 1670730947556452 3.25 -60.5 1.6935147898257479 12 
0002 0006 4 1670730947570445 6.5 -73.5 4.0558452031696355 12 
0002 0007 4 1670730947576864 -273.375 -71.5 5.927301764390117 12 
0002 0009 4 1670730947579313 123.6875 -74.0 0.607456392002714 12 
0002 0013 5 1670730947613660 16.25 -67.5 3.785864584501762 12 
0002 0007 5 1670730947620760 39.0 -61.0 3.5956509668039427 12 
0002 0012 5 1670730947633635 -35.75 -67.5 5.8045833013592665 12 
0002 0015 5 1670730947636703 59.375 -62.0 5.154175447295755 12 
0002 0005 5 1670730947640035 13.8125 -58.5 1.1228739367322893 12 
0002 0014 6 1670730947688379 26.0 -68.0 3.792000507653305 12 
0002 0013 6 1670730947689554 48.8125 -61.0 1.8100973297050567 12 
0002 0015 6 1670730947692769 -9.75 -56.5 2.454369260617026 12 
0002 0005 6 1670730947713052 35.75 -69.5 0.7547185476397354 12 
0002 0007 6 1670730947715823 16.25 -59.0 3.6692820446224537 12 
0002 0007 7 1670730947785178 71.5625 -68.5 3.2520392703175593 12 
0002 0005 7 1670730947788077 10.5625 -67.0 4.902602598082509 12 
0002 0004 7 1670730947805973 -55.3125 -61.5 4.319689898685965 12 
0002 0007 8 1670730947876953 110.625 -71.5 0.3620194659410113 12 
0002 0012 1 1670730948144930 52.0625 -64.5 3.0925052683774528 12 
0002 0013 1 1670730948168184 120.4375 -71.5 4.460816131171445 12 
0002 0014 1 1670730948176253 -123.6875 -71.0 5.264622064023521 12 
0002 0005 1 1670730948177841 -114.6875 -71.5 1.1719613219446299 12 
0002 0015 2 1670730948230362 27.625 -64.5 6.117515382087937 12 
0002 0004 2 1670730948245975 91.125 -69.0 1.509437095279471 12 
0002 0007 2 1670730948258837 -146.4375 -69.0 3.1906800388021335 12 
0002 0010 3 1670730948312366 -3.25 -67.5 2.9513790358919736 12 
0002 0005 3 1670730948325359 -41.5 -64.0 0.30066023442558565 12 
0002 0004 3 1670730948329658 0.0 -56.0 4.95168998329485 12 
0002 0011 3 1670730948331816 -39.0 -64.5 1.9634954084936207 12 
0002 0014 3 1670730948352828 -32.5 -67.0 0.04295146206079795 12 
0002 0013 4 1670730948423036 29.25 -61.0 2.3009711818284617 12 
0002 0006 4 1670730948424966 -94.375 -74.0 2.313243028131547 12 
0002 0011 4 1670730948428810 -9.75 -61.0 3.847223816017188 12 
0002 0010 4 1670730948429772 13.0 -61.0 1.7916895602504288 12 
0002 0015 4 1670730948437943 0.0 -57.5 2.067806102069844 12 
0002 0008 4 1670730948440990 -16.25 -61.5 5.062136600022616 12 
0002 0014 4 1670730948443142 -32.5 -67.0 3.6570101983193686 12 
0002 0007 4 1670730948444285 0.0 -63.5 5.264622064023521 12 
0002 0009 4 1670730948454668 136.6875 -71.5 0.7240389318820226 12 
0002 0005 4 1670730948459244 27.625 -67.5 0.3374757733348411 12 
0002 0004 4 1670730948465712 -19.5 -67.5 5.982525072754001 12 
0002 0001 4 1670730948473163 -52.0625 -76.5 4.111068511533518 12 
0002 0013 5 1670730948520208 29.25 -64.5 4.411728745959104 12 
0002 0014 5 1670730948532379 -139.9375 -68.0 3.3440781175906977 12 
0002 0005 5 1670730948539762 24.375 -59.5 1.055378782065321 12 
0002 0015 5 1670730948540711 -30.875 -63.5 0.3190680038802134 12 
0002 0007 5 1670730948545106 -16.25 -65.5 4.313553975534423 12 
0002 0013 6 1670730948626322 35.75 -66.5 4.399456899656019 12 
0002 0015 6 1670730948628658 -34.9375 -63.0 2.356194490192345 12 
0002 0005 6 1670730948633470 41.5 -69.0 0.32520392703175593 12 
0002 0007 6 1670730948642450 -29.25 -65.5 3.2336315008629315 12 
0002 0004 7 1670730948708133 61.8125 -66.0 4.706253057233147 12 
0002 0007 7 1670730948710979 -133.4375 -71.0 2.767301341345697 12 
0002 0005 7 1670730948730613 52.0625 -66.5 5.3198453723874035 12 
0002 0013 7 1670730948744706 113.875 -72.0 3.8840393549264434 12 
0002 0012 1 1670730949053017 -48.8125 -67.5 4.663301595172349 12 
0002 0014 3 1670730949206522 -237.5625 -68.5 4.405592822807561 12 
0002 0005 3 1670730949209851 -117.9375 -64.0 5.160311370447297 12 
0002 0010 3 1670730949216038 -162.75 -66.0 1.8714565612204823 12 
0002 0004 3 1670730949217265 -19.5 -55.5 5.356660911296659 12 
0002 0012 3 1670730949222053 -22.75 -63.5 2.478912953223196 12 
0002 0011 3 1670730949237860 78.0625 -67.0 2.2089323345553233 12 
0002 0007 3 1670730949264862 130.1875 -70.5 5.313709449235861 12 
0002 0008 4 1670730949310559 -26.0 -66.0 4.399456899656019 12 
0002 0005 4 1670730949313704 17.0625 -66.0 5.915029918087033 12 
0002 0015 4 1670730949314863 21.125 -54.0 0.9817477042468103 12 
0002 0011 4 1670730949318190 -13.0 -64.0 2.84706834231575 12 
0002 0012 4 1670730949325268 58.5625 -62.0 1.086058397823034 12 
0002 0007 4 1670730949333564 42.3125 -66.5 4.558990901596125 12 
0002 0010 4 1670730949343559 -6.5 -58.5 1.9573594853420782 12 
0002 0014 4 1670730949350197 16.25 -66.5 4.485359823777615 12 
0002 0013 4 1670730949354647 9.75 -63.5 0.5706408530934585 12 
0002 0006 4 1670730949378684 205.0625 -74.0 1.761009944492716 12 
0002 0009 4 1670730949384388 29.25 -74.5 0.8774370106705868 12 
0002 0001 4 1670730949393797 -240.875 -75.0 4.01902966426038 12 
0002 0005 5 1670730949449155 -34.9375 -58.0 0.7792622402459057 12 
0002 0007 5 1670730949450106 -55.3125 -66.0 3.147728576741336 12 
0002 0015 5 1670730949457741 -65.875 -67.0 5.049864753719531 12 
0002 0013 5 1670730949458703 3.25 -65.0 4.166291819897402 12 
0002 0005 6 1670730949536661 45.5625 -67.5 1.8530487917658545 12 
0002 0013 6 1670730949546159 -39.0 -64.0 4.878058905476339 12 
0002 0015 6 1670730949548111 -30.875 -63.5 2.9820586516496865 12 
0002 0007 6 1670730949553965 -35.75 -61.0 2.662990647769473 12 
0002 0004 7 1670730949616463 78.0625 -67.5 5.019185137961818 12 
0002 0005 7 1670730949621796 -16.25 -66.5 5.338253141842031 12 
0002 0005 1 1670730949995109 -183.875 -72.0 1.1228739367322893 12 
0002 0004 1 1670730950005326 -136.6875 -72.0 3.3195344249845276 12 
0002 0015 1 1670730950010286 29.25 -66.5 2.1966604882522383 12 
0002 0012 1 1670730950011242 0.0 -63.0 3.834951969714103 12 
0002 0011 3 1670730950129390 13.0 -63.0 0.0 12 
0002 0015 3 1670730950132620 -27.625 -60.0 6.013204688511713 12 
0002 0004 3 1670730950136359 -22.75 -58.0 4.822835597112456 12 
0002 0005 3 1670730950137290 7.3125 -62.0 4.608078286808466 12 
0002 0007 3 1670730950138299 -84.625 -67.5 4.957825906446392 12 
0002 0012 3 1670730950151939 16.25 -61.0 2.2764274892222915 12 
0002 0014 3 1670730950152890 -179.0 -68.5 3.6324665057131984 12 
0002 0013 3 1670730950161662 48.8125 -68.5 0.5583690067903734 12 
0002 0013 4 1670730950234382 0.0 -61.0 1.4603497100671303 12 
0002 0010 4 1670730950236525 3.25 -58.5 0.6749515466696822 12 
0002 0012 4 1670730950244862 6.5 -61.0 1.859184714917397 12 
0002 0015 4 1670730950245853 -13.0 -62.0 5.160311370447297 12 
0002 0008 4 1670730950247054 -9.75 -63.5 4.2092432819582 12 
0002 0009 4 1670730950259267 -71.5625 -68.0 0.9387962421860124 12 
0002 0011 4 1670730950260427 29.25 -71.5 2.1659808724945253 12 
0002 0005 4 1670730950268379 -55.3125 -65.0 0.01227184630308513 12 
0002 0007 4 1670730950273958 32.5 -64.0 3.9699422790480394 12 
0002 0006 4 1670730950284577 -97.625 -75.5 1.5830681730979816 12 
0002 0001 4 1670730950286165 -16.25 -76.0 2.6813984172241008 12 
0002 0005 5 1670730950306577 -7.3125 -59.5 0.2699806186678728 12 
0002 0015 5 1670730950313666 -110.625 -64.0 2.5157284921324514 12 
0002 0007 5 1670730950334188 -32.5 -67.5 2.834796496012665 12 
0002 0011 6 1670730950410049 87.875 -72.5 0.6810874698212247 12 
0002 0015 6 1670730950420147 21.125 -58.5 2.767301341345697 12 
0002 0005 6 1670730950423713 6.5 -64.5 1.1596894756415448 12 
0002 0007 6 1670730950426194 -35.75 -64.0 4.049709280018092 12 
0002 0013 6 1670730950428163 94.375 -66.5 0.7240389318820226 12 
0002 0005 7 1670730950514659 3.25 -65.5 5.700272607783043 12 
0002 0004 7 1670730950518408 81.375 -67.5 5.473243451175968 12 
0002 0015 1 1670730950842811 -3.25 -60.5 1.8100973297050567 12 
0002 0005 1 1670730950847624 -21.125 -68.0 1.282407938672396 12 
0002 0004 1 1670730950851707 -58.5625 -65.5 2.3439226438892597 12 
0002 0007 1 1670730950894010 -133.4375 -72.0 4.503767593232243 12 
0002 0007 2 1670730950965161 22.75 -71.5 2.184388641949153 12 
0002 0015 2 1670730950972626 -45.5625 -65.0 0.01227184630308513 12 
0002 0014 2 1670730950976970 -13.0 -70.0 0.380427235395639 12 
0002 0005 3 1670730951040407 -17.0625 -63.0 4.755340442445488 12 
0002 0004 3 1670730951049722 -13.0 -55.0 5.2339424482658075 12 
0002 0010 3 1670730951050939 91.125 -64.5 2.423689644859313 12 
0002 0007 3 1670730951057235 156.1875 -68.0 2.742757648739526 12 
0002 0013 3 1670730951058425 -198.5625 -67.0 4.841243366567084 12 
0002 0012 3 1670730951059441 3.25 -62.5 1.9082721001297376 12 
0002 0011 3 1670730951069916 19.5 -62.0 1.4358060174609601 12 
0002 0014 3 1670730951075030 -74.8125 -68.0 4.239922897715912 12 
0002 0010 4 1670730951126551 0.0 -58.5 1.5401167110371838 12 
0002 0013 4 1670730951135951 42.3125 -64.0 3.718369429834794 12 
0002 0005 4 1670730951138113 7.3125 -65.0 0.22089323345553233 12 
0002 0007 4 1670730951141444 -55.3125 -65.0 4.129476280988146 12 
0002 0004 4 1670730951143157 26.0 -67.0 6.043884304269426 12 
0002 0015 4 1670730951150318 -3.25 -54.5 2.3930100291016 12 
0002 0012 4 1670730951153039 22.75 -59.0 1.6566992509164924 12 
0002 0011 4 1670730951157232 -19.5 -62.0 3.865631585471816 12 
0002 0008 4 1670730951164471 0.0 -66.0 4.074252972624263 12 
0002 0014 4 1670730951169269 0.0 -65.5 5.399612373357457 12 
0002 0009 4 1670730951171156 3.25 -68.0 0.2761165418194154 12 
0002 0005 5 1670730951222208 -10.5625 -56.0 1.0062913968529805 12 
0002 0015 5 1670730951232242 27.625 -61.0 2.5280003384355365 12 
0002 0011 5 1670730951263241 22.75 -69.5 0.23316507975861744 12 
0002 0015 6 1670730951298234 -16.25 -59.0 4.344233591292136 12 
0002 0005 6 1670730951312629 24.375 -71.0 2.386874105950058 12 
0002 0007 6 1670730951315674 6.5 -58.5 2.748893571891069 12 
0002 0013 6 1670730951319300 -35.75 -70.5 3.2581751934691017 12 
