0000 0010 1 1670729896253587 139.9375 -70.0 2.399145952253143 11 
0000 0007 1 1670729896264889 19.5 -67.0 4.276738436625168 11 
0000 0013 1 1670729896276678 -152.9375 -71.0 5.368932757599744 11 
0000 0011 1 1670729896280767 26.0 -59.0 1.1106020904292042 11 
0000 0005 1 1670729896281939 -13.0 -65.0 3.810408277107933 11 
0000 0014 1 1670729896289285 -35.75 -66.5 3.2397674240144743 11 
0000 0009 1 1670729896297919 76.4375 -68.0 1.7978254834019713 11 
0000 0015 2 1670729896351058 -149.6875 -66.0 3.5158839658338894 11 
0000 0012 2 1670729896352005 84.625 -70.0 3.1968159619536762 11 
0000 0011 2 1670729896362641 -32.5 -66.0 5.178719139901925 11 
0000 0013 2 1670729896370820 9.75 -63.5 2.030990563160589 11 
0000 0005 2 1670729896378425 74.8125 -64.5 3.3747577333484107 11 
0000 0006 4 1670729896518907 -35.75 -72.0 1.3989904785517047 11 
0000 0012 4 1670729896525197 30.875 -60.5 1.3437671701878218 11 
0000 0009 4 1670729896528109 -65.875 -68.5 0.380427235395639 11 
0000 0015 4 1670729896561935 -6.5 -67.0 1.748738098189631 11 
0000 0014 5 1670729896628279 -58.5625 -67.5 4.914874444385594 11 
0000 0015 5 1670729896640745 -120.4375 -69.5 4.154019973594316 11 
0000 0005 6 1670729896694224 -35.75 -65.5 4.239922897715912 11 
0000 0006 6 1670729896698245 61.8125 -65.5 6.007068765360171 11 
0000 0004 6 1670729896700071 9.75 -55.0 0.8835729338221293 11 
0000 0010 6 1670729896701487 -9.75 -66.0 0.14112623248547898 11 
0000 0009 6 1670729896702718 -55.3125 -67.0 2.3193789512830896 11 
0000 0014 6 1670729896715560 48.8125 -62.0 1.184233168247715 11 
0000 0015 6 1670729896724852 100.875 -70.0 0.3374757733348411 11 
0000 0011 7 1670729896760604 -58.5625 -65.0 3.160000423044421 11 
0000 0010 7 1670729896761577 -9.75 -59.5 2.497320722677824 11 
0000 0000 7 1670729896778620 6.5 -65.5 3.3870295796514958 11 
0000 0001 7 1670729896780560 -48.8125 -65.0 4.663301595172349 11 
0000 0009 7 1670729896781475 -3.25 -64.0 5.626641529964532 11 
0000 0005 7 1670729896782424 -26.0 -64.0 1.337631247036279 11 
0000 0015 7 1670729896784786 -3.25 -63.5 5.93343768754166 11 
0000 0012 7 1670729896785735 42.3125 -63.0 5.43029198911517 11 
0000 0006 7 1670729896797533 13.0 -57.0 2.7120780329818137 11 
0000 0008 7 1670729896807160 -52.0625 -61.0 1.6444274046134073 11 
0000 0008 8 1670729896883524 9.75 -62.0 0.3313398501832985 11 
0000 0009 8 1670729896888861 -7.3125 -70.0 3.1231848841351653 11 
0000 0010 8 1670729896890306 42.3125 -62.0 1.9880391010997909 11 
0000 0004 8 1670729896910488 -35.75 -62.5 3.56497135104623 11 
0000 0012 8 1670729896913466 9.75 -63.5 5.786175531904639 11 
0000 0006 8 1670729896914422 -65.0625 -66.0 4.9394181369917645 11 
0000 0013 1 1670729897153969 -35.75 -61.5 4.608078286808466 11 
0000 0012 2 1670729897266995 -61.8125 -60.5 3.423845118560751 11 
0000 0005 2 1670729897275358 -6.5 -60.5 2.5280003384355365 11 
0000 0011 2 1670729897281058 32.5 -57.5 3.730641276137879 11 
0000 0013 2 1670729897284718 126.9375 -60.0 2.1905245651006955 11 
0000 0015 2 1670729897290229 -9.75 -62.5 2.9636508821950587 11 
0000 0014 2 1670729897292212 13.0 -66.5 2.9575149590435164 11 
0000 0007 2 1670729897293134 -94.375 -69.0 4.8351074434155406 11 
0000 0005 3 1670729897359402 48.8125 -64.5 3.2949907323783574 11 
0000 0006 3 1670729897362316 0.0 -67.0 3.6999616603801666 11 
0000 0004 3 1670729897384563 29.25 -70.5 1.4480778637640452 11 
0000 0009 4 1670729897449980 -45.5625 -68.5 0.006135923151542565 11 
0000 0007 4 1670729897453605 -39.0 -72.0 4.601942363656923 11 
0000 0010 4 1670729897459806 -71.5625 -70.0 3.3870295796514958 11 
0000 0006 4 1670729897466984 22.75 -71.0 1.7794177139473437 11 
0000 0015 4 1670729897474421 -6.5 -70.5 1.4173982480063325 11 
0000 0005 4 1670729897488974 -93.5625 -66.5 3.356349963893783 11 
0000 0013 5 1670729897540646 -19.5 -66.0 3.810408277107933 11 
0000 0004 5 1670729897550443 9.75 -67.0 3.8533597391687304 11 
0000 0014 5 1670729897555516 143.1875 -67.0 1.736466251886546 11 
0000 0009 5 1670729897557125 26.0 -66.0 1.3928545554001621 11 
0000 0007 5 1670729897558300 -16.25 -63.0 0.9081166264282996 11 
0000 0006 5 1670729897562210 -84.625 -68.0 2.6568547246179306 11 
0000 0010 6 1670729897626263 19.5 -64.5 5.66959299202533 11 
0000 0015 6 1670729897627480 130.1875 -73.5 1.736466251886546 11 
0000 0004 6 1670729897628424 0.0 -57.0 4.172427743048944 11 
0000 0014 6 1670729897630566 39.0 -64.5 3.5036121195308043 11 
0000 0007 6 1670729897633908 -156.1875 -71.5 4.466952054322987 11 
0000 0013 6 1670729897635164 32.5 -68.5 5.240078371417351 11 
0000 0000 7 1670729897689908 -9.75 -68.5 3.810408277107933 11 
0000 0011 7 1670729897693044 -100.875 -65.5 4.522175362686871 11 
0000 0013 7 1670729897694758 29.25 -69.0 4.301282129231338 11 
0000 0012 7 1670729897698310 16.25 -53.5 1.1474176293384597 11 
0000 0007 7 1670729897704545 52.0625 -63.5 1.1780972450961724 11 
0000 0001 7 1670729897718742 68.3125 -63.0 5.344389064993574 11 
0000 0004 7 1670729897724653 6.5 -56.0 1.184233168247715 11 
0000 0010 7 1670729897727416 -6.5 -57.0 5.436427912266712 11 
0000 0006 7 1670729897735899 -22.75 -56.0 3.399301425954581 11 
0000 0005 7 1670729897737823 -19.5 -60.0 3.411573272257666 11 
0000 0009 7 1670729897748907 -21.125 -66.0 3.031146036862027 11 
0000 0015 7 1670729897750097 -48.8125 -70.0 4.227651051412827 11 
0000 0009 8 1670729897788025 38.1875 -65.5 0.16566992509164924 11 
0000 0012 8 1670729897791293 39.0 -63.5 1.5830681730979816 11 
0000 0010 8 1670729897794761 -3.25 -59.0 2.705942109830271 11 
0000 0013 8 1670729897805261 -22.75 -66.5 3.6999616603801666 11 
0000 0006 8 1670729897833308 19.5 -72.5 2.816388726558037 11 
0000 0005 8 1670729897845562 -55.3125 -72.0 5.9088939949354895 11 
0000 0012 1 1670729898069954 39.0 -61.5 1.3069516312785663 11 
0000 0009 1 1670729898081489 -41.5 -66.5 1.7426021750380885 11 
0000 0014 1 1670729898084427 -6.5 -71.5 3.9638063558964967 11 
0000 0006 1 1670729898093225 22.75 -59.5 4.25833066717054 11 
0000 0015 1 1670729898104898 152.9375 -67.0 1.0062913968529805 11 
0000 0011 1 1670729898108270 16.25 -60.5 1.0676506283684062 11 
0000 0007 1 1670729898116198 -71.5625 -66.5 5.049864753719531 11 
0000 0012 2 1670729898166653 159.5 -70.0 1.7241944055834606 11 
0000 0013 2 1670729898170550 19.5 -60.0 1.4419419406125027 11 
0000 0011 2 1670729898176532 55.3125 -67.5 0.8713010875190442 11 
0000 0015 4 1670729898374580 13.0 -68.5 1.8223691760081417 11 
0000 0004 5 1670729898436557 -9.75 -59.5 4.460816131171445 11 
0000 0009 5 1670729898445659 48.8125 -68.0 1.2455923997631406 11 
0000 0014 5 1670729898447511 35.75 -61.5 3.761320891895592 11 
0000 0013 5 1670729898453385 9.75 -60.0 3.000466421104314 11 
0000 0006 5 1670729898467303 -16.25 -69.0 1.7241944055834606 11 
0000 0014 6 1670729898507343 45.5625 -62.5 1.0676506283684062 11 
0000 0009 6 1670729898510074 -21.125 -67.5 3.509748042682347 11 
0000 0005 6 1670729898516253 48.8125 -66.5 2.693670263527186 11 
0000 0006 6 1670729898517207 -52.0625 -63.5 6.074563920027139 11 
0000 0010 6 1670729898522670 -22.75 -60.0 6.111379458936394 11 
0000 0004 6 1670729898529724 0.0 -55.0 4.454680208019902 11 
0000 0015 6 1670729898544561 -19.5 -66.0 3.0495538063166547 11 
0000 0013 6 1670729898548234 -61.8125 -67.0 2.779573187648782 11 
0000 0004 7 1670729898588453 -110.625 -68.0 0.9081166264282996 11 
0000 0008 7 1670729898600057 -32.5 -65.5 2.9268353432858034 11 
0000 0014 7 1670729898614870 -68.3125 -62.0 5.8475347634200645 11 
0000 0001 7 1670729898627133 6.5 -64.5 0.018407769454627694 11 
0000 0015 7 1670729898630209 6.5 -66.5 3.810408277107933 11 
0000 0012 7 1670729898637513 6.5 -64.0 3.8410878928656453 11 
0000 0011 7 1670729898638952 19.5 -65.0 3.8533597391687304 11 
0000 0000 7 1670729898641652 -29.25 -67.0 4.595806440505381 11 
0000 0013 8 1670729898697923 6.5 -64.5 1.1903690913992575 11 
0000 0007 8 1670729898699414 -136.6875 -71.5 1.9205439464328227 11 
0000 0009 8 1670729898715161 -45.5625 -68.5 5.270757987175063 11 
0000 0006 8 1670729898716101 26.0 -65.0 2.859340188618835 11 
0000 0014 8 1670729898739134 -74.8125 -68.5 0.4295146206079795 11 
0000 0008 8 1670729898746584 52.0625 -61.5 1.1351457830353744 11 
0000 0013 1 1670729898998216 -6.5 -64.0 3.0495538063166547 11 
0000 0013 2 1670729899071713 6.5 -57.5 1.4910293258248433 11 
0000 0015 2 1670729899099677 -16.25 -69.5 6.080699843178682 11 
0000 0005 3 1670729899226476 -104.125 -70.0 0.8651651643675016 11 
0000 0014 4 1670729899272364 52.0625 -73.0 5.93343768754166 11 
0000 0012 4 1670729899280650 -3.25 -66.5 2.5034566458293663 11 
0000 0005 4 1670729899291494 -61.8125 -70.5 4.608078286808466 11 
0000 0006 4 1670729899305665 39.0 -68.5 3.043417883165112 11 
0000 0006 5 1670729899362309 -3.25 -60.0 1.8775924843720249 11 
0000 0007 5 1670729899364505 22.75 -65.0 2.4605051837685683 11 
0000 0014 5 1670729899366614 -42.3125 -65.5 3.2090878082567613 11 
0000 0013 5 1670729899375192 -42.3125 -64.0 0.8651651643675016 11 
0000 0010 5 1670729899379316 16.25 -66.5 2.859340188618835 11 
0000 0012 5 1670729899380278 58.5625 -71.0 0.1043106935762236 11 
0000 0004 5 1670729899383004 9.75 -63.5 5.049864753719531 11 
0000 0005 5 1670729899398187 -107.375 -67.5 0.5522330836388308 11 
0000 0012 6 1670729899441497 -3.25 -56.5 0.05522330836388308 11 
0000 0010 6 1670729899443649 0.0 -64.5 0.28225246497095796 11 
0000 0004 6 1670729899445084 9.75 -53.0 0.8467573949128739 11 
0000 0006 6 1670729899454197 6.5 -62.0 5.841398840268521 11 
0000 0013 6 1670729899456842 3.25 -61.0 1.8653206380689396 11 
0000 0014 6 1670729899461933 9.75 -58.0 2.313243028131547 11 
0000 0015 7 1670729899500588 -16.25 -68.5 4.706253057233147 11 
0000 0011 7 1670729899504486 -13.0 -58.5 4.270602513473625 11 
0000 0004 7 1670729899509851 -3.25 -54.0 3.5711072741977725 11 
0000 0008 7 1670729899510849 -244.125 -69.0 1.4664856332186729 11 
0000 0005 7 1670729899517187 61.8125 -63.5 1.6260196351587797 11 
0000 0013 7 1670729899518133 13.0 -64.5 2.478912953223196 11 
0000 0001 7 1670729899521551 81.375 -66.0 5.325981295538946 11 
0000 0009 7 1670729899523532 -38.1875 -61.0 1.3314953238847365 11 
0000 0010 7 1670729899526380 -16.25 -62.5 5.620505606812989 11 
0000 0012 7 1670729899529261 0.0 -59.5 0.9878836273983529 11 
0000 0006 7 1670729899537517 -55.3125 -57.5 5.264622064023521 11 
0000 0000 7 1670729899538436 -26.0 -68.0 3.7429131224409646 11 
0000 0007 7 1670729899539384 -35.75 -66.0 5.264622064023521 11 
0000 0012 8 1670729899586738 16.25 -62.5 3.0495538063166547 11 
0000 0009 8 1670729899588864 -30.875 -65.0 5.841398840268521 11 
0000 0013 8 1670729899624696 -87.875 -65.0 5.859806609723149 11 
0000 0004 8 1670729899631875 -35.75 -69.5 3.5772431973493153 11 
0000 0006 8 1670729899642491 -6.5 -64.0 6.154330920997192 11 
0000 0010 8 1670729899646151 81.375 -66.5 0.7731263170943632 11 
0000 0008 8 1670729899651898 -3.25 -68.0 0.2638446955163303 11 
0000 0014 8 1670729899653765 -22.75 -71.0 4.344233591292136 11 
0000 0009 1 1670729899893475 21.125 -64.5 2.2764274892222915 11 
0000 0011 1 1670729899894626 -9.75 -63.0 0.04295146206079795 11 
0000 0005 1 1670729899897260 42.3125 -66.0 4.614214209960009 11 
0000 0014 1 1670729899898702 6.5 -63.5 2.693670263527186 11 
0000 0013 1 1670729899919891 42.3125 -69.5 4.804427827657828 11 
0000 0007 1 1670729899921208 -68.3125 -69.0 3.1661363461959633 11 
0000 0012 2 1670729899952881 32.5 -63.5 3.6570101983193686 11 
0000 0015 2 1670729899953772 -26.0 -64.0 2.9206994201342606 11 
0000 0005 2 1670729899957867 -52.0625 -65.5 3.0127382674073995 11 
0000 0013 2 1670729899965186 61.8125 -58.5 1.7241944055834606 11 
0000 0011 2 1670729899981405 -26.0 -64.0 3.4606606574700063 11 
0000 0007 2 1670729899983231 16.25 -69.0 5.743224069843841 11 
0000 0015 4 1670729900191213 6.5 -67.0 2.067806102069844 11 
0000 0012 4 1670729900195271 3.25 -57.5 1.5033011721279284 11 
0000 0014 5 1670729900236513 -45.5625 -65.0 3.2581751934691017 11 
0000 0004 5 1670729900245854 -3.25 -61.0 5.2339424482658075 11 
0000 0006 5 1670729900262367 29.25 -68.0 4.675573441475434 11 
0000 0013 5 1670729900273625 -29.25 -68.5 1.1474176293384597 11 
0000 0004 6 1670729900317490 19.5 -52.0 1.509437095279471 11 
0000 0010 6 1670729900332899 -16.25 -67.0 1.0737865515199487 11 
0000 0014 6 1670729900335757 -3.25 -56.5 2.466641106920111 11 
0000 0006 6 1670729900338384 -29.25 -61.5 0.3988350048502667 11 
0000 0012 6 1670729900341499 48.8125 -57.5 0.11658253987930872 11 
0000 0005 6 1670729900344728 59.375 -66.5 4.558990901596125 11 
0000 0009 6 1670729900347529 59.375 -66.0 3.5036121195308043 11 
0000 0015 6 1670729900350251 65.0625 -70.5 2.9084275738311756 11 
0000 0005 7 1670729900381327 -19.5 -59.5 2.730485802436441 11 
0000 0007 7 1670729900383483 195.25 -67.5 0.5460971604872883 11 
0000 0004 7 1670729900396190 -205.0625 -68.0 5.405748296509 11 
0000 0012 7 1670729900401470 16.25 -63.5 5.957981380147831 11 
0000 0009 7 1670729900403352 -24.375 -64.0 5.786175531904639 11 
0000 0008 7 1670729900406965 3.25 -62.0 0.9878836273983529 11 
0000 0006 7 1670729900409123 19.5 -55.0 0.4295146206079795 11 
0000 0011 7 1670729900413093 -22.75 -62.0 2.9636508821950587 11 
0000 0015 7 1670729900414083 -9.75 -61.0 5.688000761479957 11 
0000 0010 7 1670729900416744 -35.75 -64.0 2.411417798556228 11 
0000 0001 7 1670729900423764 117.125 -68.5 4.313553975534423 11 
0000 0000 7 1670729900428652 29.25 -68.5 2.7550294950426117 11 
0000 0006 8 1670729900487956 26.0 -71.5 4.430136515413731 11 
0000 0010 8 1670729900496839 6.5 -60.5 1.4726215563702154 11 
0000 0004 8 1670729900501986 91.125 -68.0 2.435961491162398 11 
0000 0008 8 1670729900520840 -42.3125 -67.5 5.516194913236766 11 
0000 0012 8 1670729900538667 19.5 -61.5 6.031612457966341 11 
0000 0014 8 1670729900554000 3.25 -68.0 0.3620194659410113 11 
0000 0007 1 1670729900802836 -65.0625 -67.0 0.5829126993965437 11 
0000 0014 1 1670729900803772 -136.6875 -66.0 4.540583132141498 11 
0000 0013 1 1670729900814147 3.25 -63.5 3.767456815047135 11 
0000 0015 2 1670729900856557 113.875 -64.5 2.386874105950058 11 
0000 0013 2 1670729900867352 65.0625 -62.0 2.2212041808584084 11 
0000 0014 2 1670729900878303 -42.3125 -67.5 1.1719613219446299 11 
0000 0012 2 1670729900884312 81.375 -59.0 2.6691265709210157 11 
0000 0011 2 1670729900887164 13.0 -60.0 2.454369260617026 11 
0000 0005 2 1670729900890591 -169.25 -65.5 3.0372819600135696 11 
0000 0006 3 1670729900954739 -55.3125 -70.0 2.945243112740431 11 
0000 0015 3 1670729900959823 169.25 -71.0 5.332117218690489 11 
0000 0005 3 1670729900979119 110.625 -66.5 3.7429131224409646 11 
0000 0007 4 1670729901026772 -3.25 -69.0 4.577398671050753 11 
0000 0005 4 1670729901029899 3.25 -65.0 4.902602598082509 11 
0000 0004 4 1670729901051267 -29.25 -68.0 3.9085830475326135 11 
0000 0009 4 1670729901065292 -32.5 -71.5 0.030679615757712823 11 
0000 0015 4 1670729901083641 32.5 -71.5 2.2518837966161214 11 
0000 0015 5 1670729901129266 52.0625 -71.0 2.8654761117703775 11 
0000 0013 5 1670729901131652 13.0 -63.5 2.761165418194154 11 
0000 0007 5 1670729901134950 26.0 -62.5 1.4603497100671303 11 
0000 0014 5 1670729901136421 6.5 -63.0 3.000466421104314 11 
0000 0004 5 1670729901137317 -55.3125 -60.0 4.111068511533518 11 
0000 0006 5 1670729901138267 29.25 -63.0 2.9575149590435164 11 
0000 0009 5 1670729901150154 13.8125 -66.0 1.4726215563702154 11 
0000 0004 6 1670729901193164 22.75 -57.5 3.380893656499953 11 
0000 0007 6 1670729901202063 48.8125 -67.5 4.681709364626977 11 
0000 0009 6 1670729901203051 17.0625 -61.5 2.5893595699509624 11 
0000 0014 6 1670729901204962 9.75 -58.0 4.405592822807561 11 
0000 0010 6 1670729901206410 -32.5 -61.5 6.092971689481767 11 
0000 0013 6 1670729901211134 61.8125 -66.5 6.252505691421874 11 
0000 0005 6 1670729901212976 29.25 -68.5 3.9760782021995817 11 
0000 0015 6 1670729901216964 35.75 -73.5 2.270291566070749 11 
0000 0015 1 1670730369792901 -9.75 -63.0 4.460816131171445 11 
0000 0009 1 1670730369802040 7.3125 -59.0 5.197126909356553 11 
0000 0011 1 1670730369808737 -9.75 -60.5 0.9081166264282996 11 
0000 0013 1 1670730369820774 -126.9375 -71.0 4.479223900626073 11 
0000 0010 1 1670730369841481 -6.5 -69.0 0.9265243958829272 11 
0000 0009 2 1670730369946524 87.0625 -65.0 0.859029241215959 11 
0000 0014 2 1670730369967058 29.25 -66.0 6.074563920027139 11 
0000 0006 2 1670730369982132 227.8125 -68.5 1.8530487917658545 11 
0000 0014 4 1670730370115977 -13.0 -63.5 4.362641360746763 11 
0000 0015 4 1670730370135243 -136.6875 -70.5 4.123340357836604 11 
0000 0013 4 1670730370136402 -3.25 -65.0 4.792155981354743 11 
0000 0005 4 1670730370137352 -16.25 -64.5 1.7978254834019713 11 
0000 0012 4 1670730370153858 -74.8125 -68.0 2.60776733940559 11 
0000 0012 5 1670730370238910 48.8125 -67.0 4.221515128261284 11 
0000 0015 5 1670730370246873 9.75 -69.5 3.0250101137104846 11 
0000 0005 5 1670730370251113 87.0625 -67.0 2.110757564130642 11 
0000 0009 6 1670730370308403 65.875 -65.5 0.6504078540635119 11 
0000 0012 6 1670730370314474 3.25 -66.0 1.9941750242513334 11 
0000 0010 7 1670730370380110 81.375 -69.0 5.970253226450915 11 
0000 0004 7 1670730370382133 -3.25 -54.5 4.264466590322082 11 
0000 0012 7 1670730370388133 29.25 -57.5 4.804427827657828 11 
0000 0014 7 1670730370391636 35.75 -60.0 2.2212041808584084 11 
0000 0015 7 1670730370399013 123.6875 -68.5 0.803805932852076 11 
0000 0006 7 1670730370412691 -6.5 -64.0 1.945087639038993 11 
0000 0006 8 1670730370458448 9.75 -61.5 0.07363107781851078 11 
0000 0012 8 1670730370461353 -39.0 -59.0 5.810719224510809 11 
0000 0014 8 1670730370462541 19.5 -60.5 1.1474176293384597 11 
0000 0004 8 1670730370467411 19.5 -63.5 0.7915340865489908 11 
0000 0010 8 1670730370477668 -42.3125 -62.0 5.344389064993574 11 
0000 0009 1 1670730370710609 -52.0625 -63.5 5.252350217720435 11 
0000 0004 1 1670730370717392 -175.75 -70.5 5.8475347634200645 11 
0000 0013 1 1670730370721723 -29.25 -67.5 0.6565437772150544 11 
0000 0012 1 1670730370729108 -42.3125 -61.0 4.2092432819582 11 
0000 0011 1 1670730370734589 -13.0 -64.0 0.0 11 
0000 0010 1 1670730370756713 3.25 -69.0 0.4663301595172349 11 
0000 0005 1 1670730370763044 19.5 -63.5 0.4049709280018093 11 
0000 0006 1 1670730370768737 61.8125 -67.5 1.325359400733194 11 
0000 0015 1 1670730370771121 58.5625 -66.0 4.706253057233147 11 
0000 0006 2 1670730370814996 -48.8125 -62.5 4.374913207049849 11 
0000 0010 2 1670730370816854 120.4375 -65.5 5.792311455056181 11 
0000 0012 2 1670730370841288 169.25 -63.0 4.724660826687775 11 
0000 0015 3 1670730370943512 169.25 -71.0 5.399612373357457 11 
0000 0013 3 1670730370967357 55.3125 -66.0 1.086058397823034 11 
0000 0015 4 1670730371021944 -156.1875 -71.0 4.025165587411922 11 
0000 0005 4 1670730371025243 26.0 -62.0 1.9144080232812801 11 
0000 0000 4 1670730371032890 52.0625 -69.5 0.04908738521234052 11 
0000 0013 4 1670730371036727 -48.8125 -70.0 3.485204350076177 11 
0000 0008 4 1670730371042774 35.75 -62.0 6.037748381117884 11 
0000 0004 4 1670730371048334 -29.25 -68.5 5.595961914206819 11 
0000 0005 5 1670730371107035 -9.75 -58.5 5.221670601962723 11 
0000 0011 5 1670730371111136 -136.6875 -67.0 3.3318062712876126 11 
0000 0007 5 1670730371134370 94.375 -63.0 1.1167380135807468 11 
0000 0012 5 1670730371140954 -83.0 -68.5 3.3502140407422405 11 
0000 0014 6 1670730371212741 29.25 -68.5 1.4296700943094176 11 
0000 0011 6 1670730371219121 13.0 -69.0 1.846912868614312 11 
0000 0007 6 1670730371228904 -6.5 -66.0 4.71238898038469 11 
0000 0013 6 1670730371231932 -104.125 -74.0 5.460971604872882 11 
0000 0006 6 1670730371235077 9.75 -70.0 4.184699589352029 11 
0000 0012 7 1670730371289975 6.5 -64.0 4.295146206079795 11 
0000 0010 7 1670730371300410 32.5 -58.0 4.7307967498393175 11 
0000 0014 7 1670730371308772 -9.75 -59.5 2.2089323345553233 11 
0000 0004 7 1670730371311431 3.25 -54.5 2.098485717827557 11 
0000 0013 7 1670730371313341 42.3125 -67.5 5.749359992995383 11 
0000 0009 7 1670730371318102 -13.8125 -66.0 1.1719613219446299 11 
0000 0004 8 1670730371387393 -22.75 -56.5 4.988505522204105 11 
0000 0014 8 1670730371389673 26.0 -67.5 6.277049384028044 11 
0000 0012 8 1670730371390846 -22.75 -68.5 3.6999616603801666 11 
0000 0006 8 1670730371410363 -26.0 -63.5 4.0558452031696355 11 
0000 0005 1 1670730371689915 71.5625 -66.5 1.705786636128833 11 
0000 0009 1 1670730371690874 -38.1875 -65.0 3.11091303783208 11 
0000 0012 1 1670730371706263 -32.5 -65.5 4.006757817957295 11 
0000 0010 1 1670730371713980 -52.0625 -67.0 0.803805932852076 11 
0000 0015 1 1670730371717479 185.5 -68.0 5.841398840268521 11 
0000 0006 2 1670730371774057 -22.75 -65.5 3.0066023442558567 11 
0000 0014 2 1670730371778217 -110.625 -65.0 5.749359992995383 11 
0000 0012 2 1670730371806380 -3.25 -63.0 1.5707963267948966 11 
0000 0010 2 1670730371812499 97.625 -67.5 0.47860200582032003 11 
0000 0005 3 1670730371883923 83.0 -68.5 2.1046216409791 11 
0000 0014 3 1670730371893948 208.3125 -69.0 3.184544115650591 11 
0000 0013 3 1670730371908678 139.9375 -70.0 3.0372819600135696 11 
0000 0015 3 1670730371927109 61.8125 -70.0 1.2762720155208536 11 
0000 0010 4 1670730371957190 -74.8125 -69.0 4.000621894805752 11 
0000 0005 4 1670730371966258 -22.75 -66.0 4.473087977474529 11 
0000 0007 4 1670730371968988 -3.25 -72.5 0.6994952392758523 11 
0000 0000 4 1670730371973857 -91.125 -70.0 5.368932757599744 11 
0000 0012 5 1670730372040037 41.5 -67.5 2.6568547246179306 11 
0000 0015 5 1670730372045275 -45.5625 -63.5 3.411573272257666 11 
0000 0013 5 1670730372046208 -26.0 -65.5 2.9329712664373457 11 
0000 0011 5 1670730372056746 32.5 -66.5 2.0800779483729293 11 
0000 0005 5 1670730372074065 3.25 -60.5 1.6566992509164924 11 
0000 0014 6 1670730372118353 -100.875 -67.5 2.779573187648782 11 
0000 0015 6 1670730372122442 107.375 -67.5 5.602097837358362 11 
0000 0013 6 1670730372142052 29.25 -70.5 5.178719139901925 11 
0000 0006 6 1670730372145153 3.25 -68.0 1.5892040962495242 11 
0000 0010 7 1670730372179785 42.3125 -63.0 4.104932588381976 11 
0000 0004 7 1670730372183935 -13.0 -54.0 3.552699504743145 11 
0000 0014 7 1670730372186586 6.5 -60.5 0.25770877236478773 11 
0000 0015 7 1670730372190725 -45.5625 -65.5 1.736466251886546 11 
0000 0011 7 1670730372193136 74.8125 -66.0 5.902758071783947 11 
0000 0005 7 1670730372197031 120.4375 -68.5 4.8351074434155406 11 
0000 0006 7 1670730372202728 58.5625 -65.5 0.09817477042468103 11 
0000 0007 7 1670730372203649 78.0625 -64.5 1.1780972450961724 11 
0000 0013 7 1670730372207042 -6.5 -66.5 3.9638063558964967 11 
0000 0009 7 1670730372208387 65.875 -64.0 0.02454369260617026 11 
0000 0006 8 1670730372265408 6.5 -61.0 5.00077736850719 11 
0000 0007 8 1670730372269159 -22.75 -64.0 3.3502140407422405 11 
0000 0013 8 1670730372280958 13.0 -69.5 2.748893571891069 11 
0000 0004 8 1670730372286468 -6.5 -62.0 4.755340442445488 11 
0000 0010 8 1670730372294866 -9.75 -71.0 0.8099418560036186 11 
0000 0011 8 1670730372300934 16.25 -71.0 5.2339424482658075 11 
0000 0012 1 1670730372515932 -6.5 -60.5 1.6321555583103222 11 
0000 0009 1 1670730372529120 -10.5625 -60.0 5.829126993965437 11 
0000 0011 1 1670730372545004 110.625 -67.5 1.0369710126106935 11 
0000 0013 1 1670730372565229 52.0625 -66.0 6.234097921967246 11 
0000 0015 1 1670730372566614 -16.25 -66.0 4.6448938257177215 11 
0000 0005 1 1670730372570258 13.0 -64.5 4.1601558967458585 11 
0000 0010 2 1670730372642178 94.375 -67.5 5.945709533844745 11 
0000 0005 2 1670730372646272 13.8125 -68.5 1.9634954084936207 11 
0000 0006 2 1670730372656300 -104.125 -62.0 5.565282298449106 11 
0000 0014 2 1670730372664357 136.6875 -68.5 5.313709449235861 11 
0000 0012 2 1670730372666236 16.25 -65.5 0.6688156235181395 11 
0000 0014 3 1670730372736172 -117.125 -68.0 2.9329712664373457 11 
0000 0005 3 1670730372780244 246.5625 -69.5 2.1475731030398975 11 
0000 0014 4 1670730372827248 -81.375 -71.5 1.521708941582556 11 
0000 0008 4 1670730372834830 -32.5 -69.0 4.718524903536232 11 
0000 0011 4 1670730372840919 68.3125 -71.0 0.47860200582032003 11 
0000 0000 4 1670730372851862 32.5 -71.0 6.074563920027139 11 
0000 0007 4 1670730372868743 65.0625 -68.5 3.6386024288647407 11 
0000 0010 4 1670730372872106 -185.5 -73.0 3.730641276137879 11 
0000 0015 4 1670730372888680 -58.5625 -74.0 2.742757648739526 11 
0000 0009 4 1670730372903268 104.125 -73.5 1.4664856332186729 11 
0000 0015 5 1670730372936064 22.75 -63.0 2.0800779483729293 11 
0000 0011 5 1670730372942721 -58.5625 -63.5 6.19728238305799 11 
0000 0006 5 1670730372953161 201.8125 -69.0 2.3009711818284617 11 
0000 0007 5 1670730372954095 22.75 -61.0 4.387185053352934 11 
0000 0005 5 1670730372955056 -6.5 -66.5 4.681709364626977 11 
0000 0012 5 1670730372959595 -74.8125 -67.5 0.3374757733348411 11 
0000 0014 6 1670730373020570 -19.5 -72.5 2.5586799541932495 11 
0000 0005 6 1670730373023205 13.0 -60.0 4.97623367590102 11 
0000 0007 6 1670730373032650 32.5 -67.5 5.724816300389213 11 
0000 0009 6 1670730373038113 -100.875 -70.0 0.7179030087304801 11 
0000 0008 6 1670730373045330 -13.0 -65.0 4.718524903536232 11 
0000 0011 6 1670730373050831 -13.0 -59.5 4.154019973594316 11 
0000 0012 6 1670730373053975 -26.0 -71.5 1.8837284075235674 11 
0000 0004 7 1670730373086823 19.5 -57.5 4.289010282928253 11 
0000 0012 7 1670730373088026 -22.75 -58.0 5.724816300389213 11 
0000 0010 7 1670730373089499 -6.5 -64.5 6.0991076126333095 11 
0000 0013 7 1670730373095922 29.25 -62.5 5.246214294568893 11 
0000 0014 7 1670730373100819 42.3125 -62.5 1.8407769454627694 11 
0000 0006 7 1670730373102534 3.25 -62.5 2.2641556429192065 11 
0000 0012 8 1670730373184452 -42.3125 -67.0 3.1231848841351653 11 
0000 0004 8 1670730373193687 -3.25 -56.5 5.178719139901925 11 
0000 0014 8 1670730373210373 -84.625 -63.5 5.534602682691394 11 
0000 0006 8 1670730373219011 -71.5625 -65.5 3.5036121195308043 11 
0000 0015 1 1670730373440263 -26.0 -65.5 5.043728830567988 11 
0000 0007 1 1670730373451529 -16.25 -71.5 6.092971689481767 11 
0000 0011 1 1670730373456363 9.75 -58.0 1.736466251886546 11 
0000 0013 1 1670730373460638 13.0 -71.5 5.50392306693368 11 
0000 0009 1 1670730373478233 -87.0625 -60.5 5.148039524144211 11 
0000 0014 2 1670730373539443 -58.5625 -65.5 0.04295146206079795 11 
0000 0011 2 1670730373581506 -13.0 -65.0 0.3620194659410113 11 
0000 0006 2 1670730373593345 -6.5 -68.0 3.2765829629237295 11 
0000 0009 3 1670730373636573 90.3125 -67.5 5.43029198911517 11 
0000 0013 3 1670730373652393 188.75 -68.0 1.0246991663076084 11 
0000 0015 3 1670730373713873 364.5625 -71.5 5.381204603902829 11 
0000 0005 4 1670730373779596 -71.5625 -66.5 2.9513790358919736 11 
0000 0014 4 1670730373780771 -32.5 -68.5 2.3930100291016 11 
0000 0012 4 1670730373781746 3.25 -69.5 1.3560390164909069 11 
0000 0015 4 1670730373789165 -48.8125 -70.5 4.276738436625168 11 
0000 0000 4 1670730373803601 32.5 -72.0 0.28225246497095796 11 
0000 0012 5 1670730373845916 -61.8125 -62.5 5.129631754689584 11 
0000 0015 5 1670730373854091 -42.3125 -65.5 4.111068511533518 11 
0000 0007 5 1670730373860208 48.8125 -66.0 0.0859029241215959 11 
0000 0005 5 1670730373864830 61.8125 -68.0 2.055534255766759 11 
0000 0013 5 1670730373873129 -159.5 -71.0 5.405748296509 11 
0000 0011 6 1670730373924092 0.0 -60.0 2.3193789512830896 11 
0000 0008 6 1670730373929190 -39.0 -68.0 3.4177091954092087 11 
0000 0009 6 1670730373930590 55.3125 -62.5 0.4724660826687775 11 
0000 0012 6 1670730373934069 9.75 -62.5 1.6812429435226628 11 
0000 0014 6 1670730373939126 39.0 -67.5 2.2886993355253766 11 
0000 0015 6 1670730373943204 16.25 -71.5 5.019185137961818 11 
0000 0007 6 1670730373953886 91.125 -71.5 2.4911847995262812 11 
0000 0006 7 1670730373987496 35.75 -61.0 1.2946797849754812 11 
0000 0004 7 1670730373992643 0.0 -56.5 3.06182565261974 11 
0000 0010 7 1670730373999964 -16.25 -61.5 0.3190680038802134 11 
0000 0015 7 1670730374005939 -32.5 -68.0 1.337631247036279 11 
0000 0012 7 1670730374019974 -35.75 -56.0 5.190990986205009 11 
0000 0007 7 1670730374021958 94.375 -66.0 3.104777114680538 11 
0000 0014 7 1670730374034858 13.0 -58.5 2.061670178918302 11 
0000 0012 8 1670730374090709 -6.5 -59.0 4.651029748869264 11 
0000 0014 8 1670730374093408 68.3125 -61.0 6.0991076126333095 11 
0000 0006 8 1670730374098734 -107.375 -66.0 5.043728830567988 11 
0000 0010 8 1670730374101124 13.0 -71.0 4.7307967498393175 11 
0000 0007 8 1670730374104380 9.75 -62.5 5.240078371417351 11 
0000 0015 8 1670730374124304 3.25 -71.0 5.7616318392984684 11 
0000 0006 1 1670730374358340 32.5 -65.0 1.6996507129772904 11 
0000 0004 1 1670730374364403 -26.0 -70.0 5.884350302329319 11 
0000 0005 1 1670730374370490 22.75 -65.0 1.214912784005428 11 
0000 0011 1 1670730374388377 29.25 -62.0 1.945087639038993 11 
0000 0013 1 1670730374390316 65.0625 -66.5 0.5767767762450011 11 
0000 0009 1 1670730374408299 -3.25 -55.5 0.14112623248547898 11 
0000 0015 1 1670730374410590 13.0 -66.5 5.0682725231741586 11 
0000 0012 1 1670730374420024 39.0 -65.0 0.9817477042468103 11 
0000 0010 2 1670730374457188 -16.25 -68.5 5.393476450205914 11 
0000 0012 2 1670730374475840 94.375 -67.0 5.473243451175968 11 
0000 0006 2 1670730374483629 58.5625 -63.5 5.448699758569798 11 
0000 0009 3 1670730374537736 284.8125 -67.5 3.0802334220743677 11 
0000 0015 3 1670730374566842 -42.3125 -72.0 5.706408530934585 11 
0000 0013 3 1670730374574111 159.5 -67.0 1.1228739367322893 11 
0000 0010 4 1670730374638669 35.75 -72.0 4.718524903536232 11 
0000 0005 4 1670730374659554 -26.0 -65.0 2.9575149590435164 11 
0000 0015 4 1670730374668818 45.5625 -68.0 4.4976316700806995 11 
0000 0004 4 1670730374674822 0.0 -68.5 4.190835512503572 11 
0000 0013 4 1670730374686786 -71.5625 -69.0 4.178563666200486 11 
0000 0015 5 1670730374731627 -68.3125 -69.5 3.067961575771282 11 
0000 0014 5 1670730374739264 26.0 -70.5 2.110757564130642 11 
0000 0007 5 1670730374742362 -6.5 -64.5 2.6200391857086753 11 
0000 0009 5 1670730374749440 -21.125 -64.5 2.724349879284899 11 
0000 0005 5 1670730374751692 74.8125 -61.0 5.154175447295755 11 
0000 0011 5 1670730374752588 -32.5 -63.5 3.074097498922825 11 
0000 0012 5 1670730374756395 -136.6875 -68.0 4.135612204139688 11 
