0003 0015 3 1670729896435962 -133.4375 -70.0 1.9573594853420782 7 
0003 0006 3 1670729896447801 -111.4375 -66.5 4.270602513473625 7 
0003 0014 4 1670729896527163 52.0625 -65.5 0.6013204688511713 7 
0003 0015 4 1670729896541332 16.25 -72.0 4.190835512503572 7 
0003 0007 4 1670729896563831 35.75 -65.5 2.6813984172241008 7 
0003 0011 4 1670729896570683 -244.125 -74.0 5.092816215780329 7 
0003 0015 5 1670729896611251 61.8125 -69.0 5.71868037723767 7 
0003 0006 5 1670729896613964 -93.5625 -67.5 4.491495746929157 7 
0003 0005 5 1670729896614911 19.5 -65.0 5.755495916146925 7 
0003 0007 5 1670729896647261 -273.375 -71.0 2.2027964114037806 7 
0003 0001 5 1670729896648235 93.5625 -71.0 4.933282213840222 7 
0003 0004 5 1670729896651932 205.0625 -71.0 2.6323110320117604 7 
0003 0014 5 1670729896653940 -83.0 -67.5 2.6384469551633027 7 
0003 0004 6 1670729896686571 19.5 -57.0 2.9759227284981438 7 
0003 0009 6 1670729896705374 90.3125 -66.0 2.6998061866787286 7 
0003 0002 6 1670729896708559 58.5625 -65.0 3.80427235395639 7 
0003 0003 6 1670729896710738 -107.375 -72.0 4.700117134081604 7 
0003 0012 6 1670729896720648 -68.3125 -70.5 5.4671075280244255 7 
0003 0001 6 1670729896721964 -73.1875 -70.5 1.662835174068035 7 
0003 0000 6 1670729896729099 -39.0 -74.0 1.748738098189631 7 
0003 0008 7 1670729896759465 -45.5625 -65.5 3.2213596545598464 7 
0003 0007 7 1670729896764030 78.0625 -68.0 2.6384469551633027 7 
0003 0004 7 1670729896789631 -100.875 -65.0 5.43029198911517 7 
0003 0015 7 1670729896795611 -117.125 -68.5 5.841398840268521 7 
0003 0011 7 1670729896801757 192.0 -68.5 4.546719055293041 7 
0003 0014 7 1670729896804788 29.25 -61.0 0.8222137023067037 7 
0003 0014 1 1670729897157237 59.375 -68.0 4.387185053352934 7 
0003 0011 1 1670729897169709 175.75 -70.5 5.197126909356553 7 
0003 0011 2 1670729897265293 9.75 -66.5 4.528311285838413 7 
0003 0010 2 1670729897280005 126.9375 -70.0 2.1659808724945253 7 
0003 0013 2 1670729897285912 -87.875 -65.5 5.399612373357457 7 
0003 0003 2 1670729897289298 -27.625 -66.0 0.3436116964863836 7 
0003 0014 2 1670729897291148 -13.0 -64.0 1.5155730184310134 7 
0003 0013 3 1670729897381931 126.9375 -67.5 4.779884135051658 7 
0003 0015 4 1670729897469117 39.0 -64.5 1.1290098598838318 7 
0003 0014 4 1670729897470021 -16.25 -66.5 4.362641360746763 7 
0003 0013 4 1670729897487798 6.5 -69.5 3.3870295796514958 7 
0003 0005 5 1670729897548248 -211.5625 -68.0 5.700272607783043 7 
0003 0007 5 1670729897551858 -87.875 -67.5 1.9880391010997909 7 
0003 0002 6 1670729897621131 81.375 -72.5 6.258641614573416 7 
0003 0014 6 1670729897629645 -6.5 -64.5 5.835262917116979 7 
0003 0004 6 1670729897632674 -22.75 -66.5 0.23316507975861744 7 
0003 0012 6 1670729897637835 -61.8125 -63.5 4.362641360746763 7 
0003 0005 6 1670729897655269 55.3125 -73.0 1.718058482431918 7 
0003 0005 7 1670729897686568 -22.75 -67.5 6.154330920997192 7 
0003 0014 7 1670729897700962 162.75 -66.5 1.718058482431918 7 
0003 0010 7 1670729897711513 16.25 -61.5 4.743068596142402 7 
0003 0008 7 1670729897712459 9.75 -60.0 2.2580197197676637 7 
0003 0012 7 1670729897713680 16.25 -59.5 3.227495577711389 7 
0003 0009 7 1670729897741096 24.375 -60.0 1.9696313316451632 7 
0003 0011 7 1670729897742918 -188.75 -69.5 2.767301341345697 7 
0003 0015 8 1670729897792557 113.875 -69.5 0.9019807032767571 7 
0003 0015 1 1670729898106099 -9.75 -61.0 2.2089323345553233 7 
0003 0008 2 1670729898169306 78.0625 -68.0 2.5832236467994196 7 
0003 0005 2 1670729898182530 52.0625 -66.5 0.8467573949128739 7 
0003 0015 2 1670729898193793 -94.375 -70.0 6.007068765360171 7 
0003 0006 2 1670729898199330 41.5 -69.0 2.478912953223196 7 
0003 0005 3 1670729898280562 -61.8125 -65.5 0.9265243958829272 7 
0003 0006 3 1670729898291052 10.5625 -66.0 5.706408530934585 7 
0003 0014 3 1670729898300188 87.0625 -66.0 2.9575149590435164 7 
0003 0007 4 1670729898347038 169.25 -70.0 2.2886993355253766 7 
0003 0006 4 1670729898364375 69.125 -64.0 2.098485717827557 7 
0003 0014 4 1670729898375807 -65.875 -69.5 5.074408446325701 7 
0003 0005 4 1670729898383300 -52.0625 -67.5 6.0991076126333095 7 
0003 0014 5 1670729898441471 -81.375 -65.5 5.896622148632405 7 
0003 0007 5 1670729898448476 58.5625 -63.5 5.227806525114265 7 
0003 0012 5 1670729898469814 231.0625 -71.0 2.399145952253143 7 
0003 0014 6 1670729898508886 21.125 -61.0 5.553010452146021 7 
0003 0004 6 1670729898513887 -26.0 -66.5 0.380427235395639 7 
0003 0005 6 1670729898519373 42.3125 -67.0 0.37429131224409645 7 
0003 0012 6 1670729898520830 -71.5625 -68.5 5.264622064023521 7 
0003 0006 6 1670729898528354 -38.1875 -65.5 4.755340442445488 7 
0003 0008 7 1670729898586717 0.0 -58.0 1.7978254834019713 7 
0003 0015 7 1670729898589827 48.8125 -63.5 5.749359992995383 7 
0003 0013 7 1670729898595779 -120.4375 -68.0 2.4175537217077703 7 
0003 0007 7 1670729898597946 74.8125 -66.5 4.693981210930062 7 
0003 0011 7 1670729898598851 -22.75 -58.5 1.0615147052168636 7 
0003 0014 7 1670729898605054 69.125 -65.0 2.9513790358919736 7 
0003 0010 7 1670729898611232 -45.5625 -62.5 2.110757564130642 7 
0003 0009 7 1670729898613921 -17.0625 -53.5 0.25157284921324513 7 
0003 0012 7 1670729898620449 16.25 -59.5 3.08636934522591 7 
0003 0006 7 1670729898626142 48.8125 -60.5 1.2087768608538851 7 
0003 0004 7 1670729898651461 120.4375 -66.5 0.9633399347921826 7 
0003 0003 7 1670729898665953 107.375 -71.5 5.129631754689584 7 
0003 0000 7 1670729898666927 -13.0 -71.0 2.313243028131547 7 
0003 0011 8 1670729898703423 39.0 -64.0 0.521553467881118 7 
0003 0003 8 1670729898708401 73.1875 -71.0 5.019185137961818 7 
0003 0007 8 1670729898720707 48.8125 -64.0 2.012582793705961 7 
0003 0015 8 1670729898733752 48.8125 -67.5 1.932815792735908 7 
0003 0010 8 1670729898736117 104.125 -67.0 4.841243366567084 7 
0003 0015 1 1670729899010471 32.5 -59.5 0.48473792897186263 7 
0003 0009 1 1670729899013685 45.5625 -65.0 0.35588354278946877 7 
0003 0013 2 1670729899077596 -9.75 -64.0 0.607456392002714 7 
0003 0014 2 1670729899089049 100.875 -68.5 0.9572040116406401 7 
0003 0013 4 1670729899274062 0.0 -60.5 5.632777453116074 7 
0003 0004 4 1670729899277336 26.0 -62.5 2.018718716857504 7 
0003 0015 4 1670729899289069 9.75 -62.0 3.399301425954581 7 
0003 0006 5 1670729899357489 -17.0625 -70.5 3.650874275167826 7 
0003 0015 5 1670729899367791 -78.0625 -69.0 3.6386024288647407 7 
0003 0014 5 1670729899406587 -55.3125 -68.5 0.14726215563702155 7 
0003 0014 6 1670729899447278 29.25 -69.0 1.9757672547967058 7 
0003 0006 6 1670729899453275 48.8125 -63.0 6.12365130523948 7 
0003 0012 6 1670729899464101 214.8125 -73.0 1.8285050991596843 7 
0003 0003 7 1670729899506369 -13.8125 -59.0 4.988505522204105 7 
0003 0008 7 1670729899519576 -9.75 -62.0 1.0185632431560658 7 
0003 0015 7 1670729899524496 -26.0 -64.0 4.816699673960914 7 
0003 0004 7 1670729899533041 16.25 -64.0 2.5464081078901644 7 
0003 0011 7 1670729899535561 -29.25 -63.0 0.9633399347921826 7 
0003 0014 7 1670729899536523 -130.1875 -71.5 5.295301679781233 7 
0003 0007 7 1670729899544464 48.8125 -66.5 0.7976700097005334 7 
0003 0000 7 1670729899545610 68.3125 -68.5 0.8222137023067037 7 
0003 0010 7 1670729899548528 26.0 -61.5 2.423689644859313 7 
0003 0012 7 1670729899554265 -146.4375 -68.5 4.28287435977671 7 
0003 0006 7 1670729899560731 62.625 -66.5 0.2761165418194154 7 
0003 0005 7 1670729899562094 110.625 -71.5 3.3440781175906977 7 
0003 0010 8 1670729899599856 -42.3125 -68.5 4.859651136021712 7 
0003 0000 8 1670729899605856 123.6875 -72.0 3.3502140407422405 7 
0003 0007 8 1670729899606820 74.8125 -72.0 1.6137477888556946 7 
0003 0011 8 1670729899648106 61.8125 -70.5 4.534447208989955 7 
0003 0012 8 1670729899650820 -9.75 -66.0 2.7979809571034093 7 
0003 0007 1 1670729899907586 100.875 -70.5 3.9208548938356986 7 
0003 0005 2 1670729899976000 3.25 -69.5 4.166291819897402 7 
0003 0014 2 1670729899988402 218.0625 -70.5 4.448544284868359 7 
0003 0007 4 1670729900189276 55.3125 -66.0 1.8346410223112268 7 
0003 0014 4 1670729900198219 -52.0625 -70.0 1.0369710126106935 7 
0003 0007 5 1670729900248307 107.375 -69.5 1.7732817907958012 7 
0003 0014 5 1670729900258390 -169.25 -69.0 5.927301764390117 7 
0003 0006 6 1670729900321570 -38.1875 -67.5 3.509748042682347 7 
0003 0014 6 1670729900325102 79.75 -64.5 0.23930100291016002 7 
0003 0007 6 1670729900339348 52.0625 -68.0 0.5031456984264903 7 
0003 0005 6 1670729900340325 39.0 -69.5 0.7363107781851077 7 
0003 0015 7 1670729900391929 -9.75 -53.5 0.7179030087304801 7 
0003 0009 7 1670729900395209 -17.0625 -56.5 2.742757648739526 7 
0003 0010 7 1670729900404783 -26.0 -58.0 5.651185222570702 7 
0003 0008 7 1670729900417692 -52.0625 -59.0 4.76147636559703 7 
0003 0012 7 1670729900418911 -136.6875 -62.0 6.000932842208628 7 
0003 0006 7 1670729900420266 30.875 -66.0 0.30679615757712825 7 
0003 0011 7 1670729900421653 -3.25 -62.5 4.71238898038469 7 
0003 0014 7 1670729900424740 191.1875 -68.0 4.037437433715008 7 
0003 0007 7 1670729900431119 -32.5 -64.5 3.9208548938356986 7 
0003 0009 8 1670729900488919 -69.125 -65.0 5.473243451175968 7 
0003 0012 8 1670729900507539 22.75 -64.5 4.289010282928253 7 
0003 0007 8 1670729900517906 13.0 -71.5 5.663457068873787 7 
0003 0008 8 1670729900519406 -17.0625 -62.0 2.043262409463674 7 
0003 0006 8 1670729900532536 -38.1875 -66.0 4.166291819897402 7 
0003 0013 8 1670729900544700 68.3125 -73.5 5.049864753719531 7 
0003 0011 8 1670729900546048 -123.6875 -74.0 4.902602598082509 7 
0003 0015 2 1670729900857478 39.0 -64.5 4.540583132141498 7 
0003 0004 4 1670729901062500 29.25 -71.0 2.2518837966161214 7 
0003 0004 5 1670729901139668 139.9375 -70.5 3.2090878082567613 7 
0003 0013 6 1670729901186071 16.25 -68.5 5.019185137961818 7 
0003 0008 1 1670730369786933 -13.0 -62.0 5.792311455056181 7 
0003 0007 1 1670730369798582 -9.75 -69.5 4.448544284868359 7 
0003 0015 1 1670730369805880 -9.75 -61.0 6.037748381117884 7 
0003 0012 1 1670730369806819 -19.5 -62.5 4.1172044346850605 7 
0003 0011 1 1670730369829361 19.5 -65.5 2.2027964114037806 7 
0003 0013 1 1670730369830897 61.8125 -68.5 1.2578642460662257 7 
0003 0014 1 1670730369832353 -94.375 -67.0 4.822835597112456 7 
0003 0003 1 1670730369855787 10.5625 -69.5 1.2701360923693108 7 
0003 0010 2 1670730369920628 84.625 -63.5 3.184544115650591 7 
0003 0005 2 1670730369922528 -68.3125 -64.0 2.1598449493429825 7 
0003 0004 2 1670730369926042 -94.375 -63.0 5.098952138931871 7 
0003 0012 2 1670730369927700 -81.375 -62.5 3.5833791205008576 7 
0003 0014 2 1670730369933406 78.0625 -66.0 5.706408530934585 7 
0003 0011 2 1670730369944417 -16.25 -62.0 5.184855063053467 7 
0003 0007 2 1670730369954761 19.5 -61.0 3.153864499892878 7 
0003 0003 2 1670730369956022 -126.9375 -70.5 2.9391071895888885 7 
0003 0013 3 1670730370068710 -159.5 -67.5 3.6692820446224537 7 
0003 0013 4 1670730370123429 55.3125 -68.5 1.4173982480063325 7 
0003 0011 4 1670730370152967 -74.8125 -65.5 1.8714565612204823 7 
0003 0014 4 1670730370157125 61.8125 -64.0 6.019340611663256 7 
0003 0004 4 1670730370161612 48.8125 -70.0 0.2638446955163303 7 
0003 0014 6 1670730370302358 71.5625 -65.0 5.8659425328746915 7 
0003 0013 6 1670730370335649 -65.0625 -71.5 0.9510680884890975 7 
0003 0004 7 1670730370378707 -22.75 -62.5 3.56497135104623 7 
0003 0001 8 1670730370447406 17.0625 -64.0 0.42337869745643697 7 
0003 0006 8 1670730370459684 -27.625 -68.5 5.976389149602458 7 
0003 0011 8 1670730370465918 35.75 -64.5 2.945243112740431 7 
0003 0002 8 1670730370470452 74.8125 -68.0 6.264777537724958 7 
0003 0007 8 1670730370475042 -35.75 -61.5 3.767456815047135 7 
0003 0005 8 1670730370479310 -71.5625 -65.5 4.700117134081604 7 
0003 0000 8 1670730370480288 16.25 -65.5 4.031301510563465 7 
0003 0014 8 1670730370485009 -121.25 -70.0 2.1966604882522383 7 
0003 0004 8 1670730370491505 16.25 -68.0 0.2454369260617026 7 
0003 0011 1 1670730370706005 -3.25 -60.5 2.0923497946760143 7 
0003 0007 1 1670730370714258 -117.125 -66.0 4.424000592262189 7 
0003 0013 1 1670730370720746 74.8125 -68.5 4.534447208989955 7 
0003 0012 1 1670730370735498 26.0 -67.0 0.3374757733348411 7 
0003 0014 1 1670730370740772 -19.5 -68.0 3.485204350076177 7 
0003 0003 1 1670730370750198 -7.3125 -65.0 3.9085830475326135 7 
0003 0005 1 1670730370770200 9.75 -61.5 0.02454369260617026 7 
0003 0009 1 1670730370772976 30.875 -66.0 1.5278448647340985 7 
0003 0010 1 1670730370775086 29.25 -61.0 2.1659808724945253 7 
0003 0000 2 1670730370809562 -68.3125 -68.5 4.4976316700806995 7 
0003 0010 2 1670730370814057 -3.25 -58.0 4.135612204139688 7 
0003 0014 2 1670730370819046 -17.0625 -64.0 2.227340104009951 7 
0003 0013 2 1670730370824401 -87.875 -65.0 2.718213956133356 7 
0003 0008 2 1670730370828426 13.0 -65.5 4.01902966426038 7 
0003 0012 2 1670730370832220 9.75 -63.0 4.0987966652304335 7 
0003 0015 2 1670730370834334 29.25 -65.0 5.884350302329319 7 
0003 0003 2 1670730370845187 -100.875 -61.0 1.5033011721279284 7 
0003 0007 2 1670730370848239 0.0 -59.5 5.602097837358362 7 
0003 0011 2 1670730370849473 -9.75 -62.0 0.030679615757712823 7 
0003 0006 2 1670730370850336 76.4375 -64.5 2.3623304133438876 7 
0003 0005 3 1670730370961537 100.875 -67.0 3.2704470397721868 7 
0003 0005 4 1670730371028065 -22.75 -65.0 3.2949907323783574 7 
0003 0015 4 1670730371064801 -22.75 -71.5 5.546874528994478 7 
0003 0006 6 1670730371205572 -30.875 -68.0 4.97623367590102 7 
0003 0005 6 1670730371209138 45.5625 -67.5 0.1227184630308513 7 
0003 0005 7 1670730371329502 -104.125 -65.5 6.270913460876501 7 
0003 0006 7 1670730371359876 -30.875 -70.0 2.742757648739526 7 
0003 0014 8 1670730371385975 26.0 -65.0 1.2333205534600555 7 
0003 0002 8 1670730371394418 -19.5 -72.5 2.6323110320117604 7 
0003 0007 8 1670730371411552 -29.25 -61.5 2.411417798556228 7 
0003 0001 8 1670730371416147 -97.625 -70.5 5.098952138931871 7 
0003 0012 8 1670730371430978 16.25 -67.5 3.031146036862027 7 
0003 0007 1 1670730371657124 -6.5 -66.0 6.19728238305799 7 
0003 0008 1 1670730371658028 -10.5625 -63.5 0.04295146206079795 7 
0003 0011 1 1670730371687511 -35.75 -62.0 2.564815877344792 7 
0003 0014 1 1670730371688951 -59.375 -63.5 4.1172044346850605 7 
0003 0012 1 1670730371696353 42.3125 -70.0 0.30679615757712825 7 
0003 0013 1 1670730371701593 9.75 -54.5 0.5154175447295755 7 
0003 0009 1 1670730371711438 9.75 -67.0 4.651029748869264 7 
0003 0015 1 1670730371718932 52.0625 -64.5 6.105243535784852 7 
0003 0001 1 1670730371730516 142.375 -71.0 1.6996507129772904 7 
0003 0015 2 1670730371759727 42.3125 -63.0 4.2031073588066565 7 
0003 0012 2 1670730371767559 -84.625 -67.5 5.166447293598839 7 
0003 0004 2 1670730371769991 13.0 -59.5 4.503767593232243 7 
0003 0007 2 1670730371776042 19.5 -55.0 4.957825906446392 7 
0003 0013 2 1670730371777250 16.25 -61.0 0.5460971604872883 7 
0003 0003 2 1670730371781310 38.1875 -63.0 3.2581751934691017 7 
0003 0008 2 1670730371787343 -42.3125 -62.5 2.6261751088602177 7 
0003 0002 2 1670730371795657 -149.6875 -67.0 0.2270291566070749 7 
0003 0010 2 1670730371796974 13.0 -61.5 1.3989904785517047 7 
0003 0011 2 1670730371803041 -61.8125 -64.0 3.2459033471660166 7 
0003 0006 2 1670730371805206 -62.625 -62.0 0.1595340019401067 7 
0003 0000 2 1670730371808675 -39.0 -67.0 3.3379421944391554 7 
0003 0009 2 1670730371816785 13.8125 -62.5 1.2701360923693108 7 
0003 0014 3 1670730371868107 45.5625 -69.0 2.60776733940559 7 
0003 0004 4 1670730371976728 -22.75 -71.0 2.282563412373834 7 
0003 0004 6 1670730372124384 133.4375 -73.0 4.356505437595221 7 
0003 0004 7 1670730372215495 -110.625 -69.5 6.117515382087937 7 
0003 0014 7 1670730372218955 -52.0625 -69.5 5.381204603902829 7 
0003 0014 8 1670730372274171 -9.75 -69.0 0.35588354278946877 7 
0003 0015 8 1670730372275123 29.25 -66.0 5.3198453723874035 7 
0003 0013 8 1670730372288548 -29.25 -61.0 3.847223816017188 7 
0003 0006 8 1670730372291131 34.9375 -61.5 3.9147189706841563 7 
0003 0004 8 1670730372293030 35.75 -65.0 4.049709280018092 7 
0003 0005 1 1670730372522316 188.75 -68.5 1.0062913968529805 7 
0003 0003 1 1670730372524448 -13.8125 -54.5 5.240078371417351 7 
0003 0010 1 1670730372527228 78.0625 -66.0 0.3190680038802134 7 
0003 0012 1 1670730372531332 -13.0 -64.0 4.516039439535327 7 
0003 0008 1 1670730372533545 -3.25 -57.5 4.374913207049849 7 
0003 0001 1 1670730372538208 3.25 -69.0 6.080699843178682 7 
0003 0009 1 1670730372542495 -83.0 -65.0 1.6382914814618648 7 
0003 0013 1 1670730372554920 0.0 -60.5 3.2765829629237295 7 
0003 0006 1 1670730372557721 -52.0625 -70.5 4.460816131171445 7 
0003 0011 1 1670730372560904 -42.3125 -63.0 3.9944859716542096 7 
0003 0004 1 1670730372583243 -68.3125 -68.0 2.988194574801229 7 
0003 0014 2 1670730372629835 -42.3125 -60.0 1.8407769454627694 7 
0003 0006 2 1670730372632241 -27.625 -67.0 6.086835766330224 7 
0003 0005 2 1670730372650348 -9.75 -54.0 5.620505606812989 7 
0003 0003 2 1670730372653434 -21.125 -43.5 5.049864753719531 7 
0003 0010 2 1670730372660292 -13.0 -55.5 3.2949907323783574 7 
0003 0013 2 1670730372667175 -16.25 -66.5 1.8775924843720249 7 
0003 0004 2 1670730372668183 52.0625 -60.0 5.049864753719531 7 
0003 0009 2 1670730372670984 -7.3125 -63.5 2.742757648739526 7 
0003 0002 2 1670730372674100 -42.3125 -69.5 2.2641556429192065 7 
0003 0001 2 1670730372676463 -170.0625 -65.5 3.067961575771282 7 
0003 0007 2 1670730372677467 -6.5 -53.5 2.4175537217077703 7 
0003 0008 2 1670730372679732 -55.3125 -63.5 5.497787143782138 7 
0003 0011 2 1670730372682902 3.25 -59.0 0.03681553890925539 7 
0003 0000 2 1670730372684321 58.5625 -61.5 1.5585244804918115 7 
0003 0015 2 1670730372685749 6.5 -63.0 3.3379421944391554 7 
0003 0008 3 1670730372740889 -16.25 -62.5 3.6386024288647407 7 
0003 0014 3 1670730372770792 17.0625 -66.0 5.853670686571607 7 
0003 0012 3 1670730372786304 185.5 -68.5 0.12885438618239387 7 
0003 0014 4 1670730372844332 -24.375 -65.0 3.890175278077986 7 
0003 0015 4 1670730372864168 -91.125 -72.0 3.9208548938356986 7 
0003 0007 7 1670730373114408 3.25 -69.5 0.15339807878856412 7 
0003 0014 8 1670730373178030 0.0 -63.0 3.877903431774901 7 
0003 0005 8 1670730373191332 -175.75 -71.0 2.724349879284899 7 
0003 0012 8 1670730373196935 -26.0 -67.0 3.11091303783208 7 
0003 0001 1 1670730373438308 13.0 -67.0 1.2333205534600555 7 
0003 0007 1 1670730373441496 22.75 -58.0 6.215690152512618 7 
0003 0000 1 1670730373442432 35.75 -70.0 4.381049130201391 7 
0003 0009 1 1670730373445791 3.25 -57.5 5.749359992995383 7 
0003 0008 1 1670730373447753 0.0 -53.0 2.5893595699509624 7 
0003 0012 1 1670730373459422 87.875 -68.0 3.9208548938356986 7 
0003 0004 1 1670730373462975 -32.5 -60.5 0.9817477042468103 7 
0003 0011 1 1670730373463966 45.5625 -60.0 1.859184714917397 7 
0003 0013 1 1670730373471202 -78.0625 -70.0 2.859340188618835 7 
0003 0006 1 1670730373474937 -30.875 -63.5 0.3436116964863836 7 
0003 0015 1 1670730373480941 -42.3125 -62.5 5.344389064993574 7 
0003 0003 1 1670730373485708 -62.625 -72.0 1.325359400733194 7 
0003 0003 2 1670730373542975 -71.5625 -60.0 5.2768939103266055 7 
0003 0000 2 1670730373545611 13.0 -56.5 5.160311370447297 7 
0003 0001 2 1670730373546543 55.3125 -58.5 2.5893595699509624 7 
0003 0008 2 1670730373555953 48.8125 -58.0 2.012582793705961 7 
0003 0002 2 1670730373557153 -9.75 -55.0 4.000621894805752 7 
0003 0011 2 1670730373563835 -9.75 -60.0 1.8775924843720249 7 
0003 0010 2 1670730373565935 22.75 -61.0 5.325981295538946 7 
0003 0005 2 1670730373576896 9.75 -58.5 0.6994952392758523 7 
0003 0013 2 1670730373578104 -6.5 -65.0 0.05522330836388308 7 
0003 0004 2 1670730373580567 13.0 -56.0 0.5399612373357456 7 
0003 0007 2 1670730373584580 48.8125 -54.0 2.1230294104337273 7 
0003 0009 2 1670730373585611 19.5 -63.5 4.663301595172349 7 
0003 0006 2 1670730373588664 7.3125 -62.5 2.055534255766759 7 
0003 0015 3 1670730373643889 68.3125 -70.0 5.608233760509904 7 
0003 0013 3 1670730373674543 -159.5 -66.5 2.705942109830271 7 
0003 0013 4 1670730373755970 3.25 -65.5 4.632621979414636 7 
0003 0015 4 1670730373798394 48.8125 -69.5 2.313243028131547 7 
0003 0004 6 1670730373944664 -16.25 -68.5 3.7551849687440497 7 
0003 0006 7 1670730373995009 -24.375 -68.5 1.1167380135807468 7 
0003 0014 8 1670730374095094 55.3125 -65.0 1.7916895602504288 7 
0003 0010 1 1670730374348537 -22.75 -59.5 1.761009944492716 7 
0003 0011 1 1670730374355988 3.25 -53.0 1.4910293258248433 7 
0003 0003 1 1670730374359994 -3.25 -54.0 0.8774370106705868 7 
0003 0007 1 1670730374362485 3.25 -58.5 4.657165672020807 7 
0003 0009 1 1670730374371466 -17.0625 -59.5 5.890486225480862 7 
0003 0008 1 1670730374372684 -26.0 -56.0 5.418020142812084 7 
0003 0005 1 1670730374375318 9.75 -60.0 4.638757902566179 7 
0003 0013 1 1670730374381346 22.75 -67.0 4.074252972624263 7 
0003 0012 1 1670730374394681 -74.8125 -65.0 5.098952138931871 7 
0003 0001 1 1670730374396363 24.375 -57.5 0.4970097752749477 7 
0003 0000 1 1670730374400246 35.75 -65.0 2.718213956133356 7 
0003 0004 1 1670730374403074 13.0 -57.0 4.0987966652304335 7 
0003 0014 1 1670730374405100 -48.8125 -62.0 2.9759227284981438 7 
0003 0001 2 1670730374448213 -3.25 -54.0 5.019185137961818 7 
0003 0010 2 1670730374451206 26.0 -57.0 4.540583132141498 7 
0003 0000 2 1670730374452365 13.0 -50.0 0.9387962421860124 7 
0003 0007 2 1670730374456014 -55.3125 -59.0 1.9634954084936207 7 
0003 0004 2 1670730374463281 48.8125 -68.5 5.418020142812084 7 
0003 0014 2 1670730374464468 -6.5 -60.5 5.45483568172134 7 
0003 0002 2 1670730374468631 -6.5 -62.5 3.129320807286708 7 
0003 0008 2 1670730374471307 -45.5625 -64.0 0.4970097752749477 7 
0003 0003 2 1670730374472506 -21.125 -53.0 2.9513790358919736 7 
0003 0006 2 1670730374476801 52.0625 -59.5 5.749359992995383 7 
0003 0005 2 1670730374482208 -13.0 -60.5 6.258641614573416 7 
0003 0009 2 1670730374485444 -29.25 -64.0 0.7363107781851077 7 
0003 0012 2 1670730374490949 146.4375 -70.0 0.2945243112740431 7 
0003 0011 2 1670730374494258 6.5 -66.5 5.264622064023521 7 
0003 0013 3 1670730374552142 104.125 -63.5 0.3374757733348411 7 
0003 0015 3 1670730374561466 -97.625 -64.0 5.712544454086128 7 
0003 0012 3 1670730374562405 -152.9375 -70.0 0.1349903093339364 7 
0003 0015 4 1670730374654004 0.0 -65.5 5.970253226450915 7 
0003 0014 4 1670730374660500 -6.5 -70.0 4.724660826687775 7 
