0000 0005 1 1670730385831753 104.125 -64.5 3.147728576741336 11 
0000 0015 1 1670730385850958 -48.8125 -65.5 4.914874444385594 11 
0000 0013 1 1670730385866550 68.3125 -64.0 0.05522330836388308 11 
0000 0009 1 1670730385876189 97.625 -68.5 5.835262917116979 11 
0000 0006 1 1670730385878924 -81.375 -68.5 2.8777479580734626 11 
0000 0012 1 1670730385885521 -6.5 -64.5 3.7429131224409646 11 
0000 0010 1 1670730385892880 -87.875 -66.0 3.5711072741977725 11 
0000 0014 1 1670730385905265 -29.25 -69.0 3.859495662320273 11 
0000 0012 2 1670730385960974 13.0 -65.0 3.08636934522591 11 
0000 0014 2 1670730385985137 32.5 -67.5 1.1903690913992575 11 
0000 0005 2 1670730385994378 22.75 -65.5 2.5157284921324514 11 
0000 0010 2 1670730385998918 61.8125 -69.0 0.1043106935762236 11 
0000 0006 2 1670730386031057 185.5 -69.0 2.9759227284981438 11 
0000 0015 3 1670730386079634 65.0625 -69.0 0.30066023442558565 11 
0000 0009 3 1670730386088504 -253.875 -67.5 4.28287435977671 11 
0000 0005 3 1670730386093173 -117.125 -66.5 5.786175531904639 11 
0000 0010 3 1670730386094110 -286.4375 -69.0 0.07363107781851078 11 
0000 0006 3 1670730386112817 -107.375 -69.5 0.34974761963792617 11 
0000 0007 4 1670730386159295 -91.125 -73.0 0.1043106935762236 11 
0000 0000 4 1670730386162323 -62.625 -70.0 5.583690067903734 11 
0000 0005 4 1670730386163258 35.75 -64.5 2.1905245651006955 11 
0000 0015 4 1670730386170258 61.8125 -69.5 1.1474176293384597 11 
0000 0011 4 1670730386187564 45.5625 -66.0 6.043884304269426 11 
0000 0009 4 1670730386190733 93.5625 -72.5 0.9633399347921826 11 
0000 0010 4 1670730386204363 -65.0625 -69.5 5.154175447295755 11 
0000 0015 5 1670730386241328 87.875 -69.5 0.5583690067903734 11 
0000 0012 5 1670730386247209 231.0625 -70.5 5.71868037723767 11 
0000 0011 5 1670730386254168 -13.0 -65.0 4.81056375080937 11 
0000 0005 5 1670730386257259 -19.5 -67.5 2.3071071049800045 11 
0000 0007 5 1670730386273273 -81.375 -69.0 0.521553467881118 11 
0000 0014 6 1670730386357439 68.3125 -67.5 1.4848934026733007 11 
0000 0005 6 1670730386361803 -29.25 -62.5 5.780039608753096 11 
0000 0015 6 1670730386364455 110.625 -71.5 1.4848934026733007 11 
0000 0007 6 1670730386366780 -97.625 -65.5 3.988350048502667 11 
0000 0011 6 1670730386376960 16.25 -61.0 3.393165502803038 11 
0000 0008 6 1670730386388539 6.5 -65.0 4.301282129231338 11 
0000 0014 7 1670730386427049 -22.75 -59.5 1.3560390164909069 11 
0000 0010 7 1670730386434182 32.5 -63.5 6.025476534814799 11 
0000 0004 7 1670730386435131 -16.25 -55.5 3.3072625786814425 11 
0000 0006 7 1670730386439469 26.0 -61.0 0.9817477042468103 11 
0000 0015 7 1670730386452415 32.5 -69.0 5.9518454569962875 11 
0000 0012 7 1670730386453345 3.25 -55.5 5.209398755659637 11 
0000 0013 7 1670730386458939 42.3125 -68.5 0.607456392002714 11 
0000 0012 8 1670730386506713 -35.75 -63.5 4.95168998329485 11 
0000 0014 8 1670730386512262 22.75 -61.5 0.5460971604872883 11 
0000 0004 8 1670730386530659 -29.25 -63.5 6.007068765360171 11 
0000 0006 8 1670730386537353 -48.8125 -64.5 4.049709280018092 11 
0000 0010 8 1670730386538332 -182.25 -70.5 4.97623367590102 11 
0000 0011 1 1670730386769759 6.5 -60.5 1.902136176978195 11 
0000 0015 1 1670730386783771 3.25 -68.5 5.939573610693203 11 
0000 0009 1 1670730386811197 24.375 -63.0 5.0682725231741586 11 
0000 0013 1 1670730386812147 -224.5625 -69.0 0.09817477042468103 11 
0000 0006 2 1670730386871592 0.0 -64.5 3.3379421944391554 11 
0000 0004 2 1670730386904502 -113.875 -69.0 6.277049384028044 11 
0000 0011 2 1670730386927518 -42.3125 -70.5 1.7426021750380885 11 
0000 0009 2 1670730386936687 211.5625 -69.5 1.1780972450961724 11 
0000 0008 3 1670730386999430 -188.75 -68.0 6.154330920997192 11 
0000 0013 3 1670730387014824 -65.0625 -66.5 2.1782527187976104 11 
0000 0015 3 1670730387026898 -42.3125 -69.5 0.7485826244881929 11 
0000 0013 4 1670730387088038 -65.0625 -66.5 3.9147189706841563 11 
0000 0005 4 1670730387089210 -38.1875 -69.5 4.184699589352029 11 
0000 0012 4 1670730387102695 -3.25 -69.5 2.3009711818284617 11 
0000 0015 4 1670730387113412 6.5 -71.5 2.9268353432858034 11 
0000 0014 4 1670730387120541 -159.5 -72.5 3.0066023442558567 11 
0000 0005 5 1670730387167817 -19.5 -59.0 2.2457478734645786 11 
0000 0015 5 1670730387170368 19.5 -68.0 3.06182565261974 11 
0000 0011 5 1670730387178123 -221.3125 -69.5 2.773437264497239 11 
0000 0014 6 1670730387229451 120.4375 -69.5 1.736466251886546 11 
0000 0012 6 1670730387244804 55.3125 -67.0 0.7792622402459057 11 
0000 0007 7 1670730387305928 -250.625 -68.0 0.30679615757712825 11 
0000 0006 7 1670730387309768 26.0 -66.5 2.3623304133438876 11 
0000 0009 7 1670730387316756 58.5625 -67.5 0.8467573949128739 11 
0000 0004 7 1670730387320225 3.25 -53.5 3.6263305825616556 11 
0000 0015 7 1670730387321217 35.75 -65.0 5.448699758569798 11 
0000 0010 7 1670730387323733 52.0625 -63.5 0.14726215563702155 11 
0000 0012 7 1670730387324678 -48.8125 -59.0 4.289010282928253 11 
0000 0014 7 1670730387334170 -22.75 -64.0 1.5033011721279284 11 
0000 0006 8 1670730387399386 16.25 -59.0 5.295301679781233 11 
0000 0014 8 1670730387415090 -19.5 -59.5 6.252505691421874 11 
0000 0010 8 1670730387422502 58.5625 -66.5 4.76147636559703 11 
0000 0007 8 1670730387425621 -65.0625 -65.5 4.0987966652304335 11 
0000 0004 8 1670730387429134 -6.5 -64.0 0.2699806186678728 11 
0000 0012 8 1670730387435246 9.75 -60.0 4.681709364626977 11 
0000 0012 1 1670730387659690 -107.375 -61.5 5.056000676871073 11 
0000 0009 1 1670730387665741 45.5625 -67.5 6.12365130523948 11 
0000 0014 1 1670730387671537 -71.5625 -70.5 3.9392626632903265 11 
0000 0013 1 1670730387672496 -9.75 -65.5 1.380582709097077 11 
0000 0015 1 1670730387681721 22.75 -68.0 0.3620194659410113 11 
0000 0006 1 1670730387692239 16.25 -62.5 1.4787574795217582 11 
0000 0011 1 1670730387703635 0.0 -64.5 1.5892040962495242 11 
0000 0005 1 1670730387706937 6.5 -65.5 0.7915340865489908 11 
0000 0006 2 1670730387779088 -16.25 -63.5 4.166291819897402 11 
0000 0012 2 1670730387784854 -48.8125 -66.5 5.792311455056181 11 
0000 0004 2 1670730387807957 22.75 -66.5 5.270757987175063 11 
0000 0015 3 1670730387872511 26.0 -69.5 0.8406214717613314 11 
0000 0013 3 1670730387880072 -3.25 -68.0 1.8346410223112268 11 
0000 0009 3 1670730387911721 -177.375 -67.5 5.056000676871073 11 
0000 0015 4 1670730387972055 149.6875 -69.5 3.2459033471660166 11 
0000 0014 4 1670730387980246 45.5625 -70.0 1.2210487071569704 11 
0000 0005 4 1670730387982355 -26.0 -65.0 2.804116880254952 11 
0000 0013 4 1670730387995363 -48.8125 -68.0 5.074408446325701 11 
0000 0007 4 1670730388009141 -107.375 -68.0 5.184855063053467 11 
0000 0011 4 1670730388019573 -26.0 -70.5 4.896466674930966 11 
0000 0005 5 1670730388063802 -26.0 -62.0 4.295146206079795 11 
0000 0011 5 1670730388066468 -13.0 -64.0 2.9206994201342606 11 
0000 0007 5 1670730388071656 29.25 -63.5 2.9268353432858034 11 
0000 0009 5 1670730388076327 -145.625 -66.5 3.1906800388021335 11 
0000 0015 5 1670730388079624 -65.0625 -66.0 3.9147189706841563 11 
0000 0011 6 1670730388146552 16.25 -67.5 2.3316507975861747 11 
0000 0009 6 1670730388158845 27.625 -68.5 2.2886993355253766 11 
0000 0007 6 1670730388161520 3.25 -59.5 5.0253210611133605 11 
0000 0004 6 1670730388167567 -68.3125 -66.5 2.988194574801229 11 
0000 0005 6 1670730388171073 6.5 -65.0 3.6754179677739964 11 
0000 0015 6 1670730388177880 13.0 -73.0 5.700272607783043 11 
0000 0004 7 1670730388225654 0.0 -54.0 2.4727770300716534 11 
0000 0007 7 1670730388230006 81.375 -65.0 0.5092816215780329 11 
0000 0010 7 1670730388233461 -29.25 -59.5 4.7307967498393175 11 
0000 0005 7 1670730388238595 93.5625 -64.5 5.442563835418255 11 
0000 0009 7 1670730388247040 65.875 -64.5 0.5092816215780329 11 
0000 0014 7 1670730388253520 -19.5 -60.5 1.6505633277649499 11 
0000 0004 8 1670730388296511 6.5 -56.5 5.252350217720435 11 
0000 0013 8 1670730388305170 29.25 -70.5 3.497476196379262 11 
0000 0012 8 1670730388306854 83.0 -68.0 4.743068596142402 11 
0000 0014 8 1670730388315678 16.25 -59.5 6.19728238305799 11 
0000 0006 8 1670730388326373 3.25 -64.5 4.252194744018997 11 
0000 0005 1 1670730388578643 52.0625 -64.5 2.705942109830271 11 
0000 0009 1 1670730388594177 -97.625 -68.5 4.6878452877785195 11 
0000 0012 1 1670730388615907 -6.5 -65.5 6.117515382087937 11 
0000 0010 1 1670730388621962 -42.3125 -66.5 3.485204350076177 11 
0000 0015 1 1670730388627040 107.375 -67.5 1.2946797849754812 11 
0000 0014 2 1670730388686687 42.3125 -64.0 2.0371264863121317 11 
0000 0010 2 1670730388699165 97.625 -66.5 1.4910293258248433 11 
0000 0012 2 1670730388704762 35.75 -63.5 3.4054373491061236 11 
0000 0004 3 1670730388827833 130.1875 -67.5 3.4177091954092087 11 
0000 0012 4 1670730388925073 9.75 -67.0 1.8039614065535141 11 
0000 0015 4 1670730388927171 133.4375 -70.5 3.466796580621549 11 
0000 0010 4 1670730388931022 -3.25 -68.0 6.050020227420969 11 
0000 0014 4 1670730388962065 -52.0625 -66.5 4.528311285838413 11 
0000 0000 4 1670730388968471 152.9375 -72.5 1.0921943209745766 11 
0000 0007 5 1670730389013347 71.5625 -67.0 2.442097414313941 11 
0000 0005 5 1670730389014365 100.875 -65.5 4.9394181369917645 11 
0000 0012 5 1670730389015483 133.4375 -65.0 0.35588354278946877 11 
0000 0011 5 1670730389016635 84.625 -60.5 1.2517283229146832 11 
0000 0015 5 1670730389033999 -58.5625 -65.0 2.7550294950426117 11 
0000 0013 5 1670730389035046 110.625 -67.0 0.48473792897186263 11 
0000 0011 6 1670730389074202 0.0 -61.0 1.0676506283684062 11 
0000 0015 6 1670730389077108 -42.3125 -74.0 3.3502140407422405 11 
0000 0009 6 1670730389078039 -30.875 -63.5 5.565282298449106 11 
0000 0007 6 1670730389084020 -3.25 -61.5 3.479068426924634 11 
0000 0005 6 1670730389098010 -6.5 -65.0 1.9819031779482483 11 
0000 0006 6 1670730389100533 94.375 -69.5 1.3744467859455345 11 
0000 0004 6 1670730389103325 48.8125 -68.0 3.5833791205008576 11 
0000 0007 7 1670730389140058 6.5 -63.5 0.07363107781851078 11 
0000 0004 7 1670730389143361 3.25 -52.0 4.552854978444583 11 
0000 0015 7 1670730389148634 -3.25 -64.0 1.3130875544301088 11 
0000 0009 7 1670730389161426 71.5625 -69.5 0.03681553890925539 11 
0000 0010 7 1670730389168633 29.25 -62.0 2.9022916506796332 11 
0000 0014 7 1670730389171530 9.75 -54.0 5.553010452146021 11 
0000 0006 8 1670730389267363 6.5 -60.5 5.915029918087033 11 
0000 0004 8 1670730389272807 19.5 -61.5 5.93343768754166 11 
0000 0014 8 1670730389276689 -35.75 -65.0 4.104932588381976 11 
0000 0013 8 1670730389288487 97.625 -69.5 2.509592568980909 11 
0000 0011 8 1670730389289426 39.0 -72.0 0.1043106935762236 11 
0000 0010 8 1670730389291756 156.1875 -68.0 0.23316507975861744 11 
0000 0007 8 1670730389294548 -13.0 -69.5 2.6875343403756435 11 
0000 0009 1 1670730389520639 10.5625 -61.0 1.5401167110371838 11 
0000 0011 1 1670730389532342 -35.75 -67.0 2.5280003384355365 11 
0000 0012 1 1670730389560844 13.0 -65.5 5.780039608753096 11 
0000 0005 1 1670730389568967 10.5625 -64.5 3.1231848841351653 11 
0000 0010 1 1670730389572117 32.5 -70.0 2.8716120349219203 11 
0000 0015 1 1670730389573065 78.0625 -65.0 3.436116964863836 11 
0000 0009 2 1670730389624993 3.25 -68.5 5.945709533844745 11 
0000 0010 2 1670730389631898 -42.3125 -66.5 2.411417798556228 11 
0000 0012 2 1670730389637367 133.4375 -65.0 3.4054373491061236 11 
0000 0014 2 1670730389660234 39.0 -62.5 1.4787574795217582 11 
0000 0009 3 1670730389709071 -65.0625 -70.0 2.5770877236478773 11 
0000 0010 3 1670730389721115 156.1875 -68.0 1.6873788666742053 11 
0000 0005 3 1670730389727579 -9.75 -65.0 1.7671458676442586 11 
0000 0014 3 1670730389754946 -139.9375 -69.5 0.018407769454627694 11 
0000 0007 4 1670730389811617 -71.5625 -71.0 3.1968159619536762 11 
0000 0011 4 1670730389816615 -55.3125 -69.0 1.1965050145508 11 
0000 0008 4 1670730389826176 6.5 -70.0 6.013204688511713 11 
0000 0005 4 1670730389827405 26.0 -63.5 1.3437671701878218 11 
0000 0015 4 1670730389846361 172.5 -69.5 1.7732817907958012 11 
0000 0010 4 1670730389847323 22.75 -70.5 5.565282298449106 11 
0000 0000 4 1670730389848528 -58.5625 -71.0 0.8222137023067037 11 
0000 0012 4 1670730389856475 -19.5 -73.5 3.9944859716542096 11 
0000 0013 5 1670730389893309 65.0625 -68.5 5.755495916146925 11 
0000 0011 5 1670730389896444 -9.75 -67.0 5.184855063053467 11 
0000 0007 5 1670730389901304 -81.375 -64.5 2.736621725587984 11 
0000 0012 5 1670730389905594 -94.375 -63.5 5.473243451175968 11 
0000 0005 5 1670730389906841 -133.4375 -68.5 2.705942109830271 11 
0000 0015 5 1670730389909942 -35.75 -60.0 5.749359992995383 11 
0000 0005 6 1670730389957261 -42.3125 -62.5 3.8840393549264434 11 
0000 0007 6 1670730389958207 -3.25 -70.0 2.2027964114037806 11 
0000 0011 6 1670730389961374 -6.5 -59.5 1.7794177139473437 11 
0000 0014 6 1670730389986563 19.5 -69.5 1.2026409377023426 11 
0000 0015 6 1670730389987540 48.8125 -72.0 6.050020227420969 11 
0000 0009 6 1670730389988516 -59.375 -69.5 4.792155981354743 11 
0000 0006 7 1670730390030459 45.5625 -68.0 2.675262494072558 11 
0000 0004 7 1670730390031649 19.5 -54.0 4.828971520263998 11 
0000 0013 7 1670730390038711 3.25 -65.0 6.031612457966341 11 
0000 0012 7 1670730390043661 0.0 -51.5 5.700272607783043 11 
0000 0014 7 1670730390045109 -6.5 -61.0 2.012582793705961 11 
0000 0010 7 1670730390046203 16.25 -62.5 6.111379458936394 11 
0000 0006 8 1670730390104367 -42.3125 -65.0 4.411728745959104 11 
0000 0004 8 1670730390108668 -9.75 -55.5 5.448699758569798 11 
0000 0014 8 1670730390129458 48.8125 -59.0 1.0799224746714913 11 
0000 0015 8 1670730390130675 -45.5625 -72.5 0.14726215563702155 11 
0000 0013 8 1670730390131580 48.8125 -71.0 4.1601558967458585 11 
0000 0012 1 1670730390369401 -13.0 -67.0 6.2034183062095325 11 
0000 0013 1 1670730390391074 -16.25 -70.0 0.8467573949128739 11 
0000 0009 1 1670730390415273 69.125 -65.5 5.626641529964532 11 
0000 0011 1 1670730390427567 -52.0625 -64.5 3.0127382674073995 11 
0000 0015 1 1670730390433826 130.1875 -67.5 0.5767767762450011 11 
0000 0011 2 1670730390502145 9.75 -65.5 1.184233168247715 11 
0000 0015 2 1670730390504764 42.3125 -71.0 2.5893595699509624 11 
0000 0007 2 1670730390529434 -19.5 -64.5 4.264466590322082 11 
0000 0013 3 1670730390593612 45.5625 -68.0 2.0493983326152168 11 
0000 0015 3 1670730390632809 -224.5625 -70.0 0.4111068511533518 11 
0000 0009 4 1670730390690630 -83.0 -68.5 3.356349963893783 11 
0000 0010 4 1670730390700479 -42.3125 -63.5 5.546874528994478 11 
0000 0015 4 1670730390701683 205.0625 -69.5 2.9820586516496865 11 
0000 0005 4 1670730390725497 -93.5625 -71.0 5.6573211457222445 11 
0000 0012 4 1670730390732540 3.25 -70.5 2.429825568010856 11 
0000 0005 5 1670730390782414 -42.3125 -69.5 4.276738436625168 11 
0000 0007 5 1670730390787170 71.5625 -67.5 3.6263305825616556 11 
0000 0015 5 1670730390790471 32.5 -64.0 4.28287435977671 11 
0000 0012 5 1670730390795329 -3.25 -59.5 4.577398671050753 11 
0000 0011 6 1670730390846258 9.75 -61.0 1.1596894756415448 11 
0000 0005 6 1670730390854014 0.0 -63.0 3.2827188860752723 11 
0000 0012 6 1670730390856408 48.8125 -64.5 1.1780972450961724 11 
0000 0008 6 1670730390861066 214.8125 -68.0 0.8958447801252144 11 
0000 0009 6 1670730390862036 -3.25 -69.5 4.779884135051658 11 
0000 0006 6 1670730390874947 -3.25 -65.5 4.313553975534423 11 
0000 0015 6 1670730390881715 26.0 -68.5 3.3747577333484107 11 
