0006 0015 4 1670730434296965 -69.125 -70.0 4.614214209960009 8 
0006 0011 4 1670730434301897 32.5 -69.0 5.283029833478148 8 
0006 0003 5 1670730434390682 30.875 -67.5 4.9394181369917645 8 
0006 0015 5 1670730434394445 -191.1875 -68.5 3.847223816017188 8 
0006 0004 6 1670730434439752 68.3125 -70.5 5.994796919057086 8 
0006 0015 6 1670730434451948 -48.8125 -66.5 2.2764274892222915 8 
0006 0002 6 1670730434457751 -214.8125 -74.5 1.8653206380689396 8 
0006 0001 6 1670730434460480 -84.625 -75.0 6.227961998815704 8 
0006 0003 6 1670730434470492 -3.25 -67.5 3.8717675086233583 8 
0006 0014 7 1670730434523649 -35.75 -65.0 5.148039524144211 8 
0006 0005 7 1670730434529825 -16.25 -64.0 2.356194490192345 8 
0006 0008 7 1670730434530971 41.5 -69.0 2.6813984172241008 8 
0006 0003 7 1670730434532272 -17.0625 -65.5 3.9822141253511245 8 
0006 0005 8 1670730434579407 -52.0625 -70.0 2.675262494072558 8 
0006 0010 8 1670730434587595 55.3125 -72.5 3.129320807286708 8 
0006 0012 2 1670730434923304 6.5 -66.5 2.5770877236478773 8 
0006 0012 3 1670730435043711 78.0625 -72.0 2.705942109830271 8 
0006 0004 4 1670730435094879 16.25 -61.5 3.5772431973493153 8 
0006 0012 4 1670730435096316 -42.3125 -66.5 4.1417481272912315 8 
0006 0007 5 1670730435179888 13.0 -60.0 0.662679700366597 8 
0006 0004 6 1670730435246907 13.0 -58.5 2.1659808724945253 8 
0006 0007 6 1670730435249070 -29.25 -60.5 1.2455923997631406 8 
0006 0014 6 1670730435251912 -19.5 -61.0 4.878058905476339 8 
0006 0009 7 1670730435312566 35.75 -69.5 0.607456392002714 8 
0006 0014 7 1670730435316861 227.8125 -69.0 0.9081166264282996 8 
0006 0012 7 1670730435322417 84.625 -63.5 5.289165756629691 8 
0006 0004 7 1670730435330529 9.75 -69.0 6.209554229361076 8 
0006 0015 7 1670730435346819 -27.625 -67.0 0.4111068511533518 8 
0006 0002 7 1670730435347994 94.375 -68.0 2.8409324191642074 8 
0006 0012 8 1670730435380696 94.375 -68.5 2.442097414313941 8 
0006 0002 8 1670730435385482 -237.5625 -76.5 5.589825991055276 8 
0006 0011 8 1670730435388837 -3.25 -66.5 1.6198837120072371 8 
0006 0013 3 1670730435898900 -91.125 -69.0 4.76147636559703 8 
0006 0014 4 1670730435958709 -13.0 -62.5 5.442563835418255 8 
0006 0010 4 1670730435998393 107.375 -73.0 1.9757672547967058 8 
0006 0013 5 1670730436057970 -35.75 -67.0 4.104932588381976 8 
0006 0015 6 1670730436111180 48.8125 -69.0 3.761320891895592 8 
0006 0013 6 1670730436132804 -104.125 -69.5 1.7241944055834606 8 
0006 0014 7 1670730436193329 -19.5 -59.0 3.380893656499953 8 
0006 0010 7 1670730436203487 26.0 -63.0 4.970097752749477 8 
0006 0008 7 1670730436208945 -7.3125 -66.0 3.356349963893783 8 
0006 0003 7 1670730436218777 10.5625 -69.0 3.442252888015379 8 
0006 0005 7 1670730436232921 -143.1875 -71.0 3.399301425954581 8 
0006 0010 8 1670730436290100 26.0 -67.5 1.5892040962495242 8 
0006 0009 8 1670730436294769 130.1875 -74.5 5.117359908386499 8 
0006 0008 8 1670730436333711 -48.8125 -73.0 1.9941750242513334 8 
0006 0012 2 1670730436690301 3.25 -67.0 1.736466251886546 8 
0006 0012 4 1670730436869122 -29.25 -65.5 2.270291566070749 8 
0006 0014 5 1670730436935459 -87.875 -69.5 2.325514874434632 8 
0006 0007 5 1670730436940101 -17.0625 -68.5 5.368932757599744 8 
0006 0012 6 1670730437003052 -16.25 -64.0 0.07976700097005335 8 
0006 0002 7 1670730437067793 -9.75 -58.5 0.9081166264282996 8 
0006 0014 7 1670730437072654 19.5 -66.0 0.1718058482431918 8 
0006 0009 7 1670730437074370 19.5 -72.5 2.6998061866787286 8 
0006 0015 7 1670730437078681 10.5625 -60.5 4.301282129231338 8 
0006 0012 7 1670730437083231 -6.5 -60.0 1.0983302441261191 8 
0006 0000 7 1670730437095029 97.625 -71.5 2.098485717827557 8 
0006 0003 7 1670730437120197 -239.25 -73.0 4.73693267299086 8 
0006 0004 7 1670730437137546 152.9375 -70.0 0.9326603190344698 8 
0006 0010 8 1670730437182867 81.375 -69.0 0.9265243958829272 8 
0006 0008 8 1670730437184055 65.875 -70.5 2.386874105950058 8 
0006 0002 8 1670730437185501 182.25 -69.5 6.056156150572511 8 
0006 0014 8 1670730437190167 6.5 -66.0 3.988350048502667 8 
0006 0012 8 1670730437208402 61.8125 -71.5 0.018407769454627694 8 
0006 0004 8 1670730437226115 22.75 -73.0 1.8162332528565992 8 
0006 0013 2 1670730437545896 91.125 -66.5 4.1172044346850605 8 
0006 0014 2 1670730437582727 218.0625 -67.0 0.7301748550335652 8 
0006 0011 2 1670730437588079 -208.3125 -67.0 3.4913402732277192 8 
0006 0004 4 1670730437805115 16.25 -71.5 2.454369260617026 8 
0006 0014 5 1670730437846941 -19.5 -70.0 3.7551849687440497 8 
0006 0013 6 1670730437923731 -48.8125 -69.0 5.442563835418255 8 
0006 0014 6 1670730437931799 42.3125 -68.0 6.12365130523948 8 
0006 0003 7 1670730437989900 -24.375 -59.0 6.050020227420969 8 
0006 0008 7 1670730437991274 -117.9375 -63.5 5.301437602932776 8 
0006 0004 7 1670730437997917 -22.75 -64.5 1.4480778637640452 8 
0006 0013 7 1670730438005570 3.25 -63.5 2.6261751088602177 8 
0006 0011 7 1670730438011801 -55.3125 -67.0 4.4976316700806995 8 
0006 0014 7 1670730438014887 3.25 -63.0 6.264777537724958 8 
0006 0015 7 1670730438017435 -38.1875 -64.5 4.374913207049849 8 
0006 0010 7 1670730438018581 68.3125 -63.0 0.1227184630308513 8 
0006 0000 7 1670730438020960 13.0 -69.5 4.006757817957295 8 
0006 0009 7 1670730438033090 84.625 -68.5 1.9757672547967058 8 
0006 0009 8 1670730438085508 -35.75 -70.0 1.8285050991596843 8 
0006 0011 8 1670730438086470 68.3125 -67.5 4.632621979414636 8 
0006 0008 8 1670730438087403 -194.4375 -70.5 4.1417481272912315 8 
0006 0010 8 1670730438091731 -6.5 -64.0 3.552699504743145 8 
0006 0007 8 1670730438119115 0.0 -60.5 5.780039608753096 8 
0006 0012 8 1670730438123036 3.25 -69.5 5.853670686571607 8 
0006 0014 5 1670730438798429 19.5 -67.0 3.6263305825616556 8 
0006 0014 6 1670730438891592 -52.0625 -67.0 5.822991070813893 8 
