0001 0005 1 1670730455641298 -52.0625 -71.5 6.007068765360171 9 
0001 0007 3 1670730455844263 -104.125 -64.5 2.2518837966161214 9 
0001 0005 3 1670730455875004 120.4375 -70.5 1.7548740213411735 9 
0001 0015 4 1670730455916863 -6.5 -69.0 4.614214209960009 9 
0001 0005 4 1670730455922140 32.5 -59.5 1.8653206380689396 9 
0001 0004 4 1670730455943174 0.0 -53.5 0.6688156235181395 9 
0001 0009 4 1670730455944612 -29.25 -63.0 3.2827188860752723 9 
0001 0007 4 1670730455945532 6.5 -64.0 4.614214209960009 9 
0001 0003 4 1670730455949534 -133.4375 -72.0 0.06135923151542565 9 
0001 0011 4 1670730455965411 -52.0625 -69.5 1.859184714917397 9 
0001 0008 5 1670730455996832 13.0 -65.0 2.9145634969827183 9 
0001 0014 5 1670730456002854 48.8125 -61.0 0.19634954084936207 9 
0001 0009 5 1670730456004072 -13.0 -51.5 4.663301595172349 9 
0001 0007 5 1670730456007005 26.0 -60.0 0.662679700366597 9 
0001 0004 5 1670730456011181 -13.0 -54.0 2.9268353432858034 9 
0001 0005 5 1670730456014567 -55.3125 -69.0 2.399145952253143 9 
0001 0010 5 1670730456039041 55.3125 -70.5 5.780039608753096 9 
0001 0015 6 1670730456096185 -104.125 -70.5 3.172272269347506 9 
0001 0013 6 1670730456114548 0.0 -61.5 6.270913460876501 9 
0001 0005 6 1670730456123540 -45.5625 -72.5 2.521864415283994 9 
0001 0004 6 1670730456126341 -6.5 -61.5 3.227495577711389 9 
0001 0008 6 1670730456127276 -48.8125 -68.5 2.9329712664373457 9 
0001 0011 6 1670730456129088 55.3125 -64.5 1.184233168247715 9 
0001 0009 6 1670730456130336 -29.25 -70.5 4.767612288748572 9 
0001 0014 7 1670730456171659 -3.25 -68.0 3.153864499892878 9 
0001 0008 7 1670730456174107 107.375 -73.5 5.859806609723149 9 
0001 0015 3 1670730456757628 13.0 -65.0 1.4787574795217582 9 
0001 0007 4 1670730456839692 -29.25 -64.0 3.436116964863836 9 
0001 0013 4 1670730456844206 -100.875 -71.0 0.4172427743048944 9 
0001 0005 4 1670730456846302 -3.25 -61.5 0.9142525495798421 9 
0001 0015 4 1670730456848184 0.0 -64.5 2.3316507975861747 9 
0001 0004 4 1670730456864713 3.25 -61.0 0.7179030087304801 9 
0001 0014 4 1670730456869755 55.3125 -68.0 5.043728830567988 9 
0001 0009 4 1670730456876921 -52.0625 -69.5 2.380738182798515 9 
0001 0003 4 1670730456880128 58.5625 -68.5 1.5033011721279284 9 
0001 0006 5 1670730456910060 91.125 -65.0 2.2334760271614935 9 
0001 0014 5 1670730456916989 16.25 -60.0 1.0921943209745766 9 
0001 0004 5 1670730456920124 29.25 -56.0 0.9572040116406401 9 
0001 0010 5 1670730456923432 45.5625 -63.5 0.5031456984264903 9 
0001 0009 5 1670730456924909 -107.375 -61.5 6.086835766330224 9 
0001 0008 5 1670730456927990 -9.75 -63.0 1.7978254834019713 9 
0001 0007 5 1670730456931474 0.0 -63.0 5.006913291658733 9 
0001 0011 5 1670730456932978 71.5625 -68.5 1.1780972450961724 9 
0001 0013 5 1670730456936087 22.75 -65.0 0.0859029241215959 9 
0001 0010 6 1670730456988579 52.0625 -68.0 3.3440781175906977 9 
0001 0011 6 1670730456990249 -22.75 -67.5 0.4663301595172349 9 
0001 0009 6 1670730457001947 -55.3125 -61.5 0.4356505437595221 9 
0001 0004 6 1670730457006519 -13.0 -58.0 1.8775924843720249 9 
0001 0007 6 1670730457014165 3.25 -67.5 5.982525072754001 9 
0001 0003 6 1670730457019004 -94.375 -74.5 3.5036121195308043 9 
0001 0007 8 1670730457173452 -32.5 -68.5 2.478912953223196 9 
0001 0015 8 1670730457190334 26.0 -65.5 3.7981364308048478 9 
0001 0014 8 1670730457191314 -65.0625 -69.5 0.5706408530934585 9 
0001 0005 8 1670730457192248 -19.5 -68.5 5.8045833013592665 9 
0001 0015 1 1670730457464390 -126.9375 -68.5 3.822680123411018 9 
0001 0004 1 1670730457476677 16.25 -72.0 0.01227184630308513 9 
0001 0009 2 1670730457583598 -29.25 -64.0 5.098952138931871 9 
0001 0014 3 1670730457666267 16.25 -66.5 5.313709449235861 9 
0001 0005 3 1670730457692327 9.75 -61.5 3.4606606574700063 9 
0001 0007 3 1670730457694707 35.75 -68.5 5.688000761479957 9 
0001 0004 4 1670730457772363 3.25 -61.5 0.859029241215959 9 
0001 0014 4 1670730457783985 35.75 -62.5 5.712544454086128 9 
0001 0007 4 1670730457792249 -65.0625 -69.0 4.239922897715912 9 
0001 0012 4 1670730457795056 -32.5 -65.5 5.786175531904639 9 
0001 0005 5 1670730457836212 13.0 -61.0 4.773748211900116 9 
0001 0009 5 1670730457839910 -16.25 -63.0 1.8653206380689396 9 
0001 0014 5 1670730457841599 -117.125 -70.5 0.6688156235181395 9 
0001 0012 5 1670730457844986 -29.25 -59.5 5.178719139901925 9 
0001 0013 5 1670730457851958 130.1875 -71.5 1.2087768608538851 9 
0001 0007 5 1670730457854321 3.25 -59.0 0.5829126993965437 9 
0001 0015 5 1670730457855742 -74.8125 -62.0 6.062292073724054 9 
0001 0006 5 1670730457856903 -149.6875 -70.5 2.313243028131547 9 
0001 0008 5 1670730457861739 21.125 -61.5 3.8288160465625602 9 
0001 0011 5 1670730457863170 -13.0 -53.0 2.2764274892222915 9 
0001 0004 5 1670730457869946 -68.3125 -59.0 1.4787574795217582 9 
0001 0007 6 1670730457910176 -19.5 -68.0 0.6933593161243098 9 
0001 0004 6 1670730457914100 48.8125 -63.5 2.6261751088602177 9 
0001 0013 6 1670730457915871 26.0 -69.0 0.6320000846088841 9 
0001 0011 6 1670730457917963 39.0 -58.0 2.9329712664373457 9 
0001 0008 6 1670730457923254 3.25 -68.5 6.252505691421874 9 
0001 0015 6 1670730457934825 -16.25 -59.0 4.295146206079795 9 
0001 0010 6 1670730457938115 -52.0625 -71.5 4.09266074207889 9 
0001 0005 6 1670730457939303 3.25 -66.0 5.988660995905543 9 
0001 0015 7 1670730458008735 -3.25 -63.0 5.884350302329319 9 
0001 0011 7 1670730458016278 179.0 -71.0 4.76147636559703 9 
0001 0014 1 1670730458351487 -91.125 -65.5 4.411728745959104 9 
0001 0007 1 1670730458358263 -55.3125 -71.5 1.1780972450961724 9 
0001 0012 1 1670730458366075 117.125 -68.0 1.6382914814618648 9 
0001 0004 1 1670730458379504 3.25 -70.0 1.2333205534600555 9 
0001 0015 1 1670730458399389 55.3125 -67.5 3.767456815047135 9 
0001 0005 2 1670730458455748 -74.8125 -70.0 6.037748381117884 9 
0001 0007 3 1670730458555328 201.8125 -70.0 1.564660403643354 9 
0001 0007 4 1670730458667245 29.25 -70.0 5.252350217720435 9 
0001 0004 4 1670730458669905 -13.0 -58.5 4.031301510563465 9 
0001 0015 4 1670730458682531 -22.75 -64.5 4.853515212870168 9 
0001 0005 4 1670730458691758 -39.0 -69.5 3.1354567304382504 9 
0001 0014 4 1670730458695345 39.0 -65.0 0.7240389318820226 9 
0001 0002 4 1670730458711021 239.25 -73.5 3.313398501832985 9 
0001 0008 5 1670730458740130 30.875 -61.5 0.02454369260617026 9 
0001 0007 5 1670730458742552 -29.25 -59.5 0.7669903939428205 9 
0001 0010 5 1670730458746823 -7.3125 -62.0 3.227495577711389 9 
0001 0009 5 1670730458747732 35.75 -56.5 2.9391071895888885 9 
0001 0004 5 1670730458755146 -16.25 -54.0 4.945554060143307 9 
0001 0005 5 1670730458756126 -45.5625 -65.5 4.061981126321178 9 
0001 0013 5 1670730458760017 6.5 -66.0 4.608078286808466 9 
0001 0015 5 1670730458761211 42.3125 -63.0 1.4664856332186729 9 
0001 0006 5 1670730458762117 185.5 -68.0 5.64504929941916 9 
0001 0014 5 1670730458765766 29.25 -62.0 1.0983302441261191 9 
0001 0000 5 1670730458773473 -35.75 -73.0 5.283029833478148 9 
0001 0013 6 1670730458812561 -6.5 -56.5 3.000466421104314 9 
0001 0011 6 1670730458815007 -13.0 -58.5 2.6875343403756435 9 
0001 0007 6 1670730458819793 -9.75 -61.5 6.258641614573416 9 
0001 0009 6 1670730458822165 3.25 -63.0 1.1658253987930873 9 
0001 0010 6 1670730458825445 27.625 -62.5 1.2885438618239387 9 
0001 0014 6 1670730458827554 32.5 -63.0 0.7915340865489908 9 
0001 0006 6 1670730458829735 -22.75 -66.5 0.15339807878856412 9 
0001 0005 6 1670730458831704 3.25 -63.5 4.417864669110647 9 
0001 0004 6 1670730458834848 19.5 -59.5 0.14726215563702155 9 
0001 0003 6 1670730458849553 120.4375 -73.0 1.4787574795217582 9 
0001 0015 6 1670730458854419 -3.25 -64.0 5.522330836388308 9 
0001 0000 6 1670730458855993 16.25 -74.0 0.07976700097005335 9 
0001 0009 7 1670730458915292 45.5625 -68.0 0.7179030087304801 9 
0001 0013 1 1670730459274947 -3.25 -64.0 0.3988350048502667 9 
0001 0015 1 1670730459294185 13.0 -65.0 3.411573272257666 9 
0001 0013 2 1670730459392351 -182.25 -68.0 2.6016314162540475 9 
0001 0005 2 1670730459434918 32.5 -69.5 6.129787228391022 9 
0001 0015 4 1670730459605991 -22.75 -65.5 5.411884219660542 9 
0001 0004 4 1670730459627059 -68.3125 -69.0 3.0802334220743677 9 
0001 0013 4 1670730459638726 -19.5 -66.0 5.915029918087033 9 
0001 0007 5 1670730459689048 -26.0 -68.0 5.043728830567988 9 
0001 0008 5 1670730459690504 9.75 -63.5 6.209554229361076 9 
0001 0005 5 1670730459693681 -65.0625 -66.0 5.092816215780329 9 
0001 0014 5 1670730459697288 22.75 -57.5 2.82252464970958 9 
0001 0004 5 1670730459704643 -29.25 -49.5 5.325981295538946 9 
0001 0009 5 1670730459708015 -68.3125 -63.0 5.460971604872882 9 
0001 0010 5 1670730459711159 125.3125 -66.0 2.9697868053466014 9 
0001 0000 5 1670730459726792 -81.375 -71.5 1.5033011721279284 9 
0001 0012 6 1670730459763082 -29.25 -67.5 4.933282213840222 9 
0001 0005 6 1670730459764498 -107.375 -66.5 5.485515297479052 9 
0001 0010 6 1670730459766348 13.8125 -62.5 1.5585244804918115 9 
0001 0002 6 1670730459768513 7.3125 -72.0 2.1905245651006955 9 
0001 0004 6 1670730459772022 -9.75 -54.0 1.6566992509164924 9 
0001 0007 6 1670730459772962 16.25 -64.0 0.9326603190344698 9 
0001 0011 6 1670730459776322 22.75 -68.5 2.6384469551633027 9 
0001 0014 6 1670730459777583 -143.1875 -70.0 4.037437433715008 9 
0001 0008 6 1670730459782390 -22.75 -62.5 3.509748042682347 9 
0001 0003 6 1670730459786881 13.0 -68.5 4.301282129231338 9 
0001 0000 6 1670730459800691 -166.0 -75.0 3.160000423044421 9 
0001 0005 3 1670730460395664 48.8125 -68.0 0.28225246497095796 9 
0001 0005 4 1670730460481268 74.8125 -65.5 2.9206994201342606 9 
0001 0004 4 1670730460491324 29.25 -60.0 3.117048960983623 9 
0001 0002 4 1670730460522542 -149.6875 -76.5 2.718213956133356 9 
0001 0003 5 1670730460549932 35.75 -69.5 1.9757672547967058 9 
0001 0015 5 1670730460556332 -45.5625 -64.5 5.00077736850719 9 
0001 0014 5 1670730460560160 9.75 -65.0 3.454524734318464 9 
0001 0012 5 1670730460563678 22.75 -57.0 1.8960002538266525 9 
0001 0008 5 1670730460565771 6.5 -58.5 1.2517283229146832 9 
0001 0004 5 1670730460567429 6.5 -50.5 5.8475347634200645 9 
0001 0011 5 1670730460568392 3.25 -60.0 4.387185053352934 9 
0001 0000 5 1670730460569808 48.8125 -69.0 2.791845033951867 9 
0001 0005 5 1670730460571013 39.0 -62.5 5.841398840268521 9 
0001 0009 5 1670730460578478 3.25 -63.5 0.760854470791278 9 
