0000 0006 1 1670723995662715 22.75 -64.5 5.1725832167503825 0 
0000 0010 1 1670723995664841 32.5 -66.0 1.3928545554001621 0 
0000 0012 1 1670723995668389 6.5 -55.0 1.705786636128833 0 
0000 0011 1 1670723995670521 22.75 -66.0 4.890330751779424 0 
0000 0000 1 1670723995672943 -61.8125 -70.0 4.528311285838413 0 
0000 0005 1 1670723995674400 16.25 -55.5 1.2762720155208536 0 
0000 0004 1 1670723995676799 13.0 -62.0 4.522175362686871 0 
0000 0009 1 1670723995692074 55.3125 -67.5 2.8961557275280905 0 
0000 0003 1 1670723995697554 -305.9375 -71.0 2.4727770300716534 0 
0000 0013 1 1670723995701792 6.5 -58.0 5.019185137961818 0 
0000 0014 1 1670723995708205 22.75 -70.0 3.08636934522591 0 
0000 0007 1 1670723995711282 42.3125 -67.0 5.64504929941916 0 
0000 0001 1 1670723995724056 -185.5 -70.0 1.7916895602504288 0 
0000 0008 1 1670723995731804 -35.75 -70.5 3.785864584501762 0 
0000 0001 2 1670723995759695 182.25 -70.0 4.06811704947272 0 
0000 0007 2 1670723995761365 16.25 -58.0 1.8653206380689396 0 
0000 0014 2 1670723995762624 16.25 -62.5 6.1850105367549055 0 
0000 0004 2 1670723995766612 -22.75 -55.5 0.3313398501832985 0 
0000 0015 2 1670723995767518 16.25 -60.0 1.5033011721279284 0 
0000 0012 2 1670723995772856 -9.75 -56.0 3.1231848841351653 0 
0000 0005 2 1670723995775712 -16.25 -54.5 4.325825821837508 0 
0000 0010 2 1670723995776944 6.5 -58.5 3.6815538909255388 0 
0000 0013 2 1670723995778086 0.0 -56.5 2.8716120349219203 0 
0000 0000 2 1670723995785024 156.1875 -69.5 1.2885438618239387 0 
0000 0011 2 1670723995789993 -120.4375 -66.5 3.9269908169872414 0 
0000 0009 2 1670723995793139 48.8125 -67.5 4.749204519293945 0 
0000 0006 2 1670723995797628 81.375 -69.5 0.3374757733348411 0 
0000 0015 3 1670723995842302 -195.25 -65.5 5.651185222570702 0 
0000 0013 3 1670723995844681 39.0 -66.0 1.214912784005428 0 
0000 0013 4 1670723995944119 16.25 -62.5 5.166447293598839 0 
0000 0015 4 1670723995949574 61.8125 -72.0 3.8288160465625602 0 
0000 0005 4 1670723995995298 -22.75 -68.5 3.055689729468197 0 
0000 0005 5 1670723996057121 -6.5 -63.0 3.7429131224409646 0 
0000 0013 5 1670723996062877 6.5 -68.5 3.816544200259475 0 
0000 0005 6 1670723996120427 69.125 -72.0 0.36815538909255385 0 
0000 0006 6 1670723996141310 -13.0 -68.0 5.325981295538946 0 
0000 0014 7 1670723996219695 -19.5 -61.5 1.9819031779482483 0 
0000 0006 7 1670723996220647 -6.5 -59.5 5.436427912266712 0 
0000 0012 7 1670723996223693 -45.5625 -65.5 1.1044661672776617 0 
0000 0004 7 1670723996232748 13.0 -53.5 0.619728238305799 0 
0000 0015 7 1670723996242738 -68.3125 -66.0 4.135612204139688 0 
0000 0013 7 1670723996249720 -52.0625 -68.0 4.086524818927348 0 
0000 0004 8 1670723996295255 -9.75 -47.5 3.5772431973493153 0 
0000 0015 8 1670723996299470 61.8125 -71.5 3.4177091954092087 0 
0000 0014 8 1670723996303033 13.0 -59.5 0.2638446955163303 0 
0000 0006 8 1670723996305189 -3.25 -59.0 2.509592568980909 0 
0000 0013 8 1670723996306619 -22.75 -66.5 4.6448938257177215 0 
0000 0001 8 1670723996311878 13.0 -67.0 1.533980787885641 0 
0000 0010 1 1670723996537387 -48.8125 -65.5 1.3989904785517047 0 
0000 0009 1 1670723996542186 0.0 -67.5 2.7857091108003242 0 
0000 0011 1 1670723996545469 13.0 -66.5 4.933282213840222 0 
0000 0013 1 1670723996547347 6.5 -58.0 4.914874444385594 0 
0000 0003 1 1670723996550684 -55.3125 -70.0 2.2150682577068657 0 
0000 0012 1 1670723996560585 6.5 -56.0 1.6566992509164924 0 
0000 0007 1 1670723996567363 -78.0625 -64.5 5.915029918087033 0 
0000 0004 1 1670723996568794 32.5 -64.0 4.608078286808466 0 
0000 0005 1 1670723996571951 35.75 -57.0 1.282407938672396 0 
0000 0006 1 1670723996582599 3.25 -63.5 5.1725832167503825 0 
0000 0000 1 1670723996583549 107.375 -70.0 4.460816131171445 0 
0000 0014 1 1670723996589145 -143.1875 -67.5 2.8838838812250054 0 
0000 0001 1 1670723996599513 -6.5 -70.5 1.3008157081270237 0 
0000 0008 1 1670723996621751 -159.5 -72.5 3.724505352986337 0 
0000 0014 2 1670723996645935 9.75 -62.5 0.19634954084936207 0 
0000 0001 2 1670723996649418 120.4375 -69.0 4.25833066717054 0 
0000 0010 2 1670723996652954 -16.25 -59.5 3.847223816017188 0 
0000 0013 2 1670723996654397 29.25 -56.5 2.6691265709210157 0 
0000 0004 2 1670723996657497 -26.0 -55.5 0.32520392703175593 0 
0000 0007 2 1670723996659728 9.75 -58.0 1.5401167110371838 0 
0000 0009 2 1670723996662360 79.75 -68.0 4.3933209765044765 0 
0000 0012 2 1670723996664125 27.625 -56.5 2.9575149590435164 0 
0000 0011 2 1670723996665309 35.75 -66.0 3.718369429834794 0 
0000 0005 2 1670723996666551 -29.25 -55.5 4.387185053352934 0 
0000 0015 2 1670723996667482 -6.5 -60.0 1.4542137869155878 0 
0000 0006 2 1670723996689247 100.875 -69.0 0.3620194659410113 0 
0000 0013 3 1670723996779491 -3.25 -69.5 1.0676506283684062 0 
0000 0005 4 1670723996838570 -22.75 -68.0 3.0127382674073995 0 
0000 0013 4 1670723996855368 9.75 -66.0 5.313709449235861 0 
0000 0005 5 1670723996921131 16.25 -61.5 4.04357335686655 0 
0000 0013 5 1670723996929757 6.5 -67.5 3.104777114680538 0 
0000 0013 6 1670723997039182 -39.0 -68.5 2.9820586516496865 0 
0000 0006 6 1670723997041733 3.25 -67.0 5.037592907416445 0 
0000 0004 7 1670723997094339 -3.25 -53.5 0.8222137023067037 0 
0000 0015 7 1670723997095217 -26.0 -64.5 3.8840393549264434 0 
0000 0013 7 1670723997096163 -6.5 -65.0 3.6079228131070282 0 
0000 0014 7 1670723997098966 29.25 -60.5 1.7855536370988863 0 
0000 0006 7 1670723997100187 52.0625 -59.5 5.307573526084319 0 
0000 0012 7 1670723997101136 -58.5625 -64.5 1.4173982480063325 0 
0000 0001 7 1670723997129686 16.25 -70.5 3.2213596545598464 0 
0000 0013 8 1670723997164129 -9.75 -63.5 4.528311285838413 0 
0000 0015 8 1670723997173390 -42.3125 -70.5 3.54042765844006 0 
0000 0004 8 1670723997176478 3.25 -48.0 3.6079228131070282 0 
0000 0006 8 1670723997177671 9.75 -59.5 2.5280003384355365 0 
0000 0001 8 1670723997183170 91.125 -68.0 1.282407938672396 0 
0000 0014 8 1670723997184374 -19.5 -60.0 0.3374757733348411 0 
0000 0005 8 1670723997190419 -142.375 -71.5 4.706253057233147 0 
0000 0011 1 1670723997419927 29.25 -64.5 4.847379289718626 0 
0000 0010 1 1670723997428404 -45.5625 -64.0 1.41126232485479 0 
0000 0009 1 1670723997429321 76.4375 -66.5 2.3439226438892597 0 
0000 0000 1 1670723997439914 -42.3125 -68.5 4.424000592262189 0 
0000 0013 1 1670723997442817 -29.25 -59.5 4.804427827657828 0 
0000 0004 1 1670723997444221 3.25 -63.0 4.558990901596125 0 
0000 0005 1 1670723997455437 22.75 -58.5 1.282407938672396 0 
0000 0007 1 1670723997463133 9.75 -63.0 5.767767762450011 0 
0000 0012 1 1670723997465267 -3.25 -56.0 1.5953400194010667 0 
0000 0014 1 1670723997466214 0.0 -67.0 2.6691265709210157 0 
0000 0006 1 1670723997468614 35.75 -64.0 4.988505522204105 0 
0000 0008 1 1670723997478071 335.25 -71.5 3.000466421104314 0 
0000 0003 1 1670723997483918 -97.625 -72.0 2.4175537217077703 0 
0000 0013 2 1670723997509462 -13.0 -56.5 2.7857091108003242 0 
0000 0010 2 1670723997512397 35.75 -60.0 3.6570101983193686 0 
0000 0007 2 1670723997514996 16.25 -57.5 1.9696313316451632 0 
0000 0012 2 1670723997518732 0.0 -56.5 2.988194574801229 0 
0000 0015 2 1670723997519714 16.25 -60.0 1.4603497100671303 0 
0000 0009 2 1670723997521143 -104.125 -67.5 4.669437518323892 0 
0000 0005 2 1670723997522540 -13.0 -56.5 4.215379205109742 0 
0000 0004 2 1670723997523435 -29.25 -56.5 0.23316507975861744 0 
0000 0014 2 1670723997533502 48.8125 -63.0 0.1227184630308513 0 
0000 0011 2 1670723997537195 -71.5625 -67.5 3.663146121470911 0 
0000 0006 2 1670723997538163 104.125 -68.5 6.2034183062095325 0 
0000 0001 2 1670723997546160 -61.8125 -70.0 4.196971435655114 0 
0000 0015 3 1670723997607188 -175.75 -67.5 5.117359908386499 0 
0000 0007 3 1670723997634072 -42.3125 -65.0 5.154175447295755 0 
0000 0013 3 1670723997639356 6.5 -63.0 1.0615147052168636 0 
0000 0005 3 1670723997645739 38.1875 -68.0 6.191146459906448 0 
0000 0012 3 1670723997650067 -104.125 -68.0 4.884194828627882 0 
0000 0013 4 1670723997720653 -19.5 -61.0 4.822835597112456 0 
0000 0012 4 1670723997760461 120.4375 -71.0 5.66959299202533 0 
0000 0005 5 1670723997794654 -3.25 -65.0 4.147884050442774 0 
0000 0013 5 1670723997819273 -143.1875 -68.0 4.09266074207889 0 
0000 0013 6 1670723997889648 -179.0 -71.0 3.3747577333484107 0 
0000 0006 6 1670723997897327 9.75 -68.0 5.098952138931871 0 
0000 0004 7 1670723997962660 19.5 -53.5 0.8467573949128739 0 
0000 0014 7 1670723997969199 19.5 -61.5 2.018718716857504 0 
0000 0015 7 1670723997971065 -152.9375 -65.5 4.190835512503572 0 
0000 0006 7 1670723997979915 -52.0625 -59.5 5.5714182216006485 0 
0000 0013 7 1670723997988314 71.5625 -68.5 3.8410878928656453 0 
0000 0012 7 1670723997992390 61.8125 -65.5 1.043106935762236 0 
0000 0013 8 1670723998040960 -29.25 -66.0 4.430136515413731 0 
0000 0014 8 1670723998045027 26.0 -60.0 0.19634954084936207 0 
0000 0004 8 1670723998046048 -13.0 -48.0 3.6447383520162835 0 
0000 0015 8 1670723998049417 -97.625 -70.0 3.9208548938356986 0 
0000 0006 8 1670723998050978 22.75 -59.0 2.497320722677824 0 
0000 0005 8 1670723998052915 -59.375 -71.0 4.7307967498393175 0 
0000 0001 8 1670723998053995 87.875 -66.5 1.4480778637640452 0 
0000 0011 1 1670723998283766 -45.5625 -66.0 5.056000676871073 0 
0000 0010 1 1670723998284686 48.8125 -65.0 1.3069516312785663 0 
0000 0009 1 1670723998290066 32.5 -69.5 2.5586799541932495 0 
0000 0013 1 1670723998291025 -6.5 -59.5 4.908738521234052 0 
0000 0007 1 1670723998294016 -32.5 -63.5 5.835262917116979 0 
0000 0006 1 1670723998306959 -9.75 -63.5 5.031456984264903 0 
0000 0005 1 1670723998307888 0.0 -57.5 1.3867186322486196 0 
0000 0012 1 1670723998315785 16.25 -55.5 1.6566992509164924 0 
0000 0004 1 1670723998317005 -9.75 -64.0 4.577398671050753 0 
0000 0003 1 1670723998322902 -81.375 -71.5 2.270291566070749 0 
0000 0000 1 1670723998325823 139.9375 -71.0 4.04357335686655 0 
0000 0014 1 1670723998331657 78.0625 -67.5 2.736621725587984 0 
0000 0014 2 1670723998379488 9.75 -62.5 0.05522330836388308 0 
0000 0015 2 1670723998380435 -3.25 -61.0 1.5830681730979816 0 
0000 0009 2 1670723998382078 -61.8125 -69.5 4.387185053352934 0 
0000 0004 2 1670723998384020 -3.25 -57.0 0.22089323345553233 0 
0000 0010 2 1670723998386798 -32.5 -59.5 3.663146121470911 0 
0000 0012 2 1670723998388268 22.75 -56.0 2.9513790358919736 0 
0000 0013 2 1670723998395224 -6.5 -56.5 2.736621725587984 0 
0000 0007 2 1670723998396683 84.625 -57.5 1.5830681730979816 0 
0000 0005 2 1670723998398422 -6.5 -55.5 4.368777283898306 0 
0000 0000 2 1670723998408751 26.0 -69.0 0.9019807032767571 0 
0000 0006 2 1670723998412162 42.3125 -71.5 0.11658253987930872 0 
0000 0011 2 1670723998413654 -58.5625 -67.5 3.902447124381071 0 
0000 0001 2 1670723998446452 -120.4375 -68.5 4.669437518323892 0 
0000 0015 3 1670723998487965 22.75 -67.5 4.356505437595221 0 
0000 0007 3 1670723998510858 -146.4375 -70.0 4.540583132141498 0 
0000 0013 3 1670723998519682 -74.8125 -67.5 1.552388557340269 0 
0000 0013 4 1670723998584215 13.0 -63.5 4.8351074434155406 0 
0000 0006 4 1670723998585664 -100.875 -71.0 2.4850488763747385 0 
0000 0005 4 1670723998640688 -13.0 -72.0 3.5772431973493153 0 
0000 0005 5 1670723998702307 16.25 -63.0 4.031301510563465 0 
0000 0013 5 1670723998707857 22.75 -67.5 3.8963112012295285 0 
0000 0006 6 1670723998815922 6.5 -67.5 5.105088062083414 0 
0000 0012 6 1670723998822340 149.6875 -72.5 5.160311370447297 0 
0000 0013 6 1670723998823300 78.0625 -70.0 2.742757648739526 0 
0000 0004 7 1670723998871878 -19.5 -53.5 0.8406214717613314 0 
0000 0015 7 1670723998872854 -6.5 -66.5 3.8963112012295285 0 
0000 0006 7 1670723998875222 6.5 -59.5 5.4671075280244255 0 
0000 0012 7 1670723998884497 139.9375 -65.5 1.030835089459151 0 
0000 0013 7 1670723998891730 -100.875 -66.0 4.276738436625168 0 
0000 0001 7 1670723998897634 159.5 -70.0 3.018874190558942 0 
0000 0014 7 1670723998900046 9.75 -61.5 1.9266798695843652 0 
0000 0013 8 1670723998941214 32.5 -65.5 4.3503695144436785 0 
0000 0014 8 1670723998945514 26.0 -60.0 0.20248546400090464 0 
0000 0004 8 1670723998948767 3.25 -48.0 3.5956509668039427 0 
0000 0006 8 1670723998954024 -6.5 -59.0 2.5157284921324514 0 
0000 0015 8 1670723998956687 -39.0 -71.0 3.663146121470911 0 
0000 0001 8 1670723998957780 45.5625 -67.0 1.4603497100671303 0 
0000 0005 8 1670723998959843 -13.0 -72.0 4.816699673960914 0 
0000 0007 1 1670723999178388 16.25 -64.0 5.767767762450011 0 
0000 0012 1 1670723999181843 -16.25 -56.0 1.6812429435226628 0 
0000 0006 1 1670723999182867 -16.25 -63.5 5.117359908386499 0 
0000 0005 1 1670723999184135 3.25 -58.0 1.5155730184310134 0 
0000 0004 1 1670723999188136 0.0 -63.0 4.743068596142402 0 
0000 0013 1 1670723999189356 22.75 -60.0 4.822835597112456 0 
0000 0003 1 1670723999192488 100.875 -71.0 2.2886993355253766 0 
0000 0011 1 1670723999193427 -16.25 -65.5 5.037592907416445 0 
0000 0001 1 1670723999203641 16.25 -69.5 1.6321555583103222 0 
0000 0000 1 1670723999208146 146.4375 -70.0 4.270602513473625 0 
0000 0009 1 1670723999209643 62.625 -68.0 2.6445828783148455 0 
0000 0008 1 1670723999224258 -39.0 -73.5 3.6140587362585705 0 
0000 0014 1 1670723999225292 -74.8125 -68.5 2.9145634969827183 0 
0000 0010 1 1670723999230696 -120.4375 -66.5 1.6014759425526093 0 
0000 0009 2 1670723999268228 139.125 -67.5 4.601942363656923 0 
0000 0005 2 1670723999270279 -3.25 -55.0 4.460816131171445 0 
0000 0012 2 1670723999274706 9.75 -56.5 3.018874190558942 0 
0000 0010 2 1670723999277559 -22.75 -60.5 3.650874275167826 0 
0000 0014 2 1670723999280277 3.25 -62.0 6.19728238305799 0 
0000 0004 2 1670723999281455 6.5 -56.5 0.18407769454627693 0 
0000 0007 2 1670723999285812 29.25 -57.5 1.8530487917658545 0 
0000 0015 2 1670723999287072 32.5 -61.0 1.4910293258248433 0 
0000 0013 2 1670723999295753 35.75 -56.5 2.7550294950426117 0 
0000 0011 2 1670723999296850 -91.125 -68.0 4.06811704947272 0 
0000 0006 2 1670723999308620 113.875 -69.5 6.074563920027139 0 
0000 0000 2 1670723999311631 -175.75 -69.5 1.6996507129772904 0 
0000 0013 3 1670723999378826 29.25 -65.5 1.4051264017032472 0 
0000 0015 3 1670723999387038 6.5 -67.5 4.381049130201391 0 
0000 0005 4 1670723999501658 -13.8125 -70.0 3.6079228131070282 0 
0000 0013 4 1670723999505854 26.0 -64.0 4.773748211900116 0 
0000 0006 4 1670723999531005 -126.9375 -71.5 2.5034566458293663 0 
0000 0013 5 1670723999595701 0.0 -67.5 3.9453985864418692 0 
0000 0005 5 1670723999607729 13.0 -64.0 3.9760782021995817 0 
0000 0006 6 1670723999657976 -29.25 -67.5 5.129631754689584 0 
0000 0013 6 1670723999688866 -42.3125 -70.5 2.859340188618835 0 
0000 0006 7 1670723999756741 29.25 -59.5 5.344389064993574 0 
0000 0014 7 1670723999763653 -13.0 -61.0 1.9389517158874505 0 
0000 0004 7 1670723999766539 -22.75 -53.5 0.7485826244881929 0 
0000 0013 7 1670723999770603 42.3125 -67.0 3.9269908169872414 0 
0000 0012 7 1670723999775491 13.0 -65.5 1.1535535524900022 0 
0000 0001 7 1670723999783728 58.5625 -70.5 2.945243112740431 0 
0000 0015 7 1670723999789509 195.25 -66.0 3.552699504743145 0 
0000 0005 8 1670723999818899 -3.25 -71.0 4.706253057233147 0 
0000 0014 8 1670723999822598 19.5 -59.5 0.16566992509164924 0 
0000 0004 8 1670723999824796 -6.5 -47.5 3.5956509668039427 0 
0000 0013 8 1670723999826271 -16.25 -65.0 4.405592822807561 0 
0000 0001 8 1670723999827222 9.75 -66.5 1.3192234775816514 0 
0000 0006 8 1670723999832729 9.75 -59.0 2.5464081078901644 0 
0000 0015 8 1670723999840736 0.0 -70.5 3.522019888985432 0 
0000 0012 1 1670724000062286 -19.5 -56.0 1.6873788666742053 0 
0000 0013 1 1670724000063725 3.25 -60.5 4.878058905476339 0 
0000 0014 1 1670724000066113 32.5 -69.0 2.6016314162540475 0 
0000 0003 1 1670724000067344 32.5 -71.0 2.2948352586769194 0 
0000 0006 1 1670724000068252 -13.0 -63.5 5.141903600992669 0 
0000 0007 1 1670724000070367 -35.75 -64.0 5.878214379177777 0 
0000 0005 1 1670724000076883 -3.25 -58.0 1.6014759425526093 0 
0000 0004 1 1670724000078102 -3.25 -64.5 4.755340442445488 0 
0000 0009 1 1670724000083510 125.3125 -70.5 2.662990647769473 0 
0000 0011 1 1670724000088911 -52.0625 -66.0 5.209398755659637 0 
0000 0000 1 1670724000090764 -58.5625 -70.5 4.3503695144436785 0 
0000 0010 1 1670724000100683 52.0625 -64.5 1.3008157081270237 0 
0000 0004 2 1670724000167244 -19.5 -57.0 0.3374757733348411 0 
0000 0013 2 1670724000170203 13.0 -56.5 2.779573187648782 0 
0000 0007 2 1670724000172864 55.3125 -57.5 1.761009944492716 0 
0000 0015 2 1670724000175000 -13.0 -60.0 1.5585244804918115 0 
0000 0011 2 1670724000176509 81.375 -67.5 3.890175278077986 0 
0000 0010 2 1670724000179031 -45.5625 -59.5 3.988350048502667 0 
0000 0005 2 1670724000182777 32.5 -55.5 4.479223900626073 0 
0000 0014 2 1670724000186088 -16.25 -61.5 0.14726215563702155 0 
0000 0012 2 1670724000187810 3.25 -55.5 2.9084275738311756 0 
0000 0001 2 1670724000196562 -175.75 -69.0 4.73693267299086 0 
0000 0009 2 1670724000200762 27.625 -69.5 4.491495746929157 0 
0000 0000 2 1670724000211394 244.125 -71.0 1.2517283229146832 0 
0000 0006 2 1670724000214879 39.0 -70.5 0.28225246497095796 0 
0000 0013 3 1670724000277147 29.25 -67.5 1.4296700943094176 0 
0000 0015 3 1670724000281359 16.25 -67.0 4.2092432819582 0 
0000 0013 4 1670724000377826 -22.75 -62.5 4.81056375080937 0 
0000 0005 4 1670724000403670 -16.25 -70.5 3.6201946594101133 0 
0000 0006 4 1670724000407525 39.0 -71.0 2.3623304133438876 0 
0000 0005 5 1670724000455437 -61.8125 -63.5 3.9944859716542096 0 
0000 0013 5 1670724000471596 -13.0 -67.5 3.9147189706841563 0 
0000 0013 6 1670724000544423 -133.4375 -70.0 3.043417883165112 0 
0000 0006 6 1670724000547769 -26.0 -68.0 5.080544369477243 0 
0000 0012 6 1670724000553745 -100.875 -72.5 5.50392306693368 0 
0000 0015 7 1670724000608807 -91.125 -65.0 3.933126740138784 0 
0000 0004 7 1670724000613773 -6.5 -53.5 0.9019807032767571 0 
0000 0013 7 1670724000621388 16.25 -66.5 3.9944859716542096 0 
0000 0006 7 1670724000622609 -84.625 -60.0 5.6941366846315 0 
0000 0014 7 1670724000623799 48.8125 -60.5 1.8714565612204823 0 
0000 0012 7 1670724000641139 61.8125 -66.5 1.1780972450961724 0 
0000 0001 7 1670724000645874 71.5625 -70.0 3.098641191528995 0 
