0001 0015 1 1670730504045077 -136.6875 -70.0 2.890019804376548 9 
0001 0008 1 1670730504047197 -13.0 -70.5 0.662679700366597 9 
0001 0013 1 1670730504052098 -9.75 -69.5 5.706408530934585 9 
0001 0005 1 1670730504059506 -29.25 -68.5 0.48473792897186263 9 
0001 0005 3 1670730504243852 279.9375 -68.5 5.166447293598839 9 
0001 0007 3 1670730504245834 35.75 -68.5 4.884194828627882 9 
0001 0010 4 1670730504312755 -52.0625 -62.5 5.45483568172134 9 
0001 0007 4 1670730504314030 -13.0 -63.0 4.06811704947272 9 
0001 0004 4 1670730504318100 6.5 -53.0 1.8714565612204823 9 
0001 0005 4 1670730504319512 0.0 -61.5 3.773592738198677 9 
0001 0003 4 1670730504354032 -6.5 -75.0 1.0369710126106935 9 
0001 0014 5 1670730504377483 32.5 -58.5 1.5953400194010667 9 
0001 0005 5 1670730504385161 -39.0 -65.0 0.0 9 
0001 0004 5 1670730504389752 -9.75 -55.5 5.841398840268521 9 
0001 0007 5 1670730504392911 -35.75 -60.0 3.9822141253511245 9 
0001 0008 5 1670730504402805 0.0 -63.0 5.8659425328746915 9 
0001 0009 5 1670730504405734 48.8125 -57.5 1.0615147052168636 9 
0001 0011 5 1670730504414833 -26.0 -60.5 3.448388811166921 9 
0001 0013 5 1670730504416884 -55.3125 -63.0 4.23378697456437 9 
0001 0008 6 1670730504470067 -3.25 -69.5 6.013204688511713 9 
0001 0010 6 1670730504479694 79.75 -71.5 4.23378697456437 9 
0001 0004 6 1670730504480924 6.5 -64.5 0.7424467013366504 9 
0001 0005 6 1670730504481875 13.0 -67.0 6.234097921967246 9 
0001 0015 6 1670730504486974 152.9375 -69.0 6.050020227420969 9 
0001 0014 6 1670730504491492 9.75 -64.0 2.9206994201342606 9 
0001 0013 6 1670730504495526 13.0 -60.0 4.319689898685965 9 
0001 0014 7 1670730504542378 22.75 -65.0 4.129476280988146 9 
0001 0014 1 1670730504908797 -74.8125 -70.0 3.393165502803038 9 
0001 0005 3 1670730505111746 159.5 -64.0 2.8654761117703775 9 
0001 0015 3 1670730505138120 -45.5625 -63.5 2.9268353432858034 9 
0001 0015 4 1670730505209515 -22.75 -58.5 3.9944859716542096 9 
0001 0004 4 1670730505221320 9.75 -60.0 3.718369429834794 9 
0001 0005 4 1670730505228616 13.0 -62.5 2.411417798556228 9 
0001 0013 4 1670730505246631 -231.0625 -70.0 5.448699758569798 9 
0001 0007 4 1670730505250301 -81.375 -67.5 5.6941366846315 9 
0001 0003 4 1670730505251247 9.75 -68.5 5.344389064993574 9 
0001 0009 5 1670730505297781 -9.75 -61.5 1.5953400194010667 9 
0001 0011 5 1670730505304952 -182.25 -67.0 6.0991076126333095 9 
0001 0004 5 1670730505308037 29.25 -54.5 3.6692820446224537 9 
0001 0008 5 1670730505310414 -22.75 -65.5 3.6815538909255388 9 
0001 0014 5 1670730505314944 19.5 -64.5 5.559146375297564 9 
0001 0006 5 1670730505316887 -146.4375 -65.5 6.025476534814799 9 
0001 0010 5 1670730505323472 -21.125 -65.0 1.5585244804918115 9 
0001 0005 5 1670730505328410 -68.3125 -68.0 2.564815877344792 9 
0001 0013 5 1670730505329613 26.0 -65.5 3.877903431774901 9 
0001 0009 6 1670730505410829 -61.8125 -64.5 2.816388726558037 9 
0001 0010 6 1670730505420501 52.0625 -65.5 2.073942025221387 9 
0001 0013 6 1670730505424323 -104.125 -71.0 3.1906800388021335 9 
0001 0011 6 1670730505425257 -45.5625 -65.5 4.466952054322987 9 
0001 0004 6 1670730505430805 -3.25 -56.5 4.896466674930966 9 
0001 0013 7 1670730505506927 -234.3125 -69.5 4.890330751779424 9 
0001 0009 7 1670730505520337 -81.375 -69.0 3.761320891895592 9 
0001 0014 8 1670730505601093 133.4375 -68.0 4.724660826687775 9 
0001 0011 8 1670730505625453 -65.0625 -72.0 6.074563920027139 9 
0001 0004 1 1670730505877885 -32.5 -70.0 4.632621979414636 9 
0001 0004 2 1670730505993224 -29.25 -66.5 2.073942025221387 9 
0001 0009 2 1670730506017997 -113.875 -68.0 1.7916895602504288 9 
0001 0007 3 1670730506113291 42.3125 -66.5 3.104777114680538 9 
0001 0014 4 1670730506183677 6.5 -65.5 0.8958447801252144 9 
0001 0007 4 1670730506189791 -19.5 -65.5 2.6016314162540475 9 
0001 0004 4 1670730506203322 9.75 -57.0 1.9757672547967058 9 
0001 0005 4 1670730506206359 35.75 -63.0 0.44178646691106466 9 
0001 0012 4 1670730506208710 -6.5 -65.0 6.013204688511713 9 
0001 0009 4 1670730506215658 -81.375 -67.0 5.559146375297564 9 
0001 0003 4 1670730506219513 -149.6875 -71.5 4.589670517353839 9 
0001 0008 5 1670730506276766 26.0 -57.0 6.000932842208628 9 
0001 0005 5 1670730506281318 32.5 -65.0 0.4724660826687775 9 
0001 0011 5 1670730506285734 35.75 -57.0 2.8532042654672924 9 
0001 0009 5 1670730506286639 9.75 -56.0 5.21553467881118 9 
0001 0004 5 1670730506288367 -22.75 -52.5 4.411728745959104 9 
0001 0006 5 1670730506292939 117.125 -67.0 0.5522330836388308 9 
0001 0010 5 1670730506300564 52.0625 -61.5 2.2027964114037806 9 
0001 0015 5 1670730506306337 -172.5 -67.5 2.82252464970958 9 
0001 0012 5 1670730506313709 -97.625 -67.0 3.6324665057131984 9 
0001 0013 5 1670730506343686 -192.0 -69.0 1.7119225592803755 9 
0001 0010 6 1670730506375897 69.125 -66.5 1.1965050145508 9 
0001 0004 6 1670730506380643 -35.75 -57.5 4.792155981354743 9 
0001 0011 6 1670730506386023 -3.25 -52.5 4.227651051412827 9 
0001 0013 6 1670730506388171 0.0 -67.0 1.5401167110371838 9 
0001 0015 6 1670730506396481 -3.25 -58.5 3.1968159619536762 9 
0001 0012 6 1670730506398594 78.0625 -69.5 2.4175537217077703 9 
0001 0008 6 1670730506401744 76.4375 -71.5 1.5953400194010667 9 
0001 0003 6 1670730506403625 -146.4375 -73.5 1.521708941582556 9 
0001 0009 6 1670730506404802 35.75 -67.0 0.4724660826687775 9 
0001 0015 7 1670730506453466 -26.0 -59.5 4.031301510563465 9 
0001 0014 8 1670730506536814 -3.25 -69.0 5.240078371417351 9 
0001 0015 8 1670730506557532 52.0625 -67.5 3.8410878928656453 9 
0001 0005 2 1670730506959304 -110.625 -69.5 5.798447378207723 9 
0001 0007 3 1670730507049636 35.75 -69.5 2.6323110320117604 9 
0001 0005 4 1670730507105934 -91.125 -70.0 0.3865631585471816 9 
0001 0004 4 1670730507107092 9.75 -57.0 3.706097583531709 9 
0001 0012 4 1670730507121738 29.25 -69.5 1.4603497100671303 9 
0001 0003 4 1670730507138487 -22.75 -74.5 2.3009711818284617 9 
0001 0002 4 1670730507164024 173.3125 -76.5 2.5893595699509624 9 
0001 0005 5 1670730507199742 -61.8125 -62.5 5.013049214810275 9 
0001 0008 5 1670730507201952 -19.5 -66.0 0.619728238305799 9 
0001 0007 5 1670730507204615 22.75 -61.0 2.12916533358527 9 
0001 0004 5 1670730507209653 -3.25 -51.0 5.829126993965437 9 
0001 0013 5 1670730507213203 39.0 -67.0 0.3313398501832985 9 
0001 0006 5 1670730507214648 22.75 -69.0 1.282407938672396 9 
0001 0011 5 1670730507228553 -19.5 -57.5 3.6386024288647407 9 
0001 0012 5 1670730507229753 16.25 -61.0 0.380427235395639 9 
0001 0009 5 1670730507230918 39.0 -59.0 5.338253141842031 9 
0001 0003 6 1670730507271713 -237.5625 -73.0 3.000466421104314 9 
0001 0015 6 1670730507272631 16.25 -59.0 2.675262494072558 9 
0001 0013 6 1670730507277268 22.75 -54.0 0.1595340019401067 9 
0001 0005 6 1670730507282658 6.5 -61.0 4.681709364626977 9 
0001 0004 6 1670730507285291 6.5 -61.5 0.9019807032767571 9 
0001 0011 6 1670730507286226 6.5 -58.5 5.583690067903734 9 
0001 0010 6 1670730507290089 -87.0625 -62.5 2.9329712664373457 9 
0001 0007 6 1670730507291634 3.25 -61.0 1.3499030933393643 9 
0001 0015 8 1670730507433482 -58.5625 -68.5 1.0492428589137786 9 
0001 0014 8 1670730507460086 48.8125 -63.5 2.030990563160589 9 
0001 0011 8 1670730507467855 -32.5 -68.0 4.479223900626073 9 
0001 0015 1 1670730507732432 55.3125 -70.5 4.657165672020807 9 
0001 0015 2 1670730507841411 -39.0 -68.5 0.5951845456996288 9 
0001 0015 4 1670730508018160 172.5 -70.5 0.6933593161243098 9 
0001 0013 4 1670730508034558 -13.0 -62.5 2.1046216409791 9 
0001 0004 4 1670730508042229 -16.25 -59.0 4.565126824747668 9 
0001 0005 4 1670730508054643 42.3125 -69.5 2.2027964114037806 9 
0001 0007 5 1670730508100988 130.1875 -69.5 0.7240389318820226 9 
0001 0005 5 1670730508105585 -6.5 -65.0 5.350524988145116 9 
0001 0010 5 1670730508106505 19.5 -56.0 0.30066023442558565 9 
0001 0014 5 1670730508107724 16.25 -51.0 1.2026409377023426 9 
0001 0013 5 1670730508109166 -39.0 -64.0 5.117359908386499 9 
0001 0004 5 1670730508112273 0.0 -51.0 3.1784081924990484 9 
0001 0009 5 1670730508113629 -35.75 -65.5 3.2765829629237295 9 
0001 0008 5 1670730508116521 39.0 -63.5 4.6878452877785195 9 
0001 0007 6 1670730508167643 29.25 -65.5 0.1595340019401067 9 
0001 0003 6 1670730508177344 221.3125 -73.5 6.277049384028044 9 
0001 0011 6 1670730508182422 -19.5 -68.5 5.9518454569962875 9 
0001 0004 6 1670730508185456 -22.75 -54.5 5.730952223540755 9 
0001 0013 6 1670730508186403 13.0 -58.5 2.5770877236478773 9 
0001 0005 6 1670730508189719 -16.25 -65.0 1.2946797849754812 9 
0001 0008 6 1670730508194942 7.3125 -69.0 1.7303303287350031 9 
0001 0000 6 1670730508197213 55.3125 -75.5 5.8659425328746915 9 
0001 0012 6 1670730508202067 -84.625 -68.0 0.7669903939428205 9 
0001 0010 6 1670730508206683 -13.8125 -58.0 0.9265243958829272 9 
0001 0015 6 1670730508210409 -94.375 -70.5 2.650718801466388 9 
0001 0005 3 1670730508834128 -48.8125 -68.0 3.810408277107933 9 
0001 0004 4 1670730508915023 0.0 -63.5 2.411417798556228 9 
0001 0015 4 1670730508940229 -52.0625 -69.0 5.872078456026235 9 
