0003 0006 1 1670730809550235 62.625 -64.5 5.258486140871978 7 
0003 0014 1 1670730809555661 -26.0 -68.0 2.1659808724945253 7 
0003 0015 1 1670730809560251 42.3125 -67.5 3.2581751934691017 7 
0003 0012 2 1670730809629050 61.8125 -67.5 2.564815877344792 7 
0003 0015 2 1670730809632817 -35.75 -69.0 0.5645049299419159 7 
0003 0006 2 1670730809635223 79.75 -68.5 1.9696313316451632 7 
0003 0005 2 1670730809638110 -260.375 -70.5 4.798291904506286 7 
0003 0009 2 1670730809639552 -34.9375 -70.0 5.436427912266712 7 
0003 0013 4 1670730809798483 -35.75 -67.0 4.387185053352934 7 
0003 0004 4 1670730809826157 68.3125 -70.0 5.2768939103266055 7 
0003 0004 6 1670730810000124 32.5 -71.5 1.043106935762236 7 
0003 0007 7 1670730810096162 -16.25 -56.0 2.000310947402876 7 
0003 0014 7 1670730810097365 90.3125 -63.0 2.730485802436441 7 
0003 0003 7 1670730810103604 10.5625 -63.5 0.22089323345553233 7 
0003 0000 7 1670730810106534 13.0 -55.5 5.792311455056181 7 
0003 0005 7 1670730810110829 -42.3125 -65.5 0.04295146206079795 7 
0003 0009 7 1670730810112043 21.125 -54.0 0.6442719309119693 7 
0003 0001 7 1670730810113838 -68.3125 -67.5 4.614214209960009 7 
0003 0008 7 1670730810115736 -6.5 -48.0 4.190835512503572 7 
0003 0015 7 1670730810118528 -16.25 -57.5 1.1106020904292042 7 
0003 0012 7 1670730810124232 -97.625 -66.0 1.3499030933393643 7 
0003 0004 7 1670730810125347 -6.5 -62.0 5.546874528994478 7 
0003 0011 7 1670730810127541 22.75 -61.0 3.184544115650591 7 
0003 0006 7 1670730810132256 7.3125 -60.5 5.240078371417351 7 
0003 0012 8 1670730810191943 19.5 -67.0 0.2270291566070749 7 
0003 0003 8 1670730810193884 30.875 -70.5 3.2336315008629315 7 
0003 0007 8 1670730810194819 -19.5 -62.5 5.105088062083414 7 
0003 0009 8 1670730810199489 13.0 -61.0 5.178719139901925 7 
0003 0008 8 1670730810203646 39.0 -65.0 0.6872233929727672 7 
0003 0013 8 1670730810204796 -22.75 -65.5 2.5770877236478773 7 
0003 0011 8 1670730810233015 -52.0625 -65.0 1.0615147052168636 7 
0003 0000 8 1670730810234945 -19.5 -69.0 3.822680123411018 7 
0003 0007 1 1670730810475486 -146.4375 -68.5 4.424000592262189 7 
0003 0013 1 1670730810476409 -16.25 -68.0 1.509437095279471 7 
0003 0014 1 1670730810490504 -21.125 -70.5 4.841243366567084 7 
0003 0012 1 1670730810496930 -9.75 -66.0 2.000310947402876 7 
0003 0010 2 1670730810537705 35.75 -69.5 3.031146036862027 7 
0003 0011 2 1670730810542333 -9.75 -66.0 4.3074180523828804 7 
0003 0015 2 1670730810544425 13.0 -56.0 0.1043106935762236 7 
0003 0014 2 1670730810547653 35.75 -69.0 4.620350133111551 7 
0003 0013 2 1670730810548605 -39.0 -62.0 1.7548740213411735 7 
0003 0009 2 1670730810557942 -3.25 -66.5 4.540583132141498 7 
0003 0005 2 1670730810560991 -156.1875 -73.5 2.6691265709210157 7 
0003 0015 4 1670730810753645 -52.0625 -65.5 1.5892040962495242 7 
0003 0006 7 1670730810977319 -34.9375 -59.0 4.2031073588066565 7 
0003 0015 7 1670730810980094 -32.5 -58.5 2.60776733940559 7 
0003 0012 7 1670730810989836 -68.3125 -60.0 4.184699589352029 7 
0003 0001 7 1670730810994928 131.8125 -67.5 2.1046216409791 7 
0003 0004 7 1670730810996187 -45.5625 -64.0 1.9757672547967058 7 
0003 0010 7 1670730810997162 -6.5 -59.0 4.025165587411922 7 
0003 0008 7 1670730810999059 26.0 -53.0 5.338253141842031 7 
0003 0000 7 1670730811008183 -16.25 -59.5 0.44178646691106466 7 
0003 0009 7 1670730811010378 -3.25 -52.5 3.141592653589793 7 
0003 0002 7 1670730811026614 74.8125 -69.0 3.792000507653305 7 
0003 0009 8 1670730811066267 -3.25 -64.0 1.705786636128833 7 
0003 0012 8 1670730811070211 -42.3125 -71.5 0.3313398501832985 7 
0003 0004 8 1670730811075892 -78.0625 -72.0 4.638757902566179 7 
0003 0015 8 1670730811084700 19.5 -62.0 0.8283496254582462 7 
0003 0005 8 1670730811085636 26.0 -64.5 2.442097414313941 7 
0003 0008 8 1670730811095130 -39.0 -58.0 3.890175278077986 7 
0003 0006 8 1670730811098158 27.625 -63.0 5.553010452146021 7 
0003 0010 8 1670730811100986 35.75 -68.5 4.454680208019902 7 
0003 0011 8 1670730811103363 29.25 -70.5 2.2518837966161214 7 
0003 0000 8 1670730811105313 -87.875 -66.5 5.21553467881118 7 
0003 0015 1 1670730811334714 13.0 -60.5 2.791845033951867 7 
0003 0014 1 1670730811341232 117.125 -65.0 2.2150682577068657 7 
0003 0006 1 1670730811343636 52.0625 -69.0 4.2031073588066565 7 
0003 0011 1 1670730811361540 146.4375 -71.5 2.7120780329818137 7 
0003 0008 1 1670730811375481 -35.75 -67.0 0.4295146206079795 7 
0003 0015 2 1670730811412134 -3.25 -64.0 3.902447124381071 7 
0003 0011 2 1670730811415158 48.8125 -68.0 5.209398755659637 7 
0003 0005 2 1670730811423972 19.5 -60.5 6.191146459906448 7 
0003 0012 2 1670730811433705 -9.75 -69.5 3.3624858870453256 7 
0003 0014 2 1670730811435235 -21.125 -69.5 2.061670178918302 7 
0003 0013 6 1670730811845098 84.625 -69.0 5.43029198911517 7 
0003 0014 6 1670730811853675 -32.5 -66.5 0.9572040116406401 7 
0003 0004 7 1670730811919400 3.25 -51.0 2.380738182798515 7 
0003 0011 7 1670730811920394 -32.5 -55.0 5.178719139901925 7 
0003 0003 7 1670730811921580 17.0625 -56.5 1.0246991663076084 7 
0003 0006 7 1670730811925418 -52.0625 -66.5 0.9510680884890975 7 
0003 0008 7 1670730811926364 -13.0 -52.0 0.8835729338221293 7 
0003 0000 7 1670730811931504 -26.0 -56.5 4.558990901596125 7 
0003 0014 7 1670730811937351 -65.0625 -60.0 3.7429131224409646 7 
0003 0009 7 1670730811939489 27.625 -52.0 3.2397674240144743 7 
0003 0005 7 1670730811940437 -100.875 -55.5 5.602097837358362 7 
0003 0010 7 1670730811942150 146.4375 -63.0 4.0128937411088375 7 
0003 0012 7 1670730811944077 42.3125 -58.5 4.417864669110647 7 
0003 0013 7 1670730811945016 35.75 -63.5 3.890175278077986 7 
0003 0001 7 1670730811961945 21.125 -66.0 0.42337869745643697 7 
0003 0002 7 1670730811973762 -250.625 -71.0 1.5830681730979816 7 
0003 0015 7 1670730811974710 26.0 -65.5 4.356505437595221 7 
0003 0011 8 1670730812006485 -13.0 -67.0 4.914874444385594 7 
0003 0004 8 1670730812011374 -45.5625 -69.5 0.3129320807286708 7 
0003 0003 8 1670730812013027 10.5625 -63.5 5.915029918087033 7 
0003 0001 8 1670730812015162 -41.5 -71.0 5.197126909356553 7 
0003 0006 8 1670730812017287 52.0625 -68.0 0.7117670855789375 7 
0003 0013 8 1670730812019446 22.75 -70.5 1.6873788666742053 7 
0003 0000 8 1670730812024733 0.0 -54.0 4.994641445355648 7 
0003 0007 8 1670730812028321 -6.5 -49.5 3.5588354278946874 7 
0003 0012 8 1670730812031070 29.25 -64.0 2.5586799541932495 7 
0003 0005 8 1670730812039245 26.0 -68.5 1.2701360923693108 7 
0003 0009 8 1670730812043808 -10.5625 -67.5 4.6878452877785195 7 
0003 0014 8 1670730812056951 -27.625 -60.0 3.8717675086233583 7 
0003 0002 8 1670730812071186 91.125 -72.5 2.9575149590435164 7 
0003 0004 1 1670730812313816 -29.25 -70.0 1.2517283229146832 7 
0003 0012 1 1670730812349206 74.8125 -66.0 1.533980787885641 7 
0003 0009 2 1670730812389326 -93.5625 -69.5 6.074563920027139 7 
0003 0014 2 1670730812402678 48.8125 -60.5 0.30066023442558565 7 
0003 0011 2 1670730812409911 9.75 -69.5 6.086835766330224 7 
0003 0015 2 1670730812415956 -91.125 -63.5 0.6565437772150544 7 
0003 0012 2 1670730812420743 279.9375 -70.0 1.4480778637640452 7 
0003 0003 2 1670730812427586 7.3125 -68.5 2.2641556429192065 7 
0003 0010 2 1670730812432821 3.25 -70.0 0.19634954084936207 7 
0003 0005 2 1670730812442080 -126.9375 -69.5 2.411417798556228 7 
0003 0013 5 1670730812697103 22.75 -69.5 4.227651051412827 7 
0003 0014 5 1670730812749034 -16.25 -69.5 3.6324665057131984 7 
0003 0004 7 1670730812870811 26.0 -65.5 0.4172427743048944 7 
0003 0009 7 1670730812876940 59.375 -60.0 1.030835089459151 7 
0003 0008 7 1670730812893210 16.25 -56.5 5.577554144752192 7 
0003 0000 7 1670730812894383 97.625 -62.5 4.411728745959104 7 
0003 0014 7 1670730812896123 -120.4375 -69.5 3.6447383520162835 7 
0003 0010 7 1670730812898006 -32.5 -61.0 3.6140587362585705 7 
0003 0011 7 1670730812899026 -13.0 -66.5 5.945709533844745 7 
0003 0012 7 1670730812903859 35.75 -63.5 3.877903431774901 7 
0003 0006 7 1670730812905050 17.0625 -58.0 0.7424467013366504 7 
0003 0001 7 1670730812908131 -45.5625 -62.5 0.619728238305799 7 
0003 0002 7 1670730812909121 -22.75 -65.5 4.215379205109742 7 
0003 0006 8 1670730812962719 -24.375 -64.0 4.381049130201391 7 
0003 0010 8 1670730812972298 6.5 -58.5 0.1043106935762236 7 
0003 0009 8 1670730812976857 -7.3125 -59.5 2.024854640009046 7 
0003 0004 8 1670730812982153 -65.0625 -64.5 3.2336315008629315 7 
0003 0002 8 1670730812983113 97.625 -65.0 0.1595340019401067 7 
0003 0011 8 1670730812984990 -104.125 -73.0 1.7548740213411735 7 
0003 0008 8 1670730812987124 13.0 -60.0 0.3374757733348411 7 
0003 0012 8 1670730812988031 6.5 -59.5 1.7119225592803755 7 
0003 0001 8 1670730812989259 19.5 -63.0 1.9512235621905356 7 
0003 0000 8 1670730812992857 -16.25 -55.5 5.7616318392984684 7 
0003 0015 1 1670730813236451 -65.0625 -64.0 1.9205439464328227 7 
0003 0008 1 1670730813260574 -52.0625 -65.0 5.767767762450011 7 
0003 0007 1 1670730813265362 -110.625 -69.0 2.110757564130642 7 
0003 0009 1 1670730813273345 -74.8125 -68.5 4.957825906446392 7 
0003 0012 2 1670730813320517 35.75 -65.5 2.7857091108003242 7 
0003 0011 2 1670730813325572 81.375 -68.5 0.03681553890925539 7 
0003 0006 2 1670730813332090 10.5625 -60.5 4.289010282928253 7 
0003 0005 2 1670730813336348 45.5625 -61.5 2.6200391857086753 7 
0003 0002 2 1670730813350802 149.6875 -70.0 1.9266798695843652 7 
0003 0008 2 1670730813353894 6.5 -64.0 4.2092432819582 7 
0003 0014 2 1670730813356284 3.25 -67.5 1.1290098598838318 7 
0003 0014 5 1670730813595578 29.25 -64.0 2.705942109830271 7 
0003 0012 6 1670730813701465 -35.75 -69.5 1.1228739367322893 7 
0003 0013 6 1670730813711722 0.0 -68.5 1.4664856332186729 7 
0003 0002 7 1670730813762753 42.3125 -57.5 6.007068765360171 7 
0003 0009 7 1670730813765776 10.5625 -65.0 3.718369429834794 7 
0003 0001 7 1670730813770318 13.8125 -68.0 3.2827188860752723 7 
0003 0007 7 1670730813773044 -9.75 -69.0 1.012427320004523 7 
0003 0004 7 1670730813774007 13.0 -60.0 0.9633399347921826 7 
0003 0006 7 1670730813777106 10.5625 -65.5 4.878058905476339 7 
0003 0012 7 1670730813813769 -126.9375 -71.5 2.2764274892222915 7 
0003 0000 8 1670730813866361 0.0 -63.0 0.5031456984264903 7 
0003 0004 8 1670730813878493 -42.3125 -56.5 5.031456984264903 7 
0003 0007 8 1670730813879684 19.5 -63.5 1.552388557340269 7 
0003 0005 8 1670730813882021 -22.75 -69.5 1.1290098598838318 7 
0003 0008 8 1670730813883518 -9.75 -59.0 1.8039614065535141 7 
0003 0009 8 1670730813889546 -7.3125 -62.0 2.3439226438892597 7 
0003 0012 8 1670730813895338 -13.0 -61.5 1.337631247036279 7 
0003 0015 8 1670730813901584 61.8125 -69.0 3.3870295796514958 7 
0003 0006 8 1670730813902500 13.8125 -64.0 1.509437095279471 7 
0003 0001 8 1670730813903433 -13.8125 -63.0 3.485204350076177 7 
0003 0003 8 1670730813904677 -27.625 -63.0 5.013049214810275 7 
0003 0002 8 1670730813911605 -3.25 -60.0 5.209398755659637 7 
0003 0013 1 1670730814140873 -52.0625 -69.5 2.423689644859313 7 
0003 0011 1 1670730814150478 -13.0 -62.0 3.2581751934691017 7 
0003 0009 1 1670730814162692 -3.25 -62.5 0.4908738521234052 7 
0003 0014 1 1670730814169467 -83.0 -66.5 0.7731263170943632 7 
0003 0011 2 1670730814236077 58.5625 -62.5 3.117048960983623 7 
0003 0013 2 1670730814239784 -13.0 -63.0 2.675262494072558 7 
0003 0014 2 1670730814242048 19.5 -58.0 0.1595340019401067 7 
0003 0000 2 1670730814250523 48.8125 -68.0 3.785864584501762 7 
0003 0010 2 1670730814254407 126.9375 -70.5 4.466952054322987 7 
0003 0007 2 1670730814261482 35.75 -67.0 0.803805932852076 7 
