0004 0008 1 1671092664966269 26.0 -68.0 3.8717675086233583 4
0004 0007 1 1671092664968359 -45.5625 -59.5 5.332117218690489 4
0004 0003 1 1671092664969593 107.375 -68.5 2.227340104009951 4
0004 0011 1 1671092664970598 -121.25 -65.0 5.049864753719531 4
0004 0004 1 1671092664973270 -74.8125 -67.5 5.724816300389213 4
0004 0009 1 1671092664975084 16.25 -62.0 3.9147189706841563 4
0004 0000 1 1671092664976007 -247.375 -72.0 0.8774370106705868 4
0004 0006 1 1671092664977704 29.25 -62.0 0.7301748550335652 4
0004 0013 1 1671092664978724 16.25 -64.0 3.54042765844006 4
0004 0012 1 1671092664979910 -52.0625 -63.5 5.405748296509 4
0004 0005 1 1671092664981506 9.75 -62.0 0.3313398501832985 4
0004 0010 1 1671092664982614 48.8125 -66.5 2.6875343403756435 4
0004 0001 2 1671092665005890 76.4375 -63.0 6.074563920027139 4
0004 0013 2 1671092665006910 16.25 -60.5 0.6504078540635119 4
0004 0007 2 1671092665008327 3.25 -58.5 2.270291566070749 4
0004 0014 2 1671092665009759 -35.75 -58.5 2.0064468705544187 4
0004 0011 2 1671092665010702 7.3125 -56.0 2.5157284921324514 4
0004 0006 2 1671092665011667 -29.25 -65.5 5.859806609723149 4
0004 0003 2 1671092665013615 58.5625 -68.5 5.589825991055276 4
0004 0010 2 1671092665015201 16.25 -65.5 1.2333205534600555 4
0004 0005 2 1671092665017920 -16.25 -60.5 3.773592738198677 4
0004 0014 3 1671092665046391 71.5625 -69.5 5.540738605842936 4
0004 0005 3 1671092665048008 65.0625 -66.0 4.700117134081604 4
0004 0013 3 1671092665050103 52.0625 -68.0 2.282563412373834 4
0004 0012 4 1671092665090168 6.5 -67.0 4.773748211900116 4
0004 0014 4 1671092665091121 120.4375 -71.0 3.055689729468197 4
0004 0007 4 1671092665092215 26.0 -70.5 3.0250101137104846 4
0004 0012 5 1671092665115831 -198.5625 -67.0 5.307573526084319 4
0004 0002 5 1671092665117009 198.5625 -72.0 5.896622148632405 4
0004 0004 5 1671092665117929 74.8125 -70.5 1.4971652489763858 4
0004 0014 5 1671092665118921 -22.75 -64.5 1.2885438618239387 4
0004 0007 5 1671092665122654 -221.3125 -70.0 4.963961829597935 4
0004 0014 6 1671092665147699 -71.5625 -66.5 5.497787143782138 4
0004 0005 6 1671092665148661 -6.5 -71.0 2.0493983326152168 4
0004 0012 6 1671092665149825 -42.3125 -68.5 4.473087977474529 4
0004 0005 7 1671092665176028 48.8125 -66.0 2.184388641949153 4
0004 0007 7 1671092665176979 13.0 -70.0 1.4910293258248433 4
0004 0006 7 1671092665177913 3.25 -54.5 5.620505606812989 4
0004 0011 7 1671092665178833 -121.25 -63.0 4.6878452877785195 4
0004 0004 7 1671092665180516 9.75 -55.5 2.435961491162398 4
0004 0010 7 1671092665181721 97.625 -66.0 2.5402721847386216 4
0004 0001 7 1671092665183390 -170.0625 -67.0 2.2948352586769194 4
0004 0014 7 1671092665184920 35.75 -70.0 5.853670686571607 4
0004 0012 7 1671092665185840 65.0625 -69.0 0.9756117810952678 4
0004 0013 7 1671092665188587 91.125 -69.0 1.0921943209745766 4
0004 0002 7 1671092665190555 81.375 -71.0 3.5956509668039427 4
0004 0004 8 1671092665215854 0.0 -53.0 3.129320807286708 4
0004 0014 8 1671092665216807 22.75 -62.0 1.748738098189631 4
0004 0006 8 1671092665217996 6.5 -58.0 5.534602682691394 4
0004 0005 8 1671092665218990 3.25 -58.5 5.970253226450915 4
0004 0010 8 1671092665219938 -13.0 -61.0 3.06182565261974 4
0004 0013 8 1671092665222077 -6.5 -57.0 2.8961557275280905 4
0004 0001 8 1671092665223521 -17.0625 -70.0 3.1784081924990484 4
0004 0009 8 1671092665224485 -39.0 -63.0 3.429981041712294 4
0004 0012 8 1671092665226060 -126.9375 -72.5 2.386874105950058 4
0004 0008 8 1671092665227727 97.625 -66.0 1.8653206380689396 4
0004 0007 8 1671092665229329 -6.5 -69.5 3.834951969714103 4
0004 0002 8 1671092665231883 110.625 -76.0 0.3865631585471816 4
0004 0003 1 1671092665445767 87.875 -69.0 2.2580197197676637 4
0004 0007 1 1671092665446986 -19.5 -58.5 5.031456984264903 4
0004 0006 1 1671092665447922 39.0 -61.5 0.6320000846088841 4
0004 0004 1 1671092665449125 -3.25 -66.5 5.7616318392984684 4
0004 0013 1 1671092665450797 42.3125 -64.5 3.104777114680538 4
0004 0005 1 1671092665451998 0.0 -62.5 0.2699806186678728 4
0004 0012 1 1671092665453248 -16.25 -63.5 5.252350217720435 4
0004 0011 1 1671092665454464 17.0625 -64.5 4.6448938257177215 4
0004 0008 1 1671092665455752 35.75 -68.0 4.0128937411088375 4
0004 0010 1 1671092665456741 -3.25 -65.0 2.521864415283994 4
0004 0009 1 1671092665458188 45.5625 -62.5 3.6999616603801666 4
0004 0000 1 1671092665461684 -185.5 -71.5 0.8713010875190442 4
0004 0007 2 1671092665487255 48.8125 -58.0 1.9634954084936207 4
0004 0005 2 1671092665488548 -39.0 -60.5 3.7981364308048478 4
0004 0014 2 1671092665489792 -16.25 -58.5 2.024854640009046 4
0004 0003 2 1671092665491294 13.0 -68.0 5.66959299202533 4
0004 0011 2 1671092665492808 -27.625 -56.0 2.435961491162398 4
0004 0013 2 1671092665493710 0.0 -60.5 6.062292073724054 4
0004 0010 2 1671092665495594 22.75 -65.5 0.859029241215959 4
0004 0006 2 1671092665496937 6.5 -64.5 5.6941366846315 4
0004 0001 2 1671092665497828 100.875 -63.0 0.1902136176978195 4
0004 0013 3 1671092665526354 42.3125 -69.0 1.9819031779482483 4
0004 0005 3 1671092665527504 -94.375 -65.0 4.816699673960914 4
0004 0014 3 1671092665533492 97.625 -70.5 5.258486140871978 4
0004 0007 4 1671092665577180 -52.0625 -71.5 3.4054373491061236 4
0004 0014 4 1671092665578326 48.8125 -71.5 3.393165502803038 4
0004 0012 4 1671092665579743 35.75 -66.0 4.865787059173254 4
0004 0004 4 1671092665580921 146.4375 -72.5 3.2029518851052186 4
0004 0014 5 1671092665607130 42.3125 -63.5 1.2087768608538851 4
0004 0012 5 1671092665609468 39.0 -66.0 5.0253210611133605 4
0004 0004 5 1671092665611059 -152.9375 -72.5 1.7426021750380885 4
0004 0007 5 1671092665612563 42.3125 -70.0 4.595806440505381 4
0004 0002 5 1671092665615540 -26.0 -73.0 6.056156150572511 4
0004 0012 6 1671092665637951 9.75 -67.0 4.503767593232243 4
0004 0005 6 1671092665639981 32.5 -69.5 1.945087639038993 4
0004 0014 6 1671092665640972 48.8125 -67.5 5.424156065963627 4
0004 0004 7 1671092665665877 58.5625 -55.5 2.435961491162398 4
0004 0014 7 1671092665666783 -9.75 -69.0 5.896622148632405 4
0004 0007 7 1671092665668714 289.6875 -70.5 1.4051264017032472 4
0004 0010 7 1671092665669901 16.25 -65.5 2.5464081078901644 4
0004 0005 7 1671092665671588 74.8125 -65.5 2.2764274892222915 4
0004 0011 7 1671092665672761 -93.5625 -63.5 4.442408361716817 4
0004 0006 7 1671092665673680 -6.5 -54.5 5.638913376267617 4
0004 0001 7 1671092665675969 -3.25 -67.5 1.9880391010997909 4
0004 0012 7 1671092665681091 -32.5 -68.5 1.0492428589137786 4
0004 0013 7 1671092665692444 78.0625 -70.0 0.9572040116406401 4
0004 0002 7 1671092665696482 -104.125 -70.5 3.693825737228624 4
0004 0014 8 1671092665715905 3.25 -62.5 1.7916895602504288 4
0004 0004 8 1671092665717563 -13.0 -52.5 3.184544115650591 4
0004 0007 8 1671092665718769 -42.3125 -69.5 3.6201946594101133 4
0004 0006 8 1671092665719702 -19.5 -57.5 5.608233760509904 4
0004 0009 8 1671092665722466 26.0 -63.0 3.77972866135022 4
0004 0005 8 1671092665723544 -26.0 -58.5 6.000932842208628 4
0004 0008 8 1671092665724760 19.5 -66.5 1.8837284075235674 4
0004 0010 8 1671092665725989 -9.75 -60.5 3.000466421104314 4
0004 0001 8 1671092665727151 -32.5 -70.0 3.485204350076177 4
0004 0013 8 1671092665728113 3.25 -57.5 2.761165418194154 4
0004 0012 8 1671092665729135 -68.3125 -73.5 2.4850488763747385 4
0004 0002 8 1671092665731579 393.8125 -75.5 0.1718058482431918 4
0004 0009 1 1671092665946352 -61.8125 -60.0 3.9638063558964967 4
0004 0012 1 1671092665947357 22.75 -62.0 5.203262832508095 4
0004 0003 1 1671092665949102 -117.125 -68.0 2.6691265709210157 4
0004 0007 1 1671092665950009 -35.75 -59.0 4.945554060143307 4
0004 0000 1 1671092665951199 -16.25 -72.5 0.6933593161243098 4
0004 0011 1 1671092665952147 -55.3125 -63.5 4.4976316700806995 4
0004 0005 1 1671092665953592 19.5 -62.5 0.02454369260617026 4
0004 0008 1 1671092665954540 -87.875 -67.5 4.000621894805752 4
0004 0006 1 1671092665956351 9.75 -60.0 0.5583690067903734 4
0004 0013 1 1671092665958270 55.3125 -64.0 3.6447383520162835 4
0004 0010 1 1671092665959653 -13.0 -65.5 2.282563412373834 4
0004 0004 1 1671092665960869 26.0 -65.5 5.675728915176872 4
0004 0014 2 1671092665986047 6.5 -58.5 1.9696313316451632 4
0004 0007 2 1671092665987809 -29.25 -58.0 1.8653206380689396 4
0004 0001 2 1671092665989252 -39.0 -62.0 0.7853981633974483 4
0004 0011 2 1671092665990633 0.0 -55.0 2.1230294104337273 4
0004 0006 2 1671092665992524 -192.0 -64.0 5.9518454569962875 4
0004 0013 2 1671092665993826 -48.8125 -60.0 0.8467573949128739 4
0004 0005 2 1671092665994790 13.0 -60.5 3.5465635815916023 4
0004 0010 2 1671092665996207 78.0625 -65.0 0.28838838812250056 4
0004 0003 2 1671092665997457 -29.25 -67.0 6.22182607566416 4
0004 0001 3 1671092666036929 73.1875 -67.5 0.15339807878856412 4
0004 0014 3 1671092666040541 -9.75 -70.0 5.608233760509904 4
0004 0005 3 1671092666046905 13.0 -66.0 4.454680208019902 4
0004 0006 3 1671092666056480 32.5 -70.5 3.810408277107933 4
0004 0012 3 1671092666058781 133.4375 -69.5 4.276738436625168 4
0004 0012 4 1671092666086876 13.0 -63.5 5.00077736850719 4
0004 0004 4 1671092666089963 16.25 -71.5 3.3870295796514958 4
0004 0007 4 1671092666091213 -26.0 -68.0 2.945243112740431 4
0004 0014 5 1671092666117818 16.25 -64.5 1.4787574795217582 4
0004 0007 5 1671092666123856 -6.5 -68.5 4.914874444385594 4
0004 0012 5 1671092666126108 -107.375 -69.5 5.841398840268521 4
0004 0002 5 1671092666128731 -136.6875 -72.5 5.798447378207723 4
0004 0005 6 1671092666157615 -13.0 -71.5 2.1537090261914402 4
0004 0014 6 1671092666158580 35.75 -68.5 5.540738605842936 4
0004 0012 6 1671092666159983 29.25 -69.5 5.013049214810275 4
0004 0006 7 1671092666185842 35.75 -53.5 4.95168998329485 4
0004 0014 7 1671092666186792 52.0625 -67.5 5.93343768754166 4
0004 0013 7 1671092666188247 78.0625 -69.5 1.607611865704152 4
0004 0012 7 1671092666190463 -81.375 -66.5 5.841398840268521 4
0004 0004 7 1671092666191638 -71.5625 -60.5 2.435961491162398 4
0004 0002 7 1671092666193300 -65.0625 -70.5 4.988505522204105 4
0004 0001 7 1671092666194244 10.5625 -67.0 4.509903516383785 4
0004 0010 7 1671092666195804 19.5 -64.0 2.890019804376548 4
0004 0011 7 1671092666197022 -152.9375 -68.0 2.4850488763747385 4
0004 0005 7 1671092666198439 -32.5 -69.5 2.693670263527186 4
0004 0007 8 1671092666226191 -78.0625 -62.5 3.2949907323783574 4
0004 0005 8 1671092666227195 9.75 -59.5 6.025476534814799 4
0004 0009 8 1671092666228398 -13.0 -52.5 2.767301341345697 4
0004 0011 8 1671092666229856 30.875 -62.0 1.7916895602504288 4
0004 0014 8 1671092666230833 19.5 -63.5 1.859184714917397 4
0004 0001 8 1671092666232487 10.5625 -65.0 0.44178646691106466 4
0004 0013 8 1671092666233507 3.25 -57.0 2.650718801466388 4
0004 0004 8 1671092666234684 -16.25 -56.0 3.129320807286708 4
0004 0010 8 1671092666235944 39.0 -65.5 6.12365130523948 4
0004 0002 8 1671092666236881 -13.0 -66.5 2.380738182798515 4
0004 0008 8 1671092666238097 9.75 -57.0 1.41126232485479 4
0004 0006 8 1671092666239544 3.25 -61.0 4.816699673960914 4
0004 0003 8 1671092666240869 120.4375 -68.5 1.521708941582556 4
0004 0012 1 1671092666456194 -52.0625 -64.0 3.5772431973493153 4
0004 0002 1 1671092666457427 -81.375 -65.0 3.865631585471816 4
0004 0003 1 1671092666458350 -6.5 -58.5 4.06811704947272 4
0004 0001 1 1671092666459541 52.0625 -63.0 0.9756117810952678 4
0004 0009 1 1671092666460971 -13.0 -57.5 0.5583690067903734 4
0004 0006 1 1671092666462617 55.3125 -68.0 4.448544284868359 4
0004 0008 1 1671092666463549 -3.25 -59.0 2.325514874434632 4
0004 0007 1 1671092666464873 35.75 -63.5 0.46019423636569234 4
0004 0000 1 1671092666468128 -61.8125 -73.0 4.424000592262189 4
0004 0004 1 1671092666470025 -211.5625 -70.0 5.8659425328746915 4
0004 0010 1 1671092666470961 -208.3125 -70.0 4.7307967498393175 4
0004 0015 1 1671092666472068 -390.5625 -73.0 2.773437264497239 4
0004 0004 2 1671092666496494 26.0 -59.5 0.018407769454627694 4
0004 0008 2 1671092666497697 -22.75 -62.0 1.6382914814618648 4
0004 0001 2 1671092666499168 -9.75 -69.0 2.184388641949153 4
0004 0009 2 1671092666500404 -45.5625 -64.0 5.553010452146021 4
0004 0011 2 1671092666501592 -9.75 -67.5 3.141592653589793 4
0004 0007 2 1671092666503319 6.5 -56.5 3.067961575771282 4
0004 0003 2 1671092666504899 126.9375 -61.0 1.380582709097077 4
0004 0005 2 1671092666505878 -45.5625 -57.5 1.6137477888556946 4
0004 0014 2 1671092666507590 32.5 -59.0 1.9266798695843652 4
0004 0006 2 1671092666510323 26.0 -59.5 2.945243112740431 4
0004 0014 3 1671092666547283 -22.75 -69.5 6.111379458936394 4
0004 0004 3 1671092666549354 -68.3125 -68.5 3.749049045592507 4
0004 0009 3 1671092666550574 -42.3125 -65.0 0.5460971604872883 4
0004 0004 4 1671092666576200 45.5625 -68.5 4.693981210930062 4
0004 0007 4 1671092666577437 -6.5 -70.5 4.417864669110647 4
0004 0009 4 1671092666580843 -35.75 -67.0 5.602097837358362 4
0004 0008 4 1671092666581762 -3.25 -67.0 0.3620194659410113 4
0004 0014 5 1671092666606835 94.375 -66.0 2.779573187648782 4
0004 0006 5 1671092666609523 -9.75 -63.5 0.04908738521234052 4
0004 0006 6 1671092666637900 6.5 -60.0 0.2761165418194154 4
0004 0004 6 1671092666638952 42.3125 -67.0 0.37429131224409645 4
0004 0009 6 1671092666640138 6.5 -67.5 0.6565437772150544 4
0004 0010 7 1671092666666108 52.0625 -69.5 6.191146459906448 4
0004 0004 7 1671092666667055 35.75 -60.5 2.742757648739526 4
0004 0006 7 1671092666668768 -35.75 -60.0 5.915029918087033 4
0004 0014 7 1671092666673699 -29.25 -63.0 5.816855147662351 4
0004 0008 7 1671092666674656 0.0 -58.0 6.056156150572511 4
0004 0001 7 1671092666675989 -69.125 -64.0 5.749359992995383 4
0004 0007 7 1671092666677338 84.625 -66.5 0.8099418560036186 4
0004 0009 7 1671092666678572 -100.875 -65.5 4.000621894805752 4
0004 0002 7 1671092666679851 -78.0625 -68.5 6.111379458936394 4
0004 0002 8 1671092666706589 -9.75 -56.5 1.2026409377023426 4
0004 0005 8 1671092666708421 -22.75 -60.0 5.583690067903734 4
0004 0008 8 1671092666709326 -13.0 -54.0 0.9633399347921826 4
0004 0006 8 1671092666710314 0.0 -58.5 0.8651651643675016 4
0004 0013 8 1671092666711492 -110.625 -76.5 5.270757987175063 4
0004 0004 8 1671092666713932 32.5 -62.0 6.2463697682703305 4
0004 0009 1 1671092666926351 -48.8125 -60.0 4.706253057233147 4
0004 0001 1 1671092666927313 52.0625 -62.0 2.5954954931025047 4
0004 0015 1 1671092666929731 -65.0625 -68.5 6.252505691421874 4
0004 0010 1 1671092666931527 123.6875 -70.5 5.8045833013592665 4
0004 0007 1 1671092666932701 -16.25 -68.0 1.9757672547967058 4
0004 0005 1 1671092666933781 -35.75 -63.0 5.773903685601553 4
0004 0004 1 1671092666936651 3.25 -65.0 5.184855063053467 4
0004 0003 1 1671092666937634 -48.8125 -62.0 6.043884304269426 4
0004 0013 1 1671092666942850 -3.25 -73.0 0.4295146206079795 4
0004 0004 2 1671092666976630 0.0 -60.0 2.1046216409791 4
0004 0007 2 1671092666977558 -179.0 -67.0 5.258486140871978 4
0004 0005 2 1671092666979783 -3.25 -60.0 4.104932588381976 4
0004 0009 2 1671092666980720 -55.3125 -66.5 3.9699422790480394 4
0004 0003 2 1671092666982177 -61.8125 -65.0 4.620350133111551 4
0004 0014 2 1671092666983411 91.125 -62.0 2.5402721847386216 4
0004 0008 2 1671092666984612 22.75 -59.0 3.4177091954092087 4
0004 0009 3 1671092667006897 -104.125 -65.5 0.07976700097005335 4
0004 0001 3 1671092667008599 177.375 -70.0 4.558990901596125 4
0004 0006 3 1671092667009775 -68.3125 -66.5 0.7669903939428205 4
0004 0008 3 1671092667011518 42.3125 -62.0 5.589825991055276 4
0004 0005 3 1671092667024977 -169.25 -70.0 1.88986433067511 4
0004 0007 3 1671092667026481 -61.8125 -70.5 4.76147636559703 4
0004 0010 4 1671092667045936 110.625 -67.5 2.5832236467994196 4
0004 0007 4 1671092667047126 -9.75 -63.0 0.4970097752749477 4
0004 0003 4 1671092667050358 9.75 -67.0 0.8774370106705868 4
0004 0005 4 1671092667051800 -45.5625 -65.0 6.2463697682703305 4
0004 0015 4 1671092667053216 32.5 -70.5 6.240233845118788 4
0004 0008 5 1671092667085850 3.25 -63.5 1.325359400733194 4
0004 0007 5 1671092667087072 71.5625 -64.5 1.9941750242513334 4
0004 0015 5 1671092667089567 39.0 -67.0 4.0987966652304335 4
0004 0006 5 1671092667090756 16.25 -64.5 1.8653206380689396 4
0004 0004 5 1671092667092217 22.75 -64.0 4.871922982324796 4
0004 0007 6 1671092667117163 -9.75 -65.5 6.252505691421874 4
0004 0004 6 1671092667118244 -39.0 -58.5 4.049709280018092 4
0004 0008 6 1671092667120636 13.0 -67.0 5.129631754689584 4
0004 0002 6 1671092667121563 -55.3125 -70.0 3.792000507653305 4
0004 0010 6 1671092667124524 -45.5625 -71.0 1.1474176293384597 4
0004 0009 7 1671092667146313 -13.0 -59.0 2.337786720737717 4
0004 0006 7 1671092667147248 -6.5 -60.5 0.9326603190344698 4
0004 0008 7 1671092667148736 -35.75 -56.5 5.915029918087033 4
0004 0004 7 1671092667150930 -26.0 -55.0 4.853515212870168 4
0004 0007 7 1671092667152888 126.9375 -67.5 0.7915340865489908 4
0004 0014 7 1671092667153908 13.0 -63.5 6.129787228391022 4
0004 0005 7 1671092667156150 55.3125 -69.5 4.000621894805752 4
0004 0008 8 1671092667177996 -52.0625 -59.0 0.23316507975861744 4
0004 0007 8 1671092667178949 195.25 -70.0 1.1044661672776617 4
0004 0005 8 1671092667180962 -35.75 -66.0 0.4111068511533518 4
0004 0002 8 1671092667183423 22.75 -61.0 2.650718801466388 4
0004 0010 8 1671092667186833 -9.75 -68.0 2.055534255766759 4
0004 0001 1 1671092667406092 -7.3125 -66.0 5.810719224510809 4
0004 0007 1 1671092667409366 -55.3125 -63.5 1.086058397823034 4
0004 0009 1 1671092667410328 -48.8125 -60.5 3.9392626632903265 4
0004 0008 1 1671092667411532 -39.0 -63.5 2.0371264863121317 4
0004 0015 1 1671092667413624 117.125 -68.0 0.11658253987930872 4
0004 0005 1 1671092667414572 42.3125 -67.0 3.706097583531709 4
0004 0002 1 1671092667416358 -26.0 -73.0 1.6014759425526093 4
0004 0006 2 1671092667436128 13.0 -66.0 3.0925052683774528 4
0004 0007 2 1671092667437092 -3.25 -63.0 3.6570101983193686 4
0004 0014 2 1671092667438298 -39.0 -62.0 2.7979809571034093 4
0004 0004 2 1671092667440277 0.0 -63.0 1.9512235621905356 4
0004 0009 2 1671092667441742 -55.3125 -66.5 3.9760782021995817 4
0004 0005 2 1671092667442688 -6.5 -62.0 3.8840393549264434 4
0004 0008 2 1671092667443893 -13.0 -61.5 3.6140587362585705 4
0004 0003 2 1671092667447639 -65.0625 -70.0 3.9944859716542096 4
0004 0006 3 1671092667469000 78.0625 -66.5 0.7240389318820226 4
0004 0009 3 1671092667471725 -68.3125 -68.5 6.2463697682703305 4
0004 0005 3 1671092667474312 -29.25 -69.5 2.110757564130642 4
0004 0008 3 1671092667476702 -120.4375 -67.0 5.994796919057086 4
0004 0015 4 1671092667515859 -19.5 -71.0 0.0 4
0004 0005 4 1671092667517079 -16.25 -66.0 0.07976700097005335 4
0004 0003 4 1671092667518032 13.0 -67.0 0.705631162427395 4
0004 0010 4 1671092667521118 -9.75 -70.0 2.9697868053466014 4
0004 0007 4 1671092667522070 39.0 -61.5 0.4970097752749477 4
0004 0007 5 1671092667546587 -91.125 -63.5 2.6016314162540475 4
0004 0004 5 1671092667547878 39.0 -67.0 4.522175362686871 4
0004 0015 5 1671092667548842 -48.8125 -68.5 4.166291819897402 4
0004 0008 5 1671092667550045 81.375 -64.0 1.6014759425526093 4
0004 0006 5 1671092667551505 -42.3125 -63.0 2.110757564130642 4
0004 0007 6 1671092667575798 74.8125 -65.0 0.018407769454627694 4
0004 0006 6 1671092667577815 16.25 -71.5 5.062136600022616 4
0004 0008 6 1671092667578715 0.0 -68.0 5.5100589900852235 4
0004 0002 6 1671092667579672 19.5 -70.0 3.6201946594101133 4
0004 0004 6 1671092667581074 -9.75 -59.0 3.7429131224409646 4
0004 0010 6 1671092667581998 61.8125 -71.0 1.214912784005428 4
0004 0014 7 1671092667605852 -110.625 -64.0 6.234097921967246 4
0004 0004 7 1671092667607251 6.5 -54.5 4.6448938257177215 4
0004 0009 7 1671092667608373 45.5625 -59.5 2.2948352586769194 4
0004 0007 7 1671092667609847 97.625 -67.0 0.9387962421860124 4
0004 0008 7 1671092667611077 -9.75 -56.5 5.976389149602458 4
0004 0005 7 1671092667612727 65.0625 -69.5 4.0128937411088375 4
0004 0006 7 1671092667613674 3.25 -60.0 0.705631162427395 4
0004 0008 8 1671092667647297 6.5 -57.5 0.05522330836388308 4
0004 0007 8 1671092667648252 -78.0625 -71.5 1.7855536370988863 4
0004 0005 8 1671092667649424 9.75 -65.5 0.16566992509164924 4
0004 0002 8 1671092667652079 -26.0 -61.0 2.5157284921324514 4
0004 0010 8 1671092667653895 -19.5 -69.0 2.2518837966161214 4
0004 0008 1 1671092667866039 -22.75 -64.5 1.902136176978195 4
0004 0002 1 1671092667866965 149.6875 -72.0 1.5278448647340985 4
0004 0009 1 1671092667868611 -45.5625 -61.0 4.0987966652304335 4
0004 0015 1 1671092667869560 -110.625 -69.0 0.5522330836388308 4
0004 0007 1 1671092667870482 26.0 -63.0 0.8897088569736719 4
0004 0001 1 1671092667872110 -58.5625 -66.5 5.945709533844745 4
0004 0005 1 1671092667875184 58.5625 -67.5 3.7122335066832517 4
0004 0009 2 1671092667907136 -48.8125 -67.0 4.06811704947272 4
0004 0007 2 1671092667908327 22.75 -62.0 3.5465635815916023 4
0004 0005 2 1671092667909308 32.5 -61.5 3.933126740138784 4
0004 0008 2 1671092667910543 52.0625 -61.5 3.522019888985432 4
0004 0006 2 1671092667911522 130.1875 -66.0 2.8716120349219203 4
0004 0004 2 1671092667912892 45.5625 -63.5 2.012582793705961 4
0004 0014 2 1671092667914140 -13.0 -62.5 2.791845033951867 4
0004 0008 3 1671092667936073 32.5 -66.5 5.816855147662351 4
0004 0005 3 1671092667939005 -91.125 -69.0 2.5157284921324514 4
0004 0006 3 1671092667941821 16.25 -68.5 0.8283496254582462 4
0004 0007 4 1671092667965836 16.25 -62.0 0.7240389318820226 4
0004 0015 4 1671092667967793 55.3125 -71.5 0.04908738521234052 4
0004 0010 4 1671092667968741 -91.125 -69.5 2.9943304979527716 4
0004 0003 4 1671092667970683 -9.75 -66.5 1.043106935762236 4
0004 0005 4 1671092667971635 -26.0 -66.5 0.28225246497095796 4
0004 0008 5 1671092667995892 61.8125 -64.0 1.41126232485479 4
0004 0006 5 1671092667996841 16.25 -62.5 1.88986433067511 4
0004 0007 5 1671092667998573 61.8125 -63.0 2.386874105950058 4
0004 0015 5 1671092668000529 16.25 -69.0 4.04357335686655 4
0004 0004 5 1671092668003042 -97.625 -66.5 4.442408361716817 4
0004 0007 6 1671092668026126 13.0 -64.5 0.12885438618239387 4
0004 0002 6 1671092668027095 87.875 -70.5 3.055689729468197 4
0004 0006 6 1671092668028726 -100.875 -72.0 5.086680292628786 4
0004 0004 6 1671092668029631 -19.5 -60.0 3.3379421944391554 4
0004 0009 7 1671092668056596 -13.0 -59.5 2.3439226438892597 4
0004 0006 7 1671092668057916 -22.75 -60.5 0.7731263170943632 4
0004 0004 7 1671092668059346 16.25 -54.0 4.4976316700806995 4
0004 0008 7 1671092668060293 -3.25 -56.5 5.915029918087033 4
0004 0014 7 1671092668061512 -87.875 -64.0 6.092971689481767 4
0004 0007 7 1671092668063287 -55.3125 -67.0 1.1903690913992575 4
0004 0005 7 1671092668064237 -6.5 -71.0 3.9638063558964967 4
0004 0001 7 1671092668065345 -117.9375 -70.5 6.14819499784565 4
0004 0005 8 1671092668087458 35.75 -65.0 6.19728238305799 4
0004 0004 8 1671092668088422 -58.5625 -73.5 4.006757817957295 4
0004 0002 8 1671092668089598 26.0 -61.5 2.3316507975861747 4
0004 0010 8 1671092668090546 -22.75 -70.0 2.435961491162398 4
0004 0008 8 1671092668091480 -32.5 -57.0 0.0674951546669682 4
0004 0007 8 1671092668093652 16.25 -71.5 1.9205439464328227 4
0004 0007 1 1671092668307754 -6.5 -63.5 1.0921943209745766 4
0004 0003 1 1671092668310124 -13.0 -70.5 5.872078456026235 4
0004 0009 1 1671092668311217 -26.0 -61.0 4.239922897715912 4
0004 0008 1 1671092668312166 -45.5625 -66.5 2.1353012567368124 4
0004 0001 1 1671092668313112 -41.5 -67.0 0.0859029241215959 4
0004 0015 1 1671092668314302 -55.3125 -69.0 0.5031456984264903 4
0004 0002 1 1671092668315508 -13.0 -72.0 1.9573594853420782 4
0004 0004 1 1671092668317267 -71.5625 -71.0 5.411884219660542 4
0004 0005 1 1671092668318233 52.0625 -68.0 3.9638063558964967 4
0004 0007 2 1671092668346105 0.0 -61.5 3.736777199289422 4
0004 0014 2 1671092668347287 -58.5625 -63.0 2.9697868053466014 4
0004 0005 2 1671092668349356 -6.5 -61.0 4.1172044346850605 4
0004 0008 2 1671092668351198 -22.75 -62.0 3.761320891895592 4
0004 0006 2 1671092668353336 -162.75 -68.0 3.522019888985432 4
0004 0004 2 1671092668354298 32.5 -63.5 2.172116795646068 4
0004 0009 2 1671092668355743 48.8125 -66.0 4.411728745959104 4
0004 0006 3 1671092668386099 19.5 -65.5 0.7915340865489908 4
0004 0005 3 1671092668398151 58.5625 -70.0 2.043262409463674 4
0004 0003 4 1671092668426902 35.75 -65.5 0.9572040116406401 4
0004 0007 4 1671092668429647 19.5 -61.0 0.4295146206079795 4
0004 0010 4 1671092668430738 -19.5 -69.0 2.6813984172241008 4
0004 0005 4 1671092668431690 -68.3125 -66.5 0.1595340019401067 4
0004 0015 4 1671092668435702 -29.25 -71.5 0.2454369260617026 4
0004 0004 4 1671092668438325 237.5625 -72.0 3.380893656499953 4
0004 0008 5 1671092668465837 107.375 -65.0 1.3130875544301088 4
0004 0015 5 1671092668467850 -26.0 -68.0 4.037437433715008 4
0004 0006 5 1671092668469067 -13.0 -63.5 1.7119225592803755 4
0004 0004 5 1671092668470045 -9.75 -68.0 3.9638063558964967 4
0004 0007 5 1671092668471733 19.5 -63.0 2.1659808724945253 4
0004 0007 6 1671092668496980 58.5625 -65.5 6.22182607566416 4
0004 0002 6 1671092668498173 68.3125 -70.5 2.8961557275280905 4
0004 0006 6 1671092668500201 19.5 -72.0 4.921010367537137 4
0004 0004 6 1671092668503577 -42.3125 -60.0 3.0495538063166547 4
0004 0004 7 1671092668527527 3.25 -54.5 4.6448938257177215 4
0004 0009 7 1671092668528477 22.75 -60.5 2.2580197197676637 4
0004 0008 7 1671092668529438 3.25 -57.0 6.12365130523948 4
0004 0006 7 1671092668530668 0.0 -61.0 0.8897088569736719 4
0004 0014 7 1671092668531835 -26.0 -63.0 6.074563920027139 4
0004 0007 7 1671092668532900 -84.625 -67.0 1.3192234775816514 4
0004 0005 7 1671092668533837 126.9375 -69.5 3.785864584501762 4
0004 0008 8 1671092668567245 -9.75 -56.5 0.15339807878856412 4
0004 0002 8 1671092668569045 0.0 -60.5 2.60776733940559 4
0004 0005 8 1671092668570582 -74.8125 -65.0 0.3436116964863836 4
0004 0010 8 1671092668571773 87.875 -71.0 2.552544031041707 4
0004 0004 8 1671092668572766 -156.1875 -72.5 4.295146206079795 4
0004 0008 1 1671092668787278 107.375 -66.5 2.024854640009046 4
0004 0009 1 1671092668789088 -16.25 -61.0 4.246058820867455 4
0004 0007 1 1671092668790615 -13.0 -63.0 1.2026409377023426 4
0004 0002 1 1671092668791937 6.5 -71.0 1.7794177139473437 4
0004 0001 1 1671092668792942 3.25 -67.0 6.22182607566416 4
0004 0005 1 1671092668793894 -29.25 -67.5 4.01902966426038 4
0004 0004 1 1671092668794831 -175.75 -71.0 5.6143696836614465 4
0004 0015 1 1671092668798662 16.25 -69.5 0.3313398501832985 4
0004 0014 2 1671092668832051 9.75 -63.0 2.8777479580734626 4
0004 0005 2 1671092668834401 -19.5 -60.5 4.2092432819582 4
0004 0006 2 1671092668835647 -100.875 -66.5 3.2888548092268146 4
0004 0004 2 1671092668837104 -6.5 -63.0 2.2089323345553233 4
0004 0008 2 1671092668838634 -9.75 -62.5 3.816544200259475 4
0004 0009 2 1671092668839612 -22.75 -67.5 4.3074180523828804 4
0004 0007 2 1671092668840536 -61.8125 -62.0 3.933126740138784 4
0004 0006 3 1671092668866890 -22.75 -67.5 0.6504078540635119 4
0004 0009 3 1671092668870543 227.8125 -68.5 5.816855147662351 4
0004 0005 3 1671092668873021 -276.625 -68.5 2.478912953223196 4
0004 0010 4 1671092668915885 45.5625 -68.5 2.5280003384355365 4
0004 0005 4 1671092668917901 58.5625 -67.0 6.2034183062095325 4
0004 0003 4 1671092668919111 87.875 -65.5 0.6933593161243098 4
0004 0004 4 1671092668920119 -55.3125 -72.0 3.77972866135022 4
0004 0015 4 1671092668921307 71.5625 -72.0 0.0859029241215959 4
0004 0007 4 1671092668922273 26.0 -60.5 0.22089323345553233 4
0004 0004 5 1671092668946399 -32.5 -67.5 4.006757817957295 4
0004 0008 5 1671092668949306 -16.25 -66.5 1.521708941582556 4
0004 0006 5 1671092668950921 117.125 -62.5 1.552388557340269 4
0004 0007 5 1671092668951842 42.3125 -62.5 2.086213871524472 4
0004 0015 5 1671092668952976 -87.875 -69.0 4.111068511533518 4
0004 0007 6 1671092668976877 -19.5 -66.0 6.2463697682703305 4
0004 0004 6 1671092668978450 -16.25 -60.0 2.9759227284981438 4
0004 0006 6 1671092668983009 0.0 -72.5 5.117359908386499 4
0004 0002 6 1671092668983939 -192.0 -70.5 3.32567034813607 4
0004 0006 7 1671092669005857 3.25 -61.0 0.8835729338221293 4
0004 0008 7 1671092669007062 -19.5 -57.0 0.006135923151542565 4
0004 0004 7 1671092669008240 -35.75 -54.0 4.767612288748572 4
0004 0009 7 1671092669009910 -6.5 -60.5 2.4605051837685683 4
0004 0014 7 1671092669011568 -19.5 -63.5 6.068427996875596 4
0004 0007 7 1671092669015357 81.375 -68.0 1.1535535524900022 4
0004 0005 7 1671092669017624 -6.5 -70.0 4.190835512503572 4
0004 0001 7 1671092669025087 21.125 -70.5 6.166602767300278 4
0004 0005 8 1671092669046129 -22.75 -65.5 0.4111068511533518 4
0004 0008 8 1671092669047118 -3.25 -56.0 0.19634954084936207 4
0004 0002 8 1671092669048340 -13.0 -60.5 2.6998061866787286 4
0004 0004 8 1671092669049533 -117.125 -71.0 4.23378697456437 4
0004 0010 8 1671092669054811 -19.5 -69.5 2.7979809571034093 4
0004 0004 1 1671092669266452 19.5 -72.5 5.675728915176872 4
0004 0008 1 1671092669268735 -3.25 -65.5 2.227340104009951 4
0004 0001 1 1671092669269784 65.875 -66.5 6.007068765360171 4
0004 0009 1 1671092669270719 13.0 -61.0 4.147884050442774 4
0004 0007 1 1671092669272585 3.25 -64.0 1.239456476611598 4
0004 0005 1 1671092669274825 55.3125 -68.0 3.7429131224409646 4
0004 0015 1 1671092669276425 120.4375 -70.5 0.18407769454627693 4
0004 0002 1 1671092669279314 -19.5 -71.0 1.5033011721279284 4
0004 0009 2 1671092669305846 -45.5625 -66.0 4.516039439535327 4
0004 0007 2 1671092669307036 -6.5 -62.5 3.890175278077986 4
0004 0005 2 1671092669308697 -68.3125 -61.0 4.227651051412827 4
0004 0008 2 1671092669309660 -32.5 -62.5 3.9269908169872414 4
0004 0006 2 1671092669312667 91.125 -68.5 3.2459033471660166 4
0004 0014 2 1671092669313903 123.6875 -63.0 2.730485802436441 4
0004 0004 2 1671092669315573 29.25 -62.5 2.018718716857504 4
0004 0006 3 1671092669336433 100.875 -65.0 0.5522330836388308 4
0004 0009 3 1671092669338786 -104.125 -67.0 6.086835766330224 4
0004 0005 3 1671092669341062 -149.6875 -68.5 2.1905245651006955 4
0004 0001 3 1671092669349953 0.0 -71.0 4.135612204139688 4
0004 0004 4 1671092669389829 -26.0 -70.5 3.6754179677739964 4
0004 0015 4 1671092669391200 104.125 -70.5 0.006135923151542565 4
0004 0010 4 1671092669392556 -32.5 -68.0 2.478912953223196 4
0004 0003 4 1671092669393579 35.75 -65.5 0.6320000846088841 4
0004 0007 4 1671092669394524 0.0 -61.0 0.07363107781851078 4
0004 0005 4 1671092669396059 9.75 -67.0 6.0991076126333095 4
0004 0008 5 1671092669427161 149.6875 -67.5 1.380582709097077 4
0004 0004 5 1671092669428577 -35.75 -67.0 3.890175278077986 4
0004 0007 5 1671092669429827 52.0625 -63.0 1.945087639038993 4
0004 0006 5 1671092669430776 -39.0 -62.5 1.662835174068035 4
0004 0015 5 1671092669432349 6.5 -68.0 4.031301510563465 4
0004 0007 6 1671092669456261 -29.25 -65.5 0.030679615757712823 4
0004 0004 6 1671092669457776 6.5 -60.5 2.834796496012665 4
0004 0002 6 1671092669460558 -68.3125 -71.5 3.074097498922825 4
0004 0006 6 1671092669463346 -3.25 -72.0 5.117359908386499 4
0004 0009 7 1671092669486135 -22.75 -61.0 2.5464081078901644 4
0004 0008 7 1671092669487083 -6.5 -56.5 0.07976700097005335 4
0004 0014 7 1671092669488247 -52.0625 -63.0 6.129787228391022 4
0004 0004 7 1671092669489448 -3.25 -53.5 4.798291904506286 4
0004 0007 7 1671092669491202 123.6875 -66.5 1.1780972450961724 4
0004 0006 7 1671092669492477 94.375 -61.0 0.7485826244881929 4
0004 0005 7 1671092669493638 26.0 -69.0 4.246058820867455 4
0004 0001 7 1671092669501618 -27.625 -70.5 0.19634954084936207 4
0004 0002 8 1671092669528921 -19.5 -60.5 2.736621725587984 4
0004 0010 8 1671092669529843 -26.0 -70.5 3.104777114680538 4
0004 0005 8 1671092669531288 26.0 -65.5 0.4295146206079795 4
0004 0004 8 1671092669532210 -159.5 -70.0 4.657165672020807 4
0004 0008 8 1671092669533184 9.75 -56.0 0.25770877236478773 4
0004 0001 1 1671092669745833 -17.0625 -66.0 6.092971689481767 4
0004 0009 1 1671092669747318 -19.5 -61.0 4.172427743048944 4
0004 0005 1 1671092669748227 -61.8125 -67.5 4.0128937411088375 4
0004 0002 1 1671092669749391 182.25 -71.0 1.1780972450961724 4
0004 0008 1 1671092669750296 26.0 -66.5 2.282563412373834 4
0004 0015 1 1671092669752457 -6.5 -70.0 0.44178646691106466 4
0004 0007 1 1671092669753848 22.75 -64.0 1.184233168247715 4
0004 0004 2 1671092669785937 45.5625 -63.0 2.184388641949153 4
0004 0005 2 1671092669788825 -19.5 -61.5 4.172427743048944 4
0004 0007 2 1671092669789890 22.75 -62.0 3.7551849687440497 4
0004 0009 2 1671092669790868 -22.75 -65.0 4.608078286808466 4
0004 0008 2 1671092669791813 0.0 -62.5 3.847223816017188 4
0004 0014 2 1671092669792797 -42.3125 -63.0 2.945243112740431 4
0004 0006 2 1671092669794953 -65.0625 -68.0 3.153864499892878 4
0004 0009 3 1671092669825848 -3.25 -67.5 5.970253226450915 4
0004 0006 3 1671092669829065 -3.25 -65.5 0.7301748550335652 4
0004 0005 3 1671092669831914 22.75 -69.0 2.0371264863121317 4
0004 0001 3 1671092669837297 -87.875 -69.5 4.442408361716817 4
0004 0003 4 1671092669855853 6.5 -66.0 0.5767767762450011 4
0004 0015 4 1671092669857042 -16.25 -73.0 0.35588354278946877 4
0004 0004 4 1671092669858037 29.25 -69.5 3.5833791205008576 4
0004 0010 4 1671092669859015 -58.5625 -69.0 2.564815877344792 4
0004 0005 4 1671092669860691 19.5 -67.5 6.2463697682703305 4
0004 0007 4 1671092669863521 -19.5 -60.5 0.07363107781851078 4
0004 0007 5 1671092669886880 -42.3125 -63.0 2.1598449493429825 4
0004 0008 5 1671092669888383 -68.3125 -66.0 1.6137477888556946 4
0004 0006 5 1671092669889332 -42.3125 -62.5 1.761009944492716 4
0004 0004 5 1671092669891399 -52.0625 -66.5 4.111068511533518 4
0004 0015 5 1671092669892331 29.25 -68.0 3.9638063558964967 4
0004 0004 6 1671092669918437 26.0 -60.0 3.0066023442558567 4
0004 0007 6 1671092669921682 126.9375 -66.0 6.19728238305799 4
0004 0002 6 1671092669926992 -26.0 -71.5 3.129320807286708 4
0004 0006 6 1671092669928040 -61.8125 -72.5 5.270757987175063 4
