0004 0013 1 1671092821566906 -6.5 -63.0 3.785864584501762 4
0004 0000 1 1671092821567973 117.125 -71.0 0.8406214717613314 4
0004 0009 1 1671092821569174 -26.0 -59.5 4.994641445355648 4
0004 0007 1 1671092821570090 0.0 -57.5 5.47937937432751 4
0004 0003 1 1671092821571003 117.125 -70.0 2.0064468705544187 4
0004 0005 1 1671092821572193 35.75 -60.0 0.3865631585471816 4
0004 0008 1 1671092821573765 13.0 -67.0 4.583534594202296 4
0004 0010 1 1671092821575213 -257.125 -68.0 3.773592738198677 4
0004 0012 1 1671092821576147 -19.5 -67.0 5.780039608753096 4
0004 0011 1 1671092821577083 39.0 -66.0 5.178719139901925 4
0004 0006 2 1671092821605977 -48.8125 -61.5 5.553010452146021 4
0004 0010 2 1671092821606911 -55.3125 -64.0 2.521864415283994 4
0004 0011 2 1671092821607823 0.0 -55.5 2.6813984172241008 4
0004 0009 2 1671092821608764 29.25 -67.5 3.706097583531709 4
0004 0012 2 1671092821609716 -52.0625 -66.0 4.196971435655114 4
0004 0007 2 1671092821610889 -9.75 -56.5 2.4727770300716534 4
0004 0005 2 1671092821612111 -78.0625 -61.5 4.565126824747668 4
0004 0014 2 1671092821613015 -16.25 -59.0 1.9634954084936207 4
0004 0013 2 1671092821614192 -61.8125 -66.5 2.098485717827557 4
0004 0001 2 1671092821615921 117.9375 -65.5 5.019185137961818 4
0004 0003 2 1671092821618050 71.5625 -69.0 5.295301679781233 4
0004 0007 3 1671092821647350 9.75 -69.5 5.982525072754001 4
0004 0005 3 1671092821650352 -87.875 -63.5 5.5284667595398505 4
0004 0011 3 1671092821656228 -45.5625 -70.5 4.25833066717054 4
0004 0012 4 1671092821675871 -19.5 -67.0 5.184855063053467 4
0004 0013 4 1671092821679964 -58.5625 -69.5 4.344233591292136 4
0004 0007 5 1671092821716097 -13.0 -67.0 4.773748211900116 4
0004 0014 5 1671092821718395 71.5625 -63.5 1.1658253987930873 4
0004 0012 5 1671092821719315 45.5625 -63.5 4.417864669110647 4
0004 0004 5 1671092821726688 84.625 -71.5 0.25157284921324513 4
0004 0012 6 1671092821745843 -123.6875 -68.0 3.509748042682347 4
0004 0004 6 1671092821748207 45.5625 -71.5 1.9512235621905356 4
0004 0014 6 1671092821751539 -9.75 -66.0 5.71868037723767 4
0004 0005 6 1671092821752434 -45.5625 -68.0 1.748738098189631 4
0004 0011 7 1671092821776657 -24.375 -62.5 3.724505352986337 4
0004 0010 7 1671092821778281 -6.5 -62.0 2.890019804376548 4
0004 0006 7 1671092821779191 -55.3125 -58.5 4.190835512503572 4
0004 0004 7 1671092821780122 -6.5 -56.5 2.399145952253143 4
0004 0001 7 1671092821781043 -30.875 -69.0 1.3621749396424494 4
0004 0005 7 1671092821782434 71.5625 -67.0 1.7732817907958012 4
0004 0007 7 1671092821783472 45.5625 -71.5 1.6812429435226628 4
0004 0014 7 1671092821785925 65.0625 -69.5 5.270757987175063 4
0004 0009 8 1671092821815938 -13.0 -62.0 3.834951969714103 4
0004 0006 8 1671092821816918 19.5 -62.5 0.3620194659410113 4
0004 0013 8 1671092821817881 -13.0 -60.0 3.5281558121369745 4
0004 0010 8 1671092821819252 3.25 -62.5 3.2029518851052186 4
0004 0004 8 1671092821820442 -6.5 -55.5 3.2765829629237295 4
0004 0005 8 1671092821821393 13.0 -62.0 5.786175531904639 4
0004 0014 8 1671092821823314 0.0 -64.0 2.4605051837685683 4
0004 0007 8 1671092821824285 -65.0625 -72.0 3.5956509668039427 4
0004 0012 8 1671092821826112 58.5625 -71.0 2.411417798556228 4
0004 0008 8 1671092821829538 35.75 -66.5 1.6137477888556946 4
0004 0011 1 1671092822045753 -93.5625 -65.5 5.497787143782138 4
0004 0010 1 1671092822046670 -3.25 -68.5 3.4913402732277192 4
0004 0003 1 1671092822048358 -6.5 -70.0 2.1046216409791 4
0004 0009 1 1671092822049548 -22.75 -60.5 4.908738521234052 4
0004 0005 1 1671092822051729 13.0 -60.0 0.380427235395639 4
0004 0007 1 1671092822052749 -3.25 -58.0 5.45483568172134 4
0004 0008 1 1671092822053698 -81.375 -66.5 4.620350133111551 4
0004 0000 1 1671092822054676 123.6875 -72.0 0.7363107781851077 4
0004 0013 1 1671092822055637 -22.75 -63.0 3.8840393549264434 4
0004 0012 1 1671092822057440 65.0625 -66.0 5.792311455056181 4
0004 0003 2 1671092822086236 -143.1875 -70.5 5.626641529964532 4
0004 0005 2 1671092822087428 -58.5625 -61.5 4.509903516383785 4
0004 0007 2 1671092822088604 -42.3125 -56.5 2.399145952253143 4
0004 0006 2 1671092822089511 -107.375 -62.0 5.638913376267617 4
0004 0001 2 1671092822091941 -38.1875 -65.0 4.896466674930966 4
0004 0014 2 1671092822092873 -9.75 -59.0 1.9696313316451632 4
0004 0011 2 1671092822094358 30.875 -55.5 2.6384469551633027 4
0004 0012 2 1671092822095306 22.75 -68.0 4.000621894805752 4
0004 0010 2 1671092822097690 81.375 -64.5 2.282563412373834 4
0004 0013 2 1671092822098609 -81.375 -66.0 2.1537090261914402 4
0004 0005 3 1671092822128224 6.5 -63.5 5.350524988145116 4
0004 0011 3 1671092822129141 6.5 -68.5 4.28287435977671 4
0004 0007 3 1671092822130349 65.0625 -68.0 6.1850105367549055 4
0004 0006 4 1671092822158701 -55.3125 -70.5 4.522175362686871 4
0004 0013 4 1671092822160020 -29.25 -70.0 4.252194744018997 4
0004 0012 4 1671092822161012 -32.5 -66.5 5.221670601962723 4
0004 0014 5 1671092822189057 26.0 -64.0 1.2578642460662257 4
0004 0012 5 1671092822189986 0.0 -64.0 4.509903516383785 4
0004 0004 5 1671092822191775 -61.8125 -71.5 0.6320000846088841 4
0004 0014 6 1671092822215802 -19.5 -66.0 5.6941366846315 4
0004 0012 6 1671092822216796 -48.8125 -67.5 3.3440781175906977 4
0004 0005 6 1671092822222466 107.375 -68.5 1.4603497100671303 4
0004 0004 6 1671092822223529 35.75 -71.0 2.043262409463674 4
0004 0010 7 1671092822245815 48.8125 -62.0 2.6691265709210157 4
0004 0004 7 1671092822248998 6.5 -57.0 2.3009711818284617 4
0004 0001 7 1671092822250796 -7.3125 -68.5 0.7731263170943632 4
0004 0006 7 1671092822252573 -26.0 -58.5 4.123340357836604 4
0004 0011 7 1671092822253547 26.0 -62.5 3.6263305825616556 4
0004 0005 7 1671092822254754 81.375 -68.5 1.705786636128833 4
0004 0014 7 1671092822255847 42.3125 -70.0 5.135767677841127 4
0004 0007 7 1671092822259942 -58.5625 -71.5 1.9757672547967058 4
0004 0004 8 1671092822286456 -13.0 -56.0 3.1968159619536762 4
0004 0005 8 1671092822287419 9.75 -62.0 5.786175531904639 4
0004 0014 8 1671092822288356 39.0 -64.0 2.350058567040802 4
0004 0009 8 1671092822289772 -19.5 -63.5 3.6815538909255388 4
0004 0007 8 1671092822291504 97.625 -72.5 3.2520392703175593 4
0004 0012 8 1671092822293558 -65.0625 -71.0 2.6200391857086753 4
0004 0010 8 1671092822294573 9.75 -62.0 3.129320807286708 4
0004 0013 8 1671092822295464 13.0 -59.5 3.472932503773092 4
0004 0006 8 1671092822297124 35.75 -62.5 0.3190680038802134 4
0004 0008 8 1671092822299950 -39.0 -68.0 1.761009944492716 4
0004 0005 1 1671092822515854 9.75 -60.5 0.3190680038802134 4
0004 0007 1 1671092822517384 26.0 -58.0 5.368932757599744 4
0004 0000 1 1671092822519407 -3.25 -71.5 0.7915340865489908 4
0004 0012 1 1671092822520316 -22.75 -67.0 5.780039608753096 4
0004 0013 1 1671092822521238 -48.8125 -63.5 3.8840393549264434 4
0004 0011 1 1671092822522183 3.25 -64.5 5.2339424482658075 4
0004 0009 1 1671092822523829 -52.0625 -61.5 4.577398671050753 4
0004 0010 1 1671092822525131 -45.5625 -67.5 3.485204350076177 4
0004 0008 1 1671092822526079 -29.25 -66.5 4.405592822807561 4
0004 0003 1 1671092822529730 -29.25 -70.5 2.024854640009046 4
0004 0006 2 1671092822555897 -3.25 -62.0 5.4671075280244255 4
0004 0012 2 1671092822557116 -81.375 -68.0 4.184699589352029 4
0004 0014 2 1671092822558067 -58.5625 -59.0 1.9512235621905356 4
0004 0011 2 1671092822559010 -3.25 -55.5 2.5954954931025047 4
0004 0007 2 1671092822560472 -13.0 -56.5 2.3316507975861747 4
0004 0005 2 1671092822562654 16.25 -61.5 4.289010282928253 4
0004 0010 2 1671092822563600 9.75 -64.0 2.0923497946760143 4
0004 0013 2 1671092822564508 -39.0 -66.0 1.9144080232812801 4
0004 0001 2 1671092822566080 93.5625 -65.0 4.896466674930966 4
0004 0003 2 1671092822567359 -42.3125 -70.0 5.332117218690489 4
0004 0005 3 1671092822598726 16.25 -64.0 5.411884219660542 4
0004 0007 3 1671092822600513 45.5625 -68.5 6.074563920027139 4
0004 0011 3 1671092822602245 42.3125 -69.0 4.1172044346850605 4
0004 0013 4 1671092822626606 -74.8125 -72.0 4.246058820867455 4
0004 0012 4 1671092822627897 22.75 -67.0 5.129631754689584 4
0004 0006 4 1671092822629104 -65.0625 -70.5 4.503767593232243 4
0004 0012 5 1671092822656338 32.5 -64.0 4.485359823777615 4
0004 0004 5 1671092822658140 -97.625 -71.5 0.7976700097005334 4
0004 0007 5 1671092822659688 110.625 -69.0 4.583534594202296 4
0004 0014 5 1671092822660664 58.5625 -64.5 1.214912784005428 4
0004 0004 6 1671092822685813 45.5625 -70.0 2.1353012567368124 4
0004 0014 6 1671092822690202 -35.75 -65.5 5.71868037723767 4
0004 0012 6 1671092822691123 52.0625 -68.0 3.2520392703175593 4
0004 0005 6 1671092822692461 81.375 -68.5 1.533980787885641 4
0004 0001 7 1671092822716655 3.25 -68.5 0.5399612373357456 4
0004 0011 7 1671092822718509 27.625 -61.5 3.5036121195308043 4
0004 0010 7 1671092822719798 42.3125 -62.0 2.6445828783148455 4
0004 0006 7 1671092822720749 45.5625 -58.5 4.037437433715008 4
0004 0004 7 1671092822721682 35.75 -56.5 2.2641556429192065 4
0004 0014 7 1671092822722986 -205.0625 -69.5 5.559146375297564 4
0004 0005 7 1671092822723951 -55.3125 -68.5 1.7241944055834606 4
0004 0007 7 1671092822725723 -78.0625 -71.5 1.6751070203711202 4
0004 0007 8 1671092822746456 -81.375 -71.0 3.56497135104623 4
0004 0012 8 1671092822748860 -3.25 -70.5 2.435961491162398 4
0004 0014 8 1671092822750367 -78.0625 -64.0 2.5034566458293663 4
0004 0010 8 1671092822752149 -16.25 -62.0 3.172272269347506 4
0004 0008 8 1671092822753368 65.0625 -68.0 1.6014759425526093 4
0004 0005 8 1671092822754568 -13.0 -62.0 5.786175531904639 4
0004 0006 8 1671092822755560 16.25 -63.0 0.3436116964863836 4
0004 0009 8 1671092822756551 9.75 -64.0 3.423845118560751 4
0004 0004 8 1671092822757883 -9.75 -55.5 3.184544115650591 4
0004 0013 8 1671092822758817 -3.25 -59.5 3.472932503773092 4
0004 0008 1 1671092822976578 -81.375 -67.5 4.516039439535327 4
0004 0005 1 1671092822978417 0.0 -60.5 0.3313398501832985 4
0004 0011 1 1671092822979385 -142.375 -64.5 5.473243451175968 4
0004 0009 1 1671092822980316 -22.75 -61.5 4.552854978444583 4
0004 0010 1 1671092822981534 -6.5 -66.0 3.399301425954581 4
0004 0007 1 1671092822982499 -3.25 -58.0 5.399612373357457 4
0004 0003 1 1671092822983565 39.0 -71.0 1.932815792735908 4
0004 0013 1 1671092822984512 29.25 -63.0 3.767456815047135 4
0004 0012 1 1671092822985744 52.0625 -66.5 5.780039608753096 4
0004 0000 1 1671092822987949 -172.5 -72.0 1.0246991663076084 4
0004 0014 2 1671092823016440 26.0 -59.0 1.8775924843720249 4
0004 0005 2 1671092823018057 -35.75 -62.0 4.473087977474529 4
0004 0007 2 1671092823019271 0.0 -56.5 2.3009711818284617 4
0004 0013 2 1671092823021943 -6.5 -66.5 1.9144080232812801 4
0004 0011 2 1671092823023156 7.3125 -55.5 2.6200391857086753 4
0004 0001 2 1671092823024204 -90.3125 -64.5 5.209398755659637 4
0004 0010 2 1671092823025379 -55.3125 -64.5 2.227340104009951 4
0004 0006 2 1671092823026570 35.75 -61.5 5.473243451175968 4
0004 0012 2 1671092823031089 -29.25 -67.5 3.9760782021995817 4
0004 0003 2 1671092823036578 -250.625 -71.0 5.792311455056181 4
0004 0005 3 1671092823066151 84.625 -63.5 5.283029833478148 4
0004 0007 3 1671092823069569 195.25 -69.0 5.988660995905543 4
0004 0011 3 1671092823071903 -42.3125 -70.0 4.2031073588066565 4
0004 0012 4 1671092823098966 -94.375 -67.0 5.332117218690489 4
0004 0013 4 1671092823101115 19.5 -71.0 4.25833066717054 4
0004 0007 5 1671092823137593 68.3125 -69.5 4.546719055293041 4
0004 0014 5 1671092823141973 -32.5 -63.0 1.3560390164909069 4
0004 0012 5 1671092823142934 -6.5 -64.0 4.522175362686871 4
0004 0004 5 1671092823149070 -133.4375 -70.5 0.9326603190344698 4
0004 0004 6 1671092823176494 159.5 -71.5 1.8162332528565992 4
0004 0005 6 1671092823177911 -45.5625 -69.0 1.6873788666742053 4
0004 0014 6 1671092823179328 13.0 -66.0 5.559146375297564 4
0004 0012 6 1671092823180549 -107.375 -68.0 3.466796580621549 4
0004 0006 6 1671092823184177 6.5 -71.0 5.368932757599744 4
0004 0011 7 1671092823207325 7.3125 -61.5 3.6754179677739964 4
0004 0001 7 1671092823208611 7.3125 -69.5 0.9572040116406401 4
0004 0006 7 1671092823210118 -9.75 -58.0 4.221515128261284 4
0004 0004 7 1671092823211267 -61.8125 -56.5 2.552544031041707 4
0004 0005 7 1671092823212205 188.75 -67.5 1.748738098189631 4
0004 0010 7 1671092823213278 -13.0 -62.0 2.84706834231575 4
0004 0014 7 1671092823215160 117.125 -69.5 5.080544369477243 4
0004 0007 7 1671092823216484 -332.0 -71.5 2.1905245651006955 4
0004 0013 8 1671092823248954 -29.25 -59.5 3.56497135104623 4
0004 0004 8 1671092823252149 -6.5 -55.5 3.3195344249845276 4
0004 0008 8 1671092823253100 -117.125 -67.0 2.012582793705961 4
0004 0006 8 1671092823254035 42.3125 -62.5 0.4111068511533518 4
0004 0010 8 1671092823255233 -13.0 -62.5 3.2029518851052186 4
0004 0005 8 1671092823257046 -3.25 -62.0 5.915029918087033 4
0004 0007 8 1671092823258240 29.25 -71.5 3.4177091954092087 4
0004 0009 8 1671092823259289 -61.8125 -63.5 3.7551849687440497 4
0004 0014 8 1671092823260239 -32.5 -64.0 2.411417798556228 4
0004 0012 8 1671092823261330 -19.5 -71.5 2.4911847995262812 4
0004 0008 1 1671092823481942 -45.5625 -65.0 4.608078286808466 4
0004 0009 1 1671092823483130 -22.75 -57.5 4.448544284868359 4
0004 0000 1 1671092823484038 29.25 -70.5 1.3928545554001621 4
0004 0011 1 1671092823485696 -58.5625 -65.5 4.6448938257177215 4
0004 0012 1 1671092823487155 -32.5 -65.0 5.460971604872882 4
0004 0007 1 1671092823488627 -16.25 -58.0 5.313709449235861 4
0004 0010 1 1671092823489590 -133.4375 -73.0 1.718058482431918 4
0004 0013 1 1671092823491148 -16.25 -63.5 3.724505352986337 4
0004 0003 1 1671092823492098 9.75 -70.5 2.3746022596469727 4
0004 0004 1 1671092823493555 97.625 -70.0 5.688000761479957 4
0004 0005 1 1671092823494703 55.3125 -60.5 0.06135923151542565 4
0004 0007 2 1671092823526152 0.0 -56.5 2.000310947402876 4
0004 0013 2 1671092823527603 -58.5625 -65.0 1.8346410223112268 4
0004 0012 2 1671092823528550 61.8125 -66.0 3.2704470397721868 4
0004 0010 2 1671092823529739 42.3125 -66.0 2.2886993355253766 4
0004 0011 2 1671092823532123 34.9375 -56.5 2.110757564130642 4
0004 0006 2 1671092823534024 -68.3125 -62.0 5.632777453116074 4
0004 0009 2 1671092823535057 -13.0 -65.0 2.454369260617026 4
0004 0005 2 1671092823536050 -16.25 -62.0 4.319689898685965 4
0004 0014 2 1671092823536941 -16.25 -59.5 1.9389517158874505 4
0004 0001 2 1671092823538355 13.8125 -64.5 0.5890486225480862 4
0004 0003 2 1671092823539265 -81.375 -70.5 6.2463697682703305 4
0004 0005 3 1671092823567729 94.375 -65.0 5.006913291658733 4
0004 0001 3 1671092823569340 142.375 -66.5 5.019185137961818 4
0004 0007 4 1671092823595838 -48.8125 -70.5 3.706097583531709 4
0004 0004 4 1671092823597880 -71.5625 -70.5 4.81056375080937 4
0004 0012 4 1671092823598802 -84.625 -69.5 6.227961998815704 4
0004 0001 4 1671092823602740 -162.75 -73.5 3.9453985864418692 4
0004 0012 5 1671092823626610 -3.25 -62.5 5.031456984264903 4
0004 0007 5 1671092823629893 -16.25 -66.0 4.804427827657828 4
0004 0014 5 1671092823630857 -22.75 -64.5 1.5707963267948966 4
0004 0005 6 1671092823657677 -68.3125 -70.5 1.8285050991596843 4
0004 0014 6 1671092823658655 48.8125 -67.5 5.8475347634200645 4
0004 0012 6 1671092823659575 81.375 -65.0 3.822680123411018 4
0004 0009 7 1671092823685821 94.375 -64.0 2.6261751088602177 4
0004 0006 7 1671092823686996 19.5 -56.5 3.5281558121369745 4
0004 0010 7 1671092823688975 6.5 -60.5 2.84706834231575 4
0004 0005 7 1671092823689944 227.8125 -70.5 1.9573594853420782 4
0004 0004 7 1671092823691147 -26.0 -61.5 2.055534255766759 4
0004 0001 7 1671092823693613 -21.125 -67.5 3.816544200259475 4
0004 0014 7 1671092823694791 -110.625 -68.5 5.602097837358362 4
0004 0012 7 1671092823700629 -13.0 -72.0 3.3624858870453256 4
0004 0008 8 1671092823725918 13.0 -55.5 1.141281706186917 4
0004 0001 8 1671092823726895 27.625 -67.0 6.191146459906448 4
0004 0003 8 1671092823727833 32.5 -68.5 1.4542137869155878 4
0004 0009 8 1671092823729555 -9.75 -53.5 2.3623304133438876 4
0004 0012 8 1671092823730521 113.875 -68.0 2.60776733940559 4
0004 0006 8 1671092823731727 -42.3125 -67.0 5.491651220630596 4
0004 0002 8 1671092823732906 -87.875 -69.5 2.3071071049800045 4
0004 0013 8 1671092823733826 -35.75 -61.5 0.8283496254582462 4
0004 0014 8 1671092823734790 35.75 -65.0 2.6384469551633027 4
0004 0011 8 1671092823735735 -10.5625 -66.5 1.1965050145508 4
0004 0005 8 1671092823738670 6.5 -62.5 5.71868037723767 4
0004 0004 8 1671092823740231 -48.8125 -59.5 3.2704470397721868 4
0004 0007 8 1671092823741539 -48.8125 -62.0 2.6139032625571326 4
0004 0010 8 1671092823742528 -22.75 -64.5 4.4362724385652745 4
0004 0003 1 1671092823955812 29.25 -57.5 5.148039524144211 4
0004 0005 1 1671092823957485 110.625 -67.5 3.9638063558964967 4
0004 0001 1 1671092823958400 -3.25 -63.0 1.4603497100671303 4
0004 0009 1 1671092823959630 -13.0 -60.5 0.5829126993965437 4
0004 0008 1 1671092823960591 6.5 -60.5 3.1661363461959633 4
0004 0000 1 1671092823961997 -29.25 -70.0 5.375068680751287 4
0004 0007 1 1671092823965437 19.5 -62.0 0.5092816215780329 4
0004 0004 1 1671092823966430 100.875 -66.5 0.21475731030398976 4
0004 0012 1 1671092823967395 -55.3125 -67.0 4.123340357836604 4
0004 0006 1 1671092823969849 -55.3125 -68.0 3.129320807286708 4
0004 0008 2 1671092823996167 45.5625 -59.5 2.429825568010856 4
0004 0006 2 1671092823997143 -19.5 -58.5 2.6200391857086753 4
0004 0014 2 1671092823998348 29.25 -58.5 1.9205439464328227 4
0004 0005 2 1671092823999254 -16.25 -59.0 1.3867186322486196 4
0004 0003 2 1671092824001223 9.75 -56.5 2.7979809571034093 4
0004 0001 2 1671092824002127 -17.0625 -64.5 2.6139032625571326 4
0004 0004 2 1671092824004421 -9.75 -69.5 0.4970097752749477 4
0004 0009 2 1671092824005373 113.875 -62.0 5.534602682691394 4
0004 0000 2 1671092824006333 -6.5 -70.5 4.681709364626977 4
0004 0007 2 1671092824008035 -9.75 -55.5 2.9697868053466014 4
0004 0011 2 1671092824011737 -69.125 -68.5 3.552699504743145 4
0004 0001 3 1671092824035921 45.5625 -66.5 1.6260196351587797 4
0004 0004 3 1671092824038225 201.8125 -69.5 4.129476280988146 4
0004 0009 3 1671092824040904 68.3125 -65.0 0.705631162427395 4
0004 0005 3 1671092824042000 253.875 -71.0 1.5953400194010667 4
0004 0008 4 1671092824065879 22.75 -68.0 0.7179030087304801 4
0004 0007 4 1671092824066819 -58.5625 -73.5 3.773592738198677 4
0004 0009 4 1671092824069313 32.5 -63.0 5.706408530934585 4
0004 0010 4 1671092824071640 48.8125 -69.5 2.0923497946760143 4
0004 0004 4 1671092824072660 -61.8125 -70.0 3.877903431774901 4
0004 0004 5 1671092824096686 22.75 -68.0 3.6140587362585705 4
0004 0014 5 1671092824097995 -123.6875 -67.0 3.2336315008629315 4
0004 0006 5 1671092824100702 -201.8125 -68.0 5.872078456026235 4
0004 0015 5 1671092824114021 -22.75 -71.5 2.5770877236478773 4
0004 0006 6 1671092824138268 3.25 -64.0 0.1718058482431918 4
0004 0004 6 1671092824139418 -26.0 -66.5 3.485204350076177 4
0004 0001 7 1671092824165859 45.5625 -60.5 5.957981380147831 4
0004 0014 7 1671092824167077 -42.3125 -62.0 5.356660911296659 4
0004 0008 7 1671092824168523 35.75 -66.0 6.050020227420969 4
0004 0004 7 1671092824169981 -3.25 -65.5 0.5154175447295755 4
0004 0010 7 1671092824170901 6.5 -66.5 5.074408446325701 4
0004 0006 7 1671092824171849 6.5 -59.0 4.896466674930966 4
0004 0002 7 1671092824172755 0.0 -67.5 5.4671075280244255 4
0004 0007 7 1671092824174777 345.0 -71.0 0.9572040116406401 4
0004 0003 7 1671092824177661 42.3125 -69.0 2.2518837966161214 4
0004 0004 8 1671092824206179 29.25 -60.5 6.240233845118788 4
0004 0008 8 1671092824207949 -3.25 -54.0 0.05522330836388308 4
0004 0006 8 1671092824208901 52.0625 -61.0 1.0062913968529805 4
0004 0005 8 1671092824209793 26.0 -61.5 5.105088062083414 4
0004 0002 8 1671092824210758 22.75 -58.0 0.6749515466696822 4
0004 0007 8 1671092824213395 52.0625 -71.5 2.2641556429192065 4
0004 0005 1 1671092824426146 0.0 -62.0 5.724816300389213 4
0004 0015 1 1671092824427936 -13.0 -65.5 0.9633399347921826 4
0004 0007 1 1671092824429383 -113.875 -66.5 2.423689644859313 4
0004 0009 1 1671092824430839 -29.25 -69.0 0.8958447801252144 4
0004 0003 1 1671092824433000 -42.3125 -60.0 1.4173982480063325 4
0004 0001 1 1671092824433960 -17.0625 -60.5 3.485204350076177 4
0004 0004 1 1671092824435041 65.0625 -64.0 4.828971520263998 4
0004 0010 1 1671092824438702 192.0 -71.5 0.607456392002714 4
0004 0000 1 1671092824439609 58.5625 -75.0 5.786175531904639 4
0004 0004 2 1671092824465785 -94.375 -64.0 3.184544115650591 4
0004 0007 2 1671092824467415 3.25 -67.5 5.424156065963627 4
0004 0003 2 1671092824468666 -29.25 -63.5 5.595961914206819 4
0004 0014 2 1671092824470082 19.5 -62.0 2.411417798556228 4
0004 0009 2 1671092824471032 -48.8125 -61.5 3.865631585471816 4
0004 0008 2 1671092824472957 -58.5625 -62.0 3.6999616603801666 4
0004 0005 2 1671092824475621 -16.25 -59.0 4.166291819897402 4
0004 0001 2 1671092824482696 -13.8125 -69.5 3.9392626632903265 4
0004 0006 2 1671092824484243 61.8125 -68.0 3.6754179677739964 4
0004 0006 3 1671092824516153 -94.375 -64.0 0.8774370106705868 4
0004 0004 3 1671092824517090 205.0625 -70.0 2.1230294104337273 4
0004 0008 3 1671092824519358 26.0 -63.0 5.829126993965437 4
0004 0009 3 1671092824520575 9.75 -66.0 0.14726215563702155 4
0004 0007 3 1671092824523187 -208.3125 -69.5 5.0682725231741586 4
0004 0001 3 1671092824526226 281.5625 -70.0 5.21553467881118 4
0004 0003 4 1671092824545786 0.0 -63.5 1.8407769454627694 4
0004 0007 4 1671092824547236 9.75 -64.0 0.4724660826687775 4
0004 0005 4 1671092824548158 -19.5 -66.5 6.086835766330224 4
0004 0009 4 1671092824550310 3.25 -69.0 5.988660995905543 4
0004 0010 4 1671092824551742 -84.625 -71.0 2.9513790358919736 4
0004 0015 4 1671092824553770 -65.0625 -68.5 1.2578642460662257 4
0004 0015 5 1671092824576369 -110.625 -65.5 4.669437518323892 4
0004 0007 5 1671092824578160 133.4375 -65.5 1.8407769454627694 4
0004 0006 5 1671092824580569 -16.25 -63.0 1.6873788666742053 4
0004 0008 5 1671092824581575 -19.5 -66.5 1.1596894756415448 4
0004 0004 5 1671092824582684 -58.5625 -65.5 4.485359823777615 4
0004 0002 6 1671092824606140 -104.125 -71.5 3.5956509668039427 4
0004 0007 6 1671092824607616 78.0625 -69.5 6.086835766330224 4
0004 0004 6 1671092824610816 26.0 -59.5 3.031146036862027 4
0004 0006 6 1671092824613216 29.25 -68.5 5.123495831538041 4
0004 0005 7 1671092824637423 -198.5625 -71.5 3.933126740138784 4
0004 0006 7 1671092824638427 48.8125 -58.5 6.12365130523948 4
0004 0007 7 1671092824639405 22.75 -69.5 1.2946797849754812 4
0004 0004 7 1671092824640323 -6.5 -55.0 3.454524734318464 4
0004 0008 7 1671092824642352 6.5 -60.5 5.589825991055276 4
0004 0014 7 1671092824643514 -45.5625 -62.5 5.64504929941916 4
0004 0009 7 1671092824644607 55.3125 -64.0 1.8039614065535141 4
0004 0005 8 1671092824665844 9.75 -69.0 0.4295146206079795 4
0004 0002 8 1671092824667904 22.75 -62.0 2.7979809571034093 4
0004 0004 8 1671092824669691 -6.5 -66.5 3.3072625786814425 4
0004 0014 8 1671092824670612 -3.25 -71.0 5.497787143782138 4
0004 0008 8 1671092824671548 13.0 -61.0 6.166602767300278 4
0004 0003 8 1671092824672925 65.0625 -71.0 2.110757564130642 4
0004 0007 8 1671092824675629 32.5 -71.0 1.0492428589137786 4
0004 0010 8 1671092824676519 81.375 -68.5 1.576932249946439 4
0004 0015 1 1671092824888072 -42.3125 -67.0 1.3499030933393643 4
0004 0007 1 1671092824889095 -39.0 -65.5 2.030990563160589 4
0004 0005 1 1671092824890028 -3.25 -63.5 5.031456984264903 4
0004 0001 1 1671092824892377 34.9375 -63.5 1.368310862793992 4
0004 0009 1 1671092824893442 -35.75 -67.0 0.3436116964863836 4
0004 0003 1 1671092824894378 9.75 -64.0 1.5585244804918115 4
0004 0004 1 1671092824897127 45.5625 -71.0 5.037592907416445 4
0004 0005 2 1671092824915800 13.0 -60.0 4.344233591292136 4
0004 0009 2 1671092824917485 9.75 -59.0 4.491495746929157 4
0004 0003 2 1671092824919250 -45.5625 -64.5 5.559146375297564 4
0004 0007 2 1671092824921120 -13.0 -65.5 4.473087977474529 4
0004 0004 2 1671092824922071 71.5625 -68.5 3.031146036862027 4
0004 0008 2 1671092824923260 -52.0625 -63.0 3.9944859716542096 4
0004 0014 2 1671092824924323 81.375 -62.5 2.4605051837685683 4
0004 0006 2 1671092824926141 -55.3125 -66.5 3.454524734318464 4
0004 0006 3 1671092824948039 3.25 -64.0 0.760854470791278 4
0004 0008 3 1671092824953443 55.3125 -68.0 6.111379458936394 4
0004 0007 3 1671092824956798 -234.3125 -71.0 5.577554144752192 4
0004 0001 3 1671092824957687 -166.0 -70.5 5.350524988145116 4
0004 0005 3 1671092824962633 -136.6875 -71.0 2.067806102069844 4
0004 0007 4 1671092824986199 -3.25 -62.0 0.11658253987930872 4
0004 0003 4 1671092824988700 9.75 -62.5 1.5462526341887264 4
0004 0015 4 1671092824989719 9.75 -67.5 1.2701360923693108 4
0004 0009 4 1671092824990669 -13.0 -67.5 5.890486225480862 4
0004 0005 4 1671092824991605 48.8125 -67.0 5.9518454569962875 4
0004 0007 5 1671092825015839 -84.625 -66.0 2.0923497946760143 4
0004 0008 5 1671092825018948 42.3125 -66.0 1.2026409377023426 4
0004 0006 5 1671092825021916 26.0 -61.5 1.4296700943094176 4
0004 0015 5 1671092825026447 26.0 -66.5 4.4362724385652745 4
0004 0004 5 1671092825028812 -42.3125 -70.0 3.8410878928656453 4
0004 0006 6 1671092825056038 -48.8125 -67.5 5.3198453723874035 4
0004 0004 6 1671092825058547 19.5 -59.5 2.5832236467994196 4
0004 0002 6 1671092825059630 -149.6875 -72.0 3.411573272257666 4
0004 0007 6 1671092825061085 6.5 -70.0 6.209554229361076 4
0004 0004 7 1671092825086381 16.25 -54.5 3.3502140407422405 4
0004 0014 7 1671092825087558 -42.3125 -63.5 5.632777453116074 4
0004 0009 7 1671092825089032 26.0 -66.0 1.9082721001297376 4
0004 0008 7 1671092825091286 39.0 -60.5 5.964117303299373 4
0004 0005 7 1671092825092954 162.75 -70.0 3.509748042682347 4
0004 0006 7 1671092825093914 -6.5 -57.5 6.105243535784852 4
0004 0007 7 1671092825095093 6.5 -69.5 1.552388557340269 4
0004 0002 8 1671092825116138 22.75 -61.5 2.8286605728611223 4
0004 0010 8 1671092825118688 17.0625 -68.5 1.9696313316451632 4
0004 0005 8 1671092825120600 -19.5 -67.5 0.5460971604872883 4
0004 0008 8 1671092825121759 -3.25 -59.0 6.258641614573416 4
0004 0004 8 1671092825123080 35.75 -65.0 3.4606606574700063 4
0004 0014 8 1671092825124144 -42.3125 -70.5 5.595961914206819 4
0004 0015 1 1671092825337220 120.4375 -67.5 1.0615147052168636 4
0004 0009 1 1671092825339020 78.0625 -68.0 0.3436116964863836 4
0004 0005 1 1671092825340495 -45.5625 -64.0 5.105088062083414 4
0004 0003 1 1671092825341503 -3.25 -64.5 1.7794177139473437 4
0004 0001 1 1671092825342872 3.25 -64.0 1.41126232485479 4
0004 0007 1 1671092825344051 42.3125 -66.0 2.061670178918302 4
0004 0004 1 1671092825345044 65.0625 -69.5 5.006913291658733 4
0004 0004 2 1671092825365813 9.75 -69.5 3.1784081924990484 4
0004 0006 2 1671092825366946 -9.75 -67.5 3.4177091954092087 4
0004 0003 2 1671092825376304 -55.3125 -64.0 5.595961914206819 4
0004 0008 2 1671092825377238 58.5625 -65.0 3.9269908169872414 4
0004 0007 2 1671092825378741 61.8125 -66.0 4.460816131171445 4
0004 0014 2 1671092825380185 -13.0 -63.0 2.650718801466388 4
0004 0009 2 1671092825381261 6.5 -60.0 4.663301595172349 4
0004 0005 2 1671092825382722 -81.375 -60.0 4.632621979414636 4
0004 0006 3 1671092825418455 -68.3125 -64.5 0.8160777791551611 4
0004 0005 3 1671092825420002 100.875 -71.5 1.9573594853420782 4
0004 0001 3 1671092825421430 -111.4375 -69.0 4.896466674930966 4
0004 0007 4 1671092825446887 3.25 -61.5 6.22182607566416 4
0004 0003 4 1671092825448182 -16.25 -62.5 1.5462526341887264 4
0004 0010 4 1671092825449737 152.9375 -70.5 2.356194490192345 4
0004 0005 4 1671092825450771 39.0 -68.0 5.884350302329319 4
0004 0009 4 1671092825452017 -68.3125 -66.5 5.780039608753096 4
0004 0015 4 1671092825453277 32.5 -68.0 1.2762720155208536 4
0004 0006 5 1671092825477255 45.5625 -61.0 1.2762720155208536 4
0004 0008 5 1671092825479069 91.125 -68.0 1.055378782065321 4
0004 0015 5 1671092825480273 -32.5 -67.0 4.479223900626073 4
0004 0007 5 1671092825481210 -29.25 -65.0 1.7794177139473437 4
0004 0004 5 1671092825482956 9.75 -69.0 3.3440781175906977 4
0004 0006 6 1671092825506405 -91.125 -67.5 5.411884219660542 4
0004 0002 6 1671092825507571 123.6875 -74.0 2.9820586516496865 4
0004 0004 6 1671092825511382 29.25 -60.0 2.2027964114037806 4
0004 0007 6 1671092825512632 -65.0625 -70.5 6.1420590746941075 4
0004 0014 7 1671092825535828 -52.0625 -63.0 5.540738605842936 4
0004 0009 7 1671092825538052 16.25 -68.0 2.098485717827557 4
0004 0006 7 1671092825538958 -3.25 -57.5 6.111379458936394 4
0004 0004 7 1671092825539892 -13.0 -53.5 3.485204350076177 4
0004 0008 7 1671092825540826 42.3125 -60.0 6.117515382087937 4
0004 0007 7 1671092825542941 107.375 -70.0 1.4664856332186729 4
0004 0005 7 1671092825544086 -3.25 -69.0 3.6692820446224537 4
0004 0005 8 1671092825566122 29.25 -67.5 0.5583690067903734 4
0004 0004 8 1671092825567297 -6.5 -65.0 3.7551849687440497 4
0004 0008 8 1671092825568174 9.75 -58.5 0.02454369260617026 4
0004 0010 8 1671092825569155 45.5625 -70.0 2.067806102069844 4
0004 0002 8 1671092825570360 -3.25 -62.0 2.9943304979527716 4
0004 0014 8 1671092825571282 -13.0 -71.0 5.565282298449106 4
0004 0007 1 1671092825785875 29.25 -66.5 2.12916533358527 4
0004 0005 1 1671092825789587 -42.3125 -64.5 5.123495831538041 4
0004 0001 1 1671092825790505 45.5625 -64.0 1.1719613219446299 4
0004 0015 1 1671092825792417 -45.5625 -67.0 1.368310862793992 4
0004 0003 1 1671092825793356 81.375 -65.0 1.6689710972195777 4
0004 0009 1 1671092825794575 -26.0 -68.5 0.5399612373357456 4
0004 0009 2 1671092825816584 29.25 -59.5 4.779884135051658 4
0004 0006 2 1671092825817893 -266.875 -69.5 3.429981041712294 4
0004 0007 2 1671092825819067 26.0 -64.5 4.773748211900116 4
0004 0005 2 1671092825820551 -3.25 -60.5 4.601942363656923 4
0004 0003 2 1671092825822117 -29.25 -65.0 5.712544454086128 4
0004 0014 2 1671092825823097 52.0625 -63.5 2.5893595699509624 4
0004 0004 2 1671092825824062 -104.125 -69.5 3.4054373491061236 4
0004 0008 2 1671092825824996 26.0 -64.5 3.9576704327449543 4
0004 0005 3 1671092825847070 133.4375 -69.0 1.945087639038993 4
0004 0006 3 1671092825848389 65.0625 -63.5 0.6013204688511713 4
0004 0001 3 1671092825849934 -87.0625 -69.5 4.479223900626073 4
0004 0007 3 1671092825851096 -55.3125 -71.0 5.160311370447297 4
0004 0007 4 1671092825876748 9.75 -61.5 6.166602767300278 4
0004 0015 4 1671092825877699 68.3125 -67.0 1.2026409377023426 4
0004 0010 4 1671092825878844 -3.25 -70.0 2.5832236467994196 4
0004 0009 4 1671092825880291 87.875 -66.5 5.559146375297564 4
0004 0005 4 1671092825881509 3.25 -67.5 5.755495916146925 4
0004 0003 4 1671092825883812 16.25 -63.0 1.4971652489763858 4
0004 0007 5 1671092825906106 52.0625 -65.0 1.6751070203711202 4
0004 0006 5 1671092825907267 32.5 -61.0 1.239456476611598 4
0004 0015 5 1671092825909352 -146.4375 -66.0 4.675573441475434 4
0004 0008 5 1671092825911676 -76.4375 -68.5 1.325359400733194 4
0004 0004 5 1671092825912653 -35.75 -70.5 3.2581751934691017 4
0004 0007 6 1671092825937844 -3.25 -70.0 6.154330920997192 4
0004 0002 6 1671092825938914 -113.875 -72.5 3.160000423044421 4
0004 0004 6 1671092825940102 -13.0 -60.0 2.1598449493429825 4
0004 0006 6 1671092825941280 -45.5625 -67.0 5.350524988145116 4
0004 0004 7 1671092825966019 -13.0 -53.5 3.423845118560751 4
0004 0009 7 1671092825967226 -58.5625 -68.0 2.2948352586769194 4
0004 0014 7 1671092825968401 32.5 -63.5 5.497787143782138 4
0004 0008 7 1671092825969333 16.25 -60.0 6.240233845118788 4
0004 0006 7 1671092825971274 -13.0 -56.5 5.927301764390117 4
0004 0005 7 1671092825972253 -16.25 -70.0 3.9392626632903265 4
0004 0007 7 1671092825973672 58.5625 -69.5 1.5462526341887264 4
0004 0005 8 1671092825997255 -3.25 -67.0 0.5031456984264903 4
0004 0004 8 1671092825998459 6.5 -64.0 3.7981364308048478 4
0004 0010 8 1671092825999663 22.75 -70.0 2.3316507975861747 4
0004 0014 8 1671092826000588 182.25 -71.0 5.313709449235861 4
0004 0002 8 1671092826002696 22.75 -61.5 2.9820586516496865 4
0004 0008 8 1671092826003628 -9.75 -58.0 0.07363107781851078 4
0004 0007 1 1671092826217515 -22.75 -66.5 2.184388641949153 4
0004 0003 1 1671092826218470 84.625 -65.0 1.6137477888556946 4
0004 0005 1 1671092826219404 19.5 -64.5 4.902602598082509 4
0004 0001 1 1671092826223001 -7.3125 -64.0 1.055378782065321 4
0004 0015 1 1671092826224400 -3.25 -66.5 1.3130875544301088 4
0004 0009 2 1671092826246127 16.25 -59.5 4.773748211900116 4
0004 0008 2 1671092826247871 26.0 -66.5 4.0987966652304335 4
0004 0006 2 1671092826248853 227.8125 -69.0 2.5341362615870793 4
0004 0003 2 1671092826249817 -9.75 -65.0 5.7616318392984684 4
0004 0007 2 1671092826251009 -78.0625 -64.0 4.8351074434155406 4
0004 0014 2 1671092826251916 91.125 -63.5 2.60776733940559 4
0004 0005 2 1671092826252880 81.375 -60.5 4.454680208019902 4
0004 0006 3 1671092826278070 0.0 -64.5 0.5951845456996288 4
0004 0001 3 1671092826279391 -97.625 -69.0 4.424000592262189 4
0004 0007 3 1671092826280358 -214.8125 -70.5 5.43029198911517 4
0004 0005 3 1671092826282789 240.875 -70.0 1.7794177139473437 4
0004 0015 4 1671092826306394 55.3125 -67.5 1.2026409377023426 4
0004 0010 4 1671092826307928 -117.125 -70.0 2.6813984172241008 4
0004 0005 4 1671092826308875 3.25 -67.5 5.7616318392984684 4
0004 0007 4 1671092826310111 -6.5 -60.5 6.080699843178682 4
0004 0003 4 1671092826311037 16.25 -63.0 1.4848934026733007 4
0004 0009 4 1671092826312482 29.25 -66.0 5.5714182216006485 4
0004 0006 5 1671092826336407 -6.5 -61.5 1.3192234775816514 4
0004 0015 5 1671092826337382 3.25 -66.5 4.424000592262189 4
0004 0004 5 1671092826340817 -126.9375 -71.0 3.2704470397721868 4
0004 0008 5 1671092826342473 -237.5625 -69.0 1.2701360923693108 4
0004 0007 5 1671092826343364 87.875 -64.5 1.5707963267948966 4
0004 0002 6 1671092826367200 -9.75 -72.0 2.945243112740431 4
0004 0006 6 1671092826368165 -100.875 -67.5 5.405748296509 4
0004 0004 6 1671092826370091 19.5 -60.0 2.116893487282185 4
0004 0007 6 1671092826371041 65.0625 -71.5 6.050020227420969 4
0004 0004 7 1671092826395836 -16.25 -53.5 3.485204350076177 4
0004 0007 7 1671092826396971 13.0 -67.5 1.6014759425526093 4
0004 0006 7 1671092826399821 -35.75 -56.5 5.896622148632405 4
0004 0014 7 1671092826401113 -97.625 -64.0 5.835262917116979 4
0004 0008 7 1671092826402060 -13.0 -60.0 0.1227184630308513 4
0004 0009 7 1671092826402994 -16.25 -67.5 2.36846633649543 4
0004 0005 7 1671092826404335 -146.4375 -69.5 4.227651051412827 4
0004 0010 8 1671092826425919 136.6875 -70.5 2.435961491162398 4
0004 0008 8 1671092826428482 13.0 -58.0 0.09203884727313846 4
0004 0014 8 1671092826429788 19.5 -71.0 5.5100589900852235 4
0004 0005 8 1671092826430754 113.875 -67.5 0.5460971604872883 4
0004 0002 8 1671092826432341 39.0 -61.5 3.0925052683774528 4
0004 0004 8 1671092826433334 -68.3125 -64.5 3.933126740138784 4
