0004 0006 1 1671092916357247 94.375 -65.5 2.9206994201342606 4
0004 0004 1 1671092916358461 0.0 -53.0 0.39269908169872414 4
0004 0012 1 1671092916360225 13.0 -65.5 5.448699758569798 4
0004 0005 1 1671092916361411 -9.75 -63.5 0.09817477042468103 4
0004 0010 1 1671092916362362 -19.5 -68.0 0.42337869745643697 4
0004 0007 1 1671092916363314 -195.25 -68.5 2.705942109830271 4
0004 0011 1 1671092916364767 -17.0625 -66.0 3.2090878082567613 4
0004 0001 1 1671092916366351 -59.375 -67.5 1.6260196351587797 4
0004 0008 1 1671092916367299 30.875 -72.0 5.135767677841127 4
0004 0010 2 1671092916395865 -48.8125 -62.0 3.313398501832985 4
0004 0006 2 1671092916397508 -29.25 -59.5 0.1043106935762236 4
0004 0011 2 1671092916398697 -16.25 -67.0 3.718369429834794 4
0004 0005 2 1671092916400130 -9.75 -66.0 3.9453985864418692 4
0004 0013 2 1671092916401608 -156.1875 -68.0 1.6198837120072371 4
0004 0004 2 1671092916402796 -13.0 -61.0 3.479068426924634 4
0004 0009 2 1671092916403717 -81.375 -66.5 3.9699422790480394 4
0004 0008 2 1671092916408721 -130.1875 -68.5 1.4910293258248433 4
0004 0011 3 1671092916436634 -145.625 -69.0 3.117048960983623 4
0004 0005 3 1671092916438516 39.0 -61.0 1.5462526341887264 4
0004 0001 3 1671092916439448 -10.5625 -70.0 5.853670686571607 4
0004 0009 3 1671092916440944 3.25 -57.5 1.3744467859455345 4
0004 0012 3 1671092916441937 3.25 -62.0 3.6570101983193686 4
0004 0007 3 1671092916445308 -48.8125 -68.0 2.386874105950058 4
0004 0014 3 1671092916447445 3.25 -67.5 1.576932249946439 4
0004 0008 3 1671092916450378 29.25 -64.5 5.497787143782138 4
0004 0004 3 1671092916452619 78.0625 -67.0 3.380893656499953 4
0004 0010 3 1671092916453981 -117.125 -66.0 5.651185222570702 4
0004 0006 3 1671092916456218 100.875 -69.0 2.448233337465483 4
0004 0003 4 1671092916486171 113.875 -71.0 2.1966604882522383 4
0004 0007 4 1671092916487984 -48.8125 -64.5 0.3190680038802134 4
0004 0004 4 1671092916489385 -9.75 -62.5 3.000466421104314 4
0004 0014 4 1671092916490632 32.5 -66.0 1.718058482431918 4
0004 0005 4 1671092916491821 -6.5 -59.5 2.8102528034064944 4
0004 0001 4 1671092916492897 3.25 -68.0 1.1351457830353744 4
0004 0000 4 1671092916494088 -19.5 -74.5 5.491651220630596 4
0004 0010 4 1671092916495474 22.75 -68.0 4.884194828627882 4
0004 0013 4 1671092916496846 3.25 -66.0 0.21475731030398976 4
0004 0011 4 1671092916499352 30.875 -61.5 2.5893595699509624 4
0004 0012 4 1671092916501137 22.75 -59.5 0.3988350048502667 4
0004 0012 5 1671092916525929 81.375 -69.0 2.6139032625571326 4
0004 0013 5 1671092916529493 -91.125 -71.0 0.760854470791278 4
0004 0001 5 1671092916531601 -180.625 -71.0 0.6565437772150544 4
0004 0005 5 1671092916533220 -65.0625 -67.0 2.0064468705544187 4
0004 0011 5 1671092916539371 97.625 -70.5 0.3988350048502667 4
0004 0007 6 1671092916566127 68.3125 -68.0 0.16566992509164924 4
0004 0005 6 1671092916568155 97.625 -67.5 0.25770877236478773 4
0004 0001 6 1671092916570927 21.125 -69.5 0.20248546400090464 4
0004 0006 7 1671092916596476 13.0 -65.5 1.4603497100671303 4
0004 0014 7 1671092916598308 -117.125 -67.5 5.632777453116074 4
0004 0012 7 1671092916599484 244.125 -70.5 1.3621749396424494 4
0004 0005 7 1671092916600435 117.125 -66.5 2.0371264863121317 4
0004 0004 7 1671092916601879 -68.3125 -67.5 4.270602513473625 4
0004 0004 8 1671092916626146 -3.25 -60.0 2.6016314162540475 4
0004 0014 8 1671092916629312 42.3125 -61.0 5.166447293598839 4
0004 0007 1 1671092916846728 61.8125 -67.5 2.325514874434632 4
0004 0005 1 1671092916848769 -19.5 -64.0 0.1595340019401067 4
0004 0012 1 1671092916849736 -110.625 -66.0 5.638913376267617 4
0004 0014 1 1671092916850700 136.6875 -69.0 2.2150682577068657 4
0004 0006 1 1671092916851620 16.25 -65.5 3.067961575771282 4
0004 0011 1 1671092916852566 -21.125 -66.0 3.2090878082567613 4
0004 0004 1 1671092916853529 3.25 -53.0 0.36815538909255385 4
0004 0010 1 1671092916854579 71.5625 -69.0 0.25157284921324513 4
0004 0001 1 1671092916857069 -52.0625 -68.0 1.4358060174609601 4
0004 0008 1 1671092916860144 -107.375 -72.5 5.209398755659637 4
0004 0005 2 1671092916888782 -130.1875 -66.0 3.9453985864418692 4
0004 0011 2 1671092916890011 -45.5625 -68.0 3.5711072741977725 4
0004 0009 2 1671092916890986 3.25 -68.0 3.4054373491061236 4
0004 0010 2 1671092916892319 32.5 -62.5 3.147728576741336 4
0004 0004 2 1671092916893537 -32.5 -62.0 3.423845118560751 4
0004 0006 2 1671092916895226 -52.0625 -59.5 0.14112623248547898 4
0004 0013 2 1671092916898084 -19.5 -67.5 1.4848934026733007 4
0004 0008 2 1671092916899261 205.0625 -69.5 1.227184630308513 4
0004 0006 3 1671092916927724 81.375 -69.0 2.9022916506796332 4
0004 0014 3 1671092916929820 -81.375 -66.0 1.748738098189631 4
0004 0010 3 1671092916931634 -55.3125 -65.5 5.822991070813893 4
0004 0007 3 1671092916933130 68.3125 -69.0 2.380738182798515 4
0004 0008 3 1671092916934600 -68.3125 -65.0 5.602097837358362 4
0004 0001 3 1671092916935565 -208.3125 -70.5 5.602097837358362 4
0004 0012 3 1671092916938708 -19.5 -62.5 3.77972866135022 4
0004 0009 3 1671092916939727 -3.25 -58.5 1.4051264017032472 4
0004 0005 3 1671092916941161 -13.0 -61.0 1.7916895602504288 4
0004 0004 3 1671092916942479 -78.0625 -67.5 3.6570101983193686 4
0004 0011 3 1671092916945168 205.0625 -68.5 3.000466421104314 4
0004 0013 4 1671092916985989 -16.25 -66.0 0.5092816215780329 4
0004 0001 4 1671092916986964 83.0 -68.0 1.184233168247715 4
0004 0010 4 1671092916988137 -19.5 -68.0 5.098952138931871 4
0004 0012 4 1671092916989099 16.25 -60.0 0.5092816215780329 4
0004 0014 4 1671092916990035 -13.0 -65.5 1.7916895602504288 4
0004 0003 4 1671092916990988 -117.125 -70.5 2.6813984172241008 4
0004 0004 4 1671092916991950 -29.25 -63.5 3.06182565261974 4
0004 0005 4 1671092916993125 -3.25 -60.0 2.9820586516496865 4
0004 0007 4 1671092916994843 -32.5 -64.5 0.46019423636569234 4
0004 0011 4 1671092916996058 30.875 -61.5 2.736621725587984 4
0004 0000 4 1671092916998270 -175.75 -75.0 5.93343768754166 4
0004 0012 5 1671092917026118 -68.3125 -70.0 2.6261751088602177 4
0004 0005 5 1671092917027336 104.125 -66.5 1.8285050991596843 4
0004 0001 5 1671092917037794 -177.375 -70.0 0.7301748550335652 4
0004 0013 5 1671092917039141 -26.0 -69.5 0.7731263170943632 4
0004 0011 5 1671092917040764 156.1875 -71.0 0.30066023442558565 4
0004 0007 6 1671092917068986 100.875 -68.0 0.12885438618239387 4
0004 0001 6 1671092917070585 27.625 -70.0 0.1349903093339364 4
0004 0005 6 1671092917071519 3.25 -67.5 0.35588354278946877 4
0004 0004 7 1671092917095826 -3.25 -68.0 3.9944859716542096 4
0004 0006 7 1671092917097872 55.3125 -66.0 1.1167380135807468 4
0004 0005 7 1671092917099928 13.0 -66.5 1.9819031779482483 4
0004 0014 7 1671092917101078 65.0625 -67.5 5.344389064993574 4
0004 0012 7 1671092917102422 -13.0 -70.0 1.5155730184310134 4
0004 0014 8 1671092917137374 -29.25 -61.0 5.190990986205009 4
0004 0004 8 1671092917138957 0.0 -59.5 2.4727770300716534 4
0004 0010 1 1671092917356096 -3.25 -68.5 0.28838838812250056 4
0004 0014 1 1671092917357529 32.5 -70.0 2.325514874434632 4
0004 0012 1 1671092917359039 3.25 -65.5 5.565282298449106 4
0004 0005 1 1671092917360543 97.625 -64.0 6.277049384028044 4
0004 0004 1 1671092917362002 19.5 -53.0 0.35588354278946877 4
0004 0011 1 1671092917363146 -41.5 -66.5 3.2704470397721868 4
0004 0001 1 1671092917364477 -93.5625 -68.0 1.5401167110371838 4
0004 0006 1 1671092917365655 126.9375 -65.5 2.9268353432858034 4
0004 0007 1 1671092917367344 -65.0625 -68.5 2.5341362615870793 4
0004 0008 1 1671092917371069 188.75 -71.5 4.608078286808466 4
0004 0010 2 1671092917396150 -48.8125 -62.0 3.3502140407422405 4
0004 0013 2 1671092917397072 97.625 -68.5 1.3314953238847365 4
0004 0004 2 1671092917398005 71.5625 -61.0 3.313398501832985 4
0004 0011 2 1671092917400640 177.375 -66.0 3.368621810196868 4
0004 0009 2 1671092917402039 -39.0 -68.5 3.429981041712294 4
0004 0006 2 1671092917402975 -16.25 -59.0 6.277049384028044 4
0004 0008 2 1671092917405142 22.75 -69.0 1.4358060174609601 4
0004 0005 2 1671092917406337 -29.25 -66.0 3.816544200259475 4
0004 0012 3 1671092917427685 -26.0 -62.5 3.877903431774901 4
0004 0011 3 1671092917428903 218.875 -68.0 3.153864499892878 4
0004 0008 3 1671092917429819 26.0 -65.0 5.485515297479052 4
0004 0009 3 1671092917430979 -6.5 -58.5 1.5401167110371838 4
0004 0005 3 1671092917431887 -45.5625 -61.5 1.9634954084936207 4
0004 0010 3 1671092917433707 45.5625 -66.0 5.896622148632405 4
0004 0004 3 1671092917436496 -61.8125 -66.5 3.8963112012295285 4
0004 0006 3 1671092917438358 -244.125 -70.0 3.2949907323783574 4
0004 0014 3 1671092917440777 -97.625 -66.5 1.7426021750380885 4
0004 0007 3 1671092917443402 -6.5 -68.5 2.834796496012665 4
0004 0011 4 1671092917465841 34.9375 -61.5 2.84706834231575 4
0004 0001 4 1671092917468186 -55.3125 -68.5 1.4971652489763858 4
0004 0005 4 1671092917469149 22.75 -60.0 3.08636934522591 4
0004 0004 4 1671092917470110 -3.25 -63.5 3.0495538063166547 4
0004 0012 4 1671092917471329 39.0 -60.0 0.5338253141842031 4
0004 0007 4 1671092917472294 45.5625 -64.5 0.4970097752749477 4
0004 0000 4 1671092917473287 130.1875 -75.5 5.5284667595398505 4
0004 0010 4 1671092917474376 58.5625 -68.0 5.1725832167503825 4
0004 0013 4 1671092917475324 6.5 -66.5 0.6320000846088841 4
0004 0014 4 1671092917476897 -3.25 -66.0 1.7794177139473437 4
0004 0003 4 1671092917477778 -61.8125 -71.5 2.8286605728611223 4
0004 0012 5 1671092917506594 -16.25 -70.0 2.6813984172241008 4
0004 0005 5 1671092917508367 68.3125 -66.0 1.8285050991596843 4
0004 0001 5 1671092917512312 -7.3125 -70.0 0.28838838812250056 4
0004 0013 5 1671092917518572 -87.875 -70.5 0.8774370106705868 4
0004 0011 5 1671092917521080 65.0625 -71.0 0.4356505437595221 4
0004 0005 6 1671092917548564 65.0625 -68.0 0.2086213871524472 4
0004 0007 6 1671092917549486 -48.8125 -68.5 0.3129320807286708 4
0004 0001 6 1671092917551586 -10.5625 -70.0 0.2086213871524472 4
0004 0005 7 1671092917576917 117.125 -65.5 1.9266798695843652 4
0004 0014 7 1671092917578207 -120.4375 -68.0 5.460971604872882 4
0004 0004 7 1671092917580024 -29.25 -68.5 3.9269908169872414 4
0004 0006 7 1671092917581661 0.0 -65.5 1.184233168247715 4
0004 0012 7 1671092917584187 227.8125 -70.5 1.3130875544301088 4
0004 0004 8 1671092917605847 19.5 -60.0 2.270291566070749 4
0004 0014 8 1671092917609507 -55.3125 -61.0 5.184855063053467 4
0004 0004 1 1671092917827276 0.0 -52.5 0.4172427743048944 4
0004 0008 1 1671092917828497 -192.0 -74.0 5.350524988145116 4
0004 0010 1 1671092917830165 113.875 -68.5 0.23316507975861744 4
0004 0012 1 1671092917831550 -68.3125 -65.0 5.651185222570702 4
0004 0007 1 1671092917832786 104.125 -68.0 2.2886993355253766 4
0004 0006 1 1671092917833961 26.0 -65.5 3.1784081924990484 4
0004 0005 1 1671092917835437 61.8125 -64.5 0.1595340019401067 4
0004 0001 1 1671092917836867 78.0625 -69.0 1.3560390164909069 4
0004 0011 1 1671092917837768 -7.3125 -66.0 3.313398501832985 4
0004 0014 1 1671092917841145 -45.5625 -69.5 2.2764274892222915 4
0004 0011 2 1671092917866793 59.375 -67.0 3.5956509668039427 4
0004 0010 2 1671092917868067 -91.125 -61.5 3.4606606574700063 4
0004 0004 2 1671092917868997 0.0 -61.5 3.466796580621549 4
0004 0005 2 1671092917869909 16.25 -66.0 3.810408277107933 4
0004 0006 2 1671092917871610 52.0625 -59.5 0.04908738521234052 4
0004 0009 2 1671092917873832 -71.5625 -67.5 3.6692820446224537 4
0004 0013 2 1671092917874781 -81.375 -67.5 1.662835174068035 4
0004 0008 2 1671092917875833 237.5625 -68.5 1.2517283229146832 4
0004 0014 3 1671092917895881 126.9375 -66.0 1.509437095279471 4
0004 0012 3 1671092917897068 -13.0 -62.0 3.8963112012295285 4
0004 0009 3 1671092917898512 16.25 -58.0 1.6873788666742053 4
0004 0011 3 1671092917901127 -45.5625 -68.0 3.5588354278946874 4
0004 0004 3 1671092917902075 16.25 -68.5 3.724505352986337 4
0004 0007 3 1671092917903282 152.9375 -70.0 2.5157284921324514 4
0004 0005 3 1671092917904796 3.25 -61.0 1.902136176978195 4
0004 0010 3 1671092917905802 19.5 -67.0 5.767767762450011 4
0004 0008 3 1671092917907035 -136.6875 -66.0 5.816855147662351 4
0004 0006 3 1671092917908225 32.5 -70.0 3.000466421104314 4
0004 0011 4 1671092917935939 13.8125 -61.5 2.890019804376548 4
0004 0005 4 1671092917937117 -48.8125 -60.0 3.2459033471660166 4
0004 0012 4 1671092917938051 16.25 -60.5 0.6013204688511713 4
0004 0013 4 1671092917939029 13.0 -66.0 0.6749515466696822 4
0004 0001 4 1671092917939949 93.5625 -69.0 1.325359400733194 4
0004 0004 4 1671092917942809 32.5 -64.0 3.06182565261974 4
0004 0007 4 1671092917943788 -22.75 -64.5 0.6810874698212247 4
0004 0014 4 1671092917944852 19.5 -66.0 1.7241944055834606 4
0004 0010 4 1671092917946030 -91.125 -68.0 5.332117218690489 4
0004 0003 4 1671092917947717 -152.9375 -70.5 3.1231848841351653 4
0004 0000 4 1671092917951270 -338.5 -74.0 6.270913460876501 4
0004 0005 5 1671092917977930 35.75 -66.5 1.705786636128833 4
0004 0012 5 1671092917979193 -29.25 -69.5 2.816388726558037 4
0004 0001 5 1671092917983957 -62.625 -70.0 0.4295146206079795 4
0004 0005 6 1671092918017438 13.0 -68.0 6.264777537724958 4
0004 0007 6 1671092918021102 29.25 -69.0 0.07363107781851078 4
0004 0001 6 1671092918022093 -121.25 -71.5 0.3374757733348411 4
0004 0005 7 1671092918045813 107.375 -66.5 1.8653206380689396 4
0004 0014 7 1671092918047025 -81.375 -67.5 5.350524988145116 4
0004 0004 7 1671092918048233 -169.25 -68.0 4.111068511533518 4
0004 0006 7 1671092918050372 22.75 -66.0 1.0369710126106935 4
0004 0012 7 1671092918053232 32.5 -69.5 1.576932249946439 4
0004 0004 8 1671092918088444 16.25 -59.5 2.2396119503130363 4
0004 0014 8 1671092918089876 -45.5625 -61.0 5.123495831538041 4
0004 0004 1 1671092918306155 29.25 -52.5 0.4049709280018093 4
0004 0007 1 1671092918307121 -52.0625 -67.5 2.6568547246179306 4
0004 0006 1 1671092918308326 -26.0 -64.5 3.098641191528995 4
0004 0010 1 1671092918309272 22.75 -69.0 0.6320000846088841 4
0004 0012 1 1671092918310689 -55.3125 -66.5 5.534602682691394 4
0004 0011 1 1671092918312582 -7.3125 -69.0 3.1661363461959633 4
0004 0005 1 1671092918313563 32.5 -64.0 0.25770877236478773 4
0004 0001 1 1671092918317160 38.1875 -69.0 1.705786636128833 4
0004 0014 1 1671092918318350 84.625 -70.5 2.282563412373834 4
0004 0009 2 1671092918356387 -87.875 -64.5 3.6999616603801666 4
0004 0013 2 1671092918358763 -130.1875 -68.5 1.337631247036279 4
0004 0006 2 1671092918360505 -3.25 -59.0 6.105243535784852 4
0004 0008 2 1671092918363086 -3.25 -67.0 1.3621749396424494 4
0004 0010 2 1671092918364178 29.25 -64.0 2.9820586516496865 4
0004 0004 2 1671092918365650 35.75 -60.0 3.479068426924634 4
0004 0011 2 1671092918372137 27.625 -65.0 3.215223731408304 4
0004 0005 2 1671092918373060 -74.8125 -66.5 4.104932588381976 4
0004 0007 3 1671092918396386 107.375 -68.0 2.435961491162398 4
0004 0009 3 1671092918398410 6.5 -56.0 1.6505633277649499 4
0004 0005 3 1671092918399360 -3.25 -62.0 1.5707963267948966 4
0004 0004 3 1671092918400864 -35.75 -68.5 3.9208548938356986 4
0004 0008 3 1671092918401824 -9.75 -62.0 6.074563920027139 4
0004 0012 3 1671092918402888 -26.0 -61.5 3.509748042682347 4
0004 0014 3 1671092918405007 -29.25 -68.0 1.8100973297050567 4
0004 0006 3 1671092918410877 -159.5 -70.5 2.9575149590435164 4
0004 0010 3 1671092918411837 6.5 -68.5 5.497787143782138 4
0004 0005 4 1671092918446159 45.5625 -60.0 2.9391071895888885 4
0004 0014 4 1671092918447051 16.25 -65.0 1.705786636128833 4
0004 0011 4 1671092918447970 24.375 -65.5 1.9757672547967058 4
0004 0003 4 1671092918449389 139.9375 -68.0 3.055689729468197 4
0004 0007 4 1671092918450352 -22.75 -66.0 0.19634954084936207 4
0004 0000 4 1671092918451318 -58.5625 -74.0 5.976389149602458 4
0004 0004 4 1671092918452960 48.8125 -63.0 3.4177091954092087 4
0004 0001 4 1671092918453862 -21.125 -70.0 1.1290098598838318 4
0004 0012 4 1671092918454796 -6.5 -58.0 0.2638446955163303 4
0004 0010 4 1671092918456626 -35.75 -68.0 5.209398755659637 4
0004 0013 4 1671092918457562 55.3125 -67.0 0.28838838812250056 4
0004 0012 5 1671092918487189 -152.9375 -70.5 3.227495577711389 4
0004 0010 5 1671092918488604 71.5625 -72.0 0.8528933180644165 4
0004 0013 5 1671092918495323 97.625 -71.5 0.9203884727313847 4
0004 0005 5 1671092918497489 13.0 -69.5 1.4542137869155878 4
0004 0007 6 1671092918525837 -3.25 -68.0 0.2945243112740431 4
0004 0005 6 1671092918528606 84.625 -70.5 0.0674951546669682 4
0004 0014 7 1671092918555767 -58.5625 -68.0 5.595961914206819 4
0004 0006 7 1671092918559110 -120.4375 -68.5 1.380582709097077 4
0004 0012 7 1671092918560215 -19.5 -72.5 2.4850488763747385 4
0004 0005 7 1671092918561180 22.75 -69.0 1.8530487917658545 4
0004 0007 7 1671092918563037 94.375 -71.0 6.050020227420969 4
0004 0006 8 1671092918586111 3.25 -70.5 3.5711072741977725 4
0004 0014 8 1671092918587077 -26.0 -62.0 5.448699758569798 4
0004 0004 8 1671092918588490 45.5625 -60.0 1.5033011721279284 4
0004 0012 8 1671092918589652 61.8125 -72.0 3.890175278077986 4
0004 0010 1 1671092918806153 26.0 -63.0 4.792155981354743 4
0004 0001 1 1671092918807154 -7.3125 -65.0 1.325359400733194 4
0004 0014 1 1671092918809521 -42.3125 -63.0 2.5832236467994196 4
0004 0009 1 1671092918810527 42.3125 -57.5 0.8344855486097889 4
0004 0004 1 1671092918811475 26.0 -58.5 5.8475347634200645 4
0004 0006 1 1671092918812636 6.5 -57.5 0.5460971604872883 4
0004 0008 1 1671092918813827 -3.25 -59.5 4.037437433715008 4
0004 0002 1 1671092918815660 -35.75 -67.0 4.626486056263094 4
0004 0011 1 1671092918817072 27.625 -69.5 4.289010282928253 4
0004 0007 1 1671092918820783 52.0625 -68.0 5.755495916146925 4
0004 0003 2 1671092918846122 71.5625 -65.5 2.564815877344792 4
0004 0008 2 1671092918847536 6.5 -57.0 4.632621979414636 4
0004 0006 2 1671092918848474 45.5625 -62.0 2.399145952253143 4
0004 0007 2 1671092918849723 61.8125 -68.0 1.0185632431560658 4
0004 0009 2 1671092918851182 45.5625 -61.0 0.39269908169872414 4
0004 0014 2 1671092918852132 94.375 -72.0 3.7429131224409646 4
0004 0001 2 1671092918853320 41.5 -69.5 2.9329712664373457 4
0004 0002 2 1671092918854538 71.5625 -64.0 1.6873788666742053 4
0004 0012 3 1671092918876696 68.3125 -68.0 5.4671075280244255 4
0004 0006 3 1671092918877617 -29.25 -61.0 5.356660911296659 4
0004 0001 3 1671092918878519 7.3125 -63.5 1.0799224746714913 4
0004 0010 3 1671092918880439 -52.0625 -68.0 1.2701360923693108 4
0004 0009 3 1671092918881369 -6.5 -55.5 2.662990647769473 4
0004 0007 3 1671092918882351 26.0 -62.0 4.675573441475434 4
0004 0005 3 1671092918883301 -87.875 -63.0 5.8045833013592665 4
0004 0002 3 1671092918884809 -123.6875 -70.5 3.552699504743145 4
0004 0003 3 1671092918887149 26.0 -65.5 4.663301595172349 4
0004 0012 4 1671092918916213 71.5625 -65.0 2.6445828783148455 4
0004 0011 4 1671092918917652 -87.0625 -70.0 3.6692820446224537 4
0004 0010 4 1671092918918587 123.6875 -72.5 0.6933593161243098 4
0004 0013 4 1671092918920017 -139.9375 -72.0 3.2459033471660166 4
0004 0014 4 1671092918921460 22.75 -64.5 1.214912784005428 4
0004 0008 4 1671092918922381 -61.8125 -67.0 3.9699422790480394 4
0004 0007 4 1671092918923316 13.0 -55.5 2.8961557275280905 4
0004 0006 4 1671092918924821 78.0625 -72.0 4.81056375080937 4
0004 0001 4 1671092918927088 -35.75 -67.5 2.024854640009046 4
0004 0010 5 1671092918957776 9.75 -67.0 4.7307967498393175 4
0004 0004 5 1671092918959054 -81.375 -67.5 0.8958447801252144 4
0004 0007 5 1671092918960586 -100.875 -64.5 4.178563666200486 4
0004 0006 5 1671092918962359 42.3125 -70.0 2.2150682577068657 4
0004 0004 6 1671092918986104 205.0625 -71.0 3.3440781175906977 4
0004 0005 6 1671092918987055 130.1875 -70.0 0.8099418560036186 4
0004 0006 6 1671092918990049 -48.8125 -70.5 0.3129320807286708 4
0004 0010 6 1671092918991380 3.25 -69.0 3.1231848841351653 4
0004 0004 7 1671092919016182 -87.875 -72.0 2.4727770300716534 4
0004 0014 7 1671092919017147 -188.75 -69.0 1.141281706186917 4
0004 0010 7 1671092919018588 52.0625 -71.5 1.5830681730979816 4
0004 0006 7 1671092919022459 -71.5625 -72.0 5.460971604872882 4
0004 0009 8 1671092919048147 -74.8125 -67.5 5.71868037723767 4
0004 0014 8 1671092919049960 -35.75 -63.5 0.9326603190344698 4
0004 0006 8 1671092919053128 13.0 -69.0 1.0799224746714913 4
0004 0002 8 1671092919055791 -35.75 -71.5 0.2638446955163303 4
0004 0003 1 1671092919266193 16.25 -60.5 6.258641614573416 4
0004 0001 1 1671092919267368 34.9375 -66.0 2.1046216409791 4
0004 0014 1 1671092919268331 16.25 -62.0 2.5893595699509624 4
0004 0010 1 1671092919269552 -78.0625 -66.5 2.4911847995262812 4
0004 0004 1 1671092919271491 -22.75 -61.0 3.356349963893783 4
0004 0009 1 1671092919272667 -19.5 -66.5 4.706253057233147 4
0004 0006 1 1671092919273902 26.0 -56.5 0.19634954084936207 4
0004 0008 2 1671092919305876 13.0 -65.0 4.540583132141498 4
0004 0001 2 1671092919307097 -110.625 -67.0 3.2213596545598464 4
0004 0010 2 1671092919308016 29.25 -66.5 2.399145952253143 4
0004 0006 2 1671092919310214 -13.0 -65.0 5.608233760509904 4
0004 0002 2 1671092919312755 -100.875 -66.0 4.0558452031696355 4
0004 0005 2 1671092919316490 -130.1875 -69.5 3.9944859716542096 4
0004 0015 3 1671092919335915 -19.5 -64.5 4.620350133111551 4
0004 0009 3 1671092919337942 -45.5625 -57.0 5.620505606812989 4
0004 0010 3 1671092919339131 -68.3125 -66.0 5.970253226450915 4
0004 0005 3 1671092919340080 -35.75 -62.0 2.0923497946760143 4
0004 0007 3 1671092919341257 74.8125 -69.5 0.02454369260617026 4
0004 0001 3 1671092919342439 0.0 -68.0 5.798447378207723 4
0004 0014 4 1671092919366713 6.5 -64.0 1.0062913968529805 4
0004 0009 4 1671092919367706 -45.5625 -59.0 4.172427743048944 4
0004 0007 4 1671092919368599 -26.0 -60.5 3.031146036862027 4
0004 0006 4 1671092919370015 -22.75 -64.5 3.663146121470911 4
0004 0008 4 1671092919370963 6.5 -59.5 1.7855536370988863 4
0004 0004 4 1671092919372849 97.625 -72.0 6.14819499784565 4
0004 0005 4 1671092919374128 -42.3125 -72.5 2.84706834231575 4
0004 0015 4 1671092919375305 -78.0625 -68.5 3.3195344249845276 4
0004 0001 4 1671092919377198 13.8125 -69.0 5.902758071783947 4
0004 0007 5 1671092919406168 -91.125 -63.0 3.9392626632903265 4
0004 0003 5 1671092919407363 55.3125 -67.5 1.8162332528565992 4
0004 0015 5 1671092919410797 -185.5 -66.0 4.76147636559703 4
0004 0007 6 1671092919438776 -42.3125 -64.5 5.141903600992669 4
0004 0010 6 1671092919440165 -68.3125 -68.5 4.626486056263094 4
0004 0010 7 1671092919467440 42.3125 -69.5 1.0921943209745766 4
0004 0004 7 1671092919468403 -26.0 -58.0 3.988350048502667 4
0004 0004 8 1671092919495812 39.0 -64.0 3.8840393549264434 4
0004 0010 8 1671092919497002 52.0625 -66.5 0.17794177139473438 4
0004 0014 8 1671092919498220 45.5625 -67.5 1.6198837120072371 4
0004 0002 8 1671092919499894 94.375 -70.0 6.166602767300278 4
0004 0015 8 1671092919501084 133.4375 -72.0 0.4479223900626072 4
0004 0006 8 1671092919502244 104.125 -70.0 1.3008157081270237 4
0004 0008 8 1671092919503643 9.75 -66.0 2.5709518004963345 4
0004 0010 1 1671092919717236 -194.4375 -68.5 2.6323110320117604 4
0004 0008 1 1671092919718212 45.5625 -59.0 2.356194490192345 4
0004 0004 1 1671092919719697 3.25 -59.5 0.7976700097005334 4
0004 0003 1 1671092919720665 45.5625 -61.5 5.295301679781233 4
0004 0009 1 1671092919721626 -9.75 -62.5 4.792155981354743 4
0004 0006 1 1671092919723827 45.5625 -61.0 2.000310947402876 4
0004 0014 1 1671092919724800 0.0 -63.5 2.448233337465483 4
0004 0007 1 1671092919725869 -48.8125 -69.0 0.1043106935762236 4
0004 0010 2 1671092919748227 198.5625 -67.0 1.7855536370988863 4
0004 0008 2 1671092919749161 -104.125 -67.5 5.816855147662351 4
0004 0002 2 1671092919750789 91.125 -68.0 2.1230294104337273 4
0004 0001 2 1671092919754780 299.4375 -70.0 1.4910293258248433 4
0004 0005 3 1671092919777448 61.8125 -62.0 1.380582709097077 4
0004 0010 3 1671092919778966 -123.6875 -68.0 6.007068765360171 4
0004 0015 3 1671092919779914 61.8125 -65.0 4.724660826687775 4
0004 0007 3 1671092919780866 117.125 -67.5 5.872078456026235 4
0004 0009 3 1671092919781829 -65.0625 -60.0 5.620505606812989 4
0004 0001 3 1671092919787428 -65.875 -70.0 3.9638063558964967 4
0004 0007 4 1671092919806386 22.75 -58.5 2.423689644859313 4
0004 0008 4 1671092919807973 39.0 -60.5 1.9941750242513334 4
0004 0011 4 1671092919809472 -61.8125 -68.5 2.6384469551633027 4
0004 0001 4 1671092919810405 -30.875 -68.5 5.178719139901925 4
0004 0006 4 1671092919811581 19.5 -64.5 1.9819031779482483 4
0004 0009 4 1671092919812913 -19.5 -59.0 4.252194744018997 4
0004 0015 4 1671092919813861 -22.75 -68.5 3.3318062712876126 4
0004 0014 4 1671092919815010 29.25 -64.5 1.0921943209745766 4
0004 0005 4 1671092919816330 81.375 -71.5 1.8285050991596843 4
0004 0003 5 1671092919837776 -65.0625 -67.0 1.6505633277649499 4
0004 0015 5 1671092919839332 -9.75 -67.0 4.626486056263094 4
0004 0007 5 1671092919842366 39.0 -61.0 4.006757817957295 4
0004 0010 6 1671092919866595 -65.0625 -68.5 4.614214209960009 4
0004 0007 6 1671092919869583 9.75 -64.0 5.092816215780329 4
0004 0004 7 1671092919897287 -6.5 -58.0 3.6815538909255388 4
0004 0010 7 1671092919899600 -29.25 -70.0 1.2885438618239387 4
0004 0010 8 1671092919926142 16.25 -65.0 0.11658253987930872 4
0004 0014 8 1671092919927272 0.0 -68.5 1.4910293258248433 4
0004 0006 8 1671092919929604 -65.0625 -70.5 0.662679700366597 4
0004 0004 8 1671092919930792 22.75 -63.0 3.792000507653305 4
0004 0008 8 1671092919931981 -9.75 -68.5 2.2027964114037806 4
0004 0002 8 1671092919933177 -35.75 -70.0 6.264777537724958 4
0004 0015 8 1671092919934736 84.625 -71.0 0.4172427743048944 4
0004 0003 1 1671092920145835 -9.75 -61.5 5.338253141842031 4
0004 0008 1 1671092920146798 9.75 -58.5 2.650718801466388 4
0004 0009 1 1671092920148697 9.75 -63.5 4.71238898038469 4
0004 0006 1 1671092920150143 3.25 -61.5 1.4051264017032472 4
0004 0004 1 1671092920151392 26.0 -59.5 0.5338253141842031 4
0004 0010 1 1671092920152356 52.0625 -68.0 2.3623304133438876 4
0004 0007 1 1671092920153305 78.0625 -68.5 0.006135923151542565 4
0004 0014 1 1671092920155559 -22.75 -63.0 2.4911847995262812 4
0004 0002 2 1671092920176746 172.5 -68.5 2.1230294104337273 4
0004 0008 2 1671092920178753 0.0 -66.0 5.755495916146925 4
0004 0010 2 1671092920180394 0.0 -66.5 2.172116795646068 4
0004 0001 2 1671092920181374 -41.5 -70.0 1.6321555583103222 4
0004 0015 3 1671092920212716 9.75 -65.0 4.896466674930966 4
0004 0007 3 1671092920214605 123.6875 -69.0 5.927301764390117 4
0004 0009 3 1671092920215938 -42.3125 -59.5 5.798447378207723 4
0004 0005 3 1671092920216902 -58.5625 -62.5 1.5585244804918115 4
0004 0010 3 1671092920220689 -81.375 -69.0 6.12365130523948 4
0004 0001 3 1671092920224005 111.4375 -69.5 3.6263305825616556 4
0004 0009 4 1671092920245911 -13.0 -59.5 4.331961744989051 4
0004 0008 4 1671092920247611 32.5 -62.0 2.1782527187976104 4
0004 0014 4 1671092920248588 9.75 -65.5 1.2210487071569704 4
0004 0006 4 1671092920250022 6.5 -66.0 1.6566992509164924 4
0004 0015 4 1671092920251185 -65.0625 -69.0 3.4054373491061236 4
0004 0005 4 1671092920252616 9.75 -73.0 1.6444274046134073 4
0004 0011 4 1671092920253559 0.0 -67.5 2.730485802436441 4
0004 0007 4 1671092920254509 0.0 -58.5 2.4175537217077703 4
0004 0001 4 1671092920257191 -13.8125 -67.5 5.031456984264903 4
0004 0007 5 1671092920288352 -3.25 -60.5 3.7981364308048478 4
0004 0003 5 1671092920289278 78.0625 -68.0 1.337631247036279 4
0004 0015 5 1671092920290493 35.75 -67.0 4.700117134081604 4
0004 0007 6 1671092920317160 45.5625 -62.0 5.160311370447297 4
0004 0010 6 1671092920318350 -42.3125 -67.5 4.362641360746763 4
0004 0007 7 1671092920346085 48.8125 -70.5 0.7485826244881929 4
0004 0004 7 1671092920347897 -9.75 -58.5 3.1906800388021335 4
0004 0010 7 1671092920349968 -71.5625 -70.0 0.8344855486097889 4
0004 0004 8 1671092920386100 13.0 -61.0 3.479068426924634 4
0004 0006 8 1671092920387039 -26.0 -68.0 0.0859029241215959 4
0004 0010 8 1671092920390280 61.8125 -65.5 6.000932842208628 4
0004 0015 8 1671092920392317 0.0 -71.0 0.5829126993965437 4
0004 0002 8 1671092920393304 32.5 -69.5 5.448699758569798 4
0004 0014 8 1671092920394254 -19.5 -68.5 1.4787574795217582 4
0004 0014 1 1671092920605887 -13.0 -62.5 2.4850488763747385 4
0004 0010 1 1671092920606823 -58.5625 -66.5 3.147728576741336 4
0004 0007 1 1671092920608043 94.375 -66.5 0.006135923151542565 4
0004 0008 1 1671092920609174 9.75 -58.5 3.0372819600135696 4
0004 0006 1 1671092920610862 -3.25 -61.5 1.9266798695843652 4
0004 0004 1 1671092920612084 -26.0 -58.5 1.000155473701438 4
0004 0003 1 1671092920613333 3.25 -63.0 5.64504929941916 4
0004 0009 1 1671092920615392 -87.875 -65.5 5.381204603902829 4
0004 0008 2 1671092920646354 156.1875 -66.0 5.9088939949354895 4
0004 0010 2 1671092920647957 -201.8125 -66.0 2.9206994201342606 4
0004 0002 2 1671092920649190 9.75 -69.0 2.9391071895888885 4
0004 0015 3 1671092920677552 9.75 -65.5 4.859651136021712 4
0004 0005 3 1671092920679346 -78.0625 -62.0 1.7794177139473437 4
0004 0009 3 1671092920680280 -19.5 -61.0 6.234097921967246 4
0004 0010 3 1671092920681653 -126.9375 -70.0 0.3865631585471816 4
0004 0001 3 1671092920683545 -39.0 -68.0 3.5281558121369745 4
0004 0007 3 1671092920684484 149.6875 -71.5 0.4908738521234052 4
0004 0008 4 1671092920706712 -16.25 -63.0 2.466641106920111 4
0004 0009 4 1671092920708031 -26.0 -59.5 4.448544284868359 4
0004 0015 4 1671092920709491 -175.75 -69.0 3.56497135104623 4
0004 0007 4 1671092920711191 13.0 -59.5 2.442097414313941 4
0004 0014 4 1671092920712298 19.5 -66.0 1.4358060174609601 4
0004 0006 4 1671092920713236 26.0 -66.0 1.7978254834019713 4
0004 0001 4 1671092920714167 -24.375 -69.0 5.086680292628786 4
0004 0011 4 1671092920715158 38.1875 -69.0 3.2397674240144743 4
0004 0003 5 1671092920745883 -74.8125 -67.0 0.7240389318820226 4
0004 0015 5 1671092920748716 -45.5625 -67.5 4.76147636559703 4
0004 0007 5 1671092920750304 26.0 -59.5 3.153864499892878 4
0004 0008 6 1671092920778581 -35.75 -67.0 4.2031073588066565 4
0004 0007 6 1671092920779473 -3.25 -62.5 5.086680292628786 4
0004 0010 6 1671092920780409 -68.3125 -70.0 3.9515345095934116 4
0004 0007 7 1671092920805825 -65.0625 -69.5 0.8222137023067037 4
0004 0010 7 1671092920807269 -156.1875 -68.0 0.6994952392758523 4
0004 0004 7 1671092920809775 3.25 -57.0 2.6691265709210157 4
0004 0006 8 1671092920836361 22.75 -66.5 5.9518454569962875 4
0004 0010 8 1671092920838133 -19.5 -64.5 5.595961914206819 4
0004 0015 8 1671092920839351 -29.25 -72.0 0.3988350048502667 4
0004 0004 8 1671092920840286 -26.0 -61.0 3.2827188860752723 4
0004 0002 8 1671092920841719 19.5 -69.5 5.111223985234957 4
0004 0014 8 1671092920844808 55.3125 -69.0 1.227184630308513 4
0004 0004 1 1671092921065798 13.0 -58.0 1.3744467859455345 4
0004 0003 1 1671092921067860 -22.75 -64.0 0.3620194659410113 4
0004 0008 1 1671092921070452 42.3125 -58.5 3.2765829629237295 4
0004 0007 1 1671092921071347 -42.3125 -66.0 0.3436116964863836 4
0004 0006 1 1671092921074296 26.0 -62.5 2.2580197197676637 4
0004 0010 1 1671092921075243 -16.25 -65.0 3.5036121195308043 4
0004 0014 1 1671092921076212 52.0625 -62.5 2.466641106920111 4
0004 0009 1 1671092921077154 0.0 -64.0 5.853670686571607 4
0004 0010 2 1671092921098671 -45.5625 -65.5 2.9145634969827183 4
0004 0008 2 1671092921099876 152.9375 -67.0 0.37429131224409645 4
0004 0002 2 1671092921102776 81.375 -69.5 3.2029518851052186 4
0004 0011 2 1671092921107072 79.75 -68.5 0.7792622402459057 4
0004 0009 3 1671092921126165 -42.3125 -61.0 0.30066023442558565 4
0004 0010 3 1671092921127968 195.25 -68.0 0.2945243112740431 4
0004 0015 3 1671092921128915 13.0 -67.0 4.724660826687775 4
0004 0001 3 1671092921130599 -34.9375 -68.5 3.184544115650591 4
0004 0005 3 1671092921131747 52.0625 -62.5 1.6137477888556946 4
0004 0007 3 1671092921139209 -159.5 -72.0 1.6873788666742053 4
0004 0015 4 1671092921165824 6.5 -70.0 2.8532042654672924 4
0004 0011 4 1671092921167522 -125.3125 -69.0 4.031301510563465 4
0004 0001 4 1671092921169278 -139.125 -68.5 4.933282213840222 4
0004 0007 4 1671092921170256 19.5 -60.0 2.521864415283994 4
0004 0009 4 1671092921171404 -26.0 -60.0 4.4362724385652745 4
0004 0008 4 1671092921172353 -32.5 -64.0 2.650718801466388 4
0004 0006 4 1671092921174383 52.0625 -66.0 1.7978254834019713 4
0004 0014 4 1671092921175573 35.75 -66.5 1.5585244804918115 4
0004 0003 5 1671092921195936 52.0625 -66.0 5.792311455056181 4
0004 0007 5 1671092921197949 13.0 -58.5 2.693670263527186 4
0004 0005 5 1671092921199157 -214.8125 -71.5 1.5278448647340985 4
0004 0015 5 1671092921201109 16.25 -69.0 4.031301510563465 4
0004 0010 5 1671092921202442 -84.625 -72.5 5.368932757599744 4
0004 0008 6 1671092921226632 -58.5625 -65.5 3.988350048502667 4
0004 0010 6 1671092921228657 -3.25 -72.0 3.4913402732277192 4
0004 0007 6 1671092921229933 -6.5 -63.0 4.890330751779424 4
0004 0007 7 1671092921257676 -26.0 -69.0 0.5522330836388308 4
0004 0010 7 1671092921260450 -169.25 -70.5 0.47860200582032003 4
0004 0004 7 1671092921261724 -3.25 -57.5 2.399145952253143 4
0004 0014 8 1671092921286090 91.125 -69.0 1.0369710126106935 4
0004 0010 8 1671092921287863 -52.0625 -64.5 5.387340527054372 4
0004 0004 8 1671092921288825 -29.25 -60.5 3.117048960983623 4
0004 0006 8 1671092921291431 39.0 -65.0 5.620505606812989 4
0004 0002 8 1671092921292624 71.5625 -70.0 4.871922982324796 4
