0004 0006 1 1671092938456655 -16.25 -62.0 4.779884135051658 4
0004 0014 1 1671092938458684 -52.0625 -62.5 2.6384469551633027 4
0004 0004 1 1671092938460015 -29.25 -63.5 2.4727770300716534 4
0004 0012 1 1671092938460963 55.3125 -68.0 0.6320000846088841 4
0004 0011 2 1671092938486665 69.125 -67.0 4.859651136021712 4
0004 0012 2 1671092938488196 22.75 -63.5 0.9203884727313847 4
0004 0014 2 1671092938489955 22.75 -62.5 4.319689898685965 4
0004 0006 2 1671092938492990 -198.5625 -69.0 1.8530487917658545 4
0004 0004 3 1671092938526833 48.8125 -58.0 0.9756117810952678 4
0004 0011 3 1671092938527908 -87.0625 -69.0 4.9394181369917645 4
0004 0012 3 1671092938529108 113.875 -61.0 0.8344855486097889 4
0004 0007 3 1671092938531130 -26.0 -67.5 3.9392626632903265 4
0004 0006 3 1671092938532721 -169.25 -65.0 2.2396119503130363 4
0004 0013 3 1671092938533656 91.125 -69.5 5.00077736850719 4
0004 0010 3 1671092938535268 29.25 -70.5 2.650718801466388 4
0004 0012 4 1671092938565890 -13.0 -66.5 2.521864415283994 4
0004 0009 4 1671092938567349 35.75 -62.0 2.4605051837685683 4
0004 0013 4 1671092938569702 48.8125 -68.5 5.350524988145116 4
0004 0014 4 1671092938570622 22.75 -62.5 3.9944859716542096 4
0004 0005 4 1671092938572097 -45.5625 -60.0 4.534447208989955 4
0004 0006 4 1671092938573033 74.8125 -64.5 0.47860200582032003 4
0004 0010 4 1671092938574642 3.25 -63.5 1.9634954084936207 4
0004 0008 4 1671092938575621 -39.0 -70.5 1.1228739367322893 4
0004 0004 4 1671092938579677 48.8125 -70.0 1.2333205534600555 4
0004 0007 4 1671092938593136 120.4375 -73.0 2.018718716857504 4
0004 0007 5 1671092938617547 -39.0 -66.0 4.871922982324796 4
0004 0014 5 1671092938618482 -32.5 -58.0 6.050020227420969 4
0004 0011 5 1671092938619693 3.25 -58.0 0.3374757733348411 4
0004 0009 5 1671092938621660 -117.125 -66.0 4.779884135051658 4
0004 0005 5 1671092938622738 19.5 -57.0 5.773903685601553 4
0004 0004 5 1671092938623700 -3.25 -62.5 3.8963112012295285 4
0004 0012 5 1671092938624679 -48.8125 -64.0 0.2454369260617026 4
0004 0013 5 1671092938625572 113.875 -60.0 0.25770877236478773 4
0004 0010 5 1671092938626646 -26.0 -68.5 3.4913402732277192 4
0004 0003 5 1671092938628869 -48.8125 -69.0 6.025476534814799 4
0004 0000 5 1671092938631097 74.8125 -71.5 5.098952138931871 4
0004 0012 6 1671092938665873 -87.875 -62.0 4.227651051412827 4
0004 0003 6 1671092938666796 29.25 -72.5 4.344233591292136 4
0004 0009 6 1671092938667800 3.25 -57.5 1.7916895602504288 4
0004 0011 6 1671092938669231 -30.875 -61.5 3.859495662320273 4
0004 0013 6 1671092938670929 6.5 -63.5 1.8223691760081417 4
0004 0006 6 1671092938672360 -9.75 -64.5 5.6941366846315 4
0004 0004 6 1671092938673748 9.75 -65.0 4.945554060143307 4
0004 0010 6 1671092938675047 0.0 -69.0 5.970253226450915 4
0004 0014 6 1671092938677599 -19.5 -64.0 3.2888548092268146 4
0004 0007 6 1671092938678594 -16.25 -66.5 3.3870295796514958 4
0004 0005 6 1671092938679800 61.8125 -67.0 3.104777114680538 4
0004 0015 6 1671092938680848 87.0625 -74.0 0.380427235395639 4
0004 0013 7 1671092938707854 29.25 -66.0 5.135767677841127 4
0004 0005 7 1671092938708787 -3.25 -60.0 3.902447124381071 4
0004 0014 7 1671092938710007 -16.25 -65.5 5.485515297479052 4
0004 0001 7 1671092938717006 -17.0625 -67.0 5.890486225480862 4
0004 0008 7 1671092938719060 -55.3125 -70.5 6.264777537724958 4
0004 0013 8 1671092938746583 -100.875 -71.0 3.4913402732277192 4
0004 0005 8 1671092938748913 35.75 -72.0 4.651029748869264 4
0004 0003 8 1671092938749892 58.5625 -73.0 4.0987966652304335 4
0004 0004 1 1671092938967142 -65.0625 -64.5 2.350058567040802 4
0004 0006 1 1671092938969452 -16.25 -62.0 4.614214209960009 4
0004 0014 1 1671092938970388 26.0 -63.5 2.5402721847386216 4
0004 0012 1 1671092938971424 52.0625 -68.5 0.6442719309119693 4
0004 0011 2 1671092938997493 -159.5 -69.5 5.123495831538041 4
0004 0014 2 1671092938999941 -39.0 -62.0 4.3933209765044765 4
0004 0012 2 1671092939002643 0.0 -63.5 0.9142525495798421 4
0004 0012 3 1671092939027242 39.0 -60.5 1.030835089459151 4
0004 0004 3 1671092939028191 -32.5 -58.5 1.380582709097077 4
0004 0013 3 1671092939032161 237.5625 -71.0 4.822835597112456 4
0004 0008 3 1671092939033594 -162.75 -71.0 5.43029198911517 4
0004 0011 3 1671092939035639 17.0625 -69.5 5.013049214810275 4
0004 0006 3 1671092939036546 -94.375 -65.0 2.313243028131547 4
0004 0010 3 1671092939043709 179.0 -70.0 2.84706834231575 4
0004 0007 3 1671092939047843 -19.5 -68.0 4.006757817957295 4
0004 0012 4 1671092939076121 -13.0 -66.5 2.5402721847386216 4
0004 0004 4 1671092939077116 156.1875 -70.0 1.3008157081270237 4
0004 0003 4 1671092939078346 -22.75 -76.5 1.0983302441261191 4
0004 0006 4 1671092939079580 13.0 -64.0 0.760854470791278 4
0004 0013 4 1671092939080785 -55.3125 -68.0 5.553010452146021 4
0004 0009 4 1671092939081747 -45.5625 -63.0 2.6998061866787286 4
0004 0005 4 1671092939082738 -6.5 -60.5 4.657165672020807 4
0004 0008 4 1671092939083986 29.25 -69.5 1.2026409377023426 4
0004 0002 4 1671092939087000 -247.375 -74.5 0.0 4
0004 0007 4 1671092939088813 9.75 -73.0 2.356194490192345 4
0004 0014 4 1671092939089821 -45.5625 -63.0 4.111068511533518 4
0004 0010 4 1671092939090995 26.0 -63.5 2.098485717827557 4
0004 0014 5 1671092939115984 9.75 -58.0 5.976389149602458 4
0004 0003 5 1671092939116908 91.125 -71.0 6.14819499784565 4
0004 0013 5 1671092939118083 -45.5625 -60.0 0.5338253141842031 4
0004 0009 5 1671092939119256 39.0 -66.0 4.681709364626977 4
0004 0005 5 1671092939120660 -45.5625 -57.5 6.129787228391022 4
0004 0007 5 1671092939121639 32.5 -65.5 4.890330751779424 4
0004 0004 5 1671092939125267 -35.75 -62.0 4.1417481272912315 4
0004 0012 5 1671092939126213 22.75 -64.0 0.23930100291016002 4
0004 0011 5 1671092939127140 0.0 -58.0 0.5276893910326605 4
0004 0010 5 1671092939128080 -39.0 -68.5 3.6140587362585705 4
0004 0000 5 1671092939130117 -185.5 -72.0 5.553010452146021 4
0004 0006 5 1671092939131050 9.75 -70.5 0.944932165337555 4
0004 0010 6 1671092939156400 -39.0 -68.5 6.270913460876501 4
0004 0009 6 1671092939158197 13.0 -58.0 1.4971652489763858 4
0004 0013 6 1671092939159132 32.5 -64.0 1.8100973297050567 4
0004 0007 6 1671092939160648 -29.25 -66.0 3.6201946594101133 4
0004 0015 6 1671092939161609 42.3125 -73.5 0.39269908169872414 4
0004 0012 6 1671092939162898 -48.8125 -62.0 4.178563666200486 4
0004 0014 6 1671092939164384 -55.3125 -63.5 3.2949907323783574 4
0004 0004 6 1671092939165711 -45.5625 -65.0 5.221670601962723 4
0004 0006 6 1671092939166744 -6.5 -64.0 5.737088146692298 4
0004 0003 6 1671092939167726 48.8125 -73.0 4.522175362686871 4
0004 0005 6 1671092939168662 61.8125 -67.5 2.9513790358919736 4
0004 0011 6 1671092939169606 3.25 -62.0 3.9208548938356986 4
0004 0001 7 1671092939195880 -13.8125 -68.0 5.595961914206819 4
0004 0014 7 1671092939198431 3.25 -65.0 5.418020142812084 4
0004 0005 7 1671092939201612 -26.0 -60.0 3.9085830475326135 4
0004 0013 7 1671092939202562 87.875 -66.5 4.970097752749477 4
0004 0003 7 1671092939205983 -123.6875 -72.0 1.282407938672396 4
0004 0013 8 1671092939226358 -32.5 -70.5 3.368621810196868 4
0004 0003 8 1671092939229924 -6.5 -73.5 4.01902966426038 4
0004 0004 1 1671092939446852 -87.875 -64.5 2.184388641949153 4
0004 0006 1 1671092939448467 3.25 -62.5 4.663301595172349 4
0004 0014 1 1671092939450882 -97.625 -63.5 2.6875343403756435 4
0004 0012 1 1671092939452017 32.5 -68.5 0.5767767762450011 4
0004 0012 2 1671092939476649 6.5 -63.5 0.9142525495798421 4
0004 0014 2 1671092939480197 16.25 -62.0 4.28287435977671 4
0004 0011 2 1671092939483288 -291.3125 -69.0 5.45483568172134 4
0004 0007 3 1671092939517263 -104.125 -70.0 4.1417481272912315 4
0004 0012 3 1671092939518236 16.25 -61.0 1.1167380135807468 4
0004 0004 3 1671092939519157 39.0 -58.5 1.4787574795217582 4
0004 0006 3 1671092939520376 100.875 -64.5 1.9941750242513334 4
0004 0013 3 1671092939521818 -91.125 -71.5 5.190990986205009 4
0004 0011 3 1671092939528139 -3.25 -69.0 5.031456984264903 4
0004 0008 3 1671092939531670 -68.3125 -71.5 5.651185222570702 4
0004 0001 3 1671092939533245 -65.875 -71.0 0.28225246497095796 4
0004 0010 3 1671092939536727 -120.4375 -69.5 3.227495577711389 4
0004 0012 4 1671092939565797 -68.3125 -65.5 2.6568547246179306 4
0004 0010 4 1671092939566715 26.0 -63.5 2.1475731030398975 4
0004 0007 4 1671092939567666 68.3125 -74.0 2.325514874434632 4
0004 0005 4 1671092939569702 -22.75 -61.0 4.755340442445488 4
0004 0004 4 1671092939570639 120.4375 -70.0 1.4603497100671303 4
0004 0014 4 1671092939571626 0.0 -63.5 3.9822141253511245 4
0004 0009 4 1671092939572890 19.5 -63.0 2.8409324191642074 4
0004 0006 4 1671092939574051 -9.75 -64.5 0.8283496254582462 4
0004 0013 4 1671092939576975 -19.5 -68.5 5.485515297479052 4
0004 0008 4 1671092939577909 -39.0 -70.5 1.533980787885641 4
0004 0002 4 1671092939579229 -42.3125 -74.5 0.07976700097005335 4
0004 0003 4 1671092939581603 110.625 -74.0 1.2455923997631406 4
0004 0005 5 1671092939606206 -3.25 -57.5 6.264777537724958 4
0004 0007 5 1671092939607441 -100.875 -65.0 5.154175447295755 4
0004 0009 5 1671092939608674 65.0625 -65.5 4.902602598082509 4
0004 0011 5 1671092939610371 -27.625 -58.5 0.7117670855789375 4
0004 0010 5 1671092939612323 -3.25 -68.5 3.761320891895592 4
0004 0003 5 1671092939613590 179.0 -71.0 6.277049384028044 4
0004 0004 5 1671092939614822 26.0 -61.5 4.301282129231338 4
0004 0013 5 1671092939616050 -16.25 -60.5 0.5829126993965437 4
0004 0014 5 1671092939617224 6.5 -58.0 6.000932842208628 4
0004 0012 5 1671092939618798 -13.0 -64.0 0.4172427743048944 4
0004 0000 5 1671092939620433 -244.125 -71.0 6.043884304269426 4
0004 0006 5 1671092939622072 130.1875 -69.5 1.086058397823034 4
0004 0007 6 1671092939646268 -19.5 -66.0 3.792000507653305 4
0004 0011 6 1671092939647752 3.25 -62.0 4.178563666200486 4
0004 0014 6 1671092939648714 3.25 -63.0 3.3072625786814425 4
0004 0009 6 1671092939650190 -19.5 -57.0 2.1598449493429825 4
0004 0012 6 1671092939651137 6.5 -62.0 4.252194744018997 4
0004 0006 6 1671092939652343 -9.75 -63.5 5.786175531904639 4
0004 0005 6 1671092939653293 -9.75 -68.0 3.313398501832985 4
0004 0010 6 1671092939654229 3.25 -68.5 0.006135923151542565 4
0004 0015 6 1671092939655429 182.25 -73.5 0.28838838812250056 4
0004 0013 6 1671092939656478 -29.25 -63.5 1.9819031779482483 4
0004 0003 6 1671092939657428 13.0 -72.0 4.7307967498393175 4
0004 0004 6 1671092939658606 -32.5 -65.5 5.325981295538946 4
0004 0005 7 1671092939686730 -84.625 -60.0 4.037437433715008 4
0004 0001 7 1671092939689563 -121.25 -70.5 5.608233760509904 4
0004 0014 7 1671092939690598 -45.5625 -65.5 5.47937937432751 4
0004 0008 7 1671092939693776 218.0625 -70.0 6.007068765360171 4
0004 0003 8 1671092939737383 29.25 -74.0 3.9208548938356986 4
0004 0013 8 1671092939738959 -71.5625 -71.5 3.3870295796514958 4
0004 0006 1 1671092939956271 -22.75 -62.5 4.485359823777615 4
0004 0012 1 1671092939958104 52.0625 -69.5 0.42337869745643697 4
0004 0014 1 1671092939959323 -152.9375 -63.0 2.7550294950426117 4
0004 0004 1 1671092939960991 9.75 -66.0 1.6996507129772904 4
0004 0014 2 1671092939987196 13.0 -62.0 4.215379205109742 4
0004 0012 2 1671092939989211 58.5625 -65.0 0.7976700097005334 4
0004 0011 2 1671092939993820 156.1875 -71.0 5.313709449235861 4
0004 0012 3 1671092940027372 35.75 -61.5 1.2333205534600555 4
0004 0004 3 1671092940028585 -9.75 -59.0 1.8407769454627694 4
0004 0006 3 1671092940031175 -29.25 -64.5 2.3316507975861747 4
0004 0008 3 1671092940036811 91.125 -70.5 5.859806609723149 4
0004 0011 3 1671092940038694 -367.8125 -70.0 5.64504929941916 4
0004 0001 3 1671092940042128 13.8125 -71.0 1.1290098598838318 4
0004 0007 3 1671092940050380 -32.5 -70.5 4.485359823777615 4
0004 0010 3 1671092940055278 22.75 -71.0 3.436116964863836 4
0004 0010 4 1671092940075884 -13.0 -63.5 2.466641106920111 4
0004 0014 4 1671092940079699 -48.8125 -63.0 4.049709280018092 4
0004 0009 4 1671092940080631 19.5 -62.5 3.5772431973493153 4
0004 0013 4 1671092940081526 -94.375 -69.5 5.8045833013592665 4
0004 0005 4 1671092940082688 3.25 -60.5 5.013049214810275 4
0004 0003 4 1671092940083700 -48.8125 -73.5 1.6751070203711202 4
0004 0004 4 1671092940084635 91.125 -69.5 1.8714565612204823 4
0004 0006 4 1671092940085565 0.0 -63.5 1.086058397823034 4
0004 0012 4 1671092940087821 -74.8125 -66.0 2.9084275738311756 4
0004 0008 4 1671092940092785 61.8125 -71.5 1.5707963267948966 4
0004 0002 4 1671092940095045 296.1875 -75.0 0.14726215563702155 4
0004 0003 5 1671092940127039 -48.8125 -71.5 0.859029241215959 4
0004 0014 5 1671092940128696 39.0 -58.0 6.037748381117884 4
0004 0007 5 1671092940129976 -104.125 -65.5 5.50392306693368 4
0004 0009 5 1671092940130882 104.125 -65.5 5.368932757599744 4
0004 0013 5 1671092940132491 -22.75 -60.0 0.7853981633974483 4
0004 0000 5 1671092940133681 182.25 -72.5 6.056156150572511 4
0004 0005 5 1671092940134951 0.0 -57.5 0.34974761963792617 4
0004 0011 5 1671092940135915 24.375 -58.0 0.9940195505498954 4
0004 0004 5 1671092940137104 13.0 -62.0 4.724660826687775 4
0004 0010 5 1671092940138169 16.25 -67.0 4.0987966652304335 4
0004 0012 5 1671092940139612 -9.75 -65.0 0.6688156235181395 4
0004 0006 5 1671092940151261 68.3125 -71.0 1.2026409377023426 4
0004 0004 6 1671092940185937 -26.0 -66.5 5.45483568172134 4
0004 0006 6 1671092940187129 52.0625 -63.5 5.853670686571607 4
0004 0012 6 1671092940188085 0.0 -62.0 4.448544284868359 4
0004 0011 6 1671092940189234 -24.375 -62.0 4.565126824747668 4
0004 0009 6 1671092940191955 -3.25 -56.0 2.6568547246179306 4
0004 0007 6 1671092940192951 -65.0625 -66.0 4.2031073588066565 4
0004 0013 6 1671092940193899 35.75 -64.0 2.098485717827557 4
0004 0014 6 1671092940194934 -97.625 -62.5 3.497476196379262 4
0004 0010 6 1671092940196166 68.3125 -69.0 0.20248546400090464 4
0004 0005 6 1671092940197387 78.0625 -67.5 3.368621810196868 4
0004 0003 6 1671092940200080 123.6875 -72.0 5.111223985234957 4
0004 0015 6 1671092940201919 58.5625 -74.0 0.4356505437595221 4
0004 0005 7 1671092940226478 16.25 -60.0 3.933126740138784 4
0004 0013 7 1671092940227444 -126.9375 -68.0 5.2339424482658075 4
0004 0014 7 1671092940229697 6.5 -64.0 5.626641529964532 4
0004 0008 7 1671092940230946 -120.4375 -70.5 0.5031456984264903 4
0004 0003 7 1671092940232961 -113.875 -70.5 1.9880391010997909 4
0004 0013 8 1671092940266206 -42.3125 -70.5 3.141592653589793 4
0004 0003 8 1671092940275004 68.3125 -72.5 3.859495662320273 4
0004 0006 1 1671092940485963 -39.0 -63.0 4.1172044346850605 4
0004 0014 1 1671092940487991 58.5625 -64.0 2.3930100291016 4
0004 0004 1 1671092940489096 26.0 -67.0 0.9572040116406401 4
0004 0012 1 1671092940491429 143.1875 -71.5 0.07363107781851078 4
0004 0014 2 1671092940516195 0.0 -62.5 4.166291819897402 4
0004 0012 2 1671092940518496 55.3125 -66.0 0.705631162427395 4
0004 0004 2 1671092940528996 -136.6875 -70.5 4.331961744989051 4
0004 0004 3 1671092940557692 0.0 -59.0 2.399145952253143 4
0004 0006 3 1671092940559017 58.5625 -64.5 2.521864415283994 4
0004 0012 3 1671092940561629 13.0 -61.0 1.4726215563702154 4
0004 0011 3 1671092940565410 62.625 -70.0 5.497787143782138 4
0004 0001 3 1671092940566568 -128.5625 -67.5 1.736466251886546 4
0004 0010 4 1671092940606897 58.5625 -64.0 2.724349879284899 4
0004 0013 4 1671092940608510 -110.625 -70.5 5.810719224510809 4
0004 0006 4 1671092940609387 26.0 -63.5 1.564660403643354 4
0004 0009 4 1671092940610846 -39.0 -61.5 4.270602513473625 4
0004 0005 4 1671092940611809 13.0 -62.0 5.5100589900852235 4
0004 0014 4 1671092940612831 -45.5625 -62.5 3.9392626632903265 4
0004 0012 4 1671092940613794 -74.8125 -66.0 3.2459033471660166 4
0004 0002 4 1671092940617595 -61.8125 -74.0 0.8344855486097889 4
0004 0008 4 1671092940619633 42.3125 -71.5 2.073942025221387 4
0004 0004 4 1671092940620807 -22.75 -69.0 2.5157284921324514 4
0004 0003 4 1671092940621760 55.3125 -72.0 1.9082721001297376 4
0004 0014 5 1671092940646181 -6.5 -58.5 6.264777537724958 4
0004 0005 5 1671092940647160 6.5 -58.0 0.944932165337555 4
0004 0013 5 1671092940648119 0.0 -60.5 1.0492428589137786 4
0004 0012 5 1671092940649088 94.375 -65.5 0.8528933180644165 4
0004 0003 5 1671092940650254 -283.1875 -69.5 1.9573594853420782 4
0004 0004 5 1671092940651710 -3.25 -61.5 5.375068680751287 4
0004 0010 5 1671092940652632 -52.0625 -67.0 4.718524903536232 4
0004 0011 5 1671092940654365 -3.25 -58.0 1.533980787885641 4
0004 0007 5 1671092940655954 -58.5625 -66.0 6.000932842208628 4
0004 0009 5 1671092940657556 -32.5 -64.5 6.1850105367549055 4
0004 0000 5 1671092940662281 -65.0625 -72.0 0.859029241215959 4
0004 0006 5 1671092940663627 91.125 -69.0 1.7671458676442586 4
0004 0001 5 1671092940668213 -113.875 -70.5 3.3011266555298997 4
0004 0012 6 1671092940695927 -26.0 -63.0 4.767612288748572 4
0004 0009 6 1671092940696859 -3.25 -55.5 3.215223731408304 4
0004 0003 6 1671092940697812 -29.25 -72.5 5.730952223540755 4
0004 0006 6 1671092940699057 -9.75 -64.0 0.018407769454627694 4
0004 0014 6 1671092940699993 -22.75 -62.5 3.522019888985432 4
0004 0011 6 1671092940701688 -27.625 -62.5 4.945554060143307 4
0004 0010 6 1671092940702633 -6.5 -68.5 0.7853981633974483 4
0004 0005 6 1671092940703870 -97.625 -68.0 4.006757817957295 4
0004 0007 6 1671092940705274 -19.5 -65.0 4.589670517353839 4
0004 0004 6 1671092940706350 -6.5 -66.5 5.780039608753096 4
0004 0015 6 1671092940708137 -42.3125 -74.0 0.5276893910326605 4
0004 0013 6 1671092940710872 -6.5 -64.5 2.4727770300716534 4
0004 0005 7 1671092940736653 -42.3125 -60.5 4.123340357836604 4
0004 0014 7 1671092940739604 -42.3125 -64.0 5.743224069843841 4
0004 0013 7 1671092940740596 48.8125 -70.0 5.160311370447297 4
0004 0003 7 1671092940744203 -162.75 -72.0 2.2334760271614935 4
0004 0004 7 1671092940748839 -81.375 -70.0 0.521553467881118 4
0004 0001 8 1671092940776627 90.3125 -72.0 1.0492428589137786 4
0004 0003 8 1671092940778158 65.0625 -72.5 4.1172044346850605 4
0004 0013 8 1671092940779732 -3.25 -69.5 2.8838838812250054 4
0004 0014 1 1671092940996775 68.3125 -64.0 2.5586799541932495 4
0004 0006 1 1671092940998133 -74.8125 -63.0 4.23378697456437 4
0004 0012 1 1671092940999065 -6.5 -66.5 0.705631162427395 4
0004 0012 2 1671092941025850 -94.375 -64.0 1.1474176293384597 4
0004 0004 2 1671092941026816 -211.5625 -69.5 3.0495538063166547 4
0004 0014 2 1671092941029010 97.625 -62.5 4.1601558967458585 4
0004 0004 3 1671092941055859 6.5 -59.5 2.1905245651006955 4
0004 0012 3 1671092941057373 -19.5 -60.5 1.282407938672396 4
0004 0008 3 1671092941059088 -29.25 -62.0 1.3560390164909069 4
0004 0006 3 1671092941062668 45.5625 -63.0 1.736466251886546 4
0004 0007 3 1671092941065398 -78.0625 -69.5 4.509903516383785 4
0004 0011 3 1671092941067464 -52.0625 -69.5 4.583534594202296 4
0004 0004 4 1671092941106550 16.25 -60.5 1.902136176978195 4
0004 0014 4 1671092941108151 -9.75 -63.5 3.6754179677739964 4
0004 0008 4 1671092941109340 -13.0 -58.0 1.5462526341887264 4
0004 0005 4 1671092941110292 -16.25 -64.0 5.332117218690489 4
0004 0006 4 1671092941111215 -58.5625 -68.5 0.1043106935762236 4
0004 0010 4 1671092941112132 32.5 -66.0 0.7853981633974483 4
0004 0009 4 1671092941113095 -32.5 -58.5 3.399301425954581 4
0004 0007 4 1671092941114173 22.75 -64.0 2.6691265709210157 4
0004 0003 4 1671092941116000 35.75 -66.5 3.436116964863836 4
0004 0002 4 1671092941117632 -65.0625 -71.0 2.429825568010856 4
0004 0012 4 1671092941118779 26.0 -63.5 2.4911847995262812 4
0004 0013 5 1671092941146317 39.0 -62.5 0.28225246497095796 4
0004 0009 5 1671092941147292 6.5 -55.0 5.325981295538946 4
0004 0001 5 1671092941148211 21.125 -69.5 6.277049384028044 4
0004 0010 5 1671092941149696 -48.8125 -67.5 2.6016314162540475 4
0004 0011 5 1671092941150614 -27.625 -67.0 4.601942363656923 4
0004 0003 5 1671092941151836 -45.5625 -60.0 4.577398671050753 4
0004 0007 5 1671092941152998 22.75 -66.0 3.11091303783208 4
0004 0000 5 1671092941154234 143.1875 -69.0 1.6014759425526093 4
0004 0014 5 1671092941155177 0.0 -58.5 6.080699843178682 4
0004 0004 5 1671092941156159 -35.75 -64.0 1.0799224746714913 4
0004 0005 5 1671092941158984 29.25 -57.5 0.12885438618239387 4
0004 0008 5 1671092941161133 -68.3125 -66.5 4.374913207049849 4
0004 0012 5 1671092941162465 -84.625 -61.5 5.160311370447297 4
0004 0002 6 1671092941205845 22.75 -73.0 2.8409324191642074 4
0004 0012 6 1671092941206794 -13.0 -62.5 2.84706834231575 4
0004 0003 6 1671092941208031 16.25 -58.0 2.9022916506796332 4
0004 0014 6 1671092941208984 42.3125 -64.5 3.368621810196868 4
0004 0000 6 1671092941209963 61.8125 -71.0 4.755340442445488 4
0004 0004 6 1671092941211137 -45.5625 -62.5 5.283029833478148 4
0004 0008 6 1671092941212040 -16.25 -55.5 1.9880391010997909 4
0004 0001 6 1671092941213413 38.1875 -65.5 1.4419419406125027 4
0004 0009 6 1671092941214614 3.25 -54.5 1.227184630308513 4
0004 0010 6 1671092941215551 42.3125 -69.0 4.589670517353839 4
0004 0013 6 1671092941216529 32.5 -68.5 1.6137477888556946 4
0004 0007 6 1671092941217534 -6.5 -66.5 1.41126232485479 4
0004 0006 6 1671092941218710 16.25 -66.0 4.28287435977671 4
0004 0015 6 1671092941220177 -13.0 -74.0 0.5951845456996288 4
0004 0014 7 1671092941246427 -26.0 -70.0 5.123495831538041 4
0004 0009 7 1671092941247418 19.5 -65.0 1.1106020904292042 4
0004 0001 7 1671092941248636 152.9375 -67.0 4.552854978444583 4
0004 0003 7 1671092941251726 22.75 -65.0 0.5399612373357456 4
0004 0005 7 1671092941252692 -71.5625 -66.0 3.429981041712294 4
0004 0013 7 1671092941260867 -35.75 -71.0 5.6941366846315 4
0004 0007 8 1671092941285778 55.3125 -66.5 3.0250101137104846 4
0004 0013 8 1671092941288094 -117.125 -71.0 4.399456899656019 4
0004 0003 8 1671092941289871 -84.625 -69.0 3.497476196379262 4
0004 0010 1 1671092941506407 0.0 -67.5 3.1906800388021335 4
0004 0002 1 1671092941508215 26.0 -74.0 5.209398755659637 4
0004 0014 1 1671092941510045 107.375 -72.0 3.3072625786814425 4
0004 0004 1 1671092941511897 -65.0625 -68.0 3.509748042682347 4
0004 0007 1 1671092941512974 48.8125 -72.5 4.76147636559703 4
0004 0001 2 1671092941537213 93.5625 -67.0 2.5832236467994196 4
0004 0015 2 1671092941538446 65.0625 -69.5 1.2946797849754812 4
0004 0002 2 1671092941541378 42.3125 -69.5 5.197126909356553 4
0004 0009 3 1671092941566346 175.75 -67.0 0.11044661672776616 4
0004 0006 3 1671092941568117 -9.75 -56.5 1.718058482431918 4
0004 0007 3 1671092941569637 84.625 -69.5 5.3627968344482015 4
0004 0014 3 1671092941571093 0.0 -68.0 1.1106020904292042 4
0004 0008 3 1671092941572963 -42.3125 -63.0 3.0925052683774528 4
0004 0004 3 1671092941574950 211.5625 -67.0 2.018718716857504 4
0004 0010 3 1671092941584001 -149.6875 -71.5 4.626486056263094 4
0004 0001 4 1671092941617674 0.0 -69.0 2.030990563160589 4
0004 0008 4 1671092941619196 26.0 -64.0 5.375068680751287 4
0004 0004 4 1671092941620187 3.25 -61.0 3.3440781175906977 4
0004 0009 4 1671092941621821 -48.8125 -65.0 0.5031456984264903 4
0004 0010 4 1671092941622827 29.25 -67.0 1.6996507129772904 4
0004 0006 4 1671092941624002 6.5 -65.0 5.031456984264903 4
0004 0002 4 1671092941625594 -26.0 -68.5 5.338253141842031 4
0004 0006 5 1671092941646204 26.0 -62.0 1.1535535524900022 4
0004 0005 5 1671092941647154 19.5 -62.0 1.030835089459151 4
0004 0008 5 1671092941648600 22.75 -59.5 1.6198837120072371 4
0004 0004 5 1671092941649593 39.0 -65.5 1.0062913968529805 4
0004 0009 5 1671092941650499 42.3125 -63.0 2.1230294104337273 4
0004 0003 5 1671092941651403 0.0 -58.5 3.1968159619536762 4
0004 0015 5 1671092941652613 -19.5 -69.5 5.516194913236766 4
0004 0001 5 1671092941655417 -139.125 -63.0 1.8714565612204823 4
0004 0007 5 1671092941657288 143.1875 -72.0 3.6815538909255388 4
0004 0014 5 1671092941658238 -133.4375 -65.0 5.418020142812084 4
0004 0010 6 1671092941686441 -48.8125 -68.0 5.522330836388308 4
0004 0003 6 1671092941688260 26.0 -62.5 0.2638446955163303 4
0004 0001 6 1671092941689475 -10.5625 -59.5 3.448388811166921 4
0004 0015 6 1671092941690495 16.25 -66.0 3.693825737228624 4
0004 0009 6 1671092941691741 -19.5 -59.0 0.7240389318820226 4
0004 0007 6 1671092941694975 110.625 -72.0 0.6504078540635119 4
0004 0005 6 1671092941695954 -81.375 -70.0 4.473087977474529 4
0004 0010 7 1671092941725829 126.9375 -68.5 1.1044661672776617 4
0004 0014 7 1671092941727257 292.9375 -69.5 1.9696313316451632 4
0004 0005 7 1671092941729283 19.5 -69.0 0.5092816215780329 4
0004 0008 7 1671092941731065 0.0 -64.0 2.1598449493429825 4
0004 0015 7 1671092941732483 9.75 -62.0 2.1905245651006955 4
0004 0007 7 1671092941733777 -149.6875 -69.0 3.9576704327449543 4
0004 0005 8 1671092941756170 22.75 -70.0 2.718213956133356 4
0004 0009 8 1671092941757389 45.5625 -64.0 1.9082721001297376 4
0004 0015 8 1671092941758352 117.125 -67.0 0.521553467881118 4
0004 0007 8 1671092941760053 39.0 -70.5 0.8344855486097889 4
0004 0001 8 1671092941761693 -17.0625 -69.5 4.503767593232243 4
0004 0015 1 1671092941977739 45.5625 -69.5 4.534447208989955 4
0004 0004 1 1671092941979042 -16.25 -55.0 5.890486225480862 4
0004 0010 1 1671092941981085 -32.5 -68.5 3.3072625786814425 4
0004 0004 2 1671092942005844 -65.0625 -61.5 1.3744467859455345 4
0004 0015 2 1671092942007870 -32.5 -66.0 2.730485802436441 4
0004 0008 2 1671092942011113 87.875 -65.0 2.6998061866787286 4
0004 0007 2 1671092942012419 -3.25 -66.0 3.9085830475326135 4
0004 0007 3 1671092942036423 48.8125 -65.0 5.436427912266712 4
0004 0004 3 1671092942037356 16.25 -59.0 3.5711072741977725 4
0004 0008 3 1671092942038781 3.25 -60.5 2.4850488763747385 4
0004 0006 3 1671092942041066 -65.0625 -65.5 2.9513790358919736 4
0004 0003 3 1671092942043389 13.0 -64.0 0.5951845456996288 4
0004 0001 3 1671092942044295 -38.1875 -69.0 2.521864415283994 4
0004 0007 4 1671092942075893 -26.0 -71.5 6.215690152512618 4
0004 0001 4 1671092942078011 -87.0625 -69.0 0.8160777791551611 4
0004 0005 4 1671092942080549 -3.25 -63.5 1.6751070203711202 4
0004 0002 4 1671092942081546 -133.4375 -67.5 3.54042765844006 4
0004 0006 4 1671092942082991 9.75 -59.0 6.166602767300278 4
0004 0008 4 1671092942084196 19.5 -58.0 2.60776733940559 4
0004 0010 4 1671092942085514 84.625 -67.0 1.9941750242513334 4
0004 0007 5 1671092942106387 29.25 -60.5 0.30066023442558565 4
0004 0005 5 1671092942107551 289.6875 -68.5 5.043728830567988 4
0004 0009 5 1671092942108472 32.5 -61.0 2.761165418194154 4
0004 0003 5 1671092942110442 136.6875 -67.5 2.718213956133356 4
0004 0015 5 1671092942111630 19.5 -68.5 0.619728238305799 4
0004 0006 5 1671092942112819 0.0 -71.5 5.872078456026235 4
0004 0008 5 1671092942113817 -13.0 -62.0 0.8344855486097889 4
0004 0011 5 1671092942118262 -375.125 -70.0 5.166447293598839 4
0004 0015 6 1671092942146546 -74.8125 -68.0 4.853515212870168 4
0004 0007 6 1671092942147736 3.25 -61.5 5.246214294568893 4
0004 0008 6 1671092942148700 -13.0 -66.5 1.5033011721279284 4
0004 0001 6 1671092942149634 27.625 -70.5 5.448699758569798 4
0004 0005 6 1671092942152778 45.5625 -69.0 1.3499030933393643 4
0004 0009 6 1671092942153922 -6.5 -58.5 0.39269908169872414 4
0004 0015 7 1671092942175816 29.25 -63.5 2.2212041808584084 4
0004 0008 7 1671092942177020 55.3125 -66.0 2.012582793705961 4
0004 0010 7 1671092942179246 19.5 -70.5 1.4296700943094176 4
0004 0007 7 1671092942182144 188.75 -69.5 3.54042765844006 4
0004 0003 8 1671092942207206 -32.5 -66.0 2.9513790358919736 4
0004 0007 8 1671092942208639 -42.3125 -62.0 5.737088146692298 4
0004 0009 8 1671092942210124 13.0 -64.5 1.8530487917658545 4
0004 0005 8 1671092942213151 -84.625 -71.0 3.902447124381071 4
0004 0015 8 1671092942214070 97.625 -68.5 1.1719613219446299 4
0004 0015 1 1671092942426160 -104.125 -71.0 4.620350133111551 4
0004 0004 1 1671092942428625 -45.5625 -55.5 5.522330836388308 4
0004 0010 1 1671092942429916 -52.0625 -69.0 3.423845118560751 4
0004 0004 2 1671092942457467 -71.5625 -62.5 1.325359400733194 4
0004 0008 2 1671092942458999 -87.875 -64.5 3.3318062712876126 4
0004 0007 2 1671092942459965 -78.0625 -65.5 4.1601558967458585 4
0004 0015 2 1671092942460898 13.0 -67.5 2.386874105950058 4
0004 0003 3 1671092942486100 -26.0 -63.5 0.6013204688511713 4
0004 0001 3 1671092942487045 -17.0625 -69.5 1.8285050991596843 4
0004 0006 3 1671092942488252 -29.25 -65.5 2.313243028131547 4
0004 0007 3 1671092942489670 -68.3125 -65.0 5.5714182216006485 4
0004 0004 3 1671092942491368 9.75 -59.5 3.1784081924990484 4
0004 0008 3 1671092942492757 6.5 -61.5 2.448233337465483 4
0004 0001 4 1671092942516468 -30.875 -68.5 0.6565437772150544 4
0004 0002 4 1671092942517718 -91.125 -67.5 3.3318062712876126 4
0004 0006 4 1671092942519476 29.25 -58.5 5.829126993965437 4
0004 0007 4 1671092942523272 159.5 -69.0 5.50392306693368 4
0004 0008 4 1671092942524333 13.0 -58.5 2.5586799541932495 4
0004 0010 4 1671092942525808 -58.5625 -67.5 2.067806102069844 4
0004 0005 4 1671092942526967 9.75 -63.0 1.5585244804918115 4
0004 0008 5 1671092942555856 16.25 -63.0 0.5645049299419159 4
0004 0003 5 1671092942558039 42.3125 -69.0 2.6016314162540475 4
0004 0007 5 1671092942559954 -32.5 -61.0 0.07363107781851078 4
0004 0009 5 1671092942565178 52.0625 -61.0 2.724349879284899 4
0004 0011 5 1671092942566786 -211.5625 -68.5 5.092816215780329 4
0004 0015 5 1671092942567733 -61.8125 -68.0 0.5583690067903734 4
0004 0005 5 1671092942568811 87.875 -69.5 4.92714629068868 4
0004 0001 6 1671092942596622 -24.375 -70.5 5.2339424482658075 4
0004 0015 6 1671092942598480 -39.0 -68.5 4.779884135051658 4
0004 0009 6 1671092942599727 32.5 -59.0 0.380427235395639 4
0004 0007 6 1671092942600718 -6.5 -61.5 5.393476450205914 4
0004 0005 6 1671092942602405 35.75 -68.5 1.1351457830353744 4
0004 0008 6 1671092942603354 29.25 -66.0 1.2455923997631406 4
0004 0008 7 1671092942626807 -9.75 -66.0 1.718058482431918 4
0004 0010 7 1671092942628640 -32.5 -71.0 1.4787574795217582 4
0004 0015 7 1671092942629702 -45.5625 -64.5 2.399145952253143 4
0004 0007 7 1671092942630863 -113.875 -67.0 4.190835512503572 4
0004 0006 8 1671092942656377 162.75 -70.5 1.5155730184310134 4
0004 0015 8 1671092942658455 29.25 -69.0 1.3008157081270237 4
0004 0003 8 1671092942659976 26.0 -65.5 2.736621725587984 4
0004 0005 8 1671092942660968 9.75 -70.5 3.77972866135022 4
0004 0007 8 1671092942661978 -29.25 -61.5 5.577554144752192 4
0004 0009 8 1671092942663283 29.25 -65.5 1.7916895602504288 4
0004 0015 1 1671092942877801 -107.375 -71.5 4.368777283898306 4
0004 0004 1 1671092942879884 9.75 -56.5 4.914874444385594 4
0004 0010 1 1671092942881233 -39.0 -68.5 3.104777114680538 4
0004 0004 2 1671092942906302 -42.3125 -63.5 0.39269908169872414 4
0004 0007 2 1671092942908633 -107.375 -66.5 4.147884050442774 4
0004 0015 2 1671092942912155 9.75 -67.5 2.466641106920111 4
0004 0008 2 1671092942913119 -100.875 -66.0 3.0372819600135696 4
0004 0006 3 1671092942936264 52.0625 -66.0 2.12916533358527 4
0004 0004 3 1671092942937379 -74.8125 -58.5 3.000466421104314 4
0004 0003 3 1671092942938815 -19.5 -64.0 0.3865631585471816 4
0004 0008 3 1671092942940316 9.75 -61.5 2.399145952253143 4
0004 0007 3 1671092942941821 6.5 -65.5 5.6573211457222445 4
0004 0001 3 1671092942947468 -24.375 -69.5 2.1537090261914402 4
0004 0005 4 1671092942976358 -19.5 -63.0 1.576932249946439 4
0004 0001 4 1671092942977559 17.0625 -68.0 0.5460971604872883 4
0004 0010 4 1671092942978706 65.0625 -66.5 2.2027964114037806 4
0004 0006 4 1671092942979853 22.75 -58.5 5.878214379177777 4
0004 0008 4 1671092942981029 -13.0 -58.5 2.675262494072558 4
0004 0002 4 1671092942982478 16.25 -66.5 3.3502140407422405 4
0004 0007 4 1671092942984152 26.0 -71.0 5.675728915176872 4
0004 0007 5 1671092943005995 6.5 -61.5 0.11044661672776616 4
0004 0015 5 1671092943006931 32.5 -68.0 0.4356505437595221 4
0004 0008 5 1671092943008842 -19.5 -62.5 0.9019807032767571 4
0004 0003 5 1671092943010292 120.4375 -70.0 3.067961575771282 4
0004 0005 5 1671092943012942 -130.1875 -68.5 5.47937937432751 4
0004 0009 5 1671092943014088 -55.3125 -61.5 3.2336315008629315 4
0004 0011 5 1671092943016239 -27.625 -68.5 5.1725832167503825 4
0004 0005 6 1671092943046138 39.0 -68.5 1.1596894756415448 4
0004 0001 6 1671092943049181 -87.0625 -69.5 5.0682725231741586 4
0004 0007 6 1671092943050714 3.25 -62.0 5.491651220630596 4
0004 0008 6 1671092943051708 29.25 -66.0 1.3989904785517047 4
0004 0009 6 1671092943052912 -9.75 -59.0 0.6872233929727672 4
0004 0015 6 1671092943054202 -9.75 -68.5 4.71238898038469 4
0004 0001 7 1671092943076059 45.5625 -69.5 4.583534594202296 4
0004 0008 7 1671092943076994 -29.25 -64.5 2.337786720737717 4
0004 0015 7 1671092943078693 -68.3125 -63.5 2.3623304133438876 4
0004 0010 7 1671092943079897 -39.0 -69.5 1.4848934026733007 4
0004 0007 7 1671092943081601 126.9375 -67.0 3.6999616603801666 4
0004 0009 8 1671092943106444 139.9375 -66.0 1.6137477888556946 4
0004 0007 8 1671092943109660 -32.5 -61.0 5.448699758569798 4
0004 0003 8 1671092943111250 -9.75 -66.0 2.6139032625571326 4
0004 0015 8 1671092943112186 -35.75 -68.5 1.3437671701878218 4
0004 0005 8 1671092943113310 -120.4375 -70.0 3.810408277107933 4
0004 0004 1 1671092943328326 -39.0 -56.0 4.970097752749477 4
0004 0010 1 1671092943330124 26.0 -69.0 2.7979809571034093 4
0004 0015 1 1671092943331060 -107.375 -71.5 4.344233591292136 4
0004 0004 2 1671092943356382 -3.25 -62.0 0.4111068511533518 4
0004 0008 2 1671092943358696 -130.1875 -66.0 2.9697868053466014 4
0004 0015 2 1671092943360596 143.1875 -68.5 1.9819031779482483 4
0004 0007 2 1671092943361575 -71.5625 -67.0 4.09266074207889 4
0004 0004 3 1671092943386136 13.0 -59.5 3.1968159619536762 4
0004 0001 3 1671092943388473 65.875 -70.0 2.380738182798515 4
0004 0003 3 1671092943389440 -61.8125 -63.5 1.043106935762236 4
0004 0008 3 1671092943391532 -19.5 -61.5 2.8286605728611223 4
0004 0007 3 1671092943392470 -26.0 -63.5 5.773903685601553 4
0004 0006 3 1671092943393706 -159.5 -65.5 2.9022916506796332 4
0004 0005 4 1671092943417231 13.0 -62.5 1.9757672547967058 4
0004 0008 4 1671092943418705 26.0 -58.5 3.0802334220743677 4
0004 0001 4 1671092943419851 -62.625 -66.0 1.1474176293384597 4
0004 0006 4 1671092943420815 -26.0 -59.5 6.178874613603362 4
0004 0010 4 1671092943422136 -58.5625 -67.0 2.6691265709210157 4
0004 0002 4 1671092943423070 -9.75 -66.5 3.80427235395639 4
0004 0007 4 1671092943423993 55.3125 -70.0 5.724816300389213 4
0004 0009 5 1671092943445842 6.5 -60.5 3.3072625786814425 4
0004 0015 5 1671092943446819 16.25 -68.5 0.4111068511533518 4
0004 0011 5 1671092943448191 -93.5625 -68.5 5.553010452146021 4
0004 0005 5 1671092943449368 -74.8125 -68.5 5.491651220630596 4
0004 0008 5 1671092943450289 45.5625 -63.0 1.0921943209745766 4
0004 0007 5 1671092943451977 13.0 -60.5 0.2761165418194154 4
