0004 0006 1 1671092948735935 -13.0 -59.5 5.50392306693368 4
0004 0004 1 1671092948738510 -42.3125 -67.0 2.0800779483729293 4
0004 0014 1 1671092948739444 -16.25 -62.5 2.9636508821950587 4
0004 0012 1 1671092948740850 152.9375 -69.0 1.1351457830353744 4
0004 0014 2 1671092948777842 19.5 -63.5 4.81056375080937 4
0004 0012 2 1671092948779147 -6.5 -64.0 1.1167380135807468 4
0004 0011 2 1671092948783189 -125.3125 -68.5 4.448544284868359 4
0004 0005 2 1671092948787460 -71.5625 -69.0 0.4908738521234052 4
0004 0012 3 1671092948806174 6.5 -63.5 0.1902136176978195 4
0004 0004 3 1671092948807971 -3.25 -56.5 1.2517283229146832 4
0004 0010 3 1671092948809755 -104.125 -68.5 2.9759227284981438 4
0004 0007 3 1671092948811454 -104.125 -69.0 3.1968159619536762 4
0004 0008 3 1671092948812631 -214.8125 -71.0 5.473243451175968 4
0004 0006 3 1671092948815154 52.0625 -62.5 2.012582793705961 4
0004 0011 3 1671092948817051 -156.1875 -67.5 4.914874444385594 4
0004 0006 4 1671092948845897 0.0 -61.5 5.7616318392984684 4
0004 0001 4 1671092948846850 -107.375 -71.0 3.5465635815916023 4
0004 0010 4 1671092948847824 55.3125 -62.0 1.8775924843720249 4
0004 0004 4 1671092948849241 32.5 -64.0 1.2026409377023426 4
0004 0005 4 1671092948850414 9.75 -58.5 4.3503695144436785 4
0004 0008 4 1671092948851380 104.125 -68.5 0.8713010875190442 4
0004 0014 4 1671092948852313 26.0 -66.0 4.509903516383785 4
0004 0009 4 1671092948853997 -6.5 -58.0 3.448388811166921 4
0004 0003 4 1671092948854978 58.5625 -76.0 0.662679700366597 4
0004 0007 4 1671092948856778 -26.0 -66.5 2.82252464970958 4
0004 0013 4 1671092948858324 -39.0 -69.5 4.190835512503572 4
0004 0002 4 1671092948860099 -55.3125 -76.0 6.013204688511713 4
0004 0013 5 1671092948885861 -100.875 -63.0 4.804427827657828 4
0004 0011 5 1671092948887047 17.0625 -59.5 5.93343768754166 4
0004 0004 5 1671092948889665 3.25 -63.5 4.037437433715008 4
0004 0000 5 1671092948891183 -87.875 -73.0 4.95168998329485 4
0004 0010 5 1671092948892143 -19.5 -66.0 3.466796580621549 4
0004 0009 5 1671092948894311 32.5 -60.5 4.859651136021712 4
0004 0007 5 1671092948896758 -87.875 -65.0 4.221515128261284 4
0004 0014 5 1671092948898360 55.3125 -59.5 5.890486225480862 4
0004 0005 5 1671092948899268 42.3125 -56.5 5.50392306693368 4
0004 0012 5 1671092948900513 16.25 -64.5 6.086835766330224 4
0004 0003 5 1671092948901907 100.875 -71.0 5.589825991055276 4
0004 0015 5 1671092948906588 -162.75 -72.0 4.2092432819582 4
0004 0006 6 1671092948926206 -9.75 -63.5 4.7860200582032 4
0004 0009 6 1671092948927126 -13.0 -53.0 1.6812429435226628 4
0004 0010 6 1671092948929119 65.0625 -66.5 5.620505606812989 4
0004 0011 6 1671092948931640 13.8125 -61.0 3.5895150436524004 4
0004 0012 6 1671092948932585 0.0 -65.5 3.1661363461959633 4
0004 0007 6 1671092948933510 -3.25 -63.5 3.043417883165112 4
0004 0008 6 1671092948934487 -35.75 -73.0 6.135923151542564 4
0004 0015 6 1671092948936099 -52.0625 -73.0 1.1658253987930873 4
0004 0014 6 1671092948937048 -32.5 -66.5 3.2029518851052186 4
0004 0004 6 1671092948937993 3.25 -62.5 4.313553975534423 4
0004 0005 6 1671092948941617 16.25 -66.0 2.773437264497239 4
0004 0003 6 1671092948942711 35.75 -72.5 3.8410878928656453 4
0004 0004 7 1671092948966142 159.5 -70.5 5.792311455056181 4
0004 0005 7 1671092948968494 16.25 -60.5 4.2092432819582 4
0004 0014 7 1671092948969844 -198.5625 -67.0 5.074408446325701 4
0004 0011 7 1671092948970774 100.875 -66.0 2.337786720737717 4
0004 0001 7 1671092948971707 24.375 -66.5 5.111223985234957 4
0004 0007 7 1671092948972704 266.875 -69.0 0.3129320807286708 4
0004 0008 7 1671092948974005 -74.8125 -68.5 6.191146459906448 4
0004 0005 8 1671092948996176 -74.8125 -67.0 5.583690067903734 4
0004 0001 8 1671092948997165 -65.875 -71.5 2.7979809571034093 4
0004 0003 8 1671092949000057 78.0625 -76.5 3.8410878928656453 4
0004 0014 1 1671092949216265 16.25 -62.5 2.761165418194154 4
0004 0006 1 1671092949217682 9.75 -59.5 5.160311370447297 4
0004 0004 1 1671092949220929 -68.3125 -68.5 1.7671458676442586 4
0004 0012 1 1671092949221864 -45.5625 -68.5 1.3621749396424494 4
0004 0014 2 1671092949246618 6.5 -63.5 4.792155981354743 4
0004 0005 2 1671092949247899 -152.9375 -69.5 0.8344855486097889 4
0004 0012 2 1671092949249303 26.0 -64.0 1.0676506283684062 4
0004 0011 2 1671092949250718 76.4375 -68.0 4.23378697456437 4
0004 0012 3 1671092949276254 42.3125 -63.0 0.4663301595172349 4
0004 0007 3 1671092949277219 -13.0 -68.5 3.368621810196868 4
0004 0001 3 1671092949278437 17.0625 -69.0 0.9694758579437253 4
0004 0004 3 1671092949279668 -9.75 -57.5 1.576932249946439 4
0004 0008 3 1671092949280860 -52.0625 -70.0 5.393476450205914 4
0004 0011 3 1671092949281805 41.5 -67.5 4.865787059173254 4
0004 0006 3 1671092949283988 32.5 -62.0 2.325514874434632 4
0004 0010 3 1671092949285322 65.0625 -68.0 3.2643111166206444 4
0004 0014 4 1671092949315872 48.8125 -67.5 4.460816131171445 4
0004 0010 4 1671092949318246 -58.5625 -62.0 2.2641556429192065 4
0004 0006 4 1671092949319405 3.25 -61.5 6.191146459906448 4
0004 0009 4 1671092949320581 -19.5 -59.0 3.5036121195308043 4
0004 0002 4 1671092949321535 126.9375 -77.5 5.798447378207723 4
0004 0007 4 1671092949322471 26.0 -67.0 2.8102528034064944 4
0004 0005 4 1671092949323690 -29.25 -59.5 4.638757902566179 4
0004 0004 4 1671092949324864 9.75 -64.0 1.6198837120072371 4
0004 0008 4 1671092949325858 35.75 -69.5 1.3130875544301088 4
0004 0001 4 1671092949327898 -48.8125 -71.0 3.2336315008629315 4
0004 0013 4 1671092949329200 6.5 -69.5 4.28287435977671 4
0004 0014 5 1671092949356183 -9.75 -59.5 6.080699843178682 4
0004 0009 5 1671092949357597 -16.25 -62.0 5.037592907416445 4
0004 0011 5 1671092949358543 -45.5625 -59.5 0.01227184630308513 4
0004 0007 5 1671092949359510 52.0625 -65.0 4.405592822807561 4
0004 0004 5 1671092949360724 16.25 -62.5 4.362641360746763 4
0004 0010 5 1671092949362181 -3.25 -66.0 3.834951969714103 4
0004 0005 5 1671092949363601 -6.5 -57.5 6.000932842208628 4
0004 0000 5 1671092949365972 179.0 -71.0 5.049864753719531 4
0004 0012 5 1671092949367230 6.5 -64.5 0.16566992509164924 4
0004 0013 5 1671092949368123 6.5 -63.0 4.95168998329485 4
0004 0003 5 1671092949371858 -84.625 -71.5 0.030679615757712823 4
0004 0009 6 1671092949406891 -16.25 -53.5 1.88986433067511 4
0004 0007 6 1671092949408212 -13.0 -63.0 3.3318062712876126 4
0004 0008 6 1671092949410404 -45.5625 -73.5 0.22089323345553233 4
0004 0003 6 1671092949411611 -107.375 -73.0 4.552854978444583 4
0004 0004 6 1671092949412826 -22.75 -63.5 4.522175362686871 4
0004 0012 6 1671092949413817 9.75 -65.0 3.411573272257666 4
0004 0011 6 1671092949416006 -3.25 -61.0 3.9515345095934116 4
0004 0005 6 1671092949417587 133.4375 -66.5 2.8716120349219203 4
0004 0006 6 1671092949418505 -6.5 -62.5 5.0253210611133605 4
0004 0014 6 1671092949419427 19.5 -66.0 3.0495538063166547 4
0004 0010 6 1671092949421380 -19.5 -65.5 5.964117303299373 4
0004 0015 6 1671092949422681 7.3125 -73.5 0.9756117810952678 4
0004 0005 7 1671092949446650 -22.75 -59.0 4.2031073588066565 4
0004 0008 7 1671092949447629 -48.8125 -69.0 6.215690152512618 4
0004 0004 7 1671092949449751 117.125 -70.0 5.859806609723149 4
0004 0014 7 1671092949450642 -48.8125 -67.0 4.95168998329485 4
0004 0011 7 1671092949451828 -48.8125 -68.0 2.6813984172241008 4
0004 0001 7 1671092949459324 -55.3125 -69.0 4.0128937411088375 4
0004 0007 7 1671092949468271 71.5625 -73.0 0.5583690067903734 4
0004 0013 8 1671092949497304 -6.5 -71.0 2.12916533358527 4
0004 0001 8 1671092949498491 3.25 -71.0 1.8775924843720249 4
0004 0005 8 1671092949500434 13.0 -70.5 4.884194828627882 4
0004 0003 8 1671092949502639 -348.25 -73.5 4.411728745959104 4
0004 0006 1 1671092949717357 -9.75 -58.5 5.080544369477243 4
0004 0012 1 1671092949718576 -3.25 -69.0 1.227184630308513 4
0004 0014 1 1671092949720222 -48.8125 -62.0 2.8286605728611223 4
0004 0001 1 1671092949721283 48.8125 -70.5 1.282407938672396 4
0004 0004 1 1671092949723112 74.8125 -69.5 1.141281706186917 4
0004 0005 1 1671092949724432 58.5625 -73.0 4.06811704947272 4
0004 0014 2 1671092949746929 16.25 -63.5 4.595806440505381 4
0004 0012 2 1671092949748499 0.0 -65.5 1.0983302441261191 4
0004 0011 2 1671092949749479 -97.625 -69.0 4.92714629068868 4
0004 0005 2 1671092949750938 120.4375 -71.0 0.5951845456996288 4
0004 0011 3 1671092949776687 -62.625 -68.5 5.50392306693368 4
0004 0006 3 1671092949778716 29.25 -62.0 2.6998061866787286 4
0004 0001 3 1671092949779748 152.9375 -67.5 0.8897088569736719 4
0004 0004 3 1671092949781188 -13.0 -57.0 2.0371264863121317 4
0004 0012 3 1671092949782266 22.75 -63.0 0.7792622402459057 4
0004 0010 3 1671092949784163 -78.0625 -69.0 3.9269908169872414 4
0004 0007 3 1671092949785479 81.375 -70.0 3.472932503773092 4
0004 0008 3 1671092949788340 -166.0 -72.0 5.915029918087033 4
0004 0010 4 1671092949815940 -6.5 -61.5 2.5709518004963345 4
0004 0006 4 1671092949816906 42.3125 -61.0 0.3129320807286708 4
0004 0004 4 1671092949817839 13.0 -63.5 2.024854640009046 4
0004 0001 4 1671092949818985 -73.1875 -72.5 3.834951969714103 4
0004 0014 4 1671092949820119 -48.8125 -68.0 4.509903516383785 4
0004 0008 4 1671092949821067 -68.3125 -68.5 1.8285050991596843 4
0004 0003 4 1671092949822215 -39.0 -74.5 1.5033011721279284 4
0004 0009 4 1671092949823106 -42.3125 -59.0 4.25833066717054 4
0004 0005 4 1671092949825091 -52.0625 -59.5 5.043728830567988 4
0004 0007 4 1671092949827556 -29.25 -69.0 3.160000423044421 4
0004 0013 4 1671092949828475 -3.25 -70.0 4.466952054322987 4
0004 0012 4 1671092949829456 19.5 -72.5 4.129476280988146 4
0004 0002 4 1671092949830764 81.375 -75.0 0.30066023442558565 4
0004 0009 5 1671092949855860 6.5 -62.0 5.338253141842031 4
0004 0005 5 1671092949859401 -19.5 -57.5 0.23316507975861744 4
0004 0012 5 1671092949860605 16.25 -65.0 0.3313398501832985 4
0004 0004 5 1671092949861668 -45.5625 -63.0 4.988505522204105 4
0004 0014 5 1671092949862885 -35.75 -59.5 6.166602767300278 4
0004 0007 5 1671092949864260 -61.8125 -65.5 4.859651136021712 4
0004 0011 5 1671092949865429 3.25 -59.0 0.37429131224409645 4
0004 0010 5 1671092949866761 -32.5 -65.0 4.28287435977671 4
0004 0013 5 1671092949867754 35.75 -63.5 5.442563835418255 4
0004 0000 5 1671092949868718 -61.8125 -71.5 6.007068765360171 4
0004 0003 5 1671092949883469 39.0 -71.5 0.5154175447295755 4
0004 0004 6 1671092949916440 -52.0625 -63.5 4.841243366567084 4
0004 0010 6 1671092949917370 9.75 -66.5 6.129787228391022 4
0004 0007 6 1671092949918336 -39.0 -63.0 3.847223816017188 4
0004 0003 6 1671092949920477 -16.25 -72.0 4.988505522204105 4
0004 0006 6 1671092949921439 9.75 -62.0 5.313709449235861 4
0004 0014 6 1671092949922434 42.3125 -66.0 3.098641191528995 4
0004 0009 6 1671092949923379 -3.25 -53.0 2.356194490192345 4
0004 0013 6 1671092949925223 -19.5 -71.0 1.1167380135807468 4
0004 0015 6 1671092949926395 -6.5 -73.0 0.8835729338221293 4
0004 0008 6 1671092949927614 162.75 -70.5 0.42337869745643697 4
0004 0005 6 1671092949928591 74.8125 -67.5 3.172272269347506 4
0004 0001 6 1671092949929552 -87.0625 -72.5 6.209554229361076 4
0004 0012 6 1671092949930842 -35.75 -65.0 3.5158839658338894 4
0004 0011 6 1671092949931757 10.5625 -63.5 4.01902966426038 4
0004 0014 7 1671092949956180 -9.75 -66.5 4.755340442445488 4
0004 0005 7 1671092949957159 -16.25 -59.0 4.2031073588066565 4
0004 0003 7 1671092949959045 19.5 -70.5 1.6198837120072371 4
0004 0004 7 1671092949960762 -100.875 -68.5 6.1850105367549055 4
0004 0001 7 1671092949963915 94.375 -69.5 0.6381360077604268 4
0004 0008 7 1671092949966339 -32.5 -68.0 0.6933593161243098 4
0004 0013 8 1671092949996881 26.0 -69.0 2.1782527187976104 4
0004 0003 8 1671092949998644 -100.875 -71.0 4.04357335686655 4
0004 0014 1 1671092950216857 0.0 -65.0 2.8961557275280905 4
0004 0001 1 1671092950218165 -38.1875 -70.0 1.552388557340269 4
0004 0005 1 1671092950219355 42.3125 -71.5 3.6263305825616556 4
0004 0006 1 1671092950220290 -22.75 -61.5 4.816699673960914 4
0004 0009 1 1671092950222075 -9.75 -65.0 4.7307967498393175 4
0004 0012 1 1671092950223251 22.75 -67.0 1.4419419406125027 4
0004 0014 2 1671092950247603 104.125 -64.0 4.933282213840222 4
0004 0012 2 1671092950248885 74.8125 -63.5 1.2333205534600555 4
0004 0007 2 1671092950250916 45.5625 -66.5 0.32520392703175593 4
0004 0007 3 1671092950276363 29.25 -64.0 2.859340188618835 4
0004 0008 3 1671092950277553 65.0625 -59.5 1.7119225592803755 4
0004 0012 3 1671092950278472 -3.25 -66.0 6.019340611663256 4
0004 0004 3 1671092950279916 3.25 -59.5 1.4542137869155878 4
0004 0001 3 1671092950282363 -10.5625 -60.5 0.4540583132141498 4
0004 0006 3 1671092950284196 227.8125 -70.0 6.037748381117884 4
0004 0009 4 1671092950325864 16.25 -63.5 0.9633399347921826 4
0004 0003 4 1671092950327059 -19.5 -66.0 1.9941750242513334 4
0004 0005 4 1671092950328252 -104.125 -66.0 3.865631585471816 4
0004 0007 4 1671092950329217 26.0 -61.5 1.4603497100671303 4
0004 0006 4 1671092950330195 16.25 -62.0 1.9082721001297376 4
0004 0004 4 1671092950331567 3.25 -60.0 1.6935147898257479 4
0004 0000 4 1671092950332504 29.25 -74.0 5.902758071783947 4
0004 0014 4 1671092950334230 -45.5625 -69.5 4.01902966426038 4
0004 0002 4 1671092950335792 16.25 -68.0 1.5278448647340985 4
0004 0001 4 1671092950336711 -41.5 -67.5 0.1227184630308513 4
0004 0008 4 1671092950337915 61.8125 -60.0 0.16566992509164924 4
0004 0012 4 1671092950338908 120.4375 -70.5 2.2641556429192065 4
0004 0011 5 1671092950366490 -27.625 -63.0 1.552388557340269 4
0004 0007 5 1671092950367440 45.5625 -58.0 0.9756117810952678 4
0004 0014 5 1671092950368913 -39.0 -60.0 5.681864838328415 4
0004 0003 5 1671092950370118 -9.75 -59.0 4.718524903536232 4
0004 0013 5 1671092950371098 48.8125 -69.0 0.9817477042468103 4
0004 0005 5 1671092950372514 19.5 -63.5 6.2034183062095325 4
0004 0009 5 1671092950373477 45.5625 -64.5 2.380738182798515 4
0004 0012 5 1671092950374396 -68.3125 -63.5 3.77972866135022 4
0004 0008 5 1671092950377735 -39.0 -62.0 5.743224069843841 4
0004 0001 5 1671092950378962 -24.375 -64.0 5.577554144752192 4
0004 0010 5 1671092950381139 -16.25 -69.5 6.092971689481767 4
0004 0007 6 1671092950405867 -35.75 -63.0 4.902602598082509 4
0004 0003 6 1671092950406806 26.0 -60.5 1.9696313316451632 4
0004 0015 6 1671092950407725 55.3125 -73.5 1.086058397823034 4
0004 0012 6 1671092950408688 29.25 -66.5 1.0185632431560658 4
0004 0009 6 1671092950409890 -22.75 -57.0 3.5342917352885173 4
0004 0014 6 1671092950412754 -9.75 -67.5 3.3011266555298997 4
0004 0006 6 1671092950413730 0.0 -64.0 0.4172427743048944 4
0004 0000 6 1671092950415072 -107.375 -70.5 2.478912953223196 4
0004 0014 7 1671092950446648 -39.0 -70.5 3.0066023442558567 4
0004 0005 7 1671092950447926 -9.75 -70.5 2.6445828783148455 4
0004 0001 7 1671092950448875 -10.5625 -63.5 4.970097752749477 4
0004 0007 7 1671092950450364 -87.875 -67.5 5.283029833478148 4
0004 0003 7 1671092950451318 74.8125 -63.0 0.7424467013366504 4
0004 0008 7 1671092950452520 13.0 -68.0 5.264622064023521 4
0004 0015 8 1671092950476858 -94.375 -70.0 5.6143696836614465 4
0004 0003 8 1671092950480007 55.3125 -68.5 1.2885438618239387 4
0004 0007 8 1671092950481183 -16.25 -61.0 4.301282129231338 4
0004 0010 1 1671092950696255 104.125 -67.5 2.6691265709210157 4
0004 0004 1 1671092950699659 16.25 -62.0 1.6260196351587797 4
0004 0002 1 1671092950700657 -68.3125 -70.0 1.2026409377023426 4
0004 0015 1 1671092950702440 -136.6875 -71.0 4.06811704947272 4
0004 0015 2 1671092950726799 -58.5625 -65.5 2.423689644859313 4
0004 0007 2 1671092950728133 39.0 -68.5 3.5833791205008576 4
0004 0006 2 1671092950731387 -65.0625 -66.0 3.767456815047135 4
0004 0004 2 1671092950732321 -42.3125 -70.0 0.7179030087304801 4
0004 0002 2 1671092950733231 78.0625 -68.5 5.442563835418255 4
0004 0001 3 1671092950766660 83.0 -66.0 4.945554060143307 4
0004 0006 3 1671092950767895 -65.0625 -63.5 5.252350217720435 4
0004 0008 3 1671092950768898 -22.75 -60.0 2.8532042654672924 4
0004 0007 3 1671092950771454 -35.75 -65.0 4.743068596142402 4
0004 0004 3 1671092950772403 48.8125 -62.0 0.5706408530934585 4
0004 0009 3 1671092950774655 100.875 -65.0 6.1850105367549055 4
0004 0015 3 1671092950776183 136.6875 -69.0 5.43029198911517 4
0004 0010 3 1671092950777100 3.25 -69.5 2.779573187648782 4
0004 0005 4 1671092950806330 19.5 -70.5 2.8777479580734626 4
0004 0009 4 1671092950807237 -26.0 -69.0 0.6258641614573416 4
0004 0015 4 1671092950808145 35.75 -70.0 0.4111068511533518 4
0004 0006 4 1671092950810074 58.5625 -69.0 2.3746022596469727 4
0004 0004 4 1671092950811704 -78.0625 -63.0 3.792000507653305 4
0004 0008 4 1671092950812678 -13.0 -59.0 3.80427235395639 4
0004 0002 4 1671092950813601 -9.75 -65.5 4.749204519293945 4
0004 0010 4 1671092950816114 74.8125 -71.5 1.3928545554001621 4
0004 0011 4 1671092950817274 -69.125 -70.5 2.466641106920111 4
0004 0015 5 1671092950846103 91.125 -67.0 0.5829126993965437 4
0004 0006 5 1671092950847068 -58.5625 -64.5 0.9326603190344698 4
0004 0005 5 1671092950848271 -39.0 -65.0 0.6688156235181395 4
0004 0008 5 1671092950849472 6.5 -59.0 1.1351457830353744 4
0004 0009 5 1671092950850423 35.75 -60.5 2.5034566458293663 4
0004 0003 5 1671092950852421 -19.5 -58.5 2.7979809571034093 4
0004 0004 5 1671092950853426 19.5 -65.0 1.2701360923693108 4
0004 0007 5 1671092950855502 81.375 -63.5 1.3314953238847365 4
0004 0001 5 1671092950856464 41.5 -66.5 1.0921943209745766 4
0004 0014 5 1671092950858163 -13.0 -66.0 5.43029198911517 4
0004 0001 6 1671092950887950 149.6875 -67.0 1.7548740213411735 4
0004 0015 6 1671092950889006 0.0 -62.0 5.190990986205009 4
0004 0007 6 1671092950890215 9.75 -65.0 5.332117218690489 4
0004 0009 6 1671092950891135 9.75 -57.0 6.2034183062095325 4
0004 0010 6 1671092950892470 -58.5625 -69.5 4.884194828627882 4
0004 0010 7 1671092950916858 94.375 -69.5 0.3988350048502667 4
0004 0008 7 1671092950917920 -22.75 -63.5 1.9082721001297376 4
0004 0015 7 1671092950919135 -3.25 -59.5 2.8409324191642074 4
0004 0007 7 1671092950925154 -58.5625 -70.5 3.368621810196868 4
0004 0015 8 1671092950946859 65.0625 -65.0 1.4726215563702154 4
0004 0007 8 1671092950948675 42.3125 -67.5 0.25157284921324513 4
0004 0005 8 1671092950949755 -74.8125 -67.5 3.761320891895592 4
0004 0006 8 1671092950950775 9.75 -68.5 2.282563412373834 4
0004 0009 8 1671092950951740 26.0 -65.5 1.4848934026733007 4
0004 0001 8 1671092950953071 -48.8125 -71.5 4.319689898685965 4
0004 0015 1 1671092951167275 -26.0 -67.0 4.755340442445488 4
0004 0004 1 1671092951168687 3.25 -55.5 5.8045833013592665 4
0004 0010 1 1671092951170361 26.0 -69.0 2.6200391857086753 4
0004 0004 2 1671092951196101 3.25 -61.5 1.1474176293384597 4
0004 0015 2 1671092951197547 -26.0 -63.5 3.0372819600135696 4
0004 0007 2 1671092951199393 -65.0625 -64.5 4.289010282928253 4
0004 0008 2 1671092951201204 -61.8125 -68.0 3.356349963893783 4
0004 0007 3 1671092951226801 9.75 -64.5 5.325981295538946 4
0004 0004 3 1671092951229160 -26.0 -59.5 4.264466590322082 4
0004 0003 3 1671092951231515 6.5 -64.5 1.380582709097077 4
0004 0008 3 1671092951234213 -9.75 -61.5 2.9943304979527716 4
0004 0001 3 1671092951235869 -121.25 -67.0 4.123340357836604 4
0004 0009 3 1671092951237072 -71.5625 -67.5 0.5645049299419159 4
0004 0006 3 1671092951239702 13.0 -64.0 2.6691265709210157 4
0004 0015 3 1671092951241009 -52.0625 -68.5 5.853670686571607 4
0004 0010 3 1671092951242398 -100.875 -70.0 3.1661363461959633 4
0004 0006 4 1671092951266112 35.75 -60.5 1.012427320004523 4
0004 0015 4 1671092951268784 19.5 -70.5 0.6933593161243098 4
0004 0002 4 1671092951270576 -65.0625 -63.0 4.503767593232243 4
0004 0008 4 1671092951271561 0.0 -57.0 3.356349963893783 4
0004 0001 4 1671092951272512 24.375 -68.5 1.3192234775816514 4
0004 0005 4 1671092951274058 13.0 -66.0 2.3316507975861747 4
0004 0004 4 1671092951275147 0.0 -69.0 3.4913402732277192 4
0004 0010 4 1671092951276116 74.8125 -69.0 2.1782527187976104 4
0004 0014 5 1671092951296112 175.75 -70.5 5.270757987175063 4
0004 0015 5 1671092951297046 100.875 -68.5 1.3867186322486196 4
0004 0003 5 1671092951297943 -58.5625 -63.0 3.172272269347506 4
0004 0004 5 1671092951299361 -123.6875 -68.5 1.3744467859455345 4
0004 0006 5 1671092951300371 -78.0625 -69.5 0.9019807032767571 4
0004 0008 5 1671092951301996 22.75 -60.5 1.055378782065321 4
0004 0009 5 1671092951302930 3.25 -60.5 2.9268353432858034 4
0004 0011 5 1671092951303865 -90.3125 -68.0 4.896466674930966 4
0004 0007 5 1671092951305056 45.5625 -60.5 0.521553467881118 4
0004 0005 5 1671092951308052 -74.8125 -68.0 5.982525072754001 4
0004 0009 6 1671092951335925 6.5 -57.5 0.11658253987930872 4
0004 0005 6 1671092951336861 19.5 -71.5 0.705631162427395 4
0004 0010 6 1671092951338527 -94.375 -71.0 5.2339424482658075 4
0004 0015 6 1671092951339758 45.5625 -63.0 5.295301679781233 4
0004 0007 6 1671092951341402 -42.3125 -61.0 5.086680292628786 4
0004 0008 7 1671092951366874 -16.25 -62.5 2.141437179888355 4
0004 0015 7 1671092951370250 9.75 -59.5 2.7857091108003242 4
0004 0004 7 1671092951374416 -42.3125 -70.0 5.307573526084319 4
0004 0010 7 1671092951377379 211.5625 -68.0 0.11658253987930872 4
0004 0007 7 1671092951382744 -146.4375 -70.0 2.767301341345697 4
0004 0003 8 1671092951406393 -32.5 -68.0 1.945087639038993 4
0004 0015 8 1671092951408207 35.75 -64.5 0.7853981633974483 4
0004 0007 8 1671092951409172 -26.0 -63.0 5.381204603902829 4
0004 0005 8 1671092951410150 61.8125 -66.5 3.08636934522591 4
0004 0001 8 1671092951411140 -90.3125 -69.5 3.890175278077986 4
0004 0006 8 1671092951415558 61.8125 -68.5 1.9266798695843652 4
0004 0009 8 1671092951416846 13.0 -67.0 1.3989904785517047 4
0004 0004 1 1671092951635824 -48.8125 -56.0 5.436427912266712 4
0004 0015 1 1671092951637240 -166.0 -68.0 4.921010367537137 4
0004 0010 1 1671092951640841 -52.0625 -69.5 2.564815877344792 4
0004 0015 2 1671092951666171 -6.5 -64.5 2.9268353432858034 4
0004 0007 2 1671092951667351 -110.625 -65.0 4.23378697456437 4
0004 0004 2 1671092951671378 22.75 -63.0 0.6688156235181395 4
0004 0001 3 1671092951706083 117.9375 -66.5 3.6017868899554855 4
0004 0010 3 1671092951707552 94.375 -70.0 3.08636934522591 4
0004 0006 3 1671092951708572 -19.5 -65.0 2.9513790358919736 4
0004 0008 3 1671092951709987 -9.75 -62.0 2.9391071895888885 4
0004 0007 3 1671092951710953 61.8125 -63.5 5.681864838328415 4
0004 0004 3 1671092951711915 -16.25 -59.5 3.877903431774901 4
0004 0003 3 1671092951713592 42.3125 -64.0 1.4419419406125027 4
0004 0009 3 1671092951715137 -68.3125 -68.0 0.7363107781851077 4
0004 0015 3 1671092951716355 29.25 -68.5 5.970253226450915 4
0004 0008 4 1671092951748411 -9.75 -57.0 3.368621810196868 4
0004 0001 4 1671092951749744 59.375 -67.0 1.3499030933393643 4
0004 0010 4 1671092951750707 -19.5 -69.0 2.386874105950058 4
0004 0006 4 1671092951752283 -6.5 -60.0 0.9203884727313847 4
0004 0002 4 1671092951753263 9.75 -64.0 4.405592822807561 4
0004 0015 4 1671092951755031 35.75 -69.0 0.7363107781851077 4
0004 0005 4 1671092951756590 -9.75 -65.5 2.4175537217077703 4
0004 0004 4 1671092951757955 -156.1875 -71.5 3.2643111166206444 4
0004 0008 5 1671092951787901 71.5625 -61.0 1.0615147052168636 4
0004 0007 5 1671092951789205 16.25 -60.5 0.6504078540635119 4
0004 0009 5 1671092951791342 -9.75 -61.0 3.067961575771282 4
0004 0015 5 1671092951792292 100.875 -69.5 1.184233168247715 4
0004 0003 5 1671092951793514 29.25 -63.0 3.0250101137104846 4
0004 0005 5 1671092951796219 94.375 -69.0 5.608233760509904 4
0004 0011 5 1671092951798510 34.9375 -67.5 5.074408446325701 4
0004 0004 5 1671092951809192 58.5625 -68.5 0.9142525495798421 4
0004 0006 5 1671092951810129 16.25 -69.0 0.7669903939428205 4
0004 0005 6 1671092951836172 117.125 -71.5 0.7363107781851077 4
0004 0010 6 1671092951838291 -87.875 -71.5 5.325981295538946 4
0004 0009 6 1671092951839195 6.5 -57.5 0.30679615757712825 4
0004 0015 6 1671092951840711 -26.0 -62.5 5.399612373357457 4
0004 0007 6 1671092951843107 -32.5 -60.5 5.148039524144211 4
0004 0010 7 1671092951876782 9.75 -69.0 0.28838838812250056 4
0004 0015 7 1671092951877859 -29.25 -59.5 2.82252464970958 4
0004 0008 7 1671092951879063 58.5625 -62.5 1.9819031779482483 4
0004 0009 8 1671092951905839 -13.0 -69.0 1.5278448647340985 4
0004 0006 8 1671092951907869 -16.25 -68.5 1.902136176978195 4
0004 0001 8 1671092951908875 32.5 -71.5 3.6386024288647407 4
0004 0005 8 1671092951910331 3.25 -66.5 3.153864499892878 4
0004 0007 8 1671092951911777 9.75 -63.0 5.283029833478148 4
0004 0015 8 1671092951913360 0.0 -64.0 0.7179030087304801 4
0004 0003 8 1671092951914944 74.8125 -68.0 1.4910293258248433 4
0004 0004 1 1671092952126186 -35.75 -56.5 5.240078371417351 4
0004 0010 1 1671092952127931 175.75 -69.0 2.000310947402876 4
0004 0015 1 1671092952128866 -192.0 -68.5 4.914874444385594 4
0004 0004 2 1671092952157928 22.75 -62.0 0.4908738521234052 4
0004 0015 2 1671092952158991 55.3125 -64.0 2.6875343403756435 4
0004 0007 2 1671092952160140 52.0625 -65.0 4.172427743048944 4
0004 0003 3 1671092952187188 -61.8125 -66.0 1.7671458676442586 4
0004 0001 3 1671092952188151 -48.8125 -67.5 4.0558452031696355 4
0004 0008 3 1671092952189099 6.5 -62.5 3.160000423044421 4
0004 0015 3 1671092952190007 182.25 -67.5 6.086835766330224 4
0004 0006 3 1671092952190972 -61.8125 -64.5 3.1354567304382504 4
0004 0004 3 1671092952192474 3.25 -59.5 3.6876898140770815 4
0004 0007 3 1671092952193539 -9.75 -63.5 5.810719224510809 4
0004 0009 3 1671092952194757 84.625 -68.5 0.6258641614573416 4
0004 0010 3 1671092952197162 267.6875 -70.5 2.9575149590435164 4
0004 0008 4 1671092952216408 6.5 -57.0 3.448388811166921 4
0004 0001 4 1671092952218218 19.5 -66.0 1.4848934026733007 4
0004 0006 4 1671092952220990 -6.5 -59.5 0.8774370106705868 4
0004 0015 4 1671092952221984 -107.375 -68.0 0.9633399347921826 4
0004 0002 4 1671092952224459 -3.25 -64.0 4.565126824747668 4
0004 0005 4 1671092952227583 -42.3125 -65.0 2.6139032625571326 4
0004 0004 5 1671092952256405 -52.0625 -70.0 0.9081166264282996 4
0004 0005 5 1671092952257370 26.0 -69.5 5.626641529964532 4
0004 0007 5 1671092952259071 26.0 -60.5 0.6565437772150544 4
0004 0008 5 1671092952260304 29.25 -61.0 1.2333205534600555 4
0004 0011 5 1671092952265649 -29.25 -68.5 5.166447293598839 4
0004 0003 5 1671092952266731 -39.0 -64.0 3.2213596545598464 4
0004 0009 5 1671092952268175 3.25 -61.0 3.104777114680538 4
0004 0006 5 1671092952269257 61.8125 -69.0 0.5338253141842031 4
0004 0015 5 1671092952270234 -146.4375 -70.0 1.41126232485479 4
0004 0010 6 1671092952296173 -58.5625 -72.0 5.45483568172134 4
0004 0007 6 1671092952297334 -19.5 -61.0 5.203262832508095 4
0004 0015 6 1671092952298946 -9.75 -62.5 5.381204603902829 4
0004 0001 6 1671092952300092 3.25 -71.0 5.6941366846315 4
0004 0009 6 1671092952301025 3.25 -57.5 0.37429131224409645 4
0004 0005 6 1671092952302191 107.375 -71.0 0.7792622402459057 4
0004 0008 7 1671092952326331 55.3125 -62.0 1.932815792735908 4
0004 0015 7 1671092952329569 13.0 -59.5 2.730485802436441 4
0004 0010 7 1671092952334181 52.0625 -70.0 0.23316507975861744 4
0004 0001 7 1671092952335480 -7.3125 -71.5 4.595806440505381 4
0004 0007 7 1671092952336854 175.75 -70.5 2.4727770300716534 4
0004 0003 8 1671092952366407 6.5 -66.0 1.2517283229146832 4
0004 0006 8 1671092952367943 45.5625 -70.0 1.7303303287350031 4
0004 0015 8 1671092952368846 26.0 -64.0 0.4356505437595221 4
0004 0005 8 1671092952370021 13.0 -65.5 3.067961575771282 4
0004 0007 8 1671092952371749 -9.75 -61.5 5.148039524144211 4
0004 0010 1 1671092952592886 84.625 -69.0 2.0493983326152168 4
0004 0015 1 1671092952593878 -139.9375 -68.5 5.013049214810275 4
0004 0004 1 1671092952595948 39.0 -56.0 4.95168998329485 4
0004 0015 2 1671092952617933 104.125 -64.5 2.497320722677824 4
0004 0004 2 1671092952619008 -9.75 -62.5 0.3988350048502667 4
0004 0007 2 1671092952621068 39.0 -65.5 4.1417481272912315 4
0004 0004 3 1671092952646180 -19.5 -59.5 3.8963112012295285 4
0004 0009 3 1671092952647373 -172.5 -68.0 1.4419419406125027 4
0004 0006 3 1671092952648578 61.8125 -64.5 3.153864499892878 4
0004 0007 3 1671092952649444 81.375 -63.0 5.884350302329319 4
0004 0015 3 1671092952650663 -35.75 -67.0 0.35588354278946877 4
0004 0008 3 1671092952652361 16.25 -63.5 3.454524734318464 4
0004 0001 3 1671092952653308 -76.4375 -68.5 4.442408361716817 4
0004 0003 3 1671092952656832 -71.5625 -64.5 2.2212041808584084 4
0004 0008 4 1671092952685781 -9.75 -57.5 3.77972866135022 4
0004 0015 4 1671092952686944 169.25 -68.0 0.6013204688511713 4
0004 0001 4 1671092952687892 41.5 -65.0 1.7732817907958012 4
0004 0010 4 1671092952689282 -123.6875 -69.0 2.9145634969827183 4
0004 0002 4 1671092952690245 -16.25 -64.0 4.853515212870168 4
0004 0006 4 1671092952691166 19.5 -59.5 0.9878836273983529 4
0004 0005 4 1671092952692599 -13.0 -65.0 2.890019804376548 4
0004 0011 5 1671092952726907 -111.4375 -67.0 5.651185222570702 4
0004 0009 5 1671092952727938 -9.75 -60.0 3.4054373491061236 4
0004 0006 5 1671092952729132 -100.875 -70.5 1.0246991663076084 4
0004 0008 5 1671092952730066 19.5 -62.0 1.5401167110371838 4
0004 0003 5 1671092952731488 -45.5625 -64.5 3.3624858870453256 4
0004 0007 5 1671092952732451 9.75 -60.0 0.8528933180644165 4
0004 0005 5 1671092952733534 -117.125 -70.0 6.074563920027139 4
0004 0010 6 1671092952766834 -130.1875 -72.5 5.810719224510809 4
0004 0001 6 1671092952768134 -27.625 -70.0 5.338253141842031 4
0004 0015 6 1671092952769138 -94.375 -62.5 5.522330836388308 4
0004 0009 6 1671092952770071 13.0 -58.5 0.5829126993965437 4
0004 0007 6 1671092952771249 -13.0 -62.0 5.338253141842031 4
0004 0005 6 1671092952772771 214.8125 -69.5 0.7792622402459057 4
0004 0015 7 1671092952797967 -35.75 -60.0 2.804116880254952 4
0004 0008 7 1671092952799355 -26.0 -60.5 2.0493983326152168 4
0004 0009 7 1671092952800333 45.5625 -69.5 1.6996507129772904 4
0004 0001 7 1671092952803896 83.0 -69.0 3.761320891895592 4
0004 0010 7 1671092952805199 -87.875 -67.5 0.3129320807286708 4
0004 0007 7 1671092952811937 -126.9375 -72.5 2.730485802436441 4
0004 0003 8 1671092952836878 65.0625 -66.0 0.5338253141842031 4
0004 0007 8 1671092952839399 -26.0 -61.5 4.859651136021712 4
0004 0015 8 1671092952840331 42.3125 -63.5 0.22089323345553233 4
0004 0008 8 1671092952841987 -19.5 -68.5 1.282407938672396 4
0004 0005 8 1671092952843066 32.5 -64.5 2.6691265709210157 4
0004 0006 8 1671092952844542 78.0625 -70.0 1.4787574795217582 4
0004 0010 1 1671092953056330 -19.5 -68.5 1.902136176978195 4
0004 0007 1 1671092953057848 -16.25 -71.0 4.693981210930062 4
0004 0004 1 1671092953059861 9.75 -57.5 4.718524903536232 4
0004 0015 1 1671092953060798 -52.0625 -68.0 4.614214209960009 4
0004 0015 2 1671092953085867 61.8125 -64.5 2.497320722677824 4
0004 0007 2 1671092953089576 -65.0625 -67.0 4.184699589352029 4
0004 0004 2 1671092953090553 71.5625 -62.0 6.0991076126333095 4
0004 0009 3 1671092953116351 -71.5625 -68.0 1.7119225592803755 4
0004 0006 3 1671092953121906 -65.0625 -63.5 3.552699504743145 4
0004 0004 3 1671092953123092 -13.0 -60.0 4.06811704947272 4
0004 0003 3 1671092953124175 74.8125 -65.5 2.3009711818284617 4
0004 0015 3 1671092953125348 84.625 -66.5 0.3313398501832985 4
0004 0007 3 1671092953126296 -9.75 -62.5 6.17273869045182 4
0004 0008 3 1671092953127758 -113.875 -64.5 3.80427235395639 4
0004 0001 3 1671092953130296 -93.5625 -68.0 4.816699673960914 4
0004 0010 3 1671092953140832 16.25 -71.0 4.080388895775806 4
0004 0015 4 1671092953165818 16.25 -66.0 0.8835729338221293 4
0004 0010 4 1671092953166741 107.375 -68.0 2.8777479580734626 4
0004 0008 4 1671092953167885 -16.25 -57.0 4.031301510563465 4
0004 0001 4 1671092953168804 -93.5625 -65.0 2.2641556429192065 4
0004 0007 4 1671092953170039 6.5 -72.0 0.8835729338221293 4
0004 0005 4 1671092953172942 -16.25 -65.0 3.1906800388021335 4
0004 0006 4 1671092953174300 9.75 -59.5 1.2885438618239387 4
0004 0002 4 1671092953175310 26.0 -64.0 5.056000676871073 4
0004 0007 5 1671092953207277 19.5 -59.0 1.086058397823034 4
0004 0008 5 1671092953208801 0.0 -60.5 1.9819031779482483 4
0004 0005 5 1671092953209785 52.0625 -70.0 5.896622148632405 4
0004 0011 5 1671092953210999 -100.875 -66.5 6.068427996875596 4
0004 0009 5 1671092953212557 6.5 -60.5 3.706097583531709 4
0004 0003 5 1671092953213513 -55.3125 -64.5 3.773592738198677 4
0004 0006 5 1671092953217350 -52.0625 -70.0 1.0799224746714913 4
0004 0001 6 1671092953246822 -52.0625 -70.5 5.350524988145116 4
0004 0007 6 1671092953247814 32.5 -63.5 5.663457068873787 4
0004 0009 6 1671092953249030 9.75 -58.5 0.9572040116406401 4
0004 0005 6 1671092953250735 -146.4375 -70.0 1.6812429435226628 4
0004 0015 6 1671092953251636 -3.25 -62.5 5.387340527054372 4
0004 0010 6 1671092953257626 -19.5 -71.0 6.019340611663256 4
0004 0015 7 1671092953287980 45.5625 -60.5 2.6445828783148455 4
0004 0001 7 1671092953288941 -93.5625 -67.5 3.706097583531709 4
0004 0008 7 1671092953290699 -87.875 -60.5 2.3071071049800045 4
0004 0007 7 1671092953291872 16.25 -70.0 2.055534255766759 4
0004 0014 7 1671092953293799 -3.25 -70.5 2.454369260617026 4
0004 0010 7 1671092953294936 61.8125 -67.0 0.01227184630308513 4
0004 0015 8 1671092953336708 58.5625 -63.0 6.166602767300278 4
0004 0005 8 1671092953337616 -35.75 -64.0 2.3930100291016 4
0004 0003 8 1671092953339076 -13.0 -65.0 0.23930100291016002 4
0004 0007 8 1671092953340040 9.75 -61.0 4.528311285838413 4
0004 0008 8 1671092953343760 35.75 -66.0 1.0799224746714913 4
0004 0004 1 1671092953555838 9.75 -57.5 4.344233591292136 4
0004 0010 1 1671092953557298 58.5625 -70.5 1.4051264017032472 4
0004 0015 1 1671092953559820 22.75 -68.5 4.491495746929157 4
0004 0007 1 1671092953562074 -84.625 -71.0 4.589670517353839 4
0004 0007 2 1671092953587722 -16.25 -66.5 4.031301510563465 4
0004 0015 2 1671092953589070 45.5625 -66.0 2.3746022596469727 4
0004 0004 2 1671092953590061 13.0 -62.0 5.902758071783947 4
0004 0001 3 1671092953615849 -41.5 -68.5 4.614214209960009 4
0004 0006 3 1671092953618175 107.375 -64.5 3.5281558121369745 4
0004 0003 3 1671092953619156 32.5 -65.5 2.061670178918302 4
0004 0009 3 1671092953620333 126.9375 -67.5 1.4971652489763858 4
0004 0004 3 1671092953621519 -3.25 -61.0 3.9576704327449543 4
0004 0008 3 1671092953623106 146.4375 -63.5 3.429981041712294 4
0004 0007 3 1671092953624027 -32.5 -62.5 6.270913460876501 4
0004 0015 3 1671092953626574 45.5625 -67.0 0.4479223900626072 4
0004 0010 3 1671092953631724 -302.6875 -70.0 4.816699673960914 4
0004 0001 4 1671092953655776 -13.8125 -64.0 2.0064468705544187 4
0004 0007 4 1671092953656741 78.0625 -72.0 0.6013204688511713 4
0004 0002 4 1671092953657932 -9.75 -64.0 5.0682725231741586 4
0004 0010 4 1671092953659139 -126.9375 -68.0 3.32567034813607 4
0004 0015 4 1671092953661098 117.125 -66.5 0.6320000846088841 4
0004 0008 4 1671092953662042 -6.5 -57.5 3.9638063558964967 4
0004 0006 4 1671092953663773 26.0 -59.5 1.239456476611598 4
0004 0005 4 1671092953665276 87.875 -64.5 2.9022916506796332 4
0004 0003 5 1671092953696380 -39.0 -64.0 3.9085830475326135 4
0004 0007 5 1671092953697557 32.5 -60.0 1.000155473701438 4
0004 0009 5 1671092953699029 -6.5 -60.5 3.810408277107933 4
0004 0008 5 1671092953700744 3.25 -61.0 2.030990563160589 4
0004 0011 5 1671092953701678 -34.9375 -67.5 6.019340611663256 4
0004 0006 5 1671092953702587 110.625 -70.5 1.0185632431560658 4
0004 0005 5 1671092953703766 192.0 -69.0 6.105243535784852 4
