0004 0015 1 1671093044915950 65.0625 -64.5 1.1351457830353744 4
0004 0001 1 1671093044916868 -30.875 -68.0 2.5402721847386216 4
0004 0007 1 1671093044919351 61.8125 -71.0 0.5706408530934585 4
0004 0005 1 1671093044920313 6.5 -64.5 0.3374757733348411 4
0004 0004 1 1671093044922424 -6.5 -66.5 6.086835766330224 4
0004 0012 1 1671093044923461 58.5625 -70.5 3.3195344249845276 4
0004 0001 2 1671093044946650 41.5 -66.0 3.2029518851052186 4
0004 0004 2 1671093044951706 -231.0625 -67.5 5.019185137961818 4
0004 0015 2 1671093044953331 -52.0625 -62.5 1.5953400194010667 4
0004 0012 2 1671093044955722 218.0625 -69.0 5.2768939103266055 4
0004 0006 2 1671093044959209 -13.0 -67.5 4.933282213840222 4
0004 0005 2 1671093044963250 -100.875 -72.5 3.761320891895592 4
0004 0004 3 1671093044988319 -149.6875 -69.0 0.760854470791278 4
0004 0006 3 1671093044989476 9.75 -63.0 0.14112623248547898 4
0004 0015 3 1671093044990894 -130.1875 -69.5 4.387185053352934 4
0004 0014 3 1671093044991841 -13.0 -62.5 3.2827188860752723 4
0004 0012 3 1671093044992905 -13.0 -62.5 1.7303303287350031 4
0004 0012 4 1671093045015997 19.5 -62.5 1.509437095279471 4
0004 0004 4 1671093045018267 -19.5 -64.5 5.577554144752192 4
0004 0002 4 1671093045019790 -29.25 -73.5 4.025165587411922 4
0004 0007 4 1671093045020996 172.5 -72.0 2.3623304133438876 4
0004 0014 4 1671093045021916 -39.0 -59.5 3.792000507653305 4
0004 0014 5 1671093045046305 74.8125 -69.0 2.442097414313941 4
0004 0004 5 1671093045048142 -9.75 -57.5 2.6813984172241008 4
0004 0006 5 1671093045049078 13.0 -60.0 5.896622148632405 4
0004 0009 5 1671093045051016 -81.375 -60.5 2.7550294950426117 4
0004 0015 5 1671093045054433 42.3125 -68.0 3.54042765844006 4
0004 0005 5 1671093045055782 -104.125 -65.5 3.9760782021995817 4
0004 0010 5 1671093045056686 32.5 -67.0 1.0062913968529805 4
0004 0001 6 1671093045086108 -125.3125 -68.0 4.724660826687775 4
0004 0011 6 1671093045087063 -3.25 -59.5 2.509592568980909 4
0004 0012 6 1671093045088283 71.5625 -71.5 0.662679700366597 4
0004 0005 6 1671093045089262 -39.0 -65.5 6.160466844148735 4
0004 0004 6 1671093045094166 22.75 -58.5 5.8045833013592665 4
0004 0010 6 1671093045095428 32.5 -65.5 5.896622148632405 4
0004 0006 6 1671093045096845 29.25 -59.5 5.755495916146925 4
0004 0004 7 1671093045116185 -32.5 -61.0 4.669437518323892 4
0004 0010 7 1671093045117103 78.0625 -71.0 1.7303303287350031 4
0004 0015 7 1671093045119403 0.0 -65.5 4.491495746929157 4
0004 0005 7 1671093045120371 -13.0 -64.0 5.270757987175063 4
0004 0006 7 1671093045121320 19.5 -58.5 5.7616318392984684 4
0004 0009 7 1671093045122249 0.0 -54.0 3.9208548938356986 4
0004 0011 7 1671093045124305 73.1875 -65.5 5.632777453116074 4
0004 0007 7 1671093045125536 3.25 -63.0 6.105243535784852 4
0004 0014 7 1671093045128246 32.5 -69.0 1.3069516312785663 4
0004 0010 8 1671093045165868 74.8125 -65.5 0.7240389318820226 4
0004 0005 8 1671093045166789 -29.25 -56.0 5.66959299202533 4
0004 0007 8 1671093045168179 -39.0 -61.5 4.9394181369917645 4
0004 0013 8 1671093045169383 32.5 -72.0 6.12365130523948 4
0004 0001 8 1671093045171830 21.125 -63.0 5.3198453723874035 4
0004 0011 8 1671093045172761 7.3125 -58.5 4.289010282928253 4
0004 0012 8 1671093045174280 -22.75 -67.0 4.430136515413731 4
0004 0014 8 1671093045175287 -45.5625 -65.5 3.356349963893783 4
0004 0015 8 1671093045177236 0.0 -64.0 0.8406214717613314 4
0004 0000 8 1671093045180708 -120.4375 -73.5 1.6014759425526093 4
0004 0012 1 1671093045395801 -39.0 -70.0 3.3072625786814425 4
0004 0007 1 1671093045396726 188.75 -72.0 0.44178646691106466 4
0004 0005 1 1671093045398410 19.5 -65.0 0.1595340019401067 4
0004 0015 1 1671093045399417 61.8125 -65.5 1.0799224746714913 4
0004 0001 1 1671093045400890 205.0625 -68.0 2.098485717827557 4
0004 0004 1 1671093045402532 68.3125 -66.0 5.8475347634200645 4
0004 0006 2 1671093045427324 35.75 -67.5 4.71238898038469 4
0004 0004 2 1671093045429180 3.25 -66.5 4.755340442445488 4
0004 0015 2 1671093045430425 71.5625 -62.5 1.3867186322486196 4
0004 0001 2 1671093045431688 -211.5625 -66.5 3.2090878082567613 4
0004 0012 2 1671093045432608 32.5 -68.0 5.565282298449106 4
0004 0005 2 1671093045435175 -22.75 -71.0 3.56497135104623 4
0004 0006 3 1671093045457196 -19.5 -62.5 0.0 4
0004 0012 3 1671093045458654 78.0625 -62.5 1.5462526341887264 4
0004 0014 3 1671093045460787 -16.25 -63.0 3.184544115650591 4
0004 0004 3 1671093045467804 -100.875 -68.5 0.7792622402459057 4
0004 0002 4 1671093045506127 -133.4375 -73.5 4.074252972624263 4
0004 0014 4 1671093045507538 0.0 -59.5 3.650874275167826 4
0004 0012 4 1671093045508549 39.0 -63.5 1.4358060174609601 4
0004 0004 4 1671093045511554 16.25 -65.0 5.43029198911517 4
0004 0007 4 1671093045512520 -133.4375 -72.0 2.8102528034064944 4
0004 0006 5 1671093045535877 16.25 -60.5 5.93343768754166 4
0004 0004 5 1671093045536754 29.25 -57.5 2.779573187648782 4
0004 0009 5 1671093045537943 -22.75 -62.5 2.6813984172241008 4
0004 0015 5 1671093045539387 -76.4375 -68.0 3.7981364308048478 4
0004 0010 5 1671093045540872 -91.125 -67.5 1.325359400733194 4
0004 0014 5 1671093045541822 55.3125 -68.0 2.2948352586769194 4
0004 0005 5 1671093045543285 -58.5625 -67.0 3.9147189706841563 4
0004 0012 6 1671093045586354 39.0 -73.0 0.662679700366597 4
0004 0011 6 1671093045589390 3.25 -59.0 2.6261751088602177 4
0004 0004 6 1671093045590327 -29.25 -58.0 6.013204688511713 4
0004 0001 6 1671093045591230 -21.125 -67.5 4.792155981354743 4
0004 0006 6 1671093045592219 0.0 -60.0 5.970253226450915 4
0004 0005 6 1671093045593219 -65.0625 -66.0 6.209554229361076 4
0004 0010 6 1671093045595659 -22.75 -66.5 6.092971689481767 4
0004 0006 7 1671093045616355 9.75 -58.0 5.915029918087033 4
0004 0007 7 1671093045617366 -55.3125 -63.0 6.227961998815704 4
0004 0014 7 1671093045620173 169.25 -69.0 1.2517283229146832 4
0004 0009 7 1671093045621473 -3.25 -54.5 3.9576704327449543 4
0004 0008 7 1671093045622438 -152.9375 -72.5 4.0558452031696355 4
0004 0004 7 1671093045624402 -19.5 -61.5 4.743068596142402 4
0004 0011 7 1671093045625589 -21.125 -65.5 6.074563920027139 4
0004 0010 7 1671093045626766 -97.625 -71.0 1.9880391010997909 4
0004 0015 7 1671093045630111 9.75 -65.0 4.552854978444583 4
0004 0005 7 1671093045631077 45.5625 -63.0 5.350524988145116 4
0004 0005 8 1671093045656475 -9.75 -56.0 5.767767762450011 4
0004 0014 8 1671093045657440 -26.0 -65.5 3.4177091954092087 4
0004 0011 8 1671093045659480 34.9375 -59.0 4.381049130201391 4
0004 0001 8 1671093045660468 -13.8125 -63.0 5.473243451175968 4
0004 0015 8 1671093045661672 22.75 -63.5 1.184233168247715 4
0004 0007 8 1671093045662835 -32.5 -61.5 5.031456984264903 4
0004 0000 8 1671093045664449 -107.375 -72.5 1.6260196351587797 4
0004 0012 8 1671093045667178 16.25 -67.5 4.448544284868359 4
0004 0010 8 1671093045668370 58.5625 -66.0 0.8406214717613314 4
0004 0013 8 1671093045669560 52.0625 -69.0 0.42337869745643697 4
0004 0005 1 1671093045886132 -29.25 -64.5 0.14112623248547898 4
0004 0001 1 1671093045887561 -41.5 -70.0 2.356194490192345 4
0004 0004 1 1671093045890807 -52.0625 -66.5 5.8659425328746915 4
0004 0015 1 1671093045892096 32.5 -64.5 1.0983302441261191 4
0004 0007 1 1671093045893049 -335.25 -71.5 0.7669903939428205 4
0004 0012 1 1671093045894862 -9.75 -70.5 3.3502140407422405 4
0004 0015 2 1671093045927528 55.3125 -62.5 1.4296700943094176 4
0004 0001 2 1671093045929449 -104.125 -66.5 3.0372819600135696 4
0004 0012 2 1671093045931024 52.0625 -67.5 5.50392306693368 4
0004 0004 2 1671093045932395 58.5625 -67.5 4.522175362686871 4
0004 0006 2 1671093045933331 16.25 -67.5 4.8351074434155406 4
0004 0014 3 1671093045958380 -22.75 -63.0 3.147728576741336 4
0004 0006 3 1671093045959800 -39.0 -62.0 6.215690152512618 4
0004 0012 3 1671093045960877 71.5625 -62.0 1.5278448647340985 4
0004 0004 3 1671093045964837 -74.8125 -70.5 0.47860200582032003 4
0004 0015 3 1671093045969220 107.375 -71.0 4.264466590322082 4
0004 0012 4 1671093045996120 39.0 -63.0 1.3314953238847365 4
0004 0004 4 1671093045998173 -16.25 -64.5 5.270757987175063 4
0004 0014 4 1671093045999677 13.0 -59.5 3.54042765844006 4
0004 0007 4 1671093046000631 -58.5625 -71.5 2.442097414313941 4
0004 0002 4 1671093046003745 19.5 -74.5 3.5158839658338894 4
0004 0009 5 1671093046026087 48.8125 -63.0 2.2948352586769194 4
0004 0010 5 1671093046027022 78.0625 -67.5 1.0246991663076084 4
0004 0014 5 1671093046028737 -32.5 -68.5 2.5586799541932495 4
0004 0006 5 1671093046029898 -35.75 -61.0 6.178874613603362 4
0004 0005 5 1671093046030835 117.125 -66.5 3.8288160465625602 4
0004 0004 5 1671093046032050 -16.25 -57.5 3.0495538063166547 4
0004 0015 5 1671093046034829 22.75 -67.5 3.6263305825616556 4
0004 0013 5 1671093046036401 39.0 -69.0 0.5092816215780329 4
0004 0001 6 1671093046065894 100.875 -67.0 5.111223985234957 4
0004 0010 6 1671093046068911 55.3125 -66.5 6.154330920997192 4
0004 0006 6 1671093046070087 16.25 -60.5 6.074563920027139 4
0004 0011 6 1671093046071245 13.8125 -58.5 2.7550294950426117 4
0004 0004 6 1671093046073029 9.75 -58.5 6.22182607566416 4
0004 0005 6 1671093046074464 -113.875 -66.0 0.02454369260617026 4
0004 0014 7 1671093046096610 -65.0625 -69.0 1.6873788666742053 4
0004 0011 7 1671093046097895 10.5625 -65.5 0.0 4
0004 0004 7 1671093046098856 0.0 -61.5 4.804427827657828 4
0004 0009 7 1671093046099823 -19.5 -55.5 3.8717675086233583 4
0004 0006 7 1671093046101014 35.75 -58.5 6.056156150572511 4
0004 0005 7 1671093046101964 -68.3125 -64.0 5.638913376267617 4
0004 0007 7 1671093046103198 -48.8125 -63.0 0.06135923151542565 4
0004 0015 7 1671093046104529 48.8125 -65.0 4.4362724385652745 4
0004 0010 7 1671093046105504 97.625 -69.5 1.9205439464328227 4
0004 0008 7 1671093046112376 61.8125 -71.5 3.847223816017188 4
0004 0001 8 1671093046135819 41.5 -63.0 5.559146375297564 4
0004 0005 8 1671093046137049 16.25 -56.0 5.915029918087033 4
0004 0010 8 1671093046138721 39.0 -66.0 0.944932165337555 4
0004 0000 8 1671093046140093 -16.25 -72.5 1.8039614065535141 4
0004 0012 8 1671093046141001 -52.0625 -67.0 4.675573441475434 4
0004 0014 8 1671093046142190 39.0 -66.0 3.3195344249845276 4
0004 0013 8 1671093046144059 -6.5 -68.0 0.7915340865489908 4
0004 0015 8 1671093046145219 -9.75 -63.5 1.2210487071569704 4
0004 0011 8 1671093046147509 10.5625 -59.5 4.571262747899211 4
0004 0007 8 1671093046148490 -48.8125 -60.5 5.160311370447297 4
0004 0003 8 1671093046150634 -162.75 -76.0 5.4671075280244255 4
0004 0012 1 1671093046365804 -9.75 -72.0 2.9820586516496865 4
0004 0004 1 1671093046366813 -39.0 -67.0 5.448699758569798 4
0004 0005 1 1671093046368501 29.25 -63.0 5.896622148632405 4
0004 0015 1 1671093046369690 22.75 -65.0 0.9878836273983529 4
0004 0007 1 1671093046371804 84.625 -72.0 0.03681553890925539 4
0004 0006 1 1671093046375781 -42.3125 -71.5 6.240233845118788 4
0004 0015 2 1671093046405886 6.5 -62.5 1.1044661672776617 4
0004 0006 2 1671093046406826 -257.125 -68.0 5.098952138931871 4
0004 0012 2 1671093046410773 -32.5 -69.0 5.620505606812989 4
0004 0001 2 1671093046413812 45.5625 -68.0 2.552544031041707 4
0004 0005 2 1671093046414763 -84.625 -70.0 2.521864415283994 4
0004 0004 2 1671093046415695 0.0 -66.5 4.71238898038469 4
0004 0014 3 1671093046445862 -35.75 -63.5 3.160000423044421 4
0004 0006 3 1671093046446825 45.5625 -61.0 5.767767762450011 4
0004 0012 3 1671093046450126 -42.3125 -63.0 1.607611865704152 4
0004 0015 3 1671093046452757 -152.9375 -71.5 4.3503695144436785 4
0004 0004 3 1671093046454273 -136.6875 -69.5 0.04295146206079795 4
0004 0007 4 1671093046486377 162.75 -70.0 1.9634954084936207 4
0004 0014 4 1671093046487537 -48.8125 -60.0 3.399301425954581 4
0004 0004 4 1671093046489294 -6.5 -65.5 4.914874444385594 4
0004 0012 4 1671093046490244 48.8125 -63.5 1.1044661672776617 4
0004 0002 4 1671093046492772 117.125 -74.5 3.1968159619536762 4
0004 0009 5 1671093046515883 -42.3125 -63.5 2.6875343403756435 4
0004 0004 5 1671093046517990 -19.5 -56.5 3.429981041712294 4
0004 0015 5 1671093046519208 -42.3125 -67.5 3.6017868899554855 4
0004 0014 5 1671093046520384 42.3125 -67.0 2.2948352586769194 4
0004 0006 5 1671093046521332 -3.25 -61.0 0.2454369260617026 4
0004 0010 5 1671093046522227 -126.9375 -68.0 1.6751070203711202 4
0004 0013 5 1671093046523611 81.375 -66.0 1.4051264017032472 4
0004 0005 5 1671093046524532 -6.5 -67.0 4.331961744989051 4
0004 0001 6 1671093046545935 -27.625 -66.5 5.841398840268521 4
0004 0010 6 1671093046547150 55.3125 -67.5 0.4540583132141498 4
0004 0004 6 1671093046550393 -13.0 -57.5 0.2454369260617026 4
0004 0011 6 1671093046551536 3.25 -59.0 2.8961557275280905 4
0004 0005 6 1671093046553019 -48.8125 -66.0 0.09817477042468103 4
0004 0006 6 1671093046554165 9.75 -60.5 0.0674951546669682 4
0004 0012 6 1671093046555201 65.0625 -74.0 0.9817477042468103 4
0004 0007 7 1671093046577184 48.8125 -62.0 0.1718058482431918 4
0004 0011 7 1671093046578144 10.5625 -66.5 0.0674951546669682 4
0004 0004 7 1671093046579066 -29.25 -61.0 5.037592907416445 4
0004 0006 7 1671093046580028 -6.5 -57.5 0.04908738521234052 4
0004 0015 7 1671093046581260 39.0 -65.5 4.479223900626073 4
0004 0009 7 1671093046582220 -3.25 -54.0 4.270602513473625 4
0004 0005 7 1671093046583556 -84.625 -64.0 5.6941366846315 4
0004 0013 7 1671093046585043 -104.125 -68.0 2.3623304133438876 4
0004 0008 7 1671093046586770 -65.0625 -69.0 4.387185053352934 4
0004 0010 7 1671093046590399 42.3125 -69.0 2.1230294104337273 4
0004 0014 7 1671093046591872 130.1875 -68.5 1.368310862793992 4
0004 0005 8 1671093046625897 -13.0 -56.5 6.062292073724054 4
0004 0007 8 1671093046627088 16.25 -60.5 5.0253210611133605 4
0004 0001 8 1671093046628725 0.0 -66.0 6.277049384028044 4
0004 0012 8 1671093046631319 -84.625 -67.0 4.71238898038469 4
0004 0011 8 1671093046632247 -3.25 -59.0 4.620350133111551 4
0004 0010 8 1671093046633496 52.0625 -65.5 1.282407938672396 4
0004 0000 8 1671093046635647 32.5 -73.0 2.0800779483729293 4
0004 0015 8 1671093046636833 55.3125 -64.5 0.7792622402459057 4
0004 0013 8 1671093046637939 16.25 -63.0 2.859340188618835 4
0004 0014 8 1671093046638875 29.25 -65.0 3.3440781175906977 4
0004 0003 8 1671093046643011 130.1875 -75.5 5.534602682691394 4
0004 0001 1 1671093046855875 -111.4375 -69.5 5.184855063053467 4
0004 0005 1 1671093046857548 -91.125 -66.0 5.798447378207723 4
0004 0003 1 1671093046861716 -58.5625 -71.5 3.816544200259475 4
0004 0012 1 1671093046863312 -22.75 -67.5 3.9269908169872414 4
0004 0015 1 1671093046864245 21.125 -64.0 1.0492428589137786 4
0004 0015 2 1671093046886376 0.0 -63.5 1.1719613219446299 4
0004 0004 2 1671093046887574 107.375 -67.0 4.743068596142402 4
0004 0012 2 1671093046889638 -13.0 -66.0 5.902758071783947 4
0004 0012 3 1671093046936629 -22.75 -62.0 1.9941750242513334 4
0004 0015 3 1671093046937777 -185.5 -70.5 4.595806440505381 4
0004 0014 3 1671093046939179 -55.3125 -63.5 3.5036121195308043 4
0004 0006 3 1671093046940595 9.75 -67.5 5.019185137961818 4
0004 0004 3 1671093046945109 179.0 -69.5 2.454369260617026 4
0004 0015 4 1671093046966466 0.0 -73.0 4.8351074434155406 4
0004 0002 4 1671093046967666 -71.5625 -68.5 5.902758071783947 4
0004 0007 4 1671093046968828 13.0 -68.5 4.853515212870168 4
0004 0012 4 1671093046970246 26.0 -61.5 2.098485717827557 4
0004 0014 4 1671093046971989 -65.0625 -59.5 4.215379205109742 4
0004 0006 4 1671093046973150 -22.75 -66.5 4.006757817957295 4
0004 0002 5 1671093046996419 -166.0 -68.5 3.0802334220743677 4
0004 0008 5 1671093046997380 -35.75 -59.5 5.129631754689584 4
0004 0004 5 1671093046998300 55.3125 -61.0 2.030990563160589 4
0004 0001 5 1671093046999475 187.125 -69.0 1.8530487917658545 4
0004 0005 5 1671093047000481 42.3125 -70.0 5.988660995905543 4
0004 0007 5 1671093047001403 -13.0 -65.0 0.02454369260617026 4
0004 0015 5 1671093047002425 107.375 -68.5 3.129320807286708 4
0004 0014 5 1671093047004350 35.75 -68.5 2.767301341345697 4
0004 0006 5 1671093047005896 -39.0 -65.5 3.9638063558964967 4
0004 0010 5 1671093047007724 -104.125 -68.5 4.534447208989955 4
0004 0007 6 1671093047036516 6.5 -63.5 5.056000676871073 4
0004 0004 6 1671093047038841 6.5 -63.5 3.2704470397721868 4
0004 0008 6 1671093047039790 9.75 -52.0 4.381049130201391 4
0004 0001 6 1671093047040991 3.25 -59.0 2.5893595699509624 4
0004 0006 6 1671093047045525 19.5 -72.5 3.5772431973493153 4
0004 0007 7 1671093047076819 45.5625 -66.0 0.3313398501832985 4
0004 0015 7 1671093047078049 -45.5625 -66.0 3.847223816017188 4
0004 0001 7 1671093047078966 10.5625 -67.0 0.44178646691106466 4
0004 0005 7 1671093047080187 -26.0 -62.0 3.761320891895592 4
0004 0000 7 1671093047082395 -52.0625 -69.0 4.0128937411088375 4
0004 0009 7 1671093047083337 0.0 -57.5 0.5276893910326605 4
0004 0008 7 1671093047084727 42.3125 -57.5 2.454369260617026 4
0004 0006 7 1671093047086514 22.75 -62.5 1.9573594853420782 4
0004 0003 7 1671093047087749 3.25 -59.5 1.736466251886546 4
0004 0004 7 1671093047088626 3.25 -64.0 5.399612373357457 4
0004 0010 7 1671093047092214 162.75 -70.0 4.601942363656923 4
0004 0014 7 1671093047093234 22.75 -69.5 0.6810874698212247 4
0004 0015 8 1671093047116221 48.8125 -65.5 1.012427320004523 4
0004 0014 8 1671093047117395 6.5 -65.5 3.11091303783208 4
0004 0005 8 1671093047118389 -22.75 -62.0 4.841243366567084 4
0004 0012 8 1671093047119397 -133.4375 -65.5 1.1290098598838318 4
0004 0008 8 1671093047120373 6.5 -64.0 2.429825568010856 4
0004 0003 8 1671093047121596 29.25 -62.5 2.1905245651006955 4
0004 0010 8 1671093047122785 -26.0 -68.5 4.460816131171445 4
0004 0007 8 1671093047123975 -19.5 -57.0 5.5714182216006485 4
0004 0009 8 1671093047124909 22.75 -63.0 1.0921943209745766 4
0004 0001 8 1671093047126068 -6.5 -66.5 2.055534255766759 4
0004 0013 8 1671093047128560 -97.625 -71.0 4.4976316700806995 4
0004 0011 8 1671093047130372 10.5625 -69.5 0.2699806186678728 4
0004 0001 1 1671093047345755 -38.1875 -68.5 3.7429131224409646 4
0004 0005 1 1671093047346975 -52.0625 -65.0 2.1046216409791 4
0004 0015 1 1671093047350711 32.5 -62.0 3.104777114680538 4
0004 0015 2 1671093047376864 61.8125 -65.0 4.3933209765044765 4
0004 0001 2 1671093047380435 -48.8125 -68.5 3.663146121470911 4
0004 0005 2 1671093047382000 149.6875 -70.0 2.9329712664373457 4
0004 0008 3 1671093047406393 94.375 -64.0 2.1046216409791 4
0004 0007 3 1671093047407586 -175.75 -70.0 2.675262494072558 4
0004 0004 3 1671093047408503 16.25 -62.0 3.485204350076177 4
0004 0015 3 1671093047410399 81.375 -62.0 6.086835766330224 4
0004 0014 3 1671093047414057 68.3125 -69.5 3.56497135104623 4
0004 0002 3 1671093047418461 -19.5 -69.5 4.104932588381976 4
0004 0007 4 1671093047446092 6.5 -67.0 2.773437264497239 4
0004 0004 4 1671093047447041 13.0 -59.5 3.7429131224409646 4
0004 0015 4 1671093047448910 39.0 -63.0 0.3129320807286708 4
0004 0014 4 1671093047449887 -6.5 -61.5 5.755495916146925 4
0004 0008 5 1671093047477583 -68.3125 -61.0 0.23316507975861744 4
0004 0004 5 1671093047478904 32.5 -65.5 1.9512235621905356 4
0004 0005 5 1671093047479872 107.375 -69.0 4.908738521234052 4
0004 0002 5 1671093047481333 39.0 -63.5 2.2580197197676637 4
0004 0006 5 1671093047484586 78.0625 -71.0 0.4970097752749477 4
0004 0008 6 1671093047506374 16.25 -61.5 4.632621979414636 4
0004 0015 6 1671093047507522 -42.3125 -72.0 0.5276893910326605 4
0004 0001 6 1671093047508748 30.875 -67.0 5.50392306693368 4
0004 0004 6 1671093047510213 0.0 -58.0 1.1474176293384597 4
0004 0006 6 1671093047511393 16.25 -62.5 0.25770877236478773 4
0004 0009 6 1671093047512341 -26.0 -61.5 1.030835089459151 4
0004 0007 6 1671093047513521 -87.875 -68.5 5.387340527054372 4
0004 0014 6 1671093047516853 78.0625 -69.5 3.160000423044421 4
0004 0015 7 1671093047546426 -16.25 -66.5 0.04295146206079795 4
0004 0007 7 1671093047547321 48.8125 -65.5 0.7731263170943632 4
0004 0009 7 1671093047549616 35.75 -55.5 6.086835766330224 4
0004 0005 7 1671093047551446 87.875 -66.0 1.8223691760081417 4
0004 0001 7 1671093047553017 10.5625 -66.5 5.841398840268521 4
0004 0007 8 1671093047577998 3.25 -58.5 4.9823695990525625 4
0004 0013 8 1671093047579549 302.6875 -75.5 2.5464081078901644 4
0004 0005 8 1671093047580724 -26.0 -70.0 4.086524818927348 4
0004 0008 8 1671093047581658 -32.5 -64.0 4.651029748869264 4
0004 0015 8 1671093047582846 39.0 -66.0 5.184855063053467 4
0004 0009 8 1671093047584275 13.0 -61.5 4.792155981354743 4
0004 0011 8 1671093047585522 -30.875 -69.0 5.399612373357457 4
0004 0001 8 1671093047586468 -21.125 -67.0 5.982525072754001 4
0004 0014 8 1671093047587432 -16.25 -68.0 4.362641360746763 4
0004 0015 1 1671093047805823 -32.5 -63.5 3.5281558121369745 4
0004 0007 1 1671093047807001 -42.3125 -65.0 4.319689898685965 4
0004 0008 1 1671093047809511 -91.125 -67.5 3.5956509668039427 4
0004 0003 2 1671093047835878 162.75 -71.0 6.264777537724958 4
0004 0007 2 1671093047838175 -26.0 -60.5 4.080388895775806 4
0004 0005 2 1671093047839140 -35.75 -66.0 2.8838838812250054 4
0004 0015 2 1671093047840314 48.8125 -69.5 5.706408530934585 4
0004 0015 3 1671093047867937 -61.8125 -61.5 6.178874613603362 4
0004 0008 3 1671093047869577 9.75 -65.5 3.724505352986337 4
0004 0004 4 1671093047895769 -6.5 -67.0 1.88986433067511 4
0004 0015 4 1671093047897171 42.3125 -64.5 0.018407769454627694 4
0004 0010 4 1671093047899172 -39.0 -67.5 2.4727770300716534 4
0004 0008 4 1671093047900572 22.75 -66.5 0.16566992509164924 4
0004 0014 4 1671093047902005 39.0 -63.0 5.743224069843841 4
0004 0007 4 1671093047903567 -166.0 -71.0 2.5832236467994196 4
0004 0002 4 1671093047904719 257.125 -72.0 0.44178646691106466 4
0004 0006 5 1671093047925962 3.25 -63.0 5.829126993965437 4
0004 0008 5 1671093047927210 -16.25 -57.0 6.056156150572511 4
0004 0007 5 1671093047928477 -279.9375 -72.0 5.209398755659637 4
0004 0002 5 1671093047931241 -32.5 -63.0 1.8039614065535141 4
0004 0005 5 1671093047932164 -172.5 -67.0 4.95168998329485 4
0004 0009 5 1671093047933123 -13.0 -68.0 1.5155730184310134 4
0004 0004 5 1671093047935677 -146.4375 -72.0 0.8958447801252144 4
0004 0004 6 1671093047955911 -9.75 -60.0 5.497787143782138 4
0004 0007 6 1671093047956819 -6.5 -69.0 5.749359992995383 4
0004 0008 6 1671093047958507 -35.75 -60.0 5.190990986205009 4
0004 0009 6 1671093047959638 -19.5 -61.5 1.325359400733194 4
0004 0001 6 1671093047961296 -78.0625 -67.5 5.338253141842031 4
0004 0014 6 1671093047962273 22.75 -68.5 3.055689729468197 4
0004 0006 6 1671093047963237 3.25 -64.5 5.2768939103266055 4
0004 0005 7 1671093047986156 -42.3125 -64.5 1.8960002538266525 4
0004 0001 7 1671093047987514 -73.1875 -67.5 5.049864753719531 4
0004 0009 7 1671093047989283 -6.5 -56.0 0.14112623248547898 4
0004 0015 7 1671093047992058 73.1875 -65.5 0.0674951546669682 4
0004 0007 7 1671093047993492 97.625 -66.5 1.0737865515199487 4
0004 0011 8 1671093048017848 -13.8125 -67.5 5.675728915176872 4
0004 0014 8 1671093048019864 -107.375 -69.5 4.743068596142402 4
0004 0008 8 1671093048023063 -3.25 -63.0 4.767612288748572 4
0004 0009 8 1671093048024410 3.25 -60.5 5.203262832508095 4
0004 0007 8 1671093048025330 0.0 -57.5 4.816699673960914 4
0004 0005 8 1671093048026311 0.0 -70.0 3.7429131224409646 4
0004 0015 8 1671093048027279 -78.0625 -67.0 4.847379289718626 4
0004 0001 8 1671093048028992 34.9375 -68.0 5.872078456026235 4
0004 0015 1 1671093048246820 6.5 -63.0 3.485204350076177 4
0004 0008 1 1671093048248353 -42.3125 -66.0 3.3747577333484107 4
0004 0007 1 1671093048251486 22.75 -63.5 4.135612204139688 4
0004 0005 2 1671093048276701 -19.5 -66.5 2.6875343403756435 4
0004 0015 2 1671093048279113 19.5 -69.5 5.283029833478148 4
0004 0007 2 1671093048280319 -9.75 -61.5 3.890175278077986 4
0004 0003 2 1671093048282857 -61.8125 -70.5 0.15339807878856412 4
0004 0008 3 1671093048306172 149.6875 -67.5 3.5036121195308043 4
0004 0004 3 1671093048307050 175.75 -69.0 5.497787143782138 4
0004 0015 3 1671093048310905 -13.0 -61.5 6.043884304269426 4
0004 0010 4 1671093048336081 -65.0625 -67.0 2.1966604882522383 4
0004 0002 4 1671093048337047 42.3125 -70.5 0.4049709280018093 4
0004 0014 4 1671093048340121 -9.75 -63.0 5.773903685601553 4
0004 0004 4 1671093048341440 78.0625 -67.5 0.6688156235181395 4
0004 0015 4 1671093048342402 -42.3125 -64.5 0.17794177139473438 4
0004 0008 4 1671093048344922 55.3125 -68.5 0.17794177139473438 4
0004 0007 4 1671093048347080 78.0625 -71.5 2.067806102069844 4
0004 0008 5 1671093048368342 3.25 -57.5 5.945709533844745 4
0004 0005 5 1671093048369253 -61.8125 -68.5 4.71238898038469 4
0004 0006 5 1671093048370498 -29.25 -63.5 5.822991070813893 4
0004 0002 5 1671093048374653 -9.75 -63.5 1.718058482431918 4
0004 0004 5 1671093048376012 3.25 -70.0 0.7424467013366504 4
0004 0009 5 1671093048378149 133.4375 -68.0 1.5830681730979816 4
0004 0008 6 1671093048406114 0.0 -59.5 5.160311370447297 4
0004 0009 6 1671093048408442 9.75 -62.0 1.4971652489763858 4
0004 0004 6 1671093048409815 -35.75 -60.0 5.227806525114265 4
0004 0006 6 1671093048410794 16.25 -64.5 5.338253141842031 4
0004 0014 6 1671093048412409 -39.0 -68.0 3.2213596545598464 4
0004 0007 6 1671093048414037 29.25 -68.5 5.6573211457222445 4
0004 0001 6 1671093048415213 114.6875 -68.5 4.632621979414636 4
0004 0005 7 1671093048435891 48.8125 -64.0 1.6566992509164924 4
0004 0007 7 1671093048437367 -39.0 -65.5 1.4173982480063325 4
0004 0015 7 1671093048439010 -78.0625 -65.5 0.3865631585471816 4
0004 0001 7 1671093048440028 -24.375 -67.0 4.8351074434155406 4
0004 0008 7 1671093048440979 -104.125 -69.0 6.086835766330224 4
0004 0009 7 1671093048441912 52.0625 -56.0 0.1902136176978195 4
0004 0011 8 1671093048465853 41.5 -67.5 5.730952223540755 4
0004 0007 8 1671093048467045 19.5 -57.0 4.792155981354743 4
0004 0009 8 1671093048468264 -19.5 -61.0 5.411884219660542 4
0004 0013 8 1671093048469922 156.1875 -74.5 2.84706834231575 4
0004 0015 8 1671093048470853 -3.25 -67.5 4.577398671050753 4
0004 0001 8 1671093048472227 104.125 -68.5 5.822991070813893 4
0004 0005 8 1671093048473462 -143.1875 -70.0 3.8410878928656453 4
0004 0014 8 1671093048474369 -32.5 -69.0 4.828971520263998 4
0004 0008 8 1671093048475699 -6.5 -63.0 4.914874444385594 4
0004 0015 1 1671093048685859 -35.75 -63.0 3.479068426924634 4
0004 0008 1 1671093048689086 -9.75 -65.5 3.1906800388021335 4
0004 0007 1 1671093048690279 -100.875 -62.5 4.3503695144436785 4
0004 0007 2 1671093048716128 -6.5 -60.0 3.6386024288647407 4
0004 0015 2 1671093048717276 -166.0 -68.0 5.344389064993574 4
0004 0005 2 1671093048718946 16.25 -65.5 2.3623304133438876 4
0004 0015 3 1671093048754087 -13.0 -62.0 6.043884304269426 4
0004 0008 3 1671093048755660 -97.625 -68.0 3.8410878928656453 4
0004 0004 3 1671093048758127 -91.125 -71.0 5.442563835418255 4
0004 0010 4 1671093048785836 -6.5 -66.5 1.9266798695843652 4
0004 0002 4 1671093048787017 -35.75 -69.5 0.4356505437595221 4
0004 0015 4 1671093048789437 26.0 -65.5 0.04908738521234052 4
0004 0014 4 1671093048790387 -35.75 -63.0 5.681864838328415 4
0004 0007 4 1671093048795049 58.5625 -72.5 1.6689710972195777 4
0004 0004 4 1671093048795970 -19.5 -68.0 0.9878836273983529 4
0004 0006 5 1671093048816118 -16.25 -63.0 5.896622148632405 4
0004 0009 5 1671093048817295 84.625 -68.0 1.6505633277649499 4
0004 0008 5 1671093048818964 16.25 -57.5 6.068427996875596 4
0004 0005 5 1671093048820608 -39.0 -67.5 4.902602598082509 4
0004 0002 5 1671093048822094 0.0 -64.0 1.8223691760081417 4
0004 0007 5 1671093048823604 -169.25 -70.0 5.166447293598839 4
0004 0001 6 1671093048856605 21.125 -68.0 5.2339424482658075 4
0004 0004 6 1671093048858150 -3.25 -60.5 5.338253141842031 4
0004 0008 6 1671093048859183 9.75 -59.5 5.3198453723874035 4
0004 0006 6 1671093048860065 -48.8125 -64.5 5.516194913236766 4
0004 0009 6 1671093048861507 -9.75 -61.0 1.8285050991596843 4
0004 0014 6 1671093048863748 -81.375 -68.5 3.3379421944391554 4
0004 0007 6 1671093048864683 -35.75 -69.0 6.160466844148735 4
0004 0009 7 1671093048885956 -26.0 -56.0 0.47860200582032003 4
0004 0001 7 1671093048887385 55.3125 -67.5 4.651029748869264 4
0004 0015 7 1671093048888316 -6.5 -65.0 0.25770877236478773 4
0004 0007 7 1671093048889724 224.5625 -65.5 1.6751070203711202 4
0004 0005 7 1671093048890645 -58.5625 -64.0 1.9082721001297376 4
0004 0009 8 1671093048916112 6.5 -61.0 5.344389064993574 4
0004 0008 8 1671093048917045 6.5 -62.5 5.184855063053467 4
0004 0007 8 1671093048919855 -19.5 -56.5 4.841243366567084 4
0004 0015 8 1671093048920815 -6.5 -67.0 4.387185053352934 4
0004 0014 8 1671093048921753 -87.875 -70.0 4.933282213840222 4
0004 0001 8 1671093048924567 -87.0625 -69.0 5.66959299202533 4
0004 0011 8 1671093048925484 -13.8125 -67.5 6.2034183062095325 4
0004 0005 8 1671093048926988 32.5 -69.0 3.6263305825616556 4
0004 0007 1 1671093049139224 22.75 -62.5 3.9822141253511245 4
0004 0015 1 1671093049140412 -13.0 -63.0 3.393165502803038 4
0004 0008 1 1671093049141392 -26.0 -64.5 3.1784081924990484 4
0004 0010 1 1671093049142723 -93.5625 -72.5 0.4479223900626072 4
0004 0007 2 1671093049167736 -9.75 -59.5 3.3072625786814425 4
0004 0005 2 1671093049168675 -188.75 -66.5 2.448233337465483 4
0004 0015 2 1671093049169849 -61.8125 -67.5 4.95168998329485 4
0004 0015 3 1671093049208736 84.625 -62.0 5.841398840268521 4
0004 0004 3 1671093049210340 -188.75 -69.0 5.0682725231741586 4
0004 0014 4 1671093049237415 19.5 -63.0 5.559146375297564 4
0004 0010 4 1671093049238947 -6.5 -66.5 1.8100973297050567 4
0004 0002 4 1671093049239915 -6.5 -68.5 0.2270291566070749 4
0004 0015 4 1671093049241583 48.8125 -65.5 6.2463697682703305 4
0004 0004 4 1671093049242545 3.25 -68.5 0.22089323345553233 4
0004 0009 5 1671093049265880 39.0 -67.5 2.043262409463674 4
0004 0001 5 1671093049267535 41.5 -70.0 4.006757817957295 4
0004 0005 5 1671093049269576 -117.125 -67.5 5.049864753719531 4
0004 0008 5 1671093049270537 -45.5625 -58.0 0.11044661672776616 4
0004 0006 5 1671093049271782 -22.75 -64.0 6.0991076126333095 4
0004 0002 5 1671093049274663 19.5 -64.0 2.043262409463674 4
0004 0007 5 1671093049280909 110.625 -70.0 5.031456984264903 4
0004 0007 6 1671093049306174 0.0 -69.0 0.2270291566070749 4
0004 0004 6 1671093049307951 -29.25 -60.5 5.252350217720435 4
0004 0006 6 1671093049310116 -13.0 -65.0 5.675728915176872 4
0004 0014 6 1671093049311081 74.8125 -68.5 3.2397674240144743 4
0004 0001 6 1671093049311997 -3.25 -68.0 5.5284667595398505 4
0004 0008 6 1671093049312991 -32.5 -60.0 5.651185222570702 4
0004 0009 6 1671093049313937 -6.5 -61.5 2.1905245651006955 4
0004 0009 7 1671093049337245 -6.5 -56.5 0.4724660826687775 4
0004 0005 7 1671093049338198 -61.8125 -63.5 1.8285050991596843 4
0004 0001 7 1671093049339117 -166.8125 -66.0 4.675573441475434 4
0004 0008 7 1671093049340278 -110.625 -67.5 0.3313398501832985 4
0004 0007 7 1671093049341512 19.5 -65.5 1.9512235621905356 4
0004 0015 7 1671093049342419 45.5625 -65.0 0.3436116964863836 4
0004 0007 8 1671093049365870 -19.5 -57.0 4.7860200582032 4
0004 0001 8 1671093049367029 -76.4375 -68.5 5.939573610693203 4
0004 0005 8 1671093049367994 29.25 -69.5 3.7551849687440497 4
0004 0015 8 1671093049368970 -42.3125 -66.5 4.172427743048944 4
0004 0008 8 1671093049370374 -29.25 -63.0 5.031456984264903 4
0004 0014 8 1671093049371581 -97.625 -69.0 4.92714629068868 4
0004 0011 8 1671093049373049 79.75 -67.0 6.086835766330224 4
0004 0009 8 1671093049373967 -13.0 -60.5 5.344389064993574 4
0004 0007 1 1671093049598343 -3.25 -63.0 3.847223816017188 4
0004 0010 1 1671093049602142 -162.75 -71.0 0.5031456984264903 4
0004 0008 1 1671093049604040 13.0 -63.5 2.9268353432858034 4
0004 0015 1 1671093049604973 -19.5 -63.5 3.3870295796514958 4
0004 0005 2 1671093049628346 65.0625 -65.5 1.6382914814618648 4
0004 0007 2 1671093049629267 -13.0 -58.5 2.9759227284981438 4
0004 0015 2 1671093049630216 65.0625 -66.0 4.3933209765044765 4
0004 0015 3 1671093049658609 -9.75 -62.0 5.970253226450915 4
0004 0014 4 1671093049686392 -3.25 -63.0 5.5714182216006485 4
0004 0010 4 1671093049687613 74.8125 -66.0 1.6935147898257479 4
0004 0002 4 1671093049688835 42.3125 -68.5 0.30679615757712825 4
0004 0015 4 1671093049690307 -16.25 -66.5 0.006135923151542565 4
0004 0004 4 1671093049694162 42.3125 -69.0 0.17794177139473438 4
0004 0001 5 1671093049716097 45.5625 -69.0 4.28287435977671 4
0004 0005 5 1671093049717943 -65.0625 -68.0 5.4671075280244255 4
0004 0002 5 1671093049719399 13.0 -63.5 2.3009711818284617 4
0004 0009 5 1671093049720573 9.75 -68.0 2.067806102069844 4
0004 0008 5 1671093049722629 -6.5 -58.0 0.3865631585471816 4
0004 0006 5 1671093049723522 13.0 -64.0 6.22182607566416 4
0004 0007 5 1671093049724572 -74.8125 -70.5 5.381204603902829 4
0004 0009 6 1671093049745882 -13.0 -61.0 2.6445828783148455 4
0004 0006 6 1671093049747062 -110.625 -65.0 5.853670686571607 4
0004 0001 6 1671093049748036 24.375 -70.5 5.970253226450915 4
0004 0014 6 1671093049749257 100.875 -68.0 3.2213596545598464 4
0004 0007 6 1671093049750193 -29.25 -67.5 0.6320000846088841 4
0004 0004 6 1671093049751154 3.25 -61.0 5.338253141842031 4
0004 0008 6 1671093049753797 0.0 -60.0 6.043884304269426 4
0004 0003 6 1671093049756513 110.625 -74.0 1.5892040962495242 4
0004 0007 7 1671093049776894 -65.0625 -65.0 2.4605051837685683 4
0004 0008 7 1671093049778253 107.375 -65.0 0.3374757733348411 4
0004 0009 7 1671093049779199 3.25 -57.0 0.4356505437595221 4
0004 0015 7 1671093049780386 -6.5 -64.5 0.44178646691106466 4
0004 0001 7 1671093049782711 -81.375 -66.0 3.9085830475326135 4
0004 0005 7 1671093049783631 -22.75 -63.5 1.7303303287350031 4
0004 0008 8 1671093049805891 -22.75 -63.5 4.822835597112456 4
0004 0014 8 1671093049808780 -16.25 -69.5 4.8351074434155406 4
0004 0011 8 1671093049809842 -17.0625 -66.0 0.030679615757712823 4
0004 0001 8 1671093049811086 59.375 -68.5 5.448699758569798 4
0004 0005 8 1671093049812007 -19.5 -70.5 3.724505352986337 4
0004 0009 8 1671093049813805 -3.25 -61.0 5.424156065963627 4
0004 0007 8 1671093049814927 -22.75 -57.5 4.749204519293945 4
0004 0015 8 1671093049816358 48.8125 -67.0 3.6201946594101133 4
