0004 0002 1 1671095764675957 -84.625 -71.0 1.9205439464328227 5
0004 0014 1 1671095764677982 -6.5 -63.0 2.9022916506796332 5
0004 0015 1 1671095764678900 -9.75 -64.5 3.141592653589793 5
0004 0005 1 1671095764679895 -32.5 -67.5 3.1354567304382504 5
0004 0000 1 1671095764687585 227.8125 -73.5 5.743224069843841 5
0004 0014 2 1671095764706750 -55.3125 -65.5 5.117359908386499 5
0004 0006 2 1671095764709018 -55.3125 -63.0 2.859340188618835 5
0004 0015 2 1671095764709966 42.3125 -68.0 0.4479223900626072 5
0004 0004 3 1671095764736313 9.75 -61.5 3.018874190558942 5
0004 0015 3 1671095764737532 -26.0 -61.5 4.804427827657828 5
0004 0006 3 1671095764738481 16.25 -60.0 5.240078371417351 5
0004 0009 3 1671095764739416 -32.5 -66.0 6.22182607566416 5
0004 0014 3 1671095764740851 -188.75 -71.0 4.061981126321178 5
0004 0008 3 1671095764742791 61.8125 -62.5 2.172116795646068 5
0004 0001 3 1671095764745278 -10.5625 -65.5 0.9203884727313847 5
0004 0005 3 1671095764746233 -143.1875 -67.5 6.129787228391022 5
0004 0002 3 1671095764747395 87.875 -69.5 5.006913291658733 5
0004 0006 4 1671095764776695 42.3125 -63.5 5.737088146692298 5
0004 0013 4 1671095764777644 6.5 -63.5 3.06182565261974 5
0004 0008 4 1671095764779713 6.5 -59.0 1.4173982480063325 5
0004 0005 4 1671095764781594 -9.75 -70.5 0.1718058482431918 5
0004 0009 4 1671095764783410 9.75 -68.0 2.386874105950058 5
0004 0002 4 1671095764784321 -22.75 -60.5 1.227184630308513 5
0004 0007 4 1671095764785510 35.75 -67.5 4.399456899656019 5
0004 0004 4 1671095764786711 -3.25 -60.5 2.386874105950058 5
0004 0001 4 1671095764788338 177.375 -67.5 2.6568547246179306 5
0004 0010 4 1671095764791006 -29.25 -70.5 2.8654761117703775 5
0004 0011 4 1671095764792082 59.375 -70.0 1.8530487917658545 5
0004 0015 4 1671095764793550 -55.3125 -70.5 0.30679615757712825 5
0004 0000 4 1671095764796251 58.5625 -68.5 0.22089323345553233 5
0004 0003 4 1671095764797750 -133.4375 -70.5 0.7547185476397354 5
0004 0015 5 1671095764836512 19.5 -58.0 1.564660403643354 5
0004 0009 5 1671095764837914 32.5 -60.0 2.705942109830271 5
0004 0010 5 1671095764838865 -104.125 -69.5 3.485204350076177 5
0004 0003 5 1671095764842662 -61.8125 -64.0 4.6448938257177215 5
0004 0013 5 1671095764843582 19.5 -69.5 4.1417481272912315 5
0004 0005 5 1671095764844717 -78.0625 -70.0 2.6384469551633027 5
0004 0014 5 1671095764846185 55.3125 -63.5 4.589670517353839 5
0004 0007 5 1671095764847238 -78.0625 -67.0 5.620505606812989 5
0004 0001 5 1671095764848410 -142.375 -72.0 4.295146206079795 5
0004 0006 5 1671095764849372 13.0 -65.0 6.092971689481767 5
0004 0013 6 1671095764876123 13.0 -70.5 1.9634954084936207 5
0004 0006 6 1671095764878395 -94.375 -67.5 6.191146459906448 5
0004 0007 6 1671095764879628 -16.25 -65.5 4.724660826687775 5
0004 0009 6 1671095764880551 -45.5625 -61.5 5.45483568172134 5
0004 0008 6 1671095764881500 -16.25 -64.0 1.7978254834019713 5
0004 0014 6 1671095764882690 -22.75 -65.5 0.5399612373357456 5
0004 0001 6 1671095764883765 24.375 -60.0 2.3193789512830896 5
0004 0015 6 1671095764885022 29.25 -61.0 5.66959299202533 5
0004 0002 6 1671095764885960 -32.5 -71.0 1.3008157081270237 5
0004 0003 6 1671095764887538 -91.125 -73.0 1.902136176978195 5
0004 0000 6 1671095764889099 32.5 -74.0 5.810719224510809 5
0004 0004 6 1671095764890323 0.0 -64.5 6.135923151542564 5
0004 0015 7 1671095764917822 -52.0625 -61.5 0.30066023442558565 5
0004 0008 7 1671095764919039 -22.75 -64.5 2.5341362615870793 5
0004 0005 7 1671095764921121 9.75 -67.5 3.7122335066832517 5
0004 0014 7 1671095764922043 6.5 -69.0 4.246058820867455 5
0004 0004 7 1671095764926139 -22.75 -66.5 2.5832236467994196 5
0004 0011 7 1671095764927966 -59.375 -70.5 3.650874275167826 5
0004 0007 8 1671095764957017 -19.5 -63.5 1.2578642460662257 5
0004 0008 8 1671095764960626 -19.5 -68.5 3.5588354278946874 5
0004 0015 8 1671095764961545 3.25 -68.5 6.2463697682703305 5
0004 0005 1 1671095765177568 -123.6875 -66.0 3.2704470397721868 5
0004 0014 1 1671095765179737 -16.25 -63.5 2.9513790358919736 5
0004 0015 1 1671095765180699 -29.25 -64.0 3.1661363461959633 5
0004 0002 1 1671095765181780 -29.25 -70.0 1.662835174068035 5
0004 0006 2 1671095765206489 13.0 -62.5 2.8532042654672924 5
0004 0015 2 1671095765208545 146.4375 -69.0 0.36815538909255385 5
0004 0014 2 1671095765209479 29.25 -65.5 4.878058905476339 5
0004 0008 3 1671095765236375 -13.0 -63.5 2.2948352586769194 5
0004 0006 3 1671095765238191 -13.0 -59.5 5.264622064023521 5
0004 0001 3 1671095765240085 7.3125 -65.0 0.8651651643675016 5
0004 0004 3 1671095765241044 0.0 -62.0 3.074097498922825 5
0004 0015 3 1671095765242009 19.5 -63.0 4.693981210930062 5
0004 0009 3 1671095765243075 -133.4375 -65.0 0.04908738521234052 5
0004 0005 3 1671095765244279 9.75 -67.0 5.7616318392984684 5
0004 0002 3 1671095765245189 -9.75 -69.5 5.031456984264903 5
0004 0001 4 1671095765276133 38.1875 -67.0 2.718213956133356 5
0004 0013 4 1671095765277111 -52.0625 -63.5 3.160000423044421 5
0004 0005 4 1671095765278615 175.75 -70.0 6.240233845118788 5
0004 0015 4 1671095765279842 -48.8125 -69.0 0.25157284921324513 5
0004 0000 4 1671095765280820 -107.375 -68.5 0.2699806186678728 5
0004 0006 4 1671095765283858 0.0 -63.5 5.786175531904639 5
0004 0002 4 1671095765285041 16.25 -60.5 1.1106020904292042 5
0004 0007 4 1671095765285992 -78.0625 -68.0 4.608078286808466 5
0004 0008 4 1671095765286894 6.5 -59.0 1.4358060174609601 5
0004 0004 4 1671095765287829 22.75 -60.5 2.36846633649543 5
0004 0011 4 1671095765291990 -59.375 -69.5 1.4419419406125027 5
0004 0009 4 1671095765293407 35.75 -67.0 2.693670263527186 5
0004 0003 4 1671095765294826 -91.125 -70.0 0.7915340865489908 5
0004 0006 5 1671095765326869 -9.75 -65.0 6.013204688511713 5
0004 0009 5 1671095765327878 117.125 -60.0 2.2948352586769194 5
0004 0003 5 1671095765328814 -81.375 -64.5 4.405592822807561 5
0004 0015 5 1671095765330001 19.5 -58.5 1.521708941582556 5
0004 0001 5 1671095765330935 -55.3125 -71.0 3.9576704327449543 5
0004 0013 5 1671095765331899 -136.6875 -68.5 4.28287435977671 5
0004 0014 5 1671095765332819 -32.5 -63.0 4.792155981354743 5
0004 0005 5 1671095765333770 211.5625 -70.5 2.000310947402876 5
0004 0010 5 1671095765335342 29.25 -69.0 3.1661363461959633 5
0004 0007 5 1671095765336306 110.625 -66.5 5.184855063053467 5
0004 0004 6 1671095765365850 6.5 -63.5 5.9518454569962875 5
0004 0013 6 1671095765366772 26.0 -69.5 1.8100973297050567 5
0004 0015 6 1671095765367761 13.0 -61.0 5.712544454086128 5
0004 0007 6 1671095765368698 -35.75 -66.0 4.558990901596125 5
0004 0003 6 1671095765369679 39.0 -72.0 1.564660403643354 5
0004 0008 6 1671095765370912 6.5 -63.5 1.6566992509164924 5
0004 0001 6 1671095765372073 27.625 -59.5 2.141437179888355 5
0004 0009 6 1671095765373715 13.0 -61.0 5.184855063053467 5
0004 0002 6 1671095765374740 -26.0 -70.5 1.012427320004523 5
0004 0014 6 1671095765375690 84.625 -65.0 0.37429131224409645 5
0004 0006 6 1671095765378302 6.5 -68.0 5.890486225480862 5
0004 0000 6 1671095765379424 48.8125 -74.0 5.148039524144211 5
0004 0004 7 1671095765407534 -35.75 -67.0 2.767301341345697 5
0004 0005 7 1671095765409096 -133.4375 -69.5 3.77972866135022 5
0004 0008 7 1671095765410680 39.0 -63.5 2.3746022596469727 5
0004 0015 7 1671095765411583 19.5 -61.0 0.1902136176978195 5
0004 0011 7 1671095765413798 -16.25 -70.5 3.5833791205008576 5
0004 0014 7 1671095765414764 -113.875 -70.0 4.1172044346850605 5
0004 0007 8 1671095765435853 -16.25 -63.5 1.3130875544301088 5
0004 0008 8 1671095765437883 107.375 -68.0 3.393165502803038 5
0004 0015 8 1671095765441151 -68.3125 -68.5 0.11044661672776616 5
0004 0005 1 1671095765655767 -42.3125 -67.0 3.1968159619536762 5
0004 0015 1 1671095765657195 -29.25 -65.0 3.160000423044421 5
0004 0014 1 1671095765658868 39.0 -62.5 2.8654761117703775 5
0004 0002 1 1671095765661632 3.25 -72.5 2.061670178918302 5
0004 0015 2 1671095765687254 -32.5 -67.5 0.7976700097005334 5
0004 0014 2 1671095765688627 -19.5 -66.0 4.970097752749477 5
0004 0006 2 1671095765690018 -100.875 -63.0 3.129320807286708 5
0004 0001 3 1671095765715860 0.0 -65.5 0.7792622402459057 5
0004 0006 3 1671095765717297 -42.3125 -59.5 5.227806525114265 5
0004 0015 3 1671095765718441 104.125 -62.0 4.534447208989955 5
0004 0008 3 1671095765719570 -13.0 -63.0 2.356194490192345 5
0004 0004 3 1671095765721977 65.0625 -62.5 2.9329712664373457 5
0004 0002 3 1671095765722917 -117.125 -69.5 5.154175447295755 5
0004 0005 3 1671095765723985 -214.8125 -68.5 6.117515382087937 5
0004 0009 3 1671095765725172 13.0 -65.5 6.154330920997192 5
0004 0000 4 1671095765756642 32.5 -69.0 6.240233845118788 5
0004 0003 4 1671095765757564 -6.5 -71.0 0.4111068511533518 5
0004 0001 4 1671095765759063 -34.9375 -67.0 2.6445828783148455 5
0004 0004 4 1671095765760041 42.3125 -60.0 2.2457478734645786 5
0004 0011 4 1671095765761001 79.75 -70.0 1.2701360923693108 5
0004 0002 4 1671095765762265 -19.5 -61.0 1.0492428589137786 5
0004 0015 4 1671095765763454 -84.625 -69.0 0.20248546400090464 5
0004 0008 4 1671095765764427 0.0 -58.5 1.3314953238847365 5
0004 0009 4 1671095765765396 61.8125 -66.5 2.509592568980909 5
0004 0006 4 1671095765766487 -26.0 -63.5 5.773903685601553 5
0004 0007 4 1671095765767410 68.3125 -67.5 4.387185053352934 5
0004 0010 4 1671095765768870 123.6875 -71.5 2.5832236467994196 5
0004 0013 4 1671095765769788 -16.25 -63.0 3.0802334220743677 5
0004 0005 4 1671095765771831 19.5 -70.5 0.006135923151542565 5
0004 0010 5 1671095765796364 -52.0625 -69.0 3.2336315008629315 5
0004 0013 5 1671095765797313 -26.0 -71.0 4.0128937411088375 5
0004 0006 5 1671095765798305 -3.25 -64.5 5.9088939949354895 5
0004 0014 5 1671095765799312 16.25 -63.5 4.706253057233147 5
0004 0007 5 1671095765800517 9.75 -66.5 5.166447293598839 5
0004 0005 5 1671095765801696 -97.625 -69.5 2.3439226438892597 5
0004 0009 5 1671095765803338 3.25 -61.0 2.478912953223196 5
0004 0015 5 1671095765804580 -6.5 -58.0 1.5462526341887264 5
0004 0003 5 1671095765806145 -42.3125 -64.0 4.270602513473625 5
0004 0001 5 1671095765809429 198.5625 -70.0 3.5281558121369745 5
0004 0000 6 1671095765835896 -52.0625 -74.0 5.307573526084319 5
0004 0015 6 1671095765837096 16.25 -61.5 5.730952223540755 5
0004 0008 6 1671095765838031 22.75 -62.5 1.5830681730979816 5
0004 0013 6 1671095765839024 87.875 -71.5 1.6198837120072371 5
0004 0007 6 1671095765840003 22.75 -66.5 4.405592822807561 5
0004 0009 6 1671095765841207 -39.0 -61.0 5.197126909356553 5
0004 0006 6 1671095765843404 -22.75 -67.0 5.786175531904639 5
0004 0001 6 1671095765845217 45.5625 -60.0 2.098485717827557 5
0004 0004 6 1671095765846089 0.0 -63.0 5.957981380147831 5
0004 0002 6 1671095765847302 -19.5 -71.0 1.055378782065321 5
0004 0003 6 1671095765848241 61.8125 -73.5 1.3008157081270237 5
0004 0014 6 1671095765849148 -78.0625 -65.0 0.5951845456996288 5
0004 0009 7 1671095765879177 -55.3125 -68.0 4.73693267299086 5
0004 0008 7 1671095765880124 -29.25 -63.5 2.5770877236478773 5
0004 0015 7 1671095765881142 35.75 -61.0 0.1718058482431918 5
0004 0004 7 1671095765882929 61.8125 -68.0 2.6016314162540475 5
0004 0005 7 1671095765885890 -3.25 -69.0 3.736777199289422 5
0004 0011 7 1671095765886897 -114.6875 -70.0 3.865631585471816 5
0004 0008 8 1671095765915871 -61.8125 -69.0 3.56497135104623 5
0004 0007 8 1671095765918964 74.8125 -64.0 1.2026409377023426 5
0004 0015 8 1671095765920991 48.8125 -68.5 6.19728238305799 5
0004 0005 1 1671095766136644 -87.875 -66.0 3.1354567304382504 5
0004 0002 1 1671095766139534 22.75 -72.0 1.9144080232812801 5
0004 0014 1 1671095766140511 3.25 -63.0 2.945243112740431 5
0004 0015 1 1671095766141516 -22.75 -65.0 3.184544115650591 5
0004 0014 2 1671095766173336 -87.875 -65.5 5.080544369477243 5
0004 0006 2 1671095766175163 -91.125 -62.5 3.147728576741336 5
0004 0015 2 1671095766177698 -65.0625 -68.0 0.9510680884890975 5
0004 0004 3 1671095766196934 13.0 -62.5 2.9391071895888885 5
0004 0009 3 1671095766198027 -78.0625 -64.5 6.2034183062095325 5
0004 0008 3 1671095766199500 -35.75 -63.0 2.1475731030398975 5
0004 0001 3 1671095766200448 -52.0625 -64.5 0.7424467013366504 5
0004 0002 3 1671095766201385 39.0 -68.5 4.9394181369917645 5
0004 0006 3 1671095766202262 16.25 -60.0 5.166447293598839 5
0004 0015 3 1671095766203210 68.3125 -62.5 4.608078286808466 5
0004 0005 3 1671095766204289 35.75 -68.0 5.559146375297564 5
0004 0014 3 1671095766212606 -139.9375 -70.5 3.761320891895592 5
0004 0005 4 1671095766235957 0.0 -71.0 0.0 5
0004 0013 4 1671095766236924 -26.0 -64.0 3.0925052683774528 5
0004 0000 4 1671095766237828 -3.25 -68.5 0.030679615757712823 5
0004 0008 4 1671095766240219 -3.25 -58.5 1.184233168247715 5
0004 0001 4 1671095766241133 0.0 -67.5 2.380738182798515 5
0004 0007 4 1671095766242060 71.5625 -67.0 4.374913207049849 5
0004 0006 4 1671095766243990 -13.0 -63.5 5.786175531904639 5
0004 0004 4 1671095766245117 0.0 -60.5 2.227340104009951 5
0004 0002 4 1671095766246117 22.75 -61.0 0.9081166264282996 5
0004 0015 4 1671095766248637 -58.5625 -69.5 0.2699806186678728 5
0004 0011 4 1671095766249523 -7.3125 -70.0 1.2026409377023426 5
0004 0010 4 1671095766252021 -65.0625 -71.5 2.7979809571034093 5
0004 0003 4 1671095766252959 182.25 -71.0 6.043884304269426 5
0004 0015 5 1671095766276166 0.0 -58.0 1.5401167110371838 5
0004 0007 5 1671095766277120 -16.25 -67.0 5.0253210611133605 5
0004 0009 5 1671095766278536 3.25 -61.0 2.380738182798515 5
0004 0014 5 1671095766279921 -6.5 -64.0 4.743068596142402 5
0004 0006 5 1671095766281848 -35.75 -64.5 6.013204688511713 5
0004 0003 5 1671095766283879 45.5625 -64.0 4.135612204139688 5
0004 0010 5 1671095766285199 87.875 -69.5 3.043417883165112 5
0004 0005 5 1671095766287568 0.0 -69.0 2.024854640009046 5
0004 0004 6 1671095766317321 -42.3125 -64.5 6.092971689481767 5
0004 0001 6 1671095766318236 17.0625 -59.5 2.270291566070749 5
0004 0002 6 1671095766319188 9.75 -72.0 1.0921943209745766 5
0004 0009 6 1671095766320154 -29.25 -61.5 5.252350217720435 5
0004 0015 6 1671095766321337 0.0 -61.5 5.71868037723767 5
0004 0007 6 1671095766322280 -58.5625 -66.0 4.522175362686871 5
0004 0003 6 1671095766323912 146.4375 -71.0 1.521708941582556 5
0004 0008 6 1671095766325113 -29.25 -63.5 1.6137477888556946 5
0004 0014 6 1671095766326220 -26.0 -64.5 0.5338253141842031 5
0004 0006 6 1671095766327144 -58.5625 -67.0 5.93343768754166 5
0004 0000 6 1671095766328670 -3.25 -74.5 5.632777453116074 5
0004 0013 6 1671095766329635 84.625 -70.5 1.5892040962495242 5
0004 0004 7 1671095766355880 -71.5625 -67.0 2.82252464970958 5
0004 0009 7 1671095766357069 -74.8125 -66.5 5.013049214810275 5
0004 0015 7 1671095766358058 -19.5 -61.5 0.23930100291016002 5
0004 0011 7 1671095766359488 -188.75 -69.0 4.601942363656923 5
0004 0008 7 1671095766360436 -55.3125 -62.5 2.6384469551633027 5
0004 0005 7 1671095766361356 -100.875 -69.0 4.135612204139688 5
0004 0003 7 1671095766363030 104.125 -70.5 5.062136600022616 5
0004 0014 7 1671095766365580 -32.5 -70.5 4.154019973594316 5
0004 0015 8 1671095766396095 -19.5 -68.5 0.23930100291016002 5
0004 0007 8 1671095766399872 26.0 -64.0 1.368310862793992 5
0004 0005 1 1671095766616154 26.0 -65.5 2.9145634969827183 5
0004 0014 1 1671095766617358 29.25 -62.5 2.8654761117703775 5
0004 0015 1 1671095766619907 61.8125 -65.0 3.0372819600135696 5
0004 0002 1 1671095766621470 39.0 -71.5 1.9880391010997909 5
0004 0014 2 1671095766656585 -65.0625 -65.0 5.0253210611133605 5
0004 0006 2 1671095766658627 -78.0625 -63.5 2.988194574801229 5
0004 0015 2 1671095766659658 16.25 -68.5 0.760854470791278 5
0004 0004 3 1671095766686143 6.5 -62.5 2.890019804376548 5
0004 0005 3 1671095766687574 -6.5 -67.5 5.546874528994478 5
0004 0009 3 1671095766688766 -87.875 -65.0 6.1850105367549055 5
0004 0001 3 1671095766690489 79.75 -64.5 0.4908738521234052 5
0004 0015 3 1671095766692479 0.0 -63.0 4.675573441475434 5
0004 0006 3 1671095766695521 -74.8125 -59.5 5.289165756629691 5
0004 0008 3 1671095766696483 13.0 -62.5 2.055534255766759 5
0004 0002 3 1671095766698002 100.875 -69.0 4.847379289718626 5
0004 0014 3 1671095766700427 45.5625 -72.0 3.6815538909255388 5
0004 0007 4 1671095766725895 -29.25 -67.5 4.466952054322987 5
0004 0004 4 1671095766727094 3.25 -60.0 2.2212041808584084 5
0004 0010 4 1671095766728046 -61.8125 -71.5 2.890019804376548 5
0004 0015 4 1671095766729249 52.0625 -69.5 0.09817477042468103 5
0004 0008 4 1671095766730110 -16.25 -58.0 1.1351457830353744 5
0004 0002 4 1671095766731063 22.75 -61.0 0.944932165337555 5
0004 0011 4 1671095766732025 83.0 -69.5 1.2333205534600555 5
0004 0003 4 1671095766734843 39.0 -71.5 0.1718058482431918 5
0004 0001 4 1671095766736225 -10.5625 -68.0 2.552544031041707 5
0004 0005 4 1671095766737172 0.0 -71.0 0.018407769454627694 5
0004 0013 4 1671095766738393 3.25 -63.5 3.018874190558942 5
0004 0006 4 1671095766739614 -48.8125 -64.5 5.810719224510809 5
0004 0000 4 1671095766740535 65.0625 -68.0 0.03681553890925539 5
0004 0015 5 1671095766767432 26.0 -58.0 1.4910293258248433 5
0004 0007 5 1671095766768667 -136.6875 -67.0 5.332117218690489 5
0004 0003 5 1671095766770442 -22.75 -64.0 4.325825821837508 5
0004 0014 5 1671095766772322 6.5 -63.5 4.6878452877785195 5
0004 0010 5 1671095766774606 -48.8125 -69.0 3.2888548092268146 5
0004 0006 5 1671095766777183 -71.5625 -64.5 6.14819499784565 5
0004 0009 5 1671095766778400 55.3125 -60.5 2.405281875404685 5
0004 0005 5 1671095766779723 -117.125 -68.5 2.325514874434632 5
0004 0013 5 1671095766780673 -58.5625 -69.0 4.190835512503572 5
0004 0007 6 1671095766805863 -48.8125 -65.5 4.516039439535327 5
0004 0001 6 1671095766807049 17.0625 -60.0 2.325514874434632 5
0004 0008 6 1671095766807985 -81.375 -62.5 1.6935147898257479 5
0004 0004 6 1671095766809188 16.25 -64.0 6.086835766330224 5
0004 0003 6 1671095766810127 39.0 -72.0 1.5585244804918115 5
0004 0000 6 1671095766811061 22.75 -73.5 5.620505606812989 5
0004 0014 6 1671095766812012 52.0625 -64.5 0.5276893910326605 5
0004 0006 6 1671095766812975 39.0 -67.5 5.8659425328746915 5
0004 0013 6 1671095766816088 -22.75 -70.5 1.8285050991596843 5
0004 0015 6 1671095766818270 22.75 -61.5 5.6941366846315 5
0004 0009 6 1671095766819262 -16.25 -62.0 5.307573526084319 5
0004 0002 6 1671095766820318 185.5 -70.5 0.9326603190344698 5
0004 0008 7 1671095766846485 35.75 -63.5 2.5770877236478773 5
0004 0003 7 1671095766847451 16.25 -71.5 5.442563835418255 5
0004 0015 7 1671095766848396 -6.5 -61.0 0.25157284921324513 5
0004 0005 7 1671095766850114 -26.0 -68.0 3.933126740138784 5
0004 0011 7 1671095766851559 246.5625 -70.0 3.7122335066832517 5
0004 0004 7 1671095766852547 -3.25 -67.5 2.748893571891069 5
0004 0009 7 1671095766855183 -58.5625 -68.5 4.822835597112456 5
0004 0014 7 1671095766859545 117.125 -71.0 4.0128937411088375 5
0004 0007 8 1671095766886127 -26.0 -64.5 1.3989904785517047 5
0004 0015 8 1671095766889367 16.25 -68.0 0.14112623248547898 5
0004 0002 1 1671095767105818 -26.0 -72.0 2.030990563160589 5
0004 0005 1 1671095767107207 42.3125 -66.0 2.988194574801229 5
0004 0014 1 1671095767108141 -3.25 -63.0 2.9513790358919736 5
0004 0015 1 1671095767112264 -9.75 -64.0 3.1354567304382504 5
0004 0006 2 1671095767147485 -26.0 -63.5 3.0066023442558567 5
0004 0014 2 1671095767148434 29.25 -65.5 4.933282213840222 5
0004 0015 2 1671095767152322 -7.3125 -69.0 0.8222137023067037 5
0004 0002 3 1671095767176148 -3.25 -69.5 5.283029833478148 5
0004 0006 3 1671095767177057 35.75 -59.5 5.135767677841127 5
0004 0005 3 1671095767179437 58.5625 -68.0 5.350524988145116 5
0004 0014 3 1671095767180413 -68.3125 -70.0 3.8533597391687304 5
0004 0009 3 1671095767181376 65.0625 -65.0 6.166602767300278 5
0004 0015 3 1671095767183316 -42.3125 -63.0 4.76147636559703 5
0004 0004 3 1671095767184392 -26.0 -62.5 3.0372819600135696 5
0004 0008 3 1671095767185595 39.0 -63.5 2.1905245651006955 5
0004 0001 3 1671095767187203 -21.125 -65.0 0.7853981633974483 5
0004 0010 4 1671095767205934 -159.5 -70.0 2.9697868053466014 5
0004 0004 4 1671095767206922 -22.75 -60.0 2.337786720737717 5
0004 0008 4 1671095767208141 35.75 -58.5 1.2455923997631406 5
0004 0002 4 1671095767209063 9.75 -61.0 1.0369710126106935 5
0004 0007 4 1671095767209973 -84.625 -67.5 4.595806440505381 5
0004 0001 4 1671095767210920 87.0625 -66.0 2.4727770300716534 5
0004 0013 4 1671095767211854 16.25 -63.5 3.0250101137104846 5
0004 0006 4 1671095767215691 39.0 -63.5 5.724816300389213 5
0004 0011 4 1671095767216598 208.3125 -70.0 1.1228739367322893 5
0004 0000 4 1671095767217488 52.0625 -67.0 0.28225246497095796 5
0004 0015 4 1671095767219898 133.4375 -69.0 6.191146459906448 5
0004 0003 4 1671095767221092 -29.25 -71.5 0.2945243112740431 5
0004 0005 4 1671095767222041 -29.25 -71.0 0.2454369260617026 5
0004 0006 5 1671095767245849 81.375 -65.0 5.706408530934585 5
0004 0010 5 1671095767248239 71.5625 -69.5 3.0066023442558567 5
0004 0009 5 1671095767249204 -61.8125 -60.0 2.5464081078901644 5
0004 0003 5 1671095767251404 -61.8125 -64.5 4.246058820867455 5
0004 0015 5 1671095767252618 -6.5 -58.0 1.521708941582556 5
0004 0013 5 1671095767254380 -136.6875 -69.5 4.178563666200486 5
0004 0014 5 1671095767255826 -156.1875 -63.5 4.847379289718626 5
0004 0007 5 1671095767257512 48.8125 -66.5 5.160311370447297 5
0004 0005 5 1671095767259112 -42.3125 -69.0 2.350058567040802 5
0004 0001 6 1671095767286126 13.8125 -60.0 2.110757564130642 5
0004 0003 6 1671095767287616 94.375 -72.5 1.4971652489763858 5
0004 0015 6 1671095767288817 -26.0 -61.5 5.743224069843841 5
0004 0002 6 1671095767291146 42.3125 -70.5 0.9019807032767571 5
0004 0007 6 1671095767292123 9.75 -65.5 4.405592822807561 5
0004 0014 6 1671095767293061 -48.8125 -65.0 0.5890486225480862 5
0004 0009 6 1671095767294279 -13.0 -61.0 5.154175447295755 5
0004 0000 6 1671095767295272 78.0625 -72.5 5.1725832167503825 5
0004 0004 6 1671095767296247 48.8125 -63.0 5.816855147662351 5
0004 0006 6 1671095767297242 -65.0625 -67.5 5.939573610693203 5
0004 0008 6 1671095767298815 -13.0 -63.5 1.4664856332186729 5
0004 0013 6 1671095767300405 -29.25 -70.0 1.8714565612204823 5
0004 0008 7 1671095767325890 29.25 -63.0 2.3930100291016 5
0004 0015 7 1671095767326835 3.25 -61.0 0.19634954084936207 5
0004 0009 7 1671095767327771 -84.625 -68.0 4.724660826687775 5
0004 0005 7 1671095767332729 -130.1875 -67.5 3.9699422790480394 5
0004 0014 7 1671095767334785 -61.8125 -71.0 4.0987966652304335 5
0004 0004 7 1671095767335792 19.5 -68.5 2.5770877236478773 5
0004 0011 7 1671095767336754 21.125 -69.0 3.663146121470911 5
0004 0007 8 1671095767366551 -3.25 -63.0 1.282407938672396 5
0004 0015 8 1671095767369865 104.125 -68.5 6.12365130523948 5
0004 0014 1 1671095767586823 0.0 -63.0 3.074097498922825 5
0004 0005 1 1671095767589210 -9.75 -66.0 3.129320807286708 5
0004 0015 1 1671095767590189 -58.5625 -64.0 3.2336315008629315 5
0004 0002 1 1671095767591524 -45.5625 -70.5 2.116893487282185 5
0004 0000 1 1671095767593447 182.25 -73.5 6.252505691421874 5
0004 0014 2 1671095767617774 -26.0 -66.0 5.013049214810275 5
0004 0006 2 1671095767619615 26.0 -63.5 3.08636934522591 5
0004 0015 2 1671095767620948 -45.5625 -68.0 0.9019807032767571 5
0004 0009 3 1671095767646063 3.25 -65.0 6.22182607566416 5
0004 0001 3 1671095767646996 -10.5625 -65.0 1.0062913968529805 5
0004 0015 3 1671095767649074 -6.5 -62.5 4.743068596142402 5
0004 0002 3 1671095767650238 9.75 -68.5 5.264622064023521 5
0004 0008 3 1671095767652152 -32.5 -63.0 2.5893595699509624 5
0004 0006 3 1671095767653129 3.25 -59.5 5.240078371417351 5
0004 0005 3 1671095767654040 -91.125 -68.0 5.93343768754166 5
0004 0004 3 1671095767655257 -22.75 -61.5 3.160000423044421 5
0004 0014 3 1671095767663087 -218.0625 -70.5 3.988350048502667 5
0004 0004 4 1671095767685923 61.8125 -60.5 2.325514874434632 5
0004 0002 4 1671095767687367 -6.5 -60.5 1.1903690913992575 5
0004 0015 4 1671095767688598 32.5 -70.0 0.07363107781851078 5
0004 0008 4 1671095767690024 0.0 -59.5 1.552388557340269 5
0004 0005 4 1671095767691207 -136.6875 -70.0 0.705631162427395 5
0004 0011 4 1671095767692676 3.25 -70.5 1.3744467859455345 5
0004 0000 4 1671095767693640 -3.25 -68.0 0.4172427743048944 5
0004 0009 4 1671095767694578 84.625 -67.0 2.6998061866787286 5
0004 0013 4 1671095767695908 26.0 -63.5 3.0066023442558567 5
0004 0007 4 1671095767697114 6.5 -67.5 4.601942363656923 5
0004 0006 4 1671095767698535 -55.3125 -63.0 5.9518454569962875 5
0004 0003 4 1671095767699857 149.6875 -70.0 0.1595340019401067 5
0004 0001 4 1671095767701297 30.875 -66.0 2.6384469551633027 5
0004 0003 5 1671095767736359 32.5 -64.0 3.9453985864418692 5
0004 0014 5 1671095767737351 -32.5 -63.0 4.669437518323892 5
0004 0010 5 1671095767738301 117.125 -69.0 2.6875343403756435 5
0004 0015 5 1671095767740332 16.25 -58.5 1.4787574795217582 5
0004 0009 5 1671095767741685 3.25 -59.5 2.2027964114037806 5
0004 0005 5 1671095767742597 -110.625 -69.5 2.2580197197676637 5
0004 0006 5 1671095767743786 -16.25 -64.5 5.712544454086128 5
0004 0007 5 1671095767745378 84.625 -66.5 5.019185137961818 5
0004 0013 5 1671095767749656 32.5 -70.5 3.767456815047135 5
0004 0001 6 1671095767776923 30.875 -59.5 1.8960002538266525 5
0004 0009 6 1671095767778056 22.75 -61.0 4.871922982324796 5
0004 0007 6 1671095767779034 3.25 -65.5 4.301282129231338 5
0004 0002 6 1671095767780015 22.75 -70.0 0.6749515466696822 5
0004 0006 6 1671095767781486 29.25 -68.0 5.553010452146021 5
0004 0015 6 1671095767783338 3.25 -61.5 5.6941366846315 5
0004 0014 6 1671095767784546 58.5625 -65.0 0.28838838812250056 5
0004 0008 6 1671095767786340 -9.75 -64.0 1.3560390164909069 5
0004 0004 6 1671095767787759 -39.0 -62.5 5.755495916146925 5
0004 0000 6 1671095767788823 52.0625 -72.5 5.166447293598839 5
0004 0013 6 1671095767790181 52.0625 -70.5 1.6689710972195777 5
0004 0011 7 1671095767815942 -55.3125 -70.5 3.6017868899554855 5
0004 0015 7 1671095767816901 32.5 -60.5 0.1227184630308513 5
0004 0005 7 1671095767818149 26.0 -69.5 3.552699504743145 5
0004 0009 7 1671095767819605 -136.6875 -67.5 4.577398671050753 5
0004 0008 7 1671095767820523 -13.0 -63.0 2.36846633649543 5
0004 0004 7 1671095767822947 113.875 -68.0 2.4175537217077703 5
0004 0007 8 1671095767846322 -9.75 -63.5 1.2087768608538851 5
0004 0015 8 1671095767847302 117.125 -68.5 6.166602767300278 5
0004 0008 8 1671095767850079 39.0 -69.0 3.5342917352885173 5
0004 0005 1 1671095768072219 13.0 -66.5 3.0925052683774528 5
0004 0015 1 1671095768074741 -29.25 -64.5 3.1906800388021335 5
0004 0002 1 1671095768075823 104.125 -71.0 2.3193789512830896 5
0004 0014 1 1671095768076994 16.25 -63.5 3.0495538063166547 5
0004 0015 2 1671095768108380 -13.0 -68.0 0.7363107781851077 5
0004 0006 2 1671095768110489 26.0 -63.0 3.074097498922825 5
0004 0014 2 1671095768111438 -3.25 -65.5 5.098952138931871 5
0004 0009 3 1671095768137216 -120.4375 -65.0 0.2638446955163303 5
0004 0006 3 1671095768138405 -45.5625 -59.5 5.381204603902829 5
0004 0002 3 1671095768139600 -32.5 -68.5 5.45483568172134 5
0004 0004 3 1671095768140576 -74.8125 -62.5 3.436116964863836 5
0004 0001 3 1671095768142212 -7.3125 -64.5 1.1351457830353744 5
0004 0015 3 1671095768143133 32.5 -62.0 4.626486056263094 5
0004 0014 3 1671095768144099 -65.0625 -69.5 3.5588354278946874 5
0004 0008 3 1671095768144989 26.0 -62.5 2.6261751088602177 5
0004 0005 3 1671095768146339 -192.0 -69.5 0.01227184630308513 5
0004 0002 4 1671095768166222 0.0 -60.5 1.3744467859455345 5
0004 0001 4 1671095768167175 107.375 -65.5 2.693670263527186 5
0004 0009 4 1671095768168137 -16.25 -66.0 2.9943304979527716 5
0004 0004 4 1671095768171032 16.25 -60.5 2.5586799541932495 5
0004 0011 4 1671095768174383 -24.375 -71.0 1.6260196351587797 5
0004 0008 4 1671095768175701 3.25 -59.0 1.705786636128833 5
0004 0006 4 1671095768176639 45.5625 -63.5 5.810719224510809 5
0004 0005 4 1671095768177547 65.0625 -70.5 0.22089323345553233 5
0004 0000 4 1671095768178494 16.25 -68.0 0.5460971604872883 5
0004 0007 4 1671095768179654 0.0 -68.5 4.675573441475434 5
0004 0013 4 1671095768180578 -3.25 -63.5 3.055689729468197 5
0004 0003 4 1671095768182171 61.8125 -70.0 0.6381360077604268 5
0004 0015 4 1671095768183145 6.5 -69.5 0.2454369260617026 5
0004 0007 5 1671095768206116 -29.25 -67.5 5.2768939103266055 5
0004 0009 5 1671095768207036 -45.5625 -59.5 2.3316507975861747 5
0004 0014 5 1671095768208243 -55.3125 -63.5 4.749204519293945 5
0004 0015 5 1671095768210208 22.75 -58.5 1.4787574795217582 5
0004 0003 5 1671095768211657 -32.5 -64.5 4.1172044346850605 5
0004 0010 5 1671095768213102 -152.9375 -69.0 3.153864499892878 5
0004 0005 5 1671095768214153 42.3125 -70.0 2.024854640009046 5
0004 0001 5 1671095768215371 74.8125 -71.0 3.454524734318464 5
0004 0006 5 1671095768217315 91.125 -64.5 5.50392306693368 5
0004 0013 5 1671095768220401 78.0625 -68.5 3.718369429834794 5
0004 0004 6 1671095768245983 -6.5 -63.0 5.712544454086128 5
0004 0007 6 1671095768246891 19.5 -66.0 4.356505437595221 5
0004 0013 6 1671095768248815 45.5625 -70.5 1.6198837120072371 5
0004 0015 6 1671095768249747 -42.3125 -61.5 5.767767762450011 5
0004 0000 6 1671095768251430 -6.5 -72.0 5.240078371417351 5
0004 0002 6 1671095768253435 26.0 -70.0 0.7485826244881929 5
0004 0001 6 1671095768254366 17.0625 -59.5 1.932815792735908 5
0004 0014 6 1671095768255556 13.0 -65.5 0.4111068511533518 5
0004 0008 6 1671095768256506 26.0 -64.5 1.3560390164909069 5
0004 0009 6 1671095768257439 13.0 -60.0 4.884194828627882 5
0004 0006 6 1671095768259182 3.25 -67.0 5.5714182216006485 5
0004 0008 7 1671095768285851 -32.5 -63.5 2.399145952253143 5
0004 0015 7 1671095768287050 19.5 -61.0 0.20248546400090464 5
0004 0004 7 1671095768297324 -9.75 -68.0 2.650718801466388 5
0004 0005 7 1671095768298544 3.25 -68.5 3.4606606574700063 5
0004 0011 7 1671095768301233 -152.9375 -71.0 3.6017868899554855 5
0004 0007 8 1671095768327228 19.5 -64.0 1.0983302441261191 5
0004 0008 8 1671095768331805 -19.5 -69.0 3.6999616603801666 5
0004 0015 8 1671095768334187 3.25 -68.0 6.234097921967246 5
0004 0000 1 1671095768547255 -227.8125 -73.0 0.2945243112740431 5
0004 0005 1 1671095768548200 6.5 -67.0 3.0802334220743677 5
0004 0014 1 1671095768549122 -22.75 -63.5 3.1354567304382504 5
0004 0015 1 1671095768550084 -42.3125 -64.5 3.1354567304382504 5
0004 0002 1 1671095768551053 -185.5 -71.0 2.3623304133438876 5
0004 0008 2 1671095768576148 87.875 -66.5 0.8283496254582462 5
0004 0015 2 1671095768578482 -6.5 -68.0 0.7731263170943632 5
0004 0006 2 1671095768580908 -16.25 -63.0 3.0250101137104846 5
0004 0014 2 1671095768581873 -39.0 -65.0 5.056000676871073 5
0004 0008 3 1671095768606186 13.0 -62.5 2.7857091108003242 5
0004 0004 3 1671095768607136 26.0 -61.5 3.429981041712294 5
0004 0014 3 1671095768608583 136.6875 -69.5 3.356349963893783 5
0004 0006 3 1671095768610746 -19.5 -59.5 5.375068680751287 5
0004 0002 3 1671095768611881 -19.5 -69.0 5.565282298449106 5
0004 0001 3 1671095768612870 -7.3125 -64.5 1.1965050145508 5
0004 0005 3 1671095768614416 0.0 -69.0 6.277049384028044 5
0004 0009 3 1671095768615926 156.1875 -63.5 6.258641614573416 5
0004 0015 3 1671095768617127 26.0 -62.5 4.718524903536232 5
0004 0001 4 1671095768646104 97.625 -66.5 2.8286605728611223 5
0004 0010 4 1671095768647096 149.6875 -71.5 2.8961557275280905 5
0004 0008 4 1671095768648057 6.5 -59.5 1.718058482431918 5
0004 0009 4 1671095768649022 3.25 -66.5 3.0925052683774528 5
0004 0002 4 1671095768649988 -13.0 -61.5 1.5401167110371838 5
0004 0013 4 1671095768652590 -16.25 -63.5 3.147728576741336 5
0004 0011 4 1671095768653778 205.0625 -70.5 1.3192234775816514 5
0004 0007 4 1671095768654755 35.75 -68.5 4.700117134081604 5
0004 0006 4 1671095768655691 -42.3125 -63.5 6.031612457966341 5
0004 0004 4 1671095768656922 -61.8125 -60.5 2.767301341345697 5
0004 0000 4 1671095768658209 -6.5 -68.5 0.521553467881118 5
0004 0005 4 1671095768659374 48.8125 -69.5 0.06135923151542565 5
0004 0015 4 1671095768661515 42.3125 -69.0 0.14112623248547898 5
0004 0003 4 1671095768663006 32.5 -71.0 0.8958447801252144 5
0004 0014 5 1671095768686655 -9.75 -63.5 4.669437518323892 5
0004 0007 5 1671095768687610 -126.9375 -67.0 5.325981295538946 5
0004 0006 5 1671095768688773 -84.625 -65.0 5.915029918087033 5
0004 0010 5 1671095768689754 -270.125 -69.0 3.368621810196868 5
0004 0015 5 1671095768691901 29.25 -58.5 1.5278448647340985 5
0004 0009 5 1671095768692849 26.0 -60.0 2.405281875404685 5
0004 0013 5 1671095768694962 74.8125 -70.0 3.834951969714103 5
0004 0005 5 1671095768697376 -42.3125 -70.0 2.282563412373834 5
0004 0003 5 1671095768699556 39.0 -65.0 4.172427743048944 5
0004 0001 5 1671095768701424 -13.8125 -71.0 3.80427235395639 5
0004 0007 6 1671095768726547 35.75 -66.5 4.374913207049849 5
0004 0008 6 1671095768727483 39.0 -63.5 1.3989904785517047 5
0004 0004 6 1671095768728671 -26.0 -63.0 5.829126993965437 5
0004 0009 6 1671095768730554 -22.75 -61.0 5.074408446325701 5
0004 0015 6 1671095768731500 13.0 -61.0 5.675728915176872 5
0004 0001 6 1671095768732388 10.5625 -59.0 2.043262409463674 5
0004 0006 6 1671095768734923 0.0 -68.0 5.712544454086128 5
0004 0002 6 1671095768736491 104.125 -69.5 0.8406214717613314 5
0004 0013 6 1671095768737810 113.875 -70.0 1.4971652489763858 5
0004 0014 6 1671095768738802 -45.5625 -65.0 0.521553467881118 5
0004 0000 6 1671095768739878 29.25 -73.5 5.0682725231741586 5
0004 0008 7 1671095768767269 3.25 -64.5 2.3071071049800045 5
0004 0005 7 1671095768769381 -104.125 -66.5 3.6017868899554855 5
0004 0004 7 1671095768770344 120.4375 -67.5 2.313243028131547 5
0004 0015 7 1671095768771317 3.25 -61.0 0.22089323345553233 5
0004 0014 7 1671095768774650 9.75 -70.0 4.09266074207889 5
0004 0015 8 1671095768819472 -3.25 -67.5 6.12365130523948 5
0004 0007 8 1671095768820394 22.75 -63.5 0.9940195505498954 5
0004 0008 8 1671095768821345 -52.0625 -68.0 3.693825737228624 5
0004 0015 1 1671095769036268 22.75 -64.5 3.172272269347506 5
0004 0005 1 1671095769038570 -58.5625 -67.0 3.3440781175906977 5
0004 0014 1 1671095769040129 -26.0 -63.5 3.08636934522591 5
0004 0002 1 1671095769042144 -175.75 -72.5 2.5280003384355365 5
0004 0000 1 1671095769046456 26.0 -72.5 0.2086213871524472 5
0004 0006 2 1671095769067159 117.125 -63.0 2.8654761117703775 5
0004 0014 2 1671095769068590 -52.0625 -65.5 5.141903600992669 5
0004 0008 2 1671095769070048 6.5 -67.0 0.9203884727313847 5
0004 0015 2 1671095769071863 81.375 -68.5 0.4908738521234052 5
0004 0004 3 1671095769095869 26.0 -62.0 3.1661363461959633 5
0004 0015 3 1671095769097071 -16.25 -62.5 4.798291904506286 5
0004 0006 3 1671095769098519 71.5625 -59.0 5.111223985234957 5
0004 0009 3 1671095769099469 42.3125 -64.0 0.04295146206079795 5
0004 0001 3 1671095769100414 24.375 -64.0 1.1474176293384597 5
0004 0008 3 1671095769101858 32.5 -62.0 2.5402721847386216 5
0004 0002 3 1671095769102825 48.8125 -68.0 5.325981295538946 5
0004 0005 3 1671095769105082 -45.5625 -70.5 6.178874613603362 5
0004 0014 3 1671095769107155 -26.0 -70.5 3.810408277107933 5
0004 0013 4 1671095769136214 -29.25 -63.5 3.0495538063166547 5
0004 0000 4 1671095769137958 19.5 -68.5 0.5092816215780329 5
0004 0002 4 1671095769138968 16.25 -60.5 1.2210487071569704 5
0004 0001 4 1671095769140396 -55.3125 -66.0 2.9759227284981438 5
0004 0006 4 1671095769141344 -16.25 -63.5 5.749359992995383 5
0004 0015 4 1671095769142247 10.5625 -71.0 0.11658253987930872 5
0004 0007 4 1671095769143214 -61.8125 -68.0 4.755340442445488 5
0004 0004 4 1671095769144271 0.0 -60.0 2.423689644859313 5
0004 0010 4 1671095769145518 -9.75 -71.5 2.6445828783148455 5
0004 0008 4 1671095769147106 -16.25 -59.5 1.6996507129772904 5
0004 0011 4 1671095769148181 100.875 -72.0 1.3989904785517047 5
0004 0009 4 1671095769149683 -32.5 -65.5 2.60776733940559 5
0004 0003 4 1671095769150748 9.75 -70.5 0.6994952392758523 5
0004 0005 4 1671095769154192 84.625 -70.0 0.20248546400090464 5
0004 0003 5 1671095769175872 16.25 -65.0 4.111068511533518 5
0004 0015 5 1671095769176820 32.5 -58.5 1.4664856332186729 5
0004 0005 5 1671095769178042 -292.9375 -68.5 2.6323110320117604 5
0004 0007 5 1671095769179483 -6.5 -66.5 5.1725832167503825 5
0004 0006 5 1671095769180422 55.3125 -65.0 5.6143696836614465 5
0004 0014 5 1671095769181384 -6.5 -63.5 4.620350133111551 5
0004 0010 5 1671095769183556 143.1875 -70.0 2.779573187648782 5
0004 0001 5 1671095769184516 -90.3125 -69.5 3.6692820446224537 5
0004 0009 5 1671095769185605 9.75 -60.0 2.380738182798515 5
0004 0013 5 1671095769187936 192.0 -70.5 3.5465635815916023 5
0004 0004 6 1671095769215851 -13.0 -62.5 5.743224069843841 5
0004 0001 6 1671095769217577 -13.8125 -60.0 1.9389517158874505 5
0004 0008 6 1671095769218982 26.0 -63.5 1.3744467859455345 5
0004 0000 6 1671095769219957 19.5 -72.0 5.037592907416445 5
0004 0007 6 1671095769221149 -29.25 -66.5 4.503767593232243 5
0004 0009 6 1671095769222409 -3.25 -60.5 5.006913291658733 5
0004 0002 6 1671095769223654 68.3125 -70.0 0.7485826244881929 5
0004 0014 6 1671095769225199 -9.75 -65.0 0.39269908169872414 5
0004 0015 6 1671095769226343 9.75 -61.5 5.706408530934585 5
0004 0013 6 1671095769227784 -9.75 -71.0 1.6996507129772904 5
0004 0006 6 1671095769229987 39.0 -67.5 5.608233760509904 5
0004 0008 7 1671095769256531 -32.5 -64.0 2.454369260617026 5
0004 0015 7 1671095769260659 48.8125 -61.5 0.19634954084936207 5
0004 0005 7 1671095769263412 -22.75 -69.0 3.448388811166921 5
0004 0004 7 1671095769264701 -35.75 -68.5 2.6261751088602177 5
0004 0011 7 1671095769266865 326.3125 -70.0 3.0802334220743677 5
0004 0015 8 1671095769287834 58.5625 -68.0 6.117515382087937 5
0004 0007 8 1671095769291218 6.5 -64.0 1.1719613219446299 5
0004 0015 1 1671095769506597 -68.3125 -64.5 3.227495577711389 5
0004 0005 1 1671095769507844 -6.5 -66.0 3.1968159619536762 5
0004 0002 1 1671095769509040 42.3125 -71.5 2.3623304133438876 5
0004 0014 1 1671095769510483 -3.25 -64.0 3.227495577711389 5
0004 0000 1 1671095769515109 104.125 -74.5 0.3620194659410113 5
0004 0014 2 1671095769535852 -143.1875 -66.0 5.381204603902829 5
0004 0006 2 1671095769537924 -32.5 -63.0 3.1784081924990484 5
0004 0015 2 1671095769538883 6.5 -68.0 0.5154175447295755 5
0004 0004 3 1671095769566166 -29.25 -62.5 3.129320807286708 5
0004 0009 3 1671095769567993 -78.0625 -65.0 0.006135923151542565 5
0004 0005 3 1671095769568916 159.5 -68.5 5.675728915176872 5
0004 0002 3 1671095769569855 -139.9375 -68.0 5.006913291658733 5
0004 0001 3 1671095769570843 -45.5625 -64.5 1.000155473701438 5
0004 0006 3 1671095769571805 -32.5 -59.0 5.190990986205009 5
0004 0015 3 1671095769573601 -22.75 -62.5 4.7860200582032 5
0004 0008 3 1671095769574736 52.0625 -63.0 2.36846633649543 5
0004 0014 3 1671095769576314 371.0625 -69.5 3.08636934522591 5
0004 0000 4 1671095769595934 13.0 -68.5 0.4172427743048944 5
0004 0009 4 1671095769597381 26.0 -65.0 2.442097414313941 5
0004 0001 4 1671095769599923 52.0625 -67.0 2.6568547246179306 5
0004 0008 4 1671095769600798 13.0 -59.5 1.423534171157875 5
0004 0015 4 1671095769601959 32.5 -69.0 0.006135923151542565 5
0004 0006 4 1671095769602877 -9.75 -63.5 5.632777453116074 5
0004 0013 4 1671095769604307 13.0 -63.0 2.890019804376548 5
0004 0004 4 1671095769605241 39.0 -60.0 2.227340104009951 5
0004 0005 4 1671095769606177 -81.375 -69.5 0.04908738521234052 5
0004 0002 4 1671095769607156 -9.75 -60.5 1.0615147052168636 5
0004 0003 4 1671095769608181 -94.375 -71.0 0.6933593161243098 5
0004 0011 4 1671095769611458 240.875 -71.0 1.2701360923693108 5
0004 0007 4 1671095769614124 9.75 -67.5 4.546719055293041 5
0004 0014 5 1671095769636940 9.75 -63.0 4.552854978444583 5
0004 0009 5 1671095769637991 58.5625 -60.0 2.1598449493429825 5
0004 0006 5 1671095769639464 26.0 -66.5 5.43029198911517 5
0004 0003 5 1671095769640881 13.0 -65.0 3.8410878928656453 5
0004 0015 5 1671095769641841 6.5 -58.5 1.5033011721279284 5
0004 0005 5 1671095769643885 19.5 -69.0 1.7916895602504288 5
0004 0010 5 1671095769645076 -146.4375 -69.5 3.227495577711389 5
0004 0007 5 1671095769646263 22.75 -66.5 4.97623367590102 5
0004 0001 5 1671095769649664 -218.875 -71.0 3.497476196379262 5
0004 0013 5 1671095769654829 -58.5625 -70.0 3.8410878928656453 5
