0004 0001 1 1671095828516163 10.5625 -56.5 6.166602767300278 5
0004 0004 1 1671095828517114 84.625 -63.0 1.5155730184310134 5
0004 0006 1 1671095828518047 6.5 -58.0 0.28838838812250056 5
0004 0003 1 1671095828519230 -52.0625 -68.0 4.620350133111551 5
0004 0015 1 1671095828520401 45.5625 -68.5 1.748738098189631 5
0004 0008 1 1671095828521324 -29.25 -65.5 3.6876898140770815 5
0004 0014 1 1671095828522967 42.3125 -65.0 1.1965050145508 5
0004 0012 1 1671095828524413 -94.375 -67.5 2.0064468705544187 5
0004 0002 1 1671095828525449 9.75 -63.0 4.313553975534423 5
0004 0007 1 1671095828526869 48.8125 -62.0 1.0615147052168636 5
0004 0004 2 1671095828555926 -26.0 -66.0 4.859651136021712 5
0004 0001 2 1671095828557366 -7.3125 -64.5 5.289165756629691 5
0004 0002 2 1671095828558831 -42.3125 -64.5 1.6873788666742053 5
0004 0005 2 1671095828559825 -55.3125 -67.5 5.491651220630596 5
0004 0015 2 1671095828560813 61.8125 -63.0 0.1043106935762236 5
0004 0013 2 1671095828562001 26.0 -60.5 4.147884050442774 5
0004 0007 2 1671095828562979 -13.0 -63.0 3.1906800388021335 5
0004 0006 2 1671095828564185 -45.5625 -56.0 4.154019973594316 5
0004 0011 2 1671095828565985 -130.1875 -69.0 0.2638446955163303 5
0004 0003 2 1671095828567534 130.1875 -69.0 3.5956509668039427 5
0004 0005 3 1671095828595829 -179.0 -69.5 3.9760782021995817 5
0004 0004 3 1671095828597500 78.0625 -67.5 2.7857091108003242 5
0004 0001 3 1671095828599256 22.75 -62.0 3.9576704327449543 5
0004 0015 3 1671095828601365 71.5625 -65.5 5.160311370447297 5
0004 0000 3 1671095828609724 -260.375 -71.0 2.435961491162398 5
0004 0007 4 1671095828636033 3.25 -69.0 0.6688156235181395 5
0004 0000 4 1671095828636999 19.5 -71.0 4.166291819897402 5
0004 0014 4 1671095828640188 22.75 -65.5 2.0371264863121317 5
0004 0005 4 1671095828641375 0.0 -60.0 5.921165841238575 5
0004 0008 4 1671095828642536 0.0 -57.0 0.2270291566070749 5
0004 0006 4 1671095828643747 -126.9375 -69.0 4.675573441475434 5
0004 0015 4 1671095828646866 117.125 -67.5 0.6258641614573416 5
0004 0010 4 1671095828647842 26.0 -71.5 2.8961557275280905 5
0004 0015 5 1671095828677251 -42.3125 -63.5 3.6324665057131984 5
0004 0014 5 1671095828680904 -185.5 -69.0 4.381049130201391 5
0004 0015 6 1671095828705772 -107.375 -71.0 4.95168998329485 5
0004 0014 6 1671095828708550 19.5 -65.0 1.3192234775816514 5
0004 0004 6 1671095828709614 -48.8125 -71.5 1.1351457830353744 5
0004 0005 7 1671095828736148 -52.0625 -70.5 0.9878836273983529 5
0004 0009 7 1671095828737306 -9.75 -68.5 0.8713010875190442 5
0004 0002 7 1671095828739645 19.5 -67.0 1.9573594853420782 5
0004 0014 7 1671095828740623 -39.0 -65.5 5.798447378207723 5
0004 0006 7 1671095828742278 9.75 -61.5 3.6079228131070282 5
0004 0015 7 1671095828744052 52.0625 -66.5 5.105088062083414 5
0004 0008 7 1671095828751876 -35.75 -63.5 1.2578642460662257 5
0004 0001 7 1671095828752795 55.3125 -63.5 4.503767593232243 5
0004 0002 8 1671095828776838 -35.75 -65.0 2.9575149590435164 5
0004 0003 8 1671095828777885 0.0 -70.5 2.2457478734645786 5
0004 0004 8 1671095828778911 26.0 -65.5 1.1965050145508 5
0004 0014 8 1671095828779874 -100.875 -66.0 3.890175278077986 5
0004 0006 8 1671095828781801 39.0 -61.5 2.098485717827557 5
0004 0013 8 1671095828786162 0.0 -66.0 0.760854470791278 5
0004 0007 8 1671095828787516 9.75 -73.5 0.3865631585471816 5
0004 0000 8 1671095828788694 -13.0 -73.0 3.0495538063166547 5
0004 0008 1 1671095829005823 -58.5625 -64.0 3.6570101983193686 5
0004 0012 1 1671095829006770 16.25 -66.5 1.9389517158874505 5
0004 0001 1 1671095829007731 13.8125 -56.5 6.191146459906448 5
0004 0014 1 1671095829008704 0.0 -64.0 1.2762720155208536 5
0004 0015 1 1671095829009656 -42.3125 -68.5 2.0371264863121317 5
0004 0003 1 1671095829010608 94.375 -67.5 4.583534594202296 5
0004 0004 1 1671095829013211 19.5 -63.5 1.564660403643354 5
0004 0006 1 1671095829014896 6.5 -57.0 0.25157284921324513 5
0004 0007 1 1671095829015833 13.0 -63.0 1.2087768608538851 5
0004 0002 1 1671095829016787 -45.5625 -63.0 4.417864669110647 5
0004 0007 2 1671095829045885 -48.8125 -62.0 3.172272269347506 5
0004 0005 2 1671095829048514 -78.0625 -68.5 5.387340527054372 5
0004 0006 2 1671095829050341 6.5 -56.0 3.9944859716542096 5
0004 0015 2 1671095829052391 100.875 -64.0 0.01227184630308513 5
0004 0001 2 1671095829053877 -13.8125 -63.5 5.240078371417351 5
0004 0013 2 1671095829055324 3.25 -59.5 4.184699589352029 5
0004 0004 2 1671095829056418 35.75 -65.5 4.773748211900116 5
0004 0002 2 1671095829057386 91.125 -65.0 1.4419419406125027 5
0004 0011 2 1671095829064737 -24.375 -69.0 0.2454369260617026 5
0004 0003 2 1671095829069467 81.375 -70.0 3.411573272257666 5
0004 0001 3 1671095829095916 -7.3125 -62.0 3.792000507653305 5
0004 0005 3 1671095829097322 -87.875 -70.0 3.785864584501762 5
0004 0004 3 1671095829100087 -195.25 -68.0 3.2397674240144743 5
0004 0015 3 1671095829101132 -61.8125 -65.5 5.424156065963627 5
0004 0000 3 1671095829105693 -45.5625 -70.5 2.3439226438892597 5
0004 0014 4 1671095829126323 -6.5 -65.0 2.067806102069844 5
0004 0000 4 1671095829127514 -6.5 -70.0 4.172427743048944 5
0004 0006 4 1671095829128509 -100.875 -68.5 4.675573441475434 5
0004 0005 4 1671095829130165 -9.75 -60.0 5.890486225480862 5
0004 0008 4 1671095829131129 13.0 -57.0 0.12885438618239387 5
0004 0015 4 1671095829132811 16.25 -67.0 0.7792622402459057 5
0004 0007 4 1671095829134133 32.5 -69.0 0.6135923151542565 5
0004 0010 4 1671095829136388 71.5625 -71.5 2.9575149590435164 5
0004 0014 5 1671095829165917 35.75 -68.5 3.8963112012295285 5
0004 0015 5 1671095829167075 9.75 -63.5 3.509748042682347 5
0004 0004 6 1671095829196360 16.25 -71.0 1.2701360923693108 5
0004 0014 6 1671095829199029 117.125 -64.5 1.1903690913992575 5
0004 0015 6 1671095829199974 -30.875 -70.5 4.792155981354743 5
0004 0009 7 1671095829227489 -130.1875 -67.0 1.043106935762236 5
0004 0006 7 1671095829228691 6.5 -61.5 3.5833791205008576 5
0004 0015 7 1671095829229925 -39.0 -66.5 5.2339424482658075 5
0004 0002 7 1671095829231120 -123.6875 -67.0 1.8100973297050567 5
0004 0008 7 1671095829232226 130.1875 -63.0 1.0921943209745766 5
0004 0005 7 1671095829233163 -136.6875 -71.0 0.7792622402459057 5
0004 0001 7 1671095829234718 -41.5 -63.5 4.71238898038469 5
0004 0014 7 1671095829235640 -22.75 -66.5 5.988660995905543 5
0004 0006 8 1671095829265953 6.5 -61.0 2.1353012567368124 5
0004 0003 8 1671095829268616 -84.625 -71.0 2.5034566458293663 5
0004 0007 8 1671095829269597 123.6875 -73.0 0.06135923151542565 5
0004 0014 8 1671095829271024 -6.5 -65.5 3.7429131224409646 5
0004 0002 8 1671095829274140 -13.0 -65.0 2.945243112740431 5
0004 0000 8 1671095829276552 -139.9375 -72.5 3.0127382674073995 5
0004 0013 8 1671095829280653 -22.75 -66.5 0.7179030087304801 5
0004 0004 8 1671095829281801 -32.5 -65.5 1.2701360923693108 5
0004 0015 1 1671095829496057 13.0 -69.0 1.9634954084936207 5
0004 0002 1 1671095829497038 -29.25 -63.0 4.381049130201391 5
0004 0003 1 1671095829498033 97.625 -68.0 4.516039439535327 5
0004 0012 1 1671095829498953 58.5625 -66.5 1.8346410223112268 5
0004 0001 1 1671095829499840 3.25 -56.5 6.1850105367549055 5
0004 0006 1 1671095829500762 -16.25 -57.5 0.2454369260617026 5
0004 0014 1 1671095829502193 22.75 -65.0 1.2517283229146832 5
0004 0008 1 1671095829504376 -81.375 -63.5 3.663146121470911 5
0004 0007 1 1671095829507082 65.0625 -63.0 1.0983302441261191 5
0004 0004 1 1671095829508430 19.5 -64.0 1.5585244804918115 5
0004 0002 2 1671095829546456 3.25 -64.5 1.607611865704152 5
0004 0007 2 1671095829547620 -48.8125 -63.0 3.2090878082567613 5
0004 0001 2 1671095829549064 -117.9375 -64.0 5.289165756629691 5
0004 0005 2 1671095829550298 91.125 -69.0 5.295301679781233 5
0004 0015 2 1671095829552203 0.0 -64.0 0.1227184630308513 5
0004 0004 2 1671095829553216 169.25 -66.0 4.693981210930062 5
0004 0006 2 1671095829554248 -9.75 -56.5 4.061981126321178 5
0004 0013 2 1671095829555679 -13.0 -60.0 4.196971435655114 5
0004 0011 2 1671095829557108 52.0625 -68.0 0.14112623248547898 5
0004 0003 2 1671095829560601 182.25 -69.5 3.3870295796514958 5
0004 0004 3 1671095829585901 152.9375 -67.0 2.552544031041707 5
0004 0015 3 1671095829586904 32.5 -64.5 5.338253141842031 5
0004 0005 3 1671095829589374 81.375 -70.0 3.043417883165112 5
0004 0000 3 1671095829590309 -97.625 -71.5 1.8714565612204823 5
0004 0001 3 1671095829592459 -30.875 -62.5 3.767456815047135 5
0004 0008 4 1671095829615901 16.25 -57.0 0.1043106935762236 5
0004 0000 4 1671095829616866 -84.625 -71.5 4.190835512503572 5
0004 0014 4 1671095829619346 -3.25 -65.0 2.116893487282185 5
0004 0006 4 1671095829620566 -42.3125 -68.5 4.571262747899211 5
0004 0005 4 1671095829621968 -13.0 -60.0 5.915029918087033 5
0004 0007 4 1671095829623582 26.0 -69.0 0.6135923151542565 5
0004 0015 4 1671095829625699 24.375 -68.0 0.8099418560036186 5
0004 0010 4 1671095829628632 227.8125 -72.0 2.662990647769473 5
0004 0014 5 1671095829658430 13.0 -68.5 4.037437433715008 5
0004 0015 5 1671095829660800 52.0625 -64.0 3.442252888015379 5
0004 0015 6 1671095829686849 -81.375 -70.0 4.73693267299086 5
0004 0014 6 1671095829687867 9.75 -64.5 1.3499030933393643 5
0004 0004 6 1671095829689669 -9.75 -71.0 1.3499030933393643 5
0004 0009 7 1671095829716786 0.0 -66.5 0.5645049299419159 5
0004 0014 7 1671095829718643 -3.25 -67.0 5.945709533844745 5
0004 0008 7 1671095829720217 71.5625 -63.5 1.1596894756415448 5
0004 0006 7 1671095829721799 -16.25 -61.5 3.650874275167826 5
0004 0002 7 1671095829723234 -22.75 -67.5 1.6014759425526093 5
0004 0005 7 1671095829724201 91.125 -71.5 0.7424467013366504 5
0004 0001 7 1671095829725595 0.0 -63.5 4.663301595172349 5
0004 0015 7 1671095829727158 39.0 -66.5 5.123495831538041 5
0004 0013 8 1671095829756885 -3.25 -66.5 0.7424467013366504 5
0004 0002 8 1671095829757968 -58.5625 -65.0 3.0127382674073995 5
0004 0004 8 1671095829758944 39.0 -65.0 1.1903690913992575 5
0004 0006 8 1671095829759921 52.0625 -61.5 2.12916533358527 5
0004 0014 8 1671095829762764 -42.3125 -66.5 3.822680123411018 5
0004 0003 8 1671095829764804 -120.4375 -71.5 2.6139032625571326 5
0004 0007 8 1671095829766921 166.0 -73.0 0.28838838812250056 5
0004 0000 8 1671095829768067 -13.0 -73.0 2.7120780329818137 5
0004 0002 1 1671095829986181 -13.0 -63.5 4.424000592262189 5
0004 0003 1 1671095829987942 58.5625 -68.0 4.614214209960009 5
0004 0001 1 1671095829989382 10.5625 -56.5 6.215690152512618 5
0004 0008 1 1671095829990616 -39.0 -63.0 3.6201946594101133 5
0004 0006 1 1671095829991593 -19.5 -57.5 0.25770877236478773 5
0004 0004 1 1671095829992937 26.0 -64.0 1.4726215563702154 5
0004 0015 1 1671095829994765 -55.3125 -69.5 2.086213871524472 5
0004 0012 1 1671095829996376 39.0 -67.5 1.859184714917397 5
0004 0007 1 1671095830001386 22.75 -62.5 1.2640001692177683 5
0004 0014 1 1671095830002862 42.3125 -64.5 1.184233168247715 5
0004 0013 2 1671095830025890 -35.75 -59.5 4.246058820867455 5
0004 0004 2 1671095830026855 -55.3125 -66.5 4.9823695990525625 5
0004 0001 2 1671095830029075 -73.1875 -64.5 5.2339424482658075 5
0004 0002 2 1671095830030326 -52.0625 -64.5 1.736466251886546 5
0004 0006 2 1671095830031275 -55.3125 -56.5 4.172427743048944 5
0004 0005 2 1671095830032463 -91.125 -67.0 5.773903685601553 5
0004 0003 2 1671095830034498 -104.125 -70.5 3.8963112012295285 5
0004 0015 2 1671095830035683 19.5 -64.5 0.11658253987930872 5
0004 0007 2 1671095830036563 13.0 -62.5 3.104777114680538 5
0004 0011 2 1671095830037978 -97.625 -70.0 0.4970097752749477 5
0004 0001 3 1671095830074079 21.125 -61.5 3.6324665057131984 5
0004 0015 3 1671095830079613 42.3125 -64.0 5.301437602932776 5
0004 0004 3 1671095830082337 -146.4375 -67.0 2.9697868053466014 5
0004 0005 3 1671095830084549 26.0 -70.0 3.4177091954092087 5
0004 0000 3 1671095830088721 -214.8125 -71.5 2.2150682577068657 5
0004 0015 4 1671095830126029 100.875 -68.0 0.6688156235181395 5
0004 0006 4 1671095830126993 -87.875 -69.0 4.632621979414636 5
0004 0007 4 1671095830127961 52.0625 -68.5 0.39269908169872414 5
0004 0010 4 1671095830130611 -97.625 -72.0 3.0372819600135696 5
0004 0005 4 1671095830132071 -29.25 -60.0 5.8045833013592665 5
0004 0000 4 1671095830133034 3.25 -71.0 3.822680123411018 5
0004 0008 4 1671095830133928 16.25 -56.5 0.04908738521234052 5
0004 0014 4 1671095830136325 -6.5 -65.5 2.067806102069844 5
0004 0015 5 1671095830166303 -6.5 -64.5 3.5711072741977725 5
0004 0014 5 1671095830170454 -61.8125 -68.5 4.104932588381976 5
0004 0014 6 1671095830196130 29.25 -65.5 1.3314953238847365 5
0004 0004 6 1671095830201924 81.375 -70.5 1.043106935762236 5
0004 0015 6 1671095830202812 -7.3125 -71.5 4.773748211900116 5
0004 0014 7 1671095830225795 -61.8125 -66.0 5.976389149602458 5
0004 0006 7 1671095830227240 -22.75 -61.5 3.7122335066832517 5
0004 0001 7 1671095830228245 38.1875 -63.5 4.626486056263094 5
0004 0009 7 1671095830229451 91.125 -67.5 0.705631162427395 5
0004 0008 7 1671095830230413 -19.5 -63.5 1.2701360923693108 5
0004 0002 7 1671095830231892 32.5 -67.0 1.761009944492716 5
0004 0015 7 1671095830233348 -22.75 -66.5 5.209398755659637 5
0004 0005 7 1671095830234524 13.0 -70.5 0.4295146206079795 5
0004 0000 8 1671095830256449 55.3125 -72.0 2.6813984172241008 5
0004 0006 8 1671095830257639 39.0 -61.0 2.1046216409791 5
0004 0003 8 1671095830259111 -35.75 -71.5 2.5034566458293663 5
0004 0004 8 1671095830260543 26.0 -65.5 1.2885438618239387 5
0004 0002 8 1671095830261962 -19.5 -65.0 2.9636508821950587 5
0004 0007 8 1671095830262927 22.75 -72.5 0.30679615757712825 5
0004 0013 8 1671095830264702 58.5625 -66.0 0.6688156235181395 5
0004 0014 8 1671095830266846 -48.8125 -66.5 3.9269908169872414 5
0004 0002 1 1671095830476395 -32.5 -62.5 4.3074180523828804 5
0004 0006 1 1671095830477570 -3.25 -58.0 0.1227184630308513 5
0004 0012 1 1671095830478792 -81.375 -67.5 1.88986433067511 5
0004 0014 1 1671095830479982 -48.8125 -65.0 1.3928545554001621 5
0004 0001 1 1671095830480913 10.5625 -56.0 6.166602767300278 5
0004 0007 1 1671095830482132 -3.25 -63.0 1.2885438618239387 5
0004 0008 1 1671095830483069 -29.25 -62.5 3.4913402732277192 5
0004 0004 1 1671095830484033 -65.0625 -64.5 1.662835174068035 5
0004 0003 1 1671095830485865 -52.0625 -68.0 4.528311285838413 5
0004 0015 1 1671095830486811 21.125 -69.0 2.055534255766759 5
0004 0015 2 1671095830515922 195.25 -64.0 6.086835766330224 5
0004 0011 2 1671095830516853 24.375 -70.0 0.36815538909255385 5
0004 0007 2 1671095830517774 6.5 -63.0 3.098641191528995 5
0004 0006 2 1671095830518948 0.0 -56.0 4.111068511533518 5
0004 0003 2 1671095830519948 -133.4375 -69.5 4.000621894805752 5
0004 0001 2 1671095830521349 -27.625 -64.5 4.97623367590102 5
0004 0002 2 1671095830522514 94.375 -63.5 1.41126232485479 5
0004 0005 2 1671095830523452 -110.625 -69.0 5.577554144752192 5
0004 0004 2 1671095830526880 -107.375 -65.5 4.608078286808466 5
0004 0013 2 1671095830528067 9.75 -60.5 4.135612204139688 5
0004 0000 3 1671095830555889 13.0 -71.5 2.073942025221387 5
0004 0004 3 1671095830557109 9.75 -68.5 2.5832236467994196 5
0004 0005 3 1671095830559440 39.0 -68.0 3.6201946594101133 5
0004 0015 3 1671095830560883 32.5 -64.5 5.227806525114265 5
0004 0001 3 1671095830561815 55.3125 -61.5 3.5036121195308043 5
0004 0008 4 1671095830585883 -9.75 -57.0 0.1043106935762236 5
0004 0015 4 1671095830589120 16.25 -68.0 0.8283496254582462 5
0004 0005 4 1671095830590319 0.0 -60.0 5.786175531904639 5
0004 0014 4 1671095830591500 81.375 -65.0 1.9082721001297376 5
0004 0007 4 1671095830592468 52.0625 -69.0 0.5890486225480862 5
0004 0006 4 1671095830593639 3.25 -68.0 4.558990901596125 5
0004 0010 4 1671095830594932 -32.5 -72.5 3.08636934522591 5
0004 0000 4 1671095830595854 -133.4375 -70.5 4.227651051412827 5
0004 0015 5 1671095830619329 19.5 -64.0 3.5281558121369745 5
0004 0015 6 1671095830646797 52.0625 -69.5 4.816699673960914 5
0004 0014 6 1671095830647871 9.75 -65.5 1.380582709097077 5
0004 0004 6 1671095830649037 143.1875 -72.0 1.1167380135807468 5
0004 0002 7 1671095830676357 84.625 -67.5 1.6321555583103222 5
0004 0001 7 1671095830678249 -34.9375 -63.5 4.7307967498393175 5
0004 0015 7 1671095830679182 179.0 -67.0 4.8351074434155406 5
0004 0006 7 1671095830680882 -68.3125 -62.0 3.859495662320273 5
0004 0008 7 1671095830681845 42.3125 -63.0 1.3867186322486196 5
0004 0014 7 1671095830682923 68.3125 -65.0 5.8045833013592665 5
0004 0009 7 1671095830684085 -100.875 -66.5 0.5829126993965437 5
0004 0005 7 1671095830685460 136.6875 -69.0 1.0062913968529805 5
0004 0004 8 1671095830706173 42.3125 -65.0 1.1903690913992575 5
0004 0013 8 1671095830707320 52.0625 -65.5 0.5154175447295755 5
0004 0006 8 1671095830708224 19.5 -62.0 2.098485717827557 5
0004 0007 8 1671095830711017 29.25 -73.5 0.5829126993965437 5
0004 0003 8 1671095830712438 -152.9375 -70.0 2.8102528034064944 5
0004 0002 8 1671095830713404 -32.5 -64.0 2.9268353432858034 5
0004 0000 8 1671095830714847 13.0 -73.0 2.8286605728611223 5
0004 0014 8 1671095830716844 -97.625 -66.5 3.9822141253511245 5
0004 0008 8 1671095830717850 -32.5 -68.0 2.9820586516496865 5
0004 0007 1 1671095830936856 55.3125 -63.0 0.9265243958829272 5
0004 0015 1 1671095830938229 162.75 -69.5 1.7671458676442586 5
0004 0008 1 1671095830939191 -35.75 -62.5 3.2704470397721868 5
0004 0001 1 1671095830940432 13.8125 -56.0 5.988660995905543 5
0004 0006 1 1671095830941366 -9.75 -57.5 0.0 5
0004 0012 1 1671095830943844 81.375 -66.5 1.6751070203711202 5
0004 0014 1 1671095830945048 87.875 -65.0 1.1167380135807468 5
0004 0004 1 1671095830946224 45.5625 -64.5 1.2701360923693108 5
0004 0003 1 1671095830947403 -42.3125 -68.5 4.491495746929157 5
0004 0002 1 1671095830948355 -61.8125 -63.0 4.166291819897402 5
0004 0000 1 1671095830951707 -45.5625 -74.0 1.5462526341887264 5
0004 0002 2 1671095830975891 78.0625 -64.0 1.2087768608538851 5
0004 0015 2 1671095830977912 32.5 -63.5 0.006135923151542565 5
0004 0006 2 1671095830978846 9.75 -57.5 3.988350048502667 5
0004 0007 2 1671095830980010 -22.75 -62.0 3.043417883165112 5
0004 0013 2 1671095830980945 61.8125 -61.0 3.877903431774901 5
0004 0004 2 1671095830982788 -32.5 -66.0 4.595806440505381 5
0004 0001 2 1671095830983977 123.6875 -64.5 4.859651136021712 5
0004 0005 2 1671095830984901 224.5625 -68.5 5.074408446325701 5
0004 0011 2 1671095830986693 163.5625 -68.5 6.227961998815704 5
0004 0003 2 1671095830990000 -94.375 -69.0 3.6754179677739964 5
0004 0001 3 1671095831016196 -17.0625 -61.5 3.5711072741977725 5
0004 0015 3 1671095831017938 -94.375 -65.0 5.381204603902829 5
0004 0004 3 1671095831022268 -32.5 -68.5 2.9513790358919736 5
0004 0005 3 1671095831024439 -9.75 -68.0 3.522019888985432 5
0004 0007 3 1671095831026226 152.9375 -71.0 5.166447293598839 5
0004 0000 3 1671095831028808 -110.625 -72.5 2.018718716857504 5
0004 0007 4 1671095831055837 -16.25 -69.0 0.8099418560036186 5
0004 0015 4 1671095831057268 -84.625 -68.5 0.9387962421860124 5
0004 0008 4 1671095831059656 6.5 -56.5 0.0674951546669682 5
0004 0000 4 1671095831060607 -81.375 -70.0 4.215379205109742 5
0004 0006 4 1671095831061838 6.5 -68.0 4.571262747899211 5
0004 0014 4 1671095831063044 19.5 -66.0 1.9880391010997909 5
0004 0005 4 1671095831065191 6.5 -60.0 5.810719224510809 5
0004 0015 5 1671095831095807 0.0 -63.5 3.6263305825616556 5
0004 0014 5 1671095831099160 -42.3125 -68.5 4.2031073588066565 5
0004 0004 6 1671095831127154 9.75 -71.0 1.3499030933393643 5
0004 0015 6 1671095831129915 -19.5 -70.5 4.871922982324796 5
0004 0014 6 1671095831131349 52.0625 -65.5 1.2885438618239387 5
0004 0008 7 1671095831155860 -45.5625 -63.5 1.5155730184310134 5
0004 0014 7 1671095831156838 -19.5 -66.5 6.111379458936394 5
0004 0009 7 1671095831158043 16.25 -67.5 0.8222137023067037 5
0004 0001 7 1671095831159443 59.375 -63.5 4.614214209960009 5
0004 0015 7 1671095831160333 -68.3125 -66.0 5.264622064023521 5
0004 0006 7 1671095831162231 32.5 -61.5 3.767456815047135 5
0004 0002 7 1671095831164293 -52.0625 -68.0 2.350058567040802 5
0004 0005 7 1671095831166976 84.625 -68.5 0.5031456984264903 5
0004 0004 8 1671095831186303 45.5625 -64.5 1.0246991663076084 5
0004 0002 8 1671095831189131 32.5 -63.5 2.82252464970958 5
0004 0006 8 1671095831190291 13.0 -61.5 2.141437179888355 5
0004 0003 8 1671095831191246 -179.0 -71.0 2.5893595699509624 5
0004 0013 8 1671095831192955 22.75 -64.5 0.6013204688511713 5
0004 0014 8 1671095831195087 -39.0 -66.0 3.9453985864418692 5
0004 0000 8 1671095831198785 143.1875 -72.0 2.7550294950426117 5
0004 0007 8 1671095831199975 29.25 -72.5 0.7669903939428205 5
0004 0006 1 1671095831415813 -13.0 -57.5 6.080699843178682 5
0004 0007 1 1671095831417869 55.3125 -63.5 0.7363107781851077 5
0004 0002 1 1671095831418820 45.5625 -63.5 3.736777199289422 5
0004 0014 1 1671095831419783 -9.75 -65.0 1.1658253987930873 5
0004 0001 1 1671095831420742 7.3125 -56.5 5.829126993965437 5
0004 0008 1 1671095831422500 -22.75 -62.5 2.9084275738311756 5
0004 0004 1 1671095831424571 26.0 -65.5 1.1658253987930873 5
0004 0015 1 1671095831427133 145.625 -70.0 1.6935147898257479 5
0004 0000 1 1671095831429396 -94.375 -73.0 1.3314953238847365 5
0004 0012 1 1671095831430870 13.0 -67.5 1.5033011721279284 5
0004 0003 1 1671095831431838 -45.5625 -66.5 4.270602513473625 5
0004 0007 2 1671095831455875 -78.0625 -62.5 2.9206994201342606 5
0004 0004 2 1671095831457278 -19.5 -68.5 4.424000592262189 5
0004 0006 2 1671095831459314 -9.75 -57.0 3.8288160465625602 5
0004 0013 2 1671095831460520 39.0 -61.0 3.773592738198677 5
0004 0015 2 1671095831462499 -48.8125 -63.5 0.030679615757712823 5
0004 0001 2 1671095831463547 59.375 -64.5 4.828971520263998 5
0004 0005 2 1671095831464527 55.3125 -67.0 4.822835597112456 5
0004 0002 2 1671095831465717 -42.3125 -63.0 1.1719613219446299 5
0004 0011 2 1671095831468380 -159.5 -69.5 0.17794177139473438 5
0004 0001 3 1671095831497301 -30.875 -61.5 3.6386024288647407 5
0004 0015 3 1671095831500225 -117.125 -63.5 5.5714182216006485 5
0004 0004 3 1671095831502715 -188.75 -69.5 3.3072625786814425 5
0004 0007 3 1671095831503695 113.875 -72.5 5.2768939103266055 5
0004 0005 3 1671095831505171 -52.0625 -68.5 3.509748042682347 5
0004 0004 4 1671095831535840 -231.0625 -72.5 4.822835597112456 5
0004 0006 4 1671095831537041 -22.75 -67.0 4.460816131171445 5
0004 0008 4 1671095831538457 6.5 -56.5 0.11658253987930872 5
0004 0005 4 1671095831539919 26.0 -60.5 5.890486225480862 5
0004 0014 4 1671095831540840 42.3125 -65.0 1.9144080232812801 5
0004 0000 4 1671095831541762 58.5625 -69.5 4.25833066717054 5
0004 0015 4 1671095831543416 -9.75 -68.5 0.9326603190344698 5
0004 0007 4 1671095831544368 19.5 -69.5 0.7547185476397354 5
0004 0014 5 1671095831577374 -188.75 -68.5 4.608078286808466 5
0004 0015 5 1671095831578875 -78.0625 -63.5 3.736777199289422 5
0004 0014 6 1671095831607173 -19.5 -65.5 1.368310862793992 5
0004 0004 6 1671095831608632 -3.25 -72.0 1.41126232485479 5
0004 0015 6 1671095831611610 -68.3125 -72.5 4.896466674930966 5
0004 0008 7 1671095831635878 -29.25 -64.0 1.6444274046134073 5
0004 0002 7 1671095831637100 -9.75 -68.0 2.325514874434632 5
0004 0014 7 1671095831638112 -55.3125 -65.0 6.031612457966341 5
0004 0015 7 1671095831639075 -100.875 -66.0 5.2768939103266055 5
0004 0001 7 1671095831641735 10.5625 -64.0 4.767612288748572 5
0004 0006 7 1671095831643183 29.25 -61.0 3.706097583531709 5
0004 0009 7 1671095831644702 52.0625 -66.0 0.8897088569736719 5
0004 0005 7 1671095831646817 -68.3125 -69.5 1.2701360923693108 5
0004 0006 8 1671095831667072 32.5 -61.0 2.086213871524472 5
0004 0003 8 1671095831670063 42.3125 -70.5 2.325514874434632 5
0004 0013 8 1671095831671282 35.75 -65.0 0.5276893910326605 5
0004 0000 8 1671095831672218 -205.0625 -73.0 3.3379421944391554 5
0004 0002 8 1671095831673608 91.125 -63.5 2.748893571891069 5
0004 0007 8 1671095831674941 185.5 -73.0 0.3865631585471816 5
0004 0014 8 1671095831676516 -61.8125 -65.5 3.9638063558964967 5
0004 0004 8 1671095831677477 22.75 -65.0 1.0492428589137786 5
0004 0012 1 1671095831885794 -19.5 -67.0 1.4051264017032472 5
0004 0004 1 1671095831886703 42.3125 -66.0 0.9019807032767571 5
0004 0014 1 1671095831888191 -71.5625 -65.5 1.2517283229146832 5
0004 0007 1 1671095831889165 0.0 -64.0 0.5154175447295755 5
0004 0008 1 1671095831890147 -22.75 -62.0 2.650718801466388 5
0004 0006 1 1671095831892091 -19.5 -57.0 5.970253226450915 5
0004 0001 1 1671095831893789 -21.125 -56.5 5.602097837358362 5
0004 0003 1 1671095831897274 -120.4375 -67.0 4.09266074207889 5
0004 0002 1 1671095831898503 0.0 -63.0 3.6140587362585705 5
0004 0015 1 1671095831900103 94.375 -70.0 1.8162332528565992 5
0004 0000 1 1671095831901210 110.625 -72.0 0.6994952392758523 5
0004 0015 2 1671095831925930 -35.75 -63.5 6.154330920997192 5
0004 0005 2 1671095831926879 -84.625 -67.5 5.264622064023521 5
0004 0002 2 1671095831927802 -16.25 -64.0 0.8774370106705868 5
0004 0001 2 1671095831929260 38.1875 -64.5 4.988505522204105 5
0004 0007 2 1671095831930211 107.375 -62.5 2.5586799541932495 5
0004 0011 2 1671095831931183 -34.9375 -68.5 0.06135923151542565 5
0004 0013 2 1671095831932586 35.75 -60.5 3.522019888985432 5
0004 0006 2 1671095831934259 13.0 -57.0 3.6201946594101133 5
0004 0004 2 1671095831935580 -94.375 -70.0 4.301282129231338 5
0004 0003 2 1671095831937599 -162.75 -72.0 3.172272269347506 5
0004 0015 3 1671095831973375 -208.3125 -65.0 5.6143696836614465 5
0004 0001 3 1671095831974545 34.9375 -62.5 3.5342917352885173 5
0004 0007 3 1671095831979103 -152.9375 -70.5 5.964117303299373 5
0004 0004 3 1671095831980749 133.4375 -69.5 2.834796496012665 5
0004 0005 3 1671095831982326 -55.3125 -69.0 3.442252888015379 5
0004 0008 4 1671095832005893 13.0 -56.5 0.0674951546669682 5
0004 0010 4 1671095832006857 -39.0 -72.0 2.9268353432858034 5
0004 0007 4 1671095832007793 55.3125 -69.0 0.7547185476397354 5
0004 0014 4 1671095832008727 39.0 -66.0 1.9512235621905356 5
0004 0015 4 1671095832010143 -16.25 -68.5 0.9756117810952678 5
0004 0000 4 1671095832011830 -58.5625 -70.5 4.3503695144436785 5
0004 0005 4 1671095832012719 6.5 -60.5 5.896622148632405 5
0004 0006 4 1671095832013656 -26.0 -66.5 4.387185053352934 5
0004 0004 4 1671095832015942 -159.5 -72.5 4.601942363656923 5
0004 0014 5 1671095832036729 -192.0 -69.0 4.4976316700806995 5
0004 0015 5 1671095832037659 -16.25 -63.0 3.706097583531709 5
0004 0004 6 1671095832068141 -9.75 -72.0 1.7916895602504288 5
0004 0014 6 1671095832069360 22.75 -65.5 1.4542137869155878 5
0004 0015 6 1671095832071668 13.0 -70.5 4.865787059173254 5
0004 0015 7 1671095832096694 9.75 -66.0 5.160311370447297 5
0004 0008 7 1671095832098279 13.0 -64.0 1.5278448647340985 5
0004 0001 7 1671095832099254 21.125 -63.5 4.847379289718626 5
0004 0005 7 1671095832100220 -32.5 -69.0 0.9756117810952678 5
0004 0006 7 1671095832101228 -13.0 -61.0 3.822680123411018 5
0004 0009 7 1671095832102121 -32.5 -66.0 1.0062913968529805 5
0004 0014 7 1671095832105121 -6.5 -66.0 6.031612457966341 5
0004 0002 7 1671095832106134 -91.125 -67.5 2.1353012567368124 5
0004 0002 8 1671095832135793 -3.25 -64.0 2.9943304979527716 5
0004 0014 8 1671095832136743 9.75 -66.0 3.9085830475326135 5
0004 0004 8 1671095832137965 42.3125 -65.5 1.1535535524900022 5
0004 0000 8 1671095832139850 -71.5625 -71.5 3.055689729468197 5
0004 0013 8 1671095832141246 35.75 -64.5 0.5276893910326605 5
0004 0003 8 1671095832142653 159.5 -70.5 2.2457478734645786 5
0004 0006 8 1671095832143617 26.0 -61.5 2.098485717827557 5
0004 0008 8 1671095832144711 -58.5625 -67.0 3.436116964863836 5
0004 0007 8 1671095832146754 104.125 -72.0 0.8344855486097889 5
0004 0015 1 1671095832365762 130.1875 -71.0 1.859184714917397 5
0004 0007 1 1671095832366639 16.25 -63.0 0.48473792897186263 5
0004 0001 1 1671095832367600 -13.8125 -57.0 5.5284667595398505 5
0004 0000 1 1671095832368836 -58.5625 -73.5 1.1719613219446299 5
0004 0014 1 1671095832370266 65.0625 -64.5 0.9510680884890975 5
0004 0006 1 1671095832371425 13.0 -57.0 5.829126993965437 5
0004 0002 1 1671095832372604 -16.25 -63.0 3.4606606574700063 5
0004 0008 1 1671095832373809 58.5625 -61.5 2.5157284921324514 5
0004 0003 1 1671095832375613 9.75 -68.0 3.785864584501762 5
0004 0004 1 1671095832376634 6.5 -65.0 0.7853981633974483 5
0004 0012 1 1671095832377630 -78.0625 -67.5 1.2946797849754812 5
0004 0006 2 1671095832405830 -42.3125 -58.0 3.6447383520162835 5
0004 0004 2 1671095832407291 130.1875 -69.0 4.0558452031696355 5
0004 0001 2 1671095832408222 76.4375 -64.5 4.73693267299086 5
0004 0013 2 1671095832409922 -16.25 -60.5 3.423845118560751 5
0004 0007 2 1671095832411837 13.0 -62.5 2.5770877236478773 5
0004 0015 2 1671095832413408 -6.5 -62.5 6.191146459906448 5
0004 0002 2 1671095832414391 13.0 -63.5 0.8344855486097889 5
0004 0005 2 1671095832416604 -26.0 -67.0 5.00077736850719 5
0004 0011 2 1671095832418840 -107.375 -69.0 0.05522330836388308 5
0004 0003 2 1671095832422599 -123.6875 -70.5 3.380893656499953 5
0004 0001 3 1671095832446197 21.125 -61.0 3.3072625786814425 5
0004 0004 3 1671095832447401 -19.5 -69.0 2.6691265709210157 5
0004 0007 3 1671095832448325 110.625 -69.5 5.460971604872882 5
0004 0005 3 1671095832450730 0.0 -67.5 3.153864499892878 5
0004 0015 3 1671095832452136 -35.75 -64.5 5.45483568172134 5
0004 0008 4 1671095832475965 -9.75 -56.0 6.19728238305799 5
0004 0010 4 1671095832477653 -270.125 -71.0 3.2949907323783574 5
0004 0014 4 1671095832478797 6.5 -66.0 1.859184714917397 5
0004 0004 4 1671095832479775 -61.8125 -74.5 4.227651051412827 5
0004 0006 4 1671095832481005 0.0 -66.0 4.301282129231338 5
0004 0015 4 1671095832481915 -32.5 -68.0 0.9817477042468103 5
0004 0000 4 1671095832482894 -110.625 -70.0 3.902447124381071 5
0004 0007 4 1671095832484553 39.0 -68.5 0.6565437772150544 5
0004 0005 4 1671095832486736 -6.5 -60.0 5.700272607783043 5
0004 0014 5 1671095832516820 -78.0625 -70.5 4.344233591292136 5
0004 0015 5 1671095832519213 35.75 -63.5 3.5833791205008576 5
0004 0015 6 1671095832545925 -93.5625 -70.5 4.871922982324796 5
0004 0014 6 1671095832547995 91.125 -66.5 1.3928545554001621 5
0004 0004 6 1671095832550741 3.25 -72.0 1.88986433067511 5
0004 0006 6 1671095832551680 113.875 -71.5 5.338253141842031 5
0004 0006 7 1671095832576146 -22.75 -60.5 3.890175278077986 5
0004 0005 7 1671095832577523 120.4375 -69.5 1.1290098598838318 5
0004 0014 7 1671095832578485 -22.75 -67.0 6.135923151542564 5
0004 0008 7 1671095832580168 -45.5625 -64.0 2.073942025221387 5
0004 0009 7 1671095832581133 -110.625 -65.5 1.3621749396424494 5
0004 0015 7 1671095832583384 84.625 -66.5 5.178719139901925 5
0004 0002 7 1671095832584804 39.0 -69.0 2.466641106920111 5
0004 0001 7 1671095832586293 -48.8125 -63.5 4.97623367590102 5
0004 0002 8 1671095832616878 29.25 -64.0 3.160000423044421 5
0004 0004 8 1671095832618166 6.5 -65.5 1.3499030933393643 5
0004 0006 8 1671095832619059 -13.0 -61.0 2.2641556429192065 5
0004 0014 8 1671095832620291 -61.8125 -66.0 4.061981126321178 5
0004 0000 8 1671095832621510 81.375 -71.0 2.6998061866787286 5
0004 0003 8 1671095832622718 -32.5 -72.0 2.7979809571034093 5
0004 0013 8 1671095832625658 0.0 -64.0 0.6013204688511713 5
0004 0007 8 1671095832627475 81.375 -73.5 0.944932165337555 5
0004 0008 8 1671095832628407 -9.75 -67.5 3.724505352986337 5
0004 0014 1 1671095832846157 61.8125 -65.0 1.043106935762236 5
0004 0007 1 1671095832847121 81.375 -63.5 0.607456392002714 5
0004 0004 1 1671095832848326 26.0 -66.0 0.6258641614573416 5
0004 0012 1 1671095832849546 84.625 -68.0 1.2026409377023426 5
0004 0003 1 1671095832851728 6.5 -68.5 4.123340357836604 5
0004 0006 1 1671095832852693 -19.5 -57.5 5.964117303299373 5
0004 0008 1 1671095832854254 -22.75 -61.5 2.779573187648782 5
0004 0001 1 1671095832855229 -30.875 -56.5 5.71868037723767 5
0004 0002 1 1671095832856931 29.25 -63.5 3.5281558121369745 5
0004 0015 1 1671095832858107 192.0 -70.0 1.761009944492716 5
0004 0000 1 1671095832860290 16.25 -71.5 1.576932249946439 5
0004 0007 2 1671095832886131 87.875 -62.5 2.662990647769473 5
0004 0004 2 1671095832887309 -182.25 -69.5 4.540583132141498 5
0004 0005 2 1671095832888541 48.8125 -68.5 5.031456984264903 5
0004 0006 2 1671095832889697 0.0 -57.5 3.6999616603801666 5
0004 0015 2 1671095832891144 -52.0625 -63.5 0.006135923151542565 5
0004 0013 2 1671095832892078 91.125 -60.5 3.2765829629237295 5
0004 0003 2 1671095832893514 -26.0 -69.5 3.7981364308048478 5
0004 0001 2 1671095832894801 -21.125 -64.5 5.049864753719531 5
0004 0002 2 1671095832895753 -9.75 -64.0 0.9940195505498954 5
0004 0011 2 1671095832897919 -13.8125 -70.0 0.04295146206079795 5
0004 0015 3 1671095832928423 55.3125 -65.0 5.264622064023521 5
0004 0001 3 1671095832929863 -41.5 -61.0 3.104777114680538 5
0004 0005 3 1671095832930930 -211.5625 -68.5 3.313398501832985 5
0004 0007 3 1671095832932976 71.5625 -72.0 5.080544369477243 5
0004 0004 3 1671095832934419 -201.8125 -67.0 2.8102528034064944 5
0004 0015 4 1671095832955823 -48.8125 -68.5 0.8283496254582462 5
0004 0007 4 1671095832957069 0.0 -68.0 0.6013204688511713 5
0004 0006 4 1671095832958236 6.5 -66.5 4.374913207049849 5
0004 0010 4 1671095832961285 -201.8125 -72.0 3.215223731408304 5
0004 0005 4 1671095832962204 -6.5 -60.5 5.534602682691394 5
0004 0014 4 1671095832963170 97.625 -66.0 1.7855536370988863 5
0004 0008 4 1671095832964315 9.75 -55.5 6.062292073724054 5
0004 0000 4 1671095832970380 -227.8125 -71.0 3.9147189706841563 5
0004 0015 5 1671095832996897 -6.5 -63.5 3.6201946594101133 5
0004 0014 5 1671095832999896 -55.3125 -68.5 4.123340357836604 5
0004 0014 6 1671095833026110 -19.5 -67.0 1.5278448647340985 5
0004 0015 6 1671095833027542 -65.0625 -70.5 4.871922982324796 5
0004 0004 6 1671095833028502 6.5 -71.5 1.705786636128833 5
0004 0015 7 1671095833056931 110.625 -67.0 5.0253210611133605 5
0004 0002 7 1671095833057968 35.75 -69.5 2.061670178918302 5
0004 0005 7 1671095833058890 -29.25 -68.5 1.423534171157875 5
0004 0006 7 1671095833059826 -78.0625 -61.0 4.080388895775806 5
0004 0014 7 1671095833061280 -19.5 -66.5 6.154330920997192 5
0004 0001 7 1671095833063069 152.9375 -63.5 4.7307967498393175 5
0004 0009 7 1671095833064016 48.8125 -65.5 1.2762720155208536 5
0004 0008 7 1671095833064963 -22.75 -64.0 2.1353012567368124 5
0004 0007 8 1671095833085849 -68.3125 -72.5 0.944932165337555 5
0004 0008 8 1671095833089148 -16.25 -67.5 3.77972866135022 5
0004 0006 8 1671095833090128 52.0625 -61.0 2.2089323345553233 5
0004 0002 8 1671095833091063 9.75 -63.5 3.153864499892878 5
0004 0013 8 1671095833092706 39.0 -64.0 0.5767767762450011 5
0004 0004 8 1671095833094319 58.5625 -65.0 1.2640001692177683 5
0004 0014 8 1671095833096838 -22.75 -66.5 3.9699422790480394 5
0004 0003 8 1671095833098343 107.375 -71.5 2.552544031041707 5
0004 0000 8 1671095833099232 3.25 -73.0 2.816388726558037 5
0004 0002 1 1671095833315848 32.5 -64.0 3.749049045592507 5
0004 0006 1 1671095833317545 -6.5 -58.0 6.043884304269426 5
0004 0003 1 1671095833318556 -13.0 -68.0 4.295146206079795 5
0004 0015 1 1671095833319760 26.0 -69.5 2.055534255766759 5
0004 0008 1 1671095833321203 -10.5625 -61.0 2.9084275738311756 5
0004 0004 1 1671095833322672 26.0 -65.5 0.8160777791551611 5
0004 0001 1 1671095833323616 3.25 -56.0 5.853670686571607 5
0004 0012 1 1671095833324881 13.0 -68.0 1.2640001692177683 5
0004 0014 1 1671095833326056 19.5 -64.5 1.1965050145508 5
0004 0007 1 1671095833327958 61.8125 -63.5 0.8713010875190442 5
0004 0000 1 1671095833330159 45.5625 -73.5 1.41126232485479 5
0004 0003 2 1671095833356432 61.8125 -70.0 3.6386024288647407 5
0004 0001 2 1671095833357592 55.3125 -64.5 4.95168998329485 5
0004 0002 2 1671095833359354 35.75 -63.5 1.1474176293384597 5
0004 0013 2 1671095833360343 6.5 -60.5 3.5956509668039427 5
0004 0015 2 1671095833361279 -52.0625 -64.0 0.14726215563702155 5
0004 0006 2 1671095833362268 9.75 -57.5 3.810408277107933 5
0004 0011 2 1671095833363240 0.0 -69.0 0.1902136176978195 5
0004 0005 2 1671095833364664 -104.125 -68.5 5.712544454086128 5
0004 0007 2 1671095833366624 55.3125 -62.0 2.8838838812250054 5
0004 0004 2 1671095833367959 29.25 -69.0 4.503767593232243 5
0004 0005 3 1671095833395958 -133.4375 -67.5 3.141592653589793 5
0004 0004 3 1671095833397147 91.125 -67.5 2.4605051837685683 5
0004 0001 3 1671095833398574 -24.375 -60.5 3.104777114680538 5
0004 0015 3 1671095833400474 -123.6875 -65.5 5.43029198911517 5
0004 0007 3 1671095833402785 35.75 -71.5 4.994641445355648 5
0004 0015 4 1671095833426147 16.25 -69.5 0.8160777791551611 5
0004 0000 4 1671095833427926 162.75 -71.0 3.2704470397721868 5
0004 0014 4 1671095833428887 19.5 -65.5 1.8653206380689396 5
0004 0008 4 1671095833429836 -16.25 -55.5 6.117515382087937 5
0004 0005 4 1671095833431536 -26.0 -60.5 5.522330836388308 5
0004 0006 4 1671095833433067 9.75 -66.5 4.381049130201391 5
0004 0007 4 1671095833434048 35.75 -68.5 0.47860200582032003 5
0004 0010 4 1671095833438180 -6.5 -71.5 2.779573187648782 5
0004 0015 5 1671095833467887 -13.0 -63.5 3.4913402732277192 5
0004 0014 5 1671095833469829 0.0 -70.0 4.368777283898306 5
0004 0004 6 1671095833496132 97.625 -70.5 1.423534171157875 5
0004 0014 6 1671095833499601 39.0 -66.0 1.4173982480063325 5
0004 0015 6 1671095833501771 -81.375 -70.5 4.92714629068868 5
