0004 0006 1 1671095844245867 -9.75 -58.5 6.1420590746941075 5
0004 0012 1 1671095844247937 -6.5 -69.5 1.055378782065321 5
0004 0001 1 1671095844248827 -17.0625 -57.0 5.712544454086128 5
0004 0007 1 1671095844249765 42.3125 -64.5 0.8958447801252144 5
0004 0004 1 1671095844250672 126.9375 -68.5 0.8406214717613314 5
0004 0008 1 1671095844253375 -22.75 -59.5 2.60776733940559 5
0004 0014 1 1671095844255258 78.0625 -65.0 1.1290098598838318 5
0004 0002 1 1671095844256765 -35.75 -64.5 4.074252972624263 5
0004 0000 1 1671095844258817 -6.5 -70.5 1.0062913968529805 5
0004 0015 1 1671095844259780 21.125 -70.5 2.2457478734645786 5
0004 0003 1 1671095844260690 65.0625 -67.0 4.031301510563465 5
0004 0001 2 1671095844286521 -62.625 -67.0 4.957825906446392 5
0004 0006 2 1671095844287739 -35.75 -58.5 4.049709280018092 5
0004 0002 2 1671095844289255 -39.0 -64.0 1.423534171157875 5
0004 0013 2 1671095844290188 13.0 -63.0 2.043262409463674 5
0004 0015 2 1671095844291658 3.25 -62.5 0.17794177139473438 5
0004 0005 2 1671095844295333 -68.3125 -68.0 5.688000761479957 5
0004 0007 2 1671095844296314 104.125 -63.5 2.773437264497239 5
0004 0011 2 1671095844305638 -97.625 -70.5 0.3620194659410113 5
0004 0001 3 1671095844335817 17.0625 -60.5 3.32567034813607 5
0004 0015 3 1671095844337007 104.125 -64.5 5.074408446325701 5
0004 0005 3 1671095844338183 -19.5 -69.0 2.859340188618835 5
0004 0004 3 1671095844342398 120.4375 -69.5 2.9145634969827183 5
0004 0007 3 1671095844348339 149.6875 -72.0 5.105088062083414 5
0004 0005 4 1671095844376170 13.0 -61.0 5.5714182216006485 5
0004 0015 4 1671095844379181 107.375 -69.0 0.6442719309119693 5
0004 0006 4 1671095844380768 -16.25 -67.0 4.565126824747668 5
0004 0000 4 1671095844381734 -152.9375 -72.0 4.448544284868359 5
0004 0014 4 1671095844382697 87.875 -66.0 1.8039614065535141 5
0004 0008 4 1671095844383645 22.75 -56.0 6.258641614573416 5
0004 0007 4 1671095844385020 68.3125 -69.0 0.4970097752749477 5
0004 0015 5 1671095844416084 32.5 -63.5 3.4054373491061236 5
0004 0014 5 1671095844419005 3.25 -70.5 4.129476280988146 5
0004 0015 6 1671095844446171 -52.0625 -70.5 4.871922982324796 5
0004 0004 6 1671095844447134 104.125 -69.0 1.239456476611598 5
0004 0014 6 1671095844449427 0.0 -66.5 1.3192234775816514 5
0004 0015 7 1671095844475901 13.0 -66.5 5.1725832167503825 5
0004 0014 7 1671095844477093 -110.625 -67.0 6.092971689481767 5
0004 0005 7 1671095844478014 84.625 -71.0 0.8344855486097889 5
0004 0006 7 1671095844478991 -16.25 -61.0 3.8963112012295285 5
0004 0002 7 1671095844480215 94.375 -70.0 1.6444274046134073 5
0004 0008 7 1671095844481178 -48.8125 -62.0 1.6382914814618648 5
0004 0009 7 1671095844483874 -55.3125 -67.0 1.086058397823034 5
0004 0001 7 1671095844485192 -65.0625 -65.5 4.479223900626073 5
0004 0007 8 1671095844507285 19.5 -73.0 0.5399612373357456 5
0004 0004 8 1671095844509085 3.25 -65.0 1.0983302441261191 5
0004 0006 8 1671095844509994 19.5 -61.5 2.2518837966161214 5
0004 0003 8 1671095844511174 -123.6875 -72.0 2.8409324191642074 5
0004 0000 8 1671095844512136 -42.3125 -72.5 3.0250101137104846 5
0004 0014 8 1671095844513030 -39.0 -66.5 3.9269908169872414 5
0004 0002 8 1671095844514054 -29.25 -65.0 2.0923497946760143 5
0004 0013 8 1671095844515270 -9.75 -65.0 5.283029833478148 5
0004 0008 1 1671095844727198 45.5625 -59.0 2.313243028131547 5
0004 0014 1 1671095844730050 -9.75 -64.5 1.2333205534600555 5
0004 0002 1 1671095844732138 16.25 -64.0 3.54042765844006 5
0004 0006 1 1671095844733100 -9.75 -58.5 6.068427996875596 5
0004 0003 1 1671095844734563 -133.4375 -67.5 4.313553975534423 5
0004 0015 1 1671095844735539 29.25 -70.5 2.3071071049800045 5
0004 0001 1 1671095844736470 13.8125 -57.5 5.553010452146021 5
0004 0004 1 1671095844737376 -3.25 -68.0 1.0737865515199487 5
0004 0000 1 1671095844738740 -117.125 -71.5 1.0799224746714913 5
0004 0007 1 1671095844740284 6.5 -64.5 0.8528933180644165 5
0004 0012 1 1671095844741194 104.125 -72.0 0.6320000846088841 5
0004 0005 2 1671095844766715 205.0625 -67.5 5.473243451175968 5
0004 0006 2 1671095844767718 -22.75 -59.0 3.9638063558964967 5
0004 0007 2 1671095844768866 81.375 -64.0 2.650718801466388 5
0004 0001 2 1671095844770785 10.5625 -66.0 4.798291904506286 5
0004 0002 2 1671095844772479 32.5 -64.0 0.9142525495798421 5
0004 0013 2 1671095844773786 35.75 -63.0 1.8775924843720249 5
0004 0015 2 1671095844774962 55.3125 -63.5 0.07976700097005335 5
0004 0011 2 1671095844779638 10.5625 -69.5 0.2638446955163303 5
0004 0003 2 1671095844782351 214.8125 -69.5 3.32567034813607 5
0004 0015 3 1671095844805827 -84.625 -65.5 5.411884219660542 5
0004 0001 3 1671095844807482 -34.9375 -61.0 3.3502140407422405 5
0004 0005 3 1671095844809525 -74.8125 -69.0 3.1661363461959633 5
0004 0007 3 1671095844811327 -335.25 -70.0 5.921165841238575 5
0004 0004 3 1671095844812230 -19.5 -67.0 2.84706834231575 5
0004 0005 4 1671095844835858 -13.0 -60.5 5.651185222570702 5
0004 0014 4 1671095844838460 6.5 -65.5 2.000310947402876 5
0004 0006 4 1671095844839424 6.5 -66.0 4.540583132141498 5
0004 0007 4 1671095844840631 19.5 -69.0 0.5583690067903734 5
0004 0008 4 1671095844841777 29.25 -56.0 6.252505691421874 5
0004 0000 4 1671095844848250 35.75 -71.0 3.9760782021995817 5
0004 0015 4 1671095844850233 39.0 -68.5 0.7240389318820226 5
0004 0015 5 1671095844876326 -39.0 -63.5 3.552699504743145 5
0004 0014 5 1671095844880123 6.5 -69.5 4.0558452031696355 5
0004 0004 6 1671095844907461 -16.25 -70.0 1.4848934026733007 5
0004 0014 6 1671095844908412 -35.75 -66.5 1.5462526341887264 5
0004 0015 6 1671095844909841 38.1875 -69.5 4.841243366567084 5
0004 0008 7 1671095844936360 35.75 -61.5 1.41126232485479 5
0004 0006 7 1671095844937563 3.25 -61.5 3.877903431774901 5
0004 0005 7 1671095844938530 -61.8125 -72.0 1.1596894756415448 5
0004 0001 7 1671095844939576 17.0625 -65.0 4.601942363656923 5
0004 0009 7 1671095844941036 -32.5 -66.0 0.9878836273983529 5
0004 0015 7 1671095844942663 -16.25 -66.0 5.289165756629691 5
0004 0014 7 1671095844943629 -35.75 -67.0 6.080699843178682 5
0004 0002 7 1671095844946868 -39.0 -70.0 1.718058482431918 5
0004 0013 8 1671095844965946 -39.0 -65.5 5.184855063053467 5
0004 0000 8 1671095844967390 19.5 -72.0 3.000466421104314 5
0004 0014 8 1671095844968297 -13.0 -66.5 3.810408277107933 5
0004 0006 8 1671095844969269 0.0 -61.5 2.2457478734645786 5
0004 0007 8 1671095844970947 -13.0 -73.0 0.6504078540635119 5
0004 0004 8 1671095844971867 19.5 -64.0 1.0615147052168636 5
0004 0003 8 1671095844973032 55.3125 -71.0 2.5464081078901644 5
0004 0002 8 1671095844974439 -35.75 -65.0 2.1353012567368124 5
0004 0015 1 1671095845195920 0.0 -71.0 2.2764274892222915 5
0004 0001 1 1671095845197351 -3.25 -58.0 5.589825991055276 5
0004 0008 1 1671095845199351 -19.5 -59.0 2.435961491162398 5
0004 0014 1 1671095845201197 -58.5625 -64.5 1.3928545554001621 5
0004 0006 1 1671095845202116 16.25 -58.5 6.056156150572511 5
0004 0003 1 1671095845203068 -19.5 -68.0 4.049709280018092 5
0004 0007 1 1671095845204440 58.5625 -65.0 0.7731263170943632 5
0004 0012 1 1671095845205602 -29.25 -70.5 0.9203884727313847 5
0004 0004 1 1671095845206564 3.25 -68.5 1.030835089459151 5
0004 0002 1 1671095845209032 -29.25 -64.0 3.5772431973493153 5
0004 0000 1 1671095845212188 -52.0625 -73.0 0.9878836273983529 5
0004 0005 2 1671095845235816 -81.375 -68.0 5.632777453116074 5
0004 0006 2 1671095845237232 3.25 -59.0 3.9147189706841563 5
0004 0013 2 1671095845238908 65.0625 -63.0 1.6935147898257479 5
0004 0011 2 1671095845240322 149.6875 -70.5 6.092971689481767 5
0004 0007 2 1671095845241241 6.5 -64.0 2.6200391857086753 5
0004 0002 2 1671095845243540 -19.5 -65.0 0.8897088569736719 5
0004 0015 2 1671095845246249 52.0625 -63.0 0.07363107781851078 5
0004 0001 2 1671095845247762 183.875 -66.5 4.657165672020807 5
0004 0003 2 1671095845252271 -384.0625 -71.5 4.0558452031696355 5
0004 0005 3 1671095845276188 48.8125 -68.5 2.9636508821950587 5
0004 0001 3 1671095845285131 -48.8125 -61.0 3.466796580621549 5
0004 0015 3 1671095845286603 -22.75 -65.5 5.344389064993574 5
0004 0004 3 1671095845287551 3.25 -68.0 2.8654761117703775 5
0004 0007 3 1671095845299231 32.5 -73.5 5.166447293598839 5
0004 0005 4 1671095845328377 -9.75 -60.5 5.6941366846315 5
0004 0008 4 1671095845329881 -26.0 -56.0 0.0859029241215959 5
0004 0000 4 1671095845331765 -107.375 -71.5 4.184699589352029 5
0004 0014 4 1671095845333167 68.3125 -66.0 1.9634954084936207 5
0004 0015 4 1671095845334327 55.3125 -68.0 0.6688156235181395 5
0004 0006 4 1671095845335260 -9.75 -66.5 4.595806440505381 5
0004 0007 4 1671095845336199 35.75 -69.0 0.5276893910326605 5
0004 0015 5 1671095845367234 26.0 -64.0 3.466796580621549 5
0004 0014 5 1671095845369853 -110.625 -71.0 4.215379205109742 5
0004 0014 6 1671095845397417 -26.0 -67.5 1.521708941582556 5
0004 0015 6 1671095845398390 -7.3125 -71.0 4.749204519293945 5
0004 0004 6 1671095845400122 45.5625 -69.5 1.380582709097077 5
0004 0008 7 1671095845426368 -9.75 -62.5 1.564660403643354 5
0004 0014 7 1671095845427959 32.5 -68.0 5.8475347634200645 5
0004 0006 7 1671095845429403 -55.3125 -61.5 3.792000507653305 5
0004 0002 7 1671095845430582 -94.375 -70.0 1.9880391010997909 5
0004 0015 7 1671095845431814 65.0625 -66.0 5.105088062083414 5
0004 0009 7 1671095845433408 22.75 -65.5 0.662679700366597 5
0004 0001 7 1671095845434383 7.3125 -66.0 4.546719055293041 5
0004 0005 7 1671095845435451 -94.375 -70.0 1.2885438618239387 5
0004 0013 8 1671095845455876 13.0 -67.0 4.957825906446392 5
0004 0006 8 1671095845457068 45.5625 -61.0 2.073942025221387 5
0004 0002 8 1671095845458756 -19.5 -65.0 2.012582793705961 5
0004 0014 8 1671095845460681 3.25 -67.0 3.9147189706841563 5
0004 0007 8 1671095845462116 -68.3125 -72.5 0.19634954084936207 5
0004 0004 8 1671095845463079 29.25 -65.5 1.0185632431560658 5
0004 0003 8 1671095845464117 113.875 -72.5 2.478912953223196 5
0004 0000 8 1671095845467477 -71.5625 -74.0 3.031146036862027 5
0004 0002 1 1671095845675948 -13.0 -64.5 3.399301425954581 5
0004 0008 1 1671095845677137 -9.75 -59.0 2.2764274892222915 5
0004 0014 1 1671095845678527 -13.0 -65.0 1.2517283229146832 5
0004 0001 1 1671095845679472 -7.3125 -58.0 5.497787143782138 5
0004 0007 1 1671095845680396 -26.0 -65.0 0.8713010875190442 5
0004 0006 1 1671095845681612 -19.5 -58.5 6.050020227420969 5
0004 0004 1 1671095845683059 97.625 -69.0 0.8222137023067037 5
0004 0013 1 1671095845685425 -97.625 -71.5 6.050020227420969 5
0004 0015 1 1671095845686344 -22.75 -71.0 2.3009711818284617 5
0004 0000 1 1671095845687310 26.0 -71.5 0.7792622402459057 5
0004 0003 1 1671095845689299 -58.5625 -68.0 4.000621894805752 5
0004 0012 1 1671095845690232 -13.0 -71.5 0.8160777791551611 5
0004 0013 2 1671095845716339 -84.625 -63.5 1.9757672547967058 5
0004 0002 2 1671095845718154 -9.75 -64.0 0.8835729338221293 5
0004 0005 2 1671095845719798 -100.875 -67.5 5.368932757599744 5
0004 0001 2 1671095845721010 -21.125 -66.0 4.601942363656923 5
0004 0007 2 1671095845721918 -162.75 -63.5 3.0372819600135696 5
0004 0015 2 1671095845722962 6.5 -63.0 0.05522330836388308 5
0004 0006 2 1671095845724393 -6.5 -59.0 3.9085830475326135 5
0004 0011 2 1671095845725863 -19.5 -71.0 0.4295146206079795 5
0004 0003 2 1671095845735717 -305.9375 -69.5 3.877903431774901 5
0004 0004 3 1671095845765838 78.0625 -66.5 2.6384469551633027 5
0004 0001 3 1671095845767491 -13.8125 -61.0 3.5711072741977725 5
0004 0015 3 1671095845769346 74.8125 -65.5 5.166447293598839 5
0004 0005 3 1671095845771525 113.875 -68.5 2.9697868053466014 5
0004 0008 4 1671095845796335 -13.0 -56.0 0.05522330836388308 5
0004 0014 4 1671095845798607 -45.5625 -66.5 2.116893487282185 5
0004 0015 4 1671095845800177 26.0 -68.5 0.6320000846088841 5
0004 0006 4 1671095845801559 0.0 -67.0 4.6878452877785195 5
0004 0000 4 1671095845802542 35.75 -72.0 4.178563666200486 5
0004 0005 4 1671095845804200 -13.0 -60.0 5.730952223540755 5
0004 0007 4 1671095845805988 9.75 -69.5 0.521553467881118 5
0004 0014 5 1671095845839502 -107.375 -69.5 4.313553975534423 5
0004 0015 5 1671095845840432 -16.25 -63.5 3.54042765844006 5
0004 0014 6 1671095845868306 26.0 -67.0 1.5155730184310134 5
0004 0015 6 1671095845873437 -29.25 -70.5 4.8351074434155406 5
0004 0004 6 1671095845874387 -52.0625 -70.5 1.6321555583103222 5
0004 0015 7 1671095845895903 22.75 -67.0 5.190990986205009 5
0004 0002 7 1671095845897054 13.0 -69.0 1.7732817907958012 5
0004 0006 7 1671095845898483 6.5 -61.5 3.6876898140770815 5
0004 0014 7 1671095845899903 97.625 -67.5 5.822991070813893 5
0004 0009 7 1671095845900794 35.75 -65.0 0.705631162427395 5
0004 0001 7 1671095845903572 107.375 -65.0 4.3503695144436785 5
0004 0008 7 1671095845904729 9.75 -62.5 1.4173982480063325 5
0004 0005 7 1671095845906104 -16.25 -71.0 0.8958447801252144 5
0004 0004 8 1671095845936125 35.75 -65.0 1.012427320004523 5
0004 0003 8 1671095845937065 65.0625 -71.5 2.466641106920111 5
0004 0014 8 1671095845938481 -16.25 -66.5 3.890175278077986 5
0004 0006 8 1671095845940155 65.0625 -61.5 2.141437179888355 5
0004 0000 8 1671095845941087 -9.75 -73.0 2.8286605728611223 5
0004 0002 8 1671095845942057 52.0625 -65.0 2.018718716857504 5
0004 0013 8 1671095845943541 -16.25 -68.0 5.006913291658733 5
0004 0007 8 1671095845946823 -87.875 -72.0 0.6320000846088841 5
0004 0012 1 1671095846156385 45.5625 -70.5 0.6994952392758523 5
0004 0001 1 1671095846157361 -59.375 -58.0 5.47937937432751 5
0004 0008 1 1671095846158535 6.5 -59.0 2.2334760271614935 5
0004 0004 1 1671095846159773 39.0 -69.5 0.9510680884890975 5
0004 0007 1 1671095846160752 78.0625 -65.0 0.6135923151542565 5
0004 0000 1 1671095846161885 94.375 -71.5 0.5338253141842031 5
0004 0006 1 1671095846162863 6.5 -58.5 6.043884304269426 5
0004 0013 1 1671095846164538 -107.375 -71.0 5.700272607783043 5
0004 0003 1 1671095846167698 -35.75 -67.5 3.8288160465625602 5
0004 0002 1 1671095846168877 13.0 -65.5 3.3379421944391554 5
0004 0014 1 1671095846169856 45.5625 -65.0 1.1658253987930873 5
0004 0015 1 1671095846170935 229.4375 -69.5 1.8285050991596843 5
0004 0015 2 1671095846197162 3.25 -63.5 0.2086213871524472 5
0004 0005 2 1671095846199003 -159.5 -66.5 5.516194913236766 5
0004 0001 2 1671095846202178 -76.4375 -68.0 4.853515212870168 5
0004 0006 2 1671095846203693 3.25 -58.5 3.6386024288647407 5
0004 0007 2 1671095846205011 -123.6875 -63.5 2.767301341345697 5
0004 0002 2 1671095846205919 16.25 -64.5 0.7792622402459057 5
0004 0013 2 1671095846207337 130.1875 -63.5 1.4664856332186729 5
0004 0011 2 1671095846212709 -26.0 -70.0 6.22182607566416 5
0004 0005 3 1671095846238716 185.5 -69.5 2.650718801466388 5
0004 0015 3 1671095846239689 22.75 -65.0 5.258486140871978 5
0004 0001 3 1671095846240636 -13.8125 -61.0 3.552699504743145 5
0004 0004 3 1671095846241696 0.0 -68.0 2.675262494072558 5
0004 0015 4 1671095846275798 13.0 -68.5 0.7669903939428205 5
0004 0014 4 1671095846277247 29.25 -66.5 2.000310947402876 5
0004 0008 4 1671095846278253 -29.25 -56.0 0.030679615757712823 5
0004 0013 4 1671095846280885 45.5625 -73.5 0.6872233929727672 5
0004 0000 4 1671095846282048 172.5 -71.5 4.006757817957295 5
0004 0007 4 1671095846282968 -9.75 -69.0 0.5092816215780329 5
0004 0005 4 1671095846284403 32.5 -60.5 5.632777453116074 5
0004 0006 4 1671095846288604 -35.75 -67.0 4.571262747899211 5
0004 0015 5 1671095846317924 84.625 -63.0 3.429981041712294 5
0004 0014 5 1671095846318987 -78.0625 -70.0 4.3503695144436785 5
0004 0014 6 1671095846345864 -6.5 -67.0 1.5892040962495242 5
0004 0015 6 1671095846348458 -74.8125 -71.5 4.908738521234052 5
0004 0004 6 1671095846349778 78.0625 -69.5 1.6014759425526093 5
0004 0005 7 1671095846376100 110.625 -69.5 1.282407938672396 5
0004 0006 7 1671095846377528 26.0 -61.0 3.6079228131070282 5
0004 0014 7 1671095846379302 -26.0 -67.5 5.982525072754001 5
0004 0008 7 1671095846380704 35.75 -62.5 1.6444274046134073 5
0004 0002 7 1671095846383357 97.625 -69.5 1.7119225592803755 5
0004 0015 7 1671095846384291 100.875 -67.0 5.141903600992669 5
0004 0001 7 1671095846386448 -45.5625 -66.0 4.565126824747668 5
0004 0009 7 1671095846387368 26.0 -65.5 0.8099418560036186 5
0004 0000 8 1671095846408599 110.625 -73.0 2.7857091108003242 5
0004 0013 8 1671095846409620 -29.25 -66.5 5.178719139901925 5
0004 0004 8 1671095846410567 6.5 -64.5 1.086058397823034 5
0004 0006 8 1671095846411517 19.5 -60.5 2.184388641949153 5
0004 0014 8 1671095846412766 -130.1875 -66.5 3.9944859716542096 5
0004 0002 8 1671095846413732 32.5 -65.5 2.0800779483729293 5
0004 0003 8 1671095846416201 -146.4375 -71.5 2.748893571891069 5
0004 0013 1 1671095846636105 -29.25 -72.5 5.688000761479957 5
0004 0014 1 1671095846637550 -6.5 -64.5 1.2026409377023426 5
0004 0008 1 1671095846639461 -13.0 -59.0 2.12916533358527 5
0004 0001 1 1671095846640418 0.0 -58.0 5.2339424482658075 5
0004 0015 1 1671095846641357 -65.0625 -71.0 2.36846633649543 5
0004 0006 1 1671095846642560 -22.75 -58.5 5.915029918087033 5
0004 0007 1 1671095846643824 26.0 -64.5 0.5583690067903734 5
0004 0002 1 1671095846644818 26.0 -64.5 3.08636934522591 5
0004 0004 1 1671095846649683 42.3125 -70.5 0.6810874698212247 5
0004 0003 1 1671095846650721 -71.5625 -66.5 3.6876898140770815 5
0004 0012 1 1671095846651667 -6.5 -71.0 0.5338253141842031 5
0004 0000 1 1671095846652602 55.3125 -70.5 0.4663301595172349 5
0004 0005 2 1671095846675844 -78.0625 -67.0 5.301437602932776 5
0004 0013 2 1671095846676749 -48.8125 -62.5 1.8530487917658545 5
0004 0007 2 1671095846678658 19.5 -63.0 2.4850488763747385 5
0004 0015 2 1671095846680315 35.75 -63.0 0.1718058482431918 5
0004 0006 2 1671095846681986 22.75 -59.5 3.485204350076177 5
0004 0001 2 1671095846682949 38.1875 -68.0 4.448544284868359 5
0004 0002 2 1671095846684325 22.75 -64.0 0.521553467881118 5
0004 0011 2 1671095846687528 -177.375 -68.5 6.277049384028044 5
0004 0001 3 1671095846717751 -21.125 -61.5 3.429981041712294 5
0004 0015 3 1671095846718728 -87.875 -64.5 5.418020142812084 5
0004 0004 3 1671095846720962 192.0 -67.5 2.3071071049800045 5
0004 0005 3 1671095846722550 87.875 -69.5 2.8532042654672924 5
0004 0007 4 1671095846746668 -3.25 -69.0 0.4908738521234052 5
0004 0008 4 1671095846747617 -3.25 -56.0 6.270913460876501 5
0004 0005 4 1671095846750875 32.5 -60.5 5.632777453116074 5
0004 0014 4 1671095846752260 3.25 -66.0 2.030990563160589 5
0004 0006 4 1671095846753480 -16.25 -66.0 4.460816131171445 5
0004 0015 4 1671095846755106 -78.0625 -68.5 0.9142525495798421 5
0004 0013 4 1671095846756138 3.25 -71.0 0.6933593161243098 5
0004 0004 4 1671095846757315 -52.0625 -73.5 4.6448938257177215 5
0004 0000 4 1671095846758249 -16.25 -70.5 4.2092432819582 5
0004 0014 5 1671095846787995 -94.375 -70.5 4.313553975534423 5
0004 0015 5 1671095846789341 -48.8125 -63.5 3.650874275167826 5
0004 0004 6 1671095846816029 -45.5625 -70.5 1.9941750242513334 5
0004 0015 6 1671095846817232 -68.3125 -71.0 4.914874444385594 5
0004 0014 6 1671095846820965 9.75 -66.5 1.5830681730979816 5
0004 0006 7 1671095846847296 -110.625 -61.0 3.822680123411018 5
0004 0001 7 1671095846848241 38.1875 -67.0 4.417864669110647 5
0004 0008 7 1671095846849160 6.5 -62.0 1.736466251886546 5
0004 0005 7 1671095846850098 26.0 -70.5 1.1780972450961724 5
0004 0014 7 1671095846851074 19.5 -67.5 5.8659425328746915 5
0004 0015 7 1671095846852942 117.125 -66.0 5.129631754689584 5
0004 0009 7 1671095846854158 -22.75 -64.5 0.9940195505498954 5
0004 0002 7 1671095846856554 -39.0 -69.5 1.9634954084936207 5
0004 0002 8 1671095846886132 -32.5 -64.5 2.2334760271614935 5
0004 0006 8 1671095846887973 16.25 -61.0 2.1659808724945253 5
0004 0004 8 1671095846888892 6.5 -65.0 1.1351457830353744 5
0004 0014 8 1671095846890113 -42.3125 -66.5 3.847223816017188 5
0004 0003 8 1671095846891052 -58.5625 -72.0 2.804116880254952 5
0004 0013 8 1671095846891980 0.0 -66.5 5.270757987175063 5
0004 0000 8 1671095846893220 -107.375 -72.0 3.098641191528995 5
0004 0002 1 1671095847106001 -13.0 -64.5 3.141592653589793 5
0004 0007 1 1671095847107689 -6.5 -64.5 0.42337869745643697 5
0004 0013 1 1671095847109492 -45.5625 -72.5 5.730952223540755 5
0004 0006 1 1671095847110471 -26.0 -58.5 5.8475347634200645 5
0004 0001 1 1671095847111911 10.5625 -58.0 5.184855063053467 5
0004 0003 1 1671095847112908 -13.0 -67.0 3.4913402732277192 5
0004 0008 1 1671095847113841 -3.25 -58.5 1.8775924843720249 5
0004 0000 1 1671095847115149 -32.5 -71.0 0.3988350048502667 5
0004 0009 1 1671095847116100 -65.0625 -68.0 4.362641360746763 5
0004 0014 1 1671095847118788 35.75 -64.5 1.0983302441261191 5
0004 0004 1 1671095847120023 113.875 -69.5 0.6258641614573416 5
0004 0012 1 1671095847121649 68.3125 -70.5 0.4356505437595221 5
0004 0015 1 1671095847122711 123.6875 -70.5 1.9757672547967058 5
0004 0007 2 1671095847146400 -22.75 -63.0 2.435961491162398 5
0004 0015 2 1671095847149109 -9.75 -63.5 0.17794177139473438 5
0004 0013 2 1671095847150356 -26.0 -62.5 1.718058482431918 5
0004 0006 2 1671095847152025 13.0 -59.5 3.5465635815916023 5
0004 0011 2 1671095847154234 -139.125 -69.0 0.03681553890925539 5
0004 0002 2 1671095847155553 68.3125 -64.0 0.4049709280018093 5
0004 0005 2 1671095847156516 97.625 -66.5 4.884194828627882 5
0004 0001 2 1671095847160566 131.8125 -69.0 4.460816131171445 5
0004 0003 2 1671095847162982 -195.25 -71.5 3.368621810196868 5
0004 0004 3 1671095847192334 120.4375 -68.0 2.313243028131547 5
0004 0001 3 1671095847193534 -30.875 -61.0 3.5772431973493153 5
0004 0005 3 1671095847194486 247.375 -70.0 2.693670263527186 5
0004 0015 3 1671095847196173 48.8125 -65.0 5.141903600992669 5
0004 0007 3 1671095847200551 -471.9375 -70.5 5.688000761479957 5
0004 0015 4 1671095847226148 -42.3125 -68.5 0.8467573949128739 5
0004 0014 4 1671095847227609 -6.5 -66.0 2.067806102069844 5
0004 0000 4 1671095847228788 -97.625 -70.5 4.491495746929157 5
0004 0007 4 1671095847229752 91.125 -69.5 0.30679615757712825 5
0004 0008 4 1671095847230758 -26.0 -56.0 0.04295146206079795 5
0004 0005 4 1671095847231737 -35.75 -60.5 5.749359992995383 5
0004 0013 4 1671095847232700 -68.3125 -70.5 0.7976700097005334 5
0004 0006 4 1671095847234170 6.5 -66.0 4.417864669110647 5
0004 0004 4 1671095847236173 -133.4375 -72.5 4.706253057233147 5
0004 0015 5 1671095847267264 32.5 -63.5 3.5342917352885173 5
0004 0014 5 1671095847269084 -91.125 -70.0 4.252194744018997 5
0004 0015 6 1671095847295853 -61.8125 -71.0 5.056000676871073 5
0004 0004 6 1671095847297867 -26.0 -70.0 1.9266798695843652 5
0004 0014 6 1671095847299270 35.75 -67.5 1.4971652489763858 5
0004 0008 7 1671095847326822 35.75 -62.0 1.6260196351587797 5
0004 0006 7 1671095847328355 -146.4375 -61.5 3.8410878928656453 5
0004 0005 7 1671095847329712 -19.5 -70.5 1.1965050145508 5
0004 0014 7 1671095847330721 162.75 -68.0 5.9088939949354895 5
0004 0009 7 1671095847331925 -104.125 -64.5 1.1719613219446299 5
0004 0001 7 1671095847333241 79.75 -66.5 4.430136515413731 5
0004 0015 7 1671095847335028 117.125 -67.0 5.135767677841127 5
0004 0002 7 1671095847336023 -45.5625 -69.5 2.1659808724945253 5
0004 0006 8 1671095847355870 68.3125 -60.5 2.1598449493429825 5
0004 0004 8 1671095847356846 32.5 -64.5 1.1228739367322893 5
0004 0003 8 1671095847360183 198.5625 -72.5 2.184388641949153 5
0004 0014 8 1671095847362100 -39.0 -67.0 3.8533597391687304 5
0004 0000 8 1671095847363333 -32.5 -72.5 3.000466421104314 5
0004 0002 8 1671095847364683 26.0 -64.5 2.1046216409791 5
0004 0013 8 1671095847365887 -32.5 -67.0 5.283029833478148 5
0004 0001 1 1671095847585890 -27.625 -58.0 5.258486140871978 5
0004 0015 1 1671095847586880 -100.875 -71.0 2.227340104009951 5
0004 0006 1 1671095847588364 0.0 -58.5 5.884350302329319 5
0004 0008 1 1671095847591354 -19.5 -58.5 2.055534255766759 5
0004 0009 1 1671095847593280 32.5 -69.0 4.344233591292136 5
0004 0004 1 1671095847594883 -175.75 -70.0 0.9019807032767571 5
0004 0014 1 1671095847595844 3.25 -64.5 1.1719613219446299 5
0004 0012 1 1671095847597265 198.5625 -71.0 0.19634954084936207 5
0004 0003 1 1671095847598200 13.0 -67.0 3.436116964863836 5
0004 0007 1 1671095847599748 48.8125 -65.0 0.36815538909255385 5
0004 0002 1 1671095847600686 -39.0 -65.0 3.153864499892878 5
0004 0000 1 1671095847602365 -3.25 -70.5 0.47860200582032003 5
0004 0005 2 1671095847626850 -19.5 -66.0 5.123495831538041 5
0004 0006 2 1671095847628691 -9.75 -59.0 3.6324665057131984 5
0004 0013 2 1671095847629783 -13.0 -63.0 1.6996507129772904 5
0004 0015 2 1671095847630914 29.25 -63.0 0.14726215563702155 5
0004 0007 2 1671095847633376 39.0 -63.5 2.423689644859313 5
0004 0002 2 1671095847636805 169.25 -64.5 0.4049709280018093 5
0004 0011 2 1671095847638048 -73.1875 -70.0 6.2034183062095325 5
0004 0001 2 1671095847639023 -41.5 -69.0 4.583534594202296 5
0004 0003 2 1671095847640729 -166.0 -71.0 3.3747577333484107 5
0004 0001 3 1671095847667249 -7.3125 -61.5 3.5772431973493153 5
0004 0004 3 1671095847668468 16.25 -67.0 2.5157284921324514 5
0004 0015 3 1671095847670975 13.0 -64.5 5.368932757599744 5
0004 0005 3 1671095847671941 13.0 -70.0 2.8286605728611223 5
0004 0007 3 1671095847673640 -117.125 -72.0 5.460971604872882 5
0004 0014 4 1671095847706082 3.25 -66.0 1.9696313316451632 5
0004 0008 4 1671095847709037 -16.25 -56.0 0.0 5
0004 0005 4 1671095847710014 9.75 -60.5 5.66959299202533 5
0004 0006 4 1671095847711205 -3.25 -67.0 4.424000592262189 5
0004 0013 4 1671095847713897 -74.8125 -72.5 0.6688156235181395 5
0004 0007 4 1671095847715174 123.6875 -69.0 0.22089323345553233 5
0004 0000 4 1671095847716139 -91.125 -71.0 4.246058820867455 5
0004 0015 4 1671095847717506 -16.25 -68.0 0.7240389318820226 5
0004 0015 5 1671095847745844 -29.25 -63.5 3.6079228131070282 5
0004 0014 5 1671095847746963 74.8125 -70.5 4.0128937411088375 5
0004 0014 6 1671095847777509 107.375 -67.0 1.41126232485479 5
0004 0004 6 1671095847779069 -35.75 -70.5 1.736466251886546 5
0004 0015 6 1671095847780229 -97.625 -71.0 5.013049214810275 5
0004 0009 7 1671095847805847 -35.75 -65.0 0.9817477042468103 5
0004 0015 7 1671095847806795 104.125 -67.0 5.092816215780329 5
0004 0014 7 1671095847807701 65.0625 -68.0 5.841398840268521 5
0004 0008 7 1671095847808680 104.125 -62.5 1.4971652489763858 5
0004 0001 7 1671095847809640 -52.0625 -67.0 4.491495746929157 5
0004 0006 7 1671095847811082 -6.5 -61.5 3.6999616603801666 5
0004 0002 7 1671095847812306 -39.0 -70.0 2.024854640009046 5
0004 0005 7 1671095847815921 -91.125 -70.5 1.0369710126106935 5
0004 0000 8 1671095847846423 -117.125 -72.5 3.06182565261974 5
0004 0004 8 1671095847847952 3.25 -64.5 1.086058397823034 5
0004 0002 8 1671095847849102 6.5 -66.0 2.1659808724945253 5
0004 0013 8 1671095847851239 74.8125 -67.0 5.086680292628786 5
0004 0006 8 1671095847852669 3.25 -61.0 2.356194490192345 5
0004 0014 8 1671095847853975 -42.3125 -66.5 3.933126740138784 5
0004 0003 8 1671095847856116 130.1875 -71.5 2.5893595699509624 5
0004 0014 1 1671095848066172 113.875 -65.0 1.043106935762236 5
0004 0007 1 1671095848067148 9.75 -65.5 0.5522330836388308 5
0004 0006 1 1671095848069213 -6.5 -59.0 6.007068765360171 5
0004 0015 1 1671095848070646 -78.0625 -71.0 2.337786720737717 5
0004 0012 1 1671095848072302 -87.875 -71.0 0.6933593161243098 5
0004 0002 1 1671095848073225 -13.0 -65.0 3.2765829629237295 5
0004 0000 1 1671095848074189 -16.25 -71.0 0.607456392002714 5
0004 0004 1 1671095848075721 -32.5 -69.5 0.6258641614573416 5
0004 0003 1 1671095848076944 -35.75 -67.0 3.6570101983193686 5
0004 0009 1 1671095848077951 91.125 -69.5 4.338097668140593 5
0004 0008 1 1671095848079381 -22.75 -58.5 2.2027964114037806 5
0004 0001 1 1671095848080357 38.1875 -58.0 5.240078371417351 5
0004 0002 2 1671095848106645 -29.25 -66.0 0.7669903939428205 5
0004 0007 2 1671095848107951 65.0625 -63.0 2.3930100291016 5
0004 0001 2 1671095848108913 -173.3125 -68.0 4.693981210930062 5
0004 0013 2 1671095848110585 97.625 -64.5 1.521708941582556 5
0004 0015 2 1671095848112293 42.3125 -63.5 0.19634954084936207 5
0004 0005 2 1671095848113257 -97.625 -67.0 5.332117218690489 5
0004 0006 2 1671095848114446 13.0 -59.0 3.736777199289422 5
0004 0011 2 1671095848115493 -83.0 -71.0 0.07363107781851078 5
0004 0003 2 1671095848116832 273.375 -72.5 2.890019804376548 5
0004 0001 3 1671095848137479 -45.5625 -61.5 3.6017868899554855 5
0004 0005 3 1671095848140636 104.125 -68.0 2.724349879284899 5
0004 0004 3 1671095848142471 -19.5 -66.0 2.736621725587984 5
0004 0015 3 1671095848144273 78.0625 -65.0 5.117359908386499 5
0004 0007 3 1671095848148228 159.5 -73.0 5.246214294568893 5
0004 0005 4 1671095848176109 19.5 -60.5 5.632777453116074 5
0004 0008 4 1671095848177566 3.25 -56.0 6.264777537724958 5
0004 0006 4 1671095848178542 0.0 -66.0 4.430136515413731 5
0004 0013 4 1671095848179766 58.5625 -73.0 0.44178646691106466 5
0004 0014 4 1671095848180928 -13.0 -65.5 1.945087639038993 5
0004 0015 4 1671095848181862 48.8125 -68.5 0.6504078540635119 5
0004 0007 4 1671095848183733 61.8125 -69.0 0.3865631585471816 5
0004 0000 4 1671095848187361 16.25 -71.5 4.147884050442774 5
0004 0015 5 1671095848219550 -120.4375 -64.0 3.736777199289422 5
0004 0014 5 1671095848220884 -152.9375 -70.0 4.252194744018997 5
0004 0015 6 1671095848245822 -71.5625 -72.0 4.963961829597935 5
0004 0004 6 1671095848248590 -29.25 -69.5 1.6996507129772904 5
0004 0014 6 1671095848249907 6.5 -67.0 1.509437095279471 5
0004 0002 7 1671095848276934 159.5 -68.5 1.6260196351587797 5
0004 0006 7 1671095848277911 13.0 -61.0 3.663146121470911 5
0004 0014 7 1671095848278846 13.0 -68.0 5.896622148632405 5
0004 0015 7 1671095848279781 -100.875 -67.5 5.295301679781233 5
0004 0001 7 1671095848280943 -120.4375 -67.5 4.601942363656923 5
0004 0008 7 1671095848282585 6.5 -62.5 1.6935147898257479 5
0004 0009 7 1671095848283537 -32.5 -65.0 0.9572040116406401 5
0004 0005 7 1671095848286516 -247.375 -71.0 1.5033011721279284 5
0004 0003 8 1671095848317415 58.5625 -71.5 2.5034566458293663 5
0004 0014 8 1671095848318832 -35.75 -67.0 3.8717675086233583 5
0004 0013 8 1671095848320051 -48.8125 -67.0 5.135767677841127 5
0004 0004 8 1671095848321974 68.3125 -65.0 1.0369710126106935 5
0004 0002 8 1671095848322941 32.5 -65.5 2.043262409463674 5
0004 0006 8 1671095848324990 35.75 -61.0 2.2641556429192065 5
0004 0000 8 1671095848327643 -55.3125 -72.5 3.067961575771282 5
0004 0002 1 1671095848545855 35.75 -65.0 3.2704470397721868 5
0004 0006 1 1671095848547899 -35.75 -59.0 6.037748381117884 5
0004 0007 1 1671095848550278 71.5625 -64.5 0.5522330836388308 5
0004 0012 1 1671095848551466 -9.75 -70.5 0.5338253141842031 5
0004 0009 1 1671095848553136 26.0 -69.0 4.491495746929157 5
0004 0003 1 1671095848554359 149.6875 -69.0 3.448388811166921 5
0004 0004 1 1671095848555321 26.0 -70.0 0.8467573949128739 5
0004 0001 1 1671095848556238 3.25 -58.0 5.356660911296659 5
0004 0008 1 1671095848557201 13.0 -59.0 2.1966604882522383 5
0004 0014 1 1671095848558591 42.3125 -64.5 1.1290098598838318 5
0004 0000 1 1671095848560562 -78.0625 -71.5 0.8835729338221293 5
0004 0015 1 1671095848562814 26.0 -71.0 2.1537090261914402 5
0004 0013 2 1671095848585935 29.25 -64.5 1.6751070203711202 5
0004 0002 2 1671095848588233 55.3125 -64.5 0.7240389318820226 5
0004 0011 2 1671095848589222 52.0625 -69.5 0.1227184630308513 5
0004 0007 2 1671095848590425 78.0625 -64.0 2.454369260617026 5
0004 0005 2 1671095848591896 22.75 -68.0 5.123495831538041 5
0004 0015 2 1671095848593467 3.25 -63.5 0.21475731030398976 5
0004 0006 2 1671095848594403 16.25 -59.0 3.761320891895592 5
0004 0001 2 1671095848597925 -131.8125 -68.0 4.73693267299086 5
0004 0003 2 1671095848599335 -240.875 -70.0 3.6140587362585705 5
0004 0001 3 1671095848628881 76.4375 -62.0 3.448388811166921 5
0004 0004 3 1671095848630230 -149.6875 -66.5 2.9759227284981438 5
0004 0005 3 1671095848631631 -78.0625 -69.0 2.8102528034064944 5
0004 0015 3 1671095848633082 0.0 -66.0 5.258486140871978 5
0004 0007 3 1671095848634451 -192.0 -71.0 5.6143696836614465 5
0004 0014 4 1671095848657270 26.0 -66.0 2.0371264863121317 5
0004 0015 4 1671095848660307 81.375 -68.5 0.6013204688511713 5
0004 0005 4 1671095848661466 -9.75 -60.0 5.675728915176872 5
0004 0008 4 1671095848662865 3.25 -56.0 0.006135923151542565 5
0004 0006 4 1671095848664412 -16.25 -66.0 4.454680208019902 5
0004 0013 4 1671095848669570 0.0 -72.5 0.4970097752749477 5
0004 0007 4 1671095848670512 -35.75 -69.0 0.5154175447295755 5
0004 0000 4 1671095848674256 35.75 -71.5 4.2031073588066565 5
0004 0015 5 1671095848698935 32.5 -63.5 3.509748042682347 5
0004 0014 5 1671095848700999 -58.5625 -70.5 4.215379205109742 5
0004 0015 6 1671095848726603 81.375 -71.0 4.816699673960914 5
0004 0004 6 1671095848728388 -6.5 -69.5 1.6137477888556946 5
0004 0014 6 1671095848729979 -6.5 -67.5 1.4971652489763858 5
0004 0006 7 1671095848755881 -35.75 -60.0 3.5772431973493153 5
0004 0001 7 1671095848757083 65.875 -66.5 4.368777283898306 5
0004 0008 7 1671095848759659 78.0625 -62.5 1.5278448647340985 5
0004 0014 7 1671095848760904 -6.5 -68.0 6.080699843178682 5
0004 0009 7 1671095848761841 -55.3125 -64.5 0.9694758579437253 5
0004 0005 7 1671095848763625 -6.5 -70.5 1.3867186322486196 5
0004 0002 7 1671095848764894 224.5625 -70.0 1.509437095279471 5
0004 0015 7 1671095848765854 91.125 -67.0 5.086680292628786 5
0004 0004 8 1671095848786420 32.5 -64.5 0.9081166264282996 5
0004 0003 8 1671095848789169 26.0 -72.5 2.4911847995262812 5
0004 0013 8 1671095848793746 -52.0625 -67.0 5.1725832167503825 5
0004 0002 8 1671095848794795 -3.25 -65.0 2.024854640009046 5
0004 0014 8 1671095848796890 -6.5 -66.5 3.816544200259475 5
0004 0006 8 1671095848797829 35.75 -63.5 1.4971652489763858 5
0004 0000 8 1671095848800025 -16.25 -73.5 2.724349879284899 5
0004 0006 1 1671095849016679 -32.5 -55.5 5.283029833478148 5
0004 0001 1 1671095849018089 -10.5625 -58.0 5.283029833478148 5
0004 0014 1 1671095849019069 65.0625 -64.5 1.1167380135807468 5
0004 0008 1 1671095849020484 3.25 -58.5 2.073942025221387 5
0004 0002 1 1671095849022304 52.0625 -65.0 3.0802334220743677 5
0004 0007 1 1671095849024222 -45.5625 -64.5 0.607456392002714 5
0004 0009 1 1671095849025429 -126.9375 -68.0 4.522175362686871 5
0004 0015 1 1671095849026702 19.5 -70.0 2.12916533358527 5
0004 0003 1 1671095849030108 -58.5625 -67.5 3.5158839658338894 5
0004 0000 1 1671095849031441 -74.8125 -72.0 0.5951845456996288 5
0004 0012 1 1671095849032671 19.5 -70.0 0.6810874698212247 5
0004 0004 1 1671095849033735 -9.75 -70.5 0.859029241215959 5
0004 0007 2 1671095849057961 52.0625 -64.0 2.3071071049800045 5
0004 0002 2 1671095849061278 55.3125 -64.5 0.6258641614573416 5
0004 0015 2 1671095849062212 -35.75 -63.5 0.1902136176978195 5
0004 0001 2 1671095849063187 21.125 -67.5 4.608078286808466 5
0004 0006 2 1671095849064339 -91.125 -61.5 2.890019804376548 5
0004 0013 2 1671095849065811 78.0625 -64.0 1.509437095279471 5
0004 0005 2 1671095849066891 -55.3125 -67.0 5.129631754689584 5
0004 0011 2 1671095849072517 299.4375 -70.5 5.798447378207723 5
0004 0003 2 1671095849073599 195.25 -71.5 2.834796496012665 5
0004 0001 3 1671095849096410 -17.0625 -61.5 3.706097583531709 5
0004 0015 3 1671095849099679 -48.8125 -65.5 5.344389064993574 5
0004 0004 3 1671095849101211 -143.1875 -68.0 2.767301341345697 5
0004 0005 3 1671095849104227 -159.5 -67.5 3.074097498922825 5
0004 0007 4 1671095849135941 9.75 -69.0 0.5338253141842031 5
0004 0005 4 1671095849138283 -29.25 -60.5 5.792311455056181 5
0004 0008 4 1671095849139186 9.75 -56.0 0.05522330836388308 5
0004 0015 4 1671095849140672 139.9375 -69.0 0.4724660826687775 5
0004 0013 4 1671095849141648 65.0625 -72.0 0.5951845456996288 5
0004 0006 4 1671095849142601 -35.75 -67.5 3.706097583531709 5
0004 0000 4 1671095849143948 -113.875 -70.5 4.430136515413731 5
0004 0004 4 1671095849144865 22.75 -72.0 4.4362724385652745 5
0004 0014 4 1671095849145773 32.5 -66.0 1.9696313316451632 5
0004 0015 5 1671095849168639 -143.1875 -64.0 3.7981364308048478 5
0004 0014 5 1671095849177877 -87.875 -70.5 4.184699589352029 5
0004 0014 6 1671095849196139 13.0 -67.5 1.4787574795217582 5
0004 0015 6 1671095849199003 -13.0 -71.5 4.816699673960914 5
0004 0004 6 1671095849199952 81.375 -70.0 1.5155730184310134 5
0004 0002 7 1671095849225825 -48.8125 -70.0 1.9389517158874505 5
0004 0006 7 1671095849227259 -52.0625 -60.0 3.1968159619536762 5
0004 0015 7 1671095849228445 -97.625 -66.5 5.418020142812084 5
0004 0009 7 1671095849229664 58.5625 -66.5 0.7976700097005334 5
0004 0014 7 1671095849230828 -117.125 -68.0 6.068427996875596 5
0004 0001 7 1671095849232016 79.75 -67.0 4.669437518323892 5
0004 0008 7 1671095849232893 29.25 -62.5 1.533980787885641 5
0004 0005 7 1671095849233829 -22.75 -70.0 1.325359400733194 5
