0004 0005 1 1671175290747615 -19.5 -64.5 0.4111068511533518 6
0004 0015 1 1671175290748519 9.75 -62.0 0.7976700097005334 6
0004 0008 1 1671175290749468 16.25 -59.0 1.4664856332186729 6
0004 0001 1 1671175290750458 -34.9375 -58.0 4.430136515413731 6
0004 0007 1 1671175290751407 -6.5 -59.0 4.338097668140593 6
0004 0009 1 1671175290752942 41.5 -69.0 4.779884135051658 6
0004 0012 1 1671175290755973 -110.625 -70.5 5.964117303299373 6
0004 0010 1 1671175290757485 -68.3125 -70.5 4.491495746929157 6
0004 0004 1 1671175290759861 -198.5625 -68.5 5.258486140871978 6
0004 0000 1 1671175290762433 -416.625 -71.5 2.337786720737717 6
0004 0015 2 1671175290786407 29.25 -60.5 2.552544031041707 6
0004 0007 2 1671175290787939 -48.8125 -62.0 1.6260196351587797 6
0004 0011 2 1671175290789789 76.4375 -65.0 4.571262747899211 6
0004 0008 2 1671175290791038 104.125 -67.5 2.0064468705544187 6
0004 0005 2 1671175290791988 139.9375 -65.5 5.93343768754166 6
0004 0004 2 1671175290800050 -198.5625 -69.5 2.859340188618835 6
0004 0015 3 1671175290826140 -6.5 -68.0 1.552388557340269 6
0004 0008 4 1671175290856243 32.5 -67.5 5.424156065963627 6
0004 0015 4 1671175290857802 -76.4375 -74.0 4.6878452877785195 6
0004 0015 5 1671175290888356 -146.4375 -67.0 5.148039524144211 6
0004 0004 5 1671175290890144 84.625 -69.0 0.521553467881118 6
0004 0008 6 1671175290916111 -29.25 -67.5 0.9694758579437253 6
0004 0004 6 1671175290917012 0.0 -58.0 5.3198453723874035 6
0004 0006 6 1671175290920393 9.75 -68.5 0.5951845456996288 6
0004 0015 6 1671175290921855 104.125 -66.0 1.4787574795217582 6
0004 0004 7 1671175290945892 -13.0 -64.5 3.2643111166206444 6
0004 0001 7 1671175290948683 -73.1875 -63.5 5.890486225480862 6
0004 0008 7 1671175290950943 42.3125 -67.5 0.4479223900626072 6
0004 0006 7 1671175290952262 91.125 -64.5 5.9518454569962875 6
0004 0009 7 1671175290953198 -65.0625 -68.0 5.663457068873787 6
0004 0015 7 1671175290955224 110.625 -70.0 2.5464081078901644 6
0004 0005 8 1671175290985901 -71.5625 -68.0 5.043728830567988 6
0004 0010 8 1671175290987587 -26.0 -68.5 4.01902966426038 6
0004 0008 8 1671175290989381 -9.75 -55.5 5.878214379177777 6
0004 0012 8 1671175290990362 -52.0625 -70.5 3.0250101137104846 6
0004 0015 8 1671175290991507 32.5 -65.0 5.565282298449106 6
0004 0002 8 1671175290992444 -29.25 -64.5 5.626641529964532 6
0004 0004 8 1671175290993391 -13.0 -61.5 3.522019888985432 6
0004 0006 8 1671175290994953 -26.0 -58.5 3.822680123411018 6
0004 0001 8 1671175290995887 -111.4375 -70.5 0.3988350048502667 6
0004 0008 1 1671175291206401 3.25 -59.5 1.4419419406125027 6
0004 0012 1 1671175291207339 113.875 -71.5 5.553010452146021 6
0004 0005 1 1671175291208244 16.25 -64.0 0.3436116964863836 6
0004 0001 1 1671175291209443 3.25 -58.0 4.3074180523828804 6
0004 0015 1 1671175291210377 16.25 -62.5 0.7792622402459057 6
0004 0009 1 1671175291212518 -156.1875 -69.5 4.963961829597935 6
0004 0007 1 1671175291213466 -13.0 -59.5 4.325825821837508 6
0004 0010 1 1671175291215348 -133.4375 -71.0 4.6878452877785195 6
0004 0004 1 1671175291216935 -71.5625 -69.5 4.957825906446392 6
0004 0000 1 1671175291220958 35.75 -72.5 1.8775924843720249 6
0004 0009 2 1671175291245803 -175.75 -70.0 3.902447124381071 6
0004 0015 2 1671175291247242 -22.75 -61.0 2.5464081078901644 6
0004 0004 2 1671175291248917 -94.375 -68.5 2.60776733940559 6
0004 0007 2 1671175291249882 48.8125 -63.0 1.423534171157875 6
0004 0011 2 1671175291251750 59.375 -67.0 4.565126824747668 6
0004 0005 2 1671175291252966 6.5 -65.0 6.166602767300278 6
0004 0008 2 1671175291254301 26.0 -67.5 2.0923497946760143 6
0004 0015 3 1671175291279259 121.25 -67.0 1.2640001692177683 6
0004 0015 4 1671175291307660 -45.5625 -72.5 4.509903516383785 6
0004 0008 4 1671175291309431 -113.875 -67.5 5.712544454086128 6
0004 0015 5 1671175291338540 13.0 -67.5 4.865787059173254 6
0004 0004 5 1671175291340925 52.0625 -69.5 0.6320000846088841 6
0004 0006 6 1671175291367411 61.8125 -68.5 0.5645049299419159 6
0004 0008 6 1671175291368403 78.0625 -67.5 0.9081166264282996 6
0004 0015 6 1671175291369322 -74.8125 -67.5 1.7671458676442586 6
0004 0004 6 1671175291371039 -22.75 -58.0 5.3627968344482015 6
0004 0009 7 1671175291396458 -6.5 -69.0 5.663457068873787 6
0004 0015 7 1671175291398262 -143.1875 -70.5 2.7550294950426117 6
0004 0008 7 1671175291400103 32.5 -67.0 0.8897088569736719 6
0004 0004 7 1671175291401022 -32.5 -64.0 3.466796580621549 6
0004 0001 7 1671175291406769 -10.5625 -62.0 5.829126993965437 6
0004 0006 7 1671175291407752 32.5 -64.0 6.068427996875596 6
0004 0005 8 1671175291426419 -81.375 -67.5 5.289165756629691 6
0004 0015 8 1671175291427349 -3.25 -65.0 5.6573211457222445 6
0004 0012 8 1671175291428285 58.5625 -69.0 2.8286605728611223 6
0004 0008 8 1671175291429465 0.0 -55.0 5.957981380147831 6
0004 0001 8 1671175291430389 41.5 -70.5 0.28225246497095796 6
0004 0010 8 1671175291431322 58.5625 -69.0 3.9576704327449543 6
0004 0004 8 1671175291432256 35.75 -61.5 3.522019888985432 6
0004 0006 8 1671175291433461 -29.25 -58.5 3.80427235395639 6
0004 0002 8 1671175291436038 -35.75 -63.5 5.767767762450011 6
0004 0009 1 1671175291656207 -87.875 -70.0 4.963961829597935 6
0004 0007 1 1671175291657994 9.75 -59.0 4.325825821837508 6
0004 0010 1 1671175291659202 -253.875 -71.0 4.878058905476339 6
0004 0012 1 1671175291660122 120.4375 -69.5 5.522330836388308 6
0004 0001 1 1671175291661308 34.9375 -58.5 4.196971435655114 6
0004 0008 1 1671175291662240 -3.25 -59.0 1.4051264017032472 6
0004 0004 1 1671175291663576 -26.0 -69.0 4.878058905476339 6
0004 0005 1 1671175291664496 22.75 -64.0 0.28838838812250056 6
0004 0015 1 1671175291665415 39.0 -62.5 0.705631162427395 6
0004 0000 1 1671175291666992 -240.875 -73.0 1.9634954084936207 6
0004 0008 2 1671175291685957 -257.125 -67.5 2.325514874434632 6
0004 0007 2 1671175291686906 -58.5625 -62.5 1.6812429435226628 6
0004 0005 2 1671175291688817 16.25 -66.0 6.227961998815704 6
0004 0011 2 1671175291689991 76.4375 -67.0 4.479223900626073 6
0004 0004 2 1671175291691180 -9.75 -70.0 2.442097414313941 6
0004 0015 2 1671175291692152 0.0 -60.5 2.552544031041707 6
0004 0015 3 1671175291730448 6.5 -67.5 1.4664856332186729 6
0004 0008 4 1671175291758875 -42.3125 -67.0 5.418020142812084 6
0004 0015 4 1671175291763479 -180.625 -72.5 4.755340442445488 6
0004 0004 5 1671175291786809 120.4375 -69.5 0.5276893910326605 6
0004 0015 5 1671175291789487 -9.75 -66.0 4.933282213840222 6
0004 0004 6 1671175291817153 -19.5 -58.0 5.418020142812084 6
0004 0015 6 1671175291819150 32.5 -67.0 1.6382914814618648 6
0004 0006 6 1671175291820736 13.0 -69.5 0.6749515466696822 6
0004 0008 6 1671175291821685 35.75 -67.5 0.944932165337555 6
0004 0006 7 1671175291845751 6.5 -64.0 6.17273869045182 6
0004 0001 7 1671175291849153 -69.125 -63.0 6.092971689481767 6
0004 0004 7 1671175291850085 -6.5 -64.5 3.442252888015379 6
0004 0008 7 1671175291851008 42.3125 -66.5 0.9265243958829272 6
0004 0009 7 1671175291854365 -123.6875 -68.5 5.7616318392984684 6
0004 0015 7 1671175291855894 -55.3125 -69.0 2.730485802436441 6
0004 0005 8 1671175291875811 -3.25 -68.0 5.289165756629691 6
0004 0004 8 1671175291876732 -3.25 -61.5 3.6386024288647407 6
0004 0006 8 1671175291879242 -48.8125 -58.0 3.902447124381071 6
0004 0001 8 1671175291880455 3.25 -70.0 0.3988350048502667 6
0004 0008 8 1671175291881404 -16.25 -55.0 5.988660995905543 6
0004 0015 8 1671175291882622 39.0 -65.5 5.6143696836614465 6
0004 0010 8 1671175291883612 -91.125 -68.0 4.3074180523828804 6
0004 0002 8 1671175291884533 16.25 -64.0 5.822991070813893 6
0004 0012 8 1671175291885840 -104.125 -70.5 3.11091303783208 6
0004 0007 1 1671175292095836 9.75 -59.5 4.381049130201391 6
0004 0008 1 1671175292096815 -13.0 -60.5 1.5401167110371838 6
0004 0004 1 1671175292097751 61.8125 -67.5 5.049864753719531 6
0004 0012 1 1671175292098728 97.625 -70.0 5.497787143782138 6
0004 0009 1 1671175292099634 -91.125 -68.0 4.890330751779424 6
0004 0001 1 1671175292101782 7.3125 -56.5 4.571262747899211 6
0004 0010 1 1671175292103044 32.5 -72.0 4.338097668140593 6
0004 0005 1 1671175292104475 45.5625 -64.5 0.607456392002714 6
0004 0015 1 1671175292106231 52.0625 -62.5 0.6749515466696822 6
0004 0015 2 1671175292137667 -45.5625 -60.5 2.466641106920111 6
0004 0007 2 1671175292138661 42.3125 -62.5 1.6873788666742053 6
0004 0011 2 1671175292139816 3.25 -67.5 4.528311285838413 6
0004 0005 2 1671175292143114 -9.75 -64.5 0.47860200582032003 6
0004 0001 2 1671175292146592 -208.3125 -69.0 3.485204350076177 6
0004 0004 2 1671175292164142 159.5 -69.0 3.5036121195308043 6
0004 0001 3 1671175292196931 -125.3125 -68.0 5.6143696836614465 6
0004 0015 3 1671175292198475 -26.0 -71.0 1.6751070203711202 6
0004 0008 4 1671175292228377 -39.0 -67.0 5.092816215780329 6
0004 0015 4 1671175292229893 -61.8125 -70.0 4.626486056263094 6
0004 0004 4 1671175292231933 61.8125 -71.5 2.675262494072558 6
0004 0015 5 1671175292258690 -117.125 -66.5 5.258486140871978 6
0004 0015 6 1671175292287191 -45.5625 -66.0 2.018718716857504 6
0004 0004 6 1671175292288108 9.75 -59.0 5.307573526084319 6
0004 0006 6 1671175292290039 35.75 -68.0 0.2454369260617026 6
0004 0008 7 1671175292317280 -22.75 -61.0 5.21553467881118 6
0004 0004 7 1671175292318201 -71.5625 -58.5 4.3933209765044765 6
0004 0006 7 1671175292319163 -9.75 -63.5 1.8285050991596843 6
0004 0015 7 1671175292321399 0.0 -67.0 2.675262494072558 6
0004 0001 7 1671175292325687 -163.5625 -69.0 2.356194490192345 6
0004 0012 8 1671175292346351 78.0625 -67.5 3.485204350076177 6
0004 0009 8 1671175292348066 42.3125 -66.5 6.227961998815704 6
0004 0015 8 1671175292349069 -13.0 -66.5 5.117359908386499 6
0004 0004 8 1671175292350090 -39.0 -58.0 5.730952223540755 6
0004 0006 8 1671175292351037 -3.25 -57.0 5.6143696836614465 6
0004 0002 8 1671175292352292 52.0625 -64.0 1.6935147898257479 6
0004 0008 8 1671175292353267 35.75 -62.5 0.22089323345553233 6
0004 0010 8 1671175292354345 -32.5 -68.5 4.6448938257177215 6
0004 0013 8 1671175292355547 -16.25 -74.5 0.0674951546669682 6
0004 0005 8 1671175292356468 -26.0 -67.0 5.773903685601553 6
0004 0010 1 1671175292565889 39.0 -68.0 0.42337869745643697 6
0004 0015 1 1671175292566836 -100.875 -72.5 5.730952223540755 6
0004 0004 1 1671175292567786 198.5625 -72.0 6.013204688511713 6
0004 0009 1 1671175292568743 0.0 -58.0 1.9389517158874505 6
0004 0008 1 1671175292569952 13.0 -62.5 2.429825568010856 6
0004 0000 1 1671175292571924 -159.5 -69.5 3.227495577711389 6
0004 0007 1 1671175292573368 -9.75 -59.0 3.9392626632903265 6
0004 0005 1 1671175292574576 58.5625 -67.5 5.141903600992669 6
0004 0006 1 1671175292575655 61.8125 -65.0 4.442408361716817 6
0004 0012 1 1671175292576619 -71.5625 -64.5 5.700272607783043 6
0004 0001 1 1671175292578557 -52.0625 -63.0 1.3989904785517047 6
0004 0005 2 1671175292606115 -35.75 -64.0 5.957981380147831 6
0004 0007 2 1671175292607917 13.0 -54.5 1.564660403643354 6
0004 0015 2 1671175292608850 -26.0 -60.5 2.0493983326152168 6
0004 0001 2 1671175292610036 38.1875 -59.5 1.2885438618239387 6
0004 0009 2 1671175292611264 -3.25 -62.0 1.1044661672776617 6
0004 0006 2 1671175292613721 87.875 -63.0 1.7978254834019713 6
0004 0011 2 1671175292615119 145.625 -64.5 1.3437671701878218 6
0004 0004 2 1671175292616334 6.5 -64.5 5.086680292628786 6
0004 0007 3 1671175292653947 13.0 -68.0 6.050020227420969 6
0004 0001 3 1671175292655731 21.125 -68.0 5.553010452146021 6
0004 0005 3 1671175292656696 29.25 -70.5 1.214912784005428 6
0004 0006 4 1671175292677323 -156.1875 -72.0 4.325825821837508 6
0004 0013 4 1671175292678485 -286.4375 -73.5 2.4911847995262812 6
0004 0007 5 1671175292708512 -45.5625 -70.0 4.718524903536232 6
0004 0015 5 1671175292710637 17.0625 -68.5 5.227806525114265 6
0004 0006 6 1671175292735883 -156.1875 -71.0 3.8288160465625602 6
0004 0012 6 1671175292736903 -65.0625 -69.5 3.436116964863836 6
0004 0004 6 1671175292738546 19.5 -66.5 5.534602682691394 6
0004 0015 6 1671175292742643 -29.25 -67.5 2.000310947402876 6
0004 0014 7 1671175292766426 162.75 -71.0 2.3623304133438876 6
0004 0015 7 1671175292768227 130.1875 -67.5 2.693670263527186 6
0004 0004 7 1671175292769159 -13.0 -55.0 4.061981126321178 6
0004 0011 7 1671175292770064 -34.9375 -68.0 2.3746022596469727 6
0004 0006 7 1671175292771027 -16.25 -55.0 5.945709533844745 6
0004 0007 7 1671175292772460 68.3125 -69.5 0.6504078540635119 6
0004 0010 7 1671175292774063 -58.5625 -69.5 1.88986433067511 6
0004 0008 8 1671175292796154 0.0 -63.5 2.552544031041707 6
0004 0005 8 1671175292797549 -120.4375 -64.5 5.577554144752192 6
0004 0009 8 1671175292798510 -16.25 -55.5 4.123340357836604 6
0004 0010 8 1671175292800705 19.5 -65.5 2.5586799541932495 6
0004 0001 8 1671175292801638 -30.875 -66.0 5.878214379177777 6
0004 0012 8 1671175292803040 -81.375 -67.0 4.755340442445488 6
0004 0006 8 1671175292805223 -3.25 -54.5 5.399612373357457 6
0004 0004 8 1671175292806698 -42.3125 -55.5 4.8351074434155406 6
0004 0015 8 1671175292807817 -143.1875 -73.0 4.773748211900116 6
0004 0007 8 1671175292810380 26.0 -72.0 4.190835512503572 6
0004 0013 8 1671175292811970 87.875 -71.5 0.5031456984264903 6
0004 0008 1 1671175293026349 0.0 -63.5 0.2945243112740431 6
0004 0015 1 1671175293027258 38.1875 -69.5 4.71238898038469 6
0004 0005 1 1671175293028211 -65.0625 -64.0 2.779573187648782 6
0004 0010 1 1671175293029170 16.25 -65.0 4.651029748869264 6
0004 0009 1 1671175293030516 13.0 -58.5 1.607611865704152 6
0004 0006 1 1671175293032214 16.25 -62.0 5.092816215780329 6
0004 0007 1 1671175293033613 0.0 -58.5 0.4540583132141498 6
0004 0012 1 1671175293034652 29.25 -70.0 1.5892040962495242 6
0004 0011 1 1671175293037691 -65.875 -67.5 2.0493983326152168 6
0004 0005 2 1671175293065887 9.75 -54.0 1.3560390164909069 6
0004 0006 2 1671175293066842 -240.875 -71.0 2.8961557275280905 6
0004 0012 2 1671175293069666 6.5 -60.5 6.270913460876501 6
0004 0007 2 1671175293071201 -9.75 -55.0 4.7860200582032 6
0004 0001 2 1671175293072163 -17.0625 -69.0 1.0062913968529805 6
0004 0009 2 1671175293073142 -52.0625 -63.5 5.884350302329319 6
0004 0004 2 1671175293074061 -84.625 -65.0 4.3503695144436785 6
0004 0011 2 1671175293075163 -24.375 -56.0 5.822991070813893 6
0004 0015 2 1671175293076182 -35.75 -61.0 2.4727770300716534 6
0004 0000 2 1671175293078872 263.625 -70.0 6.0991076126333095 6
0004 0005 3 1671175293106195 42.3125 -64.0 2.4911847995262812 6
0004 0004 3 1671175293112107 104.125 -71.5 1.1903690913992575 6
0004 0004 4 1671175293137664 -32.5 -70.5 0.7485826244881929 6
0004 0006 4 1671175293139213 -35.75 -66.0 5.859806609723149 6
0004 0012 5 1671175293165750 13.0 -64.5 2.1659808724945253 6
0004 0004 5 1671175293167989 9.75 -66.0 0.4172427743048944 6
0004 0015 5 1671175293170483 -146.4375 -68.0 4.693981210930062 6
0004 0006 6 1671175293195934 110.625 -69.0 2.6998061866787286 6
0004 0004 6 1671175293198551 19.5 -63.5 1.3314953238847365 6
0004 0015 6 1671175293200394 100.875 -70.5 1.4787574795217582 6
0004 0012 6 1671175293201698 -9.75 -67.5 1.4971652489763858 6
0004 0005 6 1671175293203007 22.75 -72.5 0.859029241215959 6
0004 0004 7 1671175293226088 -6.5 -53.0 4.2092432819582 6
0004 0012 7 1671175293231217 185.5 -68.0 5.730952223540755 6
0004 0006 7 1671175293232432 26.0 -62.5 1.4787574795217582 6
0004 0011 7 1671175293233976 -121.25 -65.0 4.368777283898306 6
0004 0015 7 1671175293236180 -65.0625 -66.5 3.902447124381071 6
0004 0013 7 1671175293238271 -6.5 -70.0 1.9144080232812801 6
0004 0001 7 1671175293239476 30.875 -70.5 2.172116795646068 6
0004 0007 7 1671175293240598 42.3125 -69.5 0.7915340865489908 6
0004 0008 8 1671175293266218 -39.0 -71.5 3.9147189706841563 6
0004 0004 8 1671175293267614 0.0 -56.5 4.706253057233147 6
0004 0006 8 1671175293269646 13.0 -55.0 0.9817477042468103 6
0004 0009 8 1671175293270535 3.25 -61.5 0.39269908169872414 6
0004 0010 8 1671175293272248 -22.75 -62.5 4.933282213840222 6
0004 0005 8 1671175293274079 16.25 -65.0 5.448699758569798 6
0004 0001 8 1671175293274998 -45.5625 -68.0 3.393165502803038 6
0004 0013 8 1671175293276034 35.75 -61.5 3.0127382674073995 6
0004 0012 8 1671175293276997 52.0625 -66.5 0.3313398501832985 6
0004 0012 1 1671175293485779 0.0 -66.5 3.3195344249845276 6
0004 0005 1 1671175293486719 -9.75 -63.5 3.2888548092268146 6
0004 0010 1 1671175293487653 22.75 -66.0 5.295301679781233 6
0004 0008 1 1671175293488573 94.375 -65.0 0.5767767762450011 6
0004 0013 1 1671175293489795 -65.0625 -68.5 4.276738436625168 6
0004 0007 1 1671175293490728 -13.0 -58.0 0.7240389318820226 6
0004 0006 1 1671175293492469 3.25 -62.0 5.816855147662351 6
0004 0009 1 1671175293493406 45.5625 -60.5 1.748738098189631 6
0004 0011 1 1671175293495103 -45.5625 -66.5 3.6386024288647407 6
0004 0004 1 1671175293496124 22.75 -69.5 4.921010367537137 6
0004 0015 1 1671175293497083 0.0 -70.0 4.71238898038469 6
0004 0000 1 1671175293498026 -221.3125 -75.5 4.325825821837508 6
0004 0007 2 1671175293527524 -16.25 -56.0 5.356660911296659 6
0004 0011 2 1671175293528498 -17.0625 -57.5 0.11044661672776616 6
0004 0005 2 1671175293529404 -6.5 -53.5 1.6444274046134073 6
0004 0001 2 1671175293531550 -104.125 -67.0 1.3314953238847365 6
0004 0015 2 1671175293533883 13.0 -61.5 2.423689644859313 6
0004 0004 2 1671175293535118 -94.375 -63.5 5.283029833478148 6
0004 0013 2 1671175293536803 -61.8125 -67.5 2.2334760271614935 6
0004 0009 2 1671175293538372 -35.75 -62.0 0.11044661672776616 6
0004 0012 2 1671175293539348 -19.5 -60.0 0.7485826244881929 6
0004 0000 2 1671175293544575 234.3125 -69.0 0.030679615757712823 6
0004 0004 3 1671175293569323 -13.0 -69.5 0.6933593161243098 6
0004 0005 3 1671175293570274 13.0 -64.0 2.435961491162398 6
0004 0007 4 1671175293596166 -185.5 -69.0 4.509903516383785 6
0004 0004 4 1671175293597850 68.3125 -71.0 0.8467573949128739 6
0004 0006 4 1671175293600717 -22.75 -65.5 5.209398755659637 6
0004 0012 5 1671175293628743 39.0 -65.5 1.8162332528565992 6
0004 0004 5 1671175293629736 -39.0 -66.5 6.050020227420969 6
0004 0015 5 1671175293630701 -149.6875 -69.5 4.651029748869264 6
0004 0004 6 1671175293666167 68.3125 -66.5 0.5583690067903734 6
0004 0005 6 1671175293667629 13.0 -72.5 0.6933593161243098 6
0004 0015 6 1671175293670816 29.25 -69.0 1.576932249946439 6
0004 0012 6 1671175293672287 -32.5 -66.0 1.1044661672776617 6
0004 0006 6 1671175293673336 65.0625 -70.5 1.4296700943094176 6
0004 0011 7 1671175293696483 7.3125 -63.5 3.5772431973493153 6
0004 0012 7 1671175293697449 149.6875 -65.0 5.166447293598839 6
0004 0004 7 1671175293699781 -3.25 -52.5 4.558990901596125 6
0004 0015 7 1671175293700731 -107.375 -68.5 3.7551849687440497 6
0004 0001 7 1671175293701887 7.3125 -68.5 2.7550294950426117 6
0004 0006 7 1671175293703117 9.75 -61.0 1.3008157081270237 6
0004 0013 7 1671175293706654 117.125 -69.5 1.8285050991596843 6
0004 0013 8 1671175293746327 29.25 -60.5 2.8532042654672924 6
0004 0004 8 1671175293747999 -16.25 -55.0 5.105088062083414 6
0004 0012 8 1671175293748963 35.75 -67.5 0.4724660826687775 6
0004 0006 8 1671175293749922 0.0 -54.0 1.0492428589137786 6
0004 0009 8 1671175293750916 6.5 -61.5 0.25770877236478773 6
0004 0008 8 1671175293752349 136.6875 -69.5 3.5158839658338894 6
0004 0001 8 1671175293753280 -13.8125 -68.5 3.5342917352885173 6
0004 0005 8 1671175293754246 26.0 -65.5 5.448699758569798 6
0004 0010 8 1671175293755391 -16.25 -63.5 4.767612288748572 6
0004 0012 1 1671175293975935 -104.125 -66.5 3.160000423044421 6
0004 0015 1 1671175293976869 -107.375 -69.5 4.865787059173254 6
0004 0008 1 1671175293977814 22.75 -64.0 0.5276893910326605 6
0004 0011 1 1671175293978745 -3.25 -65.0 2.9268353432858034 6
0004 0004 1 1671175293979684 87.875 -70.5 4.571262747899211 6
0004 0006 1 1671175293980547 19.5 -62.0 5.792311455056181 6
0004 0007 1 1671175293981511 13.0 -57.5 0.4540583132141498 6
0004 0005 1 1671175293983413 48.8125 -63.5 2.650718801466388 6
0004 0009 1 1671175293984840 13.0 -60.0 1.6996507129772904 6
0004 0010 1 1671175293986922 -19.5 -65.0 5.399612373357457 6
0004 0013 1 1671175293987985 -6.5 -70.0 4.123340357836604 6
0004 0012 2 1671175294015914 19.5 -59.0 0.521553467881118 6
0004 0011 2 1671175294017380 -13.8125 -57.0 6.117515382087937 6
0004 0007 2 1671175294018315 -6.5 -55.5 5.056000676871073 6
0004 0009 2 1671175294019279 42.3125 -62.5 5.706408530934585 6
0004 0013 2 1671175294020212 22.75 -67.0 2.024854640009046 6
0004 0015 2 1671175294021158 16.25 -61.5 2.380738182798515 6
0004 0000 2 1671175294022137 26.0 -70.0 0.1227184630308513 6
0004 0005 2 1671175294025269 13.0 -54.0 1.3069516312785663 6
0004 0004 2 1671175294026844 91.125 -64.5 4.7307967498393175 6
0004 0001 2 1671175294034327 30.875 -68.5 1.086058397823034 6
0004 0005 3 1671175294059198 16.25 -64.0 2.9513790358919736 6
0004 0004 3 1671175294062045 6.5 -71.5 0.9265243958829272 6
0004 0004 4 1671175294088229 -29.25 -71.5 1.086058397823034 6
0004 0006 4 1671175294089633 -61.8125 -65.0 5.47937937432751 6
0004 0007 4 1671175294090742 -58.5625 -68.0 5.0253210611133605 6
0004 0004 5 1671175294117398 -48.8125 -67.0 6.252505691421874 6
0004 0012 5 1671175294118982 42.3125 -64.0 1.8714565612204823 6
0004 0015 5 1671175294121459 -100.875 -69.5 4.743068596142402 6
0004 0004 6 1671175294145898 -13.0 -65.0 0.8651651643675016 6
0004 0015 6 1671175294147556 35.75 -70.0 1.748738098189631 6
0004 0012 6 1671175294148520 45.5625 -66.5 1.0676506283684062 6
0004 0006 6 1671175294149739 97.625 -70.5 1.859184714917397 6
0004 0015 7 1671175294175814 30.875 -67.0 3.472932503773092 6
0004 0006 7 1671175294176832 6.5 -60.0 1.000155473701438 6
0004 0004 7 1671175294178032 0.0 -53.0 4.0987966652304335 6
0004 0001 7 1671175294179989 -30.875 -69.0 2.6813984172241008 6
0004 0013 7 1671175294181478 133.4375 -69.5 1.7426021750380885 6
0004 0011 7 1671175294183473 3.25 -63.5 3.2090878082567613 6
0004 0012 7 1671175294185317 -13.0 -65.0 5.160311370447297 6
0004 0007 7 1671175294189556 42.3125 -70.5 0.44178646691106466 6
0004 0008 8 1671175294216557 -58.5625 -69.5 3.2581751934691017 6
0004 0005 8 1671175294217849 -26.0 -65.5 5.135767677841127 6
0004 0013 8 1671175294218793 0.0 -60.5 2.82252464970958 6
0004 0001 8 1671175294219987 52.0625 -68.0 3.1354567304382504 6
0004 0006 8 1671175294220919 -3.25 -55.0 0.7485826244881929 6
0004 0004 8 1671175294222150 -19.5 -56.0 4.7307967498393175 6
0004 0009 8 1671175294223114 -71.5625 -63.0 5.626641529964532 6
0004 0010 8 1671175294224430 -45.5625 -63.0 4.558990901596125 6
0004 0012 8 1671175294225338 -42.3125 -68.0 0.5890486225480862 6
0004 0004 1 1671175294436186 -78.0625 -68.5 5.00077736850719 6
0004 0015 1 1671175294437612 -91.125 -69.5 5.006913291658733 6
0004 0007 1 1671175294438561 -16.25 -57.0 0.6258641614573416 6
0004 0008 1 1671175294439494 22.75 -64.0 0.760854470791278 6
0004 0005 1 1671175294440702 42.3125 -64.0 2.8286605728611223 6
0004 0009 1 1671175294441905 42.3125 -61.0 1.0369710126106935 6
0004 0006 1 1671175294443389 -6.5 -61.5 5.957981380147831 6
0004 0010 1 1671175294444892 -13.0 -65.0 5.559146375297564 6
0004 0013 1 1671175294445841 6.5 -69.0 4.2031073588066565 6
0004 0012 1 1671175294447003 -13.0 -65.5 3.06182565261974 6
0004 0011 1 1671175294448446 27.625 -65.5 2.8716120349219203 6
0004 0011 2 1671175294476882 -48.8125 -56.5 6.252505691421874 6
0004 0004 2 1671175294478245 -32.5 -64.5 4.890330751779424 6
0004 0005 2 1671175294479237 -6.5 -53.5 1.4173982480063325 6
0004 0015 2 1671175294480170 -9.75 -61.5 2.5157284921324514 6
0004 0001 2 1671175294481091 26.0 -68.0 1.3314953238847365 6
0004 0009 2 1671175294481984 -65.0625 -64.5 5.448699758569798 6
0004 0007 2 1671175294482890 -26.0 -55.5 5.154175447295755 6
0004 0012 2 1671175294484258 -13.0 -59.5 0.6504078540635119 6
0004 0013 2 1671175294485465 198.5625 -68.5 1.7671458676442586 6
0004 0000 2 1671175294491257 -159.5 -69.0 0.2270291566070749 6
0004 0005 3 1671175294517540 104.125 -64.5 2.82252464970958 6
0004 0006 4 1671175294562611 -6.5 -65.5 5.473243451175968 6
0004 0007 4 1671175294565419 26.0 -68.0 4.878058905476339 6
0004 0004 4 1671175294566611 247.375 -71.5 0.6320000846088841 6
0004 0004 5 1671175294595882 -3.25 -67.0 6.178874613603362 6
0004 0012 5 1671175294597514 -35.75 -64.5 2.000310947402876 6
0004 0015 5 1671175294599257 -107.375 -69.5 4.8351074434155406 6
0004 0005 6 1671175294626582 -3.25 -73.0 1.0492428589137786 6
0004 0006 6 1671175294628173 -35.75 -70.5 2.0493983326152168 6
0004 0004 6 1671175294629136 45.5625 -65.0 0.7669903939428205 6
0004 0012 6 1671175294631406 113.875 -66.5 0.8467573949128739 6
0004 0015 6 1671175294632323 -13.0 -68.5 1.748738098189631 6
0004 0012 7 1671175294656222 -3.25 -64.5 5.013049214810275 6
0004 0011 7 1671175294657143 -9.75 -63.5 3.129320807286708 6
0004 0015 7 1671175294658078 58.5625 -68.0 3.423845118560751 6
0004 0006 7 1671175294659991 19.5 -61.0 0.9081166264282996 6
0004 0004 7 1671175294661944 3.25 -53.0 3.9208548938356986 6
0004 0001 7 1671175294665213 90.3125 -69.5 2.270291566070749 6
0004 0013 7 1671175294666162 -81.375 -69.0 2.2580197197676637 6
0004 0006 8 1671175294706066 9.75 -55.0 0.6320000846088841 6
0004 0010 8 1671175294707480 3.25 -62.5 4.4362724385652745 6
0004 0013 8 1671175294708919 6.5 -60.5 2.804116880254952 6
0004 0008 8 1671175294711503 13.0 -68.5 3.06182565261974 6
0004 0004 8 1671175294713075 -9.75 -55.5 4.589670517353839 6
0004 0001 8 1671175294714024 55.3125 -67.5 2.9636508821950587 6
0004 0009 8 1671175294715407 -22.75 -64.0 4.6878452877785195 6
0004 0005 8 1671175294716386 9.75 -65.0 4.957825906446392 6
0004 0012 8 1671175294717435 91.125 -67.5 0.3313398501832985 6
0004 0010 1 1671175294926059 -22.75 -65.0 5.595961914206819 6
0004 0007 1 1671175294927009 19.5 -57.5 0.6135923151542565 6
0004 0006 1 1671175294928640 26.0 -62.5 5.945709533844745 6
0004 0005 1 1671175294929506 39.0 -64.0 2.8961557275280905 6
0004 0011 1 1671175294930453 -30.875 -65.0 3.0802334220743677 6
0004 0004 1 1671175294931686 -26.0 -69.0 4.963961829597935 6
0004 0012 1 1671175294932635 139.9375 -65.5 2.82252464970958 6
0004 0008 1 1671175294934089 -9.75 -63.5 0.8283496254582462 6
0004 0009 1 1671175294935038 22.75 -63.0 0.8713010875190442 6
0004 0015 1 1671175294936608 -26.0 -70.0 4.963961829597935 6
0004 0013 1 1671175294937544 -179.0 -68.5 4.460816131171445 6
0004 0012 2 1671175294965869 13.0 -59.0 0.607456392002714 6
0004 0015 2 1671175294966788 -133.4375 -61.5 2.6445828783148455 6
0004 0004 2 1671175294967737 29.25 -64.5 4.884194828627882 6
0004 0005 2 1671175294969439 32.5 -54.0 1.3989904785517047 6
0004 0011 2 1671175294971842 -21.125 -57.5 6.209554229361076 6
0004 0009 2 1671175294972776 -100.875 -65.0 5.393476450205914 6
0004 0007 2 1671175294973668 -13.0 -55.5 5.1725832167503825 6
0004 0013 2 1671175294974732 -3.25 -68.5 2.497320722677824 6
0004 0001 2 1671175294978222 -65.875 -68.5 1.4603497100671303 6
0004 0000 2 1671175294988295 74.8125 -70.0 0.03681553890925539 6
0004 0006 2 1671175295001259 68.3125 -70.5 2.8532042654672924 6
0004 0005 3 1671175295038929 29.25 -64.5 3.0127382674073995 6
0004 0006 4 1671175295066102 3.25 -65.5 5.473243451175968 6
0004 0007 4 1671175295068373 -42.3125 -69.5 4.963961829597935 6
0004 0004 4 1671175295071061 19.5 -72.5 1.012427320004523 6
0004 0012 5 1671175295096553 143.1875 -64.5 1.7548740213411735 6
0004 0004 5 1671175295097531 -81.375 -68.0 0.006135923151542565 6
0004 0015 5 1671175295099317 130.1875 -69.0 4.534447208989955 6
0004 0004 6 1671175295126162 -19.5 -65.0 0.8651651643675016 6
0004 0012 6 1671175295127905 9.75 -66.5 1.0737865515199487 6
0004 0015 6 1671175295129758 -13.0 -69.0 1.718058482431918 6
0004 0005 6 1671175295131577 65.0625 -73.0 1.086058397823034 6
0004 0006 6 1671175295132513 29.25 -68.5 1.945087639038993 6
0004 0004 7 1671175295156607 -29.25 -53.0 3.9392626632903265 6
0004 0011 7 1671175295159110 -24.375 -63.0 3.067961575771282 6
0004 0012 7 1671175295160370 29.25 -64.0 4.902602598082509 6
0004 0015 7 1671175295161317 -13.0 -66.5 3.5465635815916023 6
0004 0013 7 1671175295162369 113.875 -68.0 1.9573594853420782 6
0004 0006 7 1671175295163301 22.75 -60.5 0.8467573949128739 6
0004 0001 7 1671175295165256 -83.0 -69.5 2.5893595699509624 6
0004 0001 8 1671175295205856 -34.9375 -67.5 3.129320807286708 6
0004 0010 8 1671175295206830 -6.5 -62.5 4.442408361716817 6
0004 0008 8 1671175295208245 -22.75 -68.5 3.043417883165112 6
0004 0006 8 1671175295209930 6.5 -55.5 0.6749515466696822 6
0004 0004 8 1671175295210878 -6.5 -55.5 4.577398671050753 6
0004 0009 8 1671175295211830 -65.0625 -64.0 4.718524903536232 6
0004 0005 8 1671175295213277 58.5625 -65.5 4.908738521234052 6
0004 0013 8 1671175295214196 16.25 -60.5 2.742757648739526 6
0004 0012 8 1671175295215992 0.0 -68.0 0.48473792897186263 6
0004 0010 1 1671175295436101 -3.25 -64.5 5.522330836388308 6
0004 0009 1 1671175295437108 16.25 -61.5 1.1290098598838318 6
0004 0007 1 1671175295438563 3.25 -57.5 0.6688156235181395 6
0004 0012 1 1671175295439558 -58.5625 -66.0 3.104777114680538 6
0004 0008 1 1671175295440729 13.0 -64.0 0.8160777791551611 6
0004 0005 1 1671175295442629 13.0 -64.5 2.890019804376548 6
0004 0006 1 1671175295444741 -6.5 -62.5 5.988660995905543 6
0004 0011 1 1671175295446353 17.0625 -65.0 2.9697868053466014 6
0004 0004 1 1671175295447527 3.25 -67.5 4.92714629068868 6
0004 0015 1 1671175295448577 61.8125 -70.5 4.828971520263998 6
0004 0013 1 1671175295449555 94.375 -70.0 3.9085830475326135 6
0004 0000 1 1671175295452565 55.3125 -73.5 3.8963112012295285 6
0004 0015 2 1671175295475921 26.0 -61.5 2.3930100291016 6
0004 0005 2 1671175295476887 52.0625 -54.0 1.4173982480063325 6
0004 0009 2 1671175295478090 52.0625 -65.5 5.264622064023521 6
0004 0012 2 1671175295479066 19.5 -59.5 0.6258641614573416 6
0004 0007 2 1671175295480553 -19.5 -55.5 5.197126909356553 6
0004 0004 2 1671175295482779 139.9375 -65.0 4.675573441475434 6
0004 0011 2 1671175295483679 -3.25 -56.5 6.22182607566416 6
0004 0006 2 1671175295485029 458.9375 -69.5 2.466641106920111 6
0004 0000 2 1671175295485933 100.875 -68.5 0.09203884727313846 6
0004 0010 2 1671175295487603 52.0625 -71.5 4.595806440505381 6
0004 0013 2 1671175295490375 -22.75 -67.5 2.2334760271614935 6
0004 0001 2 1671175295491721 69.125 -67.0 1.5155730184310134 6
0004 0005 3 1671175295518072 35.75 -65.5 3.074097498922825 6
0004 0007 4 1671175295546416 -84.625 -68.5 5.117359908386499 6
0004 0004 4 1671175295550283 -19.5 -73.0 1.030835089459151 6
0004 0006 4 1671175295551207 32.5 -66.0 5.411884219660542 6
0004 0012 5 1671175295576273 3.25 -64.5 2.024854640009046 6
0004 0004 5 1671175295578333 68.3125 -67.5 5.988660995905543 6
0004 0015 5 1671175295579267 104.125 -68.5 4.589670517353839 6
0004 0006 6 1671175295605815 61.8125 -70.5 2.030990563160589 6
0004 0012 6 1671175295609190 -6.5 -66.5 1.0799224746714913 6
0004 0015 6 1671175295610181 3.25 -69.5 1.6751070203711202 6
0004 0004 6 1671175295611132 32.5 -64.5 0.7915340865489908 6
0004 0005 6 1671175295612921 -201.8125 -73.0 1.2640001692177683 6
0004 0011 7 1671175295636353 13.8125 -64.0 3.0495538063166547 6
0004 0015 7 1671175295638367 94.375 -68.0 3.466796580621549 6
0004 0006 7 1671175295639360 45.5625 -61.0 0.8467573949128739 6
0004 0004 7 1671175295640264 16.25 -53.0 3.8840393549264434 6
0004 0001 7 1671175295642065 -142.375 -70.0 2.7120780329818137 6
0004 0012 7 1671175295642958 -65.0625 -64.5 5.056000676871073 6
0004 0013 7 1671175295644164 -97.625 -69.0 2.1537090261914402 6
0004 0009 8 1671175295686351 -39.0 -62.5 4.95168998329485 6
0004 0012 8 1671175295687284 13.0 -68.0 0.4479223900626072 6
0004 0008 8 1671175295688178 -35.75 -68.5 3.043417883165112 6
0004 0010 8 1671175295689109 -19.5 -62.5 4.460816131171445 6
0004 0004 8 1671175295690057 3.25 -55.5 4.558990901596125 6
0004 0006 8 1671175295690950 13.0 -55.0 0.6258641614573416 6
0004 0001 8 1671175295693598 17.0625 -67.5 3.1784081924990484 6
0004 0005 8 1671175295696023 -16.25 -65.0 5.043728830567988 6
0004 0013 8 1671175295696999 -13.0 -60.5 2.8286605728611223 6
