0004 0015 1 1671175620526342 39.0 -69.0 4.289010282928253 6
0004 0010 1 1671175620529223 -52.0625 -61.5 4.638757902566179 6
0004 0004 1 1671175620530127 55.3125 -67.5 2.2212041808584084 6
0004 0015 2 1671175620556717 -74.8125 -68.5 1.2578642460662257 6
0004 0006 2 1671175620557667 58.5625 -68.5 1.4848934026733007 6
0004 0002 2 1671175620566445 42.3125 -68.0 3.9822141253511245 6
0004 0008 2 1671175620567813 -9.75 -70.0 0.3436116964863836 6
0004 0006 3 1671175620597557 42.3125 -65.0 5.859806609723149 6
0004 0015 3 1671175620598535 -29.25 -70.0 3.043417883165112 6
0004 0002 3 1671175620599473 -22.75 -69.0 3.0802334220743677 6
0004 0004 3 1671175620600931 -16.25 -61.0 4.700117134081604 6
0004 0010 3 1671175620602302 -26.0 -63.5 4.884194828627882 6
0004 0001 3 1671175620603264 -62.625 -64.5 4.006757817957295 6
0004 0008 3 1671175620604212 16.25 -60.0 0.2454369260617026 6
0004 0009 3 1671175620605204 -68.3125 -63.5 3.08636934522591 6
0004 0007 4 1671175620636340 -120.4375 -69.0 3.552699504743145 6
0004 0010 4 1671175620637315 -61.8125 -70.0 2.9513790358919736 6
0004 0002 4 1671175620638225 13.0 -61.5 1.761009944492716 6
0004 0011 4 1671175620639399 -30.875 -69.0 4.878058905476339 6
0004 0005 4 1671175620640635 -45.5625 -70.0 0.48473792897186263 6
0004 0001 4 1671175620641624 -16.25 -70.5 0.44178646691106466 6
0004 0004 4 1671175620642815 -48.8125 -62.0 4.454680208019902 6
0004 0008 4 1671175620643789 -3.25 -56.5 4.178563666200486 6
0004 0015 4 1671175620645246 9.75 -64.0 1.141281706186917 6
0004 0009 4 1671175620647887 19.5 -66.0 2.1046216409791 6
0004 0007 5 1671175620675904 -26.0 -61.0 6.092971689481767 6
0004 0001 5 1671175620677120 -76.4375 -67.0 2.2027964114037806 6
0004 0008 5 1671175620680029 152.9375 -64.5 6.160466844148735 6
0004 0015 5 1671175620680959 -29.25 -59.5 5.264622064023521 6
0004 0011 5 1671175620682118 34.9375 -62.5 2.6568547246179306 6
0004 0014 5 1671175620688256 358.0625 -71.5 5.47937937432751 6
0004 0009 6 1671175620725822 -6.5 -64.5 5.043728830567988 6
0004 0011 6 1671175620726754 13.8125 -59.5 5.2768939103266055 6
0004 0005 6 1671175620727747 74.8125 -67.0 6.080699843178682 6
0004 0015 6 1671175620729158 -7.3125 -64.0 3.834951969714103 6
0004 0001 6 1671175620730150 -121.25 -68.5 2.890019804376548 6
0004 0007 6 1671175620731324 -19.5 -65.0 4.331961744989051 6
0004 0010 6 1671175620733232 0.0 -70.5 5.976389149602458 6
0004 0003 6 1671175620734460 -61.8125 -67.5 5.786175531904639 6
0004 0007 7 1671175620758596 42.3125 -67.5 2.6200391857086753 6
0004 0011 7 1671175620759542 7.3125 -64.5 0.2945243112740431 6
0004 0007 8 1671175620786145 3.25 -62.0 4.215379205109742 6
0004 0003 8 1671175620788205 -97.625 -68.5 3.2520392703175593 6
0004 0008 8 1671175620789169 -26.0 -64.5 4.2092432819582 6
0004 0010 8 1671175620790388 -35.75 -68.5 5.019185137961818 6
0004 0005 8 1671175620791323 84.625 -68.0 0.705631162427395 6
0004 0011 8 1671175620792482 -7.3125 -64.5 1.282407938672396 6
0004 0015 8 1671175620794044 192.0 -69.5 2.3193789512830896 6
0004 0010 1 1671175621007433 26.0 -61.5 4.681709364626977 6
0004 0004 1 1671175621008511 -13.0 -66.5 3.2520392703175593 6
0004 0015 1 1671175621011204 41.5 -69.5 4.424000592262189 6
0004 0015 2 1671175621036141 110.625 -69.0 1.0615147052168636 6
0004 0008 2 1671175621037943 198.5625 -69.0 6.22182607566416 6
0004 0002 2 1671175621039700 9.75 -69.0 4.601942363656923 6
0004 0006 2 1671175621040639 -172.5 -68.5 1.932815792735908 6
0004 0009 3 1671175621065848 19.5 -63.5 2.442097414313941 6
0004 0010 3 1671175621067306 39.0 -63.0 4.601942363656923 6
0004 0001 3 1671175621070467 65.875 -63.5 3.429981041712294 6
0004 0004 3 1671175621071460 71.5625 -61.5 4.356505437595221 6
0004 0006 3 1671175621072334 0.0 -65.5 5.6941366846315 6
0004 0008 3 1671175621073613 3.25 -60.0 0.04908738521234052 6
0004 0015 3 1671175621075257 182.25 -70.0 2.6139032625571326 6
0004 0002 3 1671175621076449 71.5625 -69.0 2.693670263527186 6
0004 0007 3 1671175621081448 -218.0625 -74.0 5.436427912266712 6
0004 0009 4 1671175621106640 22.75 -66.0 1.846912868614312 6
0004 0007 4 1671175621107591 55.3125 -70.0 3.2029518851052186 6
0004 0004 4 1671175621108496 -16.25 -61.0 4.221515128261284 6
0004 0015 4 1671175621110165 74.8125 -64.0 1.0062913968529805 6
0004 0011 4 1671175621111067 -7.3125 -70.0 4.6878452877785195 6
0004 0008 4 1671175621112528 -52.0625 -57.0 3.988350048502667 6
0004 0002 4 1671175621113675 6.5 -61.5 1.5953400194010667 6
0004 0010 4 1671175621115023 142.375 -71.5 2.3930100291016 6
0004 0001 4 1671175621116194 -79.75 -69.0 0.03681553890925539 6
0004 0005 4 1671175621117655 117.125 -70.5 6.2034183062095325 6
0004 0015 5 1671175621147741 45.5625 -59.0 5.105088062083414 6
0004 0008 5 1671175621149662 -32.5 -64.5 5.853670686571607 6
0004 0007 5 1671175621150939 -74.8125 -61.0 5.816855147662351 6
0004 0011 5 1671175621151914 41.5 -62.5 2.3193789512830896 6
0004 0001 5 1671175621153075 -68.3125 -66.0 1.705786636128833 6
0004 0007 6 1671175621188015 -55.3125 -66.0 4.172427743048944 6
0004 0011 6 1671175621189287 -24.375 -59.5 5.258486140871978 6
0004 0009 6 1671175621190899 -48.8125 -65.5 4.945554060143307 6
0004 0001 6 1671175621193005 -76.4375 -71.0 2.5832236467994196 6
0004 0003 6 1671175621193917 32.5 -67.0 5.270757987175063 6
0004 0015 6 1671175621195189 -13.8125 -63.0 3.77972866135022 6
0004 0010 6 1671175621197029 -26.0 -69.0 5.773903685601553 6
0004 0005 6 1671175621198008 58.5625 -67.5 5.730952223540755 6
0004 0007 7 1671175621226893 -6.5 -67.0 2.804116880254952 6
0004 0011 7 1671175621229993 7.3125 -63.5 0.06135923151542565 6
0004 0015 8 1671175621256495 71.5625 -70.0 2.5586799541932495 6
0004 0003 8 1671175621258075 136.6875 -71.0 2.816388726558037 6
0004 0011 8 1671175621260828 38.1875 -65.0 1.3560390164909069 6
0004 0005 8 1671175621262302 84.625 -69.5 0.7976700097005334 6
0004 0008 8 1671175621263251 -29.25 -64.5 4.25833066717054 6
0004 0007 8 1671175621264203 52.0625 -62.5 4.295146206079795 6
0004 0010 8 1671175621265390 -16.25 -69.0 4.896466674930966 6
0004 0010 1 1671175621486552 16.25 -62.5 5.049864753719531 6
0004 0004 1 1671175621487472 -19.5 -62.5 4.25833066717054 6
0004 0015 1 1671175621490222 149.6875 -69.5 4.338097668140593 6
0004 0002 2 1671175621517663 -94.375 -68.5 5.6573211457222445 6
0004 0015 2 1671175621525862 -27.625 -68.5 1.4542137869155878 6
0004 0006 2 1671175621527355 192.0 -69.5 2.380738182798515 6
0004 0004 2 1671175621533049 -48.8125 -70.0 4.92714629068868 6
0004 0001 3 1671175621556479 0.0 -65.5 3.4606606574700063 6
0004 0015 3 1671175621557403 239.25 -70.5 2.4175537217077703 6
0004 0009 3 1671175621558379 -26.0 -61.5 2.3071071049800045 6
0004 0010 3 1671175621559540 71.5625 -63.0 4.264466590322082 6
0004 0004 3 1671175621560518 -68.3125 -60.5 4.6878452877785195 6
0004 0008 3 1671175621562205 -52.0625 -59.0 5.982525072754001 6
0004 0006 3 1671175621565374 -9.75 -64.0 0.20248546400090464 6
0004 0003 3 1671175621568142 -113.875 -70.0 2.5893595699509624 6
0004 0002 3 1671175621569347 -16.25 -68.5 3.043417883165112 6
0004 0005 4 1671175621597079 -29.25 -72.0 0.8713010875190442 6
0004 0001 4 1671175621598708 52.0625 -63.0 6.1850105367549055 6
0004 0011 4 1671175621599668 24.375 -68.0 5.240078371417351 6
0004 0002 4 1671175621601076 35.75 -61.0 1.9389517158874505 6
0004 0004 4 1671175621601993 -6.5 -59.5 4.0558452031696355 6
0004 0008 4 1671175621603056 9.75 -63.5 3.5281558121369745 6
0004 0010 4 1671175621604050 110.625 -68.0 2.5709518004963345 6
0004 0009 4 1671175621605278 22.75 -64.0 1.7732817907958012 6
0004 0015 4 1671175621606581 -3.25 -64.0 0.9019807032767571 6
0004 0006 4 1671175621607776 -117.125 -70.0 3.2704470397721868 6
0004 0007 4 1671175621609435 -58.5625 -69.0 4.276738436625168 6
0004 0015 5 1671175621636117 -58.5625 -58.5 4.448544284868359 6
0004 0008 5 1671175621637533 -42.3125 -61.5 5.393476450205914 6
0004 0011 5 1671175621638493 -21.125 -60.5 2.7550294950426117 6
0004 0006 5 1671175621639970 22.75 -71.0 5.773903685601553 6
0004 0007 5 1671175621640965 -61.8125 -63.5 5.841398840268521 6
0004 0014 5 1671175621642198 68.3125 -72.0 5.737088146692298 6
0004 0001 5 1671175621643117 27.625 -67.5 2.36846633649543 6
0004 0011 6 1671175621675798 -3.25 -58.0 5.565282298449106 6
0004 0009 6 1671175621679160 -9.75 -60.5 4.779884135051658 6
0004 0015 6 1671175621680787 61.8125 -66.0 2.055534255766759 6
0004 0001 6 1671175621683051 10.5625 -65.0 6.105243535784852 6
0004 0007 6 1671175621684004 61.8125 -70.0 4.25833066717054 6
0004 0005 6 1671175621685779 -81.375 -72.0 0.6381360077604268 6
0004 0004 7 1671175621706581 -139.9375 -71.5 2.6384469551633027 6
0004 0011 7 1671175621708420 73.1875 -61.0 1.5033011721279284 6
0004 0007 7 1671175621711945 74.8125 -70.5 1.5707963267948966 6
0004 0001 7 1671175621715904 -173.3125 -69.5 3.785864584501762 6
0004 0011 8 1671175621747210 -10.5625 -67.5 2.6568547246179306 6
0004 0007 8 1671175621748162 55.3125 -66.0 0.6258641614573416 6
0004 0015 8 1671175621749110 -97.625 -69.5 3.8840393549264434 6
0004 0001 8 1671175621750990 -48.8125 -70.5 4.718524903536232 6
0004 0006 1 1671175621965797 35.75 -58.0 1.368310862793992 6
0004 0015 1 1671175621968065 -123.6875 -71.0 5.123495831538041 6
0004 0010 1 1671175621970927 58.5625 -71.0 2.5586799541932495 6
0004 0004 1 1671175621973261 91.125 -72.5 3.0127382674073995 6
0004 0011 2 1671175621997712 -201.8125 -66.5 5.8659425328746915 6
0004 0004 2 1671175621998689 35.75 -69.0 5.227806525114265 6
0004 0015 2 1671175621999623 -35.75 -68.5 1.846912868614312 6
0004 0007 2 1671175622000575 159.5 -71.0 3.6017868899554855 6
0004 0002 2 1671175622004879 -107.375 -67.5 2.024854640009046 6
0004 0005 2 1671175622006042 61.8125 -71.5 5.00077736850719 6
0004 0004 3 1671175622026408 -9.75 -58.5 4.215379205109742 6
0004 0001 3 1671175622027612 34.9375 -61.0 0.9940195505498954 6
0004 0007 3 1671175622028562 13.0 -64.0 4.896466674930966 6
0004 0008 3 1671175622029779 19.5 -56.5 6.135923151542564 6
0004 0015 3 1671175622031704 -87.875 -63.0 2.675262494072558 6
0004 0011 3 1671175622034275 -45.5625 -59.5 4.73693267299086 6
0004 0002 3 1671175622036490 -65.0625 -64.0 3.9944859716542096 6
0004 0006 3 1671175622037989 -6.5 -68.0 5.681864838328415 6
0004 0003 3 1671175622040604 -130.1875 -71.0 2.405281875404685 6
0004 0006 4 1671175622066093 6.5 -65.0 0.09817477042468103 6
0004 0004 4 1671175622067086 58.5625 -62.5 6.105243535784852 6
0004 0015 4 1671175622068489 253.875 -70.5 0.4172427743048944 6
0004 0010 4 1671175622070410 -19.5 -62.5 6.191146459906448 6
0004 0007 4 1671175622071361 16.25 -69.0 3.2397674240144743 6
0004 0009 4 1671175622072307 -6.5 -57.5 4.331961744989051 6
0004 0013 4 1671175622073457 -104.125 -68.5 2.466641106920111 6
0004 0008 4 1671175622074417 -16.25 -60.0 1.705786636128833 6
0004 0013 5 1671175622105894 208.3125 -70.5 5.295301679781233 6
0004 0014 5 1671175622107341 224.5625 -69.5 6.12365130523948 6
0004 0011 5 1671175622108301 52.0625 -59.5 0.1718058482431918 6
0004 0001 5 1671175622110008 0.0 -69.5 3.0127382674073995 6
0004 0010 5 1671175622111190 -113.875 -68.0 4.6448938257177215 6
0004 0015 5 1671175622112176 9.75 -59.0 4.73693267299086 6
0004 0007 5 1671175622113336 0.0 -56.5 0.48473792897186263 6
0004 0003 5 1671175622115191 166.0 -71.0 0.23316507975861744 6
0004 0005 5 1671175622116365 -16.25 -69.5 4.921010367537137 6
0004 0006 5 1671175622126011 55.3125 -72.0 1.7241944055834606 6
0004 0009 6 1671175622155831 32.5 -60.5 2.8654761117703775 6
0004 0008 6 1671175622157046 -16.25 -65.0 5.1725832167503825 6
0004 0010 6 1671175622157994 19.5 -65.0 1.533980787885641 6
0004 0005 6 1671175622158932 35.75 -67.0 3.3072625786814425 6
0004 0011 6 1671175622160174 -59.375 -63.5 3.2336315008629315 6
0004 0007 6 1671175622161109 19.5 -60.0 4.381049130201391 6
0004 0001 6 1671175622163291 -79.75 -69.5 4.154019973594316 6
0004 0006 6 1671175622164497 104.125 -71.5 1.8960002538266525 6
0004 0015 6 1671175622166065 9.75 -64.5 1.902136176978195 6
0004 0000 6 1671175622167030 -42.3125 -73.5 0.3865631585471816 6
0004 0004 6 1671175622168673 -6.5 -67.5 3.5158839658338894 6
0004 0015 7 1671175622195904 22.75 -66.5 3.792000507653305 6
0004 0005 7 1671175622198247 -35.75 -66.0 1.2762720155208536 6
0004 0006 7 1671175622200917 -71.5625 -69.5 5.184855063053467 6
0004 0015 8 1671175622227743 -65.0625 -66.5 3.32567034813607 6
0004 0005 8 1671175622228794 39.0 -67.5 1.7426021750380885 6
0004 0006 8 1671175622230012 13.0 -70.0 6.270913460876501 6
0004 0001 1 1671175622446628 0.0 -65.5 1.4542137869155878 6
0004 0007 1 1671175622447950 0.0 -71.5 6.191146459906448 6
0004 0004 1 1671175622449142 -6.5 -58.0 4.902602598082509 6
0004 0006 1 1671175622450094 -26.0 -60.0 2.8961557275280905 6
0004 0015 1 1671175622451280 22.75 -68.0 5.0682725231741586 6
0004 0008 1 1671175622452809 -22.75 -70.0 6.240233845118788 6
0004 0007 2 1671175622486871 81.375 -65.5 0.34974761963792617 6
0004 0004 2 1671175622488475 58.5625 -64.0 1.1658253987930873 6
0004 0005 2 1671175622490517 -61.8125 -72.0 4.71238898038469 6
0004 0015 2 1671175622491990 -3.25 -67.0 1.6935147898257479 6
0004 0009 3 1671175622516861 32.5 -65.0 0.19634954084936207 6
0004 0006 3 1671175622517912 -78.0625 -64.0 5.154175447295755 6
0004 0011 3 1671175622520044 -13.8125 -63.5 4.442408361716817 6
0004 0015 3 1671175622521726 94.375 -63.5 3.497476196379262 6
0004 0001 3 1671175622523824 48.8125 -67.5 5.436427912266712 6
0004 0004 3 1671175622525037 16.25 -59.0 4.270602513473625 6
0004 0007 3 1671175622526372 61.8125 -66.0 3.0802334220743677 6
0004 0008 3 1671175622527958 -113.875 -65.0 4.902602598082509 6
0004 0005 3 1671175622530770 19.5 -66.5 0.5951845456996288 6
0004 0010 3 1671175622531718 -35.75 -66.5 0.46019423636569234 6
0004 0005 4 1671175622566172 -205.0625 -74.0 1.0369710126106935 6
0004 0011 4 1671175622567358 94.375 -69.0 0.23930100291016002 6
0004 0008 4 1671175622568957 -74.8125 -72.0 4.331961744989051 6
0004 0006 4 1671175622570344 -6.5 -62.5 5.540738605842936 6
0004 0009 4 1671175622572012 3.25 -59.0 0.030679615757712823 6
0004 0013 4 1671175622574963 -107.375 -68.0 4.816699673960914 6
0004 0010 4 1671175622575937 3.25 -59.5 4.3933209765044765 6
0004 0012 4 1671175622577003 139.9375 -74.0 0.9265243958829272 6
0004 0013 5 1671175622606131 -48.8125 -67.5 2.172116795646068 6
0004 0007 5 1671175622607136 22.75 -58.0 2.1353012567368124 6
0004 0001 5 1671175622609003 -3.25 -64.5 0.9940195505498954 6
0004 0010 5 1671175622610703 35.75 -64.0 0.9694758579437253 6
0004 0015 5 1671175622611606 13.0 -58.5 5.148039524144211 6
0004 0005 5 1671175622612600 -61.8125 -64.5 5.1725832167503825 6
0004 0004 5 1671175622613562 16.25 -71.0 0.006135923151542565 6
0004 0012 5 1671175622614525 16.25 -65.5 5.117359908386499 6
0004 0011 5 1671175622615585 -59.375 -63.0 4.074252972624263 6
0004 0014 5 1671175622616762 -45.5625 -69.5 0.9756117810952678 6
0004 0004 6 1671175622646399 123.6875 -64.5 2.399145952253143 6
0004 0015 6 1671175622647586 71.5625 -62.0 1.9082721001297376 6
0004 0009 6 1671175622649343 -9.75 -63.0 5.393476450205914 6
0004 0011 6 1671175622650302 24.375 -62.5 2.270291566070749 6
0004 0007 6 1671175622651509 -52.0625 -67.0 6.080699843178682 6
0004 0010 6 1671175622652485 -55.3125 -64.5 4.252194744018997 6
0004 0012 6 1671175622653912 -13.0 -65.0 1.3008157081270237 6
0004 0005 6 1671175622655204 -94.375 -72.0 0.0 6
0004 0008 6 1671175622656123 -68.3125 -70.5 4.571262747899211 6
0004 0001 7 1671175622677467 -159.5 -69.0 2.9943304979527716 6
0004 0010 7 1671175622678543 81.375 -70.0 5.473243451175968 6
0004 0005 7 1671175622680812 39.0 -60.5 1.4419419406125027 6
0004 0015 7 1671175622682210 38.1875 -67.5 3.227495577711389 6
0004 0007 8 1671175622717501 -97.625 -72.0 1.0246991663076084 6
0004 0015 8 1671175622719329 13.0 -65.5 2.2948352586769194 6
0004 0005 8 1671175622720264 -9.75 -63.5 2.6200391857086753 6
0004 0004 1 1671175622935846 16.25 -57.5 4.970097752749477 6
0004 0006 1 1671175622937092 19.5 -60.5 2.454369260617026 6
0004 0015 1 1671175622939613 -3.25 -67.0 5.436427912266712 6
0004 0012 1 1671175622941188 -6.5 -67.5 2.509592568980909 6
0004 0001 1 1671175622942689 -145.625 -72.5 4.669437518323892 6
0004 0015 2 1671175622977602 68.3125 -66.5 1.5830681730979816 6
0004 0007 2 1671175622978551 -9.75 -70.0 0.1595340019401067 6
0004 0004 2 1671175622979515 32.5 -65.5 1.1228739367322893 6
0004 0005 2 1671175622982787 286.4375 -73.0 4.239922897715912 6
0004 0011 3 1671175623007277 55.3125 -60.0 4.614214209960009 6
0004 0007 3 1671175623008188 -65.0625 -66.0 3.4606606574700063 6
0004 0004 3 1671175623009881 -26.0 -60.0 3.816544200259475 6
0004 0009 3 1671175623010859 -42.3125 -63.5 6.105243535784852 6
0004 0008 3 1671175623014117 -81.375 -66.0 4.491495746929157 6
0004 0006 3 1671175623015082 -68.3125 -64.5 5.3198453723874035 6
0004 0005 3 1671175623016276 -113.875 -68.5 0.9694758579437253 6
0004 0010 3 1671175623017929 169.25 -67.5 0.04295146206079795 6
0004 0015 3 1671175623019779 26.0 -63.5 3.902447124381071 6
0004 0006 4 1671175623055877 9.75 -62.5 5.325981295538946 6
0004 0008 4 1671175623058374 -149.6875 -71.5 4.129476280988146 6
0004 0010 4 1671175623059918 16.25 -61.0 4.166291819897402 6
0004 0009 4 1671175623060880 -13.0 -59.0 5.546874528994478 6
0004 0013 4 1671175623062228 -6.5 -64.5 5.632777453116074 6
0004 0007 4 1671175623063601 -61.8125 -72.5 5.841398840268521 6
0004 0011 4 1671175623066233 149.6875 -71.5 5.534602682691394 6
0004 0005 4 1671175623068474 110.625 -72.0 0.8774370106705868 6
0004 0001 5 1671175623096142 180.625 -70.5 5.209398755659637 6
0004 0011 5 1671175623097297 21.125 -63.0 3.466796580621549 6
0004 0013 5 1671175623098490 -71.5625 -65.5 2.8286605728611223 6
0004 0010 5 1671175623099420 -6.5 -65.0 0.5522330836388308 6
0004 0015 5 1671175623100622 3.25 -58.5 5.0682725231741586 6
0004 0004 5 1671175623101616 195.25 -70.0 6.019340611663256 6
0004 0005 5 1671175623102550 3.25 -65.5 4.988505522204105 6
0004 0007 5 1671175623103743 22.75 -58.5 2.3071071049800045 6
0004 0012 5 1671175623105516 9.75 -67.5 4.743068596142402 6
0004 0014 5 1671175623106934 3.25 -68.5 0.859029241215959 6
0004 0011 6 1671175623135970 27.625 -62.0 2.012582793705961 6
0004 0009 6 1671175623137681 -6.5 -62.0 5.332117218690489 6
0004 0007 6 1671175623138860 -48.8125 -67.0 6.215690152512618 6
0004 0015 6 1671175623141139 26.0 -62.0 1.9696313316451632 6
0004 0012 6 1671175623142328 19.5 -64.5 1.3130875544301088 6
0004 0010 6 1671175623143762 -65.0625 -65.0 3.9147189706841563 6
0004 0005 6 1671175623145281 -55.3125 -71.5 0.12885438618239387 6
0004 0008 6 1671175623146200 -26.0 -69.5 4.221515128261284 6
0004 0004 6 1671175623147374 3.25 -66.0 2.3439226438892597 6
0004 0005 7 1671175623177255 58.5625 -61.0 1.4787574795217582 6
0004 0010 7 1671175623178416 -35.75 -67.5 5.295301679781233 6
0004 0015 7 1671175623181536 -39.0 -66.5 3.32567034813607 6
0004 0001 7 1671175623182484 173.3125 -68.0 2.1905245651006955 6
0004 0004 8 1671175623208320 -126.9375 -72.5 5.688000761479957 6
0004 0005 8 1671175623210785 -6.5 -65.5 2.435961491162398 6
0004 0015 8 1671175623211746 9.75 -65.0 2.2948352586769194 6
0004 0004 1 1671175623425891 -13.0 -58.0 5.448699758569798 6
0004 0006 1 1671175623427322 13.0 -60.0 3.0802334220743677 6
0004 0012 1 1671175623428528 156.1875 -69.0 2.478912953223196 6
0004 0015 1 1671175623430198 -100.875 -67.0 5.608233760509904 6
0004 0006 2 1671175623477176 -149.6875 -70.5 3.0250101137104846 6
0004 0004 2 1671175623478593 192.0 -66.5 1.2087768608538851 6
0004 0015 2 1671175623479524 29.25 -66.5 1.6198837120072371 6
0004 0007 2 1671175623480745 -61.8125 -69.0 0.3865631585471816 6
0004 0008 3 1671175623506436 81.375 -67.0 4.049709280018092 6
0004 0010 3 1671175623508008 29.25 -66.5 6.191146459906448 6
0004 0006 3 1671175623509002 -55.3125 -65.0 4.933282213840222 6
0004 0009 3 1671175623509949 -87.875 -62.5 0.07363107781851078 6
0004 0011 3 1671175623511160 -10.5625 -60.5 4.184699589352029 6
0004 0015 3 1671175623512378 13.0 -62.5 3.9208548938356986 6
0004 0005 3 1671175623513927 87.875 -66.5 0.39269908169872414 6
0004 0007 3 1671175623516347 -39.0 -64.5 3.5036121195308043 6
0004 0004 3 1671175623517673 9.75 -59.5 3.368621810196868 6
0004 0014 3 1671175623523634 100.875 -72.5 0.7853981633974483 6
0004 0006 4 1671175623556424 -16.25 -62.5 5.092816215780329 6
0004 0005 4 1671175623557363 65.0625 -72.0 0.0674951546669682 6
0004 0011 4 1671175623558849 -55.3125 -71.0 5.565282298449106 6
0004 0007 4 1671175623560025 71.5625 -71.0 4.933282213840222 6
0004 0008 4 1671175623561003 -55.3125 -72.5 3.454524734318464 6
0004 0009 4 1671175623561948 6.5 -57.0 5.829126993965437 6
0004 0013 4 1671175623563608 -26.0 -64.0 5.516194913236766 6
0004 0010 4 1671175623565676 -52.0625 -61.0 3.865631585471816 6
0004 0011 5 1671175623597209 152.9375 -62.5 3.2397674240144743 6
0004 0014 5 1671175623598189 -52.0625 -68.0 1.1290098598838318 6
0004 0015 5 1671175623599120 39.0 -58.5 4.97623367590102 6
0004 0007 5 1671175623600043 19.5 -58.5 2.2580197197676637 6
0004 0001 5 1671175623601744 -107.375 -70.0 5.8045833013592665 6
0004 0013 5 1671175623602807 45.5625 -66.0 2.6813984172241008 6
0004 0005 5 1671175623603758 -65.0625 -65.5 5.111223985234957 6
0004 0010 5 1671175623604915 -100.875 -64.5 0.8713010875190442 6
0004 0004 5 1671175623607350 100.875 -69.5 0.04908738521234052 6
0004 0012 5 1671175623608554 78.0625 -68.5 4.552854978444583 6
0004 0011 6 1671175623635863 38.1875 -61.5 1.8346410223112268 6
0004 0008 6 1671175623636814 -71.5625 -70.0 4.338097668140593 6
0004 0010 6 1671175623637761 13.0 -64.5 3.9576704327449543 6
0004 0015 6 1671175623639234 9.75 -62.0 1.9880391010997909 6
0004 0004 6 1671175623640185 29.25 -65.5 2.313243028131547 6
0004 0012 6 1671175623642603 9.75 -64.5 1.41126232485479 6
0004 0009 6 1671175623643794 26.0 -60.5 5.516194913236766 6
0004 0005 6 1671175623645538 -48.8125 -70.5 6.215690152512618 6
0004 0007 6 1671175623646616 -35.75 -67.0 6.252505691421874 6
0004 0010 7 1671175623676113 -198.5625 -67.0 5.6941366846315 6
0004 0005 7 1671175623677315 3.25 -60.5 1.6996507129772904 6
0004 0001 7 1671175623678204 10.5625 -68.5 2.4850488763747385 6
0004 0015 7 1671175623682318 -45.5625 -68.0 3.2643111166206444 6
0004 0005 8 1671175623706132 91.125 -66.0 2.705942109830271 6
0004 0015 8 1671175623709046 68.3125 -65.0 2.2396119503130363 6
0004 0004 8 1671175623710255 -9.75 -72.0 5.595961914206819 6
0004 0004 1 1671175623927288 42.3125 -58.0 5.338253141842031 6
0004 0012 1 1671175623928224 -58.5625 -69.0 2.8102528034064944 6
0004 0006 1 1671175623929895 39.0 -60.5 2.945243112740431 6
0004 0015 1 1671175623931124 -13.0 -67.5 5.45483568172134 6
0004 0004 2 1671175623966408 -19.5 -65.0 1.552388557340269 6
0004 0006 2 1671175623969036 201.8125 -71.0 2.521864415283994 6
0004 0015 2 1671175623969982 -29.25 -66.5 1.748738098189631 6
0004 0007 2 1671175623971175 61.8125 -70.0 0.2454369260617026 6
0004 0010 3 1671175623996196 -104.125 -66.0 0.14726215563702155 6
0004 0011 3 1671175623999149 -38.1875 -60.0 4.1417481272912315 6
0004 0004 3 1671175624000378 6.5 -59.5 3.5036121195308043 6
0004 0006 3 1671175624002035 -97.625 -64.5 5.037592907416445 6
0004 0005 3 1671175624003653 29.25 -67.0 0.5276893910326605 6
0004 0009 3 1671175624006051 -13.0 -63.5 5.816855147662351 6
0004 0007 3 1671175624007629 -48.8125 -64.5 3.4606606574700063 6
0004 0015 3 1671175624010382 -13.0 -63.5 3.8410878928656453 6
0004 0008 3 1671175624011969 42.3125 -66.5 4.031301510563465 6
0004 0008 4 1671175624057730 -117.125 -72.0 3.5711072741977725 6
0004 0010 4 1671175624058688 -9.75 -60.5 3.8410878928656453 6
0004 0006 4 1671175624059638 -16.25 -62.5 5.117359908386499 6
0004 0005 4 1671175624060577 159.5 -72.0 0.04908738521234052 6
0004 0009 4 1671175624061566 13.0 -58.5 5.0682725231741586 6
0004 0013 4 1671175624062502 32.5 -64.0 5.3627968344482015 6
0004 0011 4 1671175624064098 -3.25 -70.0 5.93343768754166 6
0004 0007 4 1671175624065038 -52.0625 -71.0 5.037592907416445 6
0004 0000 4 1671175624066298 -71.5625 -75.0 0.5522330836388308 6
0004 0011 5 1671175624086194 21.125 -63.0 3.2520392703175593 6
0004 0014 5 1671175624087103 -35.75 -69.0 0.8774370106705868 6
0004 0010 5 1671175624088022 -32.5 -63.5 0.6688156235181395 6
0004 0013 5 1671175624089734 97.625 -65.5 2.478912953223196 6
0004 0004 5 1671175624091393 -104.125 -70.5 0.21475731030398976 6
0004 0007 5 1671175624093617 19.5 -58.0 2.12916533358527 6
0004 0015 5 1671175624094550 -61.8125 -58.5 5.105088062083414 6
0004 0005 5 1671175624096011 16.25 -65.0 4.970097752749477 6
0004 0012 5 1671175624096918 -22.75 -68.5 4.583534594202296 6
0004 0001 5 1671175624097922 -93.5625 -69.0 5.6573211457222445 6
0004 0007 6 1671175624125876 -146.4375 -67.5 0.04908738521234052 6
0004 0010 6 1671175624126853 -52.0625 -64.0 3.749049045592507 6
0004 0004 6 1671175624128084 3.25 -65.0 2.356194490192345 6
0004 0005 6 1671175624130736 -9.75 -71.0 6.154330920997192 6
0004 0015 6 1671175624131698 19.5 -62.0 1.9634954084936207 6
0004 0011 6 1671175624132643 7.3125 -62.5 1.6873788666742053 6
0004 0008 6 1671175624133522 -74.8125 -70.0 4.252194744018997 6
0004 0009 6 1671175624135139 9.75 -63.0 4.626486056263094 6
0004 0012 6 1671175624136118 55.3125 -65.0 1.227184630308513 6
0004 0005 7 1671175624165927 -9.75 -60.0 1.6014759425526093 6
0004 0010 7 1671175624168211 -6.5 -66.5 5.338253141842031 6
0004 0015 7 1671175624170296 -22.75 -67.5 3.2397674240144743 6
0004 0001 7 1671175624171257 45.5625 -68.0 2.313243028131547 6
0004 0007 8 1671175624195823 22.75 -72.5 0.20248546400090464 6
0004 0005 8 1671175624198122 6.5 -65.0 2.7857091108003242 6
0004 0015 8 1671175624199925 52.0625 -64.5 2.2580197197676637 6
0004 0004 8 1671175624200930 78.0625 -71.5 5.602097837358362 6
0004 0006 1 1671175624415862 19.5 -60.5 2.9575149590435164 6
0004 0004 1 1671175624417023 -13.0 -58.0 5.332117218690489 6
0004 0015 1 1671175624418682 48.8125 -67.0 5.368932757599744 6
0004 0012 1 1671175624419871 -52.0625 -69.0 2.779573187648782 6
0004 0015 2 1671175624466959 -74.8125 -66.0 1.8285050991596843 6
0004 0004 2 1671175624473046 -35.75 -65.5 1.4726215563702154 6
0004 0007 2 1671175624475234 32.5 -70.0 0.3313398501832985 6
0004 0006 2 1671175624486181 16.25 -72.0 2.736621725587984 6
0004 0015 3 1671175624505905 39.0 -63.5 3.8717675086233583 6
0004 0008 3 1671175624507360 32.5 -66.5 4.270602513473625 6
0004 0007 3 1671175624508554 -78.0625 -65.0 3.509748042682347 6
0004 0006 3 1671175624509759 55.3125 -65.5 4.8351074434155406 6
0004 0009 3 1671175624510708 -32.5 -66.0 5.6573211457222445 6
0004 0005 3 1671175624511659 55.3125 -67.5 0.5154175447295755 6
0004 0010 3 1671175624513330 29.25 -66.0 6.160466844148735 6
0004 0004 3 1671175624514860 16.25 -59.5 3.693825737228624 6
0004 0011 3 1671175624516332 76.4375 -61.0 4.129476280988146 6
0004 0010 4 1671175624557743 -16.25 -60.0 4.0128937411088375 6
0004 0007 4 1671175624558696 -42.3125 -71.5 5.338253141842031 6
0004 0013 4 1671175624559675 -58.5625 -64.5 5.559146375297564 6
0004 0006 4 1671175624560594 -74.8125 -62.0 5.381204603902829 6
0004 0009 4 1671175624561599 -13.0 -60.5 4.822835597112456 6
0004 0005 4 1671175624567272 -39.0 -72.5 0.7915340865489908 6
0004 0011 4 1671175624568317 -79.75 -71.0 6.129787228391022 6
0004 0008 4 1671175624569748 39.0 -72.5 3.5833791205008576 6
0004 0001 5 1671175624596433 62.625 -69.5 5.595961914206819 6
0004 0015 5 1671175624598229 17.0625 -58.5 4.988505522204105 6
0004 0010 5 1671175624599434 -55.3125 -63.5 0.8283496254582462 6
0004 0007 5 1671175624601148 65.0625 -58.5 2.2518837966161214 6
0004 0013 5 1671175624602226 78.0625 -65.5 2.552544031041707 6
0004 0012 5 1671175624603696 113.875 -67.0 4.534447208989955 6
0004 0005 5 1671175624604761 -84.625 -65.5 5.21553467881118 6
0004 0014 5 1671175624607036 29.25 -68.5 0.9326603190344698 6
0004 0011 5 1671175624607966 17.0625 -63.0 3.4606606574700063 6
0004 0004 5 1671175624609737 84.625 -70.0 0.14726215563702155 6
0004 0009 6 1671175624636307 -39.0 -65.0 4.558990901596125 6
0004 0008 6 1671175624637253 9.75 -70.0 4.3074180523828804 6
0004 0010 6 1671175624638214 -6.5 -63.5 3.8717675086233583 6
0004 0007 6 1671175624639205 0.0 -67.0 6.234097921967246 6
0004 0004 6 1671175624640884 -22.75 -65.0 2.5034566458293663 6
0004 0011 6 1671175624642071 34.9375 -62.5 1.9082721001297376 6
0004 0012 6 1671175624643500 -19.5 -64.0 1.380582709097077 6
0004 0015 6 1671175624644448 30.875 -62.0 1.9941750242513334 6
0004 0005 6 1671175624646021 -9.75 -70.5 0.01227184630308513 6
0004 0001 7 1671175624676406 201.8125 -68.5 1.9696313316451632 6
0004 0010 7 1671175624679123 -152.9375 -66.5 5.688000761479957 6
0004 0005 7 1671175624680030 -19.5 -61.0 1.6812429435226628 6
0004 0015 7 1671175624681831 26.0 -68.0 3.031146036862027 6
0004 0005 8 1671175624707386 -87.875 -65.5 2.6875343403756435 6
0004 0004 8 1671175624709477 6.5 -71.5 5.43029198911517 6
0004 0015 8 1671175624711106 68.3125 -64.5 2.172116795646068 6
0004 0004 1 1671175624926135 16.25 -58.0 5.0253210611133605 6
0004 0015 1 1671175624930738 -117.125 -67.0 5.626641529964532 6
0004 0006 1 1671175624931981 22.75 -60.0 2.6568547246179306 6
0004 0012 1 1671175624932889 61.8125 -69.5 2.4175537217077703 6
0004 0015 2 1671175624966055 74.8125 -66.5 1.564660403643354 6
0004 0004 2 1671175624968325 -65.0625 -65.0 1.368310862793992 6
0004 0007 2 1671175624969645 6.5 -70.0 0.14112623248547898 6
0004 0008 3 1671175625005860 -68.3125 -66.0 4.558990901596125 6
0004 0011 3 1671175625007879 -24.375 -61.0 4.479223900626073 6
0004 0005 3 1671175625008833 185.5 -67.5 0.47860200582032003 6
0004 0006 3 1671175625010235 -29.25 -64.5 5.135767677841127 6
0004 0004 3 1671175625011421 -6.5 -60.0 3.9515345095934116 6
0004 0009 3 1671175625014229 13.0 -65.0 5.602097837358362 6
0004 0010 3 1671175625015166 136.6875 -66.0 6.234097921967246 6
0004 0015 3 1671175625016151 -7.3125 -63.0 3.9944859716542096 6
0004 0007 3 1671175625017955 -84.625 -66.5 3.724505352986337 6
0004 0011 4 1671175625055881 97.625 -71.0 5.988660995905543 6
0004 0009 4 1671175625056841 -6.5 -59.5 5.148039524144211 6
0004 0010 4 1671175625058058 -3.25 -60.0 4.190835512503572 6
0004 0006 4 1671175625059520 35.75 -62.5 5.301437602932776 6
0004 0013 4 1671175625060837 -13.0 -64.0 5.6573211457222445 6
0004 0007 4 1671175625062256 -143.1875 -73.5 5.822991070813893 6
0004 0005 4 1671175625063178 26.0 -72.0 0.9326603190344698 6
0004 0000 4 1671175625066156 133.4375 -75.5 0.7669903939428205 6
0004 0008 4 1671175625067358 -145.625 -72.0 4.061981126321178 6
0004 0014 5 1671175625096805 58.5625 -68.5 0.8897088569736719 6
0004 0012 5 1671175625097826 35.75 -66.5 4.706253057233147 6
0004 0015 5 1671175625098758 -13.0 -58.5 5.098952138931871 6
0004 0013 5 1671175625099738 -123.6875 -66.0 3.0066023442558567 6
0004 0007 5 1671175625100926 6.5 -58.5 2.435961491162398 6
0004 0011 5 1671175625101844 21.125 -62.0 3.6079228131070282 6
0004 0005 5 1671175625102795 -35.75 -64.5 5.184855063053467 6
0004 0001 5 1671175625104153 -10.5625 -69.5 5.737088146692298 6
0004 0010 5 1671175625105354 0.0 -63.0 0.8344855486097889 6
0004 0004 5 1671175625106323 -65.0625 -70.5 0.14726215563702155 6
0004 0007 6 1671175625125881 97.625 -67.0 6.252505691421874 6
0004 0011 6 1671175625126840 24.375 -62.5 2.043262409463674 6
0004 0009 6 1671175625127745 -19.5 -63.5 4.847379289718626 6
0004 0004 6 1671175625128694 -13.0 -65.0 2.5709518004963345 6
0004 0012 6 1671175625129842 55.3125 -64.5 1.380582709097077 6
0004 0015 6 1671175625131483 42.3125 -62.0 1.9512235621905356 6
0004 0010 6 1671175625132430 -35.75 -64.5 3.988350048502667 6
0004 0005 6 1671175625133366 19.5 -70.5 0.09817477042468103 6
0004 0008 6 1671175625135677 -100.875 -70.5 4.466952054322987 6
0004 0005 7 1671175625156212 29.25 -61.0 1.6566992509164924 6
0004 0010 7 1671175625157642 22.75 -67.0 5.460971604872882 6
0004 0015 7 1671175625160164 -35.75 -66.0 3.3195344249845276 6
0004 0001 7 1671175625161505 -7.3125 -68.5 2.3623304133438876 6
0004 0015 8 1671175625187572 52.0625 -65.0 2.2396119503130363 6
0004 0005 8 1671175625188821 16.25 -64.0 2.36846633649543 6
0004 0004 1 1671175625405813 16.25 -58.0 4.914874444385594 6
0004 0006 1 1671175625407245 -65.0625 -60.0 2.767301341345697 6
0004 0015 1 1671175625408614 -17.0625 -67.5 5.491651220630596 6
0004 0012 1 1671175625410091 120.4375 -68.5 2.313243028131547 6
0004 0004 2 1671175625439245 0.0 -64.0 1.214912784005428 6
0004 0015 2 1671175625442463 -34.9375 -66.0 1.748738098189631 6
0004 0007 2 1671175625444324 162.75 -68.5 5.964117303299373 6
0004 0005 2 1671175625450049 -260.375 -71.0 5.135767677841127 6
0004 0011 3 1671175625475826 7.3125 -60.5 4.485359823777615 6
0004 0009 3 1671175625477521 -19.5 -63.5 6.043884304269426 6
0004 0007 3 1671175625478400 -3.25 -65.5 3.5895150436524004 6
0004 0010 3 1671175625479861 32.5 -66.5 0.36815538909255385 6
0004 0015 3 1671175625481542 -6.5 -63.5 4.000621894805752 6
0004 0004 3 1671175625483017 -35.75 -60.0 4.104932588381976 6
0004 0006 3 1671175625484309 -52.0625 -64.5 5.190990986205009 6
0004 0005 3 1671175625487080 6.5 -68.0 0.803805932852076 6
0004 0008 3 1671175625488412 -22.75 -67.0 4.577398671050753 6
0004 0012 3 1671175625489947 -29.25 -71.0 3.785864584501762 6
0004 0014 3 1671175625493495 9.75 -70.0 1.0615147052168636 6
0004 0009 4 1671175625515920 -29.25 -58.5 6.062292073724054 6
0004 0013 4 1671175625517364 9.75 -65.0 5.6143696836614465 6
0004 0005 4 1671175625518274 -65.0625 -71.0 1.3744467859455345 6
0004 0011 4 1671175625519500 -10.5625 -71.5 6.22182607566416 6
0004 0006 4 1671175625520421 13.0 -62.5 5.4671075280244255 6
0004 0010 4 1671175625522120 -32.5 -59.5 4.270602513473625 6
0004 0008 4 1671175625523605 156.1875 -72.0 3.6754179677739964 6
0004 0007 4 1671175625525591 -65.0625 -74.0 5.93343768754166 6
