0004 0003 1 1671089950166223 81.375 -70.5 5.724816300389213 0
0004 0013 1 1671089950167111 0.0 -65.5 4.23378697456437 0
0004 0008 1 1671089950168334 78.0625 -68.5 1.5278448647340985 0
0004 0012 1 1671089950169283 -87.875 -68.5 4.601942363656923 0
0004 0007 1 1671089950170503 -42.3125 -67.0 4.516039439535327 0
0004 0005 1 1671089950171667 -58.5625 -67.0 3.0127382674073995 0
0004 0009 1 1671089950172826 -35.75 -61.5 4.031301510563465 0
0004 0015 1 1671089950174071 -45.5625 -64.5 1.4051264017032472 0
0004 0004 1 1671089950175020 91.125 -67.5 4.589670517353839 0
0004 0010 1 1671089950178043 68.3125 -67.5 1.9389517158874505 0
0004 0000 1 1671089950183759 35.75 -74.5 4.178563666200486 0
0004 0009 2 1671089950205933 16.25 -62.0 0.3436116964863836 0
0004 0010 2 1671089950207150 87.875 -62.0 5.148039524144211 0
0004 0014 2 1671089950208621 68.3125 -61.0 2.6261751088602177 0
0004 0012 2 1671089950210545 -13.0 -59.5 1.2455923997631406 0
0004 0011 2 1671089950213695 97.625 -64.0 1.9757672547967058 0
0004 0013 2 1671089950215011 -3.25 -63.5 2.5586799541932495 0
0004 0005 2 1671089950218155 175.75 -71.5 0.5092816215780329 0
0004 0015 2 1671089950219698 182.25 -70.0 2.2212041808584084 0
0004 0000 2 1671089950234665 -65.0625 -71.0 4.798291904506286 0
0004 0002 2 1671089950241459 -81.375 -70.5 5.7616318392984684 0
0004 0004 2 1671089950247659 136.6875 -71.5 3.466796580621549 0
0004 0015 3 1671089950277256 42.3125 -65.0 5.577554144752192 0
0004 0005 4 1671089950312433 120.4375 -69.5 5.2339424482658075 0
0004 0015 4 1671089950313975 -16.25 -60.5 1.7303303287350031 0
0004 0003 4 1671089950314941 -22.75 -75.5 4.184699589352029 0
0004 0004 4 1671089950316176 68.3125 -69.0 1.6014759425526093 0
0004 0007 4 1671089950317892 65.0625 -72.0 0.4479223900626072 0
0004 0002 5 1671089950349260 3.25 -67.0 5.565282298449106 0
0004 0014 5 1671089950350872 3.25 -64.5 1.7978254834019713 0
0004 0006 5 1671089950352570 -35.75 -68.5 4.8351074434155406 0
0004 0012 5 1671089950353958 192.0 -71.5 0.19634954084936207 0
0004 0015 5 1671089950358236 81.375 -71.5 5.546874528994478 0
0004 0007 5 1671089950361160 126.9375 -72.5 1.1903690913992575 0
0004 0007 6 1671089950386168 19.5 -73.5 5.626641529964532 0
0004 0005 6 1671089950387613 16.25 -72.5 0.7547185476397354 0
0004 0006 6 1671089950388562 -19.5 -60.0 4.828971520263998 0
0004 0014 6 1671089950391176 -52.0625 -65.0 2.662990647769473 0
0004 0002 6 1671089950392071 65.0625 -71.5 3.6140587362585705 0
0004 0013 6 1671089950394281 26.0 -72.0 1.1228739367322893 0
0004 0004 6 1671089950396802 -195.25 -70.5 4.595806440505381 0
0004 0010 7 1671089950417337 -3.25 -64.5 3.485204350076177 0
0004 0001 7 1671089950418329 73.1875 -69.0 6.191146459906448 0
0004 0011 7 1671089950419585 48.8125 -64.5 1.3560390164909069 0
0004 0002 7 1671089950421292 -3.25 -65.0 2.859340188618835 0
0004 0004 7 1671089950424288 -3.25 -58.0 0.8344855486097889 0
0004 0015 7 1671089950425238 55.3125 -71.0 4.325825821837508 0
0004 0006 7 1671089950426835 16.25 -61.0 0.3620194659410113 0
0004 0010 8 1671089950456965 -6.5 -59.0 0.6688156235181395 0
0004 0005 8 1671089950458342 -65.0625 -70.0 5.43029198911517 0
0004 0013 8 1671089950459894 -68.3125 -60.0 5.43029198911517 0
0004 0012 8 1671089950460884 19.5 -60.0 1.9941750242513334 0
0004 0002 8 1671089950462824 0.0 -74.5 4.417864669110647 0
0004 0009 8 1671089950463776 6.5 -62.5 3.5158839658338894 0
0004 0006 8 1671089950465235 6.5 -63.0 3.1784081924990484 0
0004 0004 8 1671089950466215 -26.0 -61.5 3.411573272257666 0
0004 0015 8 1671089950467644 22.75 -70.0 0.16566992509164924 0
0004 0011 8 1671089950468947 135.0625 -69.5 5.780039608753096 0
0004 0008 8 1671089950470762 58.5625 -68.0 1.0615147052168636 0
0004 0014 8 1671089950471681 16.25 -64.0 2.564815877344792 0
0004 0008 1 1671089950689444 -32.5 -68.5 1.533980787885641 0
0004 0015 1 1671089950690388 6.5 -65.5 1.282407938672396 0
0004 0013 1 1671089950691793 58.5625 -65.0 4.1601558967458585 0
0004 0009 1 1671089950693251 22.75 -61.0 3.80427235395639 0
0004 0007 1 1671089950694174 -39.0 -66.0 4.528311285838413 0
0004 0004 1 1671089950695376 -6.5 -67.5 4.608078286808466 0
0004 0010 1 1671089950698021 -22.75 -67.5 1.7119225592803755 0
0004 0003 1 1671089950700773 188.75 -71.5 5.344389064993574 0
0004 0005 1 1671089950701720 16.25 -67.0 2.834796496012665 0
0004 0012 1 1671089950702683 3.25 -68.5 4.264466590322082 0
0004 0009 2 1671089950726694 -55.3125 -61.0 0.3988350048502667 0
0004 0013 2 1671089950728026 19.5 -63.5 2.4175537217077703 0
0004 0014 2 1671089950729004 -39.0 -62.0 2.693670263527186 0
0004 0002 2 1671089950729985 32.5 -71.5 5.675728915176872 0
0004 0011 2 1671089950730931 107.375 -64.0 1.7794177139473437 0
0004 0010 2 1671089950732159 3.25 -62.0 5.203262832508095 0
0004 0012 2 1671089950733349 32.5 -60.0 1.0615147052168636 0
0004 0015 2 1671089950737164 146.4375 -69.0 2.399145952253143 0
0004 0004 2 1671089950738129 253.875 -69.5 2.521864415283994 0
0004 0005 2 1671089950739049 91.125 -70.5 0.2699806186678728 0
0004 0000 2 1671089950740042 -393.8125 -70.0 5.325981295538946 0
0004 0015 3 1671089950769236 52.0625 -64.0 5.626641529964532 0
0004 0007 3 1671089950774791 9.75 -70.0 2.9206994201342606 0
0004 0015 4 1671089950795874 42.3125 -60.5 1.6935147898257479 0
0004 0005 4 1671089950800406 -35.75 -69.0 5.767767762450011 0
0004 0004 4 1671089950801610 35.75 -67.5 1.8530487917658545 0
0004 0003 4 1671089950806686 -175.75 -75.5 4.381049130201391 0
0004 0015 5 1671089950826237 100.875 -71.5 5.638913376267617 0
0004 0014 5 1671089950827410 -3.25 -64.0 1.8714565612204823 0
0004 0012 5 1671089950828391 139.9375 -71.5 0.5460971604872883 0
0004 0006 5 1671089950831444 -97.625 -67.0 5.123495831538041 0
0004 0007 5 1671089950833009 126.9375 -72.0 1.3437671701878218 0
0004 0002 5 1671089950834174 -104.125 -67.5 5.8475347634200645 0
0004 0006 6 1671089950866161 -39.0 -60.0 4.957825906446392 0
0004 0005 6 1671089950867101 192.0 -73.5 0.3374757733348411 0
0004 0014 6 1671089950868570 -29.25 -65.0 2.675262494072558 0
0004 0007 6 1671089950871068 -139.9375 -72.5 6.007068765360171 0
0004 0002 6 1671089950872531 -146.4375 -71.5 4.086524818927348 0
0004 0013 6 1671089950873464 65.0625 -72.5 0.9878836273983529 0
0004 0004 6 1671089950874668 -32.5 -71.5 4.749204519293945 0
0004 0001 6 1671089950875657 -194.4375 -73.5 4.344233591292136 0
0004 0004 7 1671089950896383 3.25 -58.0 0.619728238305799 0
0004 0002 7 1671089950897573 -16.25 -64.5 2.7550294950426117 0
0004 0011 7 1671089950898804 38.1875 -64.5 1.2210487071569704 0
0004 0006 7 1671089950901165 -32.5 -60.5 0.2699806186678728 0
0004 0010 7 1671089950902114 -42.3125 -64.0 3.436116964863836 0
0004 0001 7 1671089950903584 -90.3125 -68.5 6.129787228391022 0
0004 0015 7 1671089950908038 -62.625 -70.0 4.454680208019902 0
0004 0008 8 1671089950946606 -3.25 -68.0 1.0062913968529805 0
0004 0012 8 1671089950947882 -9.75 -59.5 1.9573594853420782 0
0004 0013 8 1671089950948804 39.0 -60.0 5.190990986205009 0
0004 0006 8 1671089950949782 26.0 -63.0 3.000466421104314 0
0004 0009 8 1671089950951451 -22.75 -62.0 3.6263305825616556 0
0004 0015 8 1671089950952415 -26.0 -69.5 0.25157284921324513 0
0004 0014 8 1671089950953759 58.5625 -64.0 2.497320722677824 0
0004 0002 8 1671089950954968 29.25 -73.0 4.399456899656019 0
0004 0010 8 1671089950956058 16.25 -59.0 0.44178646691106466 0
0004 0004 8 1671089950957005 -9.75 -61.5 3.215223731408304 0
0004 0005 8 1671089950958523 29.25 -71.0 5.221670601962723 0
0004 0011 8 1671089950959440 128.5625 -70.5 5.64504929941916 0
0004 0012 1 1671089951175939 -74.8125 -68.5 4.338097668140593 0
0004 0008 1 1671089951177398 22.75 -69.5 1.5033011721279284 0
0004 0003 1 1671089951179390 -123.6875 -73.0 5.688000761479957 0
0004 0010 1 1671089951180365 16.25 -68.0 1.6751070203711202 0
0004 0009 1 1671089951182009 -19.5 -60.5 3.865631585471816 0
0004 0005 1 1671089951182976 -126.9375 -66.5 3.0495538063166547 0
0004 0004 1 1671089951183894 -45.5625 -67.5 4.608078286808466 0
0004 0015 1 1671089951185235 0.0 -65.0 1.282407938672396 0
0004 0013 1 1671089951189595 -19.5 -65.0 4.23378697456437 0
0004 0007 1 1671089951191225 -32.5 -66.5 4.399456899656019 0
0004 0009 2 1671089951226621 -42.3125 -60.5 0.2699806186678728 0
0004 0014 2 1671089951227896 19.5 -61.5 2.5954954931025047 0
0004 0012 2 1671089951228843 16.25 -59.5 1.012427320004523 0
0004 0015 2 1671089951229791 -38.1875 -70.5 2.509592568980909 0
0004 0004 2 1671089951231252 -172.5 -70.0 3.153864499892878 0
0004 0013 2 1671089951235830 55.3125 -63.0 2.337786720737717 0
0004 0011 2 1671089951237457 58.5625 -63.5 1.7241944055834606 0
0004 0010 2 1671089951239835 42.3125 -62.0 4.945554060143307 0
0004 0002 2 1671089951241733 -332.0 -71.5 0.03681553890925539 0
0004 0000 2 1671089951243051 166.0 -72.0 4.632621979414636 0
0004 0005 2 1671089951244045 -185.5 -70.0 0.42337869745643697 0
0004 0015 3 1671089951267241 84.625 -65.5 5.540738605842936 0
0004 0007 3 1671089951275513 52.0625 -71.5 3.160000423044421 0
0004 0003 4 1671089951296834 172.5 -74.5 3.80427235395639 0
0004 0004 4 1671089951298380 -26.0 -67.0 1.9205439464328227 0
0004 0015 4 1671089951299979 -22.75 -60.5 1.7978254834019713 0
0004 0005 4 1671089951301225 13.0 -69.0 5.835262917116979 0
0004 0002 5 1671089951326628 19.5 -67.0 5.638913376267617 0
0004 0006 5 1671089951328488 61.8125 -68.0 4.908738521234052 0
0004 0014 5 1671089951330062 84.625 -64.0 1.748738098189631 0
0004 0015 5 1671089951331604 -29.25 -71.5 5.71868037723767 0
0004 0007 5 1671089951336063 26.0 -72.0 1.5953400194010667 0
0004 0012 5 1671089951337041 -29.25 -71.5 0.4356505437595221 0
0004 0014 6 1671089951356414 -6.5 -65.0 2.6384469551633027 0
0004 0006 6 1671089951357675 -39.0 -60.5 5.043728830567988 0
0004 0013 6 1671089951359718 65.0625 -72.5 0.9203884727313847 0
0004 0001 6 1671089951360865 -84.625 -72.5 4.368777283898306 0
0004 0005 6 1671089951361831 162.75 -72.5 0.46019423636569234 0
0004 0002 6 1671089951363052 -55.3125 -70.5 3.9453985864418692 0
0004 0004 6 1671089951364386 -104.125 -72.5 4.896466674930966 0
0004 0007 6 1671089951365348 -6.5 -72.0 5.835262917116979 0
0004 0011 7 1671089951386229 59.375 -64.0 1.055378782065321 0
0004 0010 7 1671089951387971 24.375 -64.0 3.3502140407422405 0
0004 0004 7 1671089951390587 26.0 -58.0 0.5154175447295755 0
0004 0002 7 1671089951393602 -87.875 -64.5 2.8838838812250054 0
0004 0006 7 1671089951394509 22.75 -61.0 0.09817477042468103 0
0004 0001 7 1671089951400560 -104.125 -68.0 0.006135923151542565 0
0004 0015 7 1671089951411376 -34.9375 -71.0 4.25833066717054 0
0004 0007 7 1671089951414975 413.375 -72.0 2.5157284921324514 0
0004 0006 8 1671089951436414 78.0625 -62.5 2.8654761117703775 0
0004 0008 8 1671089951437633 110.625 -68.0 0.7363107781851077 0
0004 0004 8 1671089951438567 -32.5 -62.0 3.1968159619536762 0
0004 0015 8 1671089951439545 110.625 -71.0 0.018407769454627694 0
0004 0014 8 1671089951440507 13.0 -64.0 2.564815877344792 0
0004 0012 8 1671089951441992 -13.0 -59.5 1.9573594853420782 0
0004 0013 8 1671089951443422 -45.5625 -60.0 5.307573526084319 0
0004 0005 8 1671089951445028 -65.0625 -70.5 5.283029833478148 0
0004 0009 8 1671089951446241 0.0 -61.5 3.5465635815916023 0
0004 0010 8 1671089951447178 16.25 -58.5 0.37429131224409645 0
0004 0011 8 1671089951448575 -7.3125 -70.5 5.730952223540755 0
0004 0002 8 1671089951449872 42.3125 -72.5 4.424000592262189 0
0004 0008 1 1671089951666371 94.375 -69.0 1.4051264017032472 0
0004 0012 1 1671089951667573 16.25 -69.0 4.325825821837508 0
0004 0004 1 1671089951669036 -52.0625 -68.0 4.552854978444583 0
0004 0013 1 1671089951670237 32.5 -65.0 4.04357335686655 0
0004 0007 1 1671089951673435 -29.25 -66.5 4.405592822807561 0
0004 0015 1 1671089951674483 117.125 -64.5 1.1167380135807468 0
0004 0010 1 1671089951675694 0.0 -68.5 1.8223691760081417 0
0004 0009 1 1671089951677123 6.5 -60.5 3.8840393549264434 0
0004 0003 1 1671089951678107 -224.5625 -72.5 6.050020227420969 0
0004 0005 1 1671089951680263 -52.0625 -66.5 3.0066023442558567 0
0004 0000 1 1671089951685388 9.75 -73.5 4.1601558967458585 0
0004 0010 2 1671089951705921 42.3125 -62.5 5.006913291658733 0
0004 0009 2 1671089951707646 -32.5 -60.5 0.39269908169872414 0
0004 0012 2 1671089951708835 52.0625 -60.0 1.030835089459151 0
0004 0014 2 1671089951709838 -3.25 -61.5 2.6139032625571326 0
0004 0011 2 1671089951711788 73.1875 -64.0 1.8100973297050567 0
0004 0013 2 1671089951712722 100.875 -63.5 2.2457478734645786 0
0004 0015 2 1671089951713937 6.5 -69.5 2.6323110320117604 0
0004 0002 2 1671089951715825 100.875 -70.0 5.620505606812989 0
0004 0005 2 1671089951726218 45.5625 -69.5 0.3988350048502667 0
0004 0004 2 1671089951732257 -110.625 -70.0 2.9636508821950587 0
0004 0015 3 1671089951758762 97.625 -65.5 5.497787143782138 0
0004 0007 3 1671089951763770 -6.5 -71.0 3.000466421104314 0
0004 0015 4 1671089951787540 39.0 -61.0 1.6873788666742053 0
0004 0005 4 1671089951793801 19.5 -69.0 5.626641529964532 0
0004 0003 4 1671089951795410 -42.3125 -74.5 4.09266074207889 0
0004 0004 4 1671089951796934 61.8125 -67.0 1.6935147898257479 0
0004 0002 5 1671089951825771 -6.5 -66.5 5.460971604872882 0
0004 0007 5 1671089951828940 123.6875 -72.5 1.4848934026733007 0
0004 0014 5 1671089951829929 -3.25 -64.5 1.7855536370988863 0
0004 0015 5 1671089951830879 -35.75 -71.0 5.859806609723149 0
0004 0006 5 1671089951831858 55.3125 -67.5 4.878058905476339 0
0004 0012 5 1671089951832921 71.5625 -71.5 0.2945243112740431 0
0004 0014 6 1671089951856423 -9.75 -65.5 2.6445828783148455 0
0004 0006 6 1671089951858270 -42.3125 -60.0 4.921010367537137 0
0004 0002 6 1671089951861003 -42.3125 -72.5 3.834951969714103 0
0004 0004 6 1671089951862207 55.3125 -71.5 4.546719055293041 0
0004 0005 6 1671089951863557 185.5 -74.0 0.4479223900626072 0
0004 0007 6 1671089951864592 -29.25 -72.5 5.841398840268521 0
0004 0013 6 1671089951867352 35.75 -72.0 0.944932165337555 0
0004 0001 7 1671089951886474 -29.25 -68.0 6.270913460876501 0
0004 0006 7 1671089951888073 -42.3125 -61.0 0.2945243112740431 0
0004 0011 7 1671089951891732 -104.125 -64.5 1.4173982480063325 0
0004 0002 7 1671089951893149 -42.3125 -64.5 2.8286605728611223 0
0004 0015 7 1671089951894777 -26.0 -72.5 4.338097668140593 0
0004 0010 7 1671089951896236 -61.8125 -64.0 3.6140587362585705 0
0004 0004 7 1671089951897691 -3.25 -58.0 0.6810874698212247 0
0004 0010 8 1671089951936155 9.75 -59.0 0.5154175447295755 0
0004 0013 8 1671089951937586 -6.5 -60.5 5.258486140871978 0
0004 0014 8 1671089951938750 97.625 -64.5 2.435961491162398 0
0004 0008 8 1671089951940419 22.75 -67.0 1.043106935762236 0
0004 0012 8 1671089951941366 6.5 -59.5 1.9757672547967058 0
0004 0015 8 1671089951942569 16.25 -70.0 0.09203884727313846 0
0004 0011 8 1671089951944140 9.75 -70.5 5.816855147662351 0
0004 0004 8 1671089951945134 19.5 -61.5 3.2213596545598464 0
0004 0009 8 1671089951947047 -26.0 -62.0 3.6754179677739964 0
0004 0006 8 1671089951948025 29.25 -63.0 3.067961575771282 0
0004 0005 8 1671089951950028 110.625 -71.5 5.264622064023521 0
0004 0002 8 1671089951951321 -55.3125 -75.5 4.460816131171445 0
0004 0013 1 1671089952167812 -13.0 -65.0 4.239922897715912 0
0004 0009 1 1671089952168875 13.0 -61.5 3.9699422790480394 0
0004 0005 1 1671089952169854 -94.375 -67.5 3.1354567304382504 0
0004 0015 1 1671089952170759 61.8125 -64.5 1.2087768608538851 0
0004 0010 1 1671089952171706 48.8125 -68.5 1.8653206380689396 0
0004 0012 1 1671089952173433 -100.875 -69.0 4.595806440505381 0
0004 0004 1 1671089952174751 61.8125 -67.0 4.479223900626073 0
0004 0007 1 1671089952175731 39.0 -66.0 4.485359823777615 0
0004 0008 1 1671089952178267 13.0 -69.5 1.521708941582556 0
0004 0003 1 1671089952179887 -123.6875 -72.0 6.178874613603362 0
0004 0000 1 1671089952186606 -152.9375 -74.0 4.454680208019902 0
0004 0010 2 1671089952222828 29.25 -62.5 5.209398755659637 0
0004 0002 2 1671089952223767 234.3125 -70.0 5.295301679781233 0
0004 0014 2 1671089952224669 19.5 -61.5 2.60776733940559 0
0004 0009 2 1671089952225616 -16.25 -62.0 0.5399612373357456 0
0004 0013 2 1671089952226551 45.5625 -64.0 2.4175537217077703 0
0004 0011 2 1671089952228008 62.625 -64.0 2.061670178918302 0
0004 0012 2 1671089952229704 39.0 -60.0 1.1351457830353744 0
0004 0015 2 1671089952238252 -74.8125 -69.5 2.552544031041707 0
0004 0000 2 1671089952254315 -78.0625 -70.5 4.81056375080937 0
0004 0003 2 1671089952269096 -221.3125 -71.5 1.945087639038993 0
0004 0015 3 1671089952296579 39.0 -65.0 5.577554144752192 0
0004 0007 3 1671089952298411 120.4375 -70.5 3.000466421104314 0
0004 0015 4 1671089952325909 0.0 -60.5 1.718058482431918 0
0004 0005 4 1671089952328514 126.9375 -69.0 5.338253141842031 0
0004 0004 4 1671089952329472 0.0 -67.0 1.748738098189631 0
0004 0007 4 1671089952333933 6.5 -73.5 0.5276893910326605 0
0004 0003 4 1671089952336870 -247.375 -73.5 4.0987966652304335 0
0004 0007 5 1671089952365881 39.0 -70.5 1.3867186322486196 0
0004 0002 5 1671089952367103 35.75 -67.5 5.240078371417351 0
0004 0006 5 1671089952368564 110.625 -67.5 4.767612288748572 0
0004 0012 5 1671089952369514 -42.3125 -73.5 0.2270291566070749 0
0004 0015 5 1671089952370434 107.375 -72.0 5.559146375297564 0
0004 0014 5 1671089952371865 48.8125 -64.5 1.8039614065535141 0
0004 0007 6 1671089952396866 162.75 -73.0 5.3627968344482015 0
0004 0005 6 1671089952397917 120.4375 -73.0 0.6013204688511713 0
0004 0014 6 1671089952399061 13.0 -66.0 2.5709518004963345 0
0004 0006 6 1671089952400195 -19.5 -60.0 4.81056375080937 0
0004 0002 6 1671089952401374 -81.375 -72.5 3.816544200259475 0
0004 0004 6 1671089952403623 -68.3125 -70.0 4.485359823777615 0
0004 0013 6 1671089952405509 -52.0625 -73.0 1.2210487071569704 0
0004 0002 7 1671089952448108 -9.75 -65.5 2.9636508821950587 0
0004 0001 7 1671089952449141 -22.75 -68.0 0.0859029241215959 0
0004 0011 7 1671089952450611 83.0 -65.0 1.3560390164909069 0
0004 0010 7 1671089952452069 -13.0 -65.5 3.56497135104623 0
0004 0004 7 1671089952453360 -9.75 -58.5 0.8774370106705868 0
0004 0015 7 1671089952454338 -149.6875 -70.5 4.896466674930966 0
0004 0006 7 1671089952455286 -13.0 -61.0 0.3988350048502667 0
0004 0013 8 1671089952495931 -13.0 -60.5 5.338253141842031 0
0004 0015 8 1671089952497107 146.4375 -70.0 6.234097921967246 0
0004 0008 8 1671089952498097 -45.5625 -67.5 1.3560390164909069 0
0004 0004 8 1671089952499373 -39.0 -61.5 3.466796580621549 0
0004 0010 8 1671089952500546 29.25 -58.5 0.607456392002714 0
0004 0006 8 1671089952501479 6.5 -63.0 3.184544115650591 0
0004 0009 8 1671089952502386 -13.0 -62.5 3.5956509668039427 0
0004 0014 8 1671089952504569 58.5625 -64.5 2.4850488763747385 0
0004 0012 8 1671089952505641 0.0 -59.5 2.0371264863121317 0
0004 0002 8 1671089952506883 97.625 -73.0 4.442408361716817 0
0004 0005 8 1671089952507789 19.5 -71.0 5.540738605842936 0
0004 0011 8 1671089952508992 -121.25 -71.5 6.14819499784565 0
0004 0005 1 1671089952726170 -55.3125 -68.0 3.215223731408304 0
0004 0012 1 1671089952729425 13.0 -68.5 4.374913207049849 0
0004 0009 1 1671089952730741 6.5 -61.5 3.77972866135022 0
0004 0004 1 1671089952731649 -3.25 -67.5 4.828971520263998 0
0004 0003 1 1671089952733293 -42.3125 -72.5 0.018407769454627694 0
0004 0015 1 1671089952734765 -68.3125 -65.0 1.4296700943094176 0
0004 0013 1 1671089952735743 -29.25 -65.5 4.295146206079795 0
0004 0008 1 1671089952739402 0.0 -68.0 1.7732817907958012 0
0004 0010 1 1671089952740312 -68.3125 -67.0 2.030990563160589 0
0004 0007 1 1671089952741726 19.5 -66.5 4.448544284868359 0
0004 0011 2 1671089952776728 90.3125 -63.5 2.030990563160589 0
0004 0010 2 1671089952778047 -48.8125 -62.0 5.393476450205914 0
0004 0014 2 1671089952778996 32.5 -61.0 2.5832236467994196 0
0004 0012 2 1671089952779931 29.25 -59.5 1.1535535524900022 0
0004 0009 2 1671089952780894 -42.3125 -61.0 0.5031456984264903 0
0004 0013 2 1671089952782125 35.75 -63.5 2.4727770300716534 0
0004 0002 2 1671089952784891 -358.0625 -71.0 0.030679615757712823 0
0004 0015 2 1671089952792659 58.5625 -70.0 2.454369260617026 0
0004 0007 3 1671089952837618 -123.6875 -70.5 3.227495577711389 0
0004 0015 3 1671089952838806 -58.5625 -64.5 5.780039608753096 0
0004 0005 4 1671089952867974 113.875 -68.0 5.2339424482658075 0
0004 0015 4 1671089952868935 32.5 -61.0 1.718058482431918 0
0004 0007 4 1671089952871633 6.5 -73.0 0.662679700366597 0
0004 0004 4 1671089952873501 -16.25 -68.5 1.6137477888556946 0
0004 0003 4 1671089952881004 16.25 -74.5 4.037437433715008 0
0004 0002 5 1671089952907022 -58.5625 -66.5 5.295301679781233 0
0004 0014 5 1671089952908611 26.0 -64.0 1.7855536370988863 0
0004 0015 5 1671089952909845 -224.5625 -72.0 5.93343768754166 0
0004 0006 5 1671089952914094 -29.25 -69.0 4.724660826687775 0
0004 0007 5 1671089952915045 94.375 -73.0 1.012427320004523 0
0004 0012 5 1671089952916817 81.375 -72.5 0.3313398501832985 0
0004 0006 6 1671089952936315 -42.3125 -60.0 4.792155981354743 0
0004 0014 6 1671089952940707 -39.0 -66.0 2.6200391857086753 0
0004 0013 6 1671089952942644 -26.0 -72.5 1.0983302441261191 0
0004 0002 6 1671089952944207 -68.3125 -72.5 3.724505352986337 0
0004 0004 6 1671089952945186 -58.5625 -69.0 4.4362724385652745 0
0004 0005 6 1671089952946192 -71.5625 -74.0 0.8406214717613314 0
0004 0007 6 1671089952947525 -19.5 -74.0 5.737088146692298 0
0004 0006 7 1671089952979244 3.25 -60.5 0.4540583132141498 0
0004 0010 7 1671089952980165 26.0 -65.5 3.6815538909255388 0
0004 0004 7 1671089952981126 -16.25 -58.0 1.043106935762236 0
0004 0001 7 1671089952983273 55.3125 -68.5 0.14726215563702155 0
0004 0002 7 1671089952984505 -29.25 -64.0 3.043417883165112 0
0004 0011 7 1671089952985433 3.25 -64.5 1.564660403643354 0
0004 0015 7 1671089952992446 -162.75 -69.5 4.743068596142402 0
0004 0014 8 1671089953016516 6.5 -65.0 2.5402721847386216 0
0004 0004 8 1671089953017467 -29.25 -61.5 3.5158839658338894 0
0004 0012 8 1671089953018640 42.3125 -59.5 1.9880391010997909 0
0004 0005 8 1671089953019815 13.0 -70.5 5.71868037723767 0
0004 0006 8 1671089953021034 -22.75 -62.5 3.3318062712876126 0
0004 0009 8 1671089953022465 13.0 -62.5 3.6386024288647407 0
0004 0010 8 1671089953023596 3.25 -58.5 0.7424467013366504 0
0004 0013 8 1671089953024544 -6.5 -61.0 5.405748296509 0
0004 0011 8 1671089953028137 -62.625 -71.5 6.129787228391022 0
0004 0008 8 1671089953029099 48.8125 -68.0 1.3560390164909069 0
0004 0015 8 1671089953030681 45.5625 -70.5 0.11044661672776616 0
0004 0015 1 1671089953246092 32.5 -65.5 1.2640001692177683 0
0004 0010 1 1671089953248199 125.3125 -68.5 1.932815792735908 0
0004 0007 1 1671089953249659 -71.5625 -66.0 4.651029748869264 0
0004 0009 1 1671089953250536 -35.75 -61.0 4.178563666200486 0
0004 0005 1 1671089953253197 97.625 -67.5 3.3072625786814425 0
0004 0004 1 1671089953254983 -6.5 -67.0 4.865787059173254 0
0004 0012 1 1671089953256344 84.625 -68.5 4.399456899656019 0
0004 0003 1 1671089953257268 -13.0 -71.5 0.03681553890925539 0
0004 0013 1 1671089953259649 -22.75 -66.0 4.3074180523828804 0
0004 0008 1 1671089953260614 149.6875 -68.5 1.6996507129772904 0
0004 0000 1 1671089953263855 -227.8125 -74.5 4.755340442445488 0
0004 0012 2 1671089953286916 39.0 -60.0 1.2087768608538851 0
0004 0011 2 1671089953287962 -55.3125 -63.5 2.3746022596469727 0
0004 0013 2 1671089953288882 81.375 -63.5 2.466641106920111 0
0004 0014 2 1671089953289844 71.5625 -62.0 2.497320722677824 0
0004 0009 2 1671089953291243 6.5 -62.0 0.6688156235181395 0
0004 0010 2 1671089953292432 -3.25 -62.0 5.473243451175968 0
0004 0002 2 1671089953294068 -68.3125 -69.5 5.988660995905543 0
0004 0000 2 1671089953298996 13.0 -70.0 5.141903600992669 0
0004 0015 2 1671089953301820 136.6875 -70.0 2.4605051837685683 0
0004 0004 2 1671089953303757 -91.125 -71.0 3.834951969714103 0
0004 0005 2 1671089953307782 162.75 -71.5 0.6504078540635119 0
0004 0015 3 1671089953337483 -130.1875 -64.5 5.8659425328746915 0
0004 0007 3 1671089953339369 32.5 -70.0 2.9268353432858034 0
0004 0005 4 1671089953367238 26.0 -69.0 5.2768939103266055 0
0004 0015 4 1671089953368200 26.0 -60.5 1.6873788666742053 0
0004 0004 4 1671089953370424 130.1875 -70.0 1.3314953238847365 0
0004 0007 4 1671089953375996 -22.75 -73.0 0.46019423636569234 0
0004 0003 4 1671089953377501 276.625 -74.0 3.6079228131070282 0
0004 0002 5 1671089953406077 32.5 -67.5 5.037592907416445 0
0004 0014 5 1671089953407522 -9.75 -63.5 1.7732817907958012 0
0004 0006 5 1671089953408445 9.75 -69.0 4.718524903536232 0
0004 0012 5 1671089953411721 97.625 -71.0 6.277049384028044 0
0004 0015 5 1671089953412756 218.875 -72.0 5.4671075280244255 0
0004 0006 6 1671089953435841 6.5 -60.0 4.651029748869264 0
0004 0004 6 1671089953439273 113.875 -68.0 3.933126740138784 0
0004 0014 6 1671089953440235 13.0 -66.0 2.5770877236478773 0
0004 0002 6 1671089953441458 -48.8125 -74.5 3.5956509668039427 0
0004 0005 6 1671089953444434 -81.375 -75.5 0.9326603190344698 0
0004 0004 7 1671089953466406 -45.5625 -57.5 1.1290098598838318 0
0004 0011 7 1671089953469138 -107.375 -65.0 1.6812429435226628 0
0004 0006 7 1671089953471041 3.25 -60.5 0.4908738521234052 0
0004 0001 7 1671089953471946 34.9375 -69.5 0.05522330836388308 0
0004 0002 7 1671089953473904 22.75 -64.0 2.9943304979527716 0
0004 0010 7 1671089953474869 19.5 -65.5 3.9269908169872414 0
0004 0008 7 1671089953476216 48.8125 -71.5 1.9573594853420782 0
0004 0015 7 1671089953477191 -39.0 -69.5 4.473087977474529 0
0004 0005 8 1671089953506621 91.125 -71.0 5.730952223540755 0
0004 0015 8 1671089953507543 -107.375 -69.5 0.3190680038802134 0
0004 0010 8 1671089953508518 58.5625 -59.0 0.7301748550335652 0
0004 0014 8 1671089953509707 13.0 -64.0 2.5341362615870793 0
0004 0009 8 1671089953510655 16.25 -61.5 4.0128937411088375 0
0004 0006 8 1671089953511846 -19.5 -62.5 3.423845118560751 0
0004 0008 8 1671089953513023 -55.3125 -67.5 1.6198837120072371 0
0004 0011 8 1671089953514420 48.8125 -71.5 6.037748381117884 0
0004 0013 8 1671089953515737 -9.75 -61.0 5.448699758569798 0
0004 0004 8 1671089953516943 -32.5 -62.0 3.5956509668039427 0
0004 0012 8 1671089953518415 19.5 -59.5 2.067806102069844 0
0004 0008 1 1671089953736326 -3.25 -67.5 2.0371264863121317 0
0004 0009 1 1671089953737517 26.0 -60.5 4.239922897715912 0
0004 0013 1 1671089953738551 22.75 -66.0 4.215379205109742 0
0004 0005 1 1671089953739745 -130.1875 -67.5 3.5711072741977725 0
0004 0000 1 1671089953740936 172.5 -72.5 4.368777283898306 0
0004 0004 1 1671089953741870 -39.0 -67.0 4.914874444385594 0
0004 0010 1 1671089953742818 16.25 -68.0 2.030990563160589 0
0004 0007 1 1671089953744999 26.0 -66.0 4.491495746929157 0
0004 0012 1 1671089953745977 -84.625 -69.5 4.614214209960009 0
0004 0003 1 1671089953748050 9.75 -72.0 0.25770877236478773 0
0004 0015 1 1671089953749366 -13.0 -64.0 1.337631247036279 0
0004 0012 2 1671089953776859 3.25 -60.0 1.2640001692177683 0
0004 0014 2 1671089953778448 55.3125 -61.5 2.5402721847386216 0
0004 0009 2 1671089953779395 -19.5 -61.5 0.8283496254582462 0
0004 0011 2 1671089953780326 -76.4375 -64.5 2.3930100291016 0
0004 0013 2 1671089953781304 -130.1875 -64.0 2.7857091108003242 0
0004 0010 2 1671089953782249 -16.25 -62.5 5.522330836388308 0
0004 0015 2 1671089953786235 -32.5 -69.5 2.736621725587984 0
0004 0000 2 1671089953787891 338.5 -70.5 4.933282213840222 0
0004 0002 2 1671089953790400 133.4375 -70.0 5.681864838328415 0
0004 0004 2 1671089953807582 -22.75 -71.5 3.816544200259475 0
0004 0005 2 1671089953811331 29.25 -70.5 0.6749515466696822 0
0004 0015 3 1671089953838021 -45.5625 -64.5 5.767767762450011 0
0004 0007 3 1671089953840221 26.0 -69.5 2.7857091108003242 0
0004 0004 4 1671089953866365 55.3125 -71.0 1.5033011721279284 0
0004 0015 4 1671089953867509 32.5 -61.0 1.6812429435226628 0
0004 0007 4 1671089953869283 -87.875 -72.0 0.3190680038802134 0
0004 0005 4 1671089953872328 29.25 -69.0 5.252350217720435 0
0004 0006 5 1671089953896402 130.1875 -68.5 4.4362724385652745 0
0004 0014 5 1671089953898738 87.875 -63.5 1.6382914814618648 0
0004 0015 5 1671089953901903 -208.3125 -71.5 6.056156150572511 0
0004 0002 5 1671089953902909 -45.5625 -66.5 4.945554060143307 0
0004 0012 5 1671089953915958 9.75 -73.0 6.270913460876501 0
0004 0007 5 1671089953917081 81.375 -71.0 0.8774370106705868 0
0004 0006 6 1671089953938377 6.5 -59.5 4.595806440505381 0
0004 0004 6 1671089953939297 6.5 -67.5 4.06811704947272 0
0004 0005 6 1671089953940222 110.625 -72.5 0.7669903939428205 0
0004 0014 6 1671089953941111 -6.5 -65.5 2.4850488763747385 0
0004 0002 6 1671089953943155 -227.8125 -75.5 3.6386024288647407 0
0004 0006 7 1671089953966988 42.3125 -61.5 0.5522330836388308 0
0004 0004 7 1671089953969015 6.5 -57.5 1.1351457830353744 0
0004 0011 7 1671089953972072 -139.125 -65.0 1.8346410223112268 0
0004 0001 7 1671089953973333 -142.375 -68.0 0.23930100291016002 0
0004 0002 7 1671089953974508 -52.0625 -64.5 3.098641191528995 0
0004 0010 7 1671089953975440 -26.0 -65.0 4.025165587411922 0
0004 0015 7 1671089953979835 94.375 -69.5 4.454680208019902 0
0004 0008 7 1671089953981233 -29.25 -72.0 2.1230294104337273 0
0004 0006 8 1671089954006135 -3.25 -62.5 3.466796580621549 0
0004 0014 8 1671089954007921 13.0 -64.0 2.5341362615870793 0
0004 0015 8 1671089954008900 81.375 -70.0 0.0859029241215959 0
0004 0004 8 1671089954010073 9.75 -62.0 3.56497135104623 0
0004 0005 8 1671089954011829 -58.5625 -70.5 5.970253226450915 0
0004 0010 8 1671089954012887 3.25 -58.5 0.8835729338221293 0
0004 0009 8 1671089954013822 -9.75 -61.0 4.111068511533518 0
0004 0012 8 1671089954014757 -16.25 -60.0 2.1475731030398975 0
0004 0011 8 1671089954015717 97.625 -71.0 6.025476534814799 0
0004 0013 8 1671089954016806 3.25 -61.0 5.436427912266712 0
0004 0008 8 1671089954018155 61.8125 -68.0 1.423534171157875 0
0004 0015 1 1671089954236359 -32.5 -65.0 1.3560390164909069 0
0004 0003 1 1671089954237936 205.0625 -70.0 6.22182607566416 0
0004 0005 1 1671089954239155 -35.75 -67.5 3.448388811166921 0
0004 0004 1 1671089954240074 22.75 -67.0 4.749204519293945 0
0004 0013 1 1671089954241067 32.5 -66.0 4.215379205109742 0
0004 0009 1 1671089954242309 -6.5 -60.0 4.356505437595221 0
0004 0008 1 1671089954244618 52.0625 -67.0 1.9082721001297376 0
0004 0000 1 1671089954245810 52.0625 -73.5 4.411728745959104 0
0004 0007 1 1671089954248667 -9.75 -65.5 4.663301595172349 0
0004 0010 1 1671089954249988 26.0 -67.5 2.1782527187976104 0
0004 0012 1 1671089954252776 -107.375 -69.5 4.442408361716817 0
0004 0002 2 1671089954275998 26.0 -69.0 6.056156150572511 0
0004 0011 2 1671089954277226 -10.5625 -64.5 2.36846633649543 0
0004 0010 2 1671089954278174 -3.25 -62.0 5.473243451175968 0
0004 0003 2 1671089954279157 -16.25 -72.5 2.1659808724945253 0
0004 0009 2 1671089954280328 3.25 -61.5 0.8958447801252144 0
0004 0012 2 1671089954282809 -16.25 -60.0 1.337631247036279 0
0004 0014 2 1671089954284369 87.875 -61.5 2.4911847995262812 0
0004 0013 2 1671089954286239 -61.8125 -64.0 2.767301341345697 0
0004 0000 2 1671089954287667 87.875 -70.5 5.47937937432751 0
0004 0004 2 1671089954288748 -117.125 -70.5 4.080388895775806 0
0004 0015 2 1671089954290388 -221.3125 -69.5 3.0066023442558567 0
0004 0015 3 1671089954318038 32.5 -64.5 5.589825991055276 0
0004 0007 3 1671089954319359 149.6875 -69.5 2.5954954931025047 0
0004 0004 4 1671089954346119 52.0625 -71.0 1.4173982480063325 0
0004 0005 4 1671089954349692 39.0 -69.0 5.2339424482658075 0
0004 0015 4 1671089954351017 0.0 -61.0 1.7426021750380885 0
0004 0007 4 1671089954353276 19.5 -72.5 0.3190680038802134 0
0004 0015 5 1671089954376420 9.75 -70.5 5.878214379177777 0
0004 0014 5 1671089954378486 -6.5 -64.0 1.7978254834019713 0
0004 0006 5 1671089954379439 -113.875 -69.5 4.816699673960914 0
0004 0002 5 1671089954381126 94.375 -66.5 4.8351074434155406 0
0004 0007 5 1671089954382459 -6.5 -70.5 0.9326603190344698 0
0004 0012 5 1671089954384287 -9.75 -71.5 6.111379458936394 0
0004 0004 6 1671089954407163 -68.3125 -67.5 4.09266074207889 0
0004 0006 6 1671089954408350 9.75 -59.5 4.583534594202296 0
0004 0014 6 1671089954409551 0.0 -66.0 2.5157284921324514 0
0004 0004 7 1671089954436110 26.0 -58.0 1.1474176293384597 0
0004 0015 7 1671089954437043 -39.0 -71.5 4.583534594202296 0
0004 0001 7 1671089954440818 10.5625 -67.5 0.04295146206079795 0
0004 0002 7 1671089954442179 -42.3125 -64.0 3.117048960983623 0
0004 0010 7 1671089954443070 -100.875 -64.5 4.080388895775806 0
0004 0006 7 1671089954444004 -6.5 -61.5 0.6688156235181395 0
0004 0011 7 1671089954444924 107.375 -64.5 1.4848934026733007 0
0004 0008 8 1671089954476845 22.75 -67.5 1.6321555583103222 0
0004 0010 8 1671089954478189 9.75 -58.5 0.9081166264282996 0
0004 0013 8 1671089954479394 -26.0 -61.5 5.516194913236766 0
0004 0011 8 1671089954480611 -34.9375 -71.0 6.178874613603362 0
0004 0012 8 1671089954481502 29.25 -59.5 2.116893487282185 0
0004 0009 8 1671089954483449 -26.0 -62.0 4.135612204139688 0
0004 0004 8 1671089954484378 0.0 -62.5 3.6692820446224537 0
0004 0005 8 1671089954485449 -52.0625 -70.0 5.976389149602458 0
0004 0006 8 1671089954486425 -45.5625 -62.0 3.552699504743145 0
0004 0014 8 1671089954487472 6.5 -64.0 2.497320722677824 0
0004 0015 8 1671089954488536 110.625 -70.0 0.01227184630308513 0
0004 0009 1 1671089954705893 -9.75 -61.0 4.319689898685965 0
0004 0003 1 1671089954706876 -39.0 -70.0 0.25770877236478773 0
0004 0008 1 1671089954707825 -52.0625 -67.0 2.1905245651006955 0
0004 0013 1 1671089954708757 -9.75 -66.5 4.301282129231338 0
0004 0015 1 1671089954710129 26.0 -64.5 1.282407938672396 0
0004 0007 1 1671089954712101 -39.0 -66.0 4.675573441475434 0
0004 0004 1 1671089954713079 26.0 -67.0 4.822835597112456 0
0004 0012 1 1671089954714283 -100.875 -68.5 4.6448938257177215 0
0004 0010 1 1671089954717284 -52.0625 -67.5 2.3316507975861747 0
0004 0005 1 1671089954718248 22.75 -67.0 3.368621810196868 0
0004 0000 1 1671089954719371 -182.25 -74.5 5.086680292628786 0
0004 0009 2 1671089954746094 -9.75 -62.5 0.7485826244881929 0
0004 0013 2 1671089954747254 -9.75 -64.5 2.6261751088602177 0
0004 0012 2 1671089954748416 26.0 -59.5 1.3130875544301088 0
0004 0011 2 1671089954749377 38.1875 -64.5 2.2396119503130363 0
0004 0014 2 1671089954750284 -55.3125 -62.0 2.742757648739526 0
0004 0015 2 1671089954752675 358.0625 -69.5 2.073942025221387 0
0004 0010 2 1671089954754570 29.25 -62.0 5.559146375297564 0
0004 0002 2 1671089954755636 -107.375 -71.5 6.050020227420969 0
0004 0003 2 1671089954762847 -169.25 -71.5 2.1230294104337273 0
0004 0000 2 1671089954768491 130.1875 -71.5 5.387340527054372 0
0004 0004 2 1671089954775548 78.0625 -70.5 3.9208548938356986 0
0004 0015 3 1671089954807508 -10.5625 -65.0 5.6573211457222445 0
0004 0007 3 1671089954809526 -74.8125 -70.5 2.9820586516496865 0
0004 0005 4 1671089954837508 35.75 -69.5 5.135767677841127 0
0004 0007 4 1671089954839108 -68.3125 -71.0 0.07976700097005335 0
0004 0015 4 1671089954840020 0.0 -61.0 1.705786636128833 0
0004 0004 4 1671089954845137 29.25 -71.0 1.41126232485479 0
0004 0006 5 1671089954866106 120.4375 -69.5 4.601942363656923 0
0004 0014 5 1671089954867053 91.125 -64.0 1.6260196351587797 0
0004 0015 5 1671089954868030 -142.375 -71.0 6.000932842208628 0
0004 0002 5 1671089954869716 -9.75 -67.0 4.908738521234052 0
0004 0012 5 1671089954871222 -211.5625 -72.0 0.1227184630308513 0
0004 0007 5 1671089954875475 52.0625 -69.5 0.8835729338221293 0
0004 0006 6 1671089954896893 -26.0 -59.5 4.632621979414636 0
0004 0014 6 1671089954898476 -3.25 -65.5 2.4605051837685683 0
0004 0004 6 1671089954899770 -74.8125 -67.5 4.123340357836604 0
0004 0004 7 1671089954936220 16.25 -58.0 1.2087768608538851 0
0004 0015 7 1671089954937608 -146.4375 -70.5 4.718524903536232 0
0004 0006 7 1671089954938769 -26.0 -61.5 0.7179030087304801 0
0004 0008 7 1671089954939946 292.9375 -70.0 1.5830681730979816 0
0004 0010 7 1671089954940848 16.25 -65.0 3.9638063558964967 0
0004 0011 7 1671089954941807 -21.125 -64.5 1.7119225592803755 0
0004 0002 7 1671089954943241 29.25 -63.5 3.0372819600135696 0
0004 0001 7 1671089954947107 121.25 -68.0 0.09203884727313846 0
0004 0005 8 1671089954976205 -78.0625 -70.5 6.1850105367549055 0
0004 0013 8 1671089954977465 39.0 -61.5 5.442563835418255 0
0004 0006 8 1671089954979631 -52.0625 -62.0 3.6263305825616556 0
0004 0014 8 1671089954980622 -29.25 -64.0 2.6139032625571326 0
0004 0004 8 1671089954981585 -48.8125 -63.0 3.749049045592507 0
0004 0009 8 1671089954982560 22.75 -63.0 3.877903431774901 0
0004 0008 8 1671089954984007 68.3125 -67.5 1.6566992509164924 0
0004 0010 8 1671089954984952 13.0 -58.5 0.9633399347921826 0
0004 0012 8 1671089954985928 22.75 -60.0 2.1230294104337273 0
0004 0011 8 1671089954992636 117.9375 -71.0 6.111379458936394 0
0004 0015 8 1671089954993568 -39.0 -70.0 0.2454369260617026 0
