0004 0011 1 1671175762698781 10.5625 -68.0 5.43029198911517 6
0004 0015 1 1671175762700751 39.0 -70.5 0.3436116964863836 6
0004 0001 1 1671175762703499 45.5625 -70.0 3.043417883165112 6
0004 0001 2 1671175762726829 191.1875 -68.0 1.0737865515199487 6
0004 0007 2 1671175762728573 201.8125 -70.5 0.20248546400090464 6
0004 0003 2 1671175762730038 126.9375 -64.5 5.822991070813893 6
0004 0015 3 1671175762757289 87.875 -69.5 2.497320722677824 6
0004 0004 3 1671175762758478 26.0 -58.5 4.847379289718626 6
0004 0008 3 1671175762760123 -198.5625 -66.5 1.7855536370988863 6
0004 0003 4 1671175762796609 22.75 -69.0 0.5890486225480862 6
0004 0015 4 1671175762797898 55.3125 -72.0 1.3928545554001621 6
0004 0001 4 1671175762800609 -39.0 -69.0 2.6813984172241008 6
0004 0007 4 1671175762802071 26.0 -73.0 3.0925052683774528 6
0004 0004 4 1671175762807238 -13.0 -68.0 4.4976316700806995 6
0004 0008 4 1671175762808158 13.0 -69.0 1.2517283229146832 6
0004 0004 5 1671175762835879 -48.8125 -64.5 5.64504929941916 6
0004 0002 5 1671175762836916 19.5 -67.5 0.46019423636569234 6
0004 0011 5 1671175762839113 -229.4375 -67.5 0.30679615757712825 6
0004 0009 5 1671175762840073 9.75 -61.0 2.399145952253143 6
0004 0008 5 1671175762841023 -61.8125 -61.5 4.706253057233147 6
0004 0007 5 1671175762842725 -97.625 -68.0 2.3439226438892597 6
0004 0001 5 1671175762845306 84.625 -69.0 3.4054373491061236 6
0004 0008 6 1671175762865908 26.0 -64.0 6.227961998815704 6
0004 0006 6 1671175762867099 -32.5 -59.0 1.88986433067511 6
0004 0005 6 1671175762868320 -42.3125 -70.5 0.9203884727313847 6
0004 0007 6 1671175762869314 29.25 -70.0 0.4479223900626072 6
0004 0003 6 1671175762870508 -19.5 -59.5 3.2213596545598464 6
0004 0015 6 1671175762871714 146.4375 -68.0 3.104777114680538 6
0004 0009 6 1671175762873612 68.3125 -66.0 2.2150682577068657 6
0004 0001 6 1671175762875010 -62.625 -70.5 3.3195344249845276 6
0004 0004 6 1671175762876810 -29.25 -63.0 4.963961829597935 6
0004 0014 6 1671175762879671 26.0 -75.0 0.30066023442558565 6
0004 0001 7 1671175762907264 68.3125 -65.0 1.9941750242513334 6
0004 0011 7 1671175762908493 -10.5625 -60.0 0.6258641614573416 6
0004 0015 7 1671175762909980 -13.0 -68.0 4.7307967498393175 6
0004 0003 7 1671175762913665 29.25 -66.5 6.037748381117884 6
0004 0009 7 1671175762914758 -68.3125 -63.0 5.154175447295755 6
0004 0004 8 1671175762956201 16.25 -64.0 2.3009711818284617 6
0004 0005 8 1671175762957974 100.875 -67.0 6.031612457966341 6
0004 0015 8 1671175762959059 -13.8125 -60.0 3.2643111166206444 6
0004 0009 8 1671175762960505 -52.0625 -64.5 4.3074180523828804 6
0004 0011 8 1671175762961478 -69.125 -66.5 3.6570101983193686 6
0004 0001 8 1671175762963978 41.5 -70.0 1.9696313316451632 6
0004 0013 8 1671175762965197 133.4375 -74.0 3.479068426924634 6
0004 0003 8 1671175762966149 -16.25 -67.0 0.14726215563702155 6
0004 0014 8 1671175762968336 -120.4375 -72.0 4.878058905476339 6
0004 0006 8 1671175762969496 26.0 -66.5 3.0066023442558567 6
0004 0007 8 1671175762970446 39.0 -66.5 0.4479223900626072 6
0004 0001 1 1671175763187958 -48.8125 -69.0 3.32567034813607 6
0004 0011 1 1671175763189004 13.8125 -67.5 5.743224069843841 6
0004 0005 1 1671175763189941 35.75 -69.5 1.3867186322486196 6
0004 0015 1 1671175763190903 91.125 -71.5 0.4111068511533518 6
0004 0003 2 1671175763219032 -113.875 -65.0 0.07363107781851078 6
0004 0008 3 1671175763266467 74.8125 -67.0 1.552388557340269 6
0004 0005 3 1671175763268031 35.75 -70.0 3.2336315008629315 6
0004 0004 3 1671175763269418 -22.75 -59.0 5.3198453723874035 6
0004 0015 3 1671175763271075 -24.375 -70.0 2.5586799541932495 6
0004 0006 3 1671175763272412 -345.0 -71.5 5.166447293598839 6
0004 0008 4 1671175763296859 13.0 -68.5 1.8653206380689396 6
0004 0015 4 1671175763297907 79.75 -72.0 1.4296700943094176 6
0004 0011 4 1671175763298854 55.3125 -71.0 2.9575149590435164 6
0004 0003 4 1671175763299809 -65.0625 -68.5 0.6994952392758523 6
0004 0001 4 1671175763300755 -135.0625 -67.5 3.5895150436524004 6
0004 0004 4 1671175763301886 -9.75 -70.0 4.994641445355648 6
0004 0002 5 1671175763326154 74.8125 -67.0 0.14726215563702155 6
0004 0007 5 1671175763327104 133.4375 -69.0 1.8775924843720249 6
0004 0009 5 1671175763329437 39.0 -60.5 2.1598449493429825 6
0004 0008 5 1671175763330401 -42.3125 -60.5 4.411728745959104 6
0004 0001 5 1671175763331559 -19.5 -69.5 3.0372819600135696 6
0004 0004 5 1671175763332479 13.0 -64.0 5.209398755659637 6
0004 0011 5 1671175763333739 -93.5625 -68.0 6.12365130523948 6
0004 0006 6 1671175763366404 13.0 -60.5 1.552388557340269 6
0004 0009 6 1671175763367353 6.5 -65.5 1.8653206380689396 6
0004 0007 6 1671175763369015 68.3125 -69.5 6.277049384028044 6
0004 0003 6 1671175763370433 -3.25 -59.0 2.748893571891069 6
0004 0001 6 1671175763371701 -34.9375 -70.5 3.141592653589793 6
0004 0008 6 1671175763372919 -35.75 -62.5 5.988660995905543 6
0004 0015 6 1671175763373835 6.5 -68.5 3.1231848841351653 6
0004 0005 6 1671175763374874 185.5 -72.5 0.28838838812250056 6
0004 0014 6 1671175763376659 32.5 -75.5 0.5399612373357456 6
0004 0004 6 1671175763377607 13.0 -64.0 4.608078286808466 6
0004 0011 7 1671175763406578 7.3125 -61.0 0.2454369260617026 6
0004 0002 7 1671175763407858 13.0 -70.0 1.1535535524900022 6
0004 0001 7 1671175763408836 -123.6875 -66.0 1.5953400194010667 6
0004 0009 7 1671175763411058 -113.875 -62.5 4.865787059173254 6
0004 0015 7 1671175763412134 -78.0625 -68.0 4.81056375080937 6
0004 0003 7 1671175763413072 74.8125 -65.5 5.553010452146021 6
0004 0004 7 1671175763421228 32.5 -73.0 1.5033011721279284 6
0004 0003 8 1671175763445887 3.25 -67.0 6.074563920027139 6
0004 0011 8 1671175763446835 -38.1875 -66.5 3.2643111166206444 6
0004 0013 8 1671175763447811 -61.8125 -74.5 3.399301425954581 6
0004 0015 8 1671175763448785 16.25 -60.5 3.117048960983623 6
0004 0004 8 1671175763449777 22.75 -63.5 2.043262409463674 6
0004 0001 8 1671175763451192 87.0625 -69.5 1.6014759425526093 6
0004 0005 8 1671175763452638 -97.625 -66.5 5.976389149602458 6
0004 0006 8 1671175763453575 39.0 -65.5 2.7550294950426117 6
0004 0009 8 1671175763454763 13.0 -64.5 3.6999616603801666 6
0004 0007 8 1671175763455940 -32.5 -67.0 0.18407769454627693 6
0004 0014 8 1671175763460763 -139.9375 -73.0 4.921010367537137 6
0004 0001 1 1671175763678359 27.625 -64.5 2.6016314162540475 6
0004 0003 1 1671175763679634 -6.5 -70.0 5.252350217720435 6
0004 0006 1 1671175763680600 -87.875 -70.0 2.6016314162540475 6
0004 0011 1 1671175763682835 -93.5625 -71.0 0.09203884727313846 6
0004 0005 1 1671175763685750 139.9375 -69.0 1.1290098598838318 6
0004 0015 1 1671175763687585 -22.75 -72.0 0.7240389318820226 6
0004 0003 2 1671175763716374 -19.5 -63.0 0.380427235395639 6
0004 0007 2 1671175763717918 81.375 -66.0 2.5034566458293663 6
0004 0004 2 1671175763721328 35.75 -68.5 3.9515345095934116 6
0004 0004 3 1671175763747011 -117.125 -64.0 0.1349903093339364 6
0004 0006 3 1671175763752888 78.0625 -66.5 6.056156150572511 6
0004 0015 3 1671175763754804 22.75 -69.5 2.448233337465483 6
0004 0005 3 1671175763756143 -55.3125 -71.0 2.6998061866787286 6
0004 0002 4 1671175763777446 58.5625 -66.5 5.516194913236766 6
0004 0011 4 1671175763780228 -34.9375 -67.5 4.3933209765044765 6
0004 0015 4 1671175763781745 91.125 -71.5 1.6566992509164924 6
0004 0004 4 1671175763782667 61.8125 -71.5 0.8467573949128739 6
0004 0005 5 1671175763806868 78.0625 -66.5 0.6994952392758523 6
0004 0008 5 1671175763809331 -13.0 -55.0 1.4542137869155878 6
0004 0003 5 1671175763810918 39.0 -66.5 1.2455923997631406 6
0004 0002 5 1671175763813249 -9.75 -59.0 3.06182565261974 6
0004 0006 5 1671175763814139 0.0 -60.0 0.47860200582032003 6
0004 0001 5 1671175763815230 0.0 -66.5 2.693670263527186 6
0004 0004 5 1671175763816184 29.25 -64.5 5.602097837358362 6
0004 0015 5 1671175763819471 -142.375 -71.0 3.5956509668039427 6
0004 0002 6 1671175763846168 0.0 -68.5 0.1595340019401067 6
0004 0006 6 1671175763847350 13.0 -57.5 2.834796496012665 6
0004 0004 6 1671175763848538 -16.25 -58.0 3.8288160465625602 6
0004 0001 6 1671175763850010 79.75 -61.5 1.1658253987930873 6
0004 0003 6 1671175763851955 65.0625 -67.0 2.4175537217077703 6
0004 0011 6 1671175763852918 -55.3125 -68.5 4.09266074207889 6
0004 0014 6 1671175763854266 162.75 -71.5 0.521553467881118 6
0004 0005 6 1671175763856069 -94.375 -70.5 4.749204519293945 6
0004 0015 6 1671175763857299 -91.125 -66.0 3.2581751934691017 6
0004 0007 6 1671175763858264 39.0 -71.0 4.424000592262189 6
0004 0008 7 1671175763886385 13.0 -63.5 1.3928545554001621 6
0004 0005 7 1671175763887946 -146.4375 -66.5 5.129631754689584 6
0004 0002 7 1671175763889150 81.375 -62.5 1.3314953238847365 6
0004 0010 7 1671175763890144 16.25 -71.0 4.0558452031696355 6
0004 0007 7 1671175763891602 35.75 -61.0 2.8838838812250054 6
0004 0003 7 1671175763892582 -9.75 -63.0 5.283029833478148 6
0004 0011 7 1671175763893660 65.875 -60.5 1.8714565612204823 6
0004 0006 7 1671175763896418 172.5 -66.5 3.877903431774901 6
0004 0000 7 1671175763897409 -71.5625 -69.0 0.3129320807286708 6
0004 0001 7 1671175763899063 24.375 -60.5 4.246058820867455 6
0004 0004 7 1671175763901190 -87.875 -68.0 4.718524903536232 6
0004 0015 7 1671175763903623 107.375 -70.5 3.6201946594101133 6
0004 0014 8 1671175763926132 58.5625 -74.0 4.73693267299086 6
0004 0007 8 1671175763927364 6.5 -56.5 4.657165672020807 6
0004 0013 8 1671175763928359 -104.125 -68.5 4.608078286808466 6
0004 0015 8 1671175763930024 16.25 -60.5 3.448388811166921 6
0004 0012 8 1671175763930976 91.125 -69.5 5.0682725231741586 6
0004 0006 8 1671175763931939 74.8125 -70.5 4.95168998329485 6
0004 0001 8 1671175763932897 -10.5625 -64.5 4.871922982324796 6
0004 0003 8 1671175763933807 -6.5 -60.5 2.5464081078901644 6
0004 0011 8 1671175763935011 45.5625 -63.0 0.4970097752749477 6
0004 0010 8 1671175763937054 -65.0625 -71.0 2.9268353432858034 6
0004 0004 8 1671175763939021 6.5 -65.5 1.8285050991596843 6
0004 0005 8 1671175763940000 -16.25 -66.5 3.5036121195308043 6
0004 0005 1 1671175764157751 74.8125 -64.0 5.620505606812989 6
0004 0010 1 1671175764158656 -61.8125 -65.5 5.436427912266712 6
0004 0008 1 1671175764159648 -61.8125 -68.0 6.129787228391022 6
0004 0001 1 1671175764160623 -30.875 -65.5 5.5100589900852235 6
0004 0004 1 1671175764163652 26.0 -68.0 6.031612457966341 6
0004 0003 1 1671175764168149 104.125 -72.0 1.1965050145508 6
0004 0007 1 1671175764180624 -120.4375 -72.0 3.810408277107933 6
0004 0007 2 1671175764208470 0.0 -63.0 2.4850488763747385 6
0004 0011 2 1671175764209677 -163.5625 -62.5 5.945709533844745 6
0004 0009 2 1671175764210963 -237.5625 -68.0 5.270757987175063 6
0004 0004 2 1671175764213229 110.625 -67.0 0.9940195505498954 6
0004 0015 3 1671175764236139 58.5625 -67.0 2.184388641949153 6
0004 0010 3 1671175764237087 87.875 -69.5 3.3747577333484107 6
0004 0001 3 1671175764240130 -142.375 -68.0 2.270291566070749 6
0004 0006 3 1671175764241176 -6.5 -63.0 4.896466674930966 6
0004 0004 3 1671175764244308 -179.0 -68.0 4.0987966652304335 6
0004 0002 4 1671175764266980 -19.5 -69.0 4.546719055293041 6
0004 0004 4 1671175764268296 19.5 -59.5 5.921165841238575 6
0004 0015 4 1671175764269257 19.5 -68.5 1.8162332528565992 6
0004 0014 4 1671175764270206 -74.8125 -70.5 3.859495662320273 6
0004 0006 4 1671175764277100 58.5625 -71.5 0.8835729338221293 6
0004 0008 5 1671175764305912 0.0 -66.5 0.7853981633974483 6
0004 0009 5 1671175764306879 -16.25 -55.0 4.804427827657828 6
0004 0011 5 1671175764307840 -41.5 -66.5 3.356349963893783 6
0004 0005 5 1671175764311520 120.4375 -69.0 4.399456899656019 6
0004 0002 5 1671175764312487 -166.0 -70.5 3.0925052683774528 6
0004 0010 5 1671175764313656 -6.5 -57.0 0.607456392002714 6
0004 0006 5 1671175764314591 -6.5 -58.0 5.5100589900852235 6
0004 0013 5 1671175764331746 91.125 -72.0 1.8775924843720249 6
0004 0004 6 1671175764355898 -3.25 -63.0 5.221670601962723 6
0004 0005 6 1671175764357317 13.0 -72.5 1.88986433067511 6
0004 0011 6 1671175764358520 -30.875 -67.0 2.9759227284981438 6
0004 0006 6 1671175764360193 -22.75 -61.0 4.111068511533518 6
0004 0001 6 1671175764365953 -30.875 -68.0 2.718213956133356 6
0004 0010 6 1671175764366910 0.0 -69.0 5.71868037723767 6
0004 0015 6 1671175764367888 3.25 -64.5 4.129476280988146 6
0004 0014 6 1671175764371830 97.625 -70.5 1.325359400733194 6
0004 0010 7 1671175764395844 -65.0625 -63.0 5.031456984264903 6
0004 0008 7 1671175764397049 74.8125 -62.5 0.4295146206079795 6
0004 0009 7 1671175764399576 0.0 -56.0 1.8407769454627694 6
0004 0011 7 1671175764401632 -39.0 -64.0 3.9638063558964967 6
0004 0003 7 1671175764407128 214.8125 -72.5 4.847379289718626 6
0004 0015 7 1671175764408315 -192.0 -68.5 3.9392626632903265 6
0004 0007 8 1671175764445889 -26.0 -66.5 3.5833791205008576 6
0004 0004 8 1671175764447345 -9.75 -62.0 5.47937937432751 6
0004 0015 8 1671175764448563 -32.5 -60.5 4.061981126321178 6
0004 0009 8 1671175764450048 -9.75 -58.5 0.7485826244881929 6
0004 0010 8 1671175764450985 26.0 -71.0 0.7363107781851077 6
0004 0011 8 1671175764451926 -7.3125 -57.0 4.135612204139688 6
0004 0005 8 1671175764452862 9.75 -57.0 5.252350217720435 6
0004 0014 8 1671175764454267 78.0625 -73.0 5.3198453723874035 6
0004 0012 8 1671175764455904 42.3125 -71.5 0.8406214717613314 6
0004 0013 8 1671175764458634 78.0625 -66.0 0.5154175447295755 6
0004 0003 8 1671175764465480 6.5 -74.5 5.743224069843841 6
0004 0000 8 1671175764467371 491.5 -75.5 1.0799224746714913 6
0004 0005 1 1671175764686593 29.25 -67.5 0.7301748550335652 6
0004 0011 1 1671175764688391 -41.5 -70.0 1.564660403643354 6
0004 0006 1 1671175764689698 -65.0625 -68.5 4.0558452031696355 6
0004 0007 1 1671175764691128 -6.5 -64.0 3.485204350076177 6
0004 0007 2 1671175764727314 -58.5625 -61.0 3.411573272257666 6
0004 0005 2 1671175764729371 -58.5625 -64.0 4.908738521234052 6
0004 0011 2 1671175764731702 -45.5625 -67.0 5.884350302329319 6
0004 0015 2 1671175764733245 -257.125 -73.0 2.509592568980909 6
0004 0010 3 1671175764756231 -97.625 -69.5 4.7307967498393175 6
0004 0006 3 1671175764759166 42.3125 -61.0 4.405592822807561 6
0004 0004 3 1671175764760614 81.375 -66.5 3.399301425954581 6
0004 0015 3 1671175764762399 -130.1875 -67.5 2.2948352586769194 6
0004 0014 4 1671175764786805 -42.3125 -68.5 3.6447383520162835 6
0004 0015 4 1671175764788547 35.75 -67.5 1.8285050991596843 6
0004 0002 4 1671175764789909 -16.25 -72.0 4.914874444385594 6
0004 0006 4 1671175764790844 48.8125 -66.5 6.17273869045182 6
0004 0004 4 1671175764791820 6.5 -65.5 1.0737865515199487 6
0004 0006 5 1671175764816616 -3.25 -58.0 5.915029918087033 6
0004 0009 5 1671175764817893 -16.25 -61.5 4.743068596142402 6
0004 0004 5 1671175764820284 -3.25 -65.5 3.9392626632903265 6
0004 0013 5 1671175764821447 -16.25 -63.0 5.197126909356553 6
0004 0010 5 1671175764823219 -45.5625 -65.5 2.5586799541932495 6
0004 0011 5 1671175764825964 104.125 -67.5 5.724816300389213 6
0004 0005 5 1671175764831997 94.375 -71.5 4.0987966652304335 6
0004 0006 6 1671175764855814 -45.5625 -62.5 5.117359908386499 6
0004 0004 6 1671175764856820 -19.5 -59.0 4.595806440505381 6
0004 0015 6 1671175764858219 19.5 -64.0 4.608078286808466 6
0004 0005 6 1671175764859710 94.375 -70.0 1.0921943209745766 6
0004 0011 6 1671175764861138 -6.5 -60.5 4.583534594202296 6
0004 0014 6 1671175764862555 -19.5 -70.0 1.8714565612204823 6
0004 0010 6 1671175764864401 -22.75 -69.0 0.7485826244881929 6
0004 0011 7 1671175764886688 -30.875 -57.5 5.135767677841127 6
0004 0005 7 1671175764887921 -45.5625 -68.5 3.80427235395639 6
0004 0012 7 1671175764890177 120.4375 -65.5 4.424000592262189 6
0004 0009 7 1671175764892295 -35.75 -61.5 2.12916533358527 6
0004 0010 7 1671175764895292 6.5 -67.0 5.252350217720435 6
0004 0015 7 1671175764900234 30.875 -68.5 3.5036121195308043 6
0004 0013 7 1671175764901285 -32.5 -70.5 2.9759227284981438 6
0004 0008 7 1671175764909603 -42.3125 -70.5 0.521553467881118 6
0004 0011 8 1671175764936127 -13.8125 -56.0 4.4362724385652745 6
0004 0007 8 1671175764937306 -152.9375 -66.0 3.785864584501762 6
0004 0004 8 1671175764938225 -48.8125 -62.5 5.565282298449106 6
0004 0013 8 1671175764940118 0.0 -62.0 2.552544031041707 6
0004 0005 8 1671175764941087 -13.0 -55.5 5.062136600022616 6
0004 0012 8 1671175764942533 117.125 -70.5 1.2640001692177683 6
0004 0015 8 1671175764943718 30.875 -60.5 4.0558452031696355 6
0004 0014 8 1671175764947995 -74.8125 -73.0 5.786175531904639 6
0004 0010 8 1671175764949156 -143.1875 -72.0 0.7363107781851077 6
0004 0000 8 1671175764961110 -94.375 -75.5 1.5953400194010667 6
0004 0003 8 1671175764965229 45.5625 -75.0 5.037592907416445 6
0004 0005 1 1671175765175880 35.75 -67.5 0.5767767762450011 6
0004 0011 1 1671175765177936 -130.1875 -69.0 2.0371264863121317 6
0004 0007 1 1671175765179394 -6.5 -68.0 3.5158839658338894 6
0004 0006 1 1671175765182347 -185.5 -71.5 4.571262747899211 6
0004 0005 2 1671175765211610 -6.5 -66.0 4.528311285838413 6
0004 0007 2 1671175765212605 61.8125 -62.5 2.2334760271614935 6
0004 0011 2 1671175765213806 -104.125 -65.5 6.031612457966341 6
0004 0015 2 1671175765216906 -218.0625 -71.5 2.5464081078901644 6
0004 0006 3 1671175765237250 -120.4375 -61.5 4.921010367537137 6
0004 0010 3 1671175765238169 -117.125 -66.0 4.896466674930966 6
0004 0015 3 1671175765239146 152.9375 -68.0 2.0923497946760143 6
0004 0004 3 1671175765240831 74.8125 -66.5 4.129476280988146 6
0004 0015 4 1671175765265854 29.25 -68.0 1.9266798695843652 6
0004 0006 4 1671175765266816 -19.5 -67.0 0.4172427743048944 6
0004 0014 4 1671175765268689 -52.0625 -68.5 3.9269908169872414 6
0004 0004 4 1671175765270416 22.75 -65.0 1.3989904785517047 6
0004 0011 4 1671175765274747 48.8125 -71.0 5.982525072754001 6
0004 0002 4 1671175765275729 35.75 -73.5 5.092816215780329 6
0004 0011 5 1671175765295844 -27.625 -66.0 5.436427912266712 6
0004 0015 5 1671175765298157 166.0 -72.0 2.8961557275280905 6
0004 0005 5 1671175765299152 -149.6875 -69.0 4.362641360746763 6
0004 0004 5 1671175765300100 22.75 -65.0 3.5465635815916023 6
0004 0006 5 1671175765301064 -29.25 -58.0 5.313709449235861 6
0004 0010 5 1671175765302279 -9.75 -61.5 1.761009944492716 6
0004 0009 5 1671175765303272 19.5 -58.5 4.344233591292136 6
0004 0013 5 1671175765304547 16.25 -65.0 4.724660826687775 6
0004 0015 6 1671175765326427 13.0 -63.5 4.3933209765044765 6
0004 0012 6 1671175765327404 13.0 -70.0 3.9269908169872414 6
0004 0009 6 1671175765328623 -39.0 -68.5 6.074563920027139 6
0004 0014 6 1671175765329814 97.625 -68.5 1.6137477888556946 6
0004 0004 6 1671175765331712 -55.3125 -59.0 3.859495662320273 6
0004 0005 6 1671175765333822 -13.0 -74.0 1.4358060174609601 6
0004 0010 6 1671175765335066 -52.0625 -67.0 0.0859029241215959 6
0004 0011 6 1671175765337074 -10.5625 -62.0 3.8533597391687304 6
0004 0007 6 1671175765338523 -81.375 -71.0 3.6079228131070282 6
0004 0006 6 1671175765339598 -3.25 -63.5 4.239922897715912 6
0004 0007 7 1671175765365804 16.25 -68.5 3.5772431973493153 6
0004 0010 7 1671175765367120 16.25 -64.0 4.749204519293945 6
0004 0012 7 1671175765369019 -16.25 -65.0 3.902447124381071 6
0004 0008 7 1671175765370452 -55.3125 -68.0 5.8659425328746915 6
0004 0015 7 1671175765371640 -100.875 -67.5 3.724505352986337 6
0004 0011 7 1671175765375889 -17.0625 -60.0 4.252194744018997 6
0004 0009 7 1671175765377304 3.25 -59.5 1.1535535524900022 6
0004 0013 7 1671175765378651 71.5625 -70.5 2.018718716857504 6
0004 0005 7 1671175765379701 -117.125 -68.0 3.3747577333484107 6
0004 0007 8 1671175765405980 29.25 -66.0 3.0066023442558567 6
0004 0013 8 1671175765408016 55.3125 -62.5 2.024854640009046 6
0004 0003 8 1671175765409208 91.125 -74.0 5.056000676871073 6
0004 0005 8 1671175765410143 -19.5 -57.0 4.71238898038469 6
0004 0011 8 1671175765411299 -3.25 -56.0 3.761320891895592 6
0004 0014 8 1671175765413230 19.5 -71.0 5.737088146692298 6
0004 0009 8 1671175765415111 13.0 -66.0 5.957981380147831 6
0004 0015 8 1671175765416640 16.25 -61.0 3.9699422790480394 6
0004 0012 8 1671175765419121 100.875 -71.5 0.0859029241215959 6
0004 0004 8 1671175765421256 22.75 -61.5 5.006913291658733 6
0004 0000 8 1671175765422606 -250.625 -76.0 1.761009944492716 6
0004 0010 1 1671175765636682 13.0 -69.0 5.264622064023521 6
0004 0005 1 1671175765637960 -35.75 -69.5 1.521708941582556 6
0004 0011 1 1671175765640108 152.9375 -68.5 1.9389517158874505 6
0004 0007 1 1671175765641780 74.8125 -67.5 4.147884050442774 6
0004 0005 2 1671175765665873 65.0625 -67.5 4.822835597112456 6
0004 0015 2 1671175765668978 -84.625 -73.0 2.82252464970958 6
0004 0007 2 1671175765669912 -3.25 -63.0 2.4605051837685683 6
0004 0011 2 1671175765670860 34.9375 -64.5 5.890486225480862 6
0004 0006 3 1671175765695879 -35.75 -61.0 5.344389064993574 6
0004 0015 3 1671175765699485 100.875 -67.5 2.356194490192345 6
0004 0004 3 1671175765700449 166.0 -68.5 4.411728745959104 6
0004 0010 3 1671175765701965 -100.875 -67.0 4.878058905476339 6
0004 0004 4 1671175765726689 58.5625 -64.5 1.8530487917658545 6
0004 0006 4 1671175765728075 55.3125 -68.0 0.5706408530934585 6
0004 0002 4 1671175765729280 -16.25 -72.5 5.3198453723874035 6
0004 0014 4 1671175765731282 -110.625 -68.5 4.123340357836604 6
0004 0015 4 1671175765732327 13.0 -68.5 2.0371264863121317 6
0004 0011 4 1671175765733743 159.5 -70.0 5.792311455056181 6
0004 0009 5 1671175765766154 -3.25 -58.0 3.9944859716542096 6
0004 0006 5 1671175765767953 -32.5 -58.5 4.81056375080937 6
0004 0015 5 1671175765769139 143.1875 -70.5 2.7550294950426117 6
0004 0010 5 1671175765770071 29.25 -60.5 1.239456476611598 6
0004 0005 5 1671175765771022 45.5625 -72.5 3.466796580621549 6
0004 0004 5 1671175765771972 -65.0625 -65.0 3.3870295796514958 6
0004 0011 5 1671175765774280 110.625 -67.5 4.344233591292136 6
0004 0013 5 1671175765776094 -68.3125 -64.5 4.356505437595221 6
0004 0011 6 1671175765795914 -48.8125 -62.5 3.472932503773092 6
0004 0012 6 1671175765796863 -87.875 -69.0 3.2213596545598464 6
0004 0007 6 1671175765797842 -84.625 -71.0 3.215223731408304 6
0004 0004 6 1671175765803450 -16.25 -59.0 3.4177091954092087 6
0004 0015 6 1671175765805287 -27.625 -63.5 4.3074180523828804 6
0004 0006 6 1671175765806890 -26.0 -64.0 3.706097583531709 6
0004 0009 6 1671175765808066 94.375 -68.0 5.375068680751287 6
0004 0010 6 1671175765809687 -6.5 -66.5 5.6143696836614465 6
0004 0014 6 1671175765810709 78.0625 -67.5 1.761009944492716 6
0004 0009 7 1671175765837455 29.25 -59.5 0.6688156235181395 6
0004 0012 7 1671175765838418 -13.0 -64.5 3.5281558121369745 6
0004 0010 7 1671175765839351 29.25 -63.5 4.509903516383785 6
0004 0005 7 1671175765840331 -42.3125 -69.0 2.748893571891069 6
0004 0008 7 1671175765841521 -29.25 -68.0 5.712544454086128 6
0004 0011 7 1671175765842523 -27.625 -61.0 3.7551849687440497 6
0004 0007 7 1671175765844511 133.4375 -68.5 3.2459033471660166 6
0004 0015 7 1671175765847097 -71.5625 -70.0 3.6447383520162835 6
0004 0003 8 1671175765875953 58.5625 -71.5 4.755340442445488 6
0004 0011 8 1671175765876855 -13.8125 -55.5 3.54042765844006 6
0004 0007 8 1671175765877747 16.25 -65.5 2.730485802436441 6
0004 0005 8 1671175765879205 -9.75 -56.5 4.466952054322987 6
0004 0009 8 1671175765881118 3.25 -66.5 5.737088146692298 6
0004 0013 8 1671175765884153 78.0625 -63.0 1.5401167110371838 6
0004 0015 8 1671175765885069 -19.5 -61.0 3.9269908169872414 6
0004 0012 8 1671175765886119 113.875 -71.5 6.22182607566416 6
0004 0004 8 1671175765887064 6.5 -61.0 4.921010367537137 6
0004 0014 8 1671175765888710 -136.6875 -70.0 5.976389149602458 6
0004 0000 8 1671175765893605 123.6875 -74.0 1.086058397823034 6
0004 0007 1 1671175766106107 -87.875 -66.5 4.485359823777615 6
0004 0011 1 1671175766107282 159.5 -68.5 2.110757564130642 6
0004 0010 1 1671175766108722 71.5625 -67.5 4.988505522204105 6
0004 0005 1 1671175766111940 240.875 -68.5 1.3560390164909069 6
0004 0007 2 1671175766137942 58.5625 -62.5 2.356194490192345 6
0004 0011 2 1671175766139280 -97.625 -65.0 5.964117303299373 6
0004 0005 2 1671175766140457 19.5 -68.0 4.7307967498393175 6
0004 0004 3 1671175766166285 -257.125 -68.5 5.3627968344482015 6
0004 0015 3 1671175766167470 -29.25 -67.5 2.497320722677824 6
0004 0010 3 1671175766169496 -9.75 -66.0 4.828971520263998 6
0004 0006 3 1671175766172180 -45.5625 -61.0 5.608233760509904 6
0004 0015 4 1671175766195801 -10.5625 -68.0 2.1537090261914402 6
0004 0014 4 1671175766198877 29.25 -68.0 3.9822141253511245 6
0004 0002 4 1671175766200082 29.25 -72.0 5.6941366846315 6
0004 0006 4 1671175766201255 9.75 -67.5 0.6810874698212247 6
0004 0004 4 1671175766202490 -35.75 -65.0 2.4175537217077703 6
0004 0011 4 1671175766204672 48.8125 -69.5 6.050020227420969 6
0004 0015 5 1671175766226633 0.0 -70.5 3.104777114680538 6
0004 0004 5 1671175766227570 -6.5 -63.5 3.227495577711389 6
0004 0009 5 1671175766228477 -29.25 -60.5 3.129320807286708 6
0004 0006 5 1671175766230642 3.25 -58.0 4.552854978444583 6
0004 0010 5 1671175766232962 13.0 -60.0 1.282407938672396 6
0004 0011 5 1671175766234800 13.8125 -65.5 4.73693267299086 6
0004 0013 5 1671175766235722 -84.625 -65.0 4.28287435977671 6
0004 0005 5 1671175766240255 -13.0 -71.0 3.8717675086233583 6
0004 0004 6 1671175766265913 -19.5 -58.0 3.1784081924990484 6
0004 0009 6 1671175766266861 -9.75 -68.5 5.049864753719531 6
0004 0010 6 1671175766267781 -7.3125 -66.5 5.540738605842936 6
0004 0006 6 1671175766269992 26.0 -64.0 3.6201946594101133 6
0004 0015 6 1671175766270880 -9.75 -63.5 4.338097668140593 6
0004 0014 6 1671175766272837 -6.5 -68.0 1.9512235621905356 6
0004 0011 6 1671175766273768 -21.125 -61.5 3.429981041712294 6
0004 0012 6 1671175766274849 -117.125 -69.0 3.5588354278946874 6
0004 0005 6 1671175766276652 175.75 -74.5 0.6994952392758523 6
0004 0007 6 1671175766277675 39.0 -72.0 3.129320807286708 6
0004 0010 7 1671175766306948 -104.125 -62.5 4.638757902566179 6
0004 0011 7 1671175766308475 -52.0625 -60.5 3.816544200259475 6
0004 0009 7 1671175766309748 3.25 -63.5 5.921165841238575 6
0004 0012 7 1671175766311250 -48.8125 -64.5 3.522019888985432 6
0004 0015 7 1671175766312834 -74.8125 -70.0 3.650874275167826 6
0004 0008 7 1671175766315002 -97.625 -67.5 5.620505606812989 6
0004 0007 7 1671175766317069 -32.5 -69.0 3.6201946594101133 6
0004 0005 7 1671175766321401 -35.75 -68.0 2.859340188618835 6
0004 0003 8 1671175766345980 -107.375 -75.0 4.7860200582032 6
0004 0004 8 1671175766347420 13.0 -62.0 4.675573441475434 6
0004 0012 8 1671175766348340 16.25 -71.5 6.2463697682703305 6
0004 0013 8 1671175766349571 22.75 -63.5 1.5401167110371838 6
0004 0010 8 1671175766350448 -34.9375 -73.5 5.43029198911517 6
0004 0005 8 1671175766351892 -6.5 -56.5 4.362641360746763 6
0004 0011 8 1671175766352839 -21.125 -55.5 3.454524734318464 6
0004 0009 8 1671175766354014 38.1875 -70.5 4.681709364626977 6
0004 0000 8 1671175766355574 13.0 -76.5 0.705631162427395 6
0004 0015 8 1671175766357839 -6.5 -61.0 3.877903431774901 6
0004 0014 8 1671175766359132 -94.375 -70.0 5.964117303299373 6
0004 0007 8 1671175766360083 -26.0 -66.0 2.8838838812250054 6
0004 0005 1 1671175766588232 -29.25 -69.5 1.6014759425526093 6
0004 0011 1 1671175766589434 104.125 -68.5 2.2089323345553233 6
0004 0007 1 1671175766590822 39.0 -67.5 4.025165587411922 6
0004 0010 1 1671175766593594 35.75 -68.0 5.0253210611133605 6
0004 0005 2 1671175766616827 -149.6875 -67.0 4.9823695990525625 6
0004 0007 2 1671175766617875 -13.0 -62.0 2.386874105950058 6
0004 0011 2 1671175766619660 87.0625 -65.5 5.626641529964532 6
0004 0004 3 1671175766655855 -55.3125 -68.5 5.5100589900852235 6
0004 0006 3 1671175766656818 -52.0625 -61.0 5.5100589900852235 6
0004 0015 3 1671175766657822 39.0 -68.0 2.3193789512830896 6
0004 0010 3 1671175766663338 192.0 -65.5 4.743068596142402 6
0004 0006 4 1671175766685870 42.3125 -66.5 0.5829126993965437 6
0004 0004 4 1671175766691479 3.25 -65.5 2.6016314162540475 6
0004 0011 4 1671175766693436 48.8125 -69.0 6.19728238305799 6
0004 0014 4 1671175766696858 -29.25 -67.5 4.129476280988146 6
0004 0015 4 1671175766697806 65.0625 -69.0 2.030990563160589 6
0004 0002 4 1671175766698886 -100.875 -75.0 5.982525072754001 6
0004 0010 5 1671175766725788 35.75 -60.0 1.423534171157875 6
0004 0011 5 1671175766726706 45.5625 -64.5 4.945554060143307 6
0004 0006 5 1671175766728120 -9.75 -58.0 4.620350133111551 6
0004 0013 5 1671175766729538 19.5 -66.5 4.246058820867455 6
0004 0009 5 1671175766730727 -19.5 -61.5 3.06182565261974 6
0004 0004 5 1671175766733246 22.75 -63.5 3.2827188860752723 6
0004 0005 5 1671175766735353 39.0 -70.0 3.8288160465625602 6
0004 0015 5 1671175766737592 -16.25 -70.0 3.172272269347506 6
0004 0015 6 1671175766755913 -9.75 -64.0 4.3933209765044765 6
0004 0004 6 1671175766756863 -32.5 -58.5 3.1354567304382504 6
0004 0011 6 1671175766758575 -42.3125 -61.0 3.663146121470911 6
0004 0010 6 1671175766759540 26.0 -66.5 5.553010452146021 6
0004 0014 6 1671175766760475 39.0 -68.0 1.7978254834019713 6
0004 0009 6 1671175766762119 -19.5 -68.0 5.117359908386499 6
0004 0007 6 1671175766763057 -172.5 -72.0 3.5342917352885173 6
0004 0006 6 1671175766764018 3.25 -64.5 3.650874275167826 6
0004 0012 6 1671175766765028 120.4375 -70.0 3.730641276137879 6
0004 0005 6 1671175766773134 195.25 -73.5 0.7976700097005334 6
0004 0010 7 1671175766806601 -22.75 -63.0 4.565126824747668 6
0004 0009 7 1671175766808190 61.8125 -64.5 5.902758071783947 6
0004 0012 7 1671175766809168 -136.6875 -64.0 3.9760782021995817 6
0004 0007 7 1671175766810089 26.0 -68.5 3.706097583531709 6
0004 0011 7 1671175766811587 -38.1875 -60.0 3.8963112012295285 6
0004 0008 7 1671175766812866 117.125 -67.5 5.473243451175968 6
0004 0015 7 1671175766816809 13.0 -68.0 3.6017868899554855 6
0004 0005 7 1671175766817690 68.3125 -70.0 2.859340188618835 6
0004 0010 8 1671175766846590 6.5 -73.5 5.522330836388308 6
0004 0011 8 1671175766847594 -7.3125 -55.5 3.497476196379262 6
0004 0004 8 1671175766849041 -13.0 -62.0 4.681709364626977 6
0004 0007 8 1671175766849920 29.25 -67.0 3.0802334220743677 6
0004 0015 8 1671175766850865 -22.75 -61.0 3.933126740138784 6
0004 0005 8 1671175766853072 -35.75 -56.5 4.424000592262189 6
0004 0012 8 1671175766854347 58.5625 -70.0 0.5338253141842031 6
0004 0013 8 1671175766855240 -29.25 -63.5 1.6505633277649499 6
0004 0014 8 1671175766857184 126.9375 -71.0 5.64504929941916 6
0004 0003 8 1671175766861415 -68.3125 -73.0 4.546719055293041 6
0004 0011 1 1671175767077178 117.9375 -70.0 2.184388641949153 6
0004 0010 1 1671175767078126 -87.875 -70.0 5.086680292628786 6
0004 0005 1 1671175767081610 71.5625 -70.5 1.576932249946439 6
0004 0007 1 1671175767083044 -58.5625 -66.5 4.172427743048944 6
0004 0011 2 1671175767106094 -21.125 -65.0 5.773903685601553 6
0004 0005 2 1671175767108693 68.3125 -67.0 4.693981210930062 6
0004 0007 2 1671175767109758 68.3125 -62.5 2.325514874434632 6
0004 0015 3 1671175767136296 -52.0625 -67.5 2.650718801466388 6
0004 0006 3 1671175767139130 13.0 -61.0 5.307573526084319 6
0004 0010 3 1671175767140732 -81.375 -64.5 5.080544369477243 6
0004 0004 3 1671175767142114 -58.5625 -70.0 5.221670601962723 6
0004 0004 4 1671175767166388 19.5 -65.0 2.356194490192345 6
0004 0014 4 1671175767167337 -3.25 -68.0 4.086524818927348 6
0004 0002 4 1671175767169453 -283.1875 -73.0 6.129787228391022 6
0004 0006 4 1671175767172443 -16.25 -66.5 0.619728238305799 6
0004 0011 4 1671175767174213 30.875 -69.5 6.135923151542564 6
0004 0015 4 1671175767176254 19.5 -69.0 2.012582793705961 6
0004 0006 5 1671175767206511 -39.0 -58.5 4.718524903536232 6
0004 0011 5 1671175767207948 0.0 -65.5 4.921010367537137 6
0004 0009 5 1671175767208929 -26.0 -60.0 3.429981041712294 6
0004 0004 5 1671175767209848 -19.5 -63.5 3.2520392703175593 6
0004 0010 5 1671175767211553 13.0 -60.5 1.3989904785517047 6
0004 0013 5 1671175767212716 -97.625 -66.0 4.080388895775806 6
0004 0005 5 1671175767217485 74.8125 -69.5 3.9085830475326135 6
0004 0005 6 1671175767246546 91.125 -74.0 0.8958447801252144 6
0004 0004 6 1671175767247509 -55.3125 -58.5 3.2336315008629315 6
0004 0006 6 1671175767249235 -35.75 -64.5 3.77972866135022 6
0004 0014 6 1671175767250665 13.0 -67.5 1.902136176978195 6
0004 0015 6 1671175767251655 -19.5 -64.0 4.387185053352934 6
0004 0011 6 1671175767253099 -52.0625 -61.0 3.6570101983193686 6
0004 0010 6 1671175767254616 32.5 -66.0 5.64504929941916 6
0004 0012 6 1671175767255609 -58.5625 -69.0 3.8288160465625602 6
0004 0009 6 1671175767257054 -52.0625 -67.0 5.411884219660542 6
0004 0007 6 1671175767261064 58.5625 -71.0 3.227495577711389 6
0004 0011 7 1671175767286226 -76.4375 -61.0 4.0558452031696355 6
0004 0007 7 1671175767288295 35.75 -68.0 3.767456815047135 6
0004 0009 7 1671175767289470 -13.0 -62.0 0.32520392703175593 6
0004 0012 7 1671175767290448 -84.625 -64.5 3.9392626632903265 6
0004 0015 7 1671175767291411 -130.1875 -69.5 3.761320891895592 6
0004 0008 7 1671175767292571 139.9375 -68.0 5.387340527054372 6
0004 0005 7 1671175767293537 -78.0625 -68.5 3.11091303783208 6
0004 0010 7 1671175767295827 35.75 -64.5 4.368777283898306 6
0004 0005 8 1671175767326631 -16.25 -56.5 4.522175362686871 6
0004 0011 8 1671175767328188 -17.0625 -55.5 3.6447383520162835 6
0004 0004 8 1671175767329121 22.75 -62.0 4.743068596142402 6
0004 0015 8 1671175767330307 -29.25 -61.0 3.9392626632903265 6
0004 0012 8 1671175767331764 -22.75 -70.5 0.6258641614573416 6
0004 0013 8 1671175767332714 42.3125 -64.0 1.5707963267948966 6
0004 0007 8 1671175767334302 16.25 -67.5 3.2029518851052186 6
0004 0014 8 1671175767335523 94.375 -71.0 5.700272607783043 6
0004 0003 8 1671175767338816 -113.875 -72.0 5.0682725231741586 6
0004 0009 8 1671175767340018 22.75 -69.0 5.105088062083414 6
0004 0011 1 1671175767555891 -117.9375 -70.0 2.435961491162398 6
0004 0010 1 1671175767557151 -156.1875 -69.5 5.313709449235861 6
0004 0007 1 1671175767559431 6.5 -66.5 4.000621894805752 6
0004 0005 1 1671175767560654 39.0 -68.5 1.2946797849754812 6
0004 0005 2 1671175767598295 26.0 -67.5 4.638757902566179 6
0004 0007 2 1671175767599244 22.75 -62.5 2.184388641949153 6
0004 0011 2 1671175767600192 -166.8125 -65.0 5.9518454569962875 6
0004 0015 2 1671175767603998 87.875 -73.0 2.12916533358527 6
0004 0006 3 1671175767627904 0.0 -60.5 5.166447293598839 6
0004 0010 3 1671175767630154 3.25 -66.0 4.988505522204105 6
0004 0004 3 1671175767635412 -3.25 -68.5 4.76147636559703 6
0004 0015 3 1671175767636362 -149.6875 -68.0 2.5034566458293663 6
0004 0011 4 1671175767656152 83.0 -68.5 5.93343768754166 6
0004 0006 4 1671175767657311 9.75 -66.5 0.42337869745643697 6
0004 0002 4 1671175767658508 -152.9375 -72.5 5.64504929941916 6
0004 0004 4 1671175767664497 -26.0 -65.0 2.1353012567368124 6
0004 0015 4 1671175767665473 -45.5625 -69.0 2.1782527187976104 6
0004 0014 4 1671175767666577 -3.25 -67.5 4.074252972624263 6
0004 0004 5 1671175767686515 61.8125 -64.0 3.1231848841351653 6
0004 0006 5 1671175767687448 3.25 -58.5 4.804427827657828 6
0004 0009 5 1671175767689149 -13.0 -58.5 4.2031073588066565 6
0004 0010 5 1671175767691161 42.3125 -61.0 1.5033011721279284 6
0004 0011 5 1671175767692334 45.5625 -66.0 5.049864753719531 6
0004 0013 5 1671175767694008 -71.5625 -65.0 4.1601558967458585 6
0004 0015 5 1671175767695568 -139.9375 -71.0 3.380893656499953 6
0004 0005 5 1671175767697169 -35.75 -70.5 4.09266074207889 6
