0004 0007 1 1671176076946512 266.875 -72.0 2.6200391857086753 7
0004 0012 1 1671176076947672 -143.1875 -69.5 4.430136515413731 7
0004 0014 1 1671176076948593 52.0625 -68.0 4.215379205109742 7
0004 0015 1 1671176076950050 39.0 -70.5 0.8344855486097889 7
0004 0009 1 1671176076952248 -42.3125 -73.5 2.0371264863121317 7
0004 0003 1 1671176076955636 -71.5625 -71.5 3.4913402732277192 7
0004 0014 2 1671176076987487 9.75 -63.5 0.9940195505498954 7
0004 0009 2 1671176076988507 48.8125 -66.5 5.043728830567988 7
0004 0003 2 1671176076990226 65.0625 -67.0 0.3129320807286708 7
0004 0013 2 1671176076992790 123.6875 -68.5 1.932815792735908 7
0004 0015 2 1671176077003407 87.875 -69.5 4.442408361716817 7
0004 0012 3 1671176077028767 -169.25 -68.5 5.773903685601553 7
0004 0009 3 1671176077031269 26.0 -69.5 0.7669903939428205 7
0004 0003 3 1671176077032491 -185.5 -70.5 3.6999616603801666 7
0004 0010 3 1671176077034474 -120.4375 -69.5 1.5462526341887264 7
0004 0015 4 1671176077055870 19.5 -67.5 0.7547185476397354 7
0004 0011 4 1671176077056833 27.625 -70.0 0.9633399347921826 7
0004 0014 4 1671176077058308 -120.4375 -67.5 3.6999616603801666 7
0004 0003 4 1671176077060458 -3.25 -67.5 5.675728915176872 7
0004 0000 4 1671176077067231 -172.5 -74.5 0.3190680038802134 7
0004 0015 5 1671176077086373 -81.375 -66.5 2.521864415283994 7
0004 0007 5 1671176077089300 107.375 -69.0 5.160311370447297 7
0004 0005 5 1671176077090265 139.9375 -69.5 3.1968159619536762 7
0004 0003 5 1671176077091229 55.3125 -68.0 1.3192234775816514 7
0004 0011 6 1671176077116820 -41.5 -66.5 1.902136176978195 7
0004 0006 6 1671176077118136 -9.75 -68.5 5.7616318392984684 7
0004 0007 6 1671176077119075 -91.125 -72.0 3.3624858870453256 7
0004 0001 6 1671176077120050 -34.9375 -62.0 3.706097583531709 7
0004 0009 6 1671176077121000 -58.5625 -69.5 0.25157284921324513 7
0004 0005 6 1671176077121992 9.75 -71.0 1.0676506283684062 7
0004 0015 6 1671176077122938 -19.5 -63.0 4.270602513473625 7
0004 0014 6 1671176077124541 -22.75 -68.5 4.239922897715912 7
0004 0011 7 1671176077156908 52.0625 -67.0 1.6444274046134073 7
0004 0014 7 1671176077158252 -13.0 -58.0 1.6566992509164924 7
0004 0012 7 1671176077160140 -117.125 -67.5 4.23378697456437 7
0004 0007 7 1671176077162197 159.5 -68.5 1.030835089459151 7
0004 0006 7 1671176077183019 -221.3125 -68.5 4.902602598082509 7
0004 0014 8 1671176077216113 58.5625 -69.5 5.706408530934585 7
0004 0010 8 1671176077218351 -19.5 -72.0 4.749204519293945 7
0004 0007 1 1671176077436377 -195.25 -70.5 4.09266074207889 7
0004 0014 1 1671176077437550 -22.75 -62.5 2.073942025221387 7
0004 0006 1 1671176077438484 6.5 -66.5 1.5278448647340985 7
0004 0010 1 1671176077443987 87.875 -70.0 5.252350217720435 7
0004 0015 1 1671176077444931 -17.0625 -66.0 4.95168998329485 7
0004 0007 2 1671176077466125 61.8125 -68.5 0.9142525495798421 7
0004 0014 2 1671176077468109 -68.3125 -59.0 5.620505606812989 7
0004 0004 2 1671176077469940 -126.9375 -70.5 3.448388811166921 7
0004 0015 2 1671176077470916 -175.75 -68.5 2.2457478734645786 7
0004 0006 2 1671176077472419 48.8125 -63.0 0.6504078540635119 7
0004 0009 2 1671176077473470 -146.4375 -67.0 2.8409324191642074 7
0004 0009 3 1671176077500426 3.25 -67.0 5.9518454569962875 7
0004 0015 3 1671176077511393 55.3125 -70.0 0.7117670855789375 7
0004 0001 3 1671176077512565 -107.375 -72.0 2.1475731030398975 7
0004 0010 3 1671176077521155 188.75 -71.0 1.8837284075235674 7
0004 0011 4 1671176077546309 -3.25 -59.5 3.4606606574700063 7
0004 0005 4 1671176077547444 9.75 -57.0 4.454680208019902 7
0004 0000 4 1671176077552351 -126.9375 -74.0 3.6447383520162835 7
0004 0014 4 1671176077553559 -9.75 -60.5 4.289010282928253 7
0004 0006 4 1671176077554553 6.5 -64.5 0.705631162427395 7
0004 0015 5 1671176077576194 48.8125 -65.0 1.5401167110371838 7
0004 0006 5 1671176077577967 22.75 -65.5 0.8467573949128739 7
0004 0007 5 1671176077581927 -22.75 -63.0 4.595806440505381 7
0004 0014 5 1671176077585016 -146.4375 -65.5 0.09817477042468103 7
0004 0006 6 1671176077605902 -26.0 -66.5 3.497476196379262 7
0004 0010 6 1671176077606816 0.0 -73.0 4.479223900626073 7
0004 0012 6 1671176077608734 -29.25 -59.5 5.890486225480862 7
0004 0014 6 1671176077610392 58.5625 -65.0 4.276738436625168 7
0004 0015 6 1671176077611325 22.75 -68.0 4.608078286808466 7
0004 0007 6 1671176077612985 -22.75 -59.5 1.6751070203711202 7
0004 0009 6 1671176077614314 6.5 -68.0 5.9518454569962875 7
0004 0005 6 1671176077616400 9.75 -63.0 0.3865631585471816 7
0004 0004 6 1671176077617694 29.25 -69.5 1.227184630308513 7
0004 0001 6 1671176077618582 13.8125 -69.5 5.970253226450915 7
0004 0015 7 1671176077645814 -26.0 -67.5 1.4542137869155878 7
0004 0014 7 1671176077646960 26.0 -59.5 3.3502140407422405 7
0004 0012 7 1671176077648192 19.5 -59.5 0.0 7
0004 0006 7 1671176077649640 29.25 -66.0 0.5767767762450011 7
0004 0007 7 1671176077651300 26.0 -67.5 4.994641445355648 7
0004 0011 8 1671176077686066 0.0 -68.0 4.601942363656923 7
0004 0012 8 1671176077687830 -39.0 -64.0 4.620350133111551 7
0004 0010 8 1671176077689049 123.6875 -69.5 2.2580197197676637 7
0004 0014 8 1671176077690237 -84.625 -64.5 1.214912784005428 7
0004 0015 8 1671176077691977 -3.25 -70.0 0.2761165418194154 7
0004 0014 1 1671176077906691 6.5 -58.5 3.5588354278946874 7
0004 0015 1 1671176077908004 0.0 -60.5 4.356505437595221 7
0004 0006 1 1671176077908887 78.0625 -64.0 1.8100973297050567 7
0004 0012 1 1671176077910077 -188.75 -70.5 0.3436116964863836 7
0004 0011 1 1671176077911520 34.9375 -66.5 3.5833791205008576 7
0004 0014 2 1671176077936085 35.75 -57.0 5.902758071783947 7
0004 0015 2 1671176077937227 -16.25 -64.5 0.09203884727313846 7
0004 0011 2 1671176077938144 -65.875 -70.0 6.0991076126333095 7
0004 0007 2 1671176077939093 -16.25 -67.0 5.166447293598839 7
0004 0009 2 1671176077941418 73.1875 -67.0 6.135923151542564 7
0004 0012 2 1671176077942564 -16.25 -64.0 5.546874528994478 7
0004 0004 2 1671176077943887 -110.625 -67.0 3.522019888985432 7
0004 0015 3 1671176077978012 -260.375 -68.0 5.497787143782138 7
0004 0014 3 1671176077979116 -42.3125 -63.0 5.43029198911517 7
0004 0009 3 1671176077980318 94.375 -61.5 2.7979809571034093 7
0004 0015 4 1671176078015839 10.5625 -65.0 1.5892040962495242 7
0004 0011 4 1671176078017838 -65.875 -65.0 0.30066023442558565 7
0004 0012 4 1671176078018800 -3.25 -62.5 3.1906800388021335 7
0004 0001 4 1671176078020231 -107.375 -71.0 4.921010367537137 7
0004 0014 4 1671176078022196 -74.8125 -69.5 4.374913207049849 7
0004 0000 4 1671176078024499 81.375 -75.5 5.491651220630596 7
0004 0014 5 1671176078057263 -139.9375 -69.5 2.773437264497239 7
0004 0015 5 1671176078059033 -100.875 -70.0 4.411728745959104 7
0004 0007 5 1671176078061414 68.3125 -71.0 5.006913291658733 7
0004 0006 6 1671176078086591 42.3125 -68.0 2.012582793705961 7
0004 0015 6 1671176078087568 -26.0 -69.5 5.154175447295755 7
0004 0002 6 1671176078090493 -126.9375 -72.5 4.589670517353839 7
0004 0004 6 1671176078092628 13.0 -65.0 0.7363107781851077 7
0004 0001 6 1671176078096038 -107.375 -70.5 2.5832236467994196 7
0004 0007 6 1671176078096947 -149.6875 -69.0 4.516039439535327 7
0004 0014 7 1671176078116894 -42.3125 -58.0 1.5462526341887264 7
0004 0002 7 1671176078118445 -136.6875 -67.0 5.375068680751287 7
0004 0004 7 1671176078119761 9.75 -53.5 1.6260196351587797 7
0004 0006 7 1671176078120714 -55.3125 -69.5 0.7485826244881929 7
0004 0012 7 1671176078123924 65.0625 -59.5 1.8223691760081417 7
0004 0015 7 1671176078124869 -19.5 -60.0 4.466952054322987 7
0004 0011 7 1671176078125959 -38.1875 -67.5 5.540738605842936 7
0004 0013 8 1671176078147238 48.8125 -68.0 6.240233845118788 7
0004 0014 8 1671176078150722 -48.8125 -67.5 6.037748381117884 7
0004 0015 8 1671176078153583 94.375 -72.5 5.810719224510809 7
0004 0007 8 1671176078154546 6.5 -70.5 5.264622064023521 7
0004 0004 8 1671176078156726 -13.0 -64.5 6.074563920027139 7
0004 0015 1 1671176078375836 3.25 -60.5 5.534602682691394 7
0004 0010 1 1671176078376772 -163.5625 -72.5 2.9391071895888885 7
0004 0011 1 1671176078377731 62.625 -67.5 1.932815792735908 7
0004 0004 1 1671176078378909 -42.3125 -68.5 0.25157284921324513 7
0004 0008 1 1671176078379829 48.8125 -71.0 1.239456476611598 7
0004 0014 1 1671176078382038 -13.0 -58.5 4.313553975534423 7
0004 0009 1 1671176078383709 19.5 -63.0 2.2212041808584084 7
0004 0007 1 1671176078387014 -26.0 -70.5 2.779573187648782 7
0004 0007 2 1671176078406114 -113.875 -67.5 0.7485826244881929 7
0004 0009 2 1671176078407061 9.75 -67.0 4.608078286808466 7
0004 0014 2 1671176078409360 -13.0 -64.5 1.2087768608538851 7
0004 0013 2 1671176078410298 -136.6875 -67.5 3.3747577333484107 7
0004 0015 2 1671176078411926 166.8125 -65.0 0.4970097752749477 7
0004 0004 2 1671176078412904 -179.0 -70.0 0.2945243112740431 7
0004 0010 2 1671176078413822 97.625 -65.0 5.681864838328415 7
0004 0011 2 1671176078419637 -145.625 -70.0 3.472932503773092 7
0004 0014 3 1671176078446469 -45.5625 -67.0 4.246058820867455 7
0004 0013 3 1671176078449931 61.8125 -64.5 3.6079228131070282 7
0004 0008 3 1671176078451276 -22.75 -69.5 3.485204350076177 7
0004 0009 3 1671176078452480 61.8125 -64.0 1.0369710126106935 7
0004 0007 3 1671176078453374 -205.0625 -69.5 3.2643111166206444 7
0004 0015 3 1671176078455284 -87.875 -70.0 5.418020142812084 7
0004 0011 3 1671176078456739 65.875 -67.0 5.037592907416445 7
0004 0001 4 1671176078486389 -10.5625 -69.5 0.9817477042468103 7
0004 0006 4 1671176078487300 -65.0625 -63.0 4.178563666200486 7
0004 0013 4 1671176078488428 6.5 -59.0 4.718524903536232 7
0004 0015 4 1671176078489617 -59.375 -65.0 3.3502140407422405 7
0004 0004 4 1671176078490834 6.5 -71.0 6.0991076126333095 7
0004 0011 4 1671176078492521 -52.0625 -59.0 3.4054373491061236 7
0004 0014 4 1671176078493496 19.5 -59.0 4.552854978444583 7
0004 0007 4 1671176078495068 0.0 -62.5 2.9084275738311756 7
0004 0015 5 1671176078530476 -35.75 -63.0 4.589670517353839 7
0004 0013 5 1671176078531822 -6.5 -65.0 2.172116795646068 7
0004 0006 5 1671176078532971 26.0 -61.5 5.988660995905543 7
0004 0004 6 1671176078565848 19.5 -67.0 5.994796919057086 7
0004 0015 6 1671176078567319 -22.75 -66.5 5.47937937432751 7
0004 0006 6 1671176078568496 13.0 -60.5 6.019340611663256 7
0004 0013 6 1671176078570680 35.75 -69.0 2.3746022596469727 7
0004 0004 7 1671176078596752 -52.0625 -62.5 2.6568547246179306 7
0004 0006 7 1671176078597743 -19.5 -63.0 0.7853981633974483 7
0004 0013 7 1671176078598638 110.625 -64.0 5.688000761479957 7
0004 0014 7 1671176078600304 -22.75 -58.0 2.9329712664373457 7
0004 0015 7 1671176078602257 32.5 -59.0 3.834951969714103 7
0004 0007 7 1671176078603828 3.25 -69.5 3.497476196379262 7
0004 0011 7 1671176078605856 -257.125 -71.5 1.2026409377023426 7
0004 0008 8 1671176078636594 13.0 -72.0 1.576932249946439 7
0004 0014 8 1671176078637897 -3.25 -64.0 3.117048960983623 7
0004 0011 8 1671176078639328 -69.125 -66.0 5.2339424482658075 7
0004 0010 8 1671176078641520 234.3125 -71.5 1.5892040962495242 7
0004 0010 1 1671176078862916 172.5 -74.5 5.387340527054372 7
0004 0005 1 1671176078864131 -6.5 -71.0 2.859340188618835 7
0004 0009 1 1671176078865296 -208.3125 -69.5 4.620350133111551 7
0004 0014 1 1671176078866214 -97.625 -67.5 3.356349963893783 7
0004 0012 1 1671176078867900 48.8125 -68.0 5.730952223540755 7
0004 0015 1 1671176078868860 13.0 -60.5 5.632777453116074 7
0004 0008 1 1671176078873751 110.625 -70.5 2.3746022596469727 7
0004 0009 2 1671176078905841 227.8125 -71.0 6.1420590746941075 7
0004 0006 2 1671176078906788 9.75 -71.5 1.0369710126106935 7
0004 0013 2 1671176078908251 -156.1875 -69.0 0.9572040116406401 7
0004 0015 2 1671176078909168 55.3125 -65.5 0.3436116964863836 7
0004 0003 2 1671176078910690 81.375 -68.5 2.1475731030398975 7
0004 0014 2 1671176078911711 -55.3125 -66.5 2.9084275738311756 7
0004 0010 2 1671176078915580 152.9375 -69.0 3.442252888015379 7
0004 0012 3 1671176078936514 -91.125 -64.5 4.473087977474529 7
0004 0007 3 1671176078938613 19.5 -68.5 0.9817477042468103 7
0004 0009 3 1671176078943705 3.25 -70.0 4.448544284868359 7
0004 0013 3 1671176078944641 -35.75 -62.5 0.6688156235181395 7
0004 0014 3 1671176078945630 9.75 -62.0 3.2397674240144743 7
0004 0012 4 1671176078966197 19.5 -65.5 1.4358060174609601 7
0004 0015 4 1671176078969454 6.5 -60.0 3.9515345095934116 7
0004 0007 4 1671176078971201 26.0 -62.0 5.338253141842031 7
0004 0013 4 1671176078972192 -26.0 -62.5 4.178563666200486 7
0004 0009 4 1671176078973347 0.0 -67.0 4.828971520263998 7
0004 0006 5 1671176078996135 -9.75 -69.5 3.9699422790480394 7
0004 0003 5 1671176078997021 -247.375 -70.0 2.662990647769473 7
0004 0014 5 1671176078999486 -16.25 -68.0 2.1353012567368124 7
0004 0015 5 1671176079000404 -30.875 -64.5 3.1968159619536762 7
0004 0013 5 1671176079002688 -42.3125 -71.5 1.0369710126106935 7
0004 0001 6 1671176079028158 218.875 -72.5 2.110757564130642 7
0004 0007 6 1671176079031792 13.0 -72.5 4.534447208989955 7
0004 0006 6 1671176079033168 68.3125 -64.5 2.6384469551633027 7
0004 0013 6 1671176079034117 42.3125 -69.5 3.172272269347506 7
0004 0012 7 1671176079057009 58.5625 -66.5 3.877903431774901 7
0004 0014 7 1671176079058365 68.3125 -61.5 4.6878452877785195 7
0004 0002 7 1671176079059801 -78.0625 -70.5 5.4671075280244255 7
0004 0006 7 1671176079062143 32.5 -71.0 4.074252972624263 7
0004 0001 7 1671176079063077 68.3125 -72.0 0.4172427743048944 7
0004 0002 8 1671176079086727 97.625 -70.0 2.337786720737717 7
0004 0015 8 1671176079089710 -45.5625 -66.5 5.64504929941916 7
0004 0007 8 1671176079091834 -185.5 -71.5 5.190990986205009 7
0004 0005 8 1671176079094293 -78.0625 -71.0 4.516039439535327 7
0004 0010 8 1671176079095299 -107.375 -72.5 0.8222137023067037 7
0004 0009 1 1671176079307718 -9.75 -57.0 1.8223691760081417 7
0004 0015 1 1671176079309063 -6.5 -61.0 4.295146206079795 7
0004 0012 1 1671176079310013 16.25 -66.5 6.258641614573416 7
0004 0011 1 1671176079310988 10.5625 -58.5 0.8406214717613314 7
0004 0014 1 1671176079311968 35.75 -64.5 2.9329712664373457 7
0004 0010 1 1671176079312985 -22.75 -71.0 5.0682725231741586 7
0004 0006 1 1671176079313962 -3.25 -63.0 1.0492428589137786 7
0004 0009 2 1671176079336686 -48.8125 -59.5 4.086524818927348 7
0004 0014 2 1671176079338488 -74.8125 -66.0 4.454680208019902 7
0004 0010 2 1671176079339429 0.0 -68.0 0.6688156235181395 7
0004 0006 2 1671176079340685 179.0 -70.5 3.9147189706841563 7
0004 0015 2 1671176079343202 91.125 -62.0 1.5707963267948966 7
0004 0011 2 1671176079344206 38.1875 -63.5 5.436427912266712 7
0004 0009 3 1671176079368796 -91.125 -68.0 4.779884135051658 7
0004 0008 3 1671176079370628 -231.0625 -68.5 5.178719139901925 7
0004 0014 3 1671176079372855 9.75 -66.0 1.4971652489763858 7
0004 0005 3 1671176079374711 -87.875 -67.0 2.804116880254952 7
0004 0004 3 1671176079376536 13.0 -69.5 3.706097583531709 7
0004 0006 3 1671176079379048 6.5 -67.0 3.3379421944391554 7
0004 0015 3 1671176079382685 104.125 -70.5 1.88986433067511 7
0004 0000 4 1671176079405913 26.0 -75.0 0.380427235395639 7
0004 0005 4 1671176079407944 -39.0 -56.5 4.76147636559703 7
0004 0011 4 1671176079408859 -10.5625 -61.5 6.105243535784852 7
0004 0007 4 1671176079409783 -32.5 -63.5 2.9943304979527716 7
0004 0006 4 1671176079410717 -16.25 -65.5 5.553010452146021 7
0004 0015 4 1671176079413211 22.75 -62.0 0.4049709280018093 7
0004 0014 4 1671176079414205 -39.0 -70.0 1.4910293258248433 7
0004 0015 5 1671176079436338 182.25 -71.5 6.215690152512618 7
0004 0007 5 1671176079438114 74.8125 -66.5 2.4850488763747385 7
0004 0014 5 1671176079440141 -19.5 -64.5 0.42337869745643697 7
0004 0014 6 1671176079467252 52.0625 -68.0 4.718524903536232 7
0004 0005 6 1671176079469070 -172.5 -69.5 3.6386024288647407 7
0004 0007 6 1671176079470562 -35.75 -67.0 2.6200391857086753 7
0004 0012 7 1671176079496053 260.375 -67.0 0.7547185476397354 7
0004 0006 7 1671176079497795 3.25 -67.0 4.7860200582032 7
0004 0015 7 1671176079498730 62.625 -69.0 0.1227184630308513 7
0004 0014 7 1671176079499662 -16.25 -56.0 5.105088062083414 7
0004 0007 7 1671176079504650 42.3125 -71.5 4.657165672020807 7
0004 0010 8 1671176079525816 0.0 -63.5 0.0859029241215959 7
0004 0002 8 1671176079527512 -55.3125 -70.0 0.6504078540635119 7
0004 0006 8 1671176079528464 52.0625 -68.5 1.9144080232812801 7
0004 0009 8 1671176079530177 -48.8125 -68.5 6.135923151542564 7
0004 0012 8 1671176079531422 9.75 -64.5 0.5399612373357456 7
0004 0005 8 1671176079533150 0.0 -65.0 3.6999616603801666 7
0004 0009 1 1671176079745869 0.0 -58.5 2.6445828783148455 7
0004 0006 1 1671176079747545 -32.5 -63.5 3.5895150436524004 7
0004 0015 1 1671176079748719 -29.25 -62.5 4.356505437595221 7
0004 0004 1 1671176079750643 9.75 -66.0 1.0062913968529805 7
0004 0010 1 1671176079753210 32.5 -68.5 5.350524988145116 7
0004 0014 1 1671176079755361 0.0 -60.5 2.2641556429192065 7
0004 0011 1 1671176079756284 59.375 -62.5 1.9205439464328227 7
0004 0004 2 1671176079786407 81.375 -63.5 5.418020142812084 7
0004 0009 2 1671176079789472 69.125 -58.5 5.675728915176872 7
0004 0014 2 1671176079791083 22.75 -63.5 4.773748211900116 7
0004 0011 2 1671176079793232 -76.4375 -64.5 0.04908738521234052 7
0004 0015 2 1671176079794207 9.75 -64.5 5.393476450205914 7
0004 0010 2 1671176079795485 -152.9375 -71.0 2.000310947402876 7
0004 0014 3 1671176079816153 -35.75 -61.0 5.037592907416445 7
0004 0009 3 1671176079817356 13.0 -67.5 6.068427996875596 7
0004 0005 3 1671176079818352 94.375 -64.5 1.6444274046134073 7
0004 0007 3 1671176079822827 139.9375 -68.0 2.9943304979527716 7
0004 0007 4 1671176079866056 -35.75 -62.5 3.902447124381071 7
0004 0015 4 1671176079867214 22.75 -61.5 1.9696313316451632 7
0004 0012 4 1671176079868166 143.1875 -66.5 0.5890486225480862 7
0004 0013 4 1671176079869353 -120.4375 -74.5 6.000932842208628 7
0004 0006 4 1671176079870288 -84.625 -67.5 4.693981210930062 7
0004 0005 4 1671176079872829 -22.75 -61.5 3.6324665057131984 7
0004 0014 4 1671176079873809 169.25 -71.5 6.191146459906448 7
0004 0011 4 1671176079875806 27.625 -67.0 5.111223985234957 7
0004 0009 4 1671176079877651 -55.3125 -65.5 3.877903431774901 7
0004 0014 5 1671176079906126 -35.75 -62.5 3.5342917352885173 7
0004 0007 5 1671176079907035 -139.9375 -65.0 4.81056375080937 7
0004 0015 5 1671176079909514 55.3125 -67.0 1.8346410223112268 7
0004 0005 5 1671176079910722 -120.4375 -68.0 4.963961829597935 7
0004 0007 6 1671176079935936 29.25 -63.5 2.2089323345553233 7
0004 0015 6 1671176079937337 74.8125 -68.0 4.595806440505381 7
0004 0006 6 1671176079938741 32.5 -66.0 5.43029198911517 7
0004 0014 6 1671176079940439 -32.5 -65.5 4.595806440505381 7
0004 0013 6 1671176079943473 -58.5625 -75.0 1.1167380135807468 7
0004 0012 7 1671176079966341 26.0 -56.5 1.7426021750380885 7
0004 0014 7 1671176079967531 -65.0625 -57.5 5.258486140871978 7
0004 0015 7 1671176079970294 87.875 -66.5 1.1351457830353744 7
0004 0006 7 1671176079972099 -26.0 -65.5 2.8409324191642074 7
0004 0010 8 1671176079996399 -26.0 -70.0 5.5284667595398505 7
0004 0002 8 1671176079997335 -9.75 -62.5 4.301282129231338 7
0004 0013 8 1671176079998270 6.5 -65.5 3.6140587362585705 7
0004 0014 8 1671176080001046 6.5 -60.5 0.8467573949128739 7
0004 0012 8 1671176080003118 -35.75 -66.5 3.2888548092268146 7
0004 0006 8 1671176080004070 32.5 -65.0 0.2761165418194154 7
0004 0015 8 1671176080005643 -27.625 -70.0 5.970253226450915 7
0004 0008 1 1671176080215878 35.75 -66.0 1.3069516312785663 7
0004 0009 1 1671176080217063 0.0 -63.0 2.8409324191642074 7
0004 0004 1 1671176080218004 -35.75 -67.0 4.289010282928253 7
0004 0015 1 1671176080219191 -74.8125 -63.0 4.178563666200486 7
0004 0003 1 1671176080221829 -29.25 -68.5 3.2336315008629315 7
0004 0011 1 1671176080222732 41.5 -56.5 0.8467573949128739 7
0004 0010 1 1671176080224351 120.4375 -66.5 2.9268353432858034 7
0004 0007 1 1671176080225884 71.5625 -71.0 5.246214294568893 7
0004 0007 2 1671176080256413 -19.5 -63.5 3.5465635815916023 7
0004 0011 2 1671176080257330 -13.8125 -62.0 3.9576704327449543 7
0004 0006 2 1671176080258535 6.5 -65.0 4.804427827657828 7
0004 0010 2 1671176080259922 39.0 -68.5 2.2518837966161214 7
0004 0013 2 1671176080261139 -29.25 -60.0 1.2455923997631406 7
0004 0014 2 1671176080263446 16.25 -64.5 4.362641360746763 7
0004 0003 2 1671176080264624 -22.75 -64.5 6.117515382087937 7
0004 0015 2 1671176080265828 -39.0 -68.0 5.595961914206819 7
0004 0009 2 1671176080266790 -52.0625 -60.5 5.295301679781233 7
0004 0013 3 1671176080297896 -26.0 -60.0 5.019185137961818 7
0004 0014 3 1671176080298858 -16.25 -63.5 4.037437433715008 7
0004 0006 3 1671176080300061 -74.8125 -65.0 4.792155981354743 7
0004 0007 3 1671176080301661 -97.625 -67.0 0.8406214717613314 7
0004 0011 3 1671176080303087 41.5 -59.5 3.5588354278946874 7
0004 0004 3 1671176080305961 120.4375 -68.5 1.4051264017032472 7
0004 0015 3 1671176080312796 -52.0625 -71.0 4.92714629068868 7
0004 0013 4 1671176080336840 -26.0 -67.5 4.178563666200486 7
0004 0015 4 1671176080339556 -26.0 -59.5 1.1167380135807468 7
0004 0014 4 1671176080340861 -26.0 -64.5 5.595961914206819 7
0004 0006 4 1671176080341797 -42.3125 -64.0 1.0676506283684062 7
0004 0004 4 1671176080342890 35.75 -65.0 1.1780972450961724 7
0004 0014 5 1671176080365897 19.5 -65.5 2.2948352586769194 7
0004 0013 5 1671176080369062 126.9375 -66.5 4.970097752749477 7
0004 0006 5 1671176080369969 -78.0625 -70.0 0.8160777791551611 7
0004 0015 5 1671176080371112 22.75 -62.0 0.42337869745643697 7
0004 0014 6 1671176080396378 -87.875 -68.0 3.356349963893783 7
0004 0015 6 1671176080398388 78.0625 -65.0 3.067961575771282 7
0004 0013 6 1671176080400161 -26.0 -70.0 3.9392626632903265 7
0004 0014 7 1671176080426597 -13.0 -64.5 3.356349963893783 7
0004 0004 7 1671176080428146 107.375 -64.0 1.012427320004523 7
0004 0013 7 1671176080429350 -87.875 -63.5 1.9266798695843652 7
0004 0006 7 1671176080430327 -19.5 -61.0 5.976389149602458 7
0004 0015 7 1671176080431303 94.375 -66.5 6.025476534814799 7
0004 0007 8 1671176080456173 -29.25 -62.0 3.0066023442558567 7
0004 0009 8 1671176080457547 35.75 -67.5 2.767301341345697 7
0004 0015 8 1671176080459441 -26.0 -68.5 4.620350133111551 7
0004 0011 8 1671176080462652 -24.375 -69.0 5.964117303299373 7
0004 0013 1 1671176080676333 26.0 -59.5 1.2087768608538851 7
0004 0008 1 1671176080677862 3.25 -58.0 3.5342917352885173 7
0004 0014 1 1671176080678799 -35.75 -56.5 5.497787143782138 7
0004 0010 1 1671176080679761 -39.0 -68.0 4.276738436625168 7
0004 0007 1 1671176080680976 0.0 -63.0 0.018407769454627694 7
0004 0004 1 1671176080681903 -61.8125 -66.5 3.368621810196868 7
0004 0009 1 1671176080682820 16.25 -61.0 2.564815877344792 7
0004 0003 1 1671176080683789 -91.125 -70.0 0.1043106935762236 7
0004 0015 1 1671176080684864 55.3125 -65.5 3.767456815047135 7
0004 0011 1 1671176080686333 -27.625 -59.5 3.859495662320273 7
0004 0006 1 1671176080688061 -39.0 -71.5 2.36846633649543 7
0004 0007 2 1671176080716187 32.5 -63.0 3.9822141253511245 7
0004 0011 2 1671176080717090 135.0625 -68.0 5.816855147662351 7
0004 0010 2 1671176080720315 -9.75 -61.5 1.7671458676442586 7
0004 0015 2 1671176080721533 58.5625 -68.5 6.178874613603362 7
0004 0009 2 1671176080722421 3.25 -60.5 5.485515297479052 7
0004 0006 2 1671176080723329 -16.25 -64.0 5.049864753719531 7
0004 0014 2 1671176080726114 48.8125 -67.0 4.828971520263998 7
0004 0003 2 1671176080727563 -52.0625 -67.0 1.8039614065535141 7
0004 0004 2 1671176080742236 42.3125 -69.5 3.663146121470911 7
0004 0013 3 1671176080772720 35.75 -59.5 2.0493983326152168 7
0004 0011 3 1671176080774311 -13.8125 -64.5 0.9265243958829272 7
0004 0007 3 1671176080775887 -3.25 -66.0 1.0615147052168636 7
0004 0014 3 1671176080777364 -16.25 -64.5 2.3439226438892597 7
0004 0004 3 1671176080784683 94.375 -70.0 4.957825906446392 7
0004 0006 3 1671176080785633 -81.375 -69.0 3.552699504743145 7
0004 0015 4 1671176080815872 19.5 -61.0 1.5953400194010667 7
0004 0006 4 1671176080816810 -58.5625 -65.5 5.325981295538946 7
0004 0004 4 1671176080819321 -78.0625 -70.0 3.9392626632903265 7
0004 0013 4 1671176080821334 -35.75 -70.0 0.7179030087304801 7
0004 0014 4 1671176080822522 -16.25 -64.5 4.000621894805752 7
0004 0006 5 1671176080848436 -211.5625 -69.5 4.28287435977671 7
0004 0015 5 1671176080849366 -27.625 -63.5 0.07976700097005335 7
0004 0006 6 1671176080876366 -9.75 -63.5 0.2454369260617026 7
0004 0015 6 1671176080877274 -58.5625 -67.0 2.9022916506796332 7
0004 0014 7 1671176080907475 3.25 -66.5 0.03681553890925539 7
0004 0013 7 1671176080909294 61.8125 -65.5 3.80427235395639 7
0004 0015 7 1671176080910166 9.75 -64.0 6.086835766330224 7
0004 0007 8 1671176080935806 -9.75 -66.5 0.7424467013366504 7
0004 0014 8 1671176080939659 -45.5625 -70.5 5.424156065963627 7
0004 0002 8 1671176080942138 -29.25 -71.5 4.23378697456437 7
0004 0004 8 1671176080945455 26.0 -73.0 0.5154175447295755 7
0004 0008 8 1671176080947296 91.125 -73.5 0.8099418560036186 7
0004 0015 8 1671176080957971 -55.3125 -72.5 3.466796580621549 7
0004 0009 8 1671176080960180 24.375 -74.0 2.5280003384355365 7
0004 0015 1 1671176081175842 -13.0 -65.0 4.700117134081604 7
0004 0002 1 1671176081177040 26.0 -61.0 0.8222137023067037 7
0004 0007 1 1671176081177975 22.75 -60.5 2.8777479580734626 7
0004 0006 1 1671176081178940 -35.75 -64.5 1.141281706186917 7
0004 0014 1 1671176081180863 6.5 -62.0 3.2397674240144743 7
0004 0010 1 1671176081181799 130.1875 -70.5 5.988660995905543 7
0004 0012 1 1671176081183024 9.75 -62.0 0.705631162427395 7
0004 0011 1 1671176081183941 -3.25 -54.5 6.191146459906448 7
0004 0008 1 1671176081185966 166.0 -68.0 1.7426021750380885 7
0004 0009 2 1671176081216858 3.25 -53.5 5.21553467881118 7
0004 0006 2 1671176081218684 -29.25 -58.0 5.8659425328746915 7
0004 0010 2 1671176081219998 -3.25 -67.0 0.2945243112740431 7
0004 0001 2 1671176081221457 -104.125 -66.0 5.577554144752192 7
0004 0014 2 1671176081222674 26.0 -61.5 0.3620194659410113 7
0004 0007 2 1671176081223834 16.25 -67.5 2.5034566458293663 7
0004 0005 2 1671176081225067 71.5625 -61.5 1.368310862793992 7
0004 0008 2 1671176081226723 58.5625 -69.5 4.442408361716817 7
0004 0011 2 1671176081227683 -45.5625 -59.5 2.9084275738311756 7
0004 0012 2 1671176081230844 107.375 -70.0 4.3074180523828804 7
0004 0015 3 1671176081266408 13.0 -66.0 0.5767767762450011 7
0004 0007 3 1671176081267899 -42.3125 -69.0 1.368310862793992 7
0004 0006 3 1671176081269077 52.0625 -67.5 1.0492428589137786 7
0004 0005 3 1671176081276683 -39.0 -68.5 4.0558452031696355 7
0004 0014 5 1671176081328789 16.25 -63.0 5.283029833478148 7
0004 0014 6 1671176081358017 6.5 -66.5 3.3870295796514958 7
0004 0007 6 1671176081359180 -19.5 -60.0 3.736777199289422 7
0004 0015 6 1671176081360824 91.125 -70.0 5.3198453723874035 7
0004 0005 7 1671176081387174 -91.125 -68.5 4.104932588381976 7
0004 0014 7 1671176081390154 -227.8125 -68.5 5.086680292628786 7
0004 0012 7 1671176081391596 107.375 -71.5 2.5954954931025047 7
0004 0002 8 1671176081419280 97.625 -68.5 0.9878836273983529 7
0004 0015 8 1671176081420539 91.125 -71.0 1.736466251886546 7
0004 0012 8 1671176081421902 -26.0 -68.0 4.6448938257177215 7
0004 0010 8 1671176081422815 0.0 -71.5 5.436427912266712 7
0004 0006 1 1671176081635816 16.25 -56.0 1.2946797849754812 7
0004 0015 1 1671176081636735 -13.8125 -58.0 3.5465635815916023 7
0004 0014 1 1671176081637684 39.0 -58.5 3.043417883165112 7
0004 0009 1 1671176081639356 35.75 -58.5 1.2210487071569704 7
0004 0008 1 1671176081643172 -3.25 -59.5 2.2212041808584084 7
0004 0011 1 1671176081644544 -17.0625 -55.5 5.559146375297564 7
0004 0012 1 1671176081645729 0.0 -57.0 2.024854640009046 7
0004 0002 1 1671176081646925 -6.5 -60.0 3.3624858870453256 7
0004 0010 1 1671176081648984 61.8125 -69.5 0.9572040116406401 7
0004 0007 1 1671176081649905 -6.5 -69.0 0.006135923151542565 7
0004 0010 2 1671176081676090 91.125 -63.5 0.7853981633974483 7
0004 0015 2 1671176081679911 19.5 -60.5 5.780039608753096 7
0004 0008 2 1671176081680905 -208.3125 -66.5 4.620350133111551 7
0004 0009 2 1671176081681849 13.0 -58.0 5.1725832167503825 7
0004 0014 2 1671176081684613 16.25 -63.5 0.4295146206079795 7
0004 0006 2 1671176081685817 -9.75 -57.5 3.5588354278946874 7
0004 0005 2 1671176081687578 276.625 -70.0 2.36846633649543 7
0004 0011 2 1671176081689395 -65.875 -62.5 4.884194828627882 7
0004 0004 2 1671176081690304 -227.8125 -66.5 5.589825991055276 7
0004 0000 2 1671176081691367 -117.125 -71.5 4.3933209765044765 7
0004 0006 3 1671176081715946 -107.375 -65.5 3.0250101137104846 7
0004 0007 3 1671176081716965 19.5 -63.0 6.019340611663256 7
0004 0011 3 1671176081717901 -229.4375 -68.5 6.17273869045182 7
0004 0014 3 1671176081719288 -39.0 -63.5 0.07976700097005335 7
0004 0005 3 1671176081720511 179.0 -68.0 1.0492428589137786 7
0004 0012 3 1671176081724704 -120.4375 -69.5 5.497787143782138 7
0004 0015 3 1671176081728085 -94.375 -69.0 0.9878836273983529 7
0004 0015 4 1671176081755831 -22.75 -68.5 1.8100973297050567 7
0004 0011 4 1671176081756776 7.3125 -66.5 5.135767677841127 7
0004 0006 4 1671176081760010 -16.25 -67.0 3.6815538909255388 7
0004 0014 4 1671176081761059 -3.25 -66.5 2.4727770300716534 7
0004 0005 4 1671176081762521 -3.25 -68.0 1.5953400194010667 7
0004 0007 5 1671176081786584 166.0 -70.0 4.724660826687775 7
0004 0012 5 1671176081787504 42.3125 -68.5 2.564815877344792 7
0004 0014 5 1671176081788677 22.75 -62.5 2.227340104009951 7
0004 0007 7 1671176081847646 -35.75 -68.0 3.877903431774901 7
0004 0014 7 1671176081848939 -266.875 -68.5 1.6321555583103222 7
0004 0002 8 1671176081876587 6.5 -62.5 0.6013204688511713 7
0004 0006 8 1671176081878713 -6.5 -63.0 4.6878452877785195 7
0004 0014 8 1671176081880018 -32.5 -58.0 5.534602682691394 7
0004 0015 8 1671176081881235 -87.0625 -72.0 6.043884304269426 7
