0004 0005 1 1671089960598327 -35.75 -68.0 3.4054373491061236 0
0004 0013 1 1671089960599575 120.4375 -67.0 4.04357335686655 0
0004 0012 1 1671089960600734 -42.3125 -70.0 4.491495746929157 0
0004 0010 1 1671089960601653 59.375 -68.0 2.061670178918302 0
0004 0007 1 1671089960602603 22.75 -65.0 4.485359823777615 0
0004 0015 1 1671089960603507 45.5625 -64.5 1.2026409377023426 0
0004 0009 1 1671089960604838 -32.5 -61.5 4.252194744018997 0
0004 0003 1 1671089960605790 -42.3125 -72.0 0.1718058482431918 0
0004 0008 1 1671089960607912 58.5625 -68.0 1.7916895602504288 0
0004 0004 1 1671089960610121 -35.75 -67.0 4.963961829597935 0
0004 0000 1 1671089960611214 -166.0 -73.5 4.718524903536232 0
0004 0009 2 1671089960636035 -29.25 -62.0 0.6688156235181395 0
0004 0002 2 1671089960637227 -179.0 -68.5 6.178874613603362 0
0004 0010 2 1671089960639903 3.25 -62.5 5.442563835418255 0
0004 0014 2 1671089960640824 100.875 -61.5 2.4911847995262812 0
0004 0013 2 1671089960641743 65.0625 -64.0 2.405281875404685 0
0004 0012 2 1671089960642958 19.5 -59.0 1.2210487071569704 0
0004 0011 2 1671089960645660 55.3125 -64.0 2.2334760271614935 0
0004 0000 2 1671089960646865 58.5625 -70.0 5.540738605842936 0
0004 0015 2 1671089960650981 -26.0 -70.5 2.6384469551633027 0
0004 0004 2 1671089960663859 -260.375 -70.0 4.331961744989051 0
0004 0015 3 1671089960708391 -9.75 -64.5 5.712544454086128 0
0004 0007 3 1671089960709346 -113.875 -70.0 2.9943304979527716 0
0004 0004 4 1671089960736392 68.3125 -69.5 1.3130875544301088 0
0004 0005 4 1671089960737625 -201.8125 -69.5 5.227806525114265 0
0004 0007 4 1671089960738816 -136.6875 -71.5 0.5154175447295755 0
0004 0015 4 1671089960740695 -3.25 -61.0 1.718058482431918 0
0004 0012 5 1671089960776398 -100.875 -70.0 0.22089323345553233 0
0004 0002 5 1671089960777547 39.0 -66.5 4.945554060143307 0
0004 0006 5 1671089960779848 -227.8125 -68.5 5.00077736850719 0
0004 0014 5 1671089960780796 -45.5625 -63.0 1.8039614065535141 0
0004 0007 5 1671089960782466 9.75 -70.5 0.760854470791278 0
0004 0015 5 1671089960784410 -191.1875 -72.0 6.166602767300278 0
0004 0014 6 1671089960807828 3.25 -65.5 2.454369260617026 0
0004 0006 6 1671089960809702 -29.25 -60.0 4.693981210930062 0
0004 0004 6 1671089960810766 -29.25 -68.0 4.215379205109742 0
0004 0005 6 1671089960814292 172.5 -73.5 0.4908738521234052 0
0004 0002 6 1671089960815613 -100.875 -75.0 3.3318062712876126 0
0004 0004 7 1671089960847472 -19.5 -57.5 1.2517283229146832 0
0004 0001 7 1671089960849082 -10.5625 -69.0 0.30679615757712825 0
0004 0011 7 1671089960850071 -3.25 -65.0 1.7303303287350031 0
0004 0002 7 1671089960851536 71.5625 -63.5 2.945243112740431 0
0004 0006 7 1671089960853711 -6.5 -61.5 0.662679700366597 0
0004 0010 7 1671089960856173 35.75 -65.5 3.8840393549264434 0
0004 0008 7 1671089960857405 100.875 -70.5 1.8100973297050567 0
0004 0015 7 1671089960860025 -16.25 -70.0 4.577398671050753 0
0004 0009 8 1671089960886486 -3.25 -62.0 4.1601558967458585 0
0004 0006 8 1671089960887977 39.0 -62.5 3.448388811166921 0
0004 0008 8 1671089960889151 -6.5 -67.5 1.7119225592803755 0
0004 0013 8 1671089960890116 3.25 -61.5 5.47937937432751 0
0004 0010 8 1671089960891404 9.75 -58.5 0.9387962421860124 0
0004 0012 8 1671089960892366 9.75 -60.0 2.1537090261914402 0
0004 0011 8 1671089960893908 -16.25 -71.5 0.01227184630308513 0
0004 0004 8 1671089960894870 58.5625 -62.5 3.5588354278946874 0
0004 0014 8 1671089960896059 -13.0 -64.5 2.5709518004963345 0
0004 0015 8 1671089960899370 3.25 -69.5 0.17794177139473438 0
0004 0005 8 1671089960901020 117.125 -70.0 5.8475347634200645 0
0004 0008 1 1671089961115876 29.25 -68.0 1.932815792735908 0
0004 0009 1 1671089961116778 -6.5 -60.5 4.295146206079795 0
0004 0010 1 1671089961118521 35.75 -69.0 1.9757672547967058 0
0004 0015 1 1671089961119918 6.5 -65.0 1.282407938672396 0
0004 0012 1 1671089961121053 -52.0625 -70.5 4.374913207049849 0
0004 0000 1 1671089961122746 113.875 -73.0 4.368777283898306 0
0004 0003 1 1671089961124165 39.0 -72.0 6.252505691421874 0
0004 0004 1 1671089961125100 -19.5 -66.5 4.890330751779424 0
0004 0007 1 1671089961126476 -94.375 -66.5 4.706253057233147 0
0004 0013 1 1671089961128249 -71.5625 -67.5 4.3933209765044765 0
0004 0005 1 1671089961129228 39.0 -67.0 3.3318062712876126 0
0004 0009 2 1671089961156176 -26.0 -62.0 0.8467573949128739 0
0004 0010 2 1671089961157155 -58.5625 -62.0 5.559146375297564 0
0004 0013 2 1671089961158120 -143.1875 -65.0 2.6568547246179306 0
0004 0012 2 1671089961159038 39.0 -59.5 1.1965050145508 0
0004 0011 2 1671089961160265 62.625 -63.5 2.3009711818284617 0
0004 0014 2 1671089961161470 52.0625 -61.5 2.6261751088602177 0
0004 0000 2 1671089961163141 188.75 -71.0 5.166447293598839 0
0004 0015 2 1671089961166311 143.1875 -70.0 2.380738182798515 0
0004 0002 2 1671089961177902 175.75 -70.0 5.755495916146925 0
0004 0015 3 1671089961217235 -110.625 -64.5 5.755495916146925 0
0004 0007 3 1671089961219053 -345.0 -69.5 3.2029518851052186 0
0004 0015 4 1671089961245813 -16.25 -61.0 1.718058482431918 0
0004 0004 4 1671089961248323 94.375 -70.0 1.3989904785517047 0
0004 0007 4 1671089961249925 65.0625 -72.0 0.25157284921324513 0
0004 0005 4 1671089961251171 6.5 -69.0 5.111223985234957 0
0004 0002 5 1671089961276107 32.5 -66.5 4.945554060143307 0
0004 0014 5 1671089961277070 55.3125 -64.5 1.718058482431918 0
0004 0006 5 1671089961282721 -52.0625 -68.0 4.76147636559703 0
0004 0012 5 1671089961284614 48.8125 -72.5 0.018407769454627694 0
0004 0015 5 1671089961285961 -13.0 -72.0 5.620505606812989 0
0004 0007 5 1671089961291148 68.3125 -71.5 0.9203884727313847 0
0004 0006 6 1671089961315794 -32.5 -60.0 4.755340442445488 0
0004 0005 6 1671089961319252 152.9375 -74.0 0.3374757733348411 0
0004 0004 6 1671089961320828 -159.5 -67.5 4.295146206079795 0
0004 0014 6 1671089961322019 104.125 -66.5 2.3439226438892597 0
0004 0002 6 1671089961323126 -87.875 -74.0 3.6263305825616556 0
0004 0010 7 1671089961346104 39.0 -64.5 3.9515345095934116 0
0004 0015 7 1671089961347998 -104.125 -70.5 4.632621979414636 0
0004 0002 7 1671089961348918 -6.5 -64.0 3.074097498922825 0
0004 0006 7 1671089961350113 26.0 -61.0 0.5645049299419159 0
0004 0009 7 1671089961351035 117.9375 -69.5 3.043417883165112 0
0004 0011 7 1671089961352266 125.3125 -64.5 1.6137477888556946 0
0004 0004 7 1671089961353227 26.0 -57.5 1.1596894756415448 0
0004 0001 7 1671089961354581 -16.25 -70.0 0.3129320807286708 0
0004 0008 7 1671089961355815 -87.875 -72.0 2.1230294104337273 0
0004 0013 8 1671089961375853 -19.5 -61.0 5.50392306693368 0
0004 0008 8 1671089961376760 -91.125 -68.0 1.7794177139473437 0
0004 0010 8 1671089961377751 48.8125 -58.0 0.8651651643675016 0
0004 0012 8 1671089961380426 29.25 -60.0 2.098485717827557 0
0004 0004 8 1671089961381362 26.0 -62.5 3.6386024288647407 0
0004 0014 8 1671089961382792 -3.25 -64.5 2.5709518004963345 0
0004 0009 8 1671089961383717 -55.3125 -61.0 4.227651051412827 0
0004 0006 8 1671089961385543 19.5 -62.0 3.472932503773092 0
0004 0015 8 1671089961386547 -21.125 -71.0 0.2454369260617026 0
0004 0005 8 1671089961387809 94.375 -70.5 5.853670686571607 0
0004 0011 8 1671089961392404 130.1875 -70.5 6.013204688511713 0
0004 0009 1 1671089961606692 -52.0625 -60.5 4.381049130201391 0
0004 0000 1 1671089961610411 6.5 -72.5 4.4976316700806995 0
0004 0015 1 1671089961611821 0.0 -65.0 1.3069516312785663 0
0004 0005 1 1671089961612761 19.5 -68.0 3.3502140407422405 0
0004 0008 1 1671089961615648 185.5 -67.0 1.576932249946439 0
0004 0007 1 1671089961617544 3.25 -66.0 4.577398671050753 0
0004 0004 1 1671089961618424 -39.0 -67.0 4.847379289718626 0
0004 0010 1 1671089961619760 0.0 -67.5 2.0064468705544187 0
0004 0003 1 1671089961621809 26.0 -70.0 6.227961998815704 0
0004 0012 1 1671089961623385 94.375 -70.0 4.135612204139688 0
0004 0013 1 1671089961624333 -19.5 -66.5 4.295146206079795 0
0004 0012 2 1671089961646636 -3.25 -59.5 1.2026409377023426 0
0004 0009 2 1671089961648495 48.8125 -61.5 0.7669903939428205 0
0004 0011 2 1671089961649411 79.75 -64.5 2.184388641949153 0
0004 0015 2 1671089961651816 39.0 -70.0 2.4850488763747385 0
0004 0003 2 1671089961653684 -35.75 -72.5 2.024854640009046 0
0004 0010 2 1671089961655578 45.5625 -62.0 5.368932757599744 0
0004 0014 2 1671089961657154 110.625 -62.0 2.5034566458293663 0
0004 0013 2 1671089961658115 13.0 -64.5 2.4605051837685683 0
0004 0002 2 1671089961661860 172.5 -70.5 5.620505606812989 0
0004 0000 2 1671089961663515 117.125 -71.5 5.325981295538946 0
0004 0007 3 1671089961697320 107.375 -71.0 2.736621725587984 0
0004 0015 3 1671089961698762 -100.875 -65.0 5.743224069843841 0
0004 0004 4 1671089961725836 42.3125 -70.0 1.3621749396424494 0
0004 0005 4 1671089961728150 -104.125 -69.0 5.45483568172134 0
0004 0007 4 1671089961730598 13.0 -72.0 0.22089323345553233 0
0004 0015 4 1671089961731799 22.75 -61.0 1.6751070203711202 0
0004 0002 5 1671089961756450 -39.0 -66.5 5.092816215780329 0
0004 0014 5 1671089961757455 -6.5 -64.0 1.8346410223112268 0
0004 0012 5 1671089961759942 231.0625 -72.0 6.043884304269426 0
0004 0015 5 1671089961761472 227.8125 -71.5 5.485515297479052 0
0004 0007 5 1671089961762408 152.9375 -71.5 0.9326603190344698 0
0004 0006 5 1671089961763343 35.75 -69.0 4.7307967498393175 0
0004 0004 6 1671089961785826 -61.8125 -66.5 4.313553975534423 0
0004 0002 6 1671089961788420 87.875 -73.5 3.423845118560751 0
0004 0014 6 1671089961789341 -45.5625 -66.0 2.5341362615870793 0
0004 0006 6 1671089961793159 -13.0 -59.5 4.71238898038469 0
0004 0011 7 1671089961815837 83.0 -65.5 1.7241944055834606 0
0004 0010 7 1671089961817946 -58.5625 -65.5 4.104932588381976 0
0004 0006 7 1671089961819404 13.0 -60.5 0.6442719309119693 0
0004 0002 7 1671089961820569 78.0625 -64.5 3.043417883165112 0
0004 0001 7 1671089961821515 69.125 -70.0 0.12885438618239387 0
0004 0004 7 1671089961822463 16.25 -58.0 1.1965050145508 0
0004 0008 7 1671089961823527 -48.8125 -71.0 2.270291566070749 0
0004 0015 7 1671089961825373 319.0 -69.0 4.111068511533518 0
0004 0009 7 1671089961826349 -78.0625 -69.5 3.4054373491061236 0
0004 0006 8 1671089961864030 -6.5 -62.0 3.54042765844006 0
0004 0014 8 1671089961865067 26.0 -64.0 2.5280003384355365 0
0004 0010 8 1671089961865985 3.25 -58.5 0.944932165337555 0
0004 0011 8 1671089961867470 87.0625 -70.5 6.050020227420969 0
0004 0015 8 1671089961868433 55.3125 -70.5 0.16566992509164924 0
0004 0012 8 1671089961870938 32.5 -60.0 2.0923497946760143 0
0004 0013 8 1671089961871956 -16.25 -61.0 5.491651220630596 0
0004 0008 8 1671089961872934 26.0 -67.5 1.6751070203711202 0
0004 0005 8 1671089961874562 -113.875 -70.5 6.1850105367549055 0
0004 0004 8 1671089961875708 -26.0 -62.5 3.650874275167826 0
0004 0009 8 1671089961877394 -29.25 -61.5 4.2031073588066565 0
0004 0015 1 1671089962095900 65.0625 -65.0 1.1596894756415448 0
0004 0009 1 1671089962100178 -19.5 -61.0 4.184699589352029 0
0004 0012 1 1671089962103261 -110.625 -70.5 4.362641360746763 0
0004 0010 1 1671089962105395 32.5 -68.0 1.9819031779482483 0
0004 0007 1 1671089962106404 39.0 -66.5 4.411728745959104 0
0004 0013 1 1671089962108092 84.625 -67.5 4.09266074207889 0
0004 0004 1 1671089962109014 -39.0 -67.5 4.884194828627882 0
0004 0008 1 1671089962110048 -45.5625 -67.0 1.8162332528565992 0
0004 0005 1 1671089962111014 -65.0625 -68.5 3.3318062712876126 0
0004 0003 1 1671089962112847 136.6875 -71.5 6.080699843178682 0
0004 0000 1 1671089962116932 -45.5625 -73.5 4.485359823777615 0
0004 0009 2 1671089962146380 9.75 -62.5 0.7976700097005334 0
0004 0014 2 1671089962147528 139.9375 -62.0 2.448233337465483 0
0004 0012 2 1671089962149383 -48.8125 -60.0 1.2701360923693108 0
0004 0011 2 1671089962151916 100.875 -64.0 2.1598449493429825 0
0004 0015 2 1671089962153117 -91.125 -68.5 2.7120780329818137 0
0004 0002 2 1671089962155514 -208.3125 -70.5 6.234097921967246 0
0004 0010 2 1671089962156715 -35.75 -62.0 5.473243451175968 0
0004 0013 2 1671089962158811 58.5625 -64.0 2.2457478734645786 0
0004 0004 2 1671089962175093 130.1875 -71.0 3.816544200259475 0
0004 0000 2 1671089962176724 -315.6875 -72.0 5.6573211457222445 0
0004 0007 3 1671089962206216 100.875 -70.5 3.0372819600135696 0
0004 0015 3 1671089962209095 6.5 -65.0 5.638913376267617 0
0004 0015 4 1671089962235832 -29.25 -60.5 1.7794177139473437 0
0004 0007 4 1671089962238438 -35.75 -71.5 0.1595340019401067 0
0004 0005 4 1671089962239998 16.25 -69.5 5.0682725231741586 0
0004 0004 4 1671089962241589 26.0 -70.5 1.4051264017032472 0
0004 0006 5 1671089962275844 97.625 -69.0 4.663301595172349 0
0004 0014 5 1671089962276780 -42.3125 -63.5 1.9144080232812801 0
0004 0015 5 1671089962277970 -133.4375 -71.0 5.853670686571607 0
0004 0002 5 1671089962281200 -78.0625 -66.5 5.190990986205009 0
0004 0007 5 1671089962284364 -110.625 -70.5 1.1596894756415448 0
0004 0006 6 1671089962307110 -19.5 -60.0 4.76147636559703 0
0004 0014 6 1671089962308557 -35.75 -65.5 2.6016314162540475 0
0004 0004 6 1671089962309704 -61.8125 -67.0 4.270602513473625 0
0004 0005 6 1671089962314911 97.625 -74.5 0.6504078540635119 0
0004 0002 6 1671089962316687 -133.4375 -75.0 3.7429131224409646 0
0004 0015 7 1671089962335880 -146.4375 -69.5 4.865787059173254 0
0004 0006 7 1671089962337097 -32.5 -60.5 0.6872233929727672 0
0004 0004 7 1671089962338076 -55.3125 -57.5 1.3130875544301088 0
0004 0001 7 1671089962339289 -17.0625 -68.5 0.16566992509164924 0
0004 0010 7 1671089962340522 26.0 -65.0 3.8840393549264434 0
0004 0011 7 1671089962341749 38.1875 -64.5 1.6382914814618648 0
0004 0002 7 1671089962343948 -48.8125 -64.0 3.141592653589793 0
0004 0008 7 1671089962351687 -279.9375 -71.5 2.3930100291016 0
0004 0010 8 1671089962386458 6.5 -58.5 0.9142525495798421 0
0004 0012 8 1671089962388778 6.5 -60.5 2.1046216409791 0
0004 0005 8 1671089962389800 6.5 -70.5 5.970253226450915 0
0004 0004 8 1671089962390991 -45.5625 -62.0 3.718369429834794 0
0004 0014 8 1671089962392407 -32.5 -64.0 2.60776733940559 0
0004 0011 8 1671089962394559 -117.9375 -70.5 0.1043106935762236 0
0004 0015 8 1671089962396002 39.0 -70.0 0.2699806186678728 0
0004 0013 8 1671089962397343 -29.25 -61.0 5.5100589900852235 0
0004 0006 8 1671089962398817 -32.5 -62.5 3.5711072741977725 0
0004 0009 8 1671089962400018 -3.25 -63.0 3.9269908169872414 0
0004 0008 8 1671089962402115 -45.5625 -67.0 1.7548740213411735 0
0004 0008 1 1671089962616166 39.0 -67.5 1.6996507129772904 0
0004 0012 1 1671089962617100 -19.5 -70.5 4.264466590322082 0
0004 0013 1 1671089962618065 -16.25 -66.5 4.252194744018997 0
0004 0004 1 1671089962619044 -107.375 -67.5 5.049864753719531 0
0004 0003 1 1671089962620193 97.625 -71.5 0.0 0
0004 0009 1 1671089962621141 26.0 -61.5 4.04357335686655 0
0004 0007 1 1671089962623538 -29.25 -65.5 4.589670517353839 0
0004 0015 1 1671089962624429 32.5 -64.5 1.184233168247715 0
0004 0010 1 1671089962625816 81.375 -67.5 1.7916895602504288 0
0004 0005 1 1671089962626767 35.75 -68.5 3.184544115650591 0
0004 0000 1 1671089962632702 -74.8125 -73.0 4.571262747899211 0
0004 0014 2 1671089962656786 52.0625 -61.5 2.6139032625571326 0
0004 0012 2 1671089962658358 -6.5 -59.5 1.184233168247715 0
0004 0011 2 1671089962659290 24.375 -64.0 2.098485717827557 0
0004 0009 2 1671089962660282 39.0 -62.0 0.5092816215780329 0
0004 0015 2 1671089962661413 45.5625 -69.0 2.3316507975861747 0
0004 0010 2 1671089962662375 -35.75 -63.0 5.473243451175968 0
0004 0002 2 1671089962663711 -48.8125 -70.0 5.810719224510809 0
0004 0013 2 1671089962665171 133.4375 -65.0 2.2334760271614935 0
0004 0004 2 1671089962671865 113.875 -69.5 3.6570101983193686 0
0004 0000 2 1671089962680189 -113.875 -70.0 5.43029198911517 0
0004 0015 3 1671089962716902 -19.5 -65.0 5.663457068873787 0
0004 0007 3 1671089962720619 218.0625 -70.0 2.356194490192345 0
0004 0015 4 1671089962746094 52.0625 -61.0 1.662835174068035 0
0004 0005 4 1671089962746986 58.5625 -69.5 5.006913291658733 0
0004 0004 4 1671089962750115 19.5 -69.5 1.3560390164909069 0
0004 0007 4 1671089962752667 205.0625 -72.0 6.191146459906448 0
0004 0002 5 1671089962776074 -29.25 -67.0 5.056000676871073 0
0004 0007 5 1671089962777422 110.625 -70.0 0.9387962421860124 0
0004 0014 5 1671089962779237 113.875 -63.5 1.5278448647340985 0
0004 0006 5 1671089962780995 -29.25 -68.5 4.792155981354743 0
0004 0012 5 1671089962782212 133.4375 -70.0 6.17273869045182 0
0004 0015 5 1671089962783769 65.875 -71.5 5.700272607783043 0
0004 0005 6 1671089962806349 -65.0625 -74.0 0.9265243958829272 0
0004 0006 6 1671089962807280 -9.75 -60.0 4.724660826687775 0
0004 0014 6 1671089962809295 9.75 -66.0 2.509592568980909 0
0004 0002 6 1671089962810204 9.75 -74.0 3.2029518851052186 0
0004 0004 6 1671089962811418 0.0 -68.0 4.111068511533518 0
0004 0015 7 1671089962846088 139.9375 -71.5 4.25833066717054 0
0004 0008 7 1671089962847317 3.25 -71.5 2.2580197197676637 0
0004 0011 7 1671089962850936 -48.8125 -65.0 1.7426021750380885 0
0004 0002 7 1671089962852582 9.75 -65.0 3.067961575771282 0
0004 0010 7 1671089962854264 45.5625 -64.0 3.9147189706841563 0
0004 0004 7 1671089962855424 22.75 -57.5 1.1965050145508 0
0004 0006 7 1671089962857855 22.75 -61.0 0.6135923151542565 0
0004 0001 7 1671089962859288 -39.0 -69.5 0.3129320807286708 0
0004 0013 8 1671089962895878 3.25 -61.0 5.50392306693368 0
0004 0010 8 1671089962896784 -3.25 -59.0 0.944932165337555 0
0004 0009 8 1671089962898188 13.0 -62.0 3.9269908169872414 0
0004 0011 8 1671089962900730 -21.125 -71.0 6.154330920997192 0
0004 0012 8 1671089962901706 -6.5 -60.5 2.141437179888355 0
0004 0008 8 1671089962902642 29.25 -67.5 1.6935147898257479 0
0004 0005 8 1671089962903850 -19.5 -70.5 6.013204688511713 0
0004 0014 8 1671089962905975 48.8125 -64.0 2.4911847995262812 0
0004 0006 8 1671089962908059 -3.25 -62.0 3.5158839658338894 0
0004 0004 8 1671089962909393 -42.3125 -62.5 3.7551849687440497 0
0004 0015 8 1671089962910371 26.0 -70.0 0.2761165418194154 0
0004 0004 1 1671089963125842 -39.0 -66.5 4.853515212870168 0
0004 0015 1 1671089963126790 55.3125 -64.5 1.2210487071569704 0
0004 0010 1 1671089963127723 -16.25 -68.5 2.0493983326152168 0
0004 0007 1 1671089963128703 35.75 -66.0 4.503767593232243 0
0004 0008 1 1671089963130174 169.25 -67.5 1.662835174068035 0
0004 0005 1 1671089963131590 -3.25 -68.5 3.3440781175906977 0
0004 0009 1 1671089963134150 -9.75 -61.0 4.25833066717054 0
0004 0003 1 1671089963135344 -29.25 -71.5 0.16566992509164924 0
0004 0012 1 1671089963136423 -84.625 -69.5 4.381049130201391 0
0004 0013 1 1671089963137826 -13.0 -67.0 4.23378697456437 0
0004 0000 1 1671089963140380 -247.375 -73.5 4.933282213840222 0
0004 0012 2 1671089963165878 -22.75 -59.5 1.2701360923693108 0
0004 0014 2 1671089963168738 39.0 -62.0 2.6139032625571326 0
0004 0009 2 1671089963171189 -48.8125 -61.5 0.9081166264282996 0
0004 0010 2 1671089963172802 -6.5 -62.5 5.448699758569798 0
0004 0013 2 1671089963175604 -48.8125 -65.5 2.5586799541932495 0
0004 0002 2 1671089963176571 -74.8125 -69.0 5.976389149602458 0
0004 0011 2 1671089963178504 -52.0625 -64.0 2.386874105950058 0
0004 0015 2 1671089963184784 0.0 -70.5 2.3623304133438876 0
0004 0004 2 1671089963192062 152.9375 -69.5 3.8288160465625602 0
0004 0000 2 1671089963194742 -3.25 -71.0 5.577554144752192 0
0004 0003 2 1671089963202331 -126.9375 -71.0 2.3009711818284617 0
0004 0007 3 1671089963228377 218.0625 -71.5 2.4605051837685683 0
0004 0015 3 1671089963229293 -35.75 -65.0 5.7616318392984684 0
0004 0004 4 1671089963257523 97.625 -70.5 1.2640001692177683 0
0004 0015 4 1671089963258481 -6.5 -61.0 1.7119225592803755 0
0004 0007 4 1671089963260155 9.75 -71.0 0.20248546400090464 0
0004 0005 4 1671089963262230 3.25 -69.5 5.148039524144211 0
0004 0012 5 1671089963296479 58.5625 -71.5 0.0674951546669682 0
0004 0014 5 1671089963298840 58.5625 -64.0 1.6996507129772904 0
0004 0006 5 1671089963301576 100.875 -69.5 4.540583132141498 0
0004 0002 5 1671089963303151 -13.0 -67.0 4.878058905476339 0
0004 0015 5 1671089963304354 48.8125 -72.0 5.651185222570702 0
0004 0007 5 1671089963306522 -58.5625 -69.5 0.9081166264282996 0
0004 0006 6 1671089963326197 -9.75 -59.5 4.651029748869264 0
0004 0014 6 1671089963327586 -16.25 -65.5 2.509592568980909 0
0004 0004 6 1671089963329004 -61.8125 -67.0 4.1172044346850605 0
0004 0005 6 1671089963332554 133.4375 -74.0 0.7117670855789375 0
0004 0010 7 1671089963366299 39.0 -65.5 4.037437433715008 0
0004 0015 7 1671089963367487 -19.5 -69.5 4.601942363656923 0
0004 0006 7 1671089963368408 29.25 -61.5 0.6688156235181395 0
0004 0004 7 1671089963369640 32.5 -57.5 1.2517283229146832 0
0004 0002 7 1671089963370620 -16.25 -63.5 3.160000423044421 0
0004 0011 7 1671089963372362 104.125 -65.0 1.5953400194010667 0
0004 0001 7 1671089963374254 59.375 -70.0 0.1595340019401067 0
0004 0008 7 1671089963375855 -58.5625 -70.0 2.386874105950058 0
0004 0009 7 1671089963378304 -13.0 -69.5 3.2397674240144743 0
0004 0010 8 1671089963406634 32.5 -58.5 0.9572040116406401 0
0004 0009 8 1671089963408046 0.0 -61.0 4.246058820867455 0
0004 0011 8 1671089963409025 30.875 -70.5 6.19728238305799 0
0004 0004 8 1671089963409975 -39.0 -63.0 3.8288160465625602 0
0004 0006 8 1671089963411885 3.25 -62.5 3.6017868899554855 0
0004 0012 8 1671089963413089 13.0 -60.0 2.1353012567368124 0
0004 0013 8 1671089963414264 -13.0 -61.5 5.47937937432751 0
0004 0015 8 1671089963415340 -19.5 -70.0 0.25770877236478773 0
0004 0005 8 1671089963417183 48.8125 -71.0 6.043884304269426 0
0004 0008 8 1671089963418117 6.5 -68.0 1.8039614065535141 0
0004 0014 8 1671089963419095 -3.25 -64.0 2.5709518004963345 0
0004 0012 1 1671089963635865 -39.0 -69.5 4.28287435977671 0
0004 0007 1 1671089963636801 42.3125 -66.0 4.528311285838413 0
0004 0013 1 1671089963638502 -42.3125 -66.5 4.344233591292136 0
0004 0015 1 1671089963639465 -55.3125 -64.5 1.3560390164909069 0
0004 0008 1 1671089963640414 117.125 -67.5 1.761009944492716 0
0004 0010 1 1671089963641334 84.625 -68.5 1.932815792735908 0
0004 0009 1 1671089963643978 -6.5 -60.0 4.399456899656019 0
0004 0005 1 1671089963645128 -32.5 -68.5 3.5833791205008576 0
0004 0004 1 1671089963646091 13.0 -67.0 4.994641445355648 0
0004 0003 1 1671089963648707 55.3125 -70.5 0.2699806186678728 0
0004 0000 1 1671089963650324 -130.1875 -73.5 4.798291904506286 0
0004 0009 2 1671089963676469 61.8125 -62.0 0.8099418560036186 0
0004 0013 2 1671089963677418 78.0625 -64.5 2.411417798556228 0
0004 0011 2 1671089963679097 7.3125 -64.0 2.411417798556228 0
0004 0010 2 1671089963681236 -32.5 -62.0 5.632777453116074 0
0004 0000 2 1671089963682169 13.0 -69.5 5.6941366846315 0
0004 0014 2 1671089963683516 -84.625 -61.5 2.84706834231575 0
0004 0012 2 1671089963684462 -26.0 -59.5 1.2946797849754812 0
0004 0015 2 1671089963687506 -39.0 -71.0 2.650718801466388 0
0004 0004 2 1671089963688485 -68.3125 -69.5 4.04357335686655 0
0004 0002 2 1671089963692415 221.3125 -70.5 5.595961914206819 0
0004 0003 2 1671089963702981 -29.25 -71.0 2.6016314162540475 0
0004 0015 3 1671089963726173 -84.625 -64.5 5.780039608753096 0
0004 0007 3 1671089963729352 39.0 -69.5 2.834796496012665 0
0004 0007 4 1671089963764259 26.0 -71.5 0.09817477042468103 0
0004 0005 4 1671089963765211 -42.3125 -69.5 5.049864753719531 0
0004 0004 4 1671089963766147 81.375 -71.5 1.1903690913992575 0
0004 0015 4 1671089963767632 -26.0 -61.0 1.7548740213411735 0
0004 0015 5 1671089963795869 -146.4375 -72.0 5.93343768754166 0
0004 0002 5 1671089963796821 -61.8125 -67.5 4.792155981354743 0
0004 0014 5 1671089963799932 -9.75 -64.5 1.7732817907958012 0
0004 0006 5 1671089963800887 68.3125 -68.0 4.632621979414636 0
0004 0012 5 1671089963805558 -107.375 -72.0 0.0674951546669682 0
0004 0014 6 1671089963826350 -26.0 -65.5 2.521864415283994 0
0004 0006 6 1671089963827326 -13.0 -59.5 4.626486056263094 0
0004 0004 6 1671089963828261 -22.75 -66.0 4.049709280018092 0
0004 0004 7 1671089963865851 -3.25 -57.5 1.3437671701878218 0
0004 0010 7 1671089963867539 -146.4375 -65.0 4.387185053352934 0
0004 0002 7 1671089963868502 3.25 -64.0 3.153864499892878 0
0004 0006 7 1671089963869408 -6.5 -61.5 0.7669903939428205 0
0004 0011 7 1671089963870891 79.75 -65.0 1.8039614065535141 0
0004 0008 7 1671089963871883 -253.875 -72.5 2.816388726558037 0
0004 0001 7 1671089963873069 -100.875 -70.5 0.3620194659410113 0
0004 0009 7 1671089963875579 126.9375 -69.5 3.117048960983623 0
0004 0015 7 1671089963876947 -16.25 -70.0 4.632621979414636 0
0004 0012 8 1671089963905900 -6.5 -60.0 2.1659808724945253 0
0004 0009 8 1671089963906865 -19.5 -60.5 4.338097668140593 0
0004 0004 8 1671089963907843 -48.8125 -63.0 3.80427235395639 0
0004 0006 8 1671089963909021 -16.25 -62.0 3.6386024288647407 0
0004 0013 8 1671089963909939 -9.75 -61.5 5.534602682691394 0
0004 0005 8 1671089963910878 26.0 -71.0 6.062292073724054 0
0004 0014 8 1671089963911742 74.8125 -64.0 2.5034566458293663 0
0004 0010 8 1671089963914135 16.25 -58.5 1.030835089459151 0
0004 0008 8 1671089963917159 -9.75 -66.5 1.8960002538266525 0
0004 0015 8 1671089963922457 -74.8125 -70.0 0.3865631585471816 0
0004 0011 8 1671089963923417 79.75 -70.5 6.215690152512618 0
0004 0008 1 1671089964136166 107.375 -67.0 1.7671458676442586 0
0004 0015 1 1671089964137141 61.8125 -65.0 1.2087768608538851 0
0004 0009 1 1671089964138344 -16.25 -61.0 4.368777283898306 0
0004 0013 1 1671089964139532 48.8125 -67.5 4.227651051412827 0
0004 0007 1 1671089964140709 -29.25 -65.5 4.663301595172349 0
0004 0010 1 1671089964141700 -68.3125 -68.0 2.2396119503130363 0
0004 0005 1 1671089964143162 -58.5625 -68.5 3.454524734318464 0
0004 0003 1 1671089964144339 87.875 -71.5 0.14112623248547898 0
0004 0004 1 1671089964145318 -55.3125 -67.5 5.037592907416445 0
0004 0000 1 1671089964148961 260.375 -73.5 4.331961744989051 0
0004 0012 1 1671089964149964 -32.5 -70.0 4.270602513473625 0
0004 0010 2 1671089964176116 74.8125 -62.0 5.5100589900852235 0
0004 0012 2 1671089964177319 22.75 -59.5 1.2210487071569704 0
0004 0013 2 1671089964180477 -39.0 -64.5 2.6200391857086753 0
0004 0014 2 1671089964181708 29.25 -61.5 2.650718801466388 0
0004 0009 2 1671089964182669 19.5 -62.0 0.9387962421860124 0
0004 0011 2 1671089964185206 13.0 -64.5 2.405281875404685 0
0004 0000 2 1671089964188229 13.0 -70.5 5.773903685601553 0
0004 0002 2 1671089964191793 231.0625 -69.0 5.4671075280244255 0
0004 0015 2 1671089964194408 -277.4375 -70.0 2.9391071895888885 0
0004 0015 3 1671089964236690 35.75 -65.0 5.534602682691394 0
0004 0007 3 1671089964238011 35.75 -69.0 2.6323110320117604 0
0004 0004 4 1671089964266934 9.75 -71.0 1.2210487071569704 0
0004 0005 4 1671089964267974 -74.8125 -69.0 5.178719139901925 0
0004 0015 4 1671089964269205 26.0 -61.0 1.6873788666742053 0
0004 0007 4 1671089964270368 58.5625 -71.0 0.11658253987930872 0
0004 0015 5 1671089964295798 59.375 -71.5 5.626641529964532 0
0004 0014 5 1671089964297216 71.5625 -64.5 1.7241944055834606 0
0004 0002 5 1671089964299249 -68.3125 -67.5 4.865787059173254 0
0004 0006 5 1671089964300727 247.375 -69.5 4.460816131171445 0
0004 0007 5 1671089964302785 -78.0625 -69.5 1.0062913968529805 0
0004 0012 5 1671089964303947 -159.5 -71.5 6.22182607566416 0
0004 0005 6 1671089964337307 9.75 -75.0 0.8099418560036186 0
0004 0004 6 1671089964338243 -58.5625 -66.5 4.086524818927348 0
0004 0006 6 1671089964339175 3.25 -59.0 4.595806440505381 0
0004 0014 6 1671089964340325 -65.0625 -65.5 2.6016314162540475 0
0004 0011 7 1671089964376577 -73.1875 -64.5 1.8407769454627694 0
0004 0010 7 1671089964378109 169.25 -65.5 3.9208548938356986 0
0004 0015 7 1671089964379283 -143.1875 -70.5 4.828971520263998 0
0004 0002 7 1671089964380189 9.75 -64.0 3.1784081924990484 0
0004 0004 7 1671089964381408 -13.0 -57.0 1.423534171157875 0
0004 0006 7 1671089964382752 35.75 -61.0 0.6810874698212247 0
0004 0008 7 1671089964385853 -166.0 -72.0 2.466641106920111 0
0004 0001 7 1671089964387974 -78.0625 -70.0 0.3988350048502667 0
0004 0013 8 1671089964416406 -52.0625 -61.0 5.595961914206819 0
0004 0012 8 1671089964418014 -9.75 -60.0 2.1782527187976104 0
0004 0006 8 1671089964418993 42.3125 -62.5 3.6079228131070282 0
0004 0015 8 1671089964420720 48.8125 -70.5 0.1595340019401067 0
0004 0008 8 1671089964421908 29.25 -67.5 1.8223691760081417 0
0004 0004 8 1671089964422958 -26.0 -63.0 3.877903431774901 0
0004 0014 8 1671089964423906 -9.75 -64.5 2.5954954931025047 0
0004 0009 8 1671089964424813 -32.5 -61.5 4.28287435977671 0
0004 0010 8 1671089964425745 -16.25 -58.0 1.0737865515199487 0
0004 0005 8 1671089964426797 -78.0625 -71.5 0.006135923151542565 0
0004 0011 8 1671089964427767 -7.3125 -70.5 0.05522330836388308 0
0004 0003 1 1671089964647879 16.25 -71.5 0.23930100291016002 0
0004 0007 1 1671089964649157 -26.0 -66.5 4.546719055293041 0
0004 0008 1 1671089964652144 9.75 -68.0 1.9696313316451632 0
0004 0015 1 1671089964653122 -61.8125 -64.5 1.423534171157875 0
0004 0010 1 1671089964654340 39.0 -68.5 1.9512235621905356 0
0004 0009 1 1671089964656506 -22.75 -61.5 4.356505437595221 0
0004 0005 1 1671089964657439 0.0 -68.5 3.466796580621549 0
0004 0012 1 1671089964658393 16.25 -70.5 4.270602513473625 0
0004 0000 1 1671089964659798 52.0625 -73.0 4.4362724385652745 0
0004 0004 1 1671089964661983 -39.0 -66.0 5.111223985234957 0
0004 0013 1 1671089964662932 32.5 -67.5 4.2031073588066565 0
0004 0009 2 1671089964686605 0.0 -62.0 0.803805932852076 0
0004 0002 2 1671089964688270 -26.0 -69.0 6.105243535784852 0
0004 0012 2 1671089964689155 0.0 -59.5 1.2946797849754812 0
0004 0013 2 1671089964691185 81.375 -64.0 2.435961491162398 0
0004 0011 2 1671089964692517 -142.375 -64.5 2.6691265709210157 0
0004 0000 2 1671089964693705 -71.5625 -70.0 5.485515297479052 0
0004 0015 2 1671089964695133 -16.25 -71.5 2.6261751088602177 0
0004 0014 2 1671089964697058 9.75 -61.5 2.6261751088602177 0
0004 0010 2 1671089964698545 45.5625 -62.0 5.522330836388308 0
0004 0004 2 1671089964701053 -58.5625 -70.0 4.239922897715912 0
0004 0007 3 1671089964736590 156.1875 -69.0 2.7979809571034093 0
0004 0015 3 1671089964739254 48.8125 -64.0 5.577554144752192 0
0004 0007 4 1671089964765886 -16.25 -71.0 0.1349903093339364 0
0004 0015 4 1671089964768407 -9.75 -61.0 1.748738098189631 0
0004 0004 4 1671089964770577 42.3125 -72.0 1.1719613219446299 0
0004 0005 4 1671089964771528 58.5625 -70.5 4.957825906446392 0
0004 0014 5 1671089964795865 32.5 -63.5 1.6873788666742053 0
0004 0002 5 1671089964796817 35.75 -66.5 4.7307967498393175 0
0004 0007 5 1671089964798011 -22.75 -70.5 0.8467573949128739 0
0004 0015 5 1671089964799002 55.3125 -72.5 5.835262917116979 0
0004 0012 5 1671089964799937 45.5625 -71.0 5.988660995905543 0
0004 0006 5 1671089964801355 68.3125 -69.5 4.565126824747668 0
0004 0004 6 1671089964826561 -68.3125 -66.0 4.080388895775806 0
0004 0005 6 1671089964829560 -16.25 -75.0 0.8406214717613314 0
0004 0006 6 1671089964830849 -3.25 -59.5 4.595806440505381 0
0004 0014 6 1671089964832453 22.75 -65.5 2.3623304133438876 0
0004 0011 7 1671089964856114 7.3125 -64.5 1.8407769454627694 0
0004 0006 7 1671089964858471 19.5 -61.0 0.7424467013366504 0
0004 0004 7 1671089964859376 6.5 -58.0 1.423534171157875 0
0004 0010 7 1671089964860323 -3.25 -66.0 4.123340357836604 0
0004 0002 7 1671089964861982 -22.75 -64.0 3.153864499892878 0
0004 0015 7 1671089964863272 192.0 -69.5 4.540583132141498 0
0004 0001 7 1671089964867362 -21.125 -70.5 0.2761165418194154 0
0004 0013 8 1671089964896117 -13.0 -61.0 5.553010452146021 0
0004 0009 8 1671089964897051 13.0 -62.5 4.061981126321178 0
0004 0005 8 1671089964898976 16.25 -70.5 6.14819499784565 0
0004 0012 8 1671089964899924 13.0 -60.0 2.1782527187976104 0
0004 0010 8 1671089964902059 26.0 -58.0 1.000155473701438 0
0004 0004 8 1671089964903973 -39.0 -63.0 3.933126740138784 0
0004 0014 8 1671089964905743 -22.75 -64.0 2.6323110320117604 0
0004 0006 8 1671089964907062 -22.75 -62.5 3.724505352986337 0
0004 0015 8 1671089964908594 120.4375 -70.0 0.0 0
0004 0008 8 1671089964909584 -26.0 -68.0 1.932815792735908 0
0004 0011 8 1671089964910673 52.0625 -70.5 6.191146459906448 0
0004 0008 1 1671089965126605 39.0 -67.5 1.9266798695843652 0
0004 0010 1 1671089965127524 -3.25 -68.0 2.0923497946760143 0
0004 0007 1 1671089965128930 26.0 -66.0 4.540583132141498 0
0004 0000 1 1671089965130614 -32.5 -73.0 4.73693267299086 0
0004 0004 1 1671089965131819 -26.0 -67.0 5.080544369477243 0
0004 0009 1 1671089965132966 -32.5 -61.0 4.362641360746763 0
0004 0015 1 1671089965134028 52.0625 -65.0 1.141281706186917 0
0004 0013 1 1671089965136068 9.75 -67.5 4.2092432819582 0
0004 0003 1 1671089965138209 -120.4375 -71.5 0.4295146206079795 0
0004 0012 1 1671089965139569 -22.75 -70.5 4.362641360746763 0
0004 0005 1 1671089965141130 -19.5 -69.5 3.4177091954092087 0
0004 0010 2 1671089965166194 104.125 -62.5 5.436427912266712 0
0004 0014 2 1671089965167098 65.0625 -61.5 2.5341362615870793 0
0004 0002 2 1671089965169044 -61.8125 -69.5 5.93343768754166 0
0004 0011 2 1671089965170270 21.125 -65.0 2.399145952253143 0
0004 0013 2 1671089965171233 16.25 -64.0 2.448233337465483 0
0004 0012 2 1671089965175369 -22.75 -59.0 1.337631247036279 0
0004 0009 2 1671089965177504 -6.5 -62.0 0.8344855486097889 0
0004 0000 2 1671089965180718 -120.4375 -70.5 5.589825991055276 0
0004 0015 2 1671089965184619 22.75 -70.0 2.350058567040802 0
0004 0004 2 1671089965195738 42.3125 -70.0 4.295146206079795 0
0004 0015 3 1671089965225902 16.25 -64.0 5.559146375297564 0
0004 0007 3 1671089965228146 152.9375 -69.5 2.8961557275280905 0
0004 0004 4 1671089965257583 -84.625 -71.5 1.1535535524900022 0
0004 0015 4 1671089965258783 -6.5 -61.5 1.7732817907958012 0
0004 0005 4 1671089965261404 26.0 -69.5 4.933282213840222 0
0004 0007 4 1671089965262986 0.0 -71.5 0.05522330836388308 0
0004 0002 5 1671089965298545 -39.0 -66.5 4.798291904506286 0
0004 0007 5 1671089965300978 65.0625 -70.0 0.7117670855789375 0
0004 0012 5 1671089965302041 45.5625 -71.0 6.111379458936394 0
0004 0015 5 1671089965303032 78.0625 -70.5 5.7616318392984684 0
0004 0014 5 1671089965304188 0.0 -64.0 1.7732817907958012 0
0004 0006 5 1671089965305871 139.9375 -70.0 4.509903516383785 0
0004 0014 6 1671089965328933 -78.0625 -65.5 2.5832236467994196 0
0004 0006 6 1671089965329979 -9.75 -59.5 4.565126824747668 0
0004 0004 6 1671089965331212 -91.125 -66.0 4.129476280988146 0
0004 0005 6 1671089965334926 84.625 -73.5 0.7792622402459057 0
0004 0008 7 1671089965357373 48.8125 -71.0 2.2396119503130363 0
0004 0004 7 1671089965358576 -16.25 -58.0 1.509437095279471 0
0004 0015 7 1671089965359538 -19.5 -69.5 4.669437518323892 0
0004 0006 7 1671089965360488 -39.0 -61.5 0.859029241215959 0
0004 0001 7 1671089965361733 111.4375 -69.5 0.37429131224409645 0
0004 0002 7 1671089965364183 -32.5 -64.5 3.2029518851052186 0
0004 0011 7 1671089965365157 17.0625 -65.5 1.7671458676442586 0
0004 0010 7 1671089965366107 35.75 -65.5 4.104932588381976 0
0004 0013 8 1671089965397080 -29.25 -61.5 5.589825991055276 0
0004 0009 8 1671089965398269 -71.5625 -61.5 4.4362724385652745 0
0004 0011 8 1671089965399408 0.0 -71.0 0.09817477042468103 0
0004 0010 8 1671089965400358 6.5 -58.0 1.055378782065321 0
0004 0014 8 1671089965401293 22.75 -64.5 2.5464081078901644 0
0004 0004 8 1671089965402256 -39.0 -63.5 3.9453985864418692 0
0004 0006 8 1671089965403177 -39.0 -62.5 3.773592738198677 0
0004 0012 8 1671089965404138 19.5 -60.0 2.1475731030398975 0
0004 0008 8 1671089965408018 26.0 -67.5 1.88986433067511 0
0004 0005 8 1671089965410400 -39.0 -70.0 0.04295146206079795 0
0004 0015 8 1671089965411321 107.375 -70.5 0.23316507975861744 0
