0004 0005 1 1671089971076683 42.3125 -67.5 3.3870295796514958 0
0004 0003 1 1671089971077991 35.75 -70.5 0.09203884727313846 0
0004 0013 1 1671089971078913 -32.5 -67.5 4.221515128261284 0
0004 0015 1 1671089971080619 -9.75 -65.0 1.3192234775816514 0
0004 0009 1 1671089971082106 3.25 -60.5 4.325825821837508 0
0004 0010 1 1671089971084675 -16.25 -68.0 2.0371264863121317 0
0004 0007 1 1671089971085951 9.75 -66.0 4.583534594202296 0
0004 0004 1 1671089971088079 -58.5625 -67.0 5.0253210611133605 0
0004 0008 1 1671089971089252 -39.0 -67.5 2.000310947402876 0
0004 0012 1 1671089971093308 3.25 -71.0 4.289010282928253 0
0004 0000 1 1671089971095641 81.375 -73.5 4.3503695144436785 0
0004 0013 2 1671089971126880 -35.75 -64.5 2.466641106920111 0
0004 0009 2 1671089971127940 -3.25 -60.5 0.9572040116406401 0
0004 0014 2 1671089971129213 29.25 -61.5 2.564815877344792 0
0004 0010 2 1671089971130176 -68.3125 -62.0 5.565282298449106 0
0004 0012 2 1671089971131067 55.3125 -59.5 1.2026409377023426 0
0004 0015 2 1671089971133430 121.25 -69.5 2.3009711818284617 0
0004 0000 2 1671089971135755 -42.3125 -71.0 5.45483568172134 0
0004 0002 2 1671089971137101 39.0 -69.5 5.982525072754001 0
0004 0011 2 1671089971138659 17.0625 -64.5 2.337786720737717 0
0004 0004 2 1671089971144752 71.5625 -72.0 3.9147189706841563 0
0004 0015 3 1671089971177459 -91.125 -64.0 5.8045833013592665 0
0004 0007 3 1671089971180577 19.5 -70.0 2.9145634969827183 0
0004 0004 4 1671089971206531 -152.9375 -71.0 1.6382914814618648 0
0004 0007 4 1671089971208064 -126.9375 -72.5 0.32520392703175593 0
0004 0015 4 1671089971209248 22.75 -61.5 1.705786636128833 0
0004 0005 4 1671089971210483 -32.5 -69.0 5.190990986205009 0
0004 0002 5 1671089971236099 -81.375 -66.5 4.95168998329485 0
0004 0014 5 1671089971237531 110.625 -64.5 1.5033011721279284 0
0004 0006 5 1671089971240681 104.125 -68.0 4.583534594202296 0
0004 0012 5 1671089971243463 -91.125 -71.5 0.030679615757712823 0
0004 0015 5 1671089971244862 -16.25 -71.5 5.773903685601553 0
0004 0007 5 1671089971246192 -13.0 -70.0 0.8713010875190442 0
0004 0006 6 1671089971268150 -16.25 -59.5 4.6448938257177215 0
0004 0005 6 1671089971269327 -32.5 -74.0 0.9265243958829272 0
0004 0014 6 1671089971270302 3.25 -66.0 2.4911847995262812 0
0004 0004 6 1671089971271249 0.0 -66.5 4.074252972624263 0
0004 0010 7 1671089971296712 -58.5625 -65.0 4.178563666200486 0
0004 0004 7 1671089971297655 0.0 -57.5 1.2701360923693108 0
0004 0006 7 1671089971298906 -45.5625 -61.0 0.7669903939428205 0
0004 0015 7 1671089971299911 35.75 -71.0 4.7860200582032 0
0004 0011 7 1671089971301605 24.375 -65.5 1.6996507129772904 0
0004 0009 7 1671089971303618 22.75 -68.5 3.2765829629237295 0
0004 0002 7 1671089971305900 -9.75 -64.5 3.1968159619536762 0
0004 0001 7 1671089971307231 10.5625 -69.5 0.25770877236478773 0
0004 0008 7 1671089971308660 -22.75 -72.0 2.2764274892222915 0
0004 0005 8 1671089971336064 3.25 -70.5 6.129787228391022 0
0004 0012 8 1671089971337226 39.0 -60.5 2.1046216409791 0
0004 0008 8 1671089971338627 78.0625 -67.0 1.6873788666742053 0
0004 0010 8 1671089971339856 -26.0 -58.0 1.0246991663076084 0
0004 0006 8 1671089971340832 6.5 -62.5 3.6017868899554855 0
0004 0014 8 1671089971342037 35.75 -64.0 2.509592568980909 0
0004 0011 8 1671089971343706 128.5625 -71.0 6.117515382087937 0
0004 0015 8 1671089971344993 -3.25 -70.0 0.12885438618239387 0
0004 0013 8 1671089971345927 13.0 -61.5 5.473243451175968 0
0004 0004 8 1671089971350730 -6.5 -62.5 3.767456815047135 0
0004 0009 8 1671089971352092 -3.25 -61.5 4.2092432819582 0
0004 0009 1 1671089971566196 9.75 -61.0 4.264466590322082 0
0004 0003 1 1671089971567179 110.625 -71.5 0.02454369260617026 0
0004 0013 1 1671089971568154 3.25 -67.5 4.1601558967458585 0
0004 0012 1 1671089971569091 -29.25 -70.0 4.448544284868359 0
0004 0008 1 1671089971569997 -74.8125 -67.5 1.945087639038993 0
0004 0005 1 1671089971570920 -113.875 -68.0 3.4606606574700063 0
0004 0015 1 1671089971572573 13.0 -65.0 1.227184630308513 0
0004 0007 1 1671089971573525 48.8125 -66.0 4.479223900626073 0
0004 0000 1 1671089971575629 -169.25 -73.0 4.638757902566179 0
0004 0010 1 1671089971576830 -81.375 -68.0 2.1966604882522383 0
0004 0004 1 1671089971578247 -74.8125 -68.0 5.080544369477243 0
0004 0011 2 1671089971605874 -3.25 -64.0 2.435961491162398 0
0004 0013 2 1671089971607545 22.75 -64.0 2.3746022596469727 0
0004 0012 2 1671089971608719 -6.5 -59.5 1.2946797849754812 0
0004 0002 2 1671089971609673 -16.25 -70.5 5.945709533844745 0
0004 0009 2 1671089971610723 -13.0 -62.5 0.9694758579437253 0
0004 0014 2 1671089971611900 39.0 -62.0 2.5832236467994196 0
0004 0010 2 1671089971613572 -52.0625 -62.5 5.620505606812989 0
0004 0015 2 1671089971617242 182.25 -69.0 2.3009711818284617 0
0004 0000 2 1671089971620939 -139.9375 -69.0 5.559146375297564 0
0004 0004 2 1671089971628688 6.5 -71.0 4.289010282928253 0
0004 0003 2 1671089971630336 -345.0 -72.5 2.7979809571034093 0
0004 0015 3 1671089971664136 -26.0 -65.0 5.6573211457222445 0
0004 0007 3 1671089971665459 78.0625 -69.5 2.6875343403756435 0
0004 0015 4 1671089971687556 -9.75 -61.5 1.7303303287350031 0
0004 0005 4 1671089971689147 -22.75 -68.0 5.105088062083414 0
0004 0007 4 1671089971690111 -6.5 -72.0 0.2086213871524472 0
0004 0004 4 1671089971692447 3.25 -71.0 1.325359400733194 0
0004 0002 5 1671089971718021 -22.75 -66.5 4.804427827657828 0
0004 0006 5 1671089971719045 -110.625 -68.0 4.792155981354743 0
0004 0014 5 1671089971720429 -9.75 -63.5 1.7548740213411735 0
0004 0012 5 1671089971721737 52.0625 -72.0 6.019340611663256 0
0004 0007 5 1671089971725522 -22.75 -70.0 0.8651651643675016 0
0004 0015 5 1671089971726587 -224.5625 -71.0 6.007068765360171 0
0004 0004 6 1671089971745801 -13.0 -67.0 4.166291819897402 0
0004 0014 6 1671089971747262 -55.3125 -65.5 2.5402721847386216 0
0004 0005 6 1671089971748439 35.75 -73.0 0.6381360077604268 0
0004 0006 6 1671089971750899 -9.75 -59.5 4.6448938257177215 0
0004 0002 7 1671089971775869 -26.0 -64.5 3.2090878082567613 0
0004 0011 7 1671089971777531 0.0 -64.5 1.8100973297050567 0
0004 0006 7 1671089971778428 -13.0 -60.5 0.7117670855789375 0
0004 0010 7 1671089971780085 100.875 -65.5 3.9453985864418692 0
0004 0004 7 1671089971781288 -19.5 -57.0 1.3867186322486196 0
0004 0001 7 1671089971782532 78.0625 -69.5 0.2270291566070749 0
0004 0015 7 1671089971785815 -192.0 -70.5 4.884194828627882 0
0004 0008 7 1671089971790188 126.9375 -71.0 2.1046216409791 0
0004 0008 8 1671089971816689 9.75 -67.5 1.8223691760081417 0
0004 0010 8 1671089971819208 19.5 -58.5 0.9817477042468103 0
0004 0012 8 1671089971820100 16.25 -60.0 2.1537090261914402 0
0004 0006 8 1671089971821542 -6.5 -62.0 3.6201946594101133 0
0004 0014 8 1671089971822507 32.5 -64.5 2.5586799541932495 0
0004 0009 8 1671089971823455 -35.75 -62.5 4.06811704947272 0
0004 0005 8 1671089971825469 3.25 -71.5 6.178874613603362 0
0004 0004 8 1671089971827030 -13.0 -62.5 3.80427235395639 0
0004 0013 8 1671089971828840 -3.25 -61.5 5.540738605842936 0
0004 0015 8 1671089971832291 -6.5 -70.5 0.2761165418194154 0
0004 0011 8 1671089971833252 55.3125 -71.0 6.227961998815704 0
0004 0009 1 1671089972046075 22.75 -61.5 4.147884050442774 0
0004 0004 1 1671089972047479 -39.0 -67.0 5.031456984264903 0
0004 0012 1 1671089972048883 -185.5 -69.5 4.620350133111551 0
0004 0005 1 1671089972049890 -48.8125 -69.0 3.4177091954092087 0
0004 0015 1 1671089972051121 -48.8125 -64.5 1.3560390164909069 0
0004 0003 1 1671089972052525 22.75 -71.0 0.0859029241215959 0
0004 0008 1 1671089972053473 65.0625 -67.5 1.662835174068035 0
0004 0007 1 1671089972054394 26.0 -66.0 4.516039439535327 0
0004 0000 1 1671089972056589 -74.8125 -74.0 4.663301595172349 0
0004 0010 1 1671089972057532 0.0 -67.5 2.000310947402876 0
0004 0013 1 1671089972058744 -94.375 -67.0 4.301282129231338 0
0004 0010 2 1671089972085892 -22.75 -62.5 5.675728915176872 0
0004 0009 2 1671089972087109 9.75 -62.5 0.662679700366597 0
0004 0011 2 1671089972088055 27.625 -64.0 2.337786720737717 0
0004 0012 2 1671089972089934 -19.5 -59.0 1.2640001692177683 0
0004 0013 2 1671089972092116 39.0 -64.5 2.3930100291016 0
0004 0014 2 1671089972094156 87.875 -61.5 2.521864415283994 0
0004 0015 2 1671089972098920 90.3125 -68.5 2.3930100291016 0
0004 0004 2 1671089972099853 6.5 -69.5 4.061981126321178 0
0004 0002 2 1671089972102918 -19.5 -69.5 6.025476534814799 0
0004 0000 2 1671089972103926 -149.6875 -70.5 5.675728915176872 0
0004 0003 2 1671089972120219 45.5625 -71.5 1.7916895602504288 0
0004 0007 3 1671089972145839 29.25 -70.0 2.675262494072558 0
0004 0015 3 1671089972149443 -74.8125 -65.0 5.780039608753096 0
0004 0005 4 1671089972175828 35.75 -68.5 4.828971520263998 0
0004 0004 4 1671089972177543 -113.875 -71.5 1.3314953238847365 0
0004 0015 4 1671089972179875 -26.0 -61.0 1.7671458676442586 0
0004 0007 4 1671089972181690 9.75 -72.0 0.15339807878856412 0
0004 0014 5 1671089972207518 185.5 -64.0 1.4542137869155878 0
0004 0012 5 1671089972208719 71.5625 -71.5 5.915029918087033 0
0004 0002 5 1671089972213475 -58.5625 -67.0 4.994641445355648 0
0004 0015 5 1671089972215513 126.9375 -70.5 5.608233760509904 0
0004 0007 5 1671089972216563 45.5625 -69.0 0.8897088569736719 0
0004 0006 5 1671089972217739 139.9375 -68.5 4.448544284868359 0
0004 0006 6 1671089972246141 -74.8125 -60.0 4.779884135051658 0
0004 0005 6 1671089972247335 -84.625 -75.0 0.9633399347921826 0
0004 0014 6 1671089972251982 -81.375 -65.5 2.6139032625571326 0
0004 0004 6 1671089972257434 136.6875 -66.0 3.847223816017188 0
0004 0010 7 1671089972276223 -35.75 -65.0 4.129476280988146 0
0004 0006 7 1671089972277201 -19.5 -61.0 0.803805932852076 0
0004 0001 7 1671089972278888 139.125 -69.5 0.25770877236478773 0
0004 0004 7 1671089972279820 9.75 -57.5 1.3989904785517047 0
0004 0011 7 1671089972280753 38.1875 -64.5 1.8100973297050567 0
0004 0002 7 1671089972284866 -26.0 -64.5 3.2581751934691017 0
0004 0015 7 1671089972288991 107.375 -69.5 4.473087977474529 0
0004 0008 7 1671089972290421 305.9375 -72.0 1.6873788666742053 0
0004 0013 8 1671089972315970 -48.8125 -61.0 5.608233760509904 0
0004 0010 8 1671089972316916 16.25 -58.0 1.0369710126106935 0
0004 0005 8 1671089972318121 -3.25 -70.5 6.178874613603362 0
0004 0012 8 1671089972319038 0.0 -60.5 2.184388641949153 0
0004 0011 8 1671089972321913 62.625 -70.5 0.030679615757712823 0
0004 0015 8 1671089972322874 -13.0 -70.5 0.35588354278946877 0
0004 0014 8 1671089972323796 29.25 -64.5 2.5341362615870793 0
0004 0008 8 1671089972324843 39.0 -67.0 1.7978254834019713 0
0004 0004 8 1671089972326017 -9.75 -63.5 3.822680123411018 0
0004 0009 8 1671089972326969 -42.3125 -62.0 4.129476280988146 0
0004 0006 8 1671089972328683 -13.0 -62.0 3.663146121470911 0
0004 0015 1 1671089972546309 91.125 -65.0 1.1290098598838318 0
0004 0007 1 1671089972547244 -3.25 -66.0 4.534447208989955 0
0004 0004 1 1671089972548223 9.75 -67.0 5.037592907416445 0
0004 0003 1 1671089972549418 169.25 -71.5 6.277049384028044 0
0004 0009 1 1671089972550349 9.75 -61.0 4.215379205109742 0
0004 0013 1 1671089972551614 65.0625 -67.0 4.0987966652304335 0
0004 0008 1 1671089972552774 71.5625 -67.0 1.7241944055834606 0
0004 0010 1 1671089972554460 173.3125 -68.0 1.6260196351587797 0
0004 0005 1 1671089972555793 81.375 -68.0 3.2520392703175593 0
0004 0012 1 1671089972557577 -29.25 -71.0 4.28287435977671 0
0004 0000 1 1671089972560780 -292.9375 -75.5 4.71238898038469 0
0004 0015 2 1671089972585973 182.25 -70.5 2.2089323345553233 0
0004 0010 2 1671089972587174 39.0 -62.5 5.387340527054372 0
0004 0000 2 1671089972588407 -237.5625 -70.5 5.902758071783947 0
0004 0009 2 1671089972589859 0.0 -62.0 0.8774370106705868 0
0004 0011 2 1671089972591051 87.0625 -65.0 2.141437179888355 0
0004 0012 2 1671089972591999 26.0 -59.5 1.1658253987930873 0
0004 0002 2 1671089972593447 32.5 -69.5 5.994796919057086 0
0004 0014 2 1671089972594622 13.0 -61.5 2.6200391857086753 0
0004 0013 2 1671089972596423 45.5625 -64.5 2.423689644859313 0
0004 0007 3 1671089972636580 -29.25 -70.5 2.5832236467994196 0
0004 0015 3 1671089972638408 -65.0625 -65.0 5.767767762450011 0
0004 0007 4 1671089972666402 -29.25 -70.5 0.1595340019401067 0
0004 0015 4 1671089972669126 26.0 -61.0 1.6996507129772904 0
0004 0005 4 1671089972671222 -107.375 -69.0 5.043728830567988 0
0004 0004 4 1671089972672797 198.5625 -71.5 0.9572040116406401 0
0004 0014 5 1671089972696400 -9.75 -64.0 1.6996507129772904 0
0004 0007 5 1671089972698536 48.8125 -70.0 0.944932165337555 0
0004 0015 5 1671089972699766 -21.125 -70.5 5.878214379177777 0
0004 0006 5 1671089972700998 6.5 -68.0 4.749204519293945 0
0004 0002 5 1671089972702463 -42.3125 -67.5 4.97623367590102 0
0004 0004 6 1671089972727843 -74.8125 -66.5 4.221515128261284 0
0004 0006 6 1671089972731221 -16.25 -59.5 4.663301595172349 0
0004 0014 6 1671089972733390 48.8125 -66.5 2.3930100291016 0
0004 0005 6 1671089972736073 139.9375 -72.5 0.662679700366597 0
0004 0009 7 1671089972756645 -35.75 -69.5 3.442252888015379 0
0004 0004 7 1671089972758176 26.0 -57.5 1.3314953238847365 0
0004 0008 7 1671089972759124 -91.125 -69.0 2.3746022596469727 0
0004 0006 7 1671089972760073 -13.0 -61.0 0.8099418560036186 0
0004 0002 7 1671089972761310 39.0 -64.5 3.147728576741336 0
0004 0010 7 1671089972764068 3.25 -65.0 4.166291819897402 0
0004 0011 7 1671089972765638 55.3125 -64.5 1.8039614065535141 0
0004 0015 7 1671089972767210 65.875 -70.5 4.546719055293041 0
0004 0001 7 1671089972769443 -62.625 -68.0 0.5031456984264903 0
0004 0006 8 1671089972795901 -6.5 -62.0 3.6815538909255388 0
0004 0013 8 1671089972797573 -3.25 -61.5 5.577554144752192 0
0004 0012 8 1671089972798506 6.5 -60.5 2.172116795646068 0
0004 0011 8 1671089972799452 27.625 -72.0 0.0 0
0004 0014 8 1671089972801123 -16.25 -64.5 2.6200391857086753 0
0004 0009 8 1671089972802057 -19.5 -61.0 4.374913207049849 0
0004 0015 8 1671089972804099 30.875 -69.5 0.25157284921324513 0
0004 0010 8 1671089972805542 6.5 -58.5 1.0676506283684062 0
0004 0005 8 1671089972806509 52.0625 -70.5 6.215690152512618 0
0004 0004 8 1671089972808911 -13.0 -63.5 3.865631585471816 0
0004 0008 8 1671089972810231 146.4375 -67.0 1.736466251886546 0
0004 0015 1 1671089973027338 126.9375 -64.5 1.0921943209745766 0
0004 0009 1 1671089973028848 0.0 -60.5 4.301282129231338 0
0004 0008 1 1671089973029818 -104.125 -67.5 2.067806102069844 0
0004 0010 1 1671089973030977 81.375 -67.0 1.9082721001297376 0
0004 0012 1 1671089973032420 -113.875 -70.0 4.196971435655114 0
0004 0013 1 1671089973033370 -91.125 -66.5 4.405592822807561 0
0004 0003 1 1671089973034450 61.8125 -71.5 6.258641614573416 0
0004 0005 1 1671089973035882 29.25 -67.5 3.429981041712294 0
0004 0007 1 1671089973036948 -55.3125 -65.5 4.693981210930062 0
0004 0004 1 1671089973037940 29.25 -66.5 4.963961829597935 0
0004 0000 1 1671089973038974 -45.5625 -74.5 4.73693267299086 0
0004 0014 2 1671089973065816 6.5 -62.0 2.675262494072558 0
0004 0000 2 1671089973066754 -152.9375 -70.5 5.638913376267617 0
0004 0009 2 1671089973067730 35.75 -62.0 0.8222137023067037 0
0004 0012 2 1671089973069171 45.5625 -59.5 1.1596894756415448 0
0004 0010 2 1671089973070077 -133.4375 -62.0 5.755495916146925 0
0004 0013 2 1671089973071720 55.3125 -64.5 2.3193789512830896 0
0004 0015 2 1671089973073688 240.875 -71.0 2.3746022596469727 0
0004 0002 2 1671089973075248 48.8125 -68.5 5.8045833013592665 0
0004 0011 2 1671089973076899 -13.8125 -64.5 2.380738182798515 0
0004 0007 3 1671089973116087 0.0 -70.0 2.7120780329818137 0
0004 0015 3 1671089973119226 -48.8125 -64.5 5.6573211457222445 0
0004 0004 4 1671089973145850 -58.5625 -72.5 1.3192234775816514 0
0004 0005 4 1671089973148105 -13.0 -69.0 4.988505522204105 0
0004 0015 4 1671089973150892 26.0 -61.0 1.6689710972195777 0
0004 0007 4 1671089973152083 81.375 -71.0 0.05522330836388308 0
0004 0014 5 1671089973176928 -22.75 -64.0 1.7794177139473437 0
0004 0012 5 1671089973179634 9.75 -71.5 0.018407769454627694 0
0004 0015 5 1671089973180978 -149.6875 -71.0 5.964117303299373 0
0004 0002 5 1671089973181915 -42.3125 -66.5 4.908738521234052 0
0004 0006 5 1671089973183315 -6.5 -68.0 4.675573441475434 0
0004 0007 5 1671089973189112 68.3125 -69.5 0.859029241215959 0
0004 0014 6 1671089973216611 3.25 -65.5 2.5341362615870793 0
0004 0006 6 1671089973217546 -19.5 -59.5 4.651029748869264 0
0004 0004 6 1671089973220591 -68.3125 -66.0 4.178563666200486 0
0004 0005 6 1671089973226609 -22.75 -73.0 0.6933593161243098 0
0004 0004 7 1671089973255898 22.75 -57.5 1.3314953238847365 0
0004 0010 7 1671089973256834 117.125 -66.0 3.9453985864418692 0
0004 0015 7 1671089973258248 48.8125 -69.5 4.589670517353839 0
0004 0006 7 1671089973260163 29.25 -61.0 0.7792622402459057 0
0004 0002 7 1671089973261874 -3.25 -64.5 3.2090878082567613 0
0004 0011 7 1671089973262837 52.0625 -64.5 1.8223691760081417 0
0004 0008 7 1671089973264384 -234.3125 -71.0 2.9268353432858034 0
0004 0001 7 1671089973265344 -27.625 -69.0 0.47860200582032003 0
0004 0009 7 1671089973267256 -52.0625 -69.0 3.4054373491061236 0
0004 0006 8 1671089973296384 9.75 -62.5 3.6815538909255388 0
0004 0014 8 1671089973299176 61.8125 -64.5 2.509592568980909 0
0004 0004 8 1671089973300309 -29.25 -63.0 3.8840393549264434 0
0004 0012 8 1671089973302358 19.5 -60.0 2.2027964114037806 0
0004 0010 8 1671089973303347 -9.75 -58.0 1.086058397823034 0
0004 0008 8 1671089973304577 -9.75 -67.0 1.9389517158874505 0
0004 0013 8 1671089973306137 -22.75 -61.5 5.553010452146021 0
0004 0005 8 1671089973307102 -19.5 -70.5 6.160466844148735 0
0004 0009 8 1671089973308235 -29.25 -60.5 4.356505437595221 0
0004 0011 8 1671089973310642 13.8125 -70.5 0.05522330836388308 0
0004 0015 8 1671089973311591 97.625 -70.0 0.0674951546669682 0
0004 0015 1 1671089973526043 -58.5625 -65.0 1.2946797849754812 0
0004 0005 1 1671089973526924 -52.0625 -68.0 3.485204350076177 0
0004 0008 1 1671089973527845 -58.5625 -66.5 2.061670178918302 0
0004 0009 1 1671089973528820 -32.5 -60.0 4.411728745959104 0
0004 0010 1 1671089973529813 32.5 -69.0 1.859184714917397 0
0004 0004 1 1671089973530834 -45.5625 -66.5 5.074408446325701 0
0004 0007 1 1671089973531786 61.8125 -66.0 4.577398671050753 0
0004 0012 1 1671089973533474 -130.1875 -71.0 4.485359823777615 0
0004 0013 1 1671089973534691 -65.0625 -66.5 4.356505437595221 0
0004 0003 1 1671089973536211 61.8125 -71.5 0.1227184630308513 0
0004 0000 1 1671089973540484 -55.3125 -73.0 4.399456899656019 0
0004 0013 2 1671089973572508 65.0625 -64.0 2.4175537217077703 0
0004 0010 2 1671089973573440 3.25 -62.0 5.491651220630596 0
0004 0009 2 1671089973574404 -68.3125 -61.5 1.0246991663076084 0
0004 0014 2 1671089973575411 68.3125 -62.0 2.5709518004963345 0
0004 0012 2 1671089973577898 -6.5 -59.5 1.2701360923693108 0
0004 0011 2 1671089973578860 -121.25 -64.5 2.5709518004963345 0
0004 0002 2 1671089973583229 9.75 -70.5 5.9518454569962875 0
0004 0000 2 1671089973586796 -136.6875 -71.5 5.6573211457222445 0
0004 0015 2 1671089973587815 -166.0 -71.0 2.742757648739526 0
0004 0004 2 1671089973589486 -32.5 -70.0 4.190835512503572 0
0004 0003 2 1671089973601255 -289.6875 -71.0 2.5034566458293663 0
0004 0007 3 1671089973626932 58.5625 -69.0 2.693670263527186 0
0004 0015 3 1671089973629059 -39.0 -64.5 5.675728915176872 0
0004 0007 4 1671089973656578 74.8125 -71.5 6.277049384028044 0
0004 0015 4 1671089973658121 29.25 -61.0 1.6996507129772904 0
0004 0004 4 1671089973659069 6.5 -71.5 1.2578642460662257 0
0004 0005 4 1671089973661891 -81.375 -68.5 5.197126909356553 0
0004 0007 5 1671089973686172 -52.0625 -70.0 1.0185632431560658 0
0004 0014 5 1671089973687359 74.8125 -64.5 1.6321555583103222 0
0004 0015 5 1671089973689966 -110.625 -71.5 6.062292073724054 0
0004 0012 5 1671089973691513 -195.25 -71.5 0.18407769454627693 0
0004 0002 5 1671089973692421 -97.625 -66.5 4.9823695990525625 0
0004 0006 5 1671089973693314 -126.9375 -68.5 4.81056375080937 0
0004 0014 6 1671089973717746 6.5 -65.5 2.478912953223196 0
0004 0006 6 1671089973718949 13.0 -59.5 4.601942363656923 0
0004 0004 6 1671089973721569 32.5 -66.5 3.9699422790480394 0
0004 0005 6 1671089973722875 107.375 -73.5 0.6135923151542565 0
0004 0009 7 1671089973756215 32.5 -70.0 3.411573272257666 0
0004 0002 7 1671089973758379 -48.8125 -64.5 3.184544115650591 0
0004 0004 7 1671089973759779 -16.25 -57.5 1.368310862793992 0
0004 0008 7 1671089973761279 205.0625 -70.0 1.9266798695843652 0
0004 0006 7 1671089973762239 3.25 -61.5 0.7547185476397354 0
0004 0015 7 1671089973763288 42.3125 -70.0 4.479223900626073 0
0004 0010 7 1671089973764237 -113.875 -65.0 4.3503695144436785 0
0004 0011 7 1671089973765395 -17.0625 -64.5 1.7855536370988863 0
0004 0001 7 1671089973766457 16.25 -69.0 0.4049709280018093 0
0004 0008 8 1671089973797577 45.5625 -67.5 1.761009944492716 0
0004 0010 8 1671089973798793 16.25 -58.0 1.030835089459151 0
0004 0006 8 1671089973800282 -26.0 -62.0 3.6876898140770815 0
0004 0004 8 1671089973801216 -29.25 -63.0 3.847223816017188 0
0004 0009 8 1671089973802177 9.75 -61.5 4.276738436625168 0
0004 0013 8 1671089973803211 -3.25 -61.5 5.546874528994478 0
0004 0012 8 1671089973804398 -16.25 -60.0 2.1966604882522383 0
0004 0014 8 1671089973807889 -48.8125 -64.0 2.6875343403756435 0
0004 0011 8 1671089973810319 -41.5 -71.0 0.11044661672776616 0
0004 0015 8 1671089973811821 130.1875 -70.0 0.06135923151542565 0
0004 0005 8 1671089973812996 22.75 -70.5 6.1850105367549055 0
0004 0007 1 1671089974025890 -52.0625 -66.0 4.681709364626977 0
0004 0008 1 1671089974028498 -32.5 -67.5 1.9266798695843652 0
0004 0010 1 1671089974030065 -3.25 -67.5 2.024854640009046 0
0004 0009 1 1671089974031308 0.0 -60.5 4.276738436625168 0
0004 0003 1 1671089974032888 -19.5 -71.0 0.15339807878856412 0
0004 0013 1 1671089974034529 3.25 -67.0 4.246058820867455 0
0004 0005 1 1671089974035497 -74.8125 -68.0 3.4913402732277192 0
0004 0015 1 1671089974037732 -19.5 -65.0 1.3008157081270237 0
0004 0004 1 1671089974038696 -110.625 -67.5 5.166447293598839 0
0004 0012 1 1671089974042892 -32.5 -70.0 4.23378697456437 0
0004 0000 1 1671089974045049 -35.75 -73.5 4.405592822807561 0
0004 0013 2 1671089974076180 84.625 -64.5 2.3439226438892597 0
0004 0014 2 1671089974077381 81.375 -62.0 2.552544031041707 0
0004 0011 2 1671089974079407 26.0 -64.5 2.2886993355253766 0
0004 0010 2 1671089974080593 6.5 -62.0 5.485515297479052 0
0004 0015 2 1671089974081811 81.375 -69.5 2.442097414313941 0
0004 0009 2 1671089974086234 39.0 -62.5 0.7424467013366504 0
0004 0012 2 1671089974087436 16.25 -59.0 1.2701360923693108 0
0004 0002 2 1671089974088773 -35.75 -69.5 6.074563920027139 0
0004 0000 2 1671089974098210 55.3125 -72.0 5.356660911296659 0
0004 0015 3 1671089974136704 -100.875 -64.5 5.786175531904639 0
0004 0007 3 1671089974138785 0.0 -69.5 2.662990647769473 0
0004 0004 4 1671089974167967 211.5625 -70.5 1.055378782065321 0
0004 0005 4 1671089974169314 -136.6875 -69.0 5.098952138931871 0
0004 0015 4 1671089974170454 -3.25 -61.0 1.7548740213411735 0
0004 0007 4 1671089974172903 -16.25 -70.5 0.1349903093339364 0
0004 0006 5 1671089974196357 -159.5 -67.0 4.755340442445488 0
0004 0007 5 1671089974198117 71.5625 -71.5 0.7240389318820226 0
0004 0012 5 1671089974199745 -156.1875 -71.5 6.215690152512618 0
0004 0002 5 1671089974201572 -35.75 -67.0 4.859651136021712 0
0004 0014 5 1671089974202522 91.125 -64.5 1.6198837120072371 0
0004 0015 5 1671089974203614 117.125 -71.0 5.50392306693368 0
0004 0006 6 1671089974230786 -16.25 -59.5 4.608078286808466 0
0004 0004 6 1671089974234787 -94.375 -66.5 4.123340357836604 0
0004 0014 6 1671089974236257 9.75 -66.0 2.5402721847386216 0
0004 0015 7 1671089974256218 -61.8125 -71.0 4.724660826687775 0
0004 0006 7 1671089974259701 3.25 -61.0 0.7547185476397354 0
0004 0004 7 1671089974261104 19.5 -58.0 1.3437671701878218 0
0004 0011 7 1671089974262914 3.25 -64.5 1.7916895602504288 0
0004 0010 7 1671089974263922 -26.0 -65.0 4.154019973594316 0
0004 0002 7 1671089974268404 26.0 -65.5 3.1231848841351653 0
0004 0001 7 1671089974269349 10.5625 -68.5 0.30066023442558565 0
0004 0008 7 1671089974270638 -9.75 -71.0 1.9266798695843652 0
0004 0013 8 1671089974295879 3.25 -61.0 5.491651220630596 0
0004 0005 8 1671089974298910 3.25 -71.0 6.191146459906448 0
0004 0010 8 1671089974299844 9.75 -58.0 1.0246991663076084 0
0004 0006 8 1671089974301347 -42.3125 -62.0 3.706097583531709 0
0004 0004 8 1671089974302279 -6.5 -63.5 3.773592738198677 0
0004 0009 8 1671089974303217 -52.0625 -63.0 4.061981126321178 0
0004 0012 8 1671089974304093 32.5 -60.0 2.1475731030398975 0
0004 0014 8 1671089974306326 19.5 -64.5 2.5586799541932495 0
0004 0015 8 1671089974307417 -42.3125 -72.0 0.30679615757712825 0
0004 0011 8 1671089974308389 -7.3125 -70.5 0.030679615757712823 0
0004 0008 8 1671089974309326 52.0625 -68.0 1.7548740213411735 0
0004 0004 1 1671089974525830 -52.0625 -67.0 5.031456984264903 0
0004 0007 1 1671089974526753 35.75 -66.5 4.571262747899211 0
0004 0012 1 1671089974527658 -13.0 -70.0 4.295146206079795 0
0004 0009 1 1671089974528606 13.0 -62.0 4.25833066717054 0
0004 0010 1 1671089974529794 -19.5 -67.5 2.184388641949153 0
0004 0008 1 1671089974531257 117.125 -68.0 1.761009944492716 0
0004 0015 1 1671089974532441 -3.25 -65.5 1.2946797849754812 0
0004 0013 1 1671089974533900 -35.75 -67.5 4.338097668140593 0
0004 0003 1 1671089974537970 81.375 -71.0 0.14112623248547898 0
0004 0005 1 1671089974541059 -3.25 -69.0 3.436116964863836 0
0004 0000 1 1671089974543012 32.5 -73.0 4.239922897715912 0
0004 0009 2 1671089974566643 19.5 -62.5 0.760854470791278 0
0004 0014 2 1671089974568697 9.75 -61.5 2.675262494072558 0
0004 0012 2 1671089974569733 32.5 -59.5 1.227184630308513 0
0004 0010 2 1671089974570681 -87.875 -62.5 5.66959299202533 0
0004 0011 2 1671089974572998 -104.125 -64.0 2.405281875404685 0
0004 0003 2 1671089974575664 319.0 -72.5 1.9696313316451632 0
0004 0000 2 1671089974577051 -68.3125 -70.5 5.497787143782138 0
0004 0015 2 1671089974578252 32.5 -69.5 2.442097414313941 0
0004 0002 2 1671089974579600 35.75 -69.0 5.6573211457222445 0
0004 0013 2 1671089974581655 -22.75 -64.0 2.5709518004963345 0
0004 0015 3 1671089974618223 22.75 -64.5 5.589825991055276 0
0004 0007 3 1671089974619160 45.5625 -70.0 2.816388726558037 0
0004 0005 4 1671089974647352 3.25 -69.5 5.019185137961818 0
0004 0004 4 1671089974648587 -84.625 -71.5 1.41126232485479 0
0004 0007 4 1671089974650391 143.1875 -72.5 6.215690152512618 0
0004 0015 4 1671089974652201 16.25 -61.0 1.6935147898257479 0
0004 0006 5 1671089974676158 -6.5 -69.5 4.6878452877785195 0
0004 0007 5 1671089974677338 100.875 -70.5 0.760854470791278 0
0004 0012 5 1671089974679593 -188.75 -71.0 0.39269908169872414 0
0004 0002 5 1671089974681354 -65.0625 -67.5 4.804427827657828 0
0004 0014 5 1671089974682572 32.5 -63.5 1.7241944055834606 0
0004 0015 5 1671089974683649 -152.9375 -72.5 5.976389149602458 0
0004 0014 6 1671089974707319 -19.5 -65.5 2.5034566458293663 0
0004 0006 6 1671089974710066 -39.0 -59.5 4.651029748869264 0
0004 0004 6 1671089974714636 -39.0 -66.5 4.1172044346850605 0
0004 0005 6 1671089974719391 133.4375 -74.0 0.6381360077604268 0
0004 0008 7 1671089974745872 221.3125 -71.5 1.9819031779482483 0
0004 0002 7 1671089974746847 3.25 -64.0 3.11091303783208 0
0004 0011 7 1671089974747808 -21.125 -65.0 1.8100973297050567 0
0004 0010 7 1671089974748742 -19.5 -64.0 4.037437433715008 0
0004 0001 7 1671089974751146 19.5 -69.0 0.3620194659410113 0
0004 0006 7 1671089974752111 52.0625 -61.0 0.6810874698212247 0
0004 0004 7 1671089974753044 26.0 -57.0 1.3130875544301088 0
0004 0015 7 1671089974756788 -214.8125 -70.0 4.890330751779424 0
0004 0012 8 1671089974786617 0.0 -60.0 2.1537090261914402 0
0004 0008 8 1671089974787883 42.3125 -67.0 1.736466251886546 0
0004 0006 8 1671089974788818 -29.25 -62.5 3.6999616603801666 0
0004 0004 8 1671089974789794 22.75 -63.0 3.767456815047135 0
0004 0015 8 1671089974790743 100.875 -70.0 0.04908738521234052 0
0004 0011 8 1671089974791716 55.3125 -70.0 0.030679615757712823 0
0004 0010 8 1671089974792618 -3.25 -58.0 1.0369710126106935 0
0004 0009 8 1671089974793598 -32.5 -62.0 4.264466590322082 0
0004 0014 8 1671089974794519 35.75 -63.5 2.564815877344792 0
0004 0013 8 1671089974795803 0.0 -61.0 5.553010452146021 0
0004 0005 8 1671089974798269 6.5 -71.0 6.166602767300278 0
0004 0012 1 1671089975015994 -35.75 -69.5 4.411728745959104 0
0004 0005 1 1671089975017409 -110.625 -68.5 3.6140587362585705 0
0004 0007 1 1671089975019797 9.75 -66.0 4.558990901596125 0
0004 0004 1 1671089975020749 97.625 -66.0 4.871922982324796 0
0004 0008 1 1671089975021921 3.25 -67.0 1.8714565612204823 0
0004 0010 1 1671089975024129 78.0625 -68.0 1.9757672547967058 0
0004 0009 1 1671089975025360 -6.5 -61.0 4.362641360746763 0
0004 0013 1 1671089975026441 -78.0625 -66.5 4.338097668140593 0
0004 0000 1 1671089975029028 -231.0625 -71.5 4.773748211900116 0
0004 0003 1 1671089975031362 -16.25 -71.5 0.19634954084936207 0
0004 0015 1 1671089975032905 19.5 -65.0 1.2640001692177683 0
0004 0013 2 1671089975057622 68.3125 -63.5 2.380738182798515 0
0004 0009 2 1671089975058836 29.25 -61.5 0.8774370106705868 0
0004 0014 2 1671089975061619 29.25 -62.0 2.6445828783148455 0
0004 0012 2 1671089975062835 22.75 -59.5 1.1903690913992575 0
0004 0010 2 1671089975063893 0.0 -62.0 5.5714182216006485 0
0004 0011 2 1671089975065127 -121.25 -64.0 2.5770877236478773 0
0004 0002 2 1671089975067418 42.3125 -68.5 5.921165841238575 0
0004 0015 2 1671089975068605 -52.0625 -70.0 2.564815877344792 0
0004 0000 2 1671089975069597 237.5625 -72.5 5.190990986205009 0
0004 0003 2 1671089975073330 465.4375 -70.5 1.4542137869155878 0
0004 0015 3 1671089975116162 29.25 -64.5 5.638913376267617 0
0004 0007 3 1671089975120613 188.75 -70.0 2.5954954931025047 0
0004 0004 4 1671089975146285 26.0 -71.0 1.3192234775816514 0
0004 0007 4 1671089975147206 19.5 -71.5 0.14726215563702155 0
0004 0005 4 1671089975148416 84.625 -69.0 4.97623367590102 0
0004 0015 4 1671089975150381 6.5 -61.0 1.718058482431918 0
0004 0012 5 1671089975186201 -9.75 -70.5 6.074563920027139 0
0004 0002 5 1671089975187979 -91.125 -67.0 4.921010367537137 0
0004 0006 5 1671089975189724 -9.75 -69.0 4.608078286808466 0
0004 0014 5 1671089975191207 9.75 -64.0 1.7426021750380885 0
0004 0007 5 1671089975192261 -42.3125 -70.5 0.9694758579437253 0
0004 0015 5 1671089975193224 107.375 -71.0 5.626641529964532 0
0004 0005 6 1671089975216775 110.625 -73.0 0.8099418560036186 0
0004 0006 6 1671089975217864 -13.0 -59.5 4.620350133111551 0
0004 0004 6 1671089975219055 -32.5 -66.0 4.1172044346850605 0
0004 0014 6 1671089975221445 19.5 -65.5 2.4605051837685683 0
0004 0008 7 1671089975246823 -104.125 -70.5 2.36846633649543 0
0004 0011 7 1671089975247853 87.0625 -64.5 1.6260196351587797 0
0004 0015 7 1671089975249329 65.0625 -71.5 4.485359823777615 0
0004 0006 7 1671089975251883 74.8125 -61.0 0.6749515466696822 0
0004 0004 7 1671089975252845 3.25 -57.0 1.3437671701878218 0
0004 0009 7 1671089975254691 -149.6875 -68.5 3.5772431973493153 0
0004 0010 7 1671089975255966 -45.5625 -64.5 4.0558452031696355 0
0004 0002 7 1671089975257309 19.5 -64.0 3.098641191528995 0
0004 0001 7 1671089975259391 -45.5625 -69.0 0.3436116964863836 0
0004 0010 8 1671089975286139 13.0 -58.5 1.0185632431560658 0
0004 0012 8 1671089975287074 19.5 -60.0 2.184388641949153 0
0004 0005 8 1671089975288266 32.5 -70.5 6.14819499784565 0
0004 0011 8 1671089975289225 13.8125 -70.5 0.1227184630308513 0
0004 0013 8 1671089975290202 -22.75 -61.0 5.553010452146021 0
0004 0015 8 1671089975291903 -35.75 -69.5 0.3374757733348411 0
0004 0004 8 1671089975292880 -42.3125 -63.0 3.8410878928656453 0
0004 0009 8 1671089975294574 3.25 -60.5 4.239922897715912 0
0004 0006 8 1671089975297067 6.5 -62.0 3.6570101983193686 0
0004 0008 8 1671089975298303 71.5625 -67.5 1.6689710972195777 0
0004 0014 8 1671089975299323 13.0 -64.0 2.5770877236478773 0
0004 0007 1 1671089975515869 65.0625 -66.0 4.460816131171445 0
0004 0015 1 1671089975517059 110.625 -64.5 1.1044661672776617 0
0004 0004 1 1671089975519659 -3.25 -66.5 4.963961829597935 0
0004 0009 1 1671089975521116 6.5 -60.0 4.319689898685965 0
0004 0010 1 1671089975522023 48.8125 -67.5 1.932815792735908 0
0004 0013 1 1671089975522941 16.25 -67.0 4.23378697456437 0
0004 0012 1 1671089975524107 270.125 -69.5 3.8840393549264434 0
0004 0000 1 1671089975525010 -48.8125 -73.5 4.6448938257177215 0
0004 0003 1 1671089975525963 159.5 -70.5 6.2034183062095325 0
0004 0005 1 1671089975527041 -39.0 -67.5 3.448388811166921 0
0004 0008 1 1671089975528440 -3.25 -67.0 2.018718716857504 0
0004 0015 2 1671089975557906 32.5 -69.5 2.337786720737717 0
0004 0013 2 1671089975559264 -52.0625 -64.0 2.4727770300716534 0
0004 0014 2 1671089975560197 -74.8125 -61.5 2.773437264497239 0
0004 0012 2 1671089975561118 29.25 -59.5 1.214912784005428 0
0004 0009 2 1671089975562561 -68.3125 -61.0 1.000155473701438 0
0004 0011 2 1671089975563760 -131.8125 -65.0 2.429825568010856 0
0004 0010 2 1671089975565072 0.0 -62.0 5.5714182216006485 0
0004 0000 2 1671089975566012 -32.5 -71.5 5.546874528994478 0
0004 0002 2 1671089975568615 -68.3125 -70.0 6.007068765360171 0
0004 0004 2 1671089975573223 -3.25 -69.5 4.006757817957295 0
0004 0015 3 1671089975606799 0.0 -64.5 5.700272607783043 0
0004 0007 3 1671089975608932 -87.875 -69.5 3.055689729468197 0
0004 0005 4 1671089975637901 81.375 -70.0 5.0682725231741586 0
0004 0015 4 1671089975639455 9.75 -61.0 1.7241944055834606 0
0004 0004 4 1671089975640451 110.625 -70.5 1.2026409377023426 0
0004 0007 4 1671089975644014 -35.75 -72.0 0.1227184630308513 0
0004 0014 5 1671089975678902 -39.0 -64.0 1.8039614065535141 0
0004 0006 5 1671089975681654 -29.25 -69.5 4.71238898038469 0
0004 0002 5 1671089975683483 19.5 -66.0 4.865787059173254 0
0004 0015 5 1671089975687451 -201.8125 -71.0 6.12365130523948 0
0004 0012 5 1671089975690386 185.5 -71.0 6.025476534814799 0
0004 0004 6 1671089975715909 -32.5 -66.0 4.1417481272912315 0
0004 0006 6 1671089975718882 3.25 -59.0 4.626486056263094 0
0004 0014 6 1671089975722721 -13.0 -65.5 2.4850488763747385 0
0004 0005 6 1671089975728924 185.5 -73.5 0.4724660826687775 0
0004 0009 7 1671089975755815 48.8125 -68.5 3.2029518851052186 0
0004 0002 7 1671089975758116 -35.75 -63.5 3.1906800388021335 0
0004 0006 7 1671089975759079 13.0 -61.0 0.6810874698212247 0
0004 0010 7 1671089975760365 -13.0 -65.5 4.09266074207889 0
0004 0004 7 1671089975761570 32.5 -57.5 1.1903690913992575 0
0004 0011 7 1671089975764428 83.0 -64.5 1.6198837120072371 0
0004 0001 7 1671089975765825 -13.8125 -68.5 0.3374757733348411 0
0004 0015 7 1671089975768281 -34.9375 -69.5 4.632621979414636 0
0004 0008 7 1671089975773139 182.25 -71.5 1.7671458676442586 0
0004 0008 8 1671089975796361 -78.0625 -67.0 1.8653206380689396 0
0004 0004 8 1671089975797292 -9.75 -62.5 3.706097583531709 0
0004 0014 8 1671089975798284 6.5 -64.0 2.564815877344792 0
0004 0009 8 1671089975799728 -22.75 -60.5 4.25833066717054 0
0004 0011 8 1671089975800717 -128.5625 -71.5 0.05522330836388308 0
0004 0006 8 1671089975801663 3.25 -62.0 3.6017868899554855 0
0004 0010 8 1671089975803852 6.5 -58.0 0.9817477042468103 0
0004 0012 8 1671089975804929 6.5 -60.0 2.1475731030398975 0
0004 0013 8 1671089975806331 13.0 -61.0 5.50392306693368 0
0004 0015 8 1671089975807987 -27.625 -70.5 0.3129320807286708 0
0004 0005 8 1671089975809080 87.875 -71.0 5.994796919057086 0
0004 0005 1 1671089976026615 -9.75 -68.5 3.3870295796514958 0
0004 0008 1 1671089976027950 -32.5 -67.5 2.000310947402876 0
0004 0009 1 1671089976029434 3.25 -60.5 4.331961744989051 0
0004 0013 1 1671089976030896 -110.625 -67.0 4.454680208019902 0
0004 0007 1 1671089976031831 -22.75 -66.5 4.558990901596125 0
0004 0015 1 1671089976034104 0.0 -64.5 1.2701360923693108 0
0004 0010 1 1671089976035042 16.25 -67.5 2.018718716857504 0
0004 0000 1 1671089976035963 146.4375 -73.5 4.331961744989051 0
0004 0012 1 1671089976038540 -35.75 -69.0 4.3933209765044765 0
0004 0004 1 1671089976039475 -35.75 -67.0 4.921010367537137 0
0004 0003 1 1671089976041901 -45.5625 -70.5 0.28225246497095796 0
