0004 0015 1 1671178239115925 -73.1875 -64.5 6.2463697682703305 9
0004 0005 1 1671178239118731 -6.5 -70.5 5.8659425328746915 9
0004 0002 1 1671178239121616 -84.625 -69.0 3.6140587362585705 9
0004 0007 1 1671178239123230 -182.25 -68.5 4.246058820867455 9
0004 0001 1 1671178239126346 -139.9375 -71.0 3.098641191528995 9
0004 0002 2 1671178239147240 55.3125 -66.0 4.963961829597935 9
0004 0007 2 1671178239148178 -143.1875 -70.0 4.006757817957295 9
0004 0004 2 1671178239149405 -42.3125 -63.5 4.816699673960914 9
0004 0015 2 1671178239154573 52.0625 -64.5 4.166291819897402 9
0004 0014 2 1671178239155580 84.625 -67.5 4.608078286808466 9
0004 0013 3 1671178239175850 3.25 -68.0 2.2027964114037806 9
0004 0011 3 1671178239176798 17.0625 -63.0 4.135612204139688 9
0004 0014 3 1671178239178501 -110.625 -67.5 4.460816131171445 9
0004 0004 3 1671178239179974 3.25 -69.5 2.2580197197676637 9
0004 0015 3 1671178239184384 177.375 -69.0 5.184855063053467 9
0004 0002 3 1671178239186810 198.5625 -68.0 4.847379289718626 9
0004 0005 3 1671178239187801 9.75 -69.5 1.8837284075235674 9
0004 0014 4 1671178239206139 52.0625 -69.5 3.1784081924990484 9
0004 0005 4 1671178239207346 172.5 -69.5 1.705786636128833 9
0004 0004 4 1671178239208262 19.5 -60.5 1.4296700943094176 9
0004 0009 4 1671178239209195 -6.5 -62.5 4.896466674930966 9
0004 0013 4 1671178239210146 16.25 -68.0 1.5892040962495242 9
0004 0007 4 1671178239212102 97.625 -69.0 2.4727770300716534 9
0004 0015 4 1671178239216138 68.3125 -67.5 0.030679615757712823 9
0004 0014 5 1671178239246716 61.8125 -67.5 0.5583690067903734 9
0004 0011 5 1671178239248822 7.3125 -69.0 5.681864838328415 9
0004 0001 5 1671178239250858 34.9375 -71.0 3.160000423044421 9
0004 0013 5 1671178239251764 65.0625 -68.0 1.4419419406125027 9
0004 0015 5 1671178239252951 34.9375 -65.5 4.565126824747668 9
0004 0004 5 1671178239254565 9.75 -69.0 2.8409324191642074 9
0004 0003 6 1671178239277889 -100.875 -74.5 0.14726215563702155 9
0004 0014 6 1671178239279233 6.5 -60.5 5.203262832508095 9
0004 0009 6 1671178239280437 -29.25 -61.5 4.135612204139688 9
0004 0005 6 1671178239281573 58.5625 -67.0 1.4971652489763858 9
0004 0002 6 1671178239282751 22.75 -67.0 5.6941366846315 9
0004 0015 6 1671178239284109 55.3125 -65.5 1.5830681730979816 9
0004 0004 6 1671178239285043 45.5625 -64.0 5.786175531904639 9
0004 0011 6 1671178239285969 0.0 -62.0 5.681864838328415 9
0004 0000 6 1671178239287774 172.5 -75.0 6.074563920027139 9
0004 0013 6 1671178239288820 9.75 -66.5 1.9819031779482483 9
0004 0007 6 1671178239289768 0.0 -64.5 4.988505522204105 9
0004 0005 7 1671178239316129 -39.0 -60.5 4.2031073588066565 9
0004 0001 7 1671178239317541 21.125 -61.0 2.110757564130642 9
0004 0004 7 1671178239318759 22.75 -57.0 1.9144080232812801 9
0004 0007 7 1671178239319680 13.0 -57.5 3.3011266555298997 9
0004 0002 7 1671178239321327 -71.5625 -62.5 1.3621749396424494 9
0004 0015 7 1671178239322996 -81.375 -66.0 0.46019423636569234 9
0004 0013 7 1671178239324540 3.25 -66.0 0.9694758579437253 9
0004 0011 7 1671178239326098 -17.0625 -65.5 5.056000676871073 9
0004 0003 7 1671178239327037 107.375 -67.0 0.2945243112740431 9
0004 0006 7 1671178239328395 9.75 -71.5 2.730485802436441 9
0004 0013 8 1671178239356421 -65.0625 -70.0 5.8475347634200645 9
0004 0007 8 1671178239357966 6.5 -63.5 5.71868037723767 9
0004 0002 8 1671178239359118 -19.5 -65.0 4.595806440505381 9
0004 0004 8 1671178239360279 13.0 -62.5 1.761009944492716 9
0004 0014 1 1671178239575811 -81.375 -64.5 0.1227184630308513 9
0004 0013 1 1671178239577823 -9.75 -61.5 0.6381360077604268 9
0004 0002 1 1671178239578977 -19.5 -68.0 1.141281706186917 9
0004 0015 1 1671178239579882 -42.3125 -64.0 4.908738521234052 9
0004 0004 1 1671178239584099 16.25 -74.0 0.5890486225480862 9
0004 0010 1 1671178239585645 -94.375 -72.5 4.049709280018092 9
0004 0013 2 1671178239606983 45.5625 -67.5 5.6143696836614465 9
0004 0015 2 1671178239609233 29.25 -65.0 2.7857091108003242 9
0004 0002 2 1671178239611374 -78.0625 -70.0 4.430136515413731 9
0004 0015 3 1671178239646002 6.5 -68.5 6.12365130523948 9
0004 0009 4 1671178239675884 -45.5625 -66.5 3.043417883165112 9
0004 0005 4 1671178239679438 -169.25 -73.0 5.049864753719531 9
0004 0012 4 1671178239680530 16.25 -73.5 3.3318062712876126 9
0004 0004 4 1671178239681503 0.0 -60.5 1.6198837120072371 9
0004 0015 4 1671178239683022 22.75 -71.5 0.4724660826687775 9
0004 0004 5 1671178239709240 107.375 -65.0 4.681709364626977 9
0004 0015 5 1671178239712812 55.3125 -69.5 5.019185137961818 9
0004 0011 6 1671178239736191 61.8125 -63.0 4.779884135051658 9
0004 0014 6 1671178239737380 -100.875 -70.0 4.522175362686871 9
0004 0005 6 1671178239739054 -45.5625 -70.5 5.964117303299373 9
0004 0009 6 1671178239739988 -78.0625 -72.0 4.135612204139688 9
0004 0007 6 1671178239740979 -9.75 -64.5 5.651185222570702 9
0004 0015 6 1671178239742933 13.0 -71.0 2.4605051837685683 9
0004 0004 6 1671178239744226 48.8125 -66.5 0.8222137023067037 9
0004 0002 6 1671178239745150 -32.5 -68.0 0.8222137023067037 9
0004 0012 6 1671178239752421 -68.3125 -75.5 0.42337869745643697 9
0004 0015 7 1671178239775872 32.5 -70.0 0.4356505437595221 9
0004 0002 7 1671178239776866 61.8125 -64.0 5.283029833478148 9
0004 0001 7 1671178239778790 -38.1875 -66.5 1.0676506283684062 9
0004 0004 7 1671178239780478 -45.5625 -66.5 6.117515382087937 9
0004 0014 7 1671178239781656 -240.875 -69.5 5.154175447295755 9
0004 0011 7 1671178239782840 41.5 -62.5 4.1172044346850605 9
0004 0005 7 1671178239784641 19.5 -63.5 3.9576704327449543 9
0004 0007 7 1671178239785975 -3.25 -63.5 4.080388895775806 9
0004 0013 7 1671178239786912 39.0 -69.5 3.9147189706841563 9
0004 0003 7 1671178239788552 13.0 -71.5 4.356505437595221 9
0004 0013 8 1671178239816441 87.875 -69.0 2.030990563160589 9
0004 0004 8 1671178239819350 97.625 -68.0 5.964117303299373 9
0004 0007 8 1671178239820512 -19.5 -70.5 0.6381360077604268 9
0004 0015 1 1671178240048393 0.0 -64.5 3.5158839658338894 9
0004 0014 1 1671178240049346 -19.5 -68.5 6.092971689481767 9
0004 0002 1 1671178240051885 74.8125 -71.5 5.6143696836614465 9
0004 0015 2 1671178240078352 -9.75 -65.0 5.6143696836614465 9
0004 0004 2 1671178240080505 32.5 -67.5 4.9394181369917645 9
0004 0002 2 1671178240083597 -152.9375 -71.5 4.902602598082509 9
0004 0014 3 1671178240106071 32.5 -65.0 5.203262832508095 9
0004 0002 3 1671178240109223 110.625 -66.5 0.3988350048502667 9
0004 0004 3 1671178240111572 -149.6875 -70.0 5.313709449235861 9
0004 0015 3 1671178240112675 22.75 -69.5 4.3074180523828804 9
0004 0010 3 1671178240115020 100.875 -69.5 1.6198837120072371 9
0004 0014 4 1671178240136144 0.0 -69.5 1.337631247036279 9
0004 0005 4 1671178240137928 81.375 -71.5 1.8039614065535141 9
0004 0002 4 1671178240139376 39.0 -68.5 0.5399612373357456 9
0004 0015 4 1671178240140595 42.3125 -68.5 1.4051264017032472 9
0004 0004 4 1671178240141531 -29.25 -62.5 5.1725832167503825 9
0004 0011 4 1671178240142462 24.375 -68.0 6.19728238305799 9
0004 0009 4 1671178240144703 -22.75 -69.5 1.9880391010997909 9
0004 0015 5 1671178240165882 266.875 -70.5 1.6505633277649499 9
0004 0004 5 1671178240166815 58.5625 -71.5 3.043417883165112 9
0004 0009 5 1671178240168486 35.75 -63.5 0.4540583132141498 9
0004 0005 5 1671178240170143 -13.0 -70.5 0.030679615757712823 9
0004 0014 5 1671178240171656 48.8125 -65.5 5.534602682691394 9
0004 0011 5 1671178240174826 3.25 -69.0 0.6994952392758523 9
0004 0003 5 1671178240177722 81.375 -70.5 1.0676506283684062 9
0004 0011 6 1671178240206127 3.25 -55.5 2.9943304979527716 9
0004 0007 6 1671178240209113 -6.5 -68.0 0.7363107781851077 9
0004 0010 6 1671178240211233 3.25 -69.0 5.141903600992669 9
0004 0015 6 1671178240212210 30.875 -71.0 1.9266798695843652 9
0004 0004 6 1671178240213160 39.0 -66.5 1.3314953238847365 9
0004 0014 6 1671178240214588 -100.875 -72.5 3.098641191528995 9
0004 0002 6 1671178240216035 6.5 -65.0 5.608233760509904 9
0004 0000 6 1671178240217027 32.5 -76.0 0.1595340019401067 9
0004 0004 7 1671178240256963 126.9375 -70.0 3.988350048502667 9
0004 0003 7 1671178240258028 -29.25 -68.0 0.5583690067903734 9
0004 0005 7 1671178240259191 -29.25 -61.0 0.5645049299419159 9
0004 0007 7 1671178240260369 39.0 -63.0 5.190990986205009 9
0004 0011 7 1671178240261297 0.0 -62.5 5.8659425328746915 9
0004 0014 7 1671178240262506 -35.75 -61.5 1.736466251886546 9
0004 0002 7 1671178240263586 91.125 -68.0 0.8099418560036186 9
0004 0001 7 1671178240265921 76.4375 -70.0 1.5033011721279284 9
0004 0015 7 1671178240267255 -221.3125 -71.0 4.178563666200486 9
0004 0015 8 1671178240296319 65.875 -66.5 1.141281706186917 9
0004 0012 8 1671178240297523 -71.5625 -70.0 0.2638446955163303 9
0004 0007 8 1671178240298503 -91.125 -67.5 3.56497135104623 9
0004 0001 1 1671178240516370 -90.3125 -71.0 5.45483568172134 9
0004 0012 1 1671178240517617 -110.625 -69.5 3.0495538063166547 9
0004 0010 1 1671178240521439 61.8125 -72.0 0.23316507975861744 9
0004 0002 1 1671178240523527 -81.375 -70.5 2.5464081078901644 9
0004 0015 1 1671178240525166 104.125 -69.0 5.240078371417351 9
0004 0014 1 1671178240527019 71.5625 -69.0 0.521553467881118 9
0004 0015 2 1671178240557483 149.6875 -71.5 5.313709449235861 9
0004 0004 2 1671178240559926 -162.75 -70.0 1.4542137869155878 9
0004 0010 3 1671178240585857 117.125 -69.5 0.6688156235181395 9
0004 0012 3 1671178240587104 39.0 -60.5 2.282563412373834 9
0004 0014 3 1671178240589014 3.25 -60.5 1.3008157081270237 9
0004 0002 3 1671178240591529 29.25 -66.5 0.4970097752749477 9
0004 0002 4 1671178240615840 35.75 -67.0 5.148039524144211 9
0004 0011 4 1671178240617038 -13.8125 -68.0 3.4606606574700063 9
0004 0007 4 1671178240618457 78.0625 -70.0 0.3129320807286708 9
0004 0014 4 1671178240620169 -3.25 -60.0 3.9147189706841563 9
0004 0004 4 1671178240622099 -39.0 -68.0 4.276738436625168 9
0004 0012 4 1671178240623401 16.25 -59.5 5.105088062083414 9
0004 0005 4 1671178240626421 48.8125 -71.5 0.4049709280018093 9
0004 0009 4 1671178240627581 -16.25 -62.5 1.509437095279471 9
0004 0004 5 1671178240655867 71.5625 -69.0 5.154175447295755 9
0004 0009 5 1671178240657823 3.25 -63.5 0.5031456984264903 9
0004 0014 5 1671178240659526 81.375 -63.5 6.025476534814799 9
0004 0011 5 1671178240660699 -34.9375 -61.5 2.6568547246179306 9
0004 0005 5 1671178240661677 9.75 -70.5 0.9265243958829272 9
0004 0003 5 1671178240663609 74.8125 -69.0 3.08636934522591 9
0004 0015 5 1671178240666073 19.5 -66.0 0.5338253141842031 9
0004 0015 6 1671178240695925 13.0 -66.0 1.9757672547967058 9
0004 0011 6 1671178240697338 -24.375 -58.5 5.258486140871978 9
0004 0008 6 1671178240698541 59.375 -69.0 6.086835766330224 9
0004 0014 6 1671178240699786 3.25 -58.0 2.2641556429192065 9
0004 0012 6 1671178240700752 13.0 -62.5 1.7119225592803755 9
0004 0007 6 1671178240701703 84.625 -61.0 2.7979809571034093 9
0004 0003 6 1671178240703082 22.75 -69.0 1.9205439464328227 9
0004 0004 6 1671178240704256 -9.75 -63.5 2.3930100291016 9
0004 0009 6 1671178240706029 -22.75 -64.5 5.724816300389213 9
0004 0010 6 1671178240707348 71.5625 -69.5 4.724660826687775 9
0004 0002 6 1671178240708281 0.0 -65.5 2.2580197197676637 9
0004 0005 6 1671178240710909 6.5 -72.5 4.381049130201391 9
0004 0013 6 1671178240722796 -133.4375 -74.5 3.5465635815916023 9
0004 0011 7 1671178240746456 114.6875 -69.5 0.6381360077604268 9
0004 0007 7 1671178240748563 9.75 -64.5 5.6143696836614465 9
0004 0014 7 1671178240749951 26.0 -66.0 3.77972866135022 9
0004 0012 7 1671178240751170 -16.25 -66.5 5.491651220630596 9
0004 0003 7 1671178240752868 -13.0 -67.0 3.9760782021995817 9
0004 0002 7 1671178240754206 61.8125 -68.5 4.95168998329485 9
0004 0004 7 1671178240755409 -39.0 -65.0 4.632621979414636 9
0004 0005 7 1671178240757579 -91.125 -68.0 3.6140587362585705 9
0004 0004 8 1671178240796168 -22.75 -70.5 0.12885438618239387 9
0004 0014 8 1671178240799100 6.5 -64.5 1.5830681730979816 9
0004 0007 8 1671178240800921 -78.0625 -66.5 0.4540583132141498 9
0004 0015 8 1671178240802621 117.9375 -74.5 5.688000761479957 9
0004 0014 1 1671178241023462 -22.75 -65.5 2.8654761117703775 9
0004 0015 1 1671178241024623 -97.625 -68.5 4.865787059173254 9
0004 0007 2 1671178241045880 231.0625 -68.0 1.3437671701878218 9
0004 0002 3 1671178241076371 42.3125 -67.0 3.1354567304382504 9
0004 0004 3 1671178241078187 -22.75 -69.5 5.915029918087033 9
0004 0014 3 1671178241079763 -48.8125 -64.0 5.872078456026235 9
0004 0007 4 1671178241105848 6.5 -68.5 0.8835729338221293 9
0004 0011 4 1671178241106752 -27.625 -66.0 0.4049709280018093 9
0004 0014 4 1671178241108720 6.5 -60.5 1.8837284075235674 9
0004 0003 4 1671178241109661 -172.5 -72.5 4.540583132141498 9
0004 0004 4 1671178241111388 -97.625 -72.0 5.491651220630596 9
0004 0009 4 1671178241112294 -48.8125 -67.0 0.018407769454627694 9
0004 0005 4 1671178241115461 48.8125 -70.0 5.66959299202533 9
0004 0015 4 1671178241116422 65.0625 -64.0 2.055534255766759 9
0004 0002 4 1671178241117373 -3.25 -69.5 5.411884219660542 9
0004 0015 5 1671178241146336 13.0 -70.0 4.485359823777615 9
0004 0007 5 1671178241147485 -3.25 -68.5 1.6014759425526093 9
0004 0013 5 1671178241148917 -19.5 -66.5 0.5645049299419159 9
0004 0004 5 1671178241149896 32.5 -65.0 0.5767767762450011 9
0004 0011 5 1671178241151123 10.5625 -59.0 2.6139032625571326 9
0004 0003 5 1671178241152828 -32.5 -71.0 0.7363107781851077 9
0004 0014 5 1671178241155236 -61.8125 -66.5 0.705631162427395 9
0004 0013 6 1671178241195833 6.5 -65.0 3.822680123411018 9
0004 0010 6 1671178241196723 -24.375 -63.5 6.0991076126333095 9
0004 0007 6 1671178241198170 -26.0 -59.5 5.013049214810275 9
0004 0003 6 1671178241199092 3.25 -64.0 4.859651136021712 9
0004 0009 6 1671178241200537 9.75 -58.0 1.0492428589137786 9
0004 0011 6 1671178241201695 3.25 -58.5 1.1658253987930873 9
0004 0005 6 1671178241202860 26.0 -65.5 4.914874444385594 9
0004 0002 6 1671178241204701 -13.0 -61.0 4.626486056263094 9
0004 0004 6 1671178241206484 9.75 -59.5 3.4606606574700063 9
0004 0008 6 1671178241207418 -13.0 -64.5 0.9326603190344698 9
0004 0000 6 1671178241208554 -81.375 -75.0 5.675728915176872 9
0004 0015 7 1671178241235889 -3.25 -65.0 2.945243112740431 9
0004 0007 7 1671178241240092 48.8125 -64.0 1.6873788666742053 9
0004 0004 7 1671178241241156 -61.8125 -67.0 6.135923151542564 9
0004 0002 7 1671178241242667 -71.5625 -69.0 2.1782527187976104 9
0004 0014 7 1671178241247808 48.8125 -69.5 3.6570101983193686 9
0004 0014 8 1671178241277204 -3.25 -66.0 1.4358060174609601 9
0004 0015 8 1671178241278991 34.9375 -74.0 0.9142525495798421 9
0004 0002 1 1671178241507671 -214.8125 -71.5 2.4175537217077703 9
0004 0015 1 1671178241508983 -3.25 -61.5 3.6815538909255388 9
0004 0002 2 1671178241539530 68.3125 -68.0 1.552388557340269 9
0004 0002 3 1671178241567655 -78.0625 -64.5 1.4419419406125027 9
0004 0014 3 1671178241572132 9.75 -69.0 1.2946797849754812 9
0004 0008 4 1671178241616585 -58.5625 -70.0 2.5402721847386216 9
0004 0010 4 1671178241618908 -39.0 -66.5 4.221515128261284 9
0004 0005 4 1671178241619829 42.3125 -72.5 5.3198453723874035 9
0004 0004 4 1671178241621034 45.5625 -72.5 5.620505606812989 9
0004 0002 4 1671178241621986 74.8125 -64.0 3.055689729468197 9
0004 0014 4 1671178241623782 0.0 -67.0 0.7669903939428205 9
0004 0011 4 1671178241625171 -194.4375 -71.5 0.4356505437595221 9
0004 0006 4 1671178241627243 172.5 -77.0 1.030835089459151 9
0004 0015 4 1671178241628672 111.4375 -74.0 0.22089323345553233 9
0004 0010 5 1671178241657957 -10.5625 -68.0 4.816699673960914 9
0004 0007 5 1671178241659507 -35.75 -64.5 3.6386024288647407 9
0004 0005 5 1671178241660413 -29.25 -68.0 5.485515297479052 9
0004 0003 5 1671178241662721 -52.0625 -65.5 2.497320722677824 9
0004 0011 5 1671178241663947 13.8125 -60.5 4.411728745959104 9
0004 0001 5 1671178241666747 -10.5625 -69.0 6.215690152512618 9
0004 0015 5 1671178241667727 208.3125 -70.0 0.09817477042468103 9
0004 0004 5 1671178241670167 9.75 -60.5 2.662990647769473 9
0004 0009 5 1671178241671160 -39.0 -60.0 5.66959299202533 9
0004 0006 6 1671178241705918 42.3125 -71.0 5.246214294568893 9
0004 0009 6 1671178241706866 16.25 -57.0 1.8530487917658545 9
0004 0013 6 1671178241707801 3.25 -66.5 0.7117670855789375 9
0004 0011 6 1671178241709992 -10.5625 -60.5 1.7303303287350031 9
0004 0004 6 1671178241710929 13.0 -61.0 0.25157284921324513 9
0004 0015 6 1671178241712401 -74.8125 -71.5 5.663457068873787 9
0004 0005 6 1671178241713579 52.0625 -69.5 0.19634954084936207 9
0004 0002 6 1671178241714887 35.75 -61.0 0.3313398501832985 9
0004 0007 6 1671178241715810 55.3125 -62.5 5.209398755659637 9
0004 0008 6 1671178241716770 -9.75 -64.0 3.1231848841351653 9
0004 0010 6 1671178241717973 58.5625 -66.5 4.485359823777615 9
0004 0014 6 1671178241719160 3.25 -61.0 0.2699806186678728 9
0004 0000 6 1671178241720975 6.5 -69.5 0.9633399347921826 9
0004 0003 6 1671178241721928 55.3125 -66.5 1.0492428589137786 9
0004 0015 7 1671178241745857 0.0 -62.5 2.1230294104337273 9
0004 0011 7 1671178241748682 194.4375 -70.0 1.7916895602504288 9
0004 0013 7 1671178241750990 -68.3125 -66.5 0.8713010875190442 9
0004 0004 7 1671178241752962 133.4375 -68.5 3.018874190558942 9
0004 0014 7 1671178241753896 19.5 -70.0 5.681864838328415 9
0004 0007 7 1671178241755431 -32.5 -70.5 0.22089323345553233 9
0004 0015 8 1671178241778859 -52.0625 -69.0 0.37429131224409645 9
0004 0015 1 1671178241997680 42.3125 -62.0 3.650874275167826 9
0004 0014 2 1671178242030661 -104.125 -67.0 4.81056375080937 9
0004 0015 3 1671178242066838 32.5 -64.5 4.822835597112456 9
0004 0014 3 1671178242070143 -110.625 -69.0 5.0253210611133605 9
0004 0004 4 1671178242096374 -22.75 -66.5 5.540738605842936 9
0004 0002 4 1671178242097542 -35.75 -68.0 4.0128937411088375 9
0004 0009 4 1671178242099556 -39.0 -71.0 3.761320891895592 9
0004 0010 4 1671178242101116 26.0 -70.5 1.043106935762236 9
0004 0014 4 1671178242102291 39.0 -71.5 2.4727770300716534 9
0004 0015 4 1671178242103196 -113.875 -72.5 2.6139032625571326 9
0004 0010 5 1671178242125923 -139.9375 -71.5 2.442097414313941 9
0004 0005 5 1671178242127356 94.375 -69.0 2.2764274892222915 9
0004 0012 5 1671178242128570 0.0 -64.5 4.755340442445488 9
0004 0009 5 1671178242130286 -13.0 -59.5 2.6384469551633027 9
0004 0007 5 1671178242131494 -32.5 -66.5 4.773748211900116 9
0004 0011 5 1671178242132944 0.0 -66.0 0.42337869745643697 9
0004 0004 5 1671178242133842 16.25 -71.0 6.2463697682703305 9
0004 0003 5 1671178242135374 -19.5 -65.5 1.7916895602504288 9
0004 0001 5 1671178242136650 128.5625 -68.5 4.509903516383785 9
0004 0014 5 1671178242137596 39.0 -61.0 1.9880391010997909 9
0004 0015 5 1671178242139409 -32.5 -69.0 2.730485802436441 9
0004 0000 5 1671178242140458 48.8125 -72.0 1.4787574795217582 9
0004 0004 6 1671178242166382 22.75 -61.5 2.018718716857504 9
0004 0009 6 1671178242167346 -87.875 -71.0 3.3195344249845276 9
0004 0007 6 1671178242168977 55.3125 -66.5 0.6258641614573416 9
0004 0012 6 1671178242169926 -19.5 -56.0 4.264466590322082 9
0004 0008 6 1671178242171552 19.5 -60.0 5.964117303299373 9
0004 0002 6 1671178242172490 9.75 -62.5 3.472932503773092 9
0004 0000 6 1671178242173455 -29.25 -68.5 4.454680208019902 9
0004 0010 6 1671178242175036 -42.3125 -64.5 3.6017868899554855 9
0004 0014 6 1671178242176567 -32.5 -56.5 4.7307967498393175 9
0004 0003 6 1671178242177756 -19.5 -63.5 4.595806440505381 9
0004 0001 6 1671178242178706 -93.5625 -69.0 3.0127382674073995 9
0004 0011 6 1671178242180855 0.0 -59.5 3.933126740138784 9
0004 0005 6 1671178242182035 -45.5625 -64.0 3.6692820446224537 9
0004 0004 7 1671178242217788 3.25 -64.0 2.454369260617026 9
0004 0012 1 1671178242466284 -9.75 -63.5 2.6568547246179306 9
0004 0014 2 1671178242498529 -149.6875 -70.0 6.154330920997192 9
0004 0012 2 1671178242503627 -110.625 -71.0 5.7616318392984684 9
0004 0005 2 1671178242504694 205.0625 -71.5 4.516039439535327 9
0004 0015 3 1671178242526092 -13.0 -64.5 1.3744467859455345 9
0004 0014 3 1671178242527295 6.5 -63.5 1.3008157081270237 9
0004 0012 3 1671178242528786 -55.3125 -63.5 1.705786636128833 9
0004 0004 3 1671178242530445 -143.1875 -67.5 5.737088146692298 9
0004 0007 3 1671178242535777 -100.875 -70.5 2.8654761117703775 9
0004 0011 4 1671178242566410 34.9375 -64.5 2.82252464970958 9
0004 0014 4 1671178242568193 -6.5 -73.0 5.945709533844745 9
0004 0010 4 1671178242569786 0.0 -64.5 0.8344855486097889 9
0004 0008 4 1671178242570742 -52.0625 -68.0 4.651029748869264 9
0004 0004 4 1671178242571701 16.25 -63.5 3.7122335066832517 9
0004 0012 4 1671178242575226 -42.3125 -71.5 2.890019804376548 9
0004 0002 4 1671178242577699 -107.375 -69.5 2.1966604882522383 9
0004 0003 5 1671178242605856 -29.25 -54.5 4.09266074207889 9
0004 0011 5 1671178242607237 0.0 -48.5 4.270602513473625 9
0004 0008 5 1671178242608968 -13.0 -63.0 1.6444274046134073 9
0004 0005 5 1671178242611248 -22.75 -64.0 3.4606606574700063 9
0004 0009 5 1671178242612721 94.375 -65.0 5.982525072754001 9
0004 0001 5 1671178242615681 -65.875 -64.0 4.239922897715912 9
0004 0000 5 1671178242618898 208.3125 -71.0 1.1106020904292042 9
0004 0004 5 1671178242620246 -149.6875 -70.0 2.988194574801229 9
0004 0014 6 1671178242645883 -39.0 -65.0 4.123340357836604 9
0004 0005 6 1671178242647127 19.5 -57.0 4.516039439535327 9
0004 0010 6 1671178242648118 26.0 -67.5 4.81056375080937 9
0004 0009 6 1671178242649291 35.75 -63.0 0.21475731030398976 9
0004 0002 6 1671178242650993 -35.75 -64.0 5.00077736850719 9
0004 0007 6 1671178242652184 -16.25 -56.0 2.325514874434632 9
0004 0008 6 1671178242653156 0.0 -53.0 5.295301679781233 9
0004 0003 6 1671178242654084 16.25 -55.5 0.04295146206079795 9
0004 0015 6 1671178242655316 -87.875 -66.5 5.289165756629691 9
0004 0011 6 1671178242656645 24.375 -58.0 5.166447293598839 9
0004 0001 6 1671178242658231 3.25 -62.0 0.4356505437595221 9
0004 0000 6 1671178242659648 -35.75 -64.5 3.1784081924990484 9
0004 0004 6 1671178242661437 3.25 -69.0 3.650874275167826 9
0004 0013 6 1671178242671327 -61.8125 -75.0 0.7669903939428205 9
0004 0014 7 1671178242698693 123.6875 -65.5 4.319689898685965 9
0004 0007 7 1671178242700311 -3.25 -69.5 0.7853981633974483 9
0004 0004 7 1671178242701686 84.625 -69.5 4.23378697456437 9
0004 0007 8 1671178242738347 16.25 -70.0 2.172116795646068 9
0004 0014 8 1671178242739792 16.25 -64.0 1.141281706186917 9
0004 0015 1 1671178242956081 123.6875 -68.0 3.933126740138784 9
0004 0007 1 1671178242957872 52.0625 -71.5 2.024854640009046 9
0004 0003 1 1671178242960828 -152.9375 -73.5 1.1965050145508 9
0004 0014 2 1671178242988373 -104.125 -60.5 4.884194828627882 9
0004 0004 2 1671178242989564 -78.0625 -67.0 4.4976316700806995 9
0004 0015 3 1671178243015798 39.0 -69.5 2.2886993355253766 9
0004 0014 3 1671178243018944 45.5625 -61.0 2.4175537217077703 9
0004 0012 3 1671178243019923 19.5 -65.5 4.693981210930062 9
0004 0004 3 1671178243021723 -110.625 -66.0 3.761320891895592 9
0004 0011 3 1671178243023293 90.3125 -70.5 4.871922982324796 9
0004 0004 4 1671178243046162 32.5 -63.0 1.5892040962495242 9
0004 0015 4 1671178243047578 -52.0625 -66.5 3.7122335066832517 9
0004 0007 4 1671178243048585 22.75 -72.0 3.399301425954581 9
0004 0001 4 1671178243051065 -87.0625 -72.0 3.9822141253511245 9
0004 0014 4 1671178243052069 3.25 -61.0 0.4295146206079795 9
0004 0013 4 1671178243053260 -3.25 -66.0 4.571262747899211 9
0004 0012 4 1671178243054213 29.25 -66.0 2.779573187648782 9
0004 0010 4 1671178243055659 -104.125 -72.0 5.080544369477243 9
0004 0003 5 1671178243085887 -6.5 -59.5 1.141281706186917 9
0004 0005 5 1671178243087927 3.25 -59.0 1.0369710126106935 9
0004 0011 5 1671178243088860 -41.5 -58.0 4.264466590322082 9
0004 0008 5 1671178243090332 -48.8125 -65.0 4.111068511533518 9
0004 0001 5 1671178243092399 65.875 -62.0 0.4724660826687775 9
0004 0009 5 1671178243093345 -6.5 -69.5 3.933126740138784 9
0004 0007 5 1671178243094284 -29.25 -61.5 5.356660911296659 9
0004 0015 5 1671178243097677 -111.4375 -69.5 4.97623367590102 9
0004 0000 5 1671178243098639 123.6875 -71.0 4.325825821837508 9
0004 0005 6 1671178243126454 -19.5 -54.5 4.479223900626073 9
0004 0001 6 1671178243127983 48.8125 -61.5 0.7547185476397354 9
0004 0000 6 1671178243129229 84.625 -69.0 4.454680208019902 9
0004 0002 6 1671178243130232 0.0 -68.5 1.6935147898257479 9
0004 0007 6 1671178243131115 16.25 -54.5 2.509592568980909 9
0004 0011 6 1671178243132273 -10.5625 -58.5 5.976389149602458 9
0004 0014 6 1671178243133203 0.0 -60.5 2.454369260617026 9
0004 0009 6 1671178243134269 45.5625 -63.5 0.5031456984264903 9
0004 0003 6 1671178243135189 -9.75 -61.5 0.3436116964863836 9
0004 0008 6 1671178243136350 19.5 -65.5 4.325825821837508 9
0004 0015 7 1671178243167724 329.5625 -69.5 4.804427827657828 9
0004 0014 7 1671178243169015 -169.25 -66.0 2.5770877236478773 9
0004 0007 8 1671178243198038 -136.6875 -73.0 4.516039439535327 9
0004 0014 1 1671178243417987 3.25 -64.5 1.1228739367322893 9
0004 0002 1 1671178243419945 -9.75 -67.5 4.743068596142402 9
0004 0015 1 1671178243435180 34.9375 -73.5 4.0558452031696355 9
0004 0005 2 1671178243458828 -6.5 -70.0 3.141592653589793 9
0004 0014 3 1671178243487725 -61.8125 -65.0 1.9757672547967058 9
0004 0008 3 1671178243498710 94.375 -71.5 3.479068426924634 9
0004 0010 3 1671178243503140 156.1875 -72.0 1.0676506283684062 9
0004 0007 3 1671178243504461 -361.3125 -72.0 5.031456984264903 9
0004 0010 4 1671178243536292 -68.3125 -68.0 6.2463697682703305 9
0004 0007 4 1671178243537796 39.0 -66.5 5.141903600992669 9
0004 0005 4 1671178243538731 22.75 -66.0 1.88986433067511 9
0004 0004 4 1671178243539654 35.75 -61.5 1.576932249946439 9
0004 0013 4 1671178243540644 -22.75 -63.5 1.3008157081270237 9
0004 0014 4 1671178243541623 48.8125 -63.5 0.6810874698212247 9
0004 0009 4 1671178243542827 -35.75 -64.5 2.356194490192345 9
0004 0008 4 1671178243543804 139.9375 -73.0 3.0127382674073995 9
0004 0003 4 1671178243545830 -48.8125 -70.5 2.5157284921324514 9
0004 0015 4 1671178243546791 3.25 -69.5 4.368777283898306 9
0004 0015 5 1671178243565931 -84.625 -67.5 3.129320807286708 9
0004 0004 5 1671178243566848 -9.75 -61.5 4.362641360746763 9
0004 0011 5 1671178243567994 128.5625 -67.0 4.878058905476339 9
0004 0005 5 1671178243569369 42.3125 -66.5 6.234097921967246 9
0004 0007 5 1671178243570319 45.5625 -64.0 6.0991076126333095 9
0004 0003 5 1671178243572689 13.0 -59.0 2.2150682577068657 9
0004 0001 5 1671178243574839 -24.375 -70.0 0.0674951546669682 9
0004 0000 5 1671178243577038 -110.625 -73.5 4.295146206079795 9
0004 0001 6 1671178243595873 7.3125 -69.0 4.319689898685965 9
0004 0007 6 1671178243597083 -39.0 -68.5 2.9575149590435164 9
0004 0004 6 1671178243598257 -29.25 -60.0 3.9638063558964967 9
0004 0014 6 1671178243599186 0.0 -70.5 2.6813984172241008 9
0004 0002 6 1671178243600157 26.0 -65.0 1.337631247036279 9
0004 0003 6 1671178243601617 6.5 -65.0 4.411728745959104 9
0004 0005 6 1671178243603304 -16.25 -61.0 2.748893571891069 9
0004 0015 7 1671178243626836 0.0 -67.0 5.307573526084319 9
0004 0010 7 1671178243629490 61.8125 -71.0 2.6875343403756435 9
0004 0004 8 1671178243657430 -16.25 -72.5 1.3867186322486196 9
0004 0015 1 1671178243876601 -42.3125 -66.0 5.258486140871978 9
0004 0011 1 1671178243882024 232.6875 -71.5 0.8835729338221293 9
0004 0014 1 1671178243883597 -185.5 -71.0 4.71238898038469 9
0004 0002 2 1671178243914891 -120.4375 -70.0 5.964117303299373 9
0004 0015 2 1671178243916451 113.875 -68.5 1.5401167110371838 9
0004 0004 3 1671178243940249 139.9375 -71.0 4.718524903536232 9
0004 0014 3 1671178243943308 0.0 -72.5 1.7241944055834606 9
0004 0010 3 1671178243947490 104.125 -70.0 2.5280003384355365 9
0004 0013 3 1671178243950749 68.3125 -70.5 1.7426021750380885 9
0004 0002 3 1671178243967335 279.9375 -71.0 3.7551849687440497 9
0004 0004 4 1671178243997461 3.25 -59.5 3.497476196379262 9
0004 0005 4 1671178243998668 -65.0625 -64.5 4.577398671050753 9
0004 0009 4 1671178243999627 -9.75 -61.0 5.221670601962723 9
0004 0010 4 1671178244000603 -9.75 -67.5 3.067961575771282 9
0004 0015 4 1671178244001552 -90.3125 -69.0 3.8717675086233583 9
0004 0008 4 1671178244002726 -13.0 -70.0 5.160311370447297 9
0004 0014 4 1671178244004324 16.25 -59.0 2.8716120349219203 9
0004 0003 4 1671178244005943 19.5 -66.0 5.154175447295755 9
0004 0007 4 1671178244006925 71.5625 -69.0 5.7616318392984684 9
0004 0013 4 1671178244010437 26.0 -66.0 0.607456392002714 9
0004 0002 4 1671178244011604 52.0625 -69.5 0.5031456984264903 9
0004 0012 4 1671178244012923 120.4375 -69.0 2.1537090261914402 9
0004 0014 5 1671178244037047 -32.5 -66.5 5.485515297479052 9
0004 0015 5 1671178244038092 17.0625 -66.0 2.6568547246179306 9
0004 0003 5 1671178244039287 32.5 -59.0 1.5892040962495242 9
0004 0009 5 1671178244040236 81.375 -66.0 0.35588354278946877 9
0004 0010 5 1671178244042001 65.0625 -70.5 1.576932249946439 9
0004 0000 5 1671178244045806 123.6875 -70.0 3.356349963893783 9
0004 0012 5 1671178244047944 -179.0 -69.5 5.608233760509904 9
0004 0004 5 1671178244057493 -247.375 -70.0 4.460816131171445 9
0004 0003 6 1671178244075890 -126.9375 -68.0 0.4724660826687775 9
0004 0014 6 1671178244077589 -32.5 -69.0 0.3988350048502667 9
0004 0004 6 1671178244081103 42.3125 -66.5 3.000466421104314 9
0004 0001 6 1671178244082165 -6.5 -66.0 1.1903690913992575 9
0004 0013 6 1671178244083356 61.8125 -69.5 0.5951845456996288 9
0004 0002 6 1671178244084280 -42.3125 -64.0 6.000932842208628 9
0004 0005 6 1671178244085388 6.5 -68.0 4.166291819897402 9
0004 0015 7 1671178244107206 45.5625 -62.5 4.651029748869264 9
0004 0012 7 1671178244109234 139.9375 -70.0 2.2764274892222915 9
0004 0014 7 1671178244110806 120.4375 -70.0 2.0800779483729293 9
0004 0015 8 1671178244146856 -104.125 -74.0 0.760854470791278 9
