0004 0014 1 1671178269096257 9.75 -64.0 0.6442719309119693 9
0004 0009 1 1671178269098343 -87.875 -67.5 4.516039439535327 9
0004 0013 1 1671178269100131 61.8125 -65.5 2.8409324191642074 9
0004 0015 1 1671178269101061 -19.5 -64.5 0.06135923151542565 9
0004 0010 1 1671178269102702 -58.5625 -70.0 0.6504078540635119 9
0004 0002 1 1671178269103754 -185.5 -70.0 4.3074180523828804 9
0004 0004 1 1671178269104945 107.375 -70.0 3.3195344249845276 9
0004 0005 2 1671178269127936 -61.8125 -69.5 1.184233168247715 9
0004 0002 2 1671178269129185 -13.0 -64.0 0.4908738521234052 9
0004 0015 2 1671178269130401 65.0625 -68.0 3.9638063558964967 9
0004 0004 2 1671178269131508 -32.5 -67.5 5.098952138931871 9
0004 0002 3 1671178269155861 84.625 -67.5 0.9019807032767571 9
0004 0015 3 1671178269159231 13.0 -66.0 4.908738521234052 9
0004 0004 4 1671178269186094 26.0 -62.0 4.577398671050753 9
0004 0015 4 1671178269187238 13.0 -65.5 4.76147636559703 9
0004 0014 4 1671178269189615 58.5625 -71.0 5.902758071783947 9
0004 0001 4 1671178269190772 13.8125 -71.0 4.773748211900116 9
0004 0010 4 1671178269192758 91.125 -71.5 1.4358060174609601 9
0004 0005 5 1671178269216458 35.75 -71.0 4.006757817957295 9
0004 0014 5 1671178269219163 -42.3125 -71.5 0.14112623248547898 9
0004 0015 5 1671178269221595 -30.875 -69.0 3.5588354278946874 9
0004 0007 5 1671178269223011 -32.5 -69.5 5.418020142812084 9
0004 0008 6 1671178269246897 61.8125 -68.0 4.755340442445488 9
0004 0007 6 1671178269247931 35.75 -64.5 1.932815792735908 9
0004 0010 6 1671178269249190 78.0625 -70.5 0.7853981633974483 9
0004 0004 6 1671178269250140 48.8125 -66.5 2.423689644859313 9
0004 0009 6 1671178269251598 42.3125 -66.5 0.2945243112740431 9
0004 0015 6 1671178269252529 13.0 -66.5 0.4724660826687775 9
0004 0005 6 1671178269254106 130.1875 -71.5 1.4848934026733007 9
0004 0002 6 1671178269255071 26.0 -65.5 0.9878836273983529 9
0004 0003 6 1671178269259047 -26.0 -76.0 1.2946797849754812 9
0004 0002 7 1671178269285938 13.0 -63.5 1.662835174068035 9
0004 0004 7 1671178269287140 16.25 -63.5 4.061981126321178 9
0004 0007 7 1671178269288347 -100.875 -70.0 3.9699422790480394 9
0004 0009 7 1671178269289264 -6.5 -62.5 6.215690152512618 9
0004 0001 7 1671178269291208 34.9375 -66.0 2.748893571891069 9
0004 0005 7 1671178269292201 16.25 -62.0 5.737088146692298 9
0004 0007 8 1671178269318118 22.75 -69.5 4.908738521234052 9
0004 0002 8 1671178269320134 9.75 -71.5 3.0372819600135696 9
0004 0015 8 1671178269321100 104.125 -71.5 0.35588354278946877 9
0004 0010 1 1671178269538374 -39.0 -69.5 1.9266798695843652 9
0004 0002 1 1671178269540136 26.0 -69.0 2.2150682577068657 9
0004 0014 1 1671178269541057 -71.5625 -69.0 5.062136600022616 9
0004 0012 1 1671178269542021 117.125 -72.0 3.5036121195308043 9
0004 0004 2 1671178269567446 -16.25 -69.0 3.6079228131070282 9
0004 0012 3 1671178269606444 -22.75 -66.0 1.1474176293384597 9
0004 0015 3 1671178269607961 -69.125 -65.5 3.4913402732277192 9
0004 0014 3 1671178269608907 6.5 -64.5 2.6261751088602177 9
0004 0002 3 1671178269609862 162.75 -68.0 5.190990986205009 9
0004 0011 3 1671178269616109 7.3125 -67.5 2.736621725587984 9
0004 0004 4 1671178269656078 58.5625 -68.0 3.5036121195308043 9
0004 0008 4 1671178269657267 -84.625 -70.5 6.117515382087937 9
0004 0002 4 1671178269658927 -94.375 -69.5 4.405592822807561 9
0004 0005 4 1671178269659905 16.25 -65.0 2.110757564130642 9
0004 0012 4 1671178269660839 -42.3125 -60.5 4.651029748869264 9
0004 0007 4 1671178269661789 42.3125 -64.5 1.7855536370988863 9
0004 0014 4 1671178269662725 -55.3125 -62.5 4.154019973594316 9
0004 0009 4 1671178269664361 0.0 -60.0 1.3437671701878218 9
0004 0004 5 1671178269686372 -6.5 -70.0 2.3071071049800045 9
0004 0009 5 1671178269688174 -35.75 -60.0 0.9510680884890975 9
0004 0011 5 1671178269689331 -45.5625 -59.0 2.552544031041707 9
0004 0015 5 1671178269690458 -3.25 -61.0 5.203262832508095 9
0004 0005 5 1671178269692318 -26.0 -68.5 1.846912868614312 9
0004 0014 5 1671178269693852 61.8125 -69.0 2.5709518004963345 9
0004 0003 5 1671178269695113 0.0 -70.5 1.736466251886546 9
0004 0003 6 1671178269716383 16.25 -70.0 5.0253210611133605 9
0004 0015 6 1671178269717614 26.0 -61.0 6.234097921967246 9
0004 0009 6 1671178269718560 9.75 -58.5 3.773592738198677 9
0004 0010 6 1671178269720314 22.75 -67.0 3.5588354278946874 9
0004 0011 6 1671178269721529 3.25 -61.5 4.871922982324796 9
0004 0002 6 1671178269722440 -84.625 -71.0 3.6324665057131984 9
0004 0000 6 1671178269723420 -214.8125 -76.0 0.37429131224409645 9
0004 0004 6 1671178269726151 45.5625 -70.5 5.878214379177777 9
0004 0005 6 1671178269727114 19.5 -66.0 2.5832236467994196 9
0004 0012 6 1671178269728276 91.125 -69.5 5.240078371417351 9
0004 0007 6 1671178269729212 -19.5 -66.5 3.6201946594101133 9
0004 0005 7 1671178269756141 -84.625 -61.0 3.2520392703175593 9
0004 0014 7 1671178269757969 9.75 -63.0 1.4664856332186729 9
0004 0015 7 1671178269759186 -13.8125 -70.0 3.5158839658338894 9
0004 0007 7 1671178269760181 -26.0 -65.0 3.4054373491061236 9
0004 0011 7 1671178269761850 69.125 -64.5 4.448544284868359 9
0004 0004 7 1671178269763170 -39.0 -70.5 2.116893487282185 9
0004 0003 7 1671178269764107 48.8125 -70.0 2.5157284921324514 9
0004 0007 8 1671178269805926 16.25 -67.0 0.3190680038802134 9
0004 0002 8 1671178269807941 -3.25 -73.0 5.240078371417351 9
0004 0003 8 1671178269809975 55.3125 -73.0 6.166602767300278 9
0004 0005 1 1671178270026375 120.4375 -70.0 1.6751070203711202 9
0004 0015 1 1671178270027337 -48.8125 -67.5 2.0800779483729293 9
0004 0001 1 1671178270030545 83.0 -71.5 3.810408277107933 9
0004 0012 1 1671178270032048 39.0 -63.0 2.509592568980909 9
0004 0007 1 1671178270033140 -97.625 -72.5 1.761009944492716 9
0004 0015 2 1671178270058278 -16.25 -66.0 2.1475731030398975 9
0004 0014 2 1671178270059768 -58.5625 -64.0 3.448388811166921 9
0004 0012 3 1671178270086316 65.0625 -59.5 0.6013204688511713 9
0004 0002 3 1671178270087491 -9.75 -66.5 4.878058905476339 9
0004 0011 3 1671178270090895 -59.375 -68.0 3.56497135104623 9
0004 0014 3 1671178270091830 -52.0625 -60.0 5.0253210611133605 9
0004 0015 4 1671178270115860 -152.9375 -69.0 3.466796580621549 9
0004 0011 4 1671178270117585 30.875 -67.5 2.5893595699509624 9
0004 0005 4 1671178270118778 -35.75 -68.0 1.8039614065535141 9
0004 0009 4 1671178270119982 35.75 -60.0 2.1782527187976104 9
0004 0013 4 1671178270120960 -87.875 -70.5 4.06811704947272 9
0004 0007 4 1671178270121911 -65.0625 -72.5 1.6812429435226628 9
0004 0012 4 1671178270122840 0.0 -57.0 2.024854640009046 9
0004 0014 4 1671178270123990 9.75 -55.5 0.01227184630308513 9
0004 0004 4 1671178270125591 42.3125 -69.5 4.884194828627882 9
0004 0014 5 1671178270156635 32.5 -61.5 4.914874444385594 9
0004 0011 5 1671178270159081 -41.5 -58.0 5.418020142812084 9
0004 0001 5 1671178270160027 -10.5625 -70.5 0.7792622402459057 9
0004 0005 5 1671178270160950 -48.8125 -67.0 5.092816215780329 9
0004 0004 5 1671178270164539 91.125 -71.5 4.681709364626977 9
0004 0000 6 1671178270185834 -139.9375 -73.0 3.6999616603801666 9
0004 0004 6 1671178270187035 26.0 -66.5 2.2948352586769194 9
0004 0014 6 1671178270188006 0.0 -58.5 0.803805932852076 9
0004 0009 6 1671178270188983 0.0 -62.5 5.964117303299373 9
0004 0011 6 1671178270189948 27.625 -55.0 1.4542137869155878 9
0004 0007 6 1671178270193790 -55.3125 -65.5 4.669437518323892 9
0004 0008 6 1671178270194751 -39.0 -65.0 0.9203884727313847 9
0004 0013 6 1671178270197675 -58.5625 -70.5 2.1966604882522383 9
0004 0005 6 1671178270200053 -42.3125 -65.0 5.491651220630596 9
0004 0002 6 1671178270201389 -107.375 -74.5 1.4971652489763858 9
0004 0015 7 1671178270226142 39.0 -66.0 1.030835089459151 9
0004 0011 7 1671178270227046 -104.125 -70.0 5.780039608753096 9
0004 0002 7 1671178270229017 3.25 -71.5 5.638913376267617 9
0004 0004 7 1671178270229940 -13.0 -65.5 5.872078456026235 9
0004 0014 7 1671178270231372 143.1875 -67.0 2.6875343403756435 9
0004 0007 7 1671178270232293 -87.875 -70.5 2.6323110320117604 9
0004 0005 7 1671178270233203 175.75 -68.5 2.0800779483729293 9
0004 0012 7 1671178270234153 192.0 -71.0 2.945243112740431 9
0004 0014 8 1671178270257286 61.8125 -64.5 1.368310862793992 9
0004 0005 8 1671178270259557 68.3125 -73.0 0.04295146206079795 9
0004 0014 1 1671178270475855 16.25 -64.5 0.9203884727313847 9
0004 0015 1 1671178270477896 139.9375 -67.0 2.2518837966161214 9
0004 0014 2 1671178270511016 -52.0625 -72.5 2.9759227284981438 9
0004 0014 3 1671178270537193 0.0 -66.5 3.067961575771282 9
0004 0010 3 1671178270543412 -29.25 -68.5 1.0492428589137786 9
0004 0014 4 1671178270576397 -61.8125 -67.0 5.295301679781233 9
0004 0007 4 1671178270577362 -48.8125 -68.0 3.448388811166921 9
0004 0010 4 1671178270579680 6.5 -70.0 4.448544284868359 9
0004 0015 4 1671178270580631 -81.375 -69.0 4.405592822807561 9
0004 0005 4 1671178270581767 -22.75 -70.0 2.9636508821950587 9
0004 0004 4 1671178270582984 26.0 -65.5 1.3499030933393643 9
0004 0008 4 1671178270583915 9.75 -72.5 2.2580197197676637 9
0004 0007 5 1671178270616125 0.0 -59.0 4.221515128261284 9
0004 0015 5 1671178270617542 93.5625 -65.0 4.399456899656019 9
0004 0013 5 1671178270618446 -3.25 -67.5 4.509903516383785 9
0004 0004 5 1671178270619862 68.3125 -62.0 0.9326603190344698 9
0004 0011 5 1671178270621497 0.0 -60.0 5.062136600022616 9
0004 0014 5 1671178270622691 26.0 -63.5 0.22089323345553233 9
0004 0009 5 1671178270624798 -6.5 -69.5 4.325825821837508 9
0004 0003 5 1671178270626985 -35.75 -68.0 2.2212041808584084 9
0004 0010 5 1671178270628600 -45.5625 -67.5 5.47937937432751 9
0004 0005 5 1671178270630174 19.5 -70.5 1.4603497100671303 9
0004 0000 5 1671178270632754 -78.0625 -72.0 1.662835174068035 9
0004 0015 6 1671178270656096 -71.5625 -71.0 5.080544369477243 9
0004 0003 6 1671178270657870 -45.5625 -67.5 5.7616318392984684 9
0004 0008 6 1671178270659086 16.25 -61.0 1.1965050145508 9
0004 0010 6 1671178270660104 19.5 -63.5 5.902758071783947 9
0004 0007 6 1671178270661012 32.5 -59.0 5.927301764390117 9
0004 0014 6 1671178270662156 -19.5 -60.5 3.663146121470911 9
0004 0005 6 1671178270663091 6.5 -61.0 1.3069516312785663 9
0004 0009 6 1671178270664170 -65.0625 -71.0 4.865787059173254 9
0004 0011 6 1671178270665111 17.0625 -62.0 3.098641191528995 9
0004 0002 6 1671178270666984 9.75 -69.5 2.4727770300716534 9
0004 0013 6 1671178270668599 68.3125 -69.5 1.7671458676442586 9
0004 0000 6 1671178270671219 -3.25 -71.0 5.5284667595398505 9
0004 0004 6 1671178270672539 -91.125 -69.0 2.9575149590435164 9
0004 0014 7 1671178270696628 -94.375 -67.0 3.2704470397721868 9
0004 0007 7 1671178270698741 152.9375 -64.5 2.1475731030398975 9
0004 0005 7 1671178270700085 71.5625 -66.0 3.749049045592507 9
0004 0004 7 1671178270701262 130.1875 -68.5 1.1535535524900022 9
0004 0011 7 1671178270702321 27.625 -64.5 0.4540583132141498 9
0004 0013 7 1671178270703258 -39.0 -70.5 3.6754179677739964 9
0004 0015 8 1671178270728852 6.5 -69.5 5.559146375297564 9
0004 0015 1 1671178270946774 17.0625 -61.5 2.9329712664373457 9
0004 0010 1 1671178270949243 19.5 -68.5 5.859806609723149 9
0004 0013 1 1671178270950459 -29.25 -67.0 5.405748296509 9
0004 0002 2 1671178270976488 -84.625 -70.0 4.405592822807561 9
0004 0014 2 1671178270978099 94.375 -67.0 2.1230294104337273 9
0004 0010 3 1671178271012528 -159.5 -69.0 5.608233760509904 9
0004 0015 3 1671178271014086 26.0 -66.0 4.4362724385652745 9
0004 0011 3 1671178271015075 -48.8125 -68.5 4.859651136021712 9
0004 0014 3 1671178271030955 0.0 -71.0 3.043417883165112 9
0004 0013 4 1671178271055894 -35.75 -69.5 1.184233168247715 9
0004 0010 4 1671178271056898 81.375 -67.0 1.3744467859455345 9
0004 0002 4 1671178271057862 9.75 -67.5 0.30066023442558565 9
0004 0014 4 1671178271058799 -81.375 -67.5 5.295301679781233 9
0004 0004 4 1671178271060200 -9.75 -66.5 1.4419419406125027 9
0004 0009 4 1671178271061162 6.5 -69.0 0.9694758579437253 9
0004 0008 4 1671178271063545 -65.0625 -70.5 5.056000676871073 9
0004 0015 4 1671178271064490 22.75 -66.5 2.552544031041707 9
0004 0005 4 1671178271067173 16.25 -74.0 0.5829126993965437 9
0004 0004 5 1671178271095835 29.25 -62.0 2.9329712664373457 9
0004 0011 5 1671178271097517 34.9375 -62.0 1.1474176293384597 9
0004 0007 5 1671178271099370 -13.0 -61.5 3.56497135104623 9
0004 0009 5 1671178271100290 48.8125 -62.0 6.0991076126333095 9
0004 0005 5 1671178271101425 26.0 -68.0 1.1474176293384597 9
0004 0013 5 1671178271102602 -117.125 -69.5 5.399612373357457 9
0004 0012 5 1671178271104733 91.125 -67.5 1.7671458676442586 9
0004 0014 5 1671178271105752 -13.0 -63.5 3.8717675086233583 9
0004 0001 5 1671178271107959 -3.25 -68.0 1.41126232485479 9
0004 0010 5 1671178271108894 -39.0 -64.5 1.9205439464328227 9
0004 0015 5 1671178271109822 0.0 -70.5 4.957825906446392 9
0004 0000 5 1671178271117193 -97.625 -70.0 3.902447124381071 9
0004 0002 5 1671178271122537 -162.75 -72.5 4.6878452877785195 9
0004 0003 5 1671178271123473 45.5625 -69.5 4.104932588381976 9
0004 0014 6 1671178271145954 -13.0 -57.0 4.95168998329485 9
0004 0008 6 1671178271147128 -6.5 -59.0 3.6324665057131984 9
0004 0003 6 1671178271148094 -16.25 -69.5 0.14112623248547898 9
0004 0002 6 1671178271149568 -61.8125 -64.5 5.405748296509 9
0004 0004 6 1671178271151253 -29.25 -63.5 5.0253210611133605 9
0004 0015 6 1671178271152469 -52.0625 -69.5 4.540583132141498 9
0004 0010 6 1671178271153869 -61.8125 -69.0 0.5583690067903734 9
0004 0009 6 1671178271154975 113.875 -69.5 6.209554229361076 9
0004 0011 6 1671178271156414 -10.5625 -59.0 3.104777114680538 9
0004 0012 6 1671178271157379 35.75 -69.0 5.64504929941916 9
0004 0000 6 1671178271158356 42.3125 -68.5 1.000155473701438 9
0004 0013 6 1671178271159318 16.25 -67.0 1.5462526341887264 9
0004 0007 6 1671178271160241 -42.3125 -65.0 3.6201946594101133 9
0004 0005 6 1671178271161308 113.875 -68.0 0.5890486225480862 9
0004 0006 6 1671178271162242 -84.625 -72.0 4.3933209765044765 9
0004 0001 6 1671178271163188 62.625 -70.5 6.215690152512618 9
0004 0005 7 1671178271187287 -45.5625 -66.5 2.4605051837685683 9
0004 0004 7 1671178271189087 -22.75 -67.5 0.619728238305799 9
0004 0015 8 1671178271218676 19.5 -70.0 3.497476196379262 9
0004 0015 1 1671178271436830 -42.3125 -62.5 5.688000761479957 9
0004 0004 1 1671178271439225 -61.8125 -63.5 1.9512235621905356 9
0004 0002 1 1671178271441923 -78.0625 -71.0 4.657165672020807 9
0004 0014 1 1671178271443534 -39.0 -68.5 3.485204350076177 9
0004 0002 2 1671178271476397 -6.5 -66.5 0.5951845456996288 9
0004 0004 2 1671178271477989 -107.375 -70.5 2.2886993355253766 9
0004 0015 2 1671178271479177 -48.8125 -72.5 1.5401167110371838 9
0004 0014 2 1671178271480620 9.75 -66.5 5.037592907416445 9
0004 0014 3 1671178271508522 136.6875 -69.5 6.227961998815704 9
0004 0015 3 1671178271509695 117.125 -67.0 2.5709518004963345 9
0004 0002 4 1671178271536594 -61.8125 -72.0 2.497320722677824 9
0004 0004 4 1671178271538409 -16.25 -62.5 3.9760782021995817 9
0004 0010 4 1671178271539369 -6.5 -67.5 5.3627968344482015 9
0004 0008 4 1671178271540815 65.0625 -69.5 1.9880391010997909 9
0004 0001 4 1671178271542119 -149.6875 -70.0 3.749049045592507 9
0004 0009 5 1671178271565854 -39.0 -57.5 5.190990986205009 9
0004 0003 5 1671178271567526 -26.0 -62.0 4.485359823777615 9
0004 0007 5 1671178271568688 39.0 -57.5 3.663146121470911 9
0004 0011 5 1671178271570059 27.625 -58.0 4.583534594202296 9
0004 0014 5 1671178271571080 52.0625 -65.0 2.405281875404685 9
0004 0004 5 1671178271572990 -13.0 -61.5 1.0062913968529805 9
0004 0000 5 1671178271574295 -13.0 -68.5 3.2213596545598464 9
0004 0001 5 1671178271575230 -117.9375 -67.0 5.835262917116979 9
0004 0005 5 1671178271576899 29.25 -64.0 0.42337869745643697 9
0004 0015 5 1671178271578146 125.3125 -68.5 0.4049709280018093 9
0004 0010 5 1671178271585563 113.875 -73.0 3.2581751934691017 9
0004 0008 5 1671178271588352 45.5625 -68.0 3.8288160465625602 9
0004 0007 6 1671178271625967 42.3125 -57.0 3.3195344249845276 9
0004 0005 6 1671178271626987 -22.75 -59.0 5.66959299202533 9
0004 0012 6 1671178271628163 16.25 -60.5 1.4787574795217582 9
0004 0014 6 1671178271629124 -6.5 -62.5 4.0987966652304335 9
0004 0003 6 1671178271630327 0.0 -63.0 5.5714182216006485 9
0004 0008 6 1671178271631293 -22.75 -58.0 6.129787228391022 9
0004 0010 6 1671178271632737 32.5 -62.5 1.4419419406125027 9
0004 0004 6 1671178271633687 -26.0 -66.5 0.4111068511533518 9
0004 0011 6 1671178271634628 0.0 -56.0 5.5714182216006485 9
0004 0001 6 1671178271635595 65.875 -66.0 1.0492428589137786 9
0004 0002 6 1671178271637096 0.0 -69.5 0.6749515466696822 9
0004 0009 6 1671178271638004 -9.75 -59.5 4.1601558967458585 9
0004 0000 6 1671178271638954 -74.8125 -68.0 3.9515345095934116 9
0004 0014 7 1671178271666647 -26.0 -58.5 4.184699589352029 9
0004 0004 7 1671178271669356 -71.5625 -65.5 2.0923497946760143 9
0004 0007 7 1671178271670559 -71.5625 -66.5 1.3192234775816514 9
0004 0007 8 1671178271696115 152.9375 -72.5 1.7732817907958012 9
0004 0004 8 1671178271697306 -65.0625 -71.5 5.7616318392984684 9
0004 0014 8 1671178271699319 84.625 -68.5 5.497787143782138 9
0004 0015 1 1671178271917245 35.75 -66.0 2.5034566458293663 9
0004 0014 1 1671178271921179 0.0 -68.0 5.878214379177777 9
0004 0010 1 1671178271922781 48.8125 -69.0 1.4173982480063325 9
0004 0012 1 1671178271923744 32.5 -67.5 3.227495577711389 9
0004 0014 2 1671178271955762 143.1875 -64.0 3.2949907323783574 9
0004 0011 2 1671178271959445 87.0625 -66.5 5.810719224510809 9
0004 0012 2 1671178271963015 58.5625 -72.0 5.375068680751287 9
0004 0004 2 1671178271967014 -276.625 -69.5 2.3009711818284617 9
0004 0002 2 1671178271974895 126.9375 -72.0 1.7794177139473437 9
0004 0005 2 1671178271978119 97.625 -71.5 4.522175362686871 9
0004 0014 3 1671178272006098 192.0 -63.5 2.748893571891069 9
0004 0011 3 1671178272008435 288.0625 -68.5 3.2949907323783574 9
0004 0012 3 1671178272009396 61.8125 -64.0 5.460971604872882 9
0004 0010 3 1671178272013182 45.5625 -71.0 5.0682725231741586 9
0004 0004 3 1671178272014247 97.625 -68.5 1.8407769454627694 9
0004 0010 4 1671178272036180 -32.5 -63.0 4.111068511533518 9
0004 0004 4 1671178272037553 -16.25 -61.5 0.5951845456996288 9
0004 0011 4 1671178272039405 52.0625 -68.0 1.5953400194010667 9
0004 0001 4 1671178272040363 24.375 -66.5 1.6935147898257479 9
0004 0008 4 1671178272045843 -84.625 -67.5 3.6324665057131984 9
0004 0014 4 1671178272047175 81.375 -63.5 0.7976700097005334 9
0004 0012 4 1671178272048140 52.0625 -64.5 1.3499030933393643 9
0004 0009 4 1671178272049104 -55.3125 -66.0 6.227961998815704 9
0004 0007 4 1671178272050746 192.0 -72.5 0.9203884727313847 9
0004 0013 4 1671178272052263 -126.9375 -73.0 2.9145634969827183 9
0004 0005 4 1671178272053735 -13.0 -70.5 1.214912784005428 9
0004 0011 5 1671178272076146 -21.125 -55.5 2.4850488763747385 9
0004 0009 5 1671178272078311 -48.8125 -65.0 3.5588354278946874 9
0004 0000 5 1671178272079275 117.125 -69.0 0.030679615757712823 9
0004 0007 5 1671178272081683 6.5 -60.0 1.6751070203711202 9
0004 0005 5 1671178272082848 -45.5625 -55.5 5.105088062083414 9
0004 0004 5 1671178272083808 9.75 -64.0 3.3502140407422405 9
0004 0003 5 1671178272085328 3.25 -59.5 3.7551849687440497 9
0004 0001 5 1671178272086306 -104.125 -63.5 2.5280003384355365 9
0004 0012 5 1671178272088054 -16.25 -57.5 0.9572040116406401 9
0004 0014 5 1671178272089343 22.75 -60.0 0.9019807032767571 9
0004 0008 5 1671178272090306 -48.8125 -62.0 1.1658253987930873 9
0004 0010 5 1671178272091497 107.375 -70.0 2.2396119503130363 9
0004 0015 5 1671178272092558 -42.3125 -67.5 2.6384469551633027 9
0004 0003 6 1671178272116465 52.0625 -63.0 2.3009711818284617 9
0004 0013 6 1671178272117629 -113.875 -70.5 4.706253057233147 9
0004 0010 6 1671178272118817 45.5625 -72.0 0.09817477042468103 9
0004 0005 6 1671178272119823 -13.0 -55.5 2.350058567040802 9
0004 0000 6 1671178272121028 -84.625 -69.5 6.025476534814799 9
0004 0007 6 1671178272123164 26.0 -60.0 0.6442719309119693 9
0004 0001 6 1671178272124578 -29.25 -65.5 1.5953400194010667 9
0004 0008 6 1671178272125809 13.0 -60.5 1.1044661672776617 9
0004 0011 6 1671178272126784 -13.8125 -61.0 2.8102528034064944 9
0004 0009 6 1671178272128926 26.0 -64.5 4.871922982324796 9
0004 0014 6 1671178272130257 -22.75 -64.0 2.3930100291016 9
0004 0015 6 1671178272131166 169.25 -69.0 4.331961744989051 9
0004 0004 7 1671178272155835 22.75 -67.0 2.761165418194154 9
0004 0014 7 1671178272156771 -19.5 -64.5 4.9823695990525625 9
0004 0012 7 1671178272160711 -22.75 -65.5 2.742757648739526 9
0004 0015 7 1671178272161701 -94.375 -68.0 2.7550294950426117 9
0004 0001 7 1671178272165286 -187.125 -70.0 3.749049045592507 9
0004 0014 8 1671178272187666 -26.0 -66.0 2.4850488763747385 9
0004 0011 1 1671178272406779 -30.875 -70.0 1.3499030933393643 9
0004 0014 1 1671178272408055 -84.625 -70.5 2.5280003384355365 9
0004 0014 2 1671178272436591 55.3125 -68.5 0.06135923151542565 9
0004 0004 2 1671178272438647 -16.25 -66.5 4.344233591292136 9
0004 0015 2 1671178272440590 120.4375 -68.5 1.846912868614312 9
0004 0011 3 1671178272466696 7.3125 -67.5 1.3314953238847365 9
0004 0014 3 1671178272468485 58.5625 -66.5 0.8222137023067037 9
0004 0007 3 1671178272479610 227.8125 -70.0 5.5714182216006485 9
0004 0014 4 1671178272506588 6.5 -60.0 6.092971689481767 9
0004 0009 4 1671178272508201 -6.5 -62.5 2.411417798556228 9
0004 0015 4 1671178272509333 32.5 -66.0 0.7731263170943632 9
0004 0004 4 1671178272510579 -16.25 -61.5 2.4850488763747385 9
0004 0002 4 1671178272511475 84.625 -72.0 2.6998061866787286 9
0004 0008 4 1671178272513273 9.75 -69.0 1.9512235621905356 9
0004 0010 4 1671178272515319 -26.0 -67.5 5.448699758569798 9
0004 0013 4 1671178272516251 -9.75 -64.0 4.663301595172349 9
0004 0005 4 1671178272517174 6.5 -64.5 5.565282298449106 9
0004 0000 4 1671178272519571 253.875 -76.5 3.0127382674073995 9
0004 0003 5 1671178272547782 -26.0 -62.0 4.3074180523828804 9
0004 0005 5 1671178272550531 -19.5 -59.0 5.8659425328746915 9
0004 0000 5 1671178272551522 -13.0 -68.0 0.25157284921324513 9
0004 0015 5 1671178272552739 55.3125 -68.0 5.436427912266712 9
0004 0001 5 1671178272553698 13.8125 -65.5 3.11091303783208 9
0004 0004 5 1671178272555610 -120.4375 -67.5 0.1718058482431918 9
0004 0007 5 1671178272556573 -81.375 -67.5 0.32520392703175593 9
0004 0011 5 1671178272557634 -48.8125 -70.5 1.368310862793992 9
0004 0014 6 1671178272586844 -3.25 -60.5 5.6573211457222445 9
0004 0002 6 1671178272588649 55.3125 -69.5 2.2089323345553233 9
0004 0005 6 1671178272589698 9.75 -64.5 5.816855147662351 9
0004 0004 6 1671178272590861 -16.25 -66.0 4.2092432819582 9
0004 0007 6 1671178272591814 26.0 -71.0 3.485204350076177 9
0004 0011 6 1671178272593187 76.4375 -66.5 2.423689644859313 9
0004 0001 6 1671178272594743 52.0625 -71.5 6.074563920027139 9
0004 0003 6 1671178272596036 32.5 -68.5 4.595806440505381 9
0004 0015 6 1671178272597411 -68.3125 -71.5 5.338253141842031 9
0004 0014 7 1671178272618332 22.75 -63.0 1.4419419406125027 9
0004 0015 7 1671178272621902 -19.5 -71.0 6.031612457966341 9
0004 0011 1 1671178272857085 208.3125 -70.5 5.356660911296659 9
0004 0015 1 1671178272858927 -166.0 -70.5 0.6749515466696822 9
0004 0010 1 1671178272860301 -87.875 -67.0 3.859495662320273 9
0004 0014 1 1671178272861718 -48.8125 -61.0 1.8162332528565992 9
0004 0004 2 1671178272886464 -205.0625 -68.5 0.2638446955163303 9
0004 0010 2 1671178272887979 -192.0 -68.0 5.945709533844745 9
0004 0015 3 1671178272923430 55.3125 -68.5 3.2520392703175593 9
0004 0013 3 1671178272924647 -45.5625 -63.0 0.42337869745643697 9
0004 0008 3 1671178272925853 61.8125 -67.0 3.5833791205008576 9
0004 0009 3 1671178272926805 227.8125 -67.5 2.4727770300716534 9
0004 0014 3 1671178272927738 55.3125 -68.0 5.540738605842936 9
0004 0011 3 1671178272930851 -83.0 -65.0 4.970097752749477 9
0004 0010 3 1671178272933856 -312.4375 -69.5 2.429825568010856 9
0004 0007 4 1671178272955868 22.75 -70.0 4.319689898685965 9
0004 0001 4 1671178272956829 97.625 -68.0 2.356194490192345 9
0004 0009 4 1671178272958075 -32.5 -62.5 1.6382914814618648 9
0004 0014 4 1671178272959520 55.3125 -60.5 5.651185222570702 9
0004 0004 4 1671178272960975 -19.5 -64.5 0.8467573949128739 9
0004 0010 4 1671178272962645 22.75 -64.0 5.767767762450011 9
0004 0013 4 1671178272963892 97.625 -68.0 5.583690067903734 9
0004 0011 4 1671178272965205 27.625 -60.5 2.429825568010856 9
0004 0000 4 1671178272966765 -32.5 -74.0 4.129476280988146 9
0004 0002 4 1671178272967716 74.8125 -74.5 1.4787574795217582 9
0004 0005 4 1671178272968665 -3.25 -59.5 1.6935147898257479 9
0004 0000 5 1671178272997881 71.5625 -71.0 2.1537090261914402 9
0004 0010 5 1671178272999155 61.8125 -69.5 3.5158839658338894 9
0004 0004 5 1671178273001961 68.3125 -66.5 1.607611865704152 9
0004 0003 5 1671178273003945 -61.8125 -65.5 5.5714182216006485 9
0004 0001 5 1671178273004920 -34.9375 -69.0 4.23378697456437 9
0004 0005 5 1671178273005871 -146.4375 -68.0 5.209398755659637 9
0004 0015 5 1671178273008856 253.875 -70.5 5.798447378207723 9
0004 0002 5 1671178273011725 276.625 -71.5 2.1905245651006955 9
0004 0005 6 1671178273035808 -35.75 -66.0 2.742757648739526 9
0004 0013 6 1671178273039453 19.5 -64.5 5.5284667595398505 9
0004 0002 6 1671178273040359 -6.5 -67.0 5.706408530934585 9
0004 0011 6 1671178273041561 21.125 -68.0 4.166291819897402 9
0004 0004 6 1671178273042781 -74.8125 -62.5 3.5833791205008576 9
0004 0015 6 1671178273044069 -87.0625 -72.0 3.6815538909255388 9
0004 0014 6 1671178273045034 -107.375 -70.5 5.534602682691394 9
0004 0003 6 1671178273046252 -97.625 -70.5 4.552854978444583 9
0004 0006 6 1671178273048418 81.375 -77.5 5.491651220630596 9
0004 0007 6 1671178273050670 -149.6875 -74.5 2.9943304979527716 9
0004 0014 7 1671178273078881 61.8125 -66.5 0.2454369260617026 9
0004 0010 7 1671178273081352 6.5 -67.5 3.9576704327449543 9
0004 0015 7 1671178273082752 -48.8125 -67.5 0.5706408530934585 9
0004 0014 8 1671178273108374 -32.5 -65.0 5.712544454086128 9
0004 0015 8 1671178273112208 104.125 -74.5 3.749049045592507 9
0004 0015 1 1671178273327291 26.0 -63.0 4.09266074207889 9
0004 0004 2 1671178273358566 107.375 -66.5 2.9820586516496865 9
0004 0015 2 1671178273363355 -146.4375 -68.5 5.307573526084319 9
0004 0006 3 1671178273390469 -48.8125 -68.0 0.6933593161243098 9
0004 0001 4 1671178273425842 62.625 -68.0 0.5154175447295755 9
0004 0014 4 1671178273426787 -9.75 -62.0 3.834951969714103 9
0004 0004 4 1671178273428216 19.5 -63.0 4.853515212870168 9
0004 0005 4 1671178273429393 19.5 -61.0 0.02454369260617026 9
0004 0015 4 1671178273430852 -17.0625 -71.0 3.9638063558964967 9
0004 0009 4 1671178273432271 26.0 -62.5 1.214912784005428 9
0004 0010 4 1671178273433502 55.3125 -72.0 3.552699504743145 9
0004 0011 4 1671178273435541 -24.375 -65.5 4.8351074434155406 9
0004 0007 4 1671178273436608 52.0625 -72.0 2.3746022596469727 9
0004 0005 5 1671178273476227 58.5625 -67.0 2.7550294950426117 9
0004 0002 5 1671178273480813 136.6875 -72.5 2.2396119503130363 9
0004 0007 5 1671178273481719 159.5 -67.0 4.994641445355648 9
0004 0014 5 1671178273485225 156.1875 -68.5 1.4358060174609601 9
0004 0003 5 1671178273486146 87.875 -71.5 4.454680208019902 9
0004 0015 5 1671178273487345 -6.5 -68.0 2.761165418194154 9
0004 0004 6 1671178273516623 9.75 -62.5 3.5036121195308043 9
0004 0003 6 1671178273517546 -13.0 -71.5 4.0558452031696355 9
0004 0005 6 1671178273519954 133.4375 -68.0 2.2334760271614935 9
0004 0002 6 1671178273521502 -26.0 -69.5 5.252350217720435 9
0004 0014 6 1671178273524279 130.1875 -72.5 3.2888548092268146 9
0004 0015 7 1671178273549189 -39.0 -63.5 5.436427912266712 9
0004 0004 7 1671178273550094 6.5 -68.0 4.552854978444583 9
0004 0006 7 1671178273553801 19.5 -70.5 1.5401167110371838 9
0004 0012 1 1671178273795892 22.75 -61.5 0.6994952392758523 9
0004 0014 1 1671178273799056 -162.75 -67.5 0.2454369260617026 9
0004 0012 2 1671178273845065 -29.25 -71.0 1.8407769454627694 9
0004 0004 3 1671178273877267 110.625 -67.0 4.608078286808466 9
0004 0015 3 1671178273879172 -48.8125 -65.0 1.6321555583103222 9
0004 0009 3 1671178273880602 26.0 -65.5 2.0923497946760143 9
0004 0010 3 1671178273881776 133.4375 -62.5 1.6873788666742053 9
0004 0008 3 1671178273883022 -22.75 -65.5 0.944932165337555 9
0004 0005 3 1671178273884202 -39.0 -65.5 5.8045833013592665 9
0004 0011 3 1671178273885402 34.9375 -63.5 1.3314953238847365 9
0004 0011 4 1671178273916174 0.0 -54.5 0.8467573949128739 9
0004 0005 4 1671178273917355 -9.75 -55.0 5.681864838328415 9
0004 0015 4 1671178273918500 17.0625 -66.0 5.301437602932776 9
0004 0003 4 1671178273919679 61.8125 -69.5 0.35588354278946877 9
0004 0004 4 1671178273920641 26.0 -57.5 1.5401167110371838 9
0004 0010 4 1671178273922323 -13.0 -60.5 0.12885438618239387 9
0004 0008 4 1671178273923500 -52.0625 -63.5 5.829126993965437 9
0004 0009 4 1671178273924486 0.0 -56.0 5.50392306693368 9
0004 0001 4 1671178273925523 -24.375 -65.0 5.6573211457222445 9
0004 0007 4 1671178273926459 97.625 -64.5 1.1719613219446299 9
0004 0014 4 1671178273927606 -61.8125 -60.0 2.9391071895888885 9
0004 0000 4 1671178273929664 -198.5625 -72.0 0.5522330836388308 9
0004 0014 5 1671178273955908 61.8125 -62.0 4.7860200582032 9
0004 0004 5 1671178273957114 -71.5625 -66.5 5.675728915176872 9
0004 0012 5 1671178273958827 -48.8125 -62.0 5.295301679781233 9
0004 0007 5 1671178273960031 9.75 -67.5 2.350058567040802 9
0004 0002 5 1671178273971964 -84.625 -71.5 5.154175447295755 9
0004 0001 5 1671178273977082 -180.625 -72.5 5.043728830567988 9
0004 0003 5 1671178273983022 97.625 -72.5 0.9633399347921826 9
0004 0004 6 1671178274015845 -48.8125 -63.0 3.399301425954581 9
0004 0015 6 1671178274016764 -76.4375 -70.0 2.552544031041707 9
0004 0005 6 1671178274017696 0.0 -71.0 4.528311285838413 9
0004 0014 7 1671178274046394 -123.6875 -68.5 5.626641529964532 9
0004 0012 7 1671178274048206 -19.5 -61.5 1.380582709097077 9
0004 0004 7 1671178274049383 65.0625 -68.0 0.6810874698212247 9
0004 0015 7 1671178274051637 182.25 -66.5 2.4605051837685683 9
0004 0012 8 1671178274078803 -32.5 -64.5 6.234097921967246 9
