0004 0008 1 1671090012886638 -29.25 -66.5 2.2886993355253766 0
0004 0005 1 1671090012887574 19.5 -69.5 3.7122335066832517 0
0004 0010 1 1671090012888537 45.5625 -68.5 2.2764274892222915 0
0004 0003 1 1671090012889703 58.5625 -70.5 0.30066023442558565 0
0004 0009 1 1671090012890665 -81.375 -61.5 4.276738436625168 0
0004 0004 1 1671090012892053 16.25 -65.5 5.0253210611133605 0
0004 0000 1 1671090012895312 -58.5625 -74.0 4.718524903536232 0
0004 0015 1 1671090012896514 26.0 -64.5 1.2946797849754812 0
0004 0007 1 1671090012897493 -42.3125 -65.5 4.675573441475434 0
0004 0013 1 1671090012898501 -65.0625 -67.0 4.331961744989051 0
0004 0012 1 1671090012899436 -58.5625 -69.5 4.442408361716817 0
0004 0000 2 1671090012926034 -195.25 -71.5 5.706408530934585 0
0004 0012 2 1671090012927502 3.25 -59.5 1.3069516312785663 0
0004 0014 2 1671090012929172 6.5 -61.5 2.6323110320117604 0
0004 0009 2 1671090012931216 -42.3125 -62.0 1.0185632431560658 0
0004 0013 2 1671090012932648 -52.0625 -63.0 2.564815877344792 0
0004 0004 2 1671090012935214 -13.0 -69.0 4.534447208989955 0
0004 0010 2 1671090012936596 -9.75 -62.0 5.688000761479957 0
0004 0011 2 1671090012938934 34.9375 -64.0 2.4605051837685683 0
0004 0002 2 1671090012944250 -87.875 -67.5 6.111379458936394 0
0004 0015 2 1671090012945795 -205.0625 -69.0 2.9943304979527716 0
0004 0003 2 1671090012948430 3.25 -72.5 2.742757648739526 0
0004 0005 2 1671090012960728 341.75 -72.0 0.9326603190344698 0
0004 0007 3 1671090012986325 162.75 -70.5 2.816388726558037 0
0004 0015 3 1671090012988590 58.5625 -64.0 5.540738605842936 0
0004 0015 4 1671090013016377 0.0 -61.0 1.7426021750380885 0
0004 0007 4 1671090013019323 48.8125 -70.5 0.030679615757712823 0
0004 0005 4 1671090013020273 -68.3125 -70.0 5.148039524144211 0
0004 0004 4 1671090013021657 -22.75 -71.0 1.086058397823034 0
0004 0007 5 1671090013045784 -35.75 -69.5 0.6994952392758523 0
0004 0002 5 1671090013048099 29.25 -66.0 4.4362724385652745 0
0004 0012 5 1671090013049035 175.75 -70.5 5.700272607783043 0
0004 0006 5 1671090013050469 -149.6875 -69.5 4.651029748869264 0
0004 0014 5 1671090013051673 -32.5 -63.5 1.8837284075235674 0
0004 0015 5 1671090013053033 87.875 -71.5 5.546874528994478 0
0004 0004 6 1671090013076391 16.25 -65.0 3.834951969714103 0
0004 0005 6 1671090013078181 -133.4375 -73.5 0.7915340865489908 0
0004 0014 6 1671090013079684 42.3125 -65.5 2.442097414313941 0
0004 0006 6 1671090013080614 0.0 -58.5 4.442408361716817 0
0004 0010 7 1671090013105882 65.0625 -65.0 4.006757817957295 0
0004 0006 7 1671090013107084 61.8125 -60.5 0.803805932852076 0
0004 0011 7 1671090013108327 208.3125 -64.5 1.5830681730979816 0
0004 0004 7 1671090013109287 22.75 -57.5 1.4419419406125027 0
0004 0002 7 1671090013112836 -61.8125 -65.0 3.2581751934691017 0
0004 0015 7 1671090013113797 -30.875 -71.0 4.509903516383785 0
0004 0001 7 1671090013115717 -17.0625 -70.5 0.21475731030398976 0
0004 0008 7 1671090013120160 -195.25 -71.0 2.4850488763747385 0
0004 0013 8 1671090013146913 16.25 -61.0 5.553010452146021 0
0004 0004 8 1671090013147977 -13.0 -63.5 3.865631585471816 0
0004 0009 8 1671090013149478 -13.0 -62.0 4.1172044346850605 0
0004 0015 8 1671090013150440 45.5625 -69.5 0.2699806186678728 0
0004 0010 8 1671090013151374 39.0 -57.5 1.055378782065321 0
0004 0006 8 1671090013152307 -3.25 -61.5 3.80427235395639 0
0004 0012 8 1671090013153199 -32.5 -60.0 2.2948352586769194 0
0004 0008 8 1671090013154246 -61.8125 -67.0 1.9696313316451632 0
0004 0014 8 1671090013155689 6.5 -64.5 2.5280003384355365 0
0004 0011 8 1671090013157811 45.5625 -69.5 0.04295146206079795 0
0004 0005 8 1671090013158778 -65.0625 -72.0 0.02454369260617026 0
0004 0003 1 1671090013377208 16.25 -69.5 0.4172427743048944 0
0004 0012 1 1671090013378427 -78.0625 -70.0 4.577398671050753 0
0004 0007 1 1671090013380098 -68.3125 -66.5 4.706253057233147 0
0004 0004 1 1671090013383803 -6.5 -66.5 5.154175447295755 0
0004 0000 1 1671090013384993 -3.25 -72.0 4.479223900626073 0
0004 0013 1 1671090013386413 -104.125 -67.0 4.3933209765044765 0
0004 0008 1 1671090013387391 52.0625 -66.5 2.184388641949153 0
0004 0005 1 1671090013388682 -81.375 -67.5 3.8963112012295285 0
0004 0009 1 1671090013389941 -3.25 -61.0 4.540583132141498 0
0004 0015 1 1671090013391233 -29.25 -64.5 1.3192234775816514 0
0004 0010 1 1671090013392566 61.8125 -67.5 2.380738182798515 0
0004 0013 2 1671090013416768 55.3125 -63.5 2.399145952253143 0
0004 0000 2 1671090013417707 -322.25 -71.0 6.154330920997192 0
0004 0012 2 1671090013418935 3.25 -59.0 1.3437671701878218 0
0004 0009 2 1671090013421295 68.3125 -61.0 1.0983302441261191 0
0004 0010 2 1671090013422256 9.75 -62.0 5.767767762450011 0
0004 0014 2 1671090013423445 -3.25 -62.0 2.662990647769473 0
0004 0015 2 1671090013424650 -120.4375 -69.0 2.8409324191642074 0
0004 0011 2 1671090013425553 -27.625 -63.5 2.6875343403756435 0
0004 0002 2 1671090013430132 61.8125 -70.0 6.068427996875596 0
0004 0004 2 1671090013434687 71.5625 -70.0 4.276738436625168 0
0004 0015 3 1671090013457993 -133.4375 -64.5 5.890486225480862 0
0004 0007 3 1671090013459301 247.375 -69.0 2.4850488763747385 0
0004 0007 4 1671090013486044 6.5 -70.5 0.07363107781851078 0
0004 0004 4 1671090013488088 84.625 -70.5 1.055378782065321 0
0004 0015 4 1671090013489842 19.5 -61.0 1.6873788666742053 0
0004 0005 4 1671090013490751 -19.5 -69.5 5.098952138931871 0
0004 0014 5 1671090013517220 65.0625 -63.5 1.6935147898257479 0
0004 0002 5 1671090013518441 42.3125 -66.5 4.491495746929157 0
0004 0006 5 1671090013520129 -61.8125 -69.5 4.3933209765044765 0
0004 0012 5 1671090013521408 123.6875 -69.5 5.872078456026235 0
0004 0015 5 1671090013522371 -250.625 -71.5 5.970253226450915 0
0004 0007 5 1671090013523970 -126.9375 -69.0 0.8222137023067037 0
0004 0004 6 1671090013545841 3.25 -66.0 3.890175278077986 0
0004 0006 6 1671090013547061 -22.75 -58.5 4.534447208989955 0
0004 0014 6 1671090013550067 -6.5 -66.0 2.429825568010856 0
0004 0015 7 1671090013586350 -113.875 -69.5 4.865787059173254 0
0004 0006 7 1671090013587313 -16.25 -60.5 0.9142525495798421 0
0004 0002 7 1671090013588573 22.75 -64.0 3.1968159619536762 0
0004 0004 7 1671090013589760 6.5 -57.5 1.4664856332186729 0
0004 0009 7 1671090013592767 -126.9375 -71.0 3.663146121470911 0
0004 0001 7 1671090013593965 73.1875 -68.5 0.07363107781851078 0
0004 0008 7 1671090013594911 -21.125 -70.0 2.2396119503130363 0
0004 0011 7 1671090013595829 -83.0 -64.0 2.024854640009046 0
0004 0010 7 1671090013597016 -19.5 -64.0 4.178563666200486 0
0004 0008 8 1671090013626370 143.1875 -67.5 1.6689710972195777 0
0004 0014 8 1671090013627885 16.25 -64.0 2.4727770300716534 0
0004 0015 8 1671090013629062 45.5625 -70.0 0.23316507975861744 0
0004 0013 8 1671090013630023 22.75 -61.0 5.534602682691394 0
0004 0004 8 1671090013631000 -9.75 -63.5 3.859495662320273 0
0004 0006 8 1671090013631965 -26.0 -61.5 3.785864584501762 0
0004 0010 8 1671090013632940 29.25 -58.0 1.0737865515199487 0
0004 0012 8 1671090013633888 -16.25 -60.0 2.282563412373834 0
0004 0005 8 1671090013635208 94.375 -70.0 6.129787228391022 0
0004 0009 8 1671090013636171 -13.0 -61.0 4.381049130201391 0
0004 0011 8 1671090013637102 17.0625 -70.0 0.1227184630308513 0
0004 0009 1 1671090013855800 -9.75 -60.5 4.491495746929157 0
0004 0015 1 1671090013857287 45.5625 -64.5 1.2210487071569704 0
0004 0004 1 1671090013860325 -16.25 -66.0 5.154175447295755 0
0004 0010 1 1671090013861808 22.75 -69.0 2.411417798556228 0
0004 0007 1 1671090013864361 55.3125 -66.0 4.485359823777615 0
0004 0008 1 1671090013866666 -58.5625 -67.0 2.2764274892222915 0
0004 0012 1 1671090013867896 13.0 -71.0 4.3503695144436785 0
0004 0013 1 1671090013869190 -113.875 -66.5 4.381049130201391 0
0004 0003 1 1671090013870127 -58.5625 -70.0 0.34974761963792617 0
0004 0005 1 1671090013871559 71.5625 -69.0 3.5465635815916023 0
0004 0000 1 1671090013873973 81.375 -73.5 4.405592822807561 0
0004 0000 2 1671090013896790 -94.375 -69.5 5.4671075280244255 0
0004 0012 2 1671090013898066 58.5625 -59.5 1.2026409377023426 0
0004 0002 2 1671090013899910 -107.375 -68.5 6.234097921967246 0
0004 0014 2 1671090013901524 71.5625 -61.5 2.4850488763747385 0
0004 0011 2 1671090013902441 -38.1875 -63.5 2.5341362615870793 0
0004 0013 2 1671090013903874 120.4375 -64.0 2.3439226438892597 0
0004 0010 2 1671090013907466 -52.0625 -62.0 5.737088146692298 0
0004 0009 2 1671090013908766 -9.75 -61.0 1.1167380135807468 0
0004 0015 2 1671090013910423 201.8125 -69.5 2.3009711818284617 0
0004 0003 2 1671090013916007 224.5625 -71.0 1.8285050991596843 0
0004 0007 3 1671090013957950 175.75 -69.0 2.5770877236478773 0
0004 0015 3 1671090013959504 19.5 -64.0 5.546874528994478 0
0004 0007 4 1671090013987328 -42.3125 -71.0 0.17794177139473438 0
0004 0015 4 1671090013988272 6.5 -61.0 1.748738098189631 0
0004 0004 4 1671090013989152 61.8125 -72.0 1.141281706186917 0
0004 0005 4 1671090013992384 -19.5 -69.5 5.049864753719531 0
0004 0007 5 1671090014015912 19.5 -69.0 0.7424467013366504 0
0004 0014 5 1671090014016947 -39.0 -63.0 1.8223691760081417 0
0004 0002 5 1671090014018124 -3.25 -66.5 4.620350133111551 0
0004 0006 5 1671090014020776 71.5625 -70.0 4.405592822807561 0
0004 0012 5 1671090014024900 -61.8125 -70.5 6.154330920997192 0
0004 0015 5 1671090014026330 45.5625 -69.5 5.651185222570702 0
0004 0014 6 1671090014047030 3.25 -66.0 2.4605051837685683 0
0004 0006 6 1671090014053520 -6.5 -59.0 4.540583132141498 0
0004 0004 6 1671090014055068 -39.0 -66.0 4.04357335686655 0
0004 0010 7 1671090014087263 55.3125 -65.0 4.031301510563465 0
0004 0004 7 1671090014088238 26.0 -57.5 1.41126232485479 0
0004 0006 7 1671090014089172 -13.0 -61.0 0.9203884727313847 0
0004 0002 7 1671090014090139 45.5625 -64.0 3.0925052683774528 0
0004 0011 7 1671090014091083 76.4375 -64.5 1.8039614065535141 0
0004 0001 7 1671090014093177 52.0625 -68.5 0.2086213871524472 0
0004 0009 7 1671090014095028 -87.875 -68.5 3.3502140407422405 0
0004 0008 7 1671090014097308 -136.6875 -72.5 2.2948352586769194 0
0004 0015 7 1671090014099293 6.5 -71.0 4.528311285838413 0
0004 0005 8 1671090014125813 39.0 -71.0 6.2463697682703305 0
0004 0014 8 1671090014127075 35.75 -64.0 2.509592568980909 0
0004 0011 8 1671090014128006 41.5 -70.0 0.1043106935762236 0
0004 0004 8 1671090014130636 -45.5625 -63.5 3.9085830475326135 0
0004 0015 8 1671090014131825 45.5625 -69.5 0.15339807878856412 0
0004 0013 8 1671090014132999 26.0 -61.0 5.534602682691394 0
0004 0006 8 1671090014133932 -9.75 -61.5 3.822680123411018 0
0004 0012 8 1671090014134880 3.25 -60.5 2.2518837966161214 0
0004 0010 8 1671090014135828 22.75 -57.5 1.1044661672776617 0
0004 0009 8 1671090014136744 0.0 -61.0 4.325825821837508 0
0004 0008 8 1671090014139130 -3.25 -67.5 1.88986433067511 0
0004 0010 1 1671090014357216 9.75 -69.0 2.3193789512830896 0
0004 0005 1 1671090014358467 -58.5625 -67.5 3.663146121470911 0
0004 0007 1 1671090014360690 -65.0625 -66.0 4.669437518323892 0
0004 0009 1 1671090014361622 -22.75 -61.0 4.4362724385652745 0
0004 0012 1 1671090014362542 -13.0 -69.5 4.473087977474529 0
0004 0004 1 1671090014363435 -94.375 -66.0 5.240078371417351 0
0004 0013 1 1671090014365535 71.5625 -67.0 4.154019973594316 0
0004 0008 1 1671090014366583 87.875 -66.5 1.9634954084936207 0
0004 0015 1 1671090014368066 22.75 -64.0 1.239456476611598 0
0004 0003 1 1671090014369005 58.5625 -70.5 0.1349903093339364 0
0004 0000 1 1671090014372325 -100.875 -72.0 4.522175362686871 0
0004 0013 2 1671090014400525 113.875 -63.5 2.2518837966161214 0
0004 0014 2 1671090014401530 48.8125 -61.5 2.6384469551633027 0
0004 0009 2 1671090014403242 26.0 -61.0 1.0492428589137786 0
0004 0015 2 1671090014404206 -139.9375 -69.5 2.8102528034064944 0
0004 0010 2 1671090014407544 -84.625 -62.0 5.724816300389213 0
0004 0012 2 1671090014408804 42.3125 -59.0 1.2210487071569704 0
0004 0011 2 1671090014410300 -13.8125 -63.5 2.5402721847386216 0
0004 0002 2 1671090014411281 -61.8125 -68.0 6.111379458936394 0
0004 0000 2 1671090014415430 -52.0625 -70.0 5.638913376267617 0
0004 0004 2 1671090014427166 65.0625 -68.5 4.246058820867455 0
0004 0005 2 1671090014441582 22.75 -70.5 1.1106020904292042 0
0004 0003 2 1671090014446487 -231.0625 -71.5 2.7857091108003242 0
0004 0015 3 1671090014465852 65.0625 -65.0 5.491651220630596 0
0004 0007 3 1671090014468423 113.875 -70.0 2.9206994201342606 0
0004 0015 4 1671090014496553 29.25 -61.0 1.7241944055834606 0
0004 0005 4 1671090014499236 -29.25 -69.5 5.105088062083414 0
0004 0007 4 1671090014507424 42.3125 -70.0 0.1595340019401067 0
0004 0004 4 1671090014508809 55.3125 -71.5 1.0492428589137786 0
0004 0002 5 1671090014536350 -71.5625 -66.0 4.822835597112456 0
0004 0012 5 1671090014538678 55.3125 -70.0 6.19728238305799 0
0004 0014 5 1671090014539754 -13.0 -64.0 1.748738098189631 0
0004 0015 5 1671090014540929 13.8125 -71.5 5.712544454086128 0
0004 0006 5 1671090014546482 -58.5625 -69.0 4.626486056263094 0
0004 0007 5 1671090014547432 110.625 -70.5 0.619728238305799 0
0004 0005 6 1671090014577264 6.5 -75.0 0.8651651643675016 0
0004 0006 6 1671090014580465 9.75 -58.5 4.571262747899211 0
0004 0004 6 1671090014581784 -9.75 -66.0 3.9576704327449543 0
0004 0014 6 1671090014582919 78.0625 -66.0 2.3316507975861747 0
0004 0008 7 1671090014606352 -192.0 -71.0 2.448233337465483 0
0004 0010 7 1671090014607523 -7.3125 -64.5 4.049709280018092 0
0004 0002 7 1671090014608450 -45.5625 -64.0 3.2213596545598464 0
0004 0011 7 1671090014609651 -24.375 -65.0 1.9082721001297376 0
0004 0004 7 1671090014610556 6.5 -57.5 1.41126232485479 0
0004 0006 7 1671090014611735 58.5625 -61.0 0.7731263170943632 0
0004 0001 7 1671090014615122 65.875 -68.5 6.2034183062095325 0
0004 0015 7 1671090014618059 -13.0 -70.0 4.620350133111551 0
0004 0009 8 1671090014647245 -3.25 -62.5 4.049709280018092 0
0004 0008 8 1671090014648408 61.8125 -67.0 1.7119225592803755 0
0004 0004 8 1671090014649413 -13.0 -63.5 3.859495662320273 0
0004 0014 8 1671090014650569 9.75 -64.0 2.5709518004963345 0
0004 0013 8 1671090014651546 -3.25 -61.0 5.559146375297564 0
0004 0010 8 1671090014652482 45.5625 -58.0 1.0369710126106935 0
0004 0005 8 1671090014653498 0.0 -70.0 6.129787228391022 0
0004 0012 8 1671090014654958 22.75 -60.0 2.227340104009951 0
0004 0011 8 1671090014656033 30.875 -70.0 0.006135923151542565 0
0004 0006 8 1671090014656967 13.0 -61.5 3.767456815047135 0
0004 0015 8 1671090014658480 -32.5 -70.0 0.3374757733348411 0
0004 0012 1 1671090014877006 -68.3125 -69.5 4.577398671050753 0
0004 0003 1 1671090014877956 -9.75 -70.5 0.11044661672776616 0
0004 0015 1 1671090014880786 13.0 -64.0 1.2455923997631406 0
0004 0010 1 1671090014882332 22.75 -69.0 2.116893487282185 0
0004 0013 1 1671090014883284 -107.375 -67.0 4.28287435977671 0
0004 0007 1 1671090014885717 22.75 -65.5 4.516039439535327 0
0004 0004 1 1671090014887075 -22.75 -66.0 5.049864753719531 0
0004 0009 1 1671090014888265 -42.3125 -61.5 4.135612204139688 0
0004 0005 1 1671090014889246 -78.0625 -68.0 3.730641276137879 0
0004 0000 1 1671090014890366 81.375 -73.0 4.601942363656923 0
0004 0008 1 1671090014891359 149.6875 -66.5 1.7303303287350031 0
0004 0015 2 1671090014915802 -123.6875 -68.5 2.84706834231575 0
0004 0000 2 1671090014916793 -42.3125 -72.0 5.411884219660542 0
0004 0013 2 1671090014919003 -87.875 -64.0 2.6139032625571326 0
0004 0009 2 1671090014920177 26.0 -62.0 0.7976700097005334 0
0004 0011 2 1671090014922129 55.3125 -63.5 2.36846633649543 0
0004 0012 2 1671090014923105 -13.0 -59.5 1.2455923997631406 0
0004 0002 2 1671090014924202 -146.4375 -69.5 5.9518454569962875 0
0004 0010 2 1671090014925104 -6.5 -62.0 5.5714182216006485 0
0004 0014 2 1671090014926858 13.0 -61.5 2.6139032625571326 0
0004 0004 2 1671090014929231 -26.0 -69.5 4.3503695144436785 0
0004 0003 2 1671090014943002 -335.25 -73.0 2.7120780329818137 0
0004 0005 2 1671090014945259 -45.5625 -70.5 1.2701360923693108 0
0004 0007 3 1671090014966357 -68.3125 -69.5 3.184544115650591 0
0004 0015 3 1671090014969875 -78.0625 -65.0 5.730952223540755 0
0004 0007 4 1671090014996878 39.0 -72.0 0.14112623248547898 0
0004 0004 4 1671090014997923 0.0 -71.5 1.1965050145508 0
0004 0015 4 1671090014999085 -3.25 -61.0 1.7303303287350031 0
0004 0005 4 1671090015000716 -13.0 -70.0 5.092816215780329 0
0004 0014 5 1671090015026356 45.5625 -63.5 1.846912868614312 0
0004 0006 5 1671090015027860 -139.9375 -69.0 4.773748211900116 0
0004 0002 5 1671090015028783 -48.8125 -66.5 4.896466674930966 0
0004 0012 5 1671090015030424 94.375 -71.0 5.927301764390117 0
0004 0015 5 1671090015031371 19.5 -72.0 5.945709533844745 0
0004 0007 5 1671090015033518 84.625 -70.0 0.6933593161243098 0
0004 0004 6 1671090015060885 -97.625 -66.0 4.154019973594316 0
0004 0014 6 1671090015062118 26.0 -65.5 2.435961491162398 0
0004 0006 6 1671090015063095 -6.5 -59.0 4.589670517353839 0
0004 0005 6 1671090015064146 -42.3125 -73.5 0.8467573949128739 0
0004 0010 7 1671090015086190 -52.0625 -65.5 4.074252972624263 0
0004 0002 7 1671090015087106 0.0 -64.5 3.147728576741336 0
0004 0015 7 1671090015088738 -42.3125 -70.5 4.583534594202296 0
0004 0006 7 1671090015091075 -42.3125 -61.0 0.8897088569736719 0
0004 0004 7 1671090015093797 -35.75 -57.0 1.4358060174609601 0
0004 0011 7 1671090015094743 -13.8125 -64.5 1.748738098189631 0
0004 0001 7 1671090015096214 100.875 -68.5 6.111379458936394 0
0004 0008 7 1671090015103096 -426.375 -70.5 2.5709518004963345 0
0004 0013 8 1671090015125960 3.25 -61.0 5.5100589900852235 0
0004 0010 8 1671090015127122 -45.5625 -58.0 1.1044661672776617 0
0004 0009 8 1671090015128014 -45.5625 -63.0 4.06811704947272 0
0004 0006 8 1671090015130787 -42.3125 -61.5 3.816544200259475 0
0004 0014 8 1671090015131748 -6.5 -64.0 2.5893595699509624 0
0004 0012 8 1671090015132753 16.25 -60.0 2.2089323345553233 0
0004 0008 8 1671090015134156 26.0 -67.5 1.8223691760081417 0
0004 0011 8 1671090015135101 117.9375 -71.0 6.252505691421874 0
0004 0004 8 1671090015138023 -26.0 -63.0 3.7981364308048478 0
0004 0005 8 1671090015139396 -29.25 -71.0 6.227961998815704 0
0004 0015 8 1671090015140330 126.9375 -70.0 0.20248546400090464 0
0004 0007 1 1671090015355868 -45.5625 -66.0 4.626486056263094 0
0004 0003 1 1671090015357329 9.75 -70.5 0.1718058482431918 0
0004 0013 1 1671090015358280 -26.0 -67.5 4.215379205109742 0
0004 0015 1 1671090015359226 35.75 -64.5 1.227184630308513 0
0004 0004 1 1671090015360629 -35.75 -67.0 5.111223985234957 0
0004 0009 1 1671090015361593 -55.3125 -61.0 4.417864669110647 0
0004 0005 1 1671090015362501 -61.8125 -68.0 3.5895150436524004 0
0004 0008 1 1671090015363674 13.0 -67.5 1.9819031779482483 0
0004 0012 1 1671090015364823 -26.0 -70.0 4.387185053352934 0
0004 0010 1 1671090015365759 52.0625 -68.5 2.1537090261914402 0
0004 0000 1 1671090015370223 136.6875 -73.0 4.3503695144436785 0
0004 0013 2 1671090015396024 45.5625 -63.5 2.386874105950058 0
0004 0012 2 1671090015396941 -6.5 -58.5 1.2701360923693108 0
0004 0009 2 1671090015398115 -13.0 -61.0 0.8835729338221293 0
0004 0010 2 1671090015400334 -9.75 -62.5 5.602097837358362 0
0004 0014 2 1671090015402263 -13.0 -61.5 2.6261751088602177 0
0004 0000 2 1671090015403865 -26.0 -70.5 5.5100589900852235 0
0004 0011 2 1671090015404854 69.125 -64.0 2.423689644859313 0
0004 0005 2 1671090015410239 -192.0 -70.0 1.3621749396424494 0
0004 0002 2 1671090015412478 29.25 -70.0 5.872078456026235 0
0004 0015 2 1671090015414145 -48.8125 -69.0 2.6261751088602177 0
0004 0004 2 1671090015415334 26.0 -68.5 4.190835512503572 0
0004 0003 2 1671090015417084 107.375 -71.0 2.067806102069844 0
0004 0007 3 1671090015436138 -26.0 -69.5 2.8409324191642074 0
0004 0015 3 1671090015438193 32.5 -64.5 5.5284667595398505 0
0004 0004 4 1671090015476856 -32.5 -70.0 1.3989904785517047 0
0004 0007 4 1671090015478432 81.375 -71.5 0.04908738521234052 0
0004 0015 4 1671090015479644 0.0 -61.0 1.7303303287350031 0
0004 0005 4 1671090015480882 39.0 -69.5 5.019185137961818 0
0004 0012 5 1671090015506206 3.25 -70.5 5.976389149602458 0
0004 0007 5 1671090015507882 117.125 -68.5 0.7915340865489908 0
0004 0015 5 1671090015509656 214.8125 -71.5 5.240078371417351 0
0004 0014 5 1671090015510587 9.75 -63.5 1.6812429435226628 0
0004 0006 5 1671090015512290 -97.625 -69.0 4.626486056263094 0
0004 0002 5 1671090015513484 -81.375 -67.5 4.859651136021712 0
0004 0004 6 1671090015537251 -35.75 -66.0 4.031301510563465 0
0004 0014 6 1671090015538271 -3.25 -65.5 2.4175537217077703 0
0004 0006 6 1671090015540565 -35.75 -59.5 4.651029748869264 0
0004 0006 7 1671090015586228 9.75 -61.0 0.8222137023067037 0
0004 0002 7 1671090015587409 -68.3125 -64.0 3.1968159619536762 0
0004 0010 7 1671090015588329 35.75 -64.5 4.01902966426038 0
0004 0004 7 1671090015590323 -13.0 -57.5 1.3867186322486196 0
0004 0008 7 1671090015591287 78.0625 -71.0 2.0800779483729293 0
0004 0001 7 1671090015595263 -201.8125 -69.0 0.2699806186678728 0
0004 0011 7 1671090015596447 27.625 -64.5 1.718058482431918 0
0004 0015 7 1671090015602946 -93.5625 -69.5 4.755340442445488 0
0004 0009 7 1671090015604560 -123.6875 -70.0 3.466796580621549 0
0004 0013 8 1671090015626270 -16.25 -61.0 5.577554144752192 0
0004 0010 8 1671090015627670 26.0 -58.0 1.0676506283684062 0
0004 0015 8 1671090015628860 -35.75 -69.0 0.30679615757712825 0
0004 0008 8 1671090015630503 42.3125 -66.5 1.7548740213411735 0
0004 0011 8 1671090015631491 30.875 -69.5 0.1043106935762236 0
0004 0012 8 1671090015633850 -19.5 -60.0 2.2518837966161214 0
0004 0004 8 1671090015634786 55.3125 -63.0 3.718369429834794 0
0004 0009 8 1671090015636188 -26.0 -61.5 4.319689898685965 0
0004 0006 8 1671090015637096 -58.5625 -61.5 3.847223816017188 0
0004 0014 8 1671090015639285 -19.5 -63.5 2.5586799541932495 0
0004 0005 8 1671090015640208 68.3125 -70.0 5.964117303299373 0
0004 0009 1 1671090015855854 -35.75 -60.5 4.430136515413731 0
0004 0008 1 1671090015856775 97.625 -68.0 1.8100973297050567 0
0004 0010 1 1671090015858928 58.5625 -68.0 2.1905245651006955 0
0004 0005 1 1671090015859878 78.0625 -67.5 3.3870295796514958 0
0004 0013 1 1671090015861099 -185.5 -66.5 4.411728745959104 0
0004 0003 1 1671090015862038 -227.8125 -70.0 0.607456392002714 0
0004 0000 1 1671090015863497 -126.9375 -73.5 4.853515212870168 0
0004 0004 1 1671090015866061 -3.25 -66.5 5.062136600022616 0
0004 0015 1 1671090015867264 -3.25 -64.0 1.3130875544301088 0
0004 0007 1 1671090015868288 65.0625 -66.0 4.485359823777615 0
0004 0012 1 1671090015870739 -65.0625 -70.5 4.3503695144436785 0
0004 0009 2 1671090015895901 94.375 -60.5 0.8528933180644165 0
0004 0000 2 1671090015897092 74.8125 -70.0 5.491651220630596 0
0004 0014 2 1671090015898830 55.3125 -61.5 2.5464081078901644 0
0004 0013 2 1671090015900064 -42.3125 -64.0 2.5709518004963345 0
0004 0012 2 1671090015902868 55.3125 -59.5 1.1780972450961724 0
0004 0003 2 1671090015904290 -794.25 -73.5 3.2520392703175593 0
0004 0011 2 1671090015905291 -104.125 -63.5 2.6200391857086753 0
0004 0004 2 1671090015907131 29.25 -69.0 4.411728745959104 0
0004 0010 2 1671090015908079 71.5625 -62.5 5.368932757599744 0
0004 0002 2 1671090015909117 26.0 -69.0 5.712544454086128 0
0004 0015 2 1671090015912886 182.25 -69.0 2.423689644859313 0
0004 0005 2 1671090015919868 91.125 -70.5 0.8774370106705868 0
0004 0007 3 1671090015947471 -61.8125 -70.0 2.9206994201342606 0
0004 0015 3 1671090015949283 -74.8125 -64.0 5.681864838328415 0
0004 0005 4 1671090015976695 35.75 -69.5 5.092816215780329 0
0004 0015 4 1671090015977969 19.5 -60.5 1.7119225592803755 0
0004 0004 4 1671090015979175 35.75 -71.0 1.1903690913992575 0
0004 0007 4 1671090015982432 19.5 -72.0 0.1227184630308513 0
0004 0014 5 1671090016007224 0.0 -63.0 1.7794177139473437 0
0004 0012 5 1671090016008165 292.9375 -70.0 5.700272607783043 0
0004 0015 5 1671090016009578 -22.75 -71.0 5.810719224510809 0
0004 0002 5 1671090016010803 -58.5625 -66.5 4.908738521234052 0
0004 0007 5 1671090016011723 9.75 -69.0 0.9203884727313847 0
0004 0006 5 1671090016013074 35.75 -68.5 4.3503695144436785 0
0004 0014 6 1671090016036322 9.75 -65.0 2.448233337465483 0
0004 0004 6 1671090016037316 -78.0625 -66.0 4.04357335686655 0
0004 0006 6 1671090016039366 -3.25 -59.5 4.638757902566179 0
0004 0005 6 1671090016043819 113.875 -74.5 0.7547185476397354 0
0004 0009 7 1671090016066955 78.0625 -69.0 3.2827188860752723 0
0004 0004 7 1671090016068795 9.75 -57.5 1.4173982480063325 0
0004 0006 7 1671090016070818 0.0 -60.5 0.8958447801252144 0
0004 0010 7 1671090016072393 -3.25 -64.0 4.154019973594316 0
0004 0002 7 1671090016073754 -32.5 -64.5 3.1906800388021335 0
0004 0011 7 1671090016075236 142.375 -64.5 1.6566992509164924 0
0004 0008 7 1671090016076267 -3.25 -71.5 2.116893487282185 0
0004 0015 7 1671090016078376 3.25 -70.0 4.663301595172349 0
0004 0001 7 1671090016080601 83.0 -69.0 0.07363107781851078 0
0004 0011 8 1671090016106389 73.1875 -70.0 0.04908738521234052 0
0004 0010 8 1671090016109357 19.5 -58.0 1.0983302441261191 0
0004 0006 8 1671090016110321 -16.25 -62.0 3.816544200259475 0
0004 0008 8 1671090016111241 -32.5 -67.0 1.9082721001297376 0
0004 0013 8 1671090016112574 35.75 -61.0 5.522330836388308 0
0004 0012 8 1671090016113493 26.0 -60.5 2.2027964114037806 0
0004 0005 8 1671090016114429 16.25 -70.5 6.264777537724958 0
0004 0009 8 1671090016115591 -55.3125 -61.0 4.454680208019902 0
0004 0014 8 1671090016116780 -13.0 -63.5 2.5341362615870793 0
0004 0004 8 1671090016117843 -32.5 -63.0 3.8717675086233583 0
0004 0015 8 1671090016118820 -55.3125 -69.5 0.4172427743048944 0
0004 0009 1 1671090016336047 26.0 -60.0 4.381049130201391 0
0004 0004 1 1671090016339050 -87.875 -67.0 5.203262832508095 0
0004 0007 1 1671090016340648 9.75 -66.0 4.4976316700806995 0
0004 0008 1 1671090016342121 -19.5 -67.0 2.000310947402876 0
0004 0010 1 1671090016343495 -198.5625 -68.5 2.521864415283994 0
0004 0012 1 1671090016344729 -240.875 -70.0 4.76147636559703 0
0004 0005 1 1671090016345664 -55.3125 -67.0 3.6017868899554855 0
0004 0000 1 1671090016347338 -198.5625 -73.0 4.871922982324796 0
0004 0003 1 1671090016350033 -13.0 -70.5 0.23930100291016002 0
0004 0013 1 1671090016351224 84.625 -67.5 4.04357335686655 0
0004 0015 1 1671090016352157 55.3125 -65.0 1.1474176293384597 0
0004 0010 2 1671090016375848 -9.75 -62.0 5.577554144752192 0
0004 0014 2 1671090016377310 55.3125 -61.5 2.6200391857086753 0
0004 0002 2 1671090016378234 -58.5625 -69.5 5.872078456026235 0
0004 0012 2 1671090016379973 6.5 -59.5 1.2517283229146832 0
0004 0005 2 1671090016381169 123.6875 -70.0 1.2640001692177683 0
0004 0015 2 1671090016382868 84.625 -69.0 2.3009711818284617 0
0004 0009 2 1671090016384697 42.3125 -60.5 0.9940195505498954 0
0004 0011 2 1671090016388682 27.625 -63.5 2.337786720737717 0
0004 0013 2 1671090016389829 -29.25 -64.0 2.4911847995262812 0
0004 0004 2 1671090016391133 -6.5 -70.5 4.147884050442774 0
0004 0007 3 1671090016427232 0.0 -69.0 2.748893571891069 0
0004 0015 3 1671090016430127 90.3125 -65.0 5.411884219660542 0
0004 0005 4 1671090016455832 55.3125 -69.5 4.890330751779424 0
0004 0007 4 1671090016457011 71.5625 -71.5 0.01227184630308513 0
0004 0015 4 1671090016460892 -6.5 -61.0 1.736466251886546 0
0004 0004 4 1671090016461800 58.5625 -71.5 0.9387962421860124 0
0004 0015 5 1671090016486374 -94.375 -70.0 5.8045833013592665 0
0004 0012 5 1671090016487339 162.75 -69.5 5.681864838328415 0
0004 0002 5 1671090016489915 -152.9375 -66.0 4.9394181369917645 0
0004 0014 5 1671090016490863 81.375 -63.5 1.705786636128833 0
0004 0006 5 1671090016491840 9.75 -70.0 4.522175362686871 0
0004 0007 5 1671090016494499 -55.3125 -69.0 0.8222137023067037 0
0004 0006 6 1671090016518456 0.0 -59.0 4.614214209960009 0
0004 0014 6 1671090016521212 -22.75 -65.0 2.4911847995262812 0
0004 0004 6 1671090016522388 13.0 -65.0 4.025165587411922 0
0004 0005 6 1671090016524898 413.375 -74.0 0.20248546400090464 0
0004 0001 7 1671090016546071 6.5 -69.5 0.11658253987930872 0
0004 0015 7 1671090016547332 -208.3125 -70.0 4.994641445355648 0
0004 0002 7 1671090016549371 -13.0 -65.0 3.2029518851052186 0
0004 0004 7 1671090016550528 0.0 -57.0 1.4542137869155878 0
0004 0010 7 1671090016551710 52.0625 -64.5 4.025165587411922 0
0004 0011 7 1671090016552626 97.625 -64.0 1.7426021750380885 0
0004 0009 7 1671090016553603 -69.125 -68.5 3.4606606574700063 0
0004 0006 7 1671090016554565 -9.75 -60.5 0.9878836273983529 0
0004 0005 8 1671090016586967 -48.8125 -70.5 0.1227184630308513 0
0004 0014 8 1671090016588581 -13.0 -64.0 2.5770877236478773 0
0004 0010 8 1671090016589916 26.0 -57.5 1.1535535524900022 0
0004 0006 8 1671090016590881 -78.0625 -61.5 3.9453985864418692 0
0004 0011 8 1671090016592494 24.375 -69.0 0.06135923151542565 0
0004 0009 8 1671090016593442 9.75 -61.5 4.387185053352934 0
0004 0012 8 1671090016594363 -45.5625 -60.5 2.282563412373834 0
0004 0008 8 1671090016595309 9.75 -67.0 1.9266798695843652 0
0004 0015 8 1671090016596542 -16.25 -69.5 0.39269908169872414 0
0004 0013 8 1671090016597704 19.5 -61.0 5.540738605842936 0
0004 0004 8 1671090016600861 -19.5 -63.0 3.933126740138784 0
0004 0004 1 1671090016818084 87.875 -66.5 4.847379289718626 0
0004 0009 1 1671090016819587 16.25 -60.5 4.295146206079795 0
0004 0007 1 1671090016820793 -26.0 -65.0 4.608078286808466 0
0004 0015 1 1671090016821756 48.8125 -64.0 1.1535535524900022 0
0004 0008 1 1671090016823693 65.0625 -67.5 1.9205439464328227 0
0004 0005 1 1671090016824632 78.0625 -70.0 3.411573272257666 0
0004 0010 1 1671090016826303 29.25 -68.0 2.2027964114037806 0
0004 0013 1 1671090016827167 -61.8125 -65.5 4.3933209765044765 0
0004 0012 1 1671090016828459 -48.8125 -70.0 4.344233591292136 0
0004 0003 1 1671090016829410 -39.0 -70.5 0.23930100291016002 0
0004 0006 1 1671090016831592 211.5625 -71.5 4.583534594202296 0
0004 0012 2 1671090016856227 16.25 -59.0 1.282407938672396 0
0004 0002 2 1671090016857614 0.0 -70.0 5.896622148632405 0
0004 0015 2 1671090016859120 -156.1875 -70.0 2.9145634969827183 0
0004 0009 2 1671090016860066 19.5 -61.5 0.7976700097005334 0
0004 0014 2 1671090016861796 39.0 -61.5 2.5954954931025047 0
0004 0011 2 1671090016863238 163.5625 -63.5 2.12916533358527 0
0004 0010 2 1671090016865733 6.5 -61.5 5.534602682691394 0
0004 0013 2 1671090016866927 -48.8125 -64.0 2.662990647769473 0
0004 0000 2 1671090016870773 -120.4375 -69.0 5.675728915176872 0
0004 0005 2 1671090016871682 -175.75 -71.5 1.3008157081270237 0
0004 0004 2 1671090016876651 -55.3125 -70.5 4.344233591292136 0
0004 0003 2 1671090016880822 585.875 -71.5 1.7426021750380885 0
0004 0007 3 1671090016908167 16.25 -69.0 2.804116880254952 0
0004 0015 3 1671090016909258 104.125 -65.0 5.448699758569798 0
0004 0007 4 1671090016936856 29.25 -71.0 0.09817477042468103 0
0004 0004 4 1671090016939012 -81.375 -71.5 1.2455923997631406 0
0004 0015 4 1671090016939930 26.0 -61.0 1.6996507129772904 0
0004 0005 4 1671090016941091 -9.75 -69.0 5.074408446325701 0
0004 0014 5 1671090016968289 9.75 -63.5 1.7794177139473437 0
0004 0002 5 1671090016969498 -29.25 -66.0 4.8351074434155406 0
0004 0007 5 1671090016971139 65.0625 -70.5 0.7485826244881929 0
0004 0012 5 1671090016972187 182.25 -69.5 5.859806609723149 0
0004 0006 5 1671090016974324 55.3125 -69.0 4.227651051412827 0
0004 0015 5 1671090016975444 -175.75 -72.0 5.964117303299373 0
0004 0006 6 1671090016996362 -22.75 -59.5 4.638757902566179 0
0004 0014 6 1671090016999537 -22.75 -65.0 2.5157284921324514 0
0004 0004 6 1671090017002299 -29.25 -65.5 4.025165587411922 0
0004 0006 7 1671090017026662 52.0625 -61.0 0.8406214717613314 0
0004 0015 7 1671090017028033 -133.4375 -70.0 4.822835597112456 0
0004 0004 7 1671090017029220 -29.25 -57.0 1.4542137869155878 0
0004 0001 7 1671090017030622 -17.0625 -69.5 0.30066023442558565 0
0004 0011 7 1671090017031597 125.3125 -64.0 1.6935147898257479 0
0004 0010 7 1671090017033526 -32.5 -65.5 4.154019973594316 0
0004 0002 7 1671090017035210 -9.75 -64.0 3.1231848841351653 0
0004 0008 7 1671090017043761 35.75 -70.5 2.1475731030398975 0
0004 0012 8 1671090017066462 42.3125 -60.0 2.141437179888355 0
0004 0015 8 1671090017067664 42.3125 -70.0 0.2945243112740431 0
0004 0004 8 1671090017068600 -55.3125 -63.0 3.9085830475326135 0
0004 0008 8 1671090017069547 58.5625 -66.5 1.7548740213411735 0
0004 0013 8 1671090017070479 6.5 -60.5 5.559146375297564 0
0004 0014 8 1671090017071868 -3.25 -64.0 2.5402721847386216 0
0004 0006 8 1671090017073033 55.3125 -61.5 3.730641276137879 0
0004 0010 8 1671090017073951 16.25 -58.0 1.1351457830353744 0
0004 0009 8 1671090017076618 -9.75 -62.5 4.135612204139688 0
0004 0005 8 1671090017077583 87.875 -71.0 6.117515382087937 0
0004 0011 8 1671090017079125 17.0625 -69.5 0.16566992509164924 0
0004 0003 1 1671090017295871 -19.5 -71.0 0.28838838812250056 0
0004 0005 1 1671090017297034 -48.8125 -68.0 3.5036121195308043 0
0004 0004 1 1671090017298759 -3.25 -67.0 5.129631754689584 0
0004 0000 1 1671090017299940 273.375 -72.5 4.031301510563465 0
0004 0015 1 1671090017301652 52.0625 -64.5 1.2026409377023426 0
0004 0009 1 1671090017303124 35.75 -61.5 4.0558452031696355 0
0004 0013 1 1671090017304102 -81.375 -67.0 4.3074180523828804 0
0004 0010 1 1671090017305249 68.3125 -67.0 2.0800779483729293 0
0004 0008 1 1671090017306692 48.8125 -67.5 1.8775924843720249 0
0004 0007 1 1671090017312392 91.125 -65.5 4.454680208019902 0
0004 0012 1 1671090017313427 -58.5625 -70.0 4.577398671050753 0
0004 0012 2 1671090017336703 16.25 -58.5 1.2210487071569704 0
0004 0011 2 1671090017338018 76.4375 -63.5 2.3316507975861747 0
0004 0010 2 1671090017339037 29.25 -62.5 5.50392306693368 0
0004 0009 2 1671090017339999 -35.75 -61.5 0.8160777791551611 0
0004 0002 2 1671090017340951 26.0 -69.0 5.835262917116979 0
0004 0014 2 1671090017341842 -61.8125 -61.5 2.7979809571034093 0
0004 0013 2 1671090017343018 -52.0625 -63.5 2.5770877236478773 0
0004 0000 2 1671090017344294 -68.3125 -71.0 5.675728915176872 0
0004 0015 2 1671090017345740 133.4375 -69.0 2.3439226438892597 0
0004 0004 2 1671090017353509 -35.75 -68.5 4.638757902566179 0
0004 0007 3 1671090017387232 279.9375 -69.0 2.270291566070749 0
0004 0015 3 1671090017390206 87.875 -65.0 5.534602682691394 0
0004 0005 4 1671090017416056 0.0 -69.5 5.043728830567988 0
0004 0007 4 1671090017418104 -6.5 -71.5 0.23930100291016002 0
0004 0015 4 1671090017419008 9.75 -61.0 1.6935147898257479 0
0004 0004 4 1671090017422694 169.25 -70.5 0.944932165337555 0
0004 0012 5 1671090017446162 -224.5625 -70.5 0.2270291566070749 0
0004 0006 5 1671090017447096 35.75 -68.5 4.387185053352934 0
0004 0002 5 1671090017450117 -19.5 -65.5 4.859651136021712 0
0004 0014 5 1671090017452077 -32.5 -63.5 1.8285050991596843 0
0004 0007 5 1671090017452973 126.9375 -69.0 0.7976700097005334 0
0004 0015 5 1671090017454075 -17.0625 -71.0 5.835262917116979 0
0004 0004 6 1671090017476358 9.75 -66.0 3.9515345095934116 0
0004 0006 6 1671090017478672 -26.0 -59.5 4.620350133111551 0
0004 0014 6 1671090017481165 -29.25 -65.0 2.5464081078901644 0
0004 0015 7 1671090017505801 -74.8125 -70.5 4.7307967498393175 0
0004 0004 7 1671090017507843 16.25 -57.5 1.3928545554001621 0
0004 0011 7 1671090017509060 76.4375 -64.0 1.7548740213411735 0
0004 0010 7 1671090017510233 32.5 -64.5 4.0128937411088375 0
0004 0006 7 1671090017511434 0.0 -61.0 0.8651651643675016 0
0004 0002 7 1671090017515392 -48.8125 -65.0 3.172272269347506 0
0004 0001 7 1671090017517203 -10.5625 -68.5 0.23316507975861744 0
0004 0010 8 1671090017545878 9.75 -58.0 1.0983302441261191 0
0004 0006 8 1671090017547094 0.0 -62.0 3.761320891895592 0
0004 0013 8 1671090017548288 -39.0 -61.0 5.6143696836614465 0
0004 0015 8 1671090017551048 29.25 -69.5 0.28225246497095796 0
0004 0005 8 1671090017551942 97.625 -70.0 6.050020227420969 0
0004 0011 8 1671090017552930 30.875 -69.0 0.05522330836388308 0
0004 0008 8 1671090017554102 13.0 -66.5 1.8837284075235674 0
0004 0012 8 1671090017555517 9.75 -60.5 2.172116795646068 0
0004 0009 8 1671090017556850 -19.5 -62.0 4.178563666200486 0
0004 0004 8 1671090017557771 -29.25 -63.0 3.8963112012295285 0
0004 0014 8 1671090017558733 6.5 -63.5 2.4727770300716534 0
0004 0012 1 1671090017775835 172.5 -68.5 3.9392626632903265 0
0004 0003 1 1671090017777000 52.0625 -70.5 0.018407769454627694 0
0004 0000 1 1671090017779281 -100.875 -75.0 4.798291904506286 0
0004 0013 1 1671090017780231 39.0 -67.5 4.417864669110647 0
0004 0015 1 1671090017781449 32.5 -64.5 1.1903690913992575 0
0004 0005 1 1671090017782373 65.0625 -68.0 3.2765829629237295 0
0004 0007 1 1671090017783295 22.75 -65.0 4.626486056263094 0
0004 0009 1 1671090017784471 -35.75 -60.5 4.479223900626073 0
0004 0008 1 1671090017785774 55.3125 -67.5 1.8837284075235674 0
0004 0010 1 1671090017788236 74.8125 -67.0 2.098485717827557 0
0004 0004 1 1671090017790036 -16.25 -66.0 5.160311370447297 0
0004 0015 2 1671090017816659 -97.625 -69.5 2.804116880254952 0
0004 0009 2 1671090017818516 55.3125 -62.5 0.8713010875190442 0
0004 0010 2 1671090017819858 -78.0625 -62.5 5.822991070813893 0
0004 0011 2 1671090017820804 17.0625 -64.0 2.4850488763747385 0
0004 0014 2 1671090017824763 58.5625 -61.5 2.5770877236478773 0
0004 0012 2 1671090017827974 -3.25 -59.5 1.2517283229146832 0
0004 0013 2 1671090017831612 26.0 -63.5 2.675262494072558 0
0004 0002 2 1671090017835309 -39.0 -68.5 6.191146459906448 0
0004 0000 2 1671090017836910 -185.5 -72.0 5.755495916146925 0
0004 0003 2 1671090017837877 120.4375 -71.0 2.3193789512830896 0
0004 0004 2 1671090017840823 -6.5 -68.5 4.399456899656019 0
0004 0007 3 1671090017866968 -6.5 -69.5 2.7550294950426117 0
0004 0015 3 1671090017869145 -39.0 -65.0 5.651185222570702 0
