0004 0001 1 1671178450876644 21.125 -57.5 1.5401167110371838 9
0004 0004 1 1671178450878516 9.75 -60.5 4.871922982324796 9
0004 0005 1 1671178450879823 3.25 -65.0 6.086835766330224 9
0004 0002 1 1671178450881272 -52.0625 -62.0 3.8717675086233583 9
0004 0006 1 1671178450882334 22.75 -69.5 0.6381360077604268 9
0004 0007 1 1671178450884626 -16.25 -69.5 4.424000592262189 9
0004 0014 1 1671178450885562 -48.8125 -70.0 5.589825991055276 9
0004 0015 1 1671178450889518 -94.375 -71.0 3.104777114680538 9
0004 0005 2 1671178450917499 71.5625 -66.0 6.013204688511713 9
0004 0007 2 1671178450919151 13.0 -63.5 5.049864753719531 9
0004 0003 2 1671178450921903 68.3125 -69.5 4.485359823777615 9
0004 0005 3 1671178450946732 338.5 -72.0 4.172427743048944 9
0004 0011 3 1671178450947945 13.8125 -61.0 1.761009944492716 9
0004 0007 3 1671178450948906 0.0 -63.0 5.246214294568893 9
0004 0014 3 1671178450951017 3.25 -66.5 5.47937937432751 9
0004 0015 3 1671178450953624 -26.0 -68.0 4.196971435655114 9
0004 0010 3 1671178450954573 -91.125 -70.0 5.559146375297564 9
0004 0011 4 1671178450986431 -117.9375 -68.5 3.448388811166921 9
0004 0014 4 1671178450987947 -35.75 -61.5 5.608233760509904 9
0004 0015 4 1671178450989162 27.625 -68.0 5.810719224510809 9
0004 0004 4 1671178450991102 -16.25 -67.5 2.5464081078901644 9
0004 0008 4 1671178450993084 -39.0 -71.5 2.9268353432858034 9
0004 0007 4 1671178450994036 -45.5625 -72.0 3.3318062712876126 9
0004 0004 5 1671178451016188 -16.25 -66.5 0.06135923151542565 9
0004 0011 5 1671178451019093 -52.0625 -62.5 4.902602598082509 9
0004 0014 5 1671178451020466 45.5625 -65.5 2.742757648739526 9
0004 0015 5 1671178451023714 55.3125 -66.5 3.736777199289422 9
0004 0009 5 1671178451025302 -22.75 -67.0 5.663457068873787 9
0004 0014 6 1671178451055798 39.0 -64.0 0.4049709280018093 9
0004 0015 6 1671178451058077 -9.75 -68.0 1.576932249946439 9
0004 0011 6 1671178451059207 -17.0625 -63.0 1.1658253987930873 9
0004 0009 6 1671178451062225 -32.5 -69.5 3.2090878082567613 9
0004 0005 6 1671178451063220 126.9375 -73.5 0.521553467881118 9
0004 0013 7 1671178451086901 -35.75 -68.5 5.675728915176872 9
0004 0005 7 1671178451088525 -55.3125 -71.5 6.215690152512618 9
0004 0011 7 1671178451092496 378.375 -69.5 2.2518837966161214 9
0004 0005 8 1671178451116132 19.5 -71.0 4.7307967498393175 9
0004 0013 8 1671178451117303 0.0 -64.5 3.0250101137104846 9
0004 0015 8 1671178451118736 45.5625 -63.0 2.890019804376548 9
0004 0007 8 1671178451121293 42.3125 -63.0 0.9326603190344698 9
0004 0006 1 1671178451336170 -52.0625 -61.0 5.730952223540755 9
0004 0002 1 1671178451337091 -48.8125 -62.5 5.264622064023521 9
0004 0015 1 1671178451338080 -45.5625 -63.5 2.742757648739526 9
0004 0013 1 1671178451339285 26.0 -67.5 3.129320807286708 9
0004 0001 1 1671178451340784 62.625 -63.0 5.994796919057086 9
0004 0007 1 1671178451341738 -156.1875 -70.0 3.3379421944391554 9
0004 0005 1 1671178451342689 110.625 -70.5 1.6198837120072371 9
0004 0004 1 1671178451344368 0.0 -59.0 1.3130875544301088 9
0004 0003 1 1671178451347056 32.5 -71.0 5.957981380147831 9
0004 0002 2 1671178451376882 234.3125 -69.5 5.66959299202533 9
0004 0014 2 1671178451380027 35.75 -71.0 2.116893487282185 9
0004 0007 2 1671178451382137 149.6875 -65.0 1.6689710972195777 9
0004 0004 2 1671178451383085 3.25 -70.5 5.71868037723767 9
0004 0015 2 1671178451384005 -100.875 -65.0 4.104932588381976 9
0004 0003 2 1671178451388593 -110.625 -70.0 4.6878452877785195 9
0004 0005 2 1671178451390540 126.9375 -69.5 0.2270291566070749 9
0004 0006 3 1671178451416145 214.8125 -69.5 5.325981295538946 9
0004 0014 3 1671178451417942 9.75 -54.5 1.0615147052168636 9
0004 0013 3 1671178451418907 74.8125 -65.5 1.5155730184310134 9
0004 0011 3 1671178451420388 -69.125 -63.0 2.9084275738311756 9
0004 0007 3 1671178451423657 58.5625 -64.0 4.3074180523828804 9
0004 0002 3 1671178451424638 -42.3125 -65.5 1.214912784005428 9
0004 0015 3 1671178451425826 -152.9375 -67.0 2.7550294950426117 9
0004 0008 3 1671178451426730 -13.0 -68.5 2.3071071049800045 9
0004 0010 3 1671178451428953 58.5625 -64.5 2.5586799541932495 9
0004 0004 4 1671178451456345 52.0625 -71.0 5.209398755659637 9
0004 0014 4 1671178451457874 45.5625 -62.5 2.724349879284899 9
0004 0010 4 1671178451459913 9.75 -72.0 6.019340611663256 9
0004 0009 4 1671178451461176 26.0 -68.0 6.264777537724958 9
0004 0005 4 1671178451462239 3.25 -71.5 5.381204603902829 9
0004 0015 5 1671178451486453 -100.875 -65.5 5.148039524144211 9
0004 0011 5 1671178451488039 -24.375 -65.5 3.5588354278946874 9
0004 0014 5 1671178451489186 -19.5 -64.5 4.724660826687775 9
0004 0009 5 1671178451495398 3.25 -68.0 0.5338253141842031 9
0004 0012 5 1671178451498374 -32.5 -72.0 4.356505437595221 9
0004 0007 6 1671178451526125 0.0 -73.5 6.0991076126333095 9
0004 0015 6 1671178451528435 3.25 -66.5 1.5585244804918115 9
0004 0014 6 1671178451529415 16.25 -69.5 5.8045833013592665 9
0004 0012 6 1671178451530351 -81.375 -70.5 0.4111068511533518 9
0004 0010 6 1671178451531270 -26.0 -69.0 4.7307967498393175 9
0004 0002 6 1671178451532195 -152.9375 -72.0 3.2459033471660166 9
0004 0009 6 1671178451533484 -55.3125 -74.5 3.448388811166921 9
0004 0005 6 1671178451534450 -143.1875 -72.0 4.970097752749477 9
0004 0014 7 1671178451556410 -65.0625 -63.5 3.736777199289422 9
0004 0014 8 1671178451596344 -107.375 -67.5 3.5036121195308043 9
0004 0001 8 1671178451599010 -121.25 -71.0 4.589670517353839 9
0004 0015 8 1671178451599939 -3.25 -62.5 2.024854640009046 9
0004 0007 8 1671178451601176 -55.3125 -69.0 3.153864499892878 9
0004 0002 1 1671178451816571 -52.0625 -67.0 5.730952223540755 9
0004 0005 1 1671178451817548 6.5 -67.0 5.350524988145116 9
0004 0001 1 1671178451818682 90.3125 -68.0 1.2701360923693108 9
0004 0004 1 1671178451820116 52.0625 -68.0 3.147728576741336 9
0004 0007 1 1671178451822059 -45.5625 -67.5 2.380738182798515 9
0004 0007 2 1671178451858840 -13.0 -64.0 4.184699589352029 9
0004 0003 2 1671178451861296 94.375 -71.0 0.9878836273983529 9
0004 0014 3 1671178451885965 65.0625 -65.0 4.571262747899211 9
0004 0011 3 1671178451888220 -21.125 -56.5 3.792000507653305 9
0004 0002 3 1671178451890048 26.0 -64.5 1.4848934026733007 9
0004 0007 3 1671178451893360 240.875 -70.0 3.4054373491061236 9
0004 0008 3 1671178451898818 172.5 -67.5 1.8960002538266525 9
0004 0006 3 1671178451900435 42.3125 -68.0 5.638913376267617 9
0004 0010 3 1671178451916013 -130.1875 -70.0 2.184388641949153 9
0004 0005 3 1671178451920195 188.75 -71.0 5.283029833478148 9
0004 0008 4 1671178451946133 195.25 -72.5 6.105243535784852 9
0004 0014 4 1671178451947577 97.625 -69.0 1.509437095279471 9
0004 0011 4 1671178451948494 -76.4375 -66.5 6.037748381117884 9
0004 0009 4 1671178451949455 9.75 -63.5 2.509592568980909 9
0004 0004 4 1671178451950407 87.875 -66.5 0.8713010875190442 9
0004 0003 4 1671178451951332 -266.875 -74.5 6.013204688511713 9
0004 0010 4 1671178451952521 39.0 -67.5 4.71238898038469 9
0004 0005 4 1671178451953459 39.0 -68.0 5.841398840268521 9
0004 0007 4 1671178451954449 0.0 -65.5 0.23316507975861744 9
0004 0012 4 1671178451957050 -205.0625 -71.0 5.289165756629691 9
0004 0014 5 1671178451985868 0.0 -61.5 4.374913207049849 9
0004 0011 5 1671178451987058 -13.8125 -62.0 5.375068680751287 9
0004 0004 5 1671178451988319 97.625 -68.0 1.1658253987930873 9
0004 0003 5 1671178451990490 -42.3125 -70.5 5.516194913236766 9
0004 0005 5 1671178452000974 -35.75 -71.0 4.031301510563465 9
0004 0010 5 1671178452001965 -65.0625 -73.0 2.3930100291016 9
0004 0009 6 1671178452025823 -13.0 -64.5 4.865787059173254 9
0004 0007 6 1671178452027838 -22.75 -66.0 2.5280003384355365 9
0004 0003 6 1671178452028763 39.0 -68.0 1.718058482431918 9
0004 0010 6 1671178452030505 -100.875 -72.5 4.853515212870168 9
0004 0005 6 1671178452033982 55.3125 -70.0 0.1902136176978195 9
0004 0012 6 1671178452034846 9.75 -69.5 3.5588354278946874 9
0004 0011 7 1671178452056115 -125.3125 -65.0 3.822680123411018 9
0004 0015 7 1671178452060277 -104.125 -71.0 2.1230294104337273 9
0004 0015 8 1671178452087108 -3.25 -64.0 2.9820586516496865 9
0004 0007 8 1671178452088089 26.0 -65.5 5.798447378207723 9
0004 0011 8 1671178452089516 13.8125 -69.0 1.3621749396424494 9
0004 0005 1 1671178452306472 -65.0625 -65.5 5.019185137961818 9
0004 0003 1 1671178452307421 -6.5 -72.0 5.939573610693203 9
0004 0004 1 1671178452308854 29.25 -65.5 2.3930100291016 9
0004 0007 1 1671178452309835 172.5 -68.0 0.6688156235181395 9
0004 0014 1 1671178452311011 -117.125 -71.0 5.730952223540755 9
0004 0007 2 1671178452337473 -61.8125 -62.5 5.994796919057086 9
0004 0008 3 1671178452365839 195.25 -71.0 5.890486225480862 9
0004 0011 3 1671178452366752 -7.3125 -55.5 5.890486225480862 9
0004 0007 3 1671178452367918 -100.875 -66.0 3.7551849687440497 9
0004 0015 3 1671178452368836 -32.5 -67.0 0.5522330836388308 9
0004 0012 3 1671178452370025 9.75 -57.5 5.853670686571607 9
0004 0009 3 1671178452371727 -13.0 -61.5 0.09817477042468103 9
0004 0014 3 1671178452372675 -39.0 -58.0 1.2640001692177683 9
0004 0005 3 1671178452374124 -227.8125 -68.5 1.6566992509164924 9
0004 0002 3 1671178452376135 -214.8125 -66.0 3.77972866135022 9
0004 0001 3 1671178452377735 83.0 -70.0 5.264622064023521 9
0004 0009 4 1671178452406405 -61.8125 -66.5 3.454524734318464 9
0004 0004 4 1671178452407924 97.625 -66.5 1.1535535524900022 9
0004 0012 4 1671178452409310 94.375 -68.0 2.3623304133438876 9
0004 0013 4 1671178452410214 91.125 -74.5 5.589825991055276 9
0004 0011 4 1671178452411203 -135.0625 -65.0 5.062136600022616 9
0004 0014 4 1671178452412148 0.0 -62.5 1.4664856332186729 9
0004 0015 4 1671178452413131 -133.4375 -70.5 2.2764274892222915 9
0004 0008 4 1671178452414521 48.8125 -63.0 2.3193789512830896 9
0004 0003 4 1671178452415741 -74.8125 -68.5 2.2457478734645786 9
0004 0010 4 1671178452416802 -22.75 -69.0 6.086835766330224 9
0004 0005 4 1671178452417737 -16.25 -64.0 6.209554229361076 9
0004 0012 5 1671178452445902 35.75 -66.0 5.3627968344482015 9
0004 0014 5 1671178452447328 22.75 -64.5 1.3560390164909069 9
0004 0004 5 1671178452449431 100.875 -66.5 6.000932842208628 9
0004 0005 5 1671178452450423 -16.25 -64.0 3.472932503773092 9
0004 0011 5 1671178452451596 -45.5625 -61.5 4.344233591292136 9
0004 0003 5 1671178452458605 -81.375 -71.5 5.743224069843841 9
0004 0003 6 1671178452486122 133.4375 -74.0 0.6381360077604268 9
0004 0009 6 1671178452487326 35.75 -67.0 3.074097498922825 9
0004 0015 6 1671178452489663 -13.8125 -69.5 3.816544200259475 9
0004 0014 6 1671178452490599 29.25 -65.5 2.442097414313941 9
0004 0008 6 1671178452492058 45.5625 -68.0 1.043106935762236 9
0004 0005 6 1671178452492993 6.5 -68.0 5.5284667595398505 9
0004 0007 6 1671178452493929 6.5 -65.0 0.09203884727313846 9
0004 0014 7 1671178452516148 -32.5 -61.0 4.558990901596125 9
0004 0012 7 1671178452517337 -117.125 -66.0 2.730485802436441 9
0004 0011 7 1671178452518831 -21.125 -66.5 6.191146459906448 9
0004 0015 7 1671178452526816 -253.875 -70.0 4.000621894805752 9
0004 0007 8 1671178452557181 6.5 -65.0 2.2027964114037806 9
0004 0015 8 1671178452558102 -16.25 -74.0 0.8528933180644165 9
0004 0012 8 1671178452561123 -29.25 -64.5 4.430136515413731 9
0004 0014 8 1671178452562115 52.0625 -68.0 1.6873788666742053 9
0004 0003 8 1671178452563464 -94.375 -72.5 3.2888548092268146 9
0004 0007 1 1671178452782899 -3.25 -70.5 1.3192234775816514 9
0004 0014 1 1671178452783964 -19.5 -66.0 4.491495746929157 9
0004 0015 1 1671178452785366 -48.8125 -70.0 5.663457068873787 9
0004 0004 1 1671178452786812 29.25 -64.0 1.88986433067511 9
0004 0007 2 1671178452820539 81.375 -69.0 3.153864499892878 9
0004 0015 2 1671178452824288 -143.1875 -70.0 4.184699589352029 9
0004 0003 3 1671178452845859 -84.625 -68.5 2.141437179888355 9
0004 0014 3 1671178452846808 48.8125 -64.0 1.6751070203711202 9
0004 0004 3 1671178452848976 -13.0 -66.0 0.5706408530934585 9
0004 0011 3 1671178452849907 -21.125 -54.0 4.95168998329485 9
0004 0002 3 1671178452851540 -126.9375 -64.5 5.798447378207723 9
0004 0009 3 1671178452852529 22.75 -63.5 1.6198837120072371 9
0004 0001 3 1671178452853505 -30.875 -65.0 5.749359992995383 9
0004 0008 3 1671178452854844 9.75 -62.5 6.135923151542564 9
0004 0007 3 1671178452856277 -13.0 -61.5 0.030679615757712823 9
0004 0013 3 1671178452858186 169.25 -70.5 3.3624858870453256 9
0004 0004 4 1671178452887320 6.5 -63.0 3.5895150436524004 9
0004 0010 4 1671178452888284 -3.25 -70.5 1.2210487071569704 9
0004 0015 4 1671178452889232 -6.5 -67.5 6.2463697682703305 9
0004 0005 4 1671178452891257 55.3125 -65.0 2.184388641949153 9
0004 0014 4 1671178452892293 -52.0625 -64.0 5.957981380147831 9
0004 0001 4 1671178452893973 97.625 -69.5 1.9757672547967058 9
0004 0009 4 1671178452894922 -41.5 -69.0 5.50392306693368 9
0004 0003 4 1671178452895847 -159.5 -71.5 4.859651136021712 9
0004 0007 4 1671178452898026 110.625 -65.5 1.7671458676442586 9
0004 0013 4 1671178452900535 -68.3125 -71.5 2.8838838812250054 9
0004 0008 4 1671178452901584 -107.375 -69.0 3.5956509668039427 9
0004 0011 4 1671178452902757 -27.625 -65.5 3.3011266555298997 9
0004 0014 5 1671178452926906 58.5625 -70.5 2.086213871524472 9
0004 0015 5 1671178452928010 -48.8125 -71.0 1.6198837120072371 9
0004 0011 5 1671178452929437 59.375 -60.5 2.405281875404685 9
0004 0003 5 1671178452931706 19.5 -72.0 3.1968159619536762 9
0004 0005 5 1671178452933587 84.625 -71.0 1.8407769454627694 9
0004 0015 6 1671178452956388 -26.0 -70.5 5.037592907416445 9
0004 0014 6 1671178452958173 -19.5 -65.0 3.2459033471660166 9
0004 0007 6 1671178452959764 -91.125 -68.0 0.380427235395639 9
0004 0013 6 1671178452960952 -19.5 -71.0 1.6812429435226628 9
0004 0005 6 1671178452962914 -74.8125 -73.5 4.430136515413731 9
0004 0001 8 1671178453008539 -45.5625 -67.5 1.6935147898257479 9
0004 0007 8 1671178453010085 -9.75 -66.5 4.3933209765044765 9
0004 0011 8 1671178453011048 65.875 -70.5 1.5707963267948966 9
0004 0006 1 1671178453226631 -48.8125 -70.0 5.184855063053467 9
0004 0007 1 1671178453227953 -29.25 -68.5 5.307573526084319 9
0004 0004 1 1671178453229414 143.1875 -69.0 1.1535535524900022 9
0004 0005 1 1671178453231086 22.75 -70.0 5.092816215780329 9
0004 0015 2 1671178453258593 -16.25 -67.5 4.104932588381976 9
0004 0015 3 1671178453287304 13.0 -62.0 5.651185222570702 9
0004 0007 3 1671178453288490 -6.5 -57.0 6.025476534814799 9
0004 0005 3 1671178453290190 244.125 -70.0 0.06135923151542565 9
0004 0009 3 1671178453291106 9.75 -55.5 1.1719613219446299 9
0004 0006 3 1671178453292073 52.0625 -62.0 3.08636934522591 9
0004 0014 3 1671178453293034 -45.5625 -53.5 4.196971435655114 9
0004 0011 3 1671178453294896 0.0 -60.5 5.577554144752192 9
0004 0002 3 1671178453295835 9.75 -61.5 0.4479223900626072 9
0004 0008 3 1671178453296911 -9.75 -64.0 1.2762720155208536 9
0004 0010 3 1671178453298780 -123.6875 -65.5 5.841398840268521 9
0004 0000 3 1671178453301592 100.875 -68.5 0.7731263170943632 9
0004 0001 3 1671178453302580 3.25 -68.0 1.6014759425526093 9
0004 0003 3 1671178453304710 -299.4375 -71.5 2.5280003384355365 9
0004 0009 4 1671178453327252 39.0 -58.5 5.534602682691394 9
0004 0014 4 1671178453329025 -9.75 -60.5 1.8100973297050567 9
0004 0007 4 1671178453330006 -19.5 -68.5 3.9208548938356986 9
0004 0004 4 1671178453330926 -16.25 -60.5 4.669437518323892 9
0004 0010 4 1671178453331872 -6.5 -64.0 1.3192234775816514 9
0004 0003 4 1671178453333573 42.3125 -73.0 5.442563835418255 9
0004 0005 4 1671178453334618 0.0 -64.0 1.902136176978195 9
0004 0001 4 1671178453335820 -10.5625 -70.0 5.2768939103266055 9
0004 0008 4 1671178453336785 -3.25 -62.0 5.43029198911517 9
0004 0012 4 1671178453346305 -94.375 -75.0 5.553010452146021 9
0004 0014 5 1671178453376083 13.0 -65.5 5.141903600992669 9
0004 0007 5 1671178453377247 -113.875 -68.5 3.3379421944391554 9
0004 0005 5 1671178453378225 29.25 -70.5 0.5583690067903734 9
0004 0013 5 1671178453379653 26.0 -68.5 4.147884050442774 9
0004 0011 5 1671178453380655 -41.5 -63.0 1.8346410223112268 9
0004 0009 5 1671178453381829 -16.25 -67.5 3.3624858870453256 9
0004 0015 5 1671178453383271 -16.25 -63.5 3.767456815047135 9
0004 0007 6 1671178453406385 -136.6875 -71.5 1.3744467859455345 9
0004 0013 6 1671178453407574 -19.5 -64.5 1.8775924843720249 9
0004 0011 6 1671178453410734 30.875 -68.5 4.7307967498393175 9
0004 0015 6 1671178453411781 45.5625 -72.0 3.2888548092268146 9
0004 0010 6 1671178453415142 -110.625 -70.5 5.602097837358362 9
0004 0006 6 1671178453416478 39.0 -70.0 2.7550294950426117 9
0004 0004 7 1671178453437781 -97.625 -71.5 2.110757564130642 9
0004 0014 7 1671178453443689 -224.5625 -71.0 0.22089323345553233 9
0004 0015 8 1671178453477735 -117.125 -64.5 5.853670686571607 9
0004 0007 8 1671178453479522 87.875 -69.5 1.1106020904292042 9
0004 0004 1 1671178453696811 -100.875 -68.0 2.325514874434632 9
0004 0014 1 1671178453700140 -13.0 -71.0 0.7915340865489908 9
0004 0007 2 1671178453728548 -97.625 -66.0 4.368777283898306 9
0004 0015 2 1671178453731037 270.125 -72.0 5.896622148632405 9
0004 0001 3 1671178453756187 -30.875 -64.0 0.47860200582032003 9
0004 0007 3 1671178453757349 32.5 -60.5 5.3198453723874035 9
0004 0011 3 1671178453760842 -90.3125 -61.0 6.111379458936394 9
0004 0015 3 1671178453762128 -253.875 -64.0 3.9085830475326135 9
0004 0008 3 1671178453763487 42.3125 -67.5 3.9085830475326135 9
0004 0014 3 1671178453765325 -3.25 -59.0 5.491651220630596 9
0004 0006 3 1671178453766518 91.125 -65.0 5.780039608753096 9
0004 0002 3 1671178453767836 3.25 -63.0 0.1227184630308513 9
0004 0005 3 1671178453783150 -45.5625 -69.5 0.2086213871524472 9
0004 0012 3 1671178453788595 -48.8125 -72.5 0.2761165418194154 9
0004 0014 4 1671178453815849 -55.3125 -64.0 5.7616318392984684 9
0004 0007 4 1671178453817040 -35.75 -66.5 6.215690152512618 9
0004 0009 4 1671178453818271 -19.5 -60.0 4.546719055293041 9
0004 0010 4 1671178453819177 32.5 -63.5 1.521708941582556 9
0004 0011 4 1671178453820078 7.3125 -65.0 5.45483568172134 9
0004 0003 4 1671178453821557 -169.25 -76.0 5.988660995905543 9
0004 0004 4 1671178453822504 13.0 -54.5 0.5276893910326605 9
0004 0012 4 1671178453823497 136.6875 -67.0 6.14819499784565 9
0004 0005 4 1671178453824418 48.8125 -62.0 0.25157284921324513 9
0004 0008 4 1671178453825634 -13.0 -62.5 4.878058905476339 9
0004 0001 4 1671178453828509 -24.375 -65.0 5.47937937432751 9
0004 0006 4 1671178453829503 39.0 -65.5 5.829126993965437 9
0004 0002 4 1671178453831195 166.0 -74.0 2.110757564130642 9
0004 0007 5 1671178453856214 110.625 -68.0 2.4727770300716534 9
0004 0014 5 1671178453857958 74.8125 -67.5 1.859184714917397 9
0004 0010 5 1671178453859373 -35.75 -68.0 3.80427235395639 9
0004 0011 5 1671178453861747 -117.9375 -61.0 5.921165841238575 9
0004 0005 5 1671178453866507 3.25 -71.5 0.4540583132141498 9
0004 0012 5 1671178453869511 71.5625 -72.5 5.307573526084319 9
0004 0001 5 1671178453870416 -79.75 -69.5 5.080544369477243 9
0004 0015 6 1671178453896241 -69.125 -72.0 2.270291566070749 9
0004 0012 6 1671178453899751 84.625 -70.5 4.166291819897402 9
0004 0007 6 1671178453902534 -84.625 -69.0 5.792311455056181 9
0004 0004 6 1671178453904748 117.125 -70.0 2.5586799541932495 9
0004 0009 6 1671178453905780 -19.5 -67.0 3.2827188860752723 9
0004 0014 7 1671178453936882 0.0 -66.5 1.932815792735908 9
0004 0005 7 1671178453940190 87.875 -69.5 2.7857091108003242 9
0004 0007 1 1671178454177945 3.25 -69.5 4.669437518323892 9
0004 0007 2 1671178454206163 61.8125 -66.5 2.804116880254952 9
0004 0014 2 1671178454210208 -130.1875 -67.5 5.816855147662351 9
0004 0002 3 1671178454235866 152.9375 -64.5 2.5464081078901644 9
0004 0007 3 1671178454236843 -9.75 -63.0 4.2031073588066565 9
0004 0015 3 1671178454237763 34.9375 -54.0 1.4726215563702154 9
0004 0006 3 1671178454239378 19.5 -54.0 0.018407769454627694 9
0004 0000 3 1671178454240781 81.375 -71.0 2.098485717827557 9
0004 0012 3 1671178454241758 -13.0 -58.5 6.080699843178682 9
0004 0010 3 1671178454242708 -166.0 -68.5 5.411884219660542 9
0004 0011 3 1671178454243640 -125.3125 -68.5 5.7616318392984684 9
0004 0008 3 1671178454245763 -302.6875 -67.5 5.50392306693368 9
0004 0001 3 1671178454246963 -55.3125 -60.5 3.454524734318464 9
0004 0014 3 1671178454247882 -26.0 -59.0 0.9019807032767571 9
0004 0004 3 1671178454248860 32.5 -56.0 5.203262832508095 9
0004 0009 3 1671178454253360 -26.0 -70.5 4.338097668140593 9
0004 0007 4 1671178454276054 -26.0 -65.5 4.442408361716817 9
0004 0001 4 1671178454277777 107.375 -70.0 0.760854470791278 9
0004 0004 4 1671178454278937 -16.25 -50.0 3.466796580621549 9
0004 0005 4 1671178454280628 48.8125 -65.5 5.387340527054372 9
0004 0002 4 1671178454282046 -61.8125 -65.5 4.878058905476339 9
0004 0010 4 1671178454283835 22.75 -61.0 1.509437095279471 9
0004 0006 4 1671178454285157 -35.75 -61.5 2.12916533358527 9
0004 0015 4 1671178454286105 48.8125 -65.5 6.160466844148735 9
0004 0012 4 1671178454287594 42.3125 -69.0 0.7301748550335652 9
0004 0014 4 1671178454288499 26.0 -64.0 5.424156065963627 9
0004 0011 4 1671178454289402 -27.625 -58.5 4.822835597112456 9
0004 0013 4 1671178454290450 -152.9375 -74.0 3.8840393549264434 9
0004 0008 4 1671178454292511 -16.25 -58.5 5.117359908386499 9
0004 0009 4 1671178454293601 -35.75 -60.5 4.325825821837508 9
0004 0007 5 1671178454316183 19.5 -65.5 0.7669903939428205 9
0004 0010 5 1671178454317118 -74.8125 -68.0 2.9391071895888885 9
0004 0004 5 1671178454318105 0.0 -65.0 1.1965050145508 9
0004 0011 5 1671178454319069 -17.0625 -60.5 5.313709449235861 9
0004 0015 5 1671178454320796 -9.75 -60.5 5.50392306693368 9
0004 0001 5 1671178454322268 -21.125 -71.0 4.749204519293945 9
0004 0014 5 1671178454325124 -6.5 -63.0 4.01902966426038 9
0004 0005 5 1671178454326205 -81.375 -68.0 5.074408446325701 9
0004 0009 6 1671178454347305 68.3125 -66.5 5.227806525114265 9
0004 0008 6 1671178454348541 61.8125 -71.5 0.3620194659410113 9
0004 0007 6 1671178454349486 0.0 -64.5 3.141592653589793 9
0004 0011 6 1671178454350437 -17.0625 -63.0 3.3624858870453256 9
0004 0012 6 1671178454351400 -3.25 -67.0 4.325825821837508 9
0004 0014 6 1671178454353233 -9.75 -61.0 5.589825991055276 9
0004 0006 6 1671178454354570 29.25 -67.5 2.2518837966161214 9
0004 0005 7 1671178454387298 -29.25 -66.5 4.534447208989955 9
0004 0012 7 1671178454391148 -58.5625 -65.5 3.5833791205008576 9
0004 0014 7 1671178454392111 52.0625 -63.0 0.7853981633974483 9
0004 0014 8 1671178454417339 87.875 -67.5 1.141281706186917 9
0004 0012 8 1671178454418274 -94.375 -67.5 5.019185137961818 9
0004 0014 1 1671178454638890 -29.25 -71.5 0.6442719309119693 9
0004 0007 1 1671178454642451 -32.5 -66.5 5.945709533844745 9
0004 0012 1 1671178454643744 -110.625 -69.5 5.117359908386499 9
0004 0007 2 1671178454666816 -78.0625 -69.5 2.454369260617026 9
0004 0002 3 1671178454696398 104.125 -70.5 5.884350302329319 9
0004 0004 3 1671178454697985 35.75 -53.5 1.8100973297050567 9
0004 0006 3 1671178454699146 -3.25 -57.0 0.6013204688511713 9
0004 0014 3 1671178454700097 -29.25 -65.5 3.8717675086233583 9
0004 0012 3 1671178454702899 -58.5625 -64.5 4.172427743048944 9
0004 0001 3 1671178454703817 -19.5 -59.5 4.276738436625168 9
0004 0008 3 1671178454705178 -78.0625 -69.0 3.6386024288647407 9
0004 0015 3 1671178454710420 -13.0 -71.5 0.7976700097005334 9
0004 0005 4 1671178454736196 32.5 -72.5 1.9266798695843652 9
0004 0009 4 1671178454737143 13.0 -62.0 3.031146036862027 9
0004 0010 4 1671178454739145 55.3125 -68.5 2.6998061866787286 9
0004 0002 4 1671178454740409 -29.25 -59.0 4.908738521234052 9
0004 0013 4 1671178454743160 32.5 -70.5 2.2580197197676637 9
0004 0011 4 1671178454744345 7.3125 -67.5 5.350524988145116 9
0004 0001 4 1671178454745518 10.5625 -68.5 4.246058820867455 9
0004 0008 4 1671178454746452 16.25 -60.5 1.8162332528565992 9
0004 0004 4 1671178454747655 6.5 -52.5 2.086213871524472 9
0004 0015 4 1671178454748958 29.25 -63.0 2.9145634969827183 9
0004 0003 4 1671178454749910 -26.0 -70.0 1.9941750242513334 9
0004 0006 4 1671178454750814 -9.75 -66.5 4.049709280018092 9
0004 0014 5 1671178454776434 9.75 -59.0 1.227184630308513 9
0004 0009 5 1671178454777369 68.3125 -62.5 0.3374757733348411 9
0004 0001 5 1671178454779935 76.4375 -70.0 2.172116795646068 9
0004 0015 5 1671178454780853 16.25 -61.0 6.191146459906448 9
0004 0011 5 1671178454782281 62.625 -60.5 2.9513790358919736 9
0004 0005 5 1671178454784099 22.75 -63.0 3.9638063558964967 9
0004 0004 5 1671178454785319 58.5625 -62.0 0.39269908169872414 9
0004 0003 5 1671178454798439 29.25 -70.0 4.503767593232243 9
0004 0011 6 1671178454829081 55.3125 -61.5 3.706097583531709 9
0004 0009 6 1671178454831122 19.5 -69.5 0.1902136176978195 9
0004 0014 6 1671178454832356 -32.5 -67.5 2.8532042654672924 9
0004 0010 6 1671178454833544 -39.0 -72.5 2.350058567040802 9
0004 0004 6 1671178454835527 52.0625 -69.5 3.031146036862027 9
0004 0001 6 1671178454837152 -97.625 -68.5 4.663301595172349 9
0004 0013 6 1671178454840273 -97.625 -73.5 3.9822141253511245 9
0004 0008 6 1671178454841264 87.875 -70.0 4.104932588381976 9
0004 0003 6 1671178454842229 29.25 -74.0 3.816544200259475 9
0004 0007 6 1671178454843405 3.25 -66.5 1.6751070203711202 9
0004 0005 6 1671178454844356 -35.75 -74.5 5.957981380147831 9
0004 0004 7 1671178454866545 39.0 -64.0 1.1535535524900022 9
0004 0014 7 1671178454868291 -123.6875 -68.5 5.399612373357457 9
0004 0008 7 1671178454872704 -175.75 -68.5 5.945709533844745 9
0004 0014 8 1671178454898937 -55.3125 -68.0 3.2029518851052186 9
0004 0007 1 1671178455117107 13.0 -70.0 4.313553975534423 9
0004 0007 2 1671178455145841 -179.0 -69.5 3.0495538063166547 9
0004 0014 2 1671178455147871 -26.0 -68.0 2.9636508821950587 9
0004 0011 2 1671178455150521 -149.6875 -69.5 4.074252972624263 9
0004 0015 3 1671178455177453 -9.75 -64.0 6.2463697682703305 9
0004 0004 3 1671178455179305 -22.75 -58.5 5.160311370447297 9
0004 0014 3 1671178455182597 22.75 -66.0 4.657165672020807 9
0004 0010 3 1671178455184251 -35.75 -70.0 5.375068680751287 9
0004 0006 3 1671178455185213 22.75 -68.0 0.4724660826687775 9
0004 0010 4 1671178455207553 29.25 -69.5 0.21475731030398976 9
0004 0014 4 1671178455208542 3.25 -57.5 0.47860200582032003 9
0004 0013 4 1671178455209490 -9.75 -61.0 1.5033011721279284 9
0004 0009 4 1671178455210454 19.5 -69.5 0.15339807878856412 9
0004 0002 4 1671178455211478 -39.0 -60.0 4.681709364626977 9
0004 0015 4 1671178455212450 9.75 -61.0 2.7120780329818137 9
0004 0004 4 1671178455213385 29.25 -59.5 2.8102528034064944 9
0004 0011 4 1671178455214443 -21.125 -71.5 6.129787228391022 9
0004 0005 4 1671178455215623 -42.3125 -73.0 3.497476196379262 9
0004 0013 5 1671178455237552 39.0 -60.0 6.013204688511713 9
0004 0002 5 1671178455238940 55.3125 -69.5 2.761165418194154 9
0004 0008 5 1671178455239888 22.75 -67.5 3.215223731408304 9
0004 0004 5 1671178455242174 -6.5 -62.5 4.473087977474529 9
0004 0009 5 1671178455243302 0.0 -58.0 1.6137477888556946 9
0004 0014 5 1671178455244553 -16.25 -58.5 5.810719224510809 9
0004 0015 5 1671178455246775 -7.3125 -61.5 1.932815792735908 9
0004 0011 5 1671178455248286 45.5625 -62.5 3.497476196379262 9
0004 0005 5 1671178455249208 -13.0 -62.5 2.2457478734645786 9
0004 0011 6 1671178455286034 16.25 -65.5 1.6137477888556946 9
0004 0008 6 1671178455287012 -29.25 -69.0 4.76147636559703 9
0004 0009 6 1671178455289558 16.25 -68.5 6.252505691421874 9
0004 0015 6 1671178455291210 -71.5625 -68.5 5.043728830567988 9
0004 0013 6 1671178455292161 -104.125 -68.0 3.3072625786814425 9
0004 0007 6 1671178455294659 52.0625 -67.0 1.4910293258248433 9
0004 0006 6 1671178455295609 -146.4375 -73.0 5.608233760509904 9
0004 0005 6 1671178455296801 -58.5625 -72.5 1.9757672547967058 9
0004 0010 6 1671178455297760 -16.25 -66.0 6.234097921967246 9
0004 0002 6 1671178455303008 -22.75 -76.5 0.9265243958829272 9
0004 0015 7 1671178455327219 42.3125 -71.5 2.791845033951867 9
0004 0009 7 1671178455328211 -45.5625 -65.5 2.435961491162398 9
0004 0004 7 1671178455329685 299.4375 -71.0 6.007068765360171 9
0004 0014 7 1671178455330633 113.875 -67.0 1.1044661672776617 9
0004 0013 7 1671178455331581 -107.375 -64.0 1.718058482431918 9
0004 0005 7 1671178455333354 55.3125 -71.5 5.497787143782138 9
0004 0011 8 1671178455356722 0.0 -63.0 5.129631754689584 9
0004 0015 8 1671178455358555 41.5 -66.5 2.442097414313941 9
0004 0014 8 1671178455359874 -58.5625 -70.0 4.0558452031696355 9
0004 0014 1 1671178455575962 -22.75 -69.0 4.184699589352029 9
0004 0015 1 1671178455576927 149.6875 -70.0 0.21475731030398976 9
0004 0005 1 1671178455580504 152.9375 -70.5 5.976389149602458 9
0004 0014 2 1671178455615889 -74.8125 -69.0 4.129476280988146 9
0004 0015 3 1671178455657532 -65.0625 -67.5 5.436427912266712 9
0004 0004 3 1671178455659063 -26.0 -67.0 5.976389149602458 9
0004 0005 3 1671178455661114 -100.875 -71.0 5.209398755659637 9
0004 0015 4 1671178455685822 65.875 -64.5 2.6139032625571326 9
0004 0004 4 1671178455687934 -19.5 -63.5 0.7792622402459057 9
0004 0002 4 1671178455690861 -39.0 -73.0 0.7363107781851077 9
0004 0006 4 1671178455691841 32.5 -60.0 0.2086213871524472 9
0004 0007 4 1671178455693513 48.8125 -70.5 1.7548740213411735 9
0004 0014 4 1671178455694506 -97.625 -71.0 4.595806440505381 9
0004 0005 4 1671178455695557 19.5 -70.0 6.12365130523948 9
0004 0004 5 1671178455715860 -26.0 -57.5 5.135767677841127 9
0004 0006 5 1671178455718905 35.75 -67.5 2.380738182798515 9
0004 0009 5 1671178455720145 0.0 -63.5 1.1596894756415448 9
0004 0011 5 1671178455721309 -30.875 -60.5 5.092816215780329 9
0004 0015 5 1671178455722239 13.0 -61.5 4.902602598082509 9
0004 0010 5 1671178455723441 74.8125 -69.0 4.552854978444583 9
0004 0003 5 1671178455724493 45.5625 -72.5 2.429825568010856 9
0004 0005 5 1671178455725414 -29.25 -65.5 0.5276893910326605 9
0004 0012 5 1671178455727053 -13.0 -71.0 5.798447378207723 9
0004 0008 5 1671178455730293 -130.1875 -72.0 2.736621725587984 9
0004 0000 5 1671178455732428 305.9375 -72.5 3.2704470397721868 9
0004 0002 5 1671178455734657 48.8125 -70.0 4.061981126321178 9
0004 0011 6 1671178455765822 17.0625 -60.0 4.749204519293945 9
0004 0010 6 1671178455767480 -110.625 -70.0 3.3870295796514958 9
0004 0004 6 1671178455768442 16.25 -71.5 5.338253141842031 9
0004 0006 6 1671178455769363 -19.5 -63.5 4.718524903536232 9
0004 0015 6 1671178455770354 68.3125 -70.5 4.773748211900116 9
0004 0001 6 1671178455771726 -48.8125 -72.0 3.5281558121369745 9
0004 0007 6 1671178455773196 -61.8125 -72.5 1.9082721001297376 9
0004 0008 6 1671178455774357 117.125 -71.0 5.203262832508095 9
0004 0012 6 1671178455777380 39.0 -70.5 1.012427320004523 9
0004 0007 7 1671178455795874 -32.5 -68.0 3.2336315008629315 9
0004 0015 7 1671178455796835 -22.75 -67.0 4.491495746929157 9
0004 0011 7 1671178455798023 21.125 -61.5 4.338097668140593 9
0004 0004 7 1671178455800434 -65.0625 -64.0 1.9573594853420782 9
0004 0008 7 1671178455801410 -65.0625 -68.5 4.374913207049849 9
0004 0009 7 1671178455802842 55.3125 -66.5 3.3072625786814425 9
0004 0015 8 1671178455827227 13.0 -66.5 4.884194828627882 9
0004 0014 8 1671178455830160 87.875 -67.5 2.2641556429192065 9
0004 0004 8 1671178455831322 91.125 -72.0 6.1420590746941075 9
