0004 0011 1 1671178846395893 39.0 -65.5 2.6691265709210157 10
0004 0014 1 1671178846396884 68.3125 -58.5 4.601942363656923 10
0004 0012 1 1671178846399948 -52.0625 -70.0 5.135767677841127 10
0004 0015 1 1671178846401706 -218.0625 -65.5 2.705942109830271 10
0004 0004 1 1671178846404830 -55.3125 -64.5 2.8286605728611223 10
0004 0002 1 1671178846405910 -19.5 -67.0 3.77972866135022 10
0004 0004 2 1671178846427516 -13.0 -62.0 4.190835512503572 10
0004 0012 2 1671178846428847 3.25 -68.5 3.6201946594101133 10
0004 0014 2 1671178846429825 -19.5 -64.0 0.8713010875190442 10
0004 0009 2 1671178846431455 -94.375 -65.0 5.565282298449106 10
0004 0015 2 1671178846432361 -113.875 -67.0 4.080388895775806 10
0004 0013 3 1671178846457982 19.5 -70.0 6.080699843178682 10
0004 0012 3 1671178846460923 -97.625 -64.5 3.767456815047135 10
0004 0004 3 1671178846464153 -22.75 -68.5 5.037592907416445 10
0004 0009 3 1671178846466023 -110.625 -69.5 5.595961914206819 10
0004 0015 3 1671178846468705 19.5 -68.5 4.129476280988146 10
0004 0015 4 1671178846496189 -29.25 -65.0 3.9638063558964967 10
0004 0013 4 1671178846497422 -65.0625 -68.0 4.9823695990525625 10
0004 0011 4 1671178846499128 187.125 -70.0 5.798447378207723 10
0004 0014 4 1671178846500568 6.5 -62.5 1.3130875544301088 10
0004 0001 4 1671178846501532 13.0 -70.0 4.28287435977671 10
0004 0005 4 1671178846504795 -45.5625 -70.0 2.3439226438892597 10
0004 0000 4 1671178846508304 -22.75 -74.0 4.871922982324796 10
0004 0003 4 1671178846514367 87.875 -75.5 1.5707963267948966 10
0004 0004 5 1671178846536396 -45.5625 -59.0 2.816388726558037 10
0004 0015 5 1671178846537572 -48.8125 -68.5 1.6137477888556946 10
0004 0002 5 1671178846539390 94.375 -72.0 3.736777199289422 10
0004 0007 5 1671178846540325 3.25 -58.5 3.2827188860752723 10
0004 0006 5 1671178846541521 -263.625 -70.0 5.289165756629691 10
0004 0005 5 1671178846544509 -39.0 -70.5 3.5036121195308043 10
0004 0003 5 1671178846546228 42.3125 -73.5 1.9941750242513334 10
0004 0001 6 1671178846566122 -41.5 -63.0 3.8410878928656453 10
0004 0012 6 1671178846567567 110.625 -70.5 4.215379205109742 10
0004 0005 6 1671178846569046 136.6875 -71.0 2.055534255766759 10
0004 0011 6 1671178846569978 87.875 -70.5 1.5401167110371838 10
0004 0004 6 1671178846570953 6.5 -58.5 0.9510680884890975 10
0004 0015 6 1671178846572648 -68.3125 -65.0 3.117048960983623 10
0004 0006 6 1671178846574917 32.5 -61.5 2.36846633649543 10
0004 0002 6 1671178846576806 29.25 -65.5 2.9513790358919736 10
0004 0014 6 1671178846577726 -68.3125 -66.5 4.675573441475434 10
0004 0014 7 1671178846596913 -152.9375 -62.0 2.141437179888355 10
0004 0015 7 1671178846599658 -26.0 -66.0 4.135612204139688 10
0004 0012 7 1671178846600592 29.25 -67.5 4.264466590322082 10
0004 0004 7 1671178846601670 48.8125 -64.5 2.356194490192345 10
0004 0011 7 1671178846602845 136.6875 -70.0 2.9022916506796332 10
0004 0002 7 1671178846607455 -133.4375 -71.5 3.933126740138784 10
0004 0015 8 1671178846638294 55.3125 -67.5 0.6688156235181395 10
0004 0010 8 1671178846640132 71.5625 -70.5 5.301437602932776 10
0004 0015 1 1671178846856829 -9.75 -61.5 1.4051264017032472 10
0004 0007 1 1671178846857870 -29.25 -70.0 0.4049709280018093 10
0004 0012 1 1671178846858845 22.75 -64.0 0.3129320807286708 10
0004 0006 1 1671178846860057 -234.3125 -70.5 5.878214379177777 10
0004 0004 1 1671178846861035 -29.25 -70.0 5.21553467881118 10
0004 0011 1 1671178846861968 26.0 -61.5 0.46019423636569234 10
0004 0014 1 1671178846863127 35.75 -61.5 4.7307967498393175 10
0004 0002 1 1671178846864722 -55.3125 -68.5 1.086058397823034 10
0004 0011 2 1671178846896403 34.9375 -62.0 3.08636934522591 10
0004 0009 2 1671178846901205 13.0 -64.5 3.055689729468197 10
0004 0012 2 1671178846902180 -3.25 -60.0 3.7981364308048478 10
0004 0015 2 1671178846905173 22.75 -70.0 1.6014759425526093 10
0004 0004 2 1671178846909951 -19.5 -67.0 0.9326603190344698 10
0004 0008 2 1671178846919540 78.0625 -68.5 1.9634954084936207 10
0004 0007 3 1671178846947596 -32.5 -68.5 5.393476450205914 10
0004 0008 3 1671178846951108 -42.3125 -70.5 1.282407938672396 10
0004 0015 3 1671178846953991 -17.0625 -69.5 3.749049045592507 10
0004 0012 4 1671178846975829 -9.75 -66.0 4.632621979414636 10
0004 0011 4 1671178846977852 10.5625 -57.0 2.012582793705961 10
0004 0005 4 1671178846980857 13.0 -70.0 4.147884050442774 10
0004 0014 4 1671178846981777 13.0 -63.5 2.405281875404685 10
0004 0015 4 1671178846982780 13.0 -62.5 0.36815538909255385 10
0004 0000 4 1671178846985833 211.5625 -74.5 6.258641614573416 10
0004 0004 5 1671178847006705 35.75 -63.0 2.5770877236478773 10
0004 0014 5 1671178847008763 110.625 -65.0 1.9266798695843652 10
0004 0007 5 1671178847009828 32.5 -61.0 3.877903431774901 10
0004 0005 5 1671178847015769 146.4375 -71.5 2.816388726558037 10
0004 0012 6 1671178847055963 35.75 -59.5 2.9636508821950587 10
0004 0005 6 1671178847057141 61.8125 -68.0 1.3499030933393643 10
0004 0002 6 1671178847058135 29.25 -66.0 1.1044661672776617 10
0004 0014 6 1671178847060725 -9.75 -59.5 4.178563666200486 10
0004 0006 6 1671178847061648 26.0 -61.5 3.4054373491061236 10
0004 0009 6 1671178847062625 -32.5 -68.0 2.3439226438892597 10
0004 0004 6 1671178847063575 42.3125 -61.5 0.8406214717613314 10
0004 0001 6 1671178847064937 29.25 -67.5 0.2086213871524472 10
0004 0015 6 1671178847066396 74.8125 -69.0 1.8714565612204823 10
0004 0002 7 1671178847096367 26.0 -68.5 2.7857091108003242 10
0004 0012 7 1671178847098168 -68.3125 -66.5 4.792155981354743 10
0004 0015 7 1671178847099157 -45.5625 -64.5 5.47937937432751 10
0004 0004 7 1671178847100122 -55.3125 -67.0 0.7301748550335652 10
0004 0011 7 1671178847101338 159.5 -67.0 3.7122335066832517 10
0004 0014 7 1671178847102328 16.25 -62.5 2.12916533358527 10
0004 0015 8 1671178847126415 91.125 -67.5 2.1966604882522383 10
0004 0011 8 1671178847127390 59.375 -70.5 4.767612288748572 10
0004 0004 8 1671178847128355 71.5625 -68.5 3.5833791205008576 10
0004 0012 8 1671178847130308 -32.5 -66.5 5.6941366846315 10
0004 0010 8 1671178847132238 195.25 -69.0 3.9392626632903265 10
0004 0011 1 1671178847345805 -24.375 -61.0 5.056000676871073 10
0004 0002 1 1671178847347195 13.0 -70.0 4.4362724385652745 10
0004 0004 1 1671178847348669 -16.25 -66.0 3.6570101983193686 10
0004 0015 1 1671178847349600 13.0 -60.0 4.399456899656019 10
0004 0012 1 1671178847351540 22.75 -62.5 1.7303303287350031 10
0004 0007 1 1671178847352481 52.0625 -65.0 6.056156150572511 10
0004 0014 1 1671178847353442 78.0625 -63.0 2.509592568980909 10
0004 0008 2 1671178847385793 387.3125 -71.5 5.289165756629691 10
0004 0011 2 1671178847386795 48.8125 -63.5 1.3621749396424494 10
0004 0014 2 1671178847388453 -68.3125 -59.0 5.712544454086128 10
0004 0015 2 1671178847389668 -22.75 -65.0 0.42337869745643697 10
0004 0012 2 1671178847391340 -16.25 -60.5 6.135923151542564 10
0004 0009 3 1671178847418877 32.5 -65.5 2.0371264863121317 10
0004 0012 3 1671178847421341 -58.5625 -69.0 5.47937937432751 10
0004 0013 4 1671178847455892 6.5 -70.0 1.5830681730979816 10
0004 0014 4 1671178847457324 29.25 -62.0 3.767456815047135 10
0004 0000 4 1671178847458317 -172.5 -72.0 4.135612204139688 10
0004 0003 4 1671178847459312 -260.375 -74.5 1.945087639038993 10
0004 0011 4 1671178847460482 22.75 -59.5 5.307573526084319 10
0004 0005 4 1671178847463108 146.4375 -67.0 0.9019807032767571 10
0004 0015 4 1671178847464093 -6.5 -61.5 0.02454369260617026 10
0004 0015 5 1671178847488757 52.0625 -67.0 0.28838838812250056 10
0004 0007 5 1671178847489708 -39.0 -63.5 5.460971604872882 10
0004 0014 5 1671178847493435 58.5625 -71.0 2.748893571891069 10
0004 0002 5 1671178847496860 3.25 -71.5 3.06182565261974 10
0004 0004 5 1671178847497799 -55.3125 -71.0 4.196971435655114 10
0004 0002 6 1671178847525848 16.25 -71.5 3.5281558121369745 10
0004 0006 6 1671178847526796 9.75 -64.0 0.4540583132141498 10
0004 0004 6 1671178847527973 26.0 -59.0 2.650718801466388 10
0004 0005 6 1671178847529448 -97.625 -74.0 2.9820586516496865 10
0004 0014 6 1671178847531332 42.3125 -66.5 0.2454369260617026 10
0004 0015 6 1671178847532264 -100.875 -69.5 1.0246991663076084 10
0004 0002 7 1671178847557203 -35.75 -70.0 0.01227184630308513 10
0004 0006 7 1671178847558139 35.75 -64.5 5.755495916146925 10
0004 0014 7 1671178847559598 55.3125 -61.5 1.7855536370988863 10
0004 0015 7 1671178847561069 -35.75 -62.5 0.18407769454627693 10
0004 0011 7 1671178847563089 -38.1875 -68.0 1.9696313316451632 10
0004 0001 7 1671178847565126 -62.625 -70.0 4.589670517353839 10
0004 0015 8 1671178847585858 107.375 -70.0 1.1903690913992575 10
0004 0001 8 1671178847587288 65.875 -69.0 0.6565437772150544 10
0004 0010 8 1671178847589527 -22.75 -68.0 3.0495538063166547 10
0004 0014 8 1671178847590717 84.625 -69.0 0.8774370106705868 10
0004 0004 8 1671178847592103 -9.75 -60.5 3.5588354278946874 10
0004 0014 1 1671178847806414 -6.5 -61.0 1.9512235621905356 10
0004 0015 1 1671178847809093 -29.25 -60.0 4.97623367590102 10
0004 0011 1 1671178847810025 73.1875 -64.0 1.88986433067511 10
0004 0004 1 1671178847811043 16.25 -62.5 1.4419419406125027 10
0004 0007 1 1671178847812010 -29.25 -66.0 2.055534255766759 10
0004 0004 2 1671178847836599 -130.1875 -65.0 5.037592907416445 10
0004 0015 2 1671178847838153 -6.5 -64.5 0.6688156235181395 10
0004 0014 2 1671178847839671 -16.25 -63.5 2.018718716857504 10
0004 0011 2 1671178847840841 21.125 -67.0 3.4606606574700063 10
0004 0010 2 1671178847842174 -48.8125 -68.5 2.9022916506796332 10
0004 0001 2 1671178847843106 -90.3125 -70.0 2.2212041808584084 10
0004 0014 3 1671178847866098 -65.0625 -67.0 4.743068596142402 10
0004 0008 3 1671178847868636 94.375 -69.0 1.9512235621905356 10
0004 0011 3 1671178847869965 -24.375 -66.0 5.086680292628786 10
0004 0013 3 1671178847872246 -68.3125 -70.0 4.816699673960914 10
0004 0005 3 1671178847874371 -39.0 -71.0 0.5767767762450011 10
0004 0013 4 1671178847896583 -9.75 -61.5 1.8162332528565992 10
0004 0011 4 1671178847898136 0.0 -64.0 0.607456392002714 10
0004 0000 4 1671178847899133 55.3125 -71.5 0.018407769454627694 10
0004 0015 4 1671178847900329 0.0 -63.5 0.9633399347921826 10
0004 0005 4 1671178847901300 26.0 -70.5 2.1230294104337273 10
0004 0014 4 1671178847902489 45.5625 -62.0 5.3627968344482015 10
0004 0009 4 1671178847903595 -81.375 -70.5 2.7550294950426117 10
0004 0003 4 1671178847905085 48.8125 -76.5 3.6692820446224537 10
0004 0006 5 1671178847925883 -133.4375 -70.0 5.626641529964532 10
0004 0007 5 1671178847927327 -6.5 -61.5 4.6878452877785195 10
0004 0015 5 1671178847929069 175.75 -63.5 5.853670686571607 10
0004 0004 5 1671178847929989 -45.5625 -65.5 2.945243112740431 10
0004 0014 5 1671178847932982 -179.0 -70.0 2.767301341345697 10
0004 0006 6 1671178847969474 -26.0 -70.5 3.399301425954581 10
0004 0004 6 1671178847970391 3.25 -56.0 0.9326603190344698 10
0004 0002 6 1671178847971738 48.8125 -73.5 0.5092816215780329 10
0004 0015 6 1671178847972955 48.8125 -63.5 0.5951845456996288 10
0004 0007 6 1671178847974628 19.5 -72.0 4.509903516383785 10
0004 0013 6 1671178847975592 -22.75 -65.0 0.9940195505498954 10
0004 0014 6 1671178847977764 -84.625 -69.0 4.460816131171445 10
0004 0006 7 1671178847996694 29.25 -63.5 2.3746022596469727 10
0004 0004 7 1671178847997997 -22.75 -66.0 3.160000423044421 10
0004 0015 7 1671178847999846 107.375 -66.0 0.607456392002714 10
0004 0013 7 1671178848001264 152.9375 -68.5 4.779884135051658 10
0004 0002 7 1671178848003566 -29.25 -71.5 3.393165502803038 10
0004 0010 7 1671178848005419 -97.625 -70.5 4.81056375080937 10
0004 0001 7 1671178848008116 -6.5 -70.0 0.6320000846088841 10
0004 0010 8 1671178848036084 19.5 -68.0 0.5154175447295755 10
0004 0004 8 1671178848037542 19.5 -60.0 1.9144080232812801 10
0004 0014 8 1671178848039299 6.5 -65.0 2.3746022596469727 10
0004 0001 8 1671178848040476 -125.3125 -71.0 4.7307967498393175 10
0004 0015 8 1671178848042372 19.5 -73.5 5.9088939949354895 10
0004 0006 8 1671178848043438 -13.0 -74.5 3.380893656499953 10
0004 0004 1 1671178848255911 16.25 -63.0 0.2945243112740431 10
0004 0014 1 1671178848257357 39.0 -65.5 0.14112623248547898 10
0004 0015 1 1671178848258559 143.1875 -66.0 5.638913376267617 10
0004 0007 1 1671178848260488 -29.25 -65.5 4.227651051412827 10
0004 0008 1 1671178848261916 6.5 -70.5 5.638913376267617 10
0004 0009 1 1671178848262896 81.375 -70.0 1.2762720155208536 10
0004 0002 1 1671178848264955 -87.875 -68.5 4.509903516383785 10
0004 0009 2 1671178848294602 22.75 -66.5 5.031456984264903 10
0004 0014 2 1671178848296486 16.25 -66.5 3.3318062712876126 10
0004 0015 2 1671178848298788 -68.3125 -63.5 4.595806440505381 10
0004 0004 2 1671178848299977 16.25 -62.0 3.6140587362585705 10
0004 0010 2 1671178848300927 58.5625 -65.5 1.3560390164909069 10
0004 0012 2 1671178848301978 286.4375 -69.5 5.3627968344482015 10
0004 0015 3 1671178848331002 -133.4375 -69.5 5.019185137961818 10
0004 0008 3 1671178848335762 65.0625 -70.5 1.7978254834019713 10
0004 0007 3 1671178848338245 104.125 -71.5 0.1227184630308513 10
0004 0011 4 1671178848365797 205.0625 -67.0 6.135923151542564 10
0004 0005 4 1671178848367256 -52.0625 -68.5 1.368310862793992 10
0004 0014 4 1671178848369807 -26.0 -64.0 4.3933209765044765 10
0004 0000 4 1671178848371127 87.875 -73.5 4.442408361716817 10
0004 0015 4 1671178848372568 -13.0 -61.0 0.8651651643675016 10
0004 0009 4 1671178848373660 19.5 -67.5 1.4419419406125027 10
0004 0007 5 1671178848396524 42.3125 -62.5 6.160466844148735 10
0004 0015 5 1671178848397870 39.0 -68.0 1.0369710126106935 10
0004 0014 5 1671178848399059 42.3125 -65.5 1.2087768608538851 10
0004 0014 6 1671178848426114 -55.3125 -65.5 4.565126824747668 10
0004 0004 6 1671178848429007 42.3125 -61.0 0.9019807032767571 10
0004 0006 6 1671178848430183 81.375 -67.0 2.9513790358919736 10
0004 0007 6 1671178848433693 45.5625 -69.5 1.5155730184310134 10
0004 0005 6 1671178848434669 0.0 -72.5 2.12916533358527 10
0004 0015 7 1671178848457247 52.0625 -61.5 2.270291566070749 10
0004 0014 7 1671178848459348 -9.75 -62.0 5.190990986205009 10
0004 0006 7 1671178848460300 48.8125 -67.5 2.2580197197676637 10
0004 0012 7 1671178848462620 -120.4375 -69.5 1.2455923997631406 10
0004 0011 7 1671178848474190 -133.4375 -69.5 3.5895150436524004 10
0004 0010 7 1671178848479401 -123.6875 -71.0 3.7551849687440497 10
0004 0002 8 1671178848505807 0.0 -69.0 0.7240389318820226 10
0004 0015 8 1671178848507267 -48.8125 -70.0 5.246214294568893 10
0004 0006 8 1671178848508204 -87.875 -69.5 5.522330836388308 10
0004 0014 8 1671178848511480 -13.0 -65.5 0.9019807032767571 10
0004 0008 8 1671178848512428 -42.3125 -72.5 5.043728830567988 10
0004 0004 8 1671178848513392 -58.5625 -68.5 2.4911847995262812 10
0004 0010 8 1671178848514311 126.9375 -67.0 1.0492428589137786 10
0004 0015 1 1671178848726655 -30.875 -63.5 0.9081166264282996 10
0004 0012 1 1671178848728536 -9.75 -71.0 6.252505691421874 10
0004 0011 1 1671178848729839 6.5 -55.5 3.9453985864418692 10
0004 0002 1 1671178848730822 68.3125 -69.0 0.6504078540635119 10
0004 0014 1 1671178848731744 61.8125 -66.5 5.368932757599744 10
0004 0010 1 1671178848732706 55.3125 -69.5 5.2768939103266055 10
0004 0009 1 1671178848733753 19.5 -61.5 5.270757987175063 10
0004 0004 1 1671178848734704 -29.25 -68.5 3.773592738198677 10
0004 0006 1 1671178848736532 -65.0625 -65.0 4.09266074207889 10
0004 0007 1 1671178848739157 52.0625 -70.0 5.424156065963627 10
0004 0012 2 1671178848765836 45.5625 -66.0 4.154019973594316 10
0004 0010 2 1671178848767863 -52.0625 -68.5 3.9760782021995817 10
0004 0011 2 1671178848768823 -121.25 -66.0 2.380738182798515 10
0004 0009 2 1671178848769739 -9.75 -54.5 2.386874105950058 10
0004 0014 2 1671178848770675 -35.75 -66.5 5.356660911296659 10
0004 0004 2 1671178848771879 -32.5 -62.5 0.28225246497095796 10
0004 0015 2 1671178848772810 -71.5625 -69.0 0.34974761963792617 10
0004 0008 3 1671178848796369 -289.6875 -69.5 0.2270291566070749 10
0004 0007 3 1671178848798712 26.0 -69.0 6.258641614573416 10
0004 0015 3 1671178848800068 3.25 -62.0 0.3988350048502667 10
0004 0005 3 1671178848803568 -188.75 -70.0 5.896622148632405 10
0004 0000 3 1671178848811557 19.5 -72.0 3.380893656499953 10
0004 0005 4 1671178848846848 84.625 -70.5 5.295301679781233 10
0004 0012 4 1671178848848151 -39.0 -65.0 4.006757817957295 10
0004 0011 4 1671178848849362 -7.3125 -60.0 3.411573272257666 10
0004 0015 4 1671178848850253 -39.0 -64.5 4.546719055293041 10
0004 0014 4 1671178848852494 42.3125 -68.5 4.847379289718626 10
0004 0000 4 1671178848857649 113.875 -74.0 1.9266798695843652 10
0004 0015 5 1671178848886361 16.25 -66.0 1.7426021750380885 10
0004 0014 5 1671178848888133 -81.375 -59.5 0.0859029241215959 10
0004 0007 5 1671178848889946 9.75 -66.0 2.2212041808584084 10
0004 0012 5 1671178848892075 94.375 -68.5 2.9943304979527716 10
0004 0006 5 1671178848893426 -227.8125 -70.5 5.663457068873787 10
0004 0014 6 1671178848925780 39.0 -60.0 2.9391071895888885 10
0004 0012 6 1671178848926744 -26.0 -70.0 5.681864838328415 10
0004 0006 6 1671178848928914 42.3125 -67.0 3.3195344249845276 10
0004 0004 6 1671178848930586 -32.5 -61.0 5.8659425328746915 10
0004 0015 6 1671178848931985 19.5 -67.0 2.2641556429192065 10
0004 0012 7 1671178848956172 -16.25 -68.0 0.2086213871524472 10
0004 0014 7 1671178848957617 -81.375 -62.0 5.491651220630596 10
0004 0006 7 1671178848959416 52.0625 -64.5 4.111068511533518 10
0004 0004 7 1671178848961499 55.3125 -69.0 2.2641556429192065 10
0004 0015 7 1671178848962403 32.5 -62.0 3.2336315008629315 10
0004 0001 7 1671178848963394 -197.6875 -69.0 2.675262494072558 10
0004 0004 8 1671178848985906 -19.5 -59.5 5.0682725231741586 10
0004 0002 8 1671178848986787 -35.75 -67.5 3.9699422790480394 10
0004 0008 8 1671178848988471 48.8125 -69.0 1.718058482431918 10
0004 0009 8 1671178848989433 9.75 -65.5 5.6573211457222445 10
0004 0013 8 1671178848991319 16.25 -71.0 4.7307967498393175 10
0004 0014 8 1671178848993004 55.3125 -69.5 6.191146459906448 10
0004 0010 8 1671178848994587 45.5625 -66.0 3.4054373491061236 10
0004 0006 8 1671178848995852 45.5625 -71.5 1.1965050145508 10
0004 0011 8 1671178848997109 -65.875 -67.0 5.595961914206819 10
0004 0012 8 1671178848998044 -32.5 -69.0 2.3746022596469727 10
0004 0009 1 1671178849216117 42.3125 -61.5 3.0066023442558567 10
0004 0014 1 1671178849217305 22.75 -62.5 2.2089323345553233 10
0004 0002 1 1671178849218239 0.0 -70.5 4.853515212870168 10
0004 0008 1 1671178849219179 -29.25 -72.5 3.485204350076177 10
0004 0015 1 1671178849220623 -26.0 -66.5 3.2949907323783574 10
0004 0004 1 1671178849221815 -74.8125 -68.0 1.6505633277649499 10
0004 0011 1 1671178849222800 0.0 -55.5 2.435961491162398 10
0004 0012 1 1671178849223738 -9.75 -70.0 4.908738521234052 10
0004 0006 1 1671178849224650 -126.9375 -69.5 0.030679615757712823 10
0004 0007 1 1671178849225854 -68.3125 -66.0 3.3440781175906977 10
0004 0013 1 1671178849227684 325.5 -72.0 1.7916895602504288 10
0004 0000 1 1671178849232137 52.0625 -74.0 0.23930100291016002 10
0004 0009 2 1671178849256683 0.0 -61.0 0.2270291566070749 10
0004 0012 2 1671178849257622 48.8125 -66.0 0.8344855486097889 10
0004 0005 2 1671178849259071 -250.625 -71.5 3.5588354278946874 10
0004 0015 2 1671178849260271 32.5 -65.5 5.098952138931871 10
0004 0004 2 1671178849261500 -9.75 -64.5 4.23378697456437 10
0004 0014 2 1671178849262704 -91.125 -62.5 5.375068680751287 10
0004 0011 2 1671178849263605 -7.3125 -60.0 0.16566992509164924 10
0004 0008 2 1671178849266056 -123.6875 -71.0 5.037592907416445 10
0004 0010 2 1671178849268869 117.125 -69.5 0.7669903939428205 10
0004 0013 2 1671178849272427 -133.4375 -70.5 6.252505691421874 10
0004 0001 2 1671178849276861 -59.375 -70.0 4.822835597112456 10
0004 0011 3 1671178849296930 156.1875 -67.0 1.1535535524900022 10
0004 0012 3 1671178849298717 -48.8125 -69.0 2.5341362615870793 10
0004 0014 3 1671178849299795 123.6875 -66.5 2.705942109830271 10
0004 0008 3 1671178849300993 -9.75 -71.5 5.442563835418255 10
0004 0001 3 1671178849303683 3.25 -70.0 5.577554144752192 10
0004 0007 4 1671178849326167 29.25 -71.5 5.252350217720435 10
0004 0015 4 1671178849328235 26.0 -63.0 1.1903690913992575 10
0004 0011 4 1671178849329109 27.625 -63.5 1.6505633277649499 10
0004 0012 4 1671178849330467 26.0 -66.0 3.000466421104314 10
0004 0014 4 1671178849331942 87.875 -65.0 0.2270291566070749 10
0004 0014 5 1671178849356381 35.75 -65.5 0.8222137023067037 10
0004 0004 5 1671178849357957 240.875 -69.0 1.552388557340269 10
0004 0015 5 1671178849359967 58.5625 -64.5 1.3192234775816514 10
0004 0007 5 1671178849361600 -195.25 -67.0 3.067961575771282 10
0004 0004 6 1671178849385802 19.5 -63.5 0.25157284921324513 10
0004 0006 6 1671178849386710 45.5625 -69.5 5.859806609723149 10
0004 0015 6 1671178849387868 -26.0 -65.5 4.749204519293945 10
0004 0014 6 1671178849389825 29.25 -67.5 3.718369429834794 10
0004 0012 6 1671178849393155 -52.0625 -71.0 0.662679700366597 10
0004 0006 7 1671178849417689 19.5 -63.5 3.865631585471816 10
0004 0014 7 1671178849418661 0.0 -61.0 3.6999616603801666 10
0004 0015 7 1671178849419642 48.8125 -63.0 2.067806102069844 10
0004 0004 7 1671178849420577 -71.5625 -68.0 3.902447124381071 10
0004 0001 7 1671178849421794 -87.0625 -68.0 2.5954954931025047 10
0004 0002 8 1671178849446250 -26.0 -67.5 5.6573211457222445 10
0004 0004 8 1671178849447197 19.5 -63.0 0.4479223900626072 10
0004 0010 8 1671178849448173 -16.25 -69.5 3.8717675086233583 10
0004 0014 8 1671178849450099 16.25 -62.0 0.2638446955163303 10
0004 0011 8 1671178849454739 76.4375 -69.0 5.66959299202533 10
0004 0008 8 1671178849455645 -139.9375 -72.0 3.117048960983623 10
0004 0013 8 1671178849456679 42.3125 -71.5 5.350524988145116 10
0004 0006 8 1671178849457617 13.0 -69.0 2.0800779483729293 10
0004 0008 1 1671178849677214 26.0 -65.5 5.970253226450915 10
0004 0007 1 1671178849678690 -22.75 -60.5 0.03681553890925539 10
0004 0006 1 1671178849679685 68.3125 -68.0 3.043417883165112 10
0004 0011 1 1671178849680840 3.25 -58.0 5.491651220630596 10
0004 0004 1 1671178849681861 16.25 -63.0 5.227806525114265 10
0004 0014 1 1671178849683883 -58.5625 -67.0 4.76147636559703 10
0004 0009 1 1671178849684815 39.0 -67.0 0.28838838812250056 10
0004 0015 1 1671178849686427 29.25 -64.5 3.509748042682347 10
0004 0002 1 1671178849687396 -214.8125 -69.5 3.1354567304382504 10
0004 0010 1 1671178849688669 117.125 -72.0 0.8344855486097889 10
0004 0009 2 1671178849716370 13.0 -62.0 3.3072625786814425 10
0004 0001 2 1671178849717333 -145.625 -69.5 2.767301341345697 10
0004 0015 2 1671178849718500 0.0 -66.0 4.479223900626073 10
0004 0004 2 1671178849720736 3.25 -58.0 1.1290098598838318 10
0004 0013 2 1671178849721700 58.5625 -63.0 1.8407769454627694 10
0004 0010 2 1671178849723328 -26.0 -64.0 5.730952223540755 10
0004 0014 2 1671178849724782 -19.5 -67.5 4.859651136021712 10
0004 0011 2 1671178849726097 -13.8125 -60.0 1.6751070203711202 10
0004 0013 3 1671178849767571 52.0625 -67.0 1.4051264017032472 10
0004 0011 3 1671178849769690 -59.375 -65.0 5.418020142812084 10
0004 0014 3 1671178849770625 -104.125 -64.0 6.062292073724054 10
0004 0015 3 1671178849778294 -16.25 -68.5 2.024854640009046 10
0004 0004 4 1671178849806072 35.75 -68.5 3.0802334220743677 10
0004 0014 4 1671178849807290 -16.25 -70.0 1.7303303287350031 10
0004 0015 4 1671178849810963 29.25 -63.5 1.1535535524900022 10
0004 0014 5 1671178849836106 169.25 -69.0 1.9880391010997909 10
0004 0007 5 1671178849837284 -100.875 -63.5 6.191146459906448 10
0004 0015 5 1671178849838938 42.3125 -63.5 0.8713010875190442 10
0004 0013 5 1671178849841449 45.5625 -70.5 3.522019888985432 10
0004 0015 6 1671178849866885 -55.3125 -65.0 3.9699422790480394 10
0004 0014 6 1671178849867942 0.0 -68.0 4.693981210930062 10
0004 0004 6 1671178849868896 -42.3125 -67.5 4.086524818927348 10
0004 0013 7 1671178849896094 9.75 -63.5 5.375068680751287 10
0004 0015 7 1671178849897099 -61.8125 -66.5 1.9144080232812801 10
0004 0014 7 1671178849898291 -123.6875 -70.5 2.9084275738311756 10
0004 0010 7 1671178849901617 81.375 -68.5 4.7860200582032 10
0004 0006 7 1671178849902553 35.75 -64.0 3.693825737228624 10
0004 0002 8 1671178849927742 26.0 -70.0 6.277049384028044 10
0004 0015 8 1671178849928674 -32.5 -67.0 2.9513790358919736 10
0004 0004 8 1671178849930372 35.75 -63.5 1.0615147052168636 10
0004 0010 8 1671178849931463 188.75 -72.0 3.485204350076177 10
0004 0009 8 1671178849932397 -42.3125 -70.5 6.17273869045182 10
0004 0014 8 1671178849936322 -9.75 -64.0 1.0615147052168636 10
0004 0006 8 1671178849937871 -19.5 -67.0 3.6447383520162835 10
0004 0011 1 1671178850156677 13.8125 -60.5 0.8160777791551611 10
0004 0007 1 1671178850157701 32.5 -58.5 1.0676506283684062 10
0004 0002 1 1671178850159491 52.0625 -63.0 0.7301748550335652 10
0004 0004 1 1671178850160497 -65.0625 -67.5 3.2336315008629315 10
0004 0006 1 1671178850161415 -3.25 -63.5 1.2762720155208536 10
0004 0014 1 1671178850162563 -26.0 -64.5 0.37429131224409645 10
0004 0001 1 1671178850164953 93.5625 -71.0 4.779884135051658 10
0004 0008 1 1671178850166030 110.625 -68.0 2.7857091108003242 10
0004 0012 1 1671178850167207 -139.9375 -68.5 4.3933209765044765 10
0004 0015 1 1671178850170538 -100.875 -70.5 4.1417481272912315 10
0004 0000 1 1671178850173595 146.4375 -72.0 2.2457478734645786 10
0004 0009 2 1671178850203651 3.25 -59.5 0.6994952392758523 10
0004 0015 2 1671178850204868 111.4375 -66.0 1.3437671701878218 10
0004 0010 2 1671178850205887 61.8125 -63.0 3.141592653589793 10
0004 0004 2 1671178850207330 -45.5625 -56.5 5.853670686571607 10
0004 0001 2 1671178850208393 62.625 -69.5 1.41126232485479 10
0004 0012 2 1671178850213974 117.125 -67.5 4.06811704947272 10
0004 0008 2 1671178850214837 224.5625 -68.5 0.0859029241215959 10
0004 0011 2 1671178850215993 191.1875 -67.5 4.289010282928253 10
0004 0005 2 1671178850218069 110.625 -69.0 4.374913207049849 10
0004 0007 3 1671178850257862 -104.125 -70.0 4.706253057233147 10
0004 0015 3 1671178850259731 39.0 -65.5 0.4908738521234052 10
0004 0015 4 1671178850296681 -3.25 -60.5 4.884194828627882 10
0004 0014 4 1671178850298257 -97.625 -68.0 2.804116880254952 10
0004 0007 5 1671178850328002 58.5625 -66.5 1.705786636128833 10
0004 0015 5 1671178850329573 -61.8125 -60.0 2.5586799541932495 10
0004 0014 5 1671178850330494 -48.8125 -64.0 1.8100973297050567 10
0004 0015 6 1671178850355900 13.0 -65.5 4.620350133111551 10
0004 0004 6 1671178850357928 -22.75 -73.0 3.6570101983193686 10
0004 0014 6 1671178850359148 -65.0625 -63.5 5.013049214810275 10
0004 0007 6 1671178850360339 16.25 -70.0 3.6386024288647407 10
0004 0014 7 1671178850387447 276.625 -69.0 4.074252972624263 10
0004 0015 7 1671178850388583 -6.5 -62.5 2.6445828783148455 10
0004 0006 7 1671178850390017 -32.5 -66.5 3.5588354278946874 10
0004 0014 8 1671178850426719 3.25 -59.0 4.994641445355648 10
0004 0004 8 1671178850428029 -29.25 -69.0 3.834951969714103 10
0004 0006 8 1671178850429024 -113.875 -69.5 5.460971604872882 10
0004 0002 8 1671178850432018 42.3125 -66.0 1.9573594853420782 10
0004 0015 8 1671178850433009 78.0625 -68.0 1.9573594853420782 10
0004 0006 1 1671178850646139 -32.5 -60.0 3.2090878082567613 10
0004 0004 1 1671178850647044 -13.0 -66.5 5.473243451175968 10
0004 0011 1 1671178850647975 -13.8125 -51.5 3.706097583531709 10
0004 0007 1 1671178850649920 -26.0 -58.0 5.062136600022616 10
0004 0009 1 1671178850650868 -13.0 -56.0 5.375068680751287 10
0004 0003 1 1671178850651775 -91.125 -72.5 3.32567034813607 10
0004 0002 1 1671178850652769 65.0625 -62.0 4.6448938257177215 10
0004 0010 1 1671178850653734 198.5625 -69.0 4.325825821837508 10
0004 0012 1 1671178850654893 -22.75 -58.0 5.792311455056181 10
0004 0014 1 1671178850656922 -61.8125 -65.5 6.17273869045182 10
0004 0008 1 1671178850658282 -35.75 -61.5 0.3620194659410113 10
0004 0015 1 1671178850659258 32.5 -66.5 0.6013204688511713 10
0004 0006 2 1671178850686164 -149.6875 -66.0 2.8654761117703775 10
0004 0014 2 1671178850687124 3.25 -66.0 6.19728238305799 10
0004 0005 2 1671178850688093 136.6875 -66.5 5.184855063053467 10
0004 0004 2 1671178850689097 -19.5 -58.0 2.448233337465483 10
0004 0015 2 1671178850690496 -19.5 -63.0 6.240233845118788 10
0004 0012 2 1671178850691473 -29.25 -58.5 2.073942025221387 10
0004 0011 2 1671178850692434 -30.875 -56.5 2.1353012567368124 10
0004 0009 2 1671178850693579 13.0 -51.5 3.2888548092268146 10
0004 0010 2 1671178850695024 -58.5625 -63.5 4.460816131171445 10
0004 0008 2 1671178850695944 -78.0625 -64.0 2.1905245651006955 10
0004 0001 2 1671178850698304 -104.125 -65.5 5.399612373357457 10
0004 0012 3 1671178850727533 19.5 -67.5 5.5284667595398505 10
0004 0007 3 1671178850728472 -130.1875 -67.0 6.191146459906448 10
0004 0014 3 1671178850730491 52.0625 -69.0 2.3009711818284617 10
0004 0015 3 1671178850732660 -133.4375 -70.5 0.2699806186678728 10
0004 0011 4 1671178850758387 -83.0 -66.5 5.332117218690489 10
0004 0015 4 1671178850759362 26.0 -65.0 1.1167380135807468 10
0004 0012 4 1671178850761046 -3.25 -64.5 2.423689644859313 10
0004 0015 5 1671178850786101 -126.9375 -69.0 4.025165587411922 10
0004 0014 5 1671178850788155 29.25 -68.0 6.092971689481767 10
0004 0007 5 1671178850789138 319.0 -68.0 6.135923151542564 10
0004 0012 5 1671178850791431 78.0625 -69.0 1.5033011721279284 10
0004 0014 6 1671178850817689 -16.25 -63.5 3.9208548938356986 10
0004 0007 6 1671178850819494 55.3125 -68.5 2.8777479580734626 10
0004 0012 6 1671178850820457 -29.25 -65.0 5.313709449235861 10
0004 0015 6 1671178850822186 35.75 -72.5 4.301282129231338 10
0004 0012 7 1671178850846150 -68.3125 -70.0 4.381049130201391 10
0004 0014 7 1671178850853307 -68.3125 -71.0 4.878058905476339 10
0004 0004 8 1671178850875933 107.375 -68.5 1.8346410223112268 10
0004 0006 8 1671178850877138 -84.625 -68.0 4.28287435977671 10
0004 0010 8 1671178850878029 58.5625 -72.5 2.9513790358919736 10
0004 0014 8 1671178850879714 -13.0 -62.5 4.430136515413731 10
0004 0015 8 1671178850880649 65.0625 -71.0 1.7241944055834606 10
0004 0002 8 1671178850882110 -19.5 -68.0 5.442563835418255 10
0004 0013 8 1671178850884717 61.8125 -70.0 3.724505352986337 10
0004 0011 8 1671178850887082 -21.125 -70.5 5.2768939103266055 10
0004 0014 1 1671178851105856 22.75 -62.5 0.3436116964863836 10
0004 0002 1 1671178851107304 19.5 -60.0 0.6872233929727672 10
0004 0012 1 1671178851108989 -6.5 -60.5 3.6324665057131984 10
0004 0001 1 1671178851110421 -114.6875 -67.0 0.1718058482431918 10
0004 0009 1 1671178851111353 26.0 -52.0 1.4419419406125027 10
0004 0006 1 1671178851112344 6.5 -60.5 3.6754179677739964 10
0004 0004 1 1671178851113295 19.5 -66.5 0.04295146206079795 10
0004 0011 1 1671178851114257 -38.1875 -54.5 5.338253141842031 10
0004 0015 1 1671178851115842 81.375 -70.0 2.0493983326152168 10
0004 0007 1 1671178851116735 -16.25 -56.5 6.111379458936394 10
0004 0008 1 1671178851118406 58.5625 -59.0 2.448233337465483 10
0004 0003 1 1671178851125643 -166.0 -73.0 6.209554229361076 10
0004 0004 2 1671178851146209 -19.5 -54.0 4.104932588381976 10
0004 0012 2 1671178851147157 6.5 -55.5 0.8774370106705868 10
0004 0013 2 1671178851148897 133.4375 -64.5 5.3198453723874035 10
0004 0008 2 1671178851150129 -52.0625 -65.5 4.356505437595221 10
0004 0014 2 1671178851151343 74.8125 -62.0 6.025476534814799 10
0004 0001 2 1671178851153026 22.75 -60.5 2.5341362615870793 10
0004 0009 2 1671178851154345 -68.3125 -56.5 5.792311455056181 10
0004 0011 2 1671178851155529 -24.375 -56.5 3.5281558121369745 10
0004 0006 2 1671178851157890 -9.75 -64.0 4.295146206079795 10
0004 0007 2 1671178851159071 -19.5 -66.5 2.3930100291016 10
0004 0010 2 1671178851163526 3.25 -66.0 4.651029748869264 10
0004 0003 2 1671178851174301 107.375 -69.5 2.073942025221387 10
0004 0000 2 1671178851181796 -205.0625 -69.0 4.516039439535327 10
0004 0005 2 1671178851189852 45.5625 -72.5 2.6813984172241008 10
0004 0014 3 1671178851216289 -48.8125 -68.0 5.031456984264903 10
0004 0015 3 1671178851218853 107.375 -69.0 0.6135923151542565 10
0004 0007 3 1671178851222027 22.75 -69.5 3.8963112012295285 10
0004 0015 4 1671178851263011 71.5625 -69.0 2.270291566070749 10
0004 0015 5 1671178851289700 -104.125 -66.0 2.086213871524472 10
0004 0004 6 1671178851318084 -19.5 -65.0 0.6320000846088841 10
0004 0014 6 1671178851319628 -22.75 -63.0 0.7179030087304801 10
0004 0015 6 1671178851320561 -35.75 -70.0 5.301437602932776 10
0004 0015 7 1671178851347171 42.3125 -69.5 4.669437518323892 10
0004 0006 7 1671178851348961 257.125 -69.0 1.8530487917658545 10
0004 0014 7 1671178851350747 42.3125 -70.0 4.9823695990525625 10
0004 0004 7 1671178851351684 -166.0 -69.0 2.724349879284899 10
0004 0002 8 1671178851375861 -45.5625 -67.5 0.4540583132141498 10
0004 0006 8 1671178851377906 -126.9375 -69.0 2.6139032625571326 10
0004 0004 8 1671178851378881 -3.25 -67.0 1.3989904785517047 10
0004 0015 8 1671178851379830 35.75 -70.0 3.5833791205008576 10
0004 0014 8 1671178851381232 22.75 -59.5 0.37429131224409645 10
