0004 0007 1 1671178975869011 -55.3125 -64.0 4.675573441475434 10
0004 0009 1 1671178975870299 -3.25 -67.5 2.6261751088602177 10
0004 0012 2 1671178975902048 -279.9375 -69.5 5.246214294568893 10
0004 0011 2 1671178975903938 27.625 -69.5 0.1349903093339364 10
0004 0005 3 1671178975935811 -22.75 -65.0 1.7119225592803755 10
0004 0001 3 1671178975937013 -93.5625 -64.5 0.2638446955163303 10
0004 0002 3 1671178975937977 -39.0 -67.5 5.080544369477243 10
0004 0004 3 1671178975939407 -22.75 -61.5 2.8532042654672924 10
0004 0007 3 1671178975943205 -81.375 -63.0 3.3624858870453256 10
0004 0015 3 1671178975945495 -39.0 -67.5 2.5832236467994196 10
0004 0012 3 1671178975946954 -84.625 -70.0 3.184544115650591 10
0004 0011 3 1671178975948145 156.1875 -69.0 2.8409324191642074 10
0004 0014 3 1671178975951305 224.5625 -69.5 2.890019804376548 10
0004 0007 4 1671178975976459 -3.25 -62.5 0.6565437772150544 10
0004 0006 4 1671178975977440 32.5 -65.5 2.380738182798515 10
0004 0004 4 1671178975978583 -6.5 -59.5 3.08636934522591 10
0004 0002 4 1671178975980728 -104.125 -67.5 3.785864584501762 10
0004 0015 4 1671178975982451 -42.3125 -61.0 4.025165587411922 10
0004 0011 4 1671178975983795 76.4375 -71.0 0.34974761963792617 10
0004 0005 4 1671178975984774 91.125 -73.5 4.755340442445488 10
0004 0010 5 1671178976016168 22.75 -66.5 0.9756117810952678 10
0004 0014 5 1671178976017940 22.75 -64.5 0.030679615757712823 10
0004 0013 5 1671178976018893 -117.125 -69.0 3.3440781175906977 10
0004 0004 5 1671178976020081 19.5 -60.0 0.34974761963792617 10
0004 0015 5 1671178976021268 -87.0625 -65.0 4.4976316700806995 10
0004 0002 5 1671178976027169 -39.0 -70.0 5.663457068873787 10
0004 0011 6 1671178976057158 7.3125 -65.0 4.957825906446392 10
0004 0014 6 1671178976059296 87.875 -64.0 1.1106020904292042 10
0004 0012 6 1671178976060980 152.9375 -70.0 2.82252464970958 10
0004 0015 6 1671178976062296 -97.625 -69.0 3.6570101983193686 10
0004 0002 6 1671178976063743 16.25 -71.0 5.915029918087033 10
0004 0004 7 1671178976087277 -305.9375 -70.5 4.430136515413731 10
0004 0009 7 1671178976089559 -81.375 -67.0 6.258641614573416 10
0004 0011 7 1671178976090519 65.875 -66.0 5.209398755659637 10
0004 0014 7 1671178976091850 -120.4375 -70.5 4.000621894805752 10
0004 0013 8 1671178976115921 -58.5625 -67.0 2.779573187648782 10
0004 0010 8 1671178976116868 -187.125 -73.0 3.9760782021995817 10
0004 0004 8 1671178976118254 13.0 -68.5 3.6140587362585705 10
0004 0012 8 1671178976119229 3.25 -70.5 4.657165672020807 10
0004 0015 8 1671178976120657 24.375 -74.5 6.1850105367549055 10
0004 0011 8 1671178976123019 24.375 -70.5 0.8958447801252144 10
0004 0014 8 1671178976124579 26.0 -62.0 4.516039439535327 10
0004 0009 8 1671178976125840 39.0 -65.0 1.7794177139473437 10
0004 0012 1 1671178976336106 -29.25 -67.5 5.927301764390117 10
0004 0007 1 1671178976340254 -19.5 -66.5 4.718524903536232 10
0004 0015 2 1671178976386872 38.1875 -69.5 5.098952138931871 10
0004 0011 2 1671178976389026 -13.0 -65.5 0.4663301595172349 10
0004 0012 2 1671178976391108 -130.1875 -67.0 1.9757672547967058 10
0004 0014 2 1671178976393009 -416.625 -72.5 5.344389064993574 10
0004 0004 3 1671178976416391 13.0 -63.5 0.006135923151542565 10
0004 0011 3 1671178976418000 -13.8125 -67.0 1.9389517158874505 10
0004 0005 3 1671178976419449 -74.8125 -65.5 6.22182607566416 10
0004 0001 3 1671178976421216 84.625 -66.5 3.6570101983193686 10
0004 0002 3 1671178976423117 3.25 -69.5 1.4296700943094176 10
0004 0006 3 1671178976438456 237.5625 -70.0 0.4172427743048944 10
0004 0002 4 1671178976465728 13.0 -73.5 0.3865631585471816 10
0004 0007 4 1671178976467201 3.25 -62.0 0.380427235395639 10
0004 0012 4 1671178976468108 22.75 -69.0 3.3318062712876126 10
0004 0015 4 1671178976469776 16.25 -64.5 0.6872233929727672 10
0004 0005 4 1671178976470714 -175.75 -69.0 4.0987966652304335 10
0004 0014 4 1671178976471675 -22.75 -67.0 1.509437095279471 10
0004 0004 4 1671178976472613 110.625 -64.5 0.6504078540635119 10
0004 0006 4 1671178976473575 9.75 -67.0 0.25770877236478773 10
0004 0003 4 1671178976474485 16.25 -73.5 0.8958447801252144 10
0004 0015 5 1671178976497551 -41.5 -65.0 0.6013204688511713 10
0004 0004 5 1671178976498482 0.0 -61.5 6.240233845118788 10
0004 0002 5 1671178976499410 -52.0625 -70.5 5.792311455056181 10
0004 0001 5 1671178976500368 17.0625 -70.5 4.448544284868359 10
0004 0010 5 1671178976501329 -9.75 -64.0 6.215690152512618 10
0004 0012 5 1671178976503433 -58.5625 -69.0 2.1905245651006955 10
0004 0006 5 1671178976504356 -387.3125 -70.0 2.9575149590435164 10
0004 0007 6 1671178976527417 -71.5625 -64.5 4.460816131171445 10
0004 0011 6 1671178976528976 152.9375 -69.5 6.264777537724958 10
0004 0015 6 1671178976529924 170.0625 -71.5 5.638913376267617 10
0004 0012 6 1671178976531604 -39.0 -60.0 2.6998061866787286 10
0004 0014 6 1671178976532580 19.5 -63.5 2.0800779483729293 10
0004 0002 6 1671178976533644 9.75 -70.0 4.921010367537137 10
0004 0009 7 1671178976556067 29.25 -62.0 3.448388811166921 10
0004 0014 7 1671178976557013 9.75 -66.0 5.663457068873787 10
0004 0012 7 1671178976558444 97.625 -62.0 4.957825906446392 10
0004 0011 7 1671178976562056 -22.75 -61.0 4.331961744989051 10
0004 0015 7 1671178976563202 45.5625 -67.0 6.191146459906448 10
0004 0009 8 1671178976585900 -22.75 -60.0 4.798291904506286 10
0004 0015 8 1671178976586832 48.8125 -65.5 0.944932165337555 10
0004 0004 8 1671178976587795 -16.25 -67.5 5.270757987175063 10
0004 0011 8 1671178976588727 -34.9375 -62.5 5.608233760509904 10
0004 0014 8 1671178976591381 -16.25 -59.0 5.6573211457222445 10
0004 0012 8 1671178976592827 -185.5 -71.0 4.589670517353839 10
0004 0007 8 1671178976595791 39.0 -73.0 3.749049045592507 10
0004 0009 1 1671178976817681 -61.8125 -62.5 5.50392306693368 10
0004 0012 1 1671178976819564 -6.5 -69.5 1.3499030933393643 10
0004 0008 1 1671178976821250 -78.0625 -68.5 4.025165587411922 10
0004 0007 1 1671178976824795 9.75 -67.5 2.859340188618835 10
0004 0010 1 1671178976825715 -69.125 -70.0 3.7122335066832517 10
0004 0015 2 1671178976847631 -55.3125 -66.5 0.3129320807286708 10
0004 0011 2 1671178976849215 83.0 -61.5 4.865787059173254 10
0004 0004 3 1671178976875837 -39.0 -68.0 0.30679615757712825 10
0004 0006 3 1671178976876785 9.75 -69.0 3.129320807286708 10
0004 0012 3 1671178976877690 3.25 -66.5 0.8160777791551611 10
0004 0005 3 1671178976880061 -172.5 -67.0 6.080699843178682 10
0004 0014 3 1671178976881986 84.625 -61.0 1.3499030933393643 10
0004 0014 4 1671178976916817 -6.5 -59.5 1.030835089459151 10
0004 0007 4 1671178976918124 -22.75 -59.0 0.2945243112740431 10
0004 0002 4 1671178976919032 19.5 -69.0 4.822835597112456 10
0004 0012 4 1671178976920718 22.75 -66.0 6.117515382087937 10
0004 0005 4 1671178976925149 143.1875 -71.5 4.7860200582032 10
0004 0015 4 1671178976926037 38.1875 -70.0 2.9329712664373457 10
0004 0015 5 1671178976955883 35.75 -65.5 1.4603497100671303 10
0004 0011 5 1671178976956871 55.3125 -67.5 4.178563666200486 10
0004 0006 5 1671178976957836 19.5 -68.0 5.123495831538041 10
0004 0004 5 1671178976958769 61.8125 -62.0 3.0066023442558567 10
0004 0002 5 1671178976959706 -45.5625 -69.5 2.411417798556228 10
0004 0010 5 1671178976961354 3.25 -61.5 2.2089323345553233 10
0004 0012 5 1671178976962860 374.3125 -71.0 2.6691265709210157 10
0004 0009 5 1671178976966277 71.5625 -67.5 3.423845118560751 10
0004 0008 5 1671178976974724 3.25 -72.5 6.264777537724958 10
0004 0012 6 1671178977005854 -42.3125 -65.0 5.289165756629691 10
0004 0015 6 1671178977008134 17.0625 -63.5 1.945087639038993 10
0004 0014 6 1671178977009338 16.25 -68.0 2.2641556429192065 10
0004 0010 6 1671178977010541 -22.75 -70.0 3.411573272257666 10
0004 0011 6 1671178977011460 59.375 -67.5 3.06182565261974 10
0004 0002 6 1671178977012398 55.3125 -74.5 2.2150682577068657 10
0004 0007 6 1671178977013734 52.0625 -70.0 0.7792622402459057 10
0004 0009 7 1671178977036419 -149.6875 -62.5 5.270757987175063 10
0004 0011 7 1671178977038442 22.75 -60.0 5.166447293598839 10
0004 0012 7 1671178977039405 -42.3125 -60.0 3.485204350076177 10
0004 0007 7 1671178977041544 -3.25 -71.5 3.5342917352885173 10
0004 0015 7 1671178977043015 -22.75 -65.5 1.7732817907958012 10
0004 0014 7 1671178977045480 107.375 -70.0 0.04295146206079795 10
0004 0007 8 1671178977066157 -3.25 -68.5 5.105088062083414 10
0004 0011 8 1671178977069074 13.8125 -60.5 1.030835089459151 10
0004 0014 8 1671178977071185 35.75 -61.5 5.896622148632405 10
0004 0012 8 1671178977072558 -68.3125 -64.5 4.270602513473625 10
0004 0015 8 1671178977073488 16.25 -67.0 2.6445828783148455 10
0004 0009 8 1671178977074423 13.0 -63.0 0.23316507975861744 10
0004 0008 8 1671178977076621 52.0625 -71.5 5.117359908386499 10
0004 0003 8 1671178977080309 221.3125 -76.0 6.019340611663256 10
0004 0009 1 1671178977295815 -3.25 -60.5 6.12365130523948 10
0004 0015 1 1671178977296722 -29.25 -68.5 3.172272269347506 10
0004 0007 1 1671178977298409 61.8125 -67.5 2.3316507975861747 10
0004 0002 1 1671178977301148 3.25 -73.5 2.5034566458293663 10
0004 0008 1 1671178977306542 -104.125 -70.5 4.276738436625168 10
0004 0005 1 1671178977308514 -35.75 -72.0 0.28838838812250056 10
0004 0015 2 1671178977338373 97.625 -64.0 1.8837284075235674 10
0004 0011 2 1671178977339260 24.375 -64.0 0.3436116964863836 10
0004 0004 3 1671178977366779 29.25 -67.5 3.7122335066832517 10
0004 0012 3 1671178977368140 -65.0625 -65.5 0.8774370106705868 10
0004 0007 3 1671178977369673 68.3125 -64.5 5.3627968344482015 10
0004 0015 3 1671178977370863 166.0 -67.0 6.031612457966341 10
0004 0002 4 1671178977406117 113.875 -69.5 0.36815538909255385 10
0004 0012 4 1671178977407916 -143.1875 -67.0 5.835262917116979 10
0004 0007 4 1671178977409103 6.5 -59.0 3.3870295796514958 10
0004 0015 4 1671178977410303 0.0 -63.5 4.76147636559703 10
0004 0004 4 1671178977411258 61.8125 -65.0 0.3620194659410113 10
0004 0014 4 1671178977412432 3.25 -65.0 4.945554060143307 10
0004 0002 5 1671178977435966 13.0 -70.5 3.80427235395639 10
0004 0004 5 1671178977440333 0.0 -66.5 3.509748042682347 10
0004 0006 5 1671178977441318 -107.375 -67.5 6.252505691421874 10
0004 0010 5 1671178977442503 7.3125 -65.0 3.6447383520162835 10
0004 0015 5 1671178977446636 93.5625 -70.0 0.09203884727313846 10
0004 0015 6 1671178977475812 -6.5 -62.0 4.23378697456437 10
0004 0007 6 1671178977477291 -61.8125 -71.5 2.184388641949153 10
0004 0001 6 1671178977478239 -39.0 -71.0 1.6137477888556946 10
0004 0014 6 1671178977480208 39.0 -66.5 3.32567034813607 10
0004 0006 6 1671178977481669 -9.75 -70.5 3.4054373491061236 10
0004 0010 6 1671178977484076 107.375 -71.0 0.1349903093339364 10
0004 0014 7 1671178977506886 -22.75 -59.5 1.6198837120072371 10
0004 0007 7 1671178977507946 0.0 -65.5 0.8099418560036186 10
0004 0010 7 1671178977508928 94.375 -65.5 5.8659425328746915 10
0004 0011 7 1671178977510624 -45.5625 -58.5 4.086524818927348 10
0004 0015 7 1671178977511837 -3.25 -65.5 3.9269908169872414 10
0004 0011 8 1671178977536486 10.5625 -60.0 5.203262832508095 10
0004 0015 8 1671178977539486 -62.625 -70.0 3.9085830475326135 10
0004 0007 8 1671178977540396 -126.9375 -68.0 3.3011266555298997 10
0004 0014 8 1671178977541356 -9.75 -64.5 3.7981364308048478 10
0004 0012 8 1671178977542932 -87.875 -72.5 2.429825568010856 10
0004 0008 8 1671178977544288 68.3125 -72.0 2.7979809571034093 10
0004 0002 8 1671178977545482 -110.625 -73.5 4.743068596142402 10
0004 0005 1 1671178977755935 -35.75 -68.0 4.540583132141498 10
0004 0015 1 1671178977765806 -121.25 -68.5 2.662990647769473 10
0004 0014 1 1671178977766780 13.0 -62.0 4.792155981354743 10
0004 0009 1 1671178977768224 -55.3125 -60.5 4.3074180523828804 10
0004 0013 1 1671178977769499 94.375 -66.0 4.466952054322987 10
0004 0007 1 1671178977770376 3.25 -66.0 2.2089323345553233 10
0004 0011 1 1671178977773161 -79.75 -65.5 2.448233337465483 10
0004 0008 1 1671178977775599 250.625 -71.5 2.098485717827557 10
0004 0000 1 1671178977782325 97.625 -73.0 5.792311455056181 10
0004 0010 2 1671178977807693 3.25 -70.5 1.8653206380689396 10
0004 0011 2 1671178977808738 13.8125 -63.5 5.497787143782138 10
0004 0014 2 1671178977809701 3.25 -66.0 5.074408446325701 10
0004 0013 2 1671178977810654 -133.4375 -65.5 5.350524988145116 10
0004 0015 2 1671178977812578 -29.25 -65.0 2.8961557275280905 10
0004 0014 3 1671178977846111 123.6875 -66.0 2.5893595699509624 10
0004 0007 3 1671178977847556 -35.75 -63.0 5.9088939949354895 10
0004 0015 3 1671178977849013 69.125 -63.5 5.313709449235861 10
0004 0004 3 1671178977850210 133.4375 -68.5 2.435961491162398 10
0004 0006 3 1671178977851910 305.9375 -68.5 2.2948352586769194 10
0004 0015 4 1671178977876883 19.5 -61.5 4.546719055293041 10
0004 0014 4 1671178977878185 -6.5 -65.0 2.5402721847386216 10
0004 0002 4 1671178977879365 35.75 -70.5 5.098952138931871 10
0004 0007 4 1671178977880994 -22.75 -58.5 3.485204350076177 10
0004 0006 4 1671178977882344 -35.75 -67.0 3.5342917352885173 10
0004 0004 4 1671178977883306 -6.5 -69.0 0.8958447801252144 10
0004 0004 5 1671178977907169 -39.0 -64.0 4.71238898038469 10
0004 0010 5 1671178977908131 55.3125 -62.5 2.5402721847386216 10
0004 0002 5 1671178977910927 -91.125 -69.0 5.872078456026235 10
0004 0011 5 1671178977911933 139.9375 -72.5 5.93343768754166 10
0004 0006 5 1671178977914649 29.25 -69.0 1.1351457830353744 10
0004 0013 6 1671178977945880 42.3125 -66.0 0.7731263170943632 10
0004 0011 6 1671178977947891 34.9375 -67.5 5.356660911296659 10
0004 0010 6 1671178977950011 22.75 -60.5 1.1719613219446299 10
0004 0015 6 1671178977951208 -19.5 -64.5 4.3933209765044765 10
0004 0006 6 1671178977952397 -3.25 -65.0 4.693981210930062 10
0004 0014 6 1671178977953402 6.5 -62.0 0.22089323345553233 10
0004 0011 7 1671178977976163 -135.0625 -60.5 4.252194744018997 10
0004 0007 7 1671178977979605 35.75 -65.0 0.16566992509164924 10
0004 0015 7 1671178977980621 6.5 -68.5 3.822680123411018 10
0004 0001 8 1671178978006089 83.0 -71.0 2.018718716857504 10
0004 0007 8 1671178978007822 87.875 -71.5 2.5709518004963345 10
0004 0011 8 1671178978009235 38.1875 -64.5 5.350524988145116 10
0004 0013 8 1671178978010184 13.0 -67.0 2.1782527187976104 10
0004 0010 8 1671178978011370 16.25 -66.0 4.362641360746763 10
0004 0014 8 1671178978013013 -65.0625 -70.0 1.6137477888556946 10
0004 0012 8 1671178978013961 169.25 -71.5 1.41126232485479 10
0004 0012 1 1671178978236390 -120.4375 -69.0 3.877903431774901 10
0004 0009 1 1671178978237337 -48.8125 -70.0 5.178719139901925 10
0004 0007 1 1671178978238784 29.25 -66.5 5.620505606812989 10
0004 0011 1 1671178978239985 -62.625 -62.5 4.540583132141498 10
0004 0015 1 1671178978241678 0.0 -70.5 3.3502140407422405 10
0004 0008 1 1671178978243113 195.25 -71.0 4.571262747899211 10
0004 0014 1 1671178978244658 -65.0625 -71.0 4.3503695144436785 10
0004 0010 1 1671178978245649 185.5 -72.0 2.742757648739526 10
0004 0002 1 1671178978246869 97.625 -69.5 3.147728576741336 10
0004 0009 2 1671178978276105 -244.125 -69.5 5.681864838328415 10
0004 0011 2 1671178978278455 21.125 -63.0 2.6568547246179306 10
0004 0014 2 1671178978281002 -32.5 -65.5 2.435961491162398 10
0004 0014 3 1671178978307531 -78.0625 -64.0 3.3624858870453256 10
0004 0007 3 1671178978309107 -58.5625 -65.0 3.313398501832985 10
0004 0006 3 1671178978310298 -74.8125 -72.5 5.6143696836614465 10
0004 0014 4 1671178978336083 19.5 -62.0 3.2213596545598464 10
0004 0007 4 1671178978337287 -9.75 -60.0 1.055378782065321 10
0004 0011 4 1671178978338192 -73.1875 -69.5 4.706253057233147 10
0004 0015 4 1671178978343175 -90.3125 -68.5 0.9633399347921826 10
0004 0004 5 1671178978366151 35.75 -64.0 1.3560390164909069 10
0004 0002 5 1671178978369329 123.6875 -70.0 1.6751070203711202 10
0004 0006 5 1671178978370273 0.0 -67.0 3.5833791205008576 10
0004 0010 5 1671178978371838 -113.875 -70.5 5.4671075280244255 10
0004 0004 6 1671178978406455 68.3125 -68.5 2.2518837966161214 10
0004 0014 6 1671178978408548 13.0 -58.5 5.3198453723874035 10
0004 0015 6 1671178978411565 -19.5 -65.0 5.160311370447297 10
0004 0006 6 1671178978412645 16.25 -63.5 1.9819031779482483 10
0004 0011 6 1671178978414509 -7.3125 -68.0 2.9820586516496865 10
0004 0010 6 1671178978417339 -111.4375 -70.5 3.031146036862027 10
0004 0011 7 1671178978447495 0.0 -65.5 4.994641445355648 10
0004 0009 7 1671178978448690 123.6875 -67.5 5.638913376267617 10
0004 0014 7 1671178978450147 -29.25 -61.5 2.7550294950426117 10
0004 0007 7 1671178978453430 -16.25 -67.5 4.540583132141498 10
0004 0008 7 1671178978454368 -58.5625 -69.0 3.429981041712294 10
0004 0015 7 1671178978455328 78.0625 -66.5 5.45483568172134 10
0004 0012 7 1671178978456249 -35.75 -66.0 3.3318062712876126 10
0004 0002 7 1671178978458119 52.0625 -67.5 0.944932165337555 10
0004 0004 7 1671178978460815 188.75 -69.0 3.3072625786814425 10
0004 0012 8 1671178978486434 -45.5625 -64.0 3.9944859716542096 10
0004 0009 8 1671178978487367 19.5 -61.0 0.6872233929727672 10
0004 0008 8 1671178978488287 39.0 -71.0 4.755340442445488 10
0004 0004 8 1671178978489237 29.25 -64.5 2.380738182798515 10
0004 0014 8 1671178978490921 -16.25 -66.0 4.246058820867455 10
0004 0010 8 1671178978493128 -9.75 -62.5 3.153864499892878 10
0004 0015 8 1671178978496226 90.3125 -68.0 2.5770877236478773 10
0004 0013 8 1671178978498017 -393.8125 -76.5 5.626641529964532 10
0004 0014 1 1671178978717944 -113.875 -70.5 3.785864584501762 10
0004 0009 1 1671178978718847 3.25 -62.5 1.1658253987930873 10
0004 0010 1 1671178978719797 -58.5625 -68.5 4.902602598082509 10
0004 0011 1 1671178978724901 45.5625 -68.0 3.8717675086233583 10
0004 0008 1 1671178978725850 117.125 -71.5 5.325981295538946 10
0004 0012 1 1671178978726870 58.5625 -68.0 1.086058397823034 10
0004 0007 1 1671178978727749 32.5 -68.0 1.576932249946439 10
0004 0012 2 1671178978755892 91.125 -67.0 1.1474176293384597 10
0004 0015 2 1671178978757934 234.3125 -65.0 1.1658253987930873 10
0004 0011 2 1671178978759385 -7.3125 -59.5 4.1417481272912315 10
0004 0015 3 1671178978786055 -42.3125 -67.5 0.06135923151542565 10
0004 0014 3 1671178978787880 -6.5 -60.5 2.3009711818284617 10
0004 0005 4 1671178978825830 -156.1875 -74.5 0.9019807032767571 10
0004 0007 4 1671178978826809 -143.1875 -71.0 4.049709280018092 10
0004 0012 4 1671178978828266 -19.5 -63.5 4.405592822807561 10
0004 0014 4 1671178978830645 16.25 -57.0 1.9880391010997909 10
0004 0015 4 1671178978832047 26.0 -68.0 3.6876898140770815 10
0004 0010 5 1671178978858459 -130.1875 -69.5 5.0253210611133605 10
0004 0002 5 1671178978860903 -52.0625 -70.5 1.5830681730979816 10
0004 0006 5 1671178978862305 250.625 -67.5 2.5709518004963345 10
0004 0011 5 1671178978866000 -218.875 -70.5 5.730952223540755 10
0004 0014 6 1671178978887319 0.0 -58.0 4.847379289718626 10
0004 0006 6 1671178978888244 -9.75 -63.0 2.454369260617026 10
0004 0012 6 1671178978889960 123.6875 -71.0 2.9084275738311756 10
0004 0001 6 1671178978891148 -30.875 -71.0 1.6751070203711202 10
0004 0015 6 1671178978894190 19.5 -67.5 4.792155981354743 10
0004 0010 6 1671178978896843 97.625 -70.5 4.080388895775806 10
0004 0011 7 1671178978915834 -7.3125 -59.5 5.117359908386499 10
0004 0008 7 1671178978916785 -120.4375 -67.5 4.9394181369917645 10
0004 0009 7 1671178978918212 16.25 -58.0 0.380427235395639 10
0004 0002 7 1671178978919412 0.0 -66.5 2.6691265709210157 10
0004 0004 7 1671178978920620 3.25 -68.0 2.4911847995262812 10
0004 0012 7 1671178978922049 3.25 -62.0 0.9572040116406401 10
0004 0010 7 1671178978923276 -48.8125 -69.0 5.884350302329319 10
0004 0014 7 1671178978924821 84.625 -63.5 3.0066023442558567 10
0004 0015 7 1671178978926320 61.8125 -67.0 4.485359823777615 10
0004 0009 8 1671178978966225 -22.75 -59.0 1.7916895602504288 10
0004 0007 8 1671178978967416 -94.375 -68.5 5.6573211457222445 10
0004 0010 8 1671178978968857 -6.5 -64.5 2.018718716857504 10
0004 0014 8 1671178978970305 48.8125 -68.5 4.491495746929157 10
0004 0015 8 1671178978971479 -48.8125 -65.0 0.5399612373357456 10
0004 0003 8 1671178978974383 -26.0 -73.0 1.184233168247715 10
0004 0004 8 1671178978975727 55.3125 -66.5 2.3746022596469727 10
0004 0011 8 1671178978977816 38.1875 -63.5 1.6321555583103222 10
0004 0008 8 1671178978979403 48.8125 -70.0 5.663457068873787 10
0004 0012 8 1671178978980379 -6.5 -60.5 1.7671458676442586 10
0004 0011 1 1671178979205828 34.9375 -66.0 0.32520392703175593 10
0004 0009 1 1671178979207882 39.0 -69.0 3.822680123411018 10
0004 0014 1 1671178979209298 -45.5625 -65.0 0.705631162427395 10
0004 0005 1 1671178979210262 16.25 -71.0 5.706408530934585 10
0004 0008 1 1671178979211225 117.125 -69.0 1.8100973297050567 10
0004 0007 1 1671178979212414 -22.75 -65.5 3.706097583531709 10
0004 0015 1 1671178979220411 -117.125 -74.0 4.681709364626977 10
0004 0003 1 1671178979221902 45.5625 -75.5 2.1659808724945253 10
0004 0011 2 1671178979246337 -30.875 -58.5 1.6566992509164924 10
0004 0015 2 1671178979247867 45.5625 -62.0 1.9941750242513334 10
0004 0007 2 1671178979253017 19.5 -69.5 2.3623304133438876 10
0004 0007 3 1671178979277753 3.25 -66.5 0.018407769454627694 10
0004 0014 3 1671178979278663 107.375 -66.5 3.3011266555298997 10
0004 0015 3 1671178979281577 -182.25 -67.0 4.767612288748572 10
0004 0014 4 1671178979318566 -19.5 -67.0 3.4054373491061236 10
0004 0015 4 1671178979320122 19.5 -63.0 3.6815538909255388 10
0004 0007 4 1671178979321315 42.3125 -66.0 4.23378697456437 10
0004 0013 5 1671178979348354 227.8125 -72.5 3.227495577711389 10
0004 0014 5 1671178979349287 -94.375 -70.0 3.509748042682347 10
0004 0002 5 1671178979350905 -42.3125 -71.0 3.847223816017188 10
0004 0011 6 1671178979377296 93.5625 -67.5 6.154330920997192 10
0004 0015 6 1671178979378482 22.75 -62.5 4.2031073588066565 10
0004 0014 6 1671178979379387 -6.5 -65.5 2.5709518004963345 10
0004 0006 6 1671178979380833 3.25 -65.5 0.3313398501832985 10
0004 0007 7 1671178979405821 -97.625 -67.5 2.3439226438892597 10
0004 0006 7 1671178979407240 -45.5625 -64.0 3.7981364308048478 10
0004 0011 7 1671178979408425 21.125 -55.0 5.190990986205009 10
0004 0014 7 1671178979409373 13.0 -59.0 4.503767593232243 10
0004 0009 7 1671178979412363 -19.5 -62.5 4.779884135051658 10
0004 0004 7 1671178979413427 -19.5 -64.0 4.172427743048944 10
0004 0015 7 1671178979414587 -61.8125 -66.0 0.7485826244881929 10
0004 0013 7 1671178979415764 120.4375 -67.5 6.037748381117884 10
0004 0005 8 1671178979446223 -146.4375 -72.0 2.816388726558037 10
0004 0010 8 1671178979447411 26.0 -65.0 0.9633399347921826 10
0004 0009 8 1671178979448596 -29.25 -68.0 0.2086213871524472 10
0004 0013 8 1671178979449541 19.5 -57.5 1.000155473701438 10
0004 0014 8 1671178979450730 -9.75 -60.0 6.056156150572511 10
0004 0007 8 1671178979451852 16.25 -70.0 3.2827188860752723 10
0004 0011 8 1671178979453222 13.8125 -57.5 0.4356505437595221 10
0004 0015 8 1671178979454166 3.25 -61.0 1.748738098189631 10
0004 0001 8 1671178979456245 -17.0625 -68.5 2.662990647769473 10
0004 0008 8 1671178979457802 -94.375 -69.0 4.853515212870168 10
0004 0013 1 1671178979677969 45.5625 -61.5 6.007068765360171 10
0004 0011 1 1671178979679000 -48.8125 -65.0 4.061981126321178 10
0004 0014 1 1671178979679951 -55.3125 -63.5 3.160000423044421 10
0004 0008 1 1671178979681560 48.8125 -72.0 3.485204350076177 10
0004 0005 1 1671178979686308 55.3125 -70.5 1.4051264017032472 10
0004 0013 2 1671178979706848 -61.8125 -67.0 1.8285050991596843 10
0004 0015 2 1671178979708358 32.5 -63.5 2.36846633649543 10
0004 0014 2 1671178979709919 -22.75 -67.5 5.743224069843841 10
0004 0007 2 1671178979710885 -52.0625 -67.0 4.061981126321178 10
0004 0015 3 1671178979738690 -9.75 -67.5 3.6201946594101133 10
0004 0014 3 1671178979739642 -87.875 -68.5 1.3437671701878218 10
0004 0014 4 1671178979768038 -32.5 -62.0 0.8713010875190442 10
0004 0015 4 1671178979769581 -65.0625 -66.5 3.77972866135022 10
0004 0007 4 1671178979770544 -3.25 -62.5 3.2888548092268146 10
0004 0015 5 1671178979796089 -24.375 -67.0 0.018407769454627694 10
0004 0002 5 1671178979799256 175.75 -69.5 0.5276893910326605 10
0004 0006 5 1671178979804137 71.5625 -69.5 3.5588354278946874 10
0004 0014 5 1671178979806639 9.75 -69.5 0.6381360077604268 10
0004 0010 6 1671178979826177 81.375 -66.0 5.626641529964532 10
0004 0006 6 1671178979828208 -9.75 -63.0 4.1417481272912315 10
0004 0013 6 1671178979830646 -19.5 -63.5 0.23930100291016002 10
0004 0015 6 1671178979831635 -29.25 -62.5 4.23378697456437 10
0004 0014 6 1671178979832742 29.25 -67.5 2.024854640009046 10
0004 0011 7 1671178979856311 3.25 -55.5 4.700117134081604 10
0004 0006 7 1671178979857291 16.25 -65.0 5.780039608753096 10
0004 0004 7 1671178979859306 3.25 -62.5 5.2339424482658075 10
0004 0014 7 1671178979861650 -208.3125 -65.5 4.190835512503572 10
0004 0015 7 1671178979863540 41.5 -69.0 0.6013204688511713 10
0004 0007 7 1671178979864889 -71.5625 -66.0 0.7179030087304801 10
0004 0012 7 1671178979867465 97.625 -70.0 5.037592907416445 10
0004 0002 7 1671178979869414 35.75 -70.0 5.344389064993574 10
0004 0013 7 1671178979871156 -152.9375 -69.5 5.64504929941916 10
0004 0008 7 1671178979873645 -32.5 -70.0 0.3865631585471816 10
0004 0011 8 1671178979896978 21.125 -60.0 5.264622064023521 10
0004 0010 8 1671178979898011 -13.0 -61.5 3.6079228131070282 10
0004 0012 8 1671178979899413 19.5 -66.0 1.3560390164909069 10
0004 0013 8 1671178979900318 19.5 -56.0 0.36815538909255385 10
0004 0009 8 1671178979901814 -3.25 -62.5 1.6505633277649499 10
0004 0014 8 1671178979902876 9.75 -58.5 5.2768939103266055 10
0004 0001 8 1671178979904096 -194.4375 -69.5 4.534447208989955 10
0004 0007 8 1671178979905073 91.125 -65.5 2.448233337465483 10
0004 0015 8 1671178979907538 21.125 -66.5 1.8346410223112268 10
0004 0008 8 1671178979908444 -74.8125 -73.0 0.030679615757712823 10
0004 0004 8 1671178979909405 -9.75 -65.5 4.957825906446392 10
0004 0013 1 1671178980126146 -42.3125 -63.0 5.283029833478148 10
0004 0015 1 1671178980127138 -52.0625 -72.0 2.9329712664373457 10
0004 0002 1 1671178980128132 81.375 -71.5 1.2455923997631406 10
0004 0011 1 1671178980130284 -65.875 -64.5 2.3193789512830896 10
0004 0014 1 1671178980131203 19.5 -64.5 3.227495577711389 10
0004 0007 1 1671178980133795 -81.375 -66.5 3.785864584501762 10
0004 0005 1 1671178980134762 52.0625 -70.5 0.6933593161243098 10
0004 0012 1 1671178980136772 152.9375 -70.5 6.14819499784565 10
0004 0015 2 1671178980166508 -52.0625 -64.0 2.5157284921324514 10
0004 0014 2 1671178980168293 42.3125 -62.5 0.16566992509164924 10
0004 0011 2 1671178980171592 -29.25 -69.5 4.908738521234052 10
0004 0007 2 1671178980172544 110.625 -69.0 3.0127382674073995 10
0004 0001 2 1671178980175018 -73.1875 -70.0 1.9082721001297376 10
0004 0015 3 1671178980195849 -170.0625 -68.0 6.22182607566416 10
0004 0014 3 1671178980198627 -13.0 -64.5 5.2339424482658075 10
0004 0007 3 1671178980200592 55.3125 -68.5 1.1474176293384597 10
0004 0007 4 1671178980226568 35.75 -61.0 1.0737865515199487 10
0004 0014 4 1671178980229491 -32.5 -59.0 4.362641360746763 10
0004 0015 4 1671178980230408 55.3125 -58.5 5.9518454569962875 10
0004 0014 5 1671178980257665 -58.5625 -67.0 1.9144080232812801 10
0004 0015 5 1671178980258625 -34.9375 -66.5 4.718524903536232 10
0004 0002 5 1671178980267891 -78.0625 -71.0 4.0128937411088375 10
0004 0006 6 1671178980296150 -35.75 -67.0 1.9205439464328227 10
0004 0014 6 1671178980297381 -32.5 -66.5 4.06811704947272 10
0004 0012 6 1671178980299025 -61.8125 -70.5 4.3503695144436785 10
0004 0004 6 1671178980301091 -45.5625 -69.0 3.215223731408304 10
0004 0002 6 1671178980302003 -279.9375 -73.5 3.2336315008629315 10
0004 0015 6 1671178980303654 3.25 -63.0 2.061670178918302 10
0004 0010 6 1671178980306118 83.0 -73.5 1.214912784005428 10
0004 0011 7 1671178980326378 -17.0625 -58.0 3.393165502803038 10
0004 0002 7 1671178980327359 -65.0625 -61.5 2.60776733940559 10
0004 0008 7 1671178980328533 81.375 -68.0 3.9269908169872414 10
0004 0006 7 1671178980329978 9.75 -63.0 4.184699589352029 10
0004 0012 7 1671178980330845 -152.9375 -65.0 1.9205439464328227 10
0004 0009 7 1671178980331821 71.5625 -67.0 5.473243451175968 10
0004 0007 7 1671178980333714 0.0 -60.0 4.111068511533518 10
0004 0015 7 1671178980337584 45.5625 -69.0 5.148039524144211 10
0004 0004 7 1671178980338577 -45.5625 -67.0 4.503767593232243 10
0004 0009 8 1671178980375899 0.0 -56.0 0.8406214717613314 10
0004 0005 8 1671178980378185 3.25 -70.0 2.9268353432858034 10
0004 0011 8 1671178980379087 -3.25 -59.0 4.381049130201391 10
0004 0014 8 1671178980380604 -19.5 -64.0 5.878214379177777 10
0004 0010 8 1671178980381552 9.75 -57.0 2.5280003384355365 10
0004 0003 8 1671178980383396 208.3125 -73.5 0.30679615757712825 10
0004 0004 8 1671178980386165 -22.75 -62.5 2.9268353432858034 10
0004 0008 8 1671178980387311 -19.5 -66.5 5.497787143782138 10
0004 0012 8 1671178980388404 136.6875 -67.0 2.2027964114037806 10
0004 0001 8 1671178980390676 -34.9375 -68.5 3.718369429834794 10
0004 0015 8 1671178980391638 42.3125 -67.5 3.172272269347506 10
0004 0011 1 1671178980607135 156.1875 -71.0 1.239456476611598 10
0004 0015 1 1671178980608348 22.75 -68.5 3.9392626632903265 10
0004 0012 1 1671178980609539 -84.625 -69.0 3.5588354278946874 10
0004 0014 1 1671178980610927 45.5625 -69.5 3.522019888985432 10
0004 0009 2 1671178980636414 26.0 -66.5 0.9019807032767571 10
0004 0014 2 1671178980637633 -162.75 -67.0 5.915029918087033 10
0004 0007 2 1671178980638596 6.5 -63.5 1.509437095279471 10
0004 0012 2 1671178980640284 159.5 -68.5 3.7429131224409646 10
0004 0015 2 1671178980642190 10.5625 -58.5 4.430136515413731 10
0004 0015 3 1671178980666318 27.625 -67.5 5.675728915176872 10
0004 0012 3 1671178980669066 -159.5 -68.5 0.42337869745643697 10
0004 0014 3 1671178980670025 6.5 -64.0 3.847223816017188 10
0004 0015 4 1671178980695854 7.3125 -64.0 2.767301341345697 10
0004 0014 4 1671178980696804 -22.75 -57.5 3.356349963893783 10
0004 0012 4 1671178980697755 -100.875 -70.0 0.32520392703175593 10
0004 0007 4 1671178980703719 0.0 -64.5 2.386874105950058 10
0004 0012 5 1671178980725920 -42.3125 -65.0 3.663146121470911 10
0004 0014 5 1671178980728495 -42.3125 -69.0 1.5953400194010667 10
0004 0006 6 1671178980756121 29.25 -66.5 0.6381360077604268 10
0004 0012 6 1671178980757538 -32.5 -66.0 0.2086213871524472 10
0004 0015 6 1671178980759619 -13.0 -64.5 5.4671075280244255 10
0004 0014 6 1671178980762588 -78.0625 -64.0 3.902447124381071 10
0004 0004 6 1671178980764360 -13.0 -68.0 1.4051264017032472 10
0004 0011 7 1671178980786113 10.5625 -55.0 4.663301595172349 10
0004 0010 7 1671178980787065 -39.0 -66.5 4.239922897715912 10
0004 0002 7 1671178980788962 22.75 -64.5 3.736777199289422 10
0004 0008 7 1671178980790134 -9.75 -66.5 5.786175531904639 10
0004 0009 7 1671178980791309 13.0 -51.0 5.448699758569798 10
0004 0007 7 1671178980793884 -71.5625 -62.5 5.957981380147831 10
0004 0012 7 1671178980795128 -22.75 -56.0 5.773903685601553 10
0004 0004 7 1671178980796716 -175.75 -69.0 4.368777283898306 10
0004 0006 7 1671178980797666 198.5625 -68.5 2.552544031041707 10
0004 0014 7 1671178980805229 162.75 -70.0 5.66959299202533 10
0004 0011 8 1671178980855926 -24.375 -53.0 5.626641529964532 10
0004 0012 8 1671178980856860 16.25 -54.0 5.982525072754001 10
0004 0009 8 1671178980858544 -9.75 -55.5 0.4111068511533518 10
0004 0010 8 1671178980860230 55.3125 -62.5 0.23316507975861744 10
