0004 0003 1 1671181597446349 13.0 -73.0 5.540738605842936 13
0004 0009 1 1671181597447577 3.25 -61.0 2.6568547246179306 13
0004 0004 1 1671181597448500 -39.0 -66.5 4.424000592262189 13
0004 0015 1 1671181597450729 13.0 -60.0 5.258486140871978 13
0004 0005 1 1671181597451680 -35.75 -65.5 3.184544115650591 13
0004 0011 1 1671181597453829 -24.375 -60.5 3.6999616603801666 13
0004 0013 1 1671181597456042 26.0 -59.5 1.2578642460662257 13
0004 0008 1 1671181597456963 -100.875 -69.0 2.1230294104337273 13
0004 0007 1 1671181597458139 -42.3125 -63.0 2.9943304979527716 13
0004 0010 1 1671181597459243 26.0 -66.5 2.282563412373834 13
0004 0012 1 1671181597460206 -32.5 -69.0 5.405748296509 13
0004 0000 1 1671181597466789 -123.6875 -72.0 4.608078286808466 13
0004 0011 2 1671181597486197 -38.1875 -56.0 5.313709449235861 13
0004 0004 2 1671181597487130 6.5 -68.0 4.675573441475434 13
0004 0012 2 1671181597488080 48.8125 -65.0 0.7301748550335652 13
0004 0010 2 1671181597489312 -45.5625 -69.0 5.123495831538041 13
0004 0014 2 1671181597490530 16.25 -63.5 3.724505352986337 13
0004 0005 2 1671181597491677 9.75 -59.5 5.117359908386499 13
0004 0009 2 1671181597492689 -240.875 -67.0 3.5465635815916023 13
0004 0013 2 1671181597493594 -58.5625 -62.0 5.485515297479052 13
0004 0015 2 1671181597494764 -16.25 -61.0 5.841398840268521 13
0004 0007 2 1671181597496807 19.5 -67.0 5.166447293598839 13
0004 0001 2 1671181597498639 179.0 -69.5 6.086835766330224 13
0004 0011 3 1671181597526456 -41.5 -68.5 0.7485826244881929 13
0004 0015 3 1671181597528861 -19.5 -63.0 6.234097921967246 13
0004 0005 3 1671181597533270 74.8125 -67.0 3.11091303783208 13
0004 0001 3 1671181597535380 135.0625 -68.5 3.393165502803038 13
0004 0006 3 1671181597543230 -52.0625 -68.5 4.325825821837508 13
0004 0004 3 1671181597546008 -71.5625 -69.0 0.607456392002714 13
0004 0005 4 1671181597566612 52.0625 -73.0 3.018874190558942 13
0004 0014 4 1671181597567602 13.0 -64.0 4.743068596142402 13
0004 0012 4 1671181597569940 13.0 -65.0 5.497787143782138 13
0004 0006 4 1671181597571220 26.0 -68.5 5.356660911296659 13
0004 0003 4 1671181597576826 19.5 -75.5 3.4054373491061236 13
0004 0007 5 1671181597596388 100.875 -65.5 1.1596894756415448 13
0004 0006 5 1671181597598501 -126.9375 -70.5 2.804116880254952 13
0004 0012 5 1671181597599475 -3.25 -64.5 2.1475731030398975 13
0004 0015 5 1671181597600381 68.3125 -63.5 5.688000761479957 13
0004 0014 5 1671181597601825 45.5625 -62.0 2.859340188618835 13
0004 0004 6 1671181597627251 -55.3125 -67.0 6.2034183062095325 13
0004 0006 6 1671181597628413 -32.5 -62.5 5.8475347634200645 13
0004 0014 6 1671181597629376 29.25 -62.0 0.5338253141842031 13
0004 0015 6 1671181597631033 26.0 -65.5 2.8654761117703775 13
0004 0012 6 1671181597632333 9.75 -66.0 6.007068765360171 13
0004 0004 7 1671181597655854 19.5 -55.5 1.9573594853420782 13
0004 0012 7 1671181597657882 -32.5 -63.0 5.5714182216006485 13
0004 0006 7 1671181597659965 -22.75 -65.5 1.4051264017032472 13
0004 0011 7 1671181597664162 52.0625 -66.5 0.6994952392758523 13
0004 0001 7 1671181597667102 7.3125 -70.5 1.945087639038993 13
0004 0013 7 1671181597668042 319.0 -70.0 1.7303303287350031 13
0004 0010 7 1671181597672011 45.5625 -70.0 3.9085830475326135 13
0004 0014 7 1671181597673382 74.8125 -69.0 0.6258641614573416 13
0004 0004 8 1671181597696363 35.75 -64.5 3.6754179677739964 13
0004 0011 8 1671181597697577 3.25 -67.5 1.227184630308513 13
0004 0014 8 1671181597698498 -13.0 -68.0 2.497320722677824 13
0004 0007 8 1671181597699436 -42.3125 -70.0 6.2034183062095325 13
0004 0005 8 1671181597700401 26.0 -63.0 6.2463697682703305 13
0004 0008 8 1671181597701293 -26.0 -72.5 2.9820586516496865 13
0004 0006 8 1671181597702214 13.0 -63.0 0.35588354278946877 13
0004 0013 8 1671181597703147 -13.0 -58.0 0.7547185476397354 13
0004 0009 8 1671181597704096 -22.75 -61.0 6.050020227420969 13
0004 0012 8 1671181597705328 13.0 -64.5 5.964117303299373 13
0004 0015 8 1671181597706276 35.75 -61.0 0.37429131224409645 13
0004 0010 8 1671181597709751 110.625 -66.5 3.2520392703175593 13
0004 0015 1 1671181597925983 -3.25 -60.0 5.264622064023521 13
0004 0011 1 1671181597926886 -7.3125 -61.0 3.3195344249845276 13
0004 0013 1 1671181597928345 48.8125 -59.5 1.239456476611598 13
0004 0012 1 1671181597930057 19.5 -70.0 5.123495831538041 13
0004 0004 1 1671181597931007 -42.3125 -67.5 4.276738436625168 13
0004 0008 1 1671181597933185 16.25 -69.5 1.761009944492716 13
0004 0010 1 1671181597934274 -16.25 -66.5 2.172116795646068 13
0004 0007 1 1671181597936133 -39.0 -61.0 3.2765829629237295 13
0004 0003 1 1671181597937111 45.5625 -73.5 5.381204603902829 13
0004 0005 1 1671181597938077 -19.5 -66.0 2.859340188618835 13
0004 0009 1 1671181597939011 22.75 -59.5 2.6139032625571326 13
0004 0000 1 1671181597942786 -110.625 -73.0 4.565126824747668 13
0004 0012 2 1671181597966190 -97.625 -65.5 0.8344855486097889 13
0004 0009 2 1671181597967579 159.5 -67.0 3.098641191528995 13
0004 0004 2 1671181597969401 29.25 -67.5 4.626486056263094 13
0004 0013 2 1671181597970576 26.0 -62.0 5.283029833478148 13
0004 0011 2 1671181597971732 -3.25 -56.0 5.129631754689584 13
0004 0005 2 1671181597972927 -104.125 -60.5 5.197126909356553 13
0004 0015 2 1671181597974506 -68.3125 -61.0 5.93343768754166 13
0004 0001 2 1671181597975651 -222.125 -68.0 0.04908738521234052 13
0004 0007 2 1671181597976727 100.875 -65.5 5.013049214810275 13
0004 0014 2 1671181597977649 -48.8125 -63.5 3.816544200259475 13
0004 0010 2 1671181597979925 55.3125 -68.5 4.798291904506286 13
0004 0015 3 1671181598006894 -21.125 -63.0 6.252505691421874 13
0004 0005 3 1671181598008715 52.0625 -69.0 3.3072625786814425 13
0004 0001 3 1671181598012485 -125.3125 -69.0 3.5833791205008576 13
0004 0004 3 1671181598016400 65.0625 -70.0 0.6565437772150544 13
0004 0011 3 1671181598021753 65.875 -70.0 0.2454369260617026 13
0004 0006 3 1671181598024921 -26.0 -69.5 4.289010282928253 13
0004 0014 4 1671181598066189 3.25 -64.0 4.749204519293945 13
0004 0006 4 1671181598067652 -26.0 -69.0 5.387340527054372 13
0004 0012 4 1671181598071534 35.75 -65.0 5.50392306693368 13
0004 0003 4 1671181598075140 -270.125 -76.5 3.8410878928656453 13
0004 0006 5 1671181598096248 22.75 -69.5 2.6813984172241008 13
0004 0012 5 1671181598098545 19.5 -65.0 2.3009711818284617 13
0004 0014 5 1671181598099481 32.5 -61.5 3.3011266555298997 13
0004 0007 5 1671181598100432 61.8125 -67.0 1.3192234775816514 13
0004 0015 5 1671181598101620 22.75 -64.0 5.767767762450011 13
0004 0006 6 1671181598127966 -32.5 -62.5 5.9518454569962875 13
0004 0014 6 1671181598129336 35.75 -62.5 0.607456392002714 13
0004 0004 6 1671181598130543 -52.0625 -68.0 6.264777537724958 13
0004 0015 6 1671181598131603 61.8125 -65.5 2.8102528034064944 13
0004 0012 6 1671181598132537 -16.25 -66.5 6.086835766330224 13
0004 0011 7 1671181598156187 73.1875 -67.5 0.5522330836388308 13
0004 0006 7 1671181598157961 -100.875 -65.5 1.423534171157875 13
0004 0013 7 1671181598159177 13.0 -71.0 2.018718716857504 13
0004 0012 7 1671181598160126 -35.75 -63.0 5.50392306693368 13
0004 0004 7 1671181598161567 6.5 -55.5 1.8960002538266525 13
0004 0014 7 1671181598162506 166.0 -70.0 1.0062913968529805 13
0004 0001 7 1671181598164059 -27.625 -70.0 2.1353012567368124 13
0004 0010 7 1671181598168213 -104.125 -69.0 4.147884050442774 13
0004 0012 8 1671181598196613 81.375 -64.0 5.773903685601553 13
0004 0014 8 1671181598197560 -9.75 -69.0 2.435961491162398 13
0004 0006 8 1671181598198794 -29.25 -63.0 0.30066023442558565 13
0004 0009 8 1671181598199757 39.0 -61.5 5.534602682691394 13
0004 0013 8 1671181598200944 -6.5 -57.5 0.6872233929727672 13
0004 0005 8 1671181598201924 13.0 -63.0 0.01227184630308513 13
0004 0007 8 1671181598203386 -22.75 -69.0 5.957981380147831 13
0004 0004 8 1671181598204579 -26.0 -65.5 3.5465635815916023 13
0004 0010 8 1671181598206349 29.25 -66.5 3.2090878082567613 13
0004 0011 8 1671181598207619 7.3125 -66.5 1.0799224746714913 13
0004 0015 8 1671181598208551 -9.75 -61.0 0.4111068511533518 13
0004 0015 1 1671181598426426 -74.8125 -60.0 5.387340527054372 13
0004 0005 1 1671181598427598 3.25 -66.0 2.7979809571034093 13
0004 0012 1 1671181598428520 26.0 -69.5 5.221670601962723 13
0004 0009 1 1671181598429921 -16.25 -60.5 1.8775924843720249 13
0004 0011 1 1671181598431860 -59.375 -60.5 3.2888548092268146 13
0004 0003 1 1671181598432870 257.125 -73.5 4.71238898038469 13
0004 0007 1 1671181598433804 16.25 -61.0 2.82252464970958 13
0004 0013 1 1671181598435590 58.5625 -59.0 1.1596894756415448 13
0004 0004 1 1671181598436639 58.5625 -67.0 4.000621894805752 13
0004 0008 1 1671181598438549 -39.0 -69.0 1.8960002538266525 13
0004 0010 1 1671181598439497 35.75 -65.5 1.9880391010997909 13
0004 0000 1 1671181598441660 179.0 -73.0 3.9515345095934116 13
0004 0015 2 1671181598477524 9.75 -61.0 5.792311455056181 13
0004 0011 2 1671181598479444 -52.0625 -56.5 5.080544369477243 13
0004 0005 2 1671181598481081 16.25 -60.5 4.95168998329485 13
0004 0014 2 1671181598482552 -6.5 -62.5 3.718369429834794 13
0004 0001 2 1671181598483517 156.1875 -67.5 5.8045833013592665 13
0004 0010 2 1671181598485823 48.8125 -69.0 4.700117134081604 13
0004 0012 2 1671181598488625 -52.0625 -64.5 0.705631162427395 13
0004 0013 2 1671181598489837 0.0 -62.0 5.325981295538946 13
0004 0004 2 1671181598491543 -74.8125 -67.5 4.743068596142402 13
0004 0007 2 1671181598492863 -87.875 -65.0 5.00077736850719 13
0004 0011 3 1671181598516207 -91.125 -68.0 0.5399612373357456 13
0004 0015 3 1671181598517664 16.25 -63.5 6.092971689481767 13
0004 0001 3 1671181598523725 104.125 -68.0 3.3011266555298997 13
0004 0007 3 1671181598528102 -208.3125 -70.0 5.436427912266712 13
0004 0005 3 1671181598529689 -22.75 -68.5 3.380893656499953 13
0004 0006 3 1671181598530656 -42.3125 -68.5 4.319689898685965 13
0004 0012 3 1671181598534134 65.0625 -72.5 1.9941750242513334 13
0004 0004 3 1671181598534999 172.5 -71.0 0.2638446955163303 13
0004 0014 4 1671181598556505 -26.0 -64.0 4.7860200582032 13
0004 0006 4 1671181598557683 58.5625 -69.5 5.485515297479052 13
0004 0012 4 1671181598558601 -6.5 -65.0 5.64504929941916 13
0004 0003 4 1671181598561731 19.5 -74.5 3.6447383520162835 13
0004 0007 5 1671181598596242 0.0 -67.0 1.4603497100671303 13
0004 0015 5 1671181598597422 -117.125 -63.5 6.007068765360171 13
0004 0014 5 1671181598598892 -16.25 -62.0 2.9820586516496865 13
0004 0012 5 1671181598600097 78.0625 -64.5 2.2027964114037806 13
0004 0006 5 1671181598601119 32.5 -68.5 2.8838838812250054 13
0004 0004 6 1671181598626346 6.5 -70.0 6.129787228391022 13
0004 0006 6 1671181598629060 6.5 -62.5 5.9518454569962875 13
0004 0014 6 1671181598633331 3.25 -62.5 0.1718058482431918 13
0004 0015 6 1671181598635295 19.5 -64.5 2.9513790358919736 13
0004 0012 6 1671181598636258 3.25 -67.0 0.04908738521234052 13
0004 0013 7 1671181598656650 214.8125 -69.5 1.607611865704152 13
0004 0006 7 1671181598658481 -9.75 -64.5 0.7485826244881929 13
0004 0011 7 1671181598659743 -55.3125 -65.5 0.32520392703175593 13
0004 0004 7 1671181598660972 -6.5 -57.0 1.9266798695843652 13
0004 0012 7 1671181598662948 113.875 -65.5 5.381204603902829 13
0004 0001 7 1671181598664713 131.8125 -69.5 1.8960002538266525 13
0004 0010 7 1671181598666657 -117.125 -70.0 3.6815538909255388 13
0004 0010 8 1671181598686475 16.25 -64.5 2.6323110320117604 13
0004 0015 8 1671181598688330 26.0 -62.5 0.5031456984264903 13
0004 0005 8 1671181598689577 19.5 -64.0 6.215690152512618 13
0004 0007 8 1671181598690498 52.0625 -69.0 5.632777453116074 13
0004 0013 8 1671181598691416 13.0 -58.5 0.8651651643675016 13
0004 0006 8 1671181598692394 -19.5 -63.5 6.277049384028044 13
0004 0012 8 1671181598693741 19.5 -63.5 5.773903685601553 13
0004 0011 8 1671181598695212 27.625 -65.5 0.619728238305799 13
0004 0009 8 1671181598696572 -52.0625 -61.5 4.374913207049849 13
0004 0004 8 1671181598697577 -32.5 -64.0 3.117048960983623 13
0004 0014 8 1671181598698556 71.5625 -66.5 2.1537090261914402 13
0004 0007 1 1671181598915835 16.25 -62.5 0.28225246497095796 13
0004 0010 1 1671181598918089 -78.0625 -59.5 5.006913291658733 13
0004 0011 1 1671181598920475 30.875 -61.0 0.3988350048502667 13
0004 0004 1 1671181598921810 -65.0625 -63.5 2.834796496012665 13
0004 0009 1 1671181598923023 6.5 -56.0 0.04295146206079795 13
0004 0008 1 1671181598924001 -29.25 -68.5 5.64504929941916 13
0004 0005 1 1671181598924998 52.0625 -68.5 1.086058397823034 13
0004 0015 1 1671181598925928 -3.25 -62.0 4.620350133111551 13
0004 0012 1 1671181598927430 130.1875 -72.0 1.1535535524900022 13
0004 0003 1 1671181598928339 -32.5 -71.5 4.6878452877785195 13
0004 0010 2 1671181598957311 149.6875 -67.5 0.17794177139473438 13
0004 0001 2 1671181598959456 -9.75 -67.5 0.5031456984264903 13
0004 0005 2 1671181598961770 48.8125 -60.5 3.785864584501762 13
0004 0011 2 1671181598963106 -10.5625 -60.5 1.3499030933393643 13
0004 0007 2 1671181598965488 -169.25 -61.5 6.117515382087937 13
0004 0015 2 1671181598966776 -48.8125 -62.5 5.853670686571607 13
0004 0009 2 1671181598967953 42.3125 -62.5 1.4419419406125027 13
0004 0006 2 1671181598970418 -143.1875 -69.5 2.791845033951867 13
0004 0014 2 1671181598972313 87.875 -65.5 2.5709518004963345 13
0004 0003 2 1671181598973919 224.5625 -70.5 5.074408446325701 13
0004 0006 3 1671181598995985 -58.5625 -65.0 4.558990901596125 13
0004 0001 3 1671181598998063 45.5625 -70.0 3.522019888985432 13
0004 0007 3 1671181599000771 -159.5 -71.0 6.22182607566416 13
0004 0006 4 1671181599025861 -45.5625 -64.5 5.418020142812084 13
0004 0007 4 1671181599029171 -81.375 -70.0 3.80427235395639 13
0004 0015 4 1671181599030248 45.5625 -66.5 0.1043106935762236 13
0004 0014 5 1671181599056837 107.375 -68.0 1.8653206380689396 13
0004 0004 5 1671181599058141 -39.0 -69.0 3.1784081924990484 13
0004 0015 5 1671181599059674 39.0 -67.5 5.258486140871978 13
0004 0009 6 1671181599106094 -35.75 -68.5 4.411728745959104 13
0004 0014 6 1671181599107895 -19.5 -69.5 5.45483568172134 13
0004 0004 6 1671181599110273 -16.25 -60.5 4.491495746929157 13
0004 0015 6 1671181599111701 32.5 -66.5 2.7120780329818137 13
0004 0006 6 1671181599114649 29.25 -73.0 6.277049384028044 13
0004 0001 7 1671181599146564 -48.8125 -70.0 0.9019807032767571 13
0004 0006 7 1671181599147841 -61.8125 -61.5 2.030990563160589 13
0004 0015 7 1671181599148762 -97.625 -69.5 2.9145634969827183 13
0004 0011 7 1671181599149941 0.0 -61.5 0.8528933180644165 13
0004 0010 7 1671181599150880 110.625 -68.0 5.651185222570702 13
0004 0004 7 1671181599152338 32.5 -60.5 5.792311455056181 13
0004 0006 8 1671181599176139 19.5 -57.5 0.6442719309119693 13
0004 0001 8 1671181599177593 117.9375 -71.0 0.5460971604872883 13
0004 0009 8 1671181599180213 -29.25 -59.0 0.0674951546669682 13
0004 0004 8 1671181599181261 -48.8125 -62.0 5.546874528994478 13
0004 0005 8 1671181599182211 35.75 -64.5 1.4173982480063325 13
0004 0014 8 1671181599183445 104.125 -64.0 0.9633399347921826 13
0004 0007 8 1671181599184507 19.5 -65.5 5.798447378207723 13
0004 0008 8 1671181599185425 -22.75 -72.0 5.154175447295755 13
0004 0015 8 1671181599188719 73.1875 -73.0 5.945709533844745 13
0004 0008 1 1671181599406254 9.75 -63.5 3.2090878082567613 13
0004 0009 1 1671181599407390 52.0625 -63.5 1.8285050991596843 13
0004 0005 1 1671181599408610 91.125 -71.0 2.2518837966161214 13
0004 0007 1 1671181599409604 -26.0 -60.0 1.2946797849754812 13
0004 0011 1 1671181599410989 17.0625 -56.5 1.3130875544301088 13
0004 0015 1 1671181599412176 -6.5 -63.0 4.111068511533518 13
0004 0006 1 1671181599414120 -32.5 -64.5 2.429825568010856 13
0004 0014 1 1671181599415440 -55.3125 -71.0 4.589670517353839 13
0004 0010 1 1671181599416942 35.75 -69.5 1.5953400194010667 13
0004 0000 1 1671181599418129 -3.25 -71.0 4.8351074434155406 13
0004 0004 1 1671181599419082 52.0625 -72.5 2.767301341345697 13
0004 0005 2 1671181599446048 32.5 -61.5 4.25833066717054 13
0004 0015 2 1671181599448388 -52.0625 -64.0 5.853670686571607 13
0004 0009 2 1671181599449359 0.0 -57.5 1.4603497100671303 13
0004 0011 2 1671181599450817 -30.875 -54.0 3.129320807286708 13
0004 0014 2 1671181599451795 81.375 -69.0 2.386874105950058 13
0004 0007 2 1671181599453371 13.0 -62.5 2.8838838812250054 13
0004 0010 2 1671181599454350 87.875 -65.5 3.0127382674073995 13
0004 0001 2 1671181599455654 -79.75 -68.5 1.5953400194010667 13
0004 0004 2 1671181599457310 65.0625 -67.0 2.061670178918302 13
0004 0006 2 1671181599458289 78.0625 -66.5 1.000155473701438 13
0004 0005 3 1671181599486153 -58.5625 -67.5 3.522019888985432 13
0004 0007 3 1671181599490713 156.1875 -69.5 4.565126824747668 13
0004 0015 4 1671181599517545 13.0 -66.0 0.46019423636569234 13
0004 0009 4 1671181599519091 19.5 -69.0 5.773903685601553 13
0004 0007 4 1671181599520040 9.75 -67.0 5.8659425328746915 13
0004 0006 4 1671181599522363 -87.875 -72.5 1.0615147052168636 13
0004 0014 5 1671181599547468 182.25 -71.5 1.4480778637640452 13
0004 0006 5 1671181599548717 -68.3125 -69.5 2.4911847995262812 13
0004 0015 5 1671181599549892 117.125 -70.0 5.160311370447297 13
0004 0006 6 1671181599577212 -32.5 -63.5 0.32520392703175593 13
0004 0010 6 1671181599579253 26.0 -65.5 2.564815877344792 13
0004 0015 6 1671181599581494 35.75 -67.5 2.5157284921324514 13
0004 0009 6 1671181599584496 -13.0 -69.5 4.957825906446392 13
0004 0011 7 1671181599607652 100.875 -59.5 4.706253057233147 13
0004 0004 7 1671181599608644 -13.0 -63.5 2.030990563160589 13
0004 0015 7 1671181599609566 -130.1875 -67.0 3.1968159619536762 13
0004 0006 7 1671181599610456 13.0 -60.5 5.240078371417351 13
0004 0007 7 1671181599612275 175.75 -69.0 2.552544031041707 13
0004 0004 8 1671181599636617 -48.8125 -67.0 0.8160777791551611 13
0004 0010 8 1671181599637921 35.75 -67.5 5.411884219660542 13
0004 0008 8 1671181599639082 -58.5625 -70.0 3.693825737228624 13
0004 0006 8 1671181599640329 -26.0 -59.0 4.166291819897402 13
0004 0007 8 1671181599641310 152.9375 -71.0 3.552699504743145 13
0004 0009 8 1671181599642285 -19.5 -54.5 3.9453985864418692 13
0004 0014 8 1671181599643234 45.5625 -62.5 1.1290098598838318 13
0004 0005 8 1671181599644850 13.0 -61.5 5.45483568172134 13
0004 0001 8 1671181599645753 -76.4375 -71.5 3.724505352986337 13
0004 0007 1 1671181599856752 -29.25 -63.5 0.8651651643675016 13
0004 0011 1 1671181599857711 17.0625 -57.0 0.5890486225480862 13
0004 0008 1 1671181599859112 -9.75 -67.0 1.5585244804918115 13
0004 0014 1 1671181599860744 -48.8125 -69.5 4.92714629068868 13
0004 0009 1 1671181599861694 -58.5625 -62.0 0.5706408530934585 13
0004 0015 1 1671181599863434 -45.5625 -63.0 4.264466590322082 13
0004 0000 1 1671181599864369 48.8125 -71.0 3.436116964863836 13
0004 0005 1 1671181599866257 74.8125 -70.5 1.2885438618239387 13
0004 0004 1 1671181599867205 -3.25 -68.0 1.9573594853420782 13
0004 0014 2 1671181599896368 6.5 -68.0 2.5464081078901644 13
0004 0005 2 1671181599897321 42.3125 -60.0 2.8654761117703775 13
0004 0011 2 1671181599899342 -7.3125 -55.5 2.4911847995262812 13
0004 0009 2 1671181599900534 -29.25 -55.0 0.36815538909255385 13
0004 0015 2 1671181599901764 45.5625 -63.5 5.945709533844745 13
0004 0007 2 1671181599902728 19.5 -65.0 2.6813984172241008 13
0004 0010 2 1671181599904501 -126.9375 -65.0 2.6139032625571326 13
0004 0006 2 1671181599908018 -16.25 -69.0 0.18407769454627693 13
0004 0004 2 1671181599909094 9.75 -69.5 6.209554229361076 13
0004 0010 3 1671181599938452 -16.25 -69.5 2.2457478734645786 13
0004 0005 3 1671181599940299 39.0 -66.0 4.25833066717054 13
0004 0007 3 1671181599943398 -45.5625 -66.0 4.963961829597935 13
0004 0007 4 1671181599965921 110.625 -69.0 5.921165841238575 13
0004 0015 4 1671181599968230 45.5625 -66.0 0.2761165418194154 13
0004 0009 4 1671181599970245 -35.75 -68.0 5.626641529964532 13
0004 0006 5 1671181599996155 9.75 -67.5 2.2457478734645786 13
0004 0015 5 1671181599999369 -16.25 -68.5 5.375068680751287 13
0004 0015 6 1671181600026427 19.5 -67.0 2.4911847995262812 13
0004 0010 6 1671181600029199 13.0 -65.5 2.693670263527186 13
0004 0006 6 1671181600030376 -22.75 -63.5 6.111379458936394 13
0004 0015 7 1671181600057138 -81.375 -67.5 3.031146036862027 13
0004 0004 7 1671181600058084 3.25 -64.0 0.7424467013366504 13
0004 0007 7 1671181600059250 -13.0 -69.0 2.5341362615870793 13
0004 0006 7 1671181600060457 -84.625 -61.5 5.117359908386499 13
0004 0011 7 1671181600061344 24.375 -59.0 4.466952054322987 13
0004 0009 8 1671181600086110 -16.25 -54.0 3.380893656499953 13
0004 0014 8 1671181600087482 22.75 -61.5 1.325359400733194 13
0004 0004 8 1671181600088691 29.25 -67.0 0.28838838812250056 13
0004 0007 8 1671181600091309 6.5 -71.0 3.6876898140770815 13
0004 0006 8 1671181600092288 -22.75 -59.0 4.166291819897402 13
0004 0005 8 1671181600094603 32.5 -60.0 5.123495831538041 13
0004 0010 8 1671181600096970 -16.25 -67.5 5.3198453723874035 13
0004 0011 1 1671181600305886 24.375 -57.5 0.48473792897186263 13
0004 0008 1 1671181600307585 -74.8125 -67.5 1.607611865704152 13
0004 0007 1 1671181600308845 3.25 -64.5 0.8958447801252144 13
0004 0009 1 1671181600310276 13.0 -60.5 0.4111068511533518 13
0004 0005 1 1671181600311200 81.375 -71.5 1.2210487071569704 13
0004 0015 1 1671181600312175 -42.3125 -63.5 4.215379205109742 13
0004 0004 1 1671181600313126 -35.75 -68.0 1.8653206380689396 13
0004 0014 1 1671181600314331 -71.5625 -68.5 5.00077736850719 13
0004 0000 1 1671181600315253 -52.0625 -71.0 3.442252888015379 13
0004 0004 2 1671181600346171 -84.625 -70.5 6.277049384028044 13
0004 0007 2 1671181600347135 22.75 -65.5 2.6568547246179306 13
0004 0005 2 1671181600348382 -16.25 -60.5 2.8838838812250054 13
0004 0010 2 1671181600349290 -126.9375 -64.5 2.282563412373834 13
0004 0009 2 1671181600350956 0.0 -55.0 0.2761165418194154 13
0004 0011 2 1671181600352146 -17.0625 -56.0 2.4175537217077703 13
0004 0014 2 1671181600353069 -45.5625 -68.0 2.7120780329818137 13
0004 0015 2 1671181600355268 68.3125 -64.0 5.982525072754001 13
0004 0006 2 1671181600357712 45.5625 -69.0 6.074563920027139 13
0004 0010 3 1671181600386641 -94.375 -70.0 2.5034566458293663 13
0004 0005 3 1671181600388686 -48.8125 -65.5 4.479223900626073 13
0004 0007 3 1671181600390260 68.3125 -67.5 4.933282213840222 13
0004 0007 4 1671181600416052 16.25 -69.0 5.964117303299373 13
0004 0009 4 1671181600418323 120.4375 -68.5 5.436427912266712 13
0004 0015 4 1671181600420153 45.5625 -66.5 0.2699806186678728 13
0004 0015 5 1671181600445885 -48.8125 -69.5 5.368932757599744 13
0004 0006 5 1671181600447963 84.625 -67.0 2.0800779483729293 13
0004 0010 6 1671181600476136 42.3125 -65.5 2.662990647769473 13
0004 0015 6 1671181600477936 -29.25 -67.5 2.650718801466388 13
0004 0006 6 1671181600478873 42.3125 -63.5 5.780039608753096 13
0004 0006 7 1671181600506578 -45.5625 -62.0 5.0253210611133605 13
0004 0015 7 1671181600507852 61.8125 -67.5 2.6813984172241008 13
0004 0007 7 1671181600508845 -94.375 -68.0 2.779573187648782 13
0004 0011 7 1671181600510031 -34.9375 -59.0 4.460816131171445 13
0004 0004 7 1671181600513178 6.5 -63.0 0.7731263170943632 13
0004 0004 8 1671181600535855 -6.5 -66.5 0.44178646691106466 13
0004 0009 8 1671181600537354 -6.5 -54.0 3.3440781175906977 13
0004 0007 8 1671181600538278 -32.5 -71.0 3.6754179677739964 13
0004 0010 8 1671181600539475 0.0 -67.5 5.166447293598839 13
0004 0014 8 1671181600540427 6.5 -62.0 1.3867186322486196 13
0004 0005 8 1671181600542129 -16.25 -61.0 5.227806525114265 13
0004 0006 8 1671181600543559 -9.75 -59.5 4.227651051412827 13
0004 0008 8 1671181600546186 162.75 -71.5 2.5709518004963345 13
0004 0014 1 1671181600755930 19.5 -69.0 4.9823695990525625 13
0004 0008 1 1671181600756910 -52.0625 -67.0 1.6935147898257479 13
0004 0015 1 1671181600758322 -19.5 -63.0 4.252194744018997 13
0004 0009 1 1671181600759229 -29.25 -60.5 0.46019423636569234 13
0004 0005 1 1671181600761355 -45.5625 -71.5 1.368310862793992 13
0004 0007 1 1671181600762562 -35.75 -63.0 1.012427320004523 13
0004 0011 1 1671181600763436 27.625 -58.0 0.4479223900626072 13
0004 0004 1 1671181600765535 110.625 -68.0 1.8285050991596843 13
0004 0000 1 1671181600768173 52.0625 -71.5 3.1906800388021335 13
0004 0003 1 1671181600770397 -84.625 -75.0 4.301282129231338 13
0004 0014 2 1671181600796641 113.875 -68.0 2.5341362615870793 13
0004 0011 2 1671181600797942 21.125 -56.0 2.405281875404685 13
0004 0010 2 1671181600799104 -48.8125 -64.5 2.227340104009951 13
0004 0009 2 1671181600801386 -22.75 -55.0 0.3129320807286708 13
0004 0006 2 1671181600802711 -143.1875 -68.5 0.03681553890925539 13
0004 0007 2 1671181600803679 179.0 -65.5 2.5893595699509624 13
0004 0015 2 1671181600804595 13.0 -63.5 6.007068765360171 13
0004 0005 2 1671181600805517 -9.75 -61.0 3.0066023442558567 13
0004 0004 2 1671181600807714 -166.0 -71.5 6.2463697682703305 13
0004 0010 3 1671181600837506 -130.1875 -70.0 2.1598449493429825 13
0004 0005 3 1671181600838456 -39.0 -65.5 4.374913207049849 13
0004 0007 3 1671181600839435 35.75 -69.0 5.086680292628786 13
0004 0015 4 1671181600867718 3.25 -66.0 0.380427235395639 13
0004 0007 4 1671181600871782 65.0625 -68.5 5.780039608753096 13
0004 0006 5 1671181600895980 -48.8125 -66.0 2.423689644859313 13
0004 0015 5 1671181600899624 143.1875 -69.5 5.240078371417351 13
0004 0015 6 1671181600928419 35.75 -68.0 2.4727770300716534 13
0004 0006 6 1671181600932789 -6.5 -64.0 5.71868037723767 13
0004 0010 6 1671181600934118 0.0 -66.0 2.693670263527186 13
0004 0011 7 1671181600957795 -59.375 -59.0 4.509903516383785 13
0004 0006 7 1671181600959143 -87.875 -62.0 4.97623367590102 13
0004 0004 7 1671181600961306 45.5625 -64.0 0.6994952392758523 13
0004 0007 7 1671181600962598 58.5625 -68.0 2.6384469551633027 13
0004 0015 7 1671181600963559 91.125 -67.0 2.834796496012665 13
0004 0014 8 1671181600986990 45.5625 -62.0 1.368310862793992 13
0004 0009 8 1671181600988024 13.0 -54.0 3.227495577711389 13
0004 0004 8 1671181600988946 26.0 -66.5 0.3374757733348411 13
0004 0010 8 1671181600989909 32.5 -67.5 5.154175447295755 13
0004 0005 8 1671181600990901 13.0 -61.0 5.227806525114265 13
0004 0006 8 1671181600992303 -6.5 -59.5 4.319689898685965 13
0004 0007 8 1671181600994228 -6.5 -71.5 3.785864584501762 13
0004 0015 1 1671181601215895 26.0 -63.0 4.166291819897402 13
0004 0005 1 1671181601217511 -16.25 -71.0 1.325359400733194 13
0004 0004 1 1671181601218730 39.0 -68.0 1.9819031779482483 13
0004 0011 1 1671181601220369 -3.25 -57.5 0.5338253141842031 13
0004 0009 1 1671181601221504 32.5 -60.5 0.44178646691106466 13
0004 0014 1 1671181601222977 -32.5 -69.5 5.0253210611133605 13
0004 0000 1 1671181601224043 -104.125 -71.5 3.5158839658338894 13
0004 0007 1 1671181601225459 22.75 -63.0 0.9694758579437253 13
0004 0008 1 1671181601226663 110.625 -67.0 1.5155730184310134 13
0004 0006 2 1671181601256263 -3.25 -67.0 6.111379458936394 13
0004 0011 2 1671181601258246 9.75 -55.5 2.4727770300716534 13
0004 0010 2 1671181601259152 42.3125 -65.5 2.1905245651006955 13
0004 0009 2 1671181601260159 -9.75 -55.0 0.3313398501832985 13
0004 0005 2 1671181601261592 104.125 -60.5 2.8286605728611223 13
0004 0014 2 1671181601262979 110.625 -67.5 2.509592568980909 13
0004 0004 2 1671181601263957 -45.5625 -70.0 6.17273869045182 13
0004 0007 2 1671181601265550 139.9375 -66.0 2.6691265709210157 13
0004 0015 2 1671181601266467 68.3125 -63.5 5.902758071783947 13
0004 0010 3 1671181601303656 -205.0625 -69.0 2.429825568010856 13
0004 0005 3 1671181601304676 58.5625 -64.0 4.270602513473625 13
0004 0007 3 1671181601306121 -6.5 -68.0 5.289165756629691 13
0004 0015 4 1671181601337484 -3.25 -66.5 0.3313398501832985 13
0004 0007 4 1671181601338452 -29.25 -69.5 5.8475347634200645 13
0004 0015 5 1671181601366554 58.5625 -70.0 5.2768939103266055 13
0004 0006 5 1671181601368586 -113.875 -65.0 2.521864415283994 13
0004 0010 6 1671181601406105 -35.75 -66.5 2.8102528034064944 13
0004 0015 6 1671181601411922 39.0 -68.0 2.497320722677824 13
0004 0006 6 1671181601412888 42.3125 -65.0 5.375068680751287 13
0004 0006 7 1671181601436102 -16.25 -62.5 4.76147636559703 13
0004 0007 7 1671181601437010 22.75 -67.5 2.5464081078901644 13
0004 0011 7 1671181601438439 -45.5625 -59.5 4.479223900626073 13
0004 0015 7 1671181601441231 -29.25 -67.5 2.9329712664373457 13
0004 0004 7 1671181601443102 -13.0 -64.5 0.7179030087304801 13
0004 0014 8 1671181601466195 -3.25 -61.5 1.4173982480063325 13
0004 0009 8 1671181601467201 13.0 -54.5 3.1784081924990484 13
0004 0007 8 1671181601469174 152.9375 -71.0 3.6386024288647407 13
0004 0006 8 1671181601470815 -19.5 -60.0 4.387185053352934 13
0004 0010 8 1671181601471990 19.5 -67.5 5.2768939103266055 13
0004 0004 8 1671181601473779 -55.3125 -67.5 0.47860200582032003 13
0004 0005 8 1671181601474728 -6.5 -60.5 5.221670601962723 13
0004 0007 1 1671181601695881 42.3125 -63.5 0.9142525495798421 13
0004 0015 1 1671181601696784 -32.5 -63.5 4.23378697456437 13
0004 0011 1 1671181601698238 7.3125 -57.5 0.5092816215780329 13
0004 0008 1 1671181601701754 6.5 -67.5 1.4358060174609601 13
0004 0014 1 1671181601702822 -22.75 -69.0 5.080544369477243 13
0004 0004 1 1671181601704022 0.0 -68.0 1.9696313316451632 13
0004 0009 1 1671181601705002 6.5 -60.5 0.4356505437595221 13
0004 0005 1 1671181601707088 -130.1875 -71.5 1.6137477888556946 13
0004 0000 1 1671181601714767 -35.75 -72.0 3.3747577333484107 13
0004 0011 2 1671181601735882 10.5625 -56.0 2.4175537217077703 13
0004 0009 2 1671181601737312 -13.0 -55.5 0.3190680038802134 13
0004 0014 2 1671181601738235 117.125 -67.5 2.4727770300716534 13
0004 0015 2 1671181601740228 -139.9375 -64.0 0.0 13
0004 0004 2 1671181601741900 -32.5 -69.5 5.859806609723149 13
0004 0010 2 1671181601743685 -139.9375 -65.0 2.509592568980909 13
0004 0005 2 1671181601745203 45.5625 -60.5 2.84706834231575 13
0004 0006 2 1671181601746396 -45.5625 -67.0 6.19728238305799 13
0004 0007 2 1671181601747333 -39.0 -65.5 2.816388726558037 13
0004 0005 3 1671181601776336 94.375 -64.0 4.2092432819582 13
0004 0010 3 1671181601778606 188.75 -69.5 2.1046216409791 13
0004 0007 3 1671181601780861 -87.875 -69.0 5.283029833478148 13
0004 0007 4 1671181601809407 39.0 -69.0 5.829126993965437 13
0004 0015 4 1671181601810397 19.5 -66.5 0.35588354278946877 13
0004 0006 5 1671181601836665 55.3125 -66.0 2.2396119503130363 13
0004 0015 5 1671181601838450 -87.875 -70.0 5.411884219660542 13
0004 0010 6 1671181601865879 -42.3125 -66.5 2.730485802436441 13
0004 0015 6 1671181601866897 22.75 -68.0 2.497320722677824 13
0004 0006 6 1671181601868331 -78.0625 -65.0 5.5714182216006485 13
0004 0006 7 1671181601896396 -16.25 -62.5 4.724660826687775 13
0004 0004 7 1671181601897346 68.3125 -63.0 0.619728238305799 13
0004 0011 7 1671181601900758 9.75 -59.5 4.4362724385652745 13
0004 0015 7 1671181601902331 48.8125 -68.0 2.7979809571034093 13
0004 0007 7 1671181601903340 -61.8125 -69.0 2.6998061866787286 13
0004 0006 8 1671181601925834 -32.5 -60.5 4.3933209765044765 13
0004 0004 8 1671181601926768 -9.75 -67.0 0.380427235395639 13
0004 0005 8 1671181601928787 -74.8125 -61.0 5.307573526084319 13
0004 0009 8 1671181601931443 -19.5 -54.5 3.2029518851052186 13
0004 0010 8 1671181601932421 13.0 -67.5 5.197126909356553 13
0004 0014 8 1671181601935873 9.75 -61.5 1.4051264017032472 13
0004 0007 8 1671181601937677 -120.4375 -70.0 3.9515345095934116 13
0004 0007 1 1671181602156381 -13.0 -63.0 0.9878836273983529 13
0004 0015 1 1671181602157298 -9.75 -63.0 4.23378697456437 13
0004 0011 1 1671181602158259 21.125 -57.5 0.4908738521234052 13
0004 0000 1 1671181602159210 -26.0 -71.5 3.4177091954092087 13
0004 0004 1 1671181602160400 32.5 -68.5 2.024854640009046 13
0004 0009 1 1671181602162374 -22.75 -60.5 0.4663301595172349 13
0004 0005 1 1671181602163327 -149.6875 -72.0 1.4971652489763858 13
0004 0008 1 1671181602164302 16.25 -67.5 1.5462526341887264 13
0004 0014 1 1671181602167540 -26.0 -68.5 5.178719139901925 13
0004 0004 2 1671181602195824 -26.0 -68.5 5.921165841238575 13
0004 0011 2 1671181602197804 24.375 -56.0 2.386874105950058 13
0004 0010 2 1671181602199264 26.0 -64.0 2.2027964114037806 13
0004 0005 2 1671181602200228 -32.5 -60.5 2.9759227284981438 13
0004 0006 2 1671181602201208 97.625 -67.5 6.007068765360171 13
0004 0009 2 1671181602202338 -3.25 -55.0 0.28838838812250056 13
0004 0014 2 1671181602203485 0.0 -68.0 2.730485802436441 13
0004 0007 2 1671181602204440 -6.5 -65.5 2.834796496012665 13
0004 0015 2 1671181602205628 -16.25 -63.5 6.178874613603362 13
0004 0007 3 1671181602227497 -81.375 -68.5 5.393476450205914 13
0004 0005 3 1671181602228421 -52.0625 -66.0 4.540583132141498 13
0004 0010 3 1671181602230025 -24.375 -69.5 2.2027964114037806 13
0004 0015 4 1671181602257252 13.0 -66.0 0.32520392703175593 13
0004 0007 4 1671181602260228 -97.625 -69.5 5.8659425328746915 13
0004 0006 5 1671181602289432 68.3125 -66.0 2.1905245651006955 13
0004 0015 5 1671181602292100 91.125 -70.5 5.375068680751287 13
0004 0010 6 1671181602315869 -94.375 -66.0 2.8286605728611223 13
0004 0006 6 1671181602319611 3.25 -65.0 5.442563835418255 13
0004 0015 6 1671181602320902 26.0 -67.5 2.4175537217077703 13
0004 0015 7 1671181602346537 65.0625 -66.0 2.767301341345697 13
0004 0011 7 1671181602347509 7.3125 -59.5 4.411728745959104 13
0004 0006 7 1671181602348504 19.5 -62.5 4.651029748869264 13
0004 0004 7 1671181602350999 22.75 -64.0 0.5951845456996288 13
0004 0007 7 1671181602353058 -81.375 -69.0 2.791845033951867 13
0004 0007 8 1671181602375960 -104.125 -70.5 3.8963112012295285 13
0004 0009 8 1671181602377972 -29.25 -54.5 3.2704470397721868 13
0004 0014 8 1671181602379758 -19.5 -61.5 1.4542137869155878 13
0004 0004 8 1671181602380709 -48.8125 -67.5 0.4295146206079795 13
0004 0006 8 1671181602381645 -32.5 -60.5 4.374913207049849 13
0004 0005 8 1671181602382594 16.25 -60.5 5.160311370447297 13
0004 0010 8 1671181602388374 55.3125 -67.0 5.148039524144211 13
