0004 0007 1 1671181678996735 -9.75 -60.5 2.9820586516496865 13
0004 0012 1 1671181678997700 -100.875 -63.5 5.221670601962723 13
0004 0013 1 1671181678998928 -9.75 -57.0 1.282407938672396 13
0004 0010 1 1671181679000371 -9.75 -64.0 1.88986433067511 13
0004 0008 1 1671181679001578 -55.3125 -69.5 1.4971652489763858 13
0004 0011 1 1671181679003909 -7.3125 -60.5 2.84706834231575 13
0004 0004 1 1671181679005805 32.5 -67.5 3.6140587362585705 13
0004 0015 1 1671181679006778 -9.75 -60.0 5.368932757599744 13
0004 0009 1 1671181679007743 22.75 -60.0 2.1659808724945253 13
0004 0005 1 1671181679009104 22.75 -65.0 3.11091303783208 13
0004 0014 1 1671181679011577 26.0 -66.5 0.619728238305799 13
0004 0003 1 1671181679013871 -179.0 -72.5 5.902758071783947 13
0004 0000 1 1671181679018250 -179.0 -73.5 3.80427235395639 13
0004 0012 2 1671181679046604 55.3125 -63.5 0.42337869745643697 13
0004 0010 2 1671181679047908 -120.4375 -67.5 4.620350133111551 13
0004 0007 2 1671181679048871 3.25 -62.0 4.620350133111551 13
0004 0011 2 1671181679049819 -13.8125 -55.5 4.908738521234052 13
0004 0004 2 1671181679051816 22.75 -66.0 4.221515128261284 13
0004 0013 2 1671181679052866 32.5 -64.5 5.092816215780329 13
0004 0005 2 1671181679054043 68.3125 -61.5 5.197126909356553 13
0004 0006 2 1671181679055434 218.0625 -68.5 1.380582709097077 13
0004 0001 2 1671181679056773 -55.3125 -68.0 5.344389064993574 13
0004 0015 2 1671181679057718 26.0 -61.0 5.835262917116979 13
0004 0014 2 1671181679058878 -26.0 -61.0 3.153864499892878 13
0004 0014 3 1671181679085938 -39.0 -65.5 5.289165756629691 13
0004 0007 3 1671181679087372 39.0 -68.5 5.013049214810275 13
0004 0011 3 1671181679090773 97.625 -69.5 0.1718058482431918 13
0004 0001 3 1671181679092004 -218.875 -69.0 3.877903431774901 13
0004 0015 3 1671181679094202 -3.25 -64.0 0.030679615757712823 13
0004 0005 3 1671181679096060 -139.9375 -68.5 3.497476196379262 13
0004 0006 3 1671181679097664 -32.5 -68.5 3.9208548938356986 13
0004 0014 4 1671181679138652 -13.0 -62.0 4.454680208019902 13
0004 0012 4 1671181679140493 -3.25 -66.5 5.3627968344482015 13
0004 0003 4 1671181679143551 -29.25 -75.5 3.1784081924990484 13
0004 0014 5 1671181679166836 52.0625 -60.0 2.4605051837685683 13
0004 0004 5 1671181679167928 -224.5625 -69.0 2.2150682577068657 13
0004 0006 5 1671181679169104 94.375 -65.5 2.5280003384355365 13
0004 0007 5 1671181679170548 6.5 -68.5 0.9940195505498954 13
0004 0015 5 1671181679171483 -71.5625 -63.0 5.8475347634200645 13
0004 0012 5 1671181679172430 22.75 -65.5 2.3009711818284617 13
0004 0004 6 1671181679196414 100.875 -68.5 0.619728238305799 13
0004 0006 6 1671181679198487 -13.0 -63.0 4.767612288748572 13
0004 0012 6 1671181679199423 48.8125 -66.5 0.2638446955163303 13
0004 0015 6 1671181679200925 29.25 -65.0 2.8838838812250054 13
0004 0014 6 1671181679201903 35.75 -60.0 5.970253226450915 13
0004 0004 7 1671181679226153 -39.0 -56.5 1.576932249946439 13
0004 0014 7 1671181679227959 22.75 -67.5 0.7792622402459057 13
0004 0012 7 1671181679228936 26.0 -62.5 0.07976700097005335 13
0004 0001 7 1671181679230322 65.875 -68.5 1.761009944492716 13
0004 0009 7 1671181679231755 110.625 -66.5 1.7855536370988863 13
0004 0006 7 1671181679232818 13.0 -66.5 0.2086213871524472 13
0004 0010 7 1671181679234699 13.0 -68.0 3.54042765844006 13
0004 0011 7 1671181679235646 -48.8125 -64.5 0.7669903939428205 13
0004 0010 8 1671181679256544 3.25 -65.5 3.160000423044421 13
0004 0011 8 1671181679257505 13.8125 -64.0 1.055378782065321 13
0004 0012 8 1671181679258455 32.5 -65.0 5.638913376267617 13
0004 0006 8 1671181679259604 39.0 -65.0 1.1658253987930873 13
0004 0014 8 1671181679260850 6.5 -62.5 1.8960002538266525 13
0004 0007 8 1671181679262115 68.3125 -68.5 5.767767762450011 13
0004 0013 8 1671181679263598 6.5 -57.0 0.46019423636569234 13
0004 0009 8 1671181679264505 -13.0 -61.0 5.418020142812084 13
0004 0008 8 1671181679266291 22.75 -73.0 2.9391071895888885 13
0004 0004 8 1671181679267196 -9.75 -68.0 3.9208548938356986 13
0004 0015 8 1671181679268127 -6.5 -61.0 0.3190680038802134 13
0004 0005 8 1671181679269094 39.0 -62.0 0.34974761963792617 13
0004 0014 1 1671181679486125 29.25 -67.0 0.4970097752749477 13
0004 0009 1 1671181679487513 26.0 -60.5 2.1046216409791 13
0004 0010 1 1671181679488460 -35.75 -63.5 1.859184714917397 13
0004 0007 1 1671181679489439 42.3125 -60.5 2.9268353432858034 13
0004 0008 1 1671181679490346 -143.1875 -70.0 1.6014759425526093 13
0004 0005 1 1671181679491564 -6.5 -64.5 3.1661363461959633 13
0004 0012 1 1671181679492480 0.0 -63.5 5.037592907416445 13
0004 0015 1 1671181679493448 78.0625 -60.5 5.289165756629691 13
0004 0013 1 1671181679494439 16.25 -57.0 1.2946797849754812 13
0004 0000 1 1671181679495390 -156.1875 -71.5 3.7122335066832517 13
0004 0011 1 1671181679496303 -7.3125 -60.5 2.8961557275280905 13
0004 0004 1 1671181679498121 55.3125 -68.5 3.5895150436524004 13
0004 0006 2 1671181679526147 -6.5 -68.0 1.6198837120072371 13
0004 0007 2 1671181679527114 74.8125 -61.5 4.583534594202296 13
0004 0011 2 1671181679528582 7.3125 -55.5 4.890330751779424 13
0004 0012 2 1671181679529503 32.5 -64.0 0.4663301595172349 13
0004 0004 2 1671181679530708 -29.25 -66.5 4.301282129231338 13
0004 0001 2 1671181679531883 -59.375 -69.0 5.5714182216006485 13
0004 0005 2 1671181679532775 -22.75 -61.0 5.399612373357457 13
0004 0015 2 1671181679535531 -32.5 -61.0 5.9088939949354895 13
0004 0014 2 1671181679537161 113.875 -61.5 2.8716120349219203 13
0004 0013 2 1671181679539632 -107.375 -64.5 5.418020142812084 13
0004 0010 2 1671181679540967 -133.4375 -66.5 4.583534594202296 13
0004 0007 3 1671181679568666 -42.3125 -69.0 5.43029198911517 13
0004 0015 3 1671181679569613 65.0625 -64.0 6.234097921967246 13
0004 0006 3 1671181679570548 -29.25 -67.5 3.8288160465625602 13
0004 0014 3 1671181679571736 19.5 -65.0 5.160311370447297 13
0004 0005 3 1671181679579716 -71.5625 -68.5 3.313398501832985 13
0004 0011 3 1671181679582866 -152.9375 -71.5 0.1595340019401067 13
0004 0001 3 1671181679584474 30.875 -69.5 3.5465635815916023 13
0004 0002 3 1671181679587074 48.8125 -71.0 3.436116964863836 13
0004 0014 4 1671181679607162 -22.75 -61.5 4.4976316700806995 13
0004 0012 4 1671181679609535 -74.8125 -66.0 5.43029198911517 13
0004 0003 4 1671181679612432 -162.75 -75.0 3.485204350076177 13
0004 0015 5 1671181679638950 -35.75 -63.5 5.8045833013592665 13
0004 0012 5 1671181679640227 45.5625 -66.0 2.116893487282185 13
0004 0014 5 1671181679641686 -61.8125 -60.5 2.6813984172241008 13
0004 0007 5 1671181679642652 -100.875 -68.0 1.1351457830353744 13
0004 0006 5 1671181679644122 3.25 -65.5 2.466641106920111 13
0004 0004 5 1671181679645205 84.625 -70.5 1.552388557340269 13
0004 0002 5 1671181679648920 39.0 -72.0 0.35588354278946877 13
0004 0012 6 1671181679676080 84.625 -66.5 0.2086213871524472 13
0004 0015 6 1671181679677254 29.25 -65.0 2.82252464970958 13
0004 0006 6 1671181679678923 16.25 -63.5 4.620350133111551 13
0004 0014 6 1671181679680311 -13.0 -60.0 6.037748381117884 13
0004 0004 6 1671181679681986 113.875 -69.5 0.5276893910326605 13
0004 0011 7 1671181679716881 38.1875 -65.5 0.6565437772150544 13
0004 0006 7 1671181679718231 -78.0625 -66.0 0.2699806186678728 13
0004 0004 7 1671181679720028 6.5 -56.5 1.509437095279471 13
0004 0012 7 1671181679721002 0.0 -62.0 0.1595340019401067 13
0004 0014 7 1671181679722677 -104.125 -68.5 1.0062913968529805 13
0004 0009 7 1671181679724006 42.3125 -67.5 1.5892040962495242 13
0004 0001 7 1671181679726240 -69.125 -68.5 1.9082721001297376 13
0004 0010 7 1671181679728346 48.8125 -69.0 3.472932503773092 13
0004 0014 8 1671181679755848 -35.75 -62.5 1.9696313316451632 13
0004 0013 8 1671181679756823 13.0 -57.0 0.44178646691106466 13
0004 0006 8 1671181679757773 9.75 -64.5 1.2762720155208536 13
0004 0010 8 1671181679758961 -3.25 -65.5 3.184544115650591 13
0004 0015 8 1671181679760697 -13.0 -60.5 0.30066023442558565 13
0004 0012 8 1671181679761915 -19.5 -65.0 5.602097837358362 13
0004 0009 8 1671181679762893 -13.0 -63.5 4.853515212870168 13
0004 0005 8 1671181679765060 0.0 -62.0 0.37429131224409645 13
0004 0004 8 1671181679766639 -68.3125 -68.5 4.037437433715008 13
0004 0011 8 1671181679768477 27.625 -65.5 1.0492428589137786 13
0004 0007 8 1671181679771537 -29.25 -68.0 6.135923151542564 13
0004 0008 8 1671181679772584 -19.5 -73.5 2.9329712664373457 13
0004 0010 1 1671181679985845 13.0 -63.5 1.705786636128833 13
0004 0007 1 1671181679987261 19.5 -60.5 2.9820586516496865 13
0004 0009 1 1671181679988464 -22.75 -62.0 1.2333205534600555 13
0004 0005 1 1671181679990577 -42.3125 -64.5 3.2827188860752723 13
0004 0012 1 1671181679992033 3.25 -63.5 5.111223985234957 13
0004 0008 1 1671181679992984 91.125 -69.5 1.4296700943094176 13
0004 0015 1 1671181679994002 -29.25 -60.5 5.43029198911517 13
0004 0013 1 1671181679995176 35.75 -57.0 1.2885438618239387 13
0004 0011 1 1671181679996135 -21.125 -60.0 2.9575149590435164 13
0004 0003 1 1671181679997584 -91.125 -73.0 5.835262917116979 13
0004 0014 1 1671181679998591 -74.8125 -67.5 0.7424467013366504 13
0004 0004 1 1671181679999965 22.75 -68.5 3.730641276137879 13
0004 0000 1 1671181680000902 -123.6875 -73.5 3.9699422790480394 13
0004 0004 2 1671181680036147 -152.9375 -65.5 4.331961744989051 13
0004 0012 2 1671181680037919 -35.75 -63.0 0.521553467881118 13
0004 0007 2 1671181680038806 0.0 -62.0 4.663301595172349 13
0004 0014 2 1671181680039791 52.0625 -61.5 3.043417883165112 13
0004 0011 2 1671181680040734 -10.5625 -55.5 4.95168998329485 13
0004 0015 2 1671181680041695 -61.8125 -62.5 6.062292073724054 13
0004 0013 2 1671181680042686 -26.0 -64.5 5.307573526084319 13
0004 0005 2 1671181680044731 -104.125 -61.5 5.64504929941916 13
0004 0010 2 1671181680046131 -32.5 -67.5 4.319689898685965 13
0004 0001 2 1671181680047740 -79.75 -68.0 5.583690067903734 13
0004 0006 2 1671181680049543 299.4375 -68.0 1.1596894756415448 13
0004 0015 3 1671181680075876 38.1875 -64.5 0.01227184630308513 13
0004 0005 3 1671181680077309 48.8125 -68.5 3.227495577711389 13
0004 0001 3 1671181680078540 -104.125 -69.0 3.522019888985432 13
0004 0014 3 1671181680079489 -29.25 -65.5 5.2768939103266055 13
0004 0006 3 1671181680080710 16.25 -68.0 3.650874275167826 13
0004 0011 3 1671181680083144 7.3125 -69.5 0.3436116964863836 13
0004 0007 3 1671181680086806 6.5 -69.5 5.105088062083414 13
0004 0014 4 1671181680118619 -3.25 -62.0 4.516039439535327 13
0004 0012 4 1671181680119698 -42.3125 -67.0 5.411884219660542 13
0004 0003 4 1671181680123563 -3.25 -75.0 3.454524734318464 13
0004 0006 5 1671181680146576 42.3125 -65.5 2.36846633649543 13
0004 0007 5 1671181680147882 19.5 -66.5 0.8222137023067037 13
0004 0014 5 1671181680148844 -3.25 -60.5 2.5954954931025047 13
0004 0015 5 1671181680149794 -42.3125 -63.5 5.737088146692298 13
0004 0012 5 1671181680152129 -87.875 -65.5 2.2396119503130363 13
0004 0004 5 1671181680154225 -29.25 -69.5 1.521708941582556 13
0004 0002 5 1671181680155547 -152.9375 -73.0 0.1902136176978195 13
0004 0006 6 1671181680175891 -45.5625 -63.5 4.669437518323892 13
0004 0012 6 1671181680177051 9.75 -66.5 0.28225246497095796 13
0004 0014 6 1671181680178306 -9.75 -60.5 6.050020227420969 13
0004 0015 6 1671181680181834 -26.0 -64.5 2.9329712664373457 13
0004 0004 6 1671181680183366 52.0625 -70.0 0.6994952392758523 13
0004 0012 7 1671181680206621 39.0 -62.5 6.270913460876501 13
0004 0001 7 1671181680207962 -79.75 -70.0 2.018718716857504 13
0004 0004 7 1671181680210336 -9.75 -56.5 1.4296700943094176 13
0004 0006 7 1671181680211257 -3.25 -65.5 6.2034183062095325 13
0004 0014 7 1671181680212646 71.5625 -67.5 0.760854470791278 13
0004 0011 7 1671181680213689 -3.25 -65.5 0.6135923151542565 13
0004 0009 7 1671181680214865 3.25 -69.0 0.8528933180644165 13
0004 0010 7 1671181680215816 19.5 -70.0 3.399301425954581 13
0004 0011 8 1671181680246157 48.8125 -65.0 0.8897088569736719 13
0004 0010 8 1671181680247133 35.75 -64.5 2.9391071895888885 13
0004 0012 8 1671181680248309 -55.3125 -65.5 5.583690067903734 13
0004 0013 8 1671181680249240 -9.75 -57.5 0.30679615757712825 13
0004 0014 8 1671181680250445 3.25 -62.5 1.8714565612204823 13
0004 0006 8 1671181680251399 26.0 -64.0 1.0676506283684062 13
0004 0015 8 1671181680252558 39.0 -60.5 0.21475731030398976 13
0004 0005 8 1671181680254215 -13.0 -62.0 0.30679615757712825 13
0004 0004 8 1671181680256044 -9.75 -68.5 3.902447124381071 13
0004 0009 8 1671181680257010 -35.75 -65.5 4.0987966652304335 13
0004 0007 8 1671181680258202 91.125 -68.0 5.749359992995383 13
0004 0008 8 1671181680260002 -84.625 -74.0 2.8777479580734626 13
0004 0013 1 1671181680477441 9.75 -57.0 1.3437671701878218 13
0004 0004 1 1671181680478480 -52.0625 -68.5 4.0128937411088375 13
0004 0012 1 1671181680479907 16.25 -63.5 5.086680292628786 13
0004 0007 1 1671181680481098 -13.0 -61.0 3.1231848841351653 13
0004 0003 1 1671181680484080 276.625 -75.0 5.5714182216006485 13
0004 0009 1 1671181680485605 -3.25 -62.5 1.2455923997631406 13
0004 0000 1 1671181680486570 -74.8125 -73.0 4.196971435655114 13
0004 0014 1 1671181680487534 48.8125 -67.5 0.5829126993965437 13
0004 0015 1 1671181680488495 -35.75 -60.5 5.43029198911517 13
0004 0011 1 1671181680489440 17.0625 -61.5 3.0066023442558567 13
0004 0008 1 1671181680491264 -3.25 -69.0 1.7855536370988863 13
0004 0010 1 1671181680493144 6.5 -63.5 1.8960002538266525 13
0004 0005 1 1671181680494083 -22.75 -65.0 3.472932503773092 13
0004 0010 2 1671181680515879 74.8125 -68.5 4.368777283898306 13
0004 0004 2 1671181680516814 -32.5 -66.0 4.344233591292136 13
0004 0014 2 1671181680518018 26.0 -61.0 3.117048960983623 13
0004 0006 2 1671181680519424 -143.1875 -68.0 2.000310947402876 13
0004 0013 2 1671181680520343 -26.0 -63.5 5.344389064993574 13
0004 0012 2 1671181680522054 -26.0 -63.0 0.4724660826687775 13
0004 0015 2 1671181680523228 -32.5 -61.0 6.000932842208628 13
0004 0007 2 1671181680524178 -35.75 -61.5 4.779884135051658 13
0004 0001 2 1671181680525098 -135.0625 -69.0 6.22182607566416 13
0004 0011 2 1671181680527777 -48.8125 -55.0 5.141903600992669 13
0004 0005 2 1671181680529067 -16.25 -61.5 5.712544454086128 13
0004 0006 3 1671181680556080 35.75 -67.0 3.436116964863836 13
0004 0014 3 1671181680557015 61.8125 -65.0 5.166447293598839 13
0004 0015 3 1671181680558737 3.25 -64.5 0.1349903093339364 13
0004 0005 3 1671181680562169 -107.375 -68.5 3.1784081924990484 13
0004 0007 3 1671181680564757 -13.0 -69.5 5.160311370447297 13
0004 0002 3 1671181680566638 29.25 -72.0 3.448388811166921 13
0004 0011 3 1671181680570872 170.0625 -68.0 0.2638446955163303 13
0004 0014 4 1671181680598166 -19.5 -62.0 4.571262747899211 13
0004 0012 4 1671181680600035 61.8125 -67.5 5.270757987175063 13
0004 0003 4 1671181680601888 -110.625 -76.0 3.3747577333484107 13
0004 0014 5 1671181680627480 -81.375 -60.0 2.724349879284899 13
0004 0015 5 1671181680628653 9.75 -63.0 5.663457068873787 13
0004 0012 5 1671181680630314 94.375 -65.5 1.9757672547967058 13
0004 0006 5 1671181680631394 159.5 -65.5 2.184388641949153 13
0004 0007 5 1671181680632347 -84.625 -67.0 0.8160777791551611 13
0004 0004 5 1671181680635882 -19.5 -70.0 1.3069516312785663 13
0004 0002 5 1671181680636881 374.3125 -73.0 5.994796919057086 13
0004 0015 6 1671181680656842 -58.5625 -64.5 2.8777479580734626 13
0004 0004 6 1671181680658175 -68.3125 -68.5 0.521553467881118 13
0004 0014 6 1671181680659123 -13.0 -60.5 6.056156150572511 13
0004 0006 6 1671181680660570 -13.0 -63.5 4.546719055293041 13
0004 0012 6 1671181680662672 84.625 -67.0 0.17794177139473438 13
0004 0011 7 1671181680685889 10.5625 -65.0 0.5092816215780329 13
0004 0014 7 1671181680686842 -68.3125 -67.0 0.8222137023067037 13
0004 0006 7 1671181680688786 68.3125 -66.0 6.240233845118788 13
0004 0004 7 1671181680691325 32.5 -56.5 1.4480778637640452 13
0004 0012 7 1671181680692869 -3.25 -63.5 0.03681553890925539 13
0004 0009 7 1671181680694992 126.9375 -68.0 1.1228739367322893 13
0004 0010 7 1671181680696964 107.375 -69.5 3.2029518851052186 13
0004 0006 8 1671181680716173 42.3125 -64.5 1.1106020904292042 13
0004 0015 8 1671181680717120 29.25 -61.0 0.20248546400090464 13
0004 0004 8 1671181680718777 -9.75 -67.5 3.847223816017188 13
0004 0014 8 1671181680719785 13.0 -62.5 1.8960002538266525 13
0004 0013 8 1671181680720988 9.75 -57.5 0.28225246497095796 13
0004 0009 8 1671181680721967 -9.75 -64.5 4.657165672020807 13
0004 0005 8 1671181680723429 -48.8125 -62.0 0.4724660826687775 13
0004 0010 8 1671181680725536 22.75 -64.5 2.9391071895888885 13
0004 0011 8 1671181680726468 41.5 -65.0 0.9081166264282996 13
0004 0012 8 1671181680727460 -16.25 -65.0 5.681864838328415 13
0004 0007 8 1671181680728368 52.0625 -68.0 5.816855147662351 13
0004 0008 8 1671181680731017 3.25 -73.5 2.761165418194154 13
0004 0006 1 1671181680947234 0.0 -68.5 5.246214294568893 13
0004 0015 1 1671181680949875 13.0 -60.0 5.148039524144211 13
0004 0012 1 1671181680951105 6.5 -61.5 5.375068680751287 13
0004 0009 1 1671181680952067 -6.5 -58.0 2.1046216409791 13
0004 0007 1 1671181680953016 0.0 -60.0 2.521864415283994 13
0004 0011 1 1671181680953964 7.3125 -58.5 2.1966604882522383 13
0004 0013 1 1671181680955972 39.0 -60.5 1.6321555583103222 13
0004 0010 1 1671181680957373 42.3125 -63.0 1.1596894756415448 13
0004 0003 1 1671181680958384 227.8125 -74.0 5.436427912266712 13
0004 0005 1 1671181680959600 61.8125 -67.0 3.000466421104314 13
0004 0008 1 1671181680960986 -123.6875 -69.5 1.9512235621905356 13
0004 0000 1 1671181680962444 -305.9375 -72.5 4.945554060143307 13
0004 0004 1 1671181680963491 -110.625 -67.0 3.9822141253511245 13
0004 0014 1 1671181680964440 48.8125 -70.0 0.19634954084936207 13
0004 0007 2 1671181680986218 -6.5 -63.0 3.663146121470911 13
0004 0015 2 1671181680988083 -22.75 -62.0 6.19728238305799 13
0004 0012 2 1671181680989062 39.0 -68.0 0.5154175447295755 13
0004 0006 2 1671181680990044 55.3125 -68.5 1.6382914814618648 13
0004 0011 2 1671181680991257 3.25 -54.5 4.473087977474529 13
0004 0005 2 1671181680992223 71.5625 -63.0 5.442563835418255 13
0004 0013 2 1671181680993863 55.3125 -63.0 5.921165841238575 13
0004 0014 2 1671181680994826 87.875 -62.0 3.0925052683774528 13
0004 0010 2 1671181680996357 -55.3125 -67.5 3.552699504743145 13
0004 0004 2 1671181680998565 58.5625 -66.5 4.196971435655114 13
0004 0001 2 1671181680999483 -104.125 -67.5 0.6810874698212247 13
0004 0014 3 1671181681028906 32.5 -66.5 4.411728745959104 13
0004 0007 3 1671181681030723 -68.3125 -69.0 5.129631754689584 13
0004 0015 3 1671181681031671 -32.5 -68.5 6.19728238305799 13
0004 0006 3 1671181681034202 104.125 -67.0 3.822680123411018 13
0004 0001 3 1671181681036140 65.875 -70.0 3.172272269347506 13
0004 0005 3 1671181681045404 -48.8125 -71.0 3.0250101137104846 13
0004 0015 4 1671181681066140 -29.25 -68.0 0.28838838812250056 13
0004 0012 4 1671181681067915 -65.0625 -67.5 4.454680208019902 13
0004 0006 4 1671181681070716 68.3125 -68.5 5.240078371417351 13
0004 0014 4 1671181681071679 -9.75 -65.0 4.509903516383785 13
0004 0011 4 1671181681072741 -34.9375 -69.0 5.66959299202533 13
0004 0015 5 1671181681105887 -13.0 -64.5 5.356660911296659 13
0004 0006 5 1671181681106811 -156.1875 -68.0 3.1354567304382504 13
0004 0014 5 1671181681107760 52.0625 -63.5 1.4848934026733007 13
0004 0004 5 1671181681108766 48.8125 -69.5 1.0921943209745766 13
0004 0012 5 1671181681111176 -97.625 -66.0 6.277049384028044 13
0004 0007 5 1671181681112112 45.5625 -65.5 0.8222137023067037 13
0004 0006 6 1671181681135885 0.0 -64.5 5.773903685601553 13
0004 0014 6 1671181681139167 -13.0 -65.0 4.816699673960914 13
0004 0015 6 1671181681142195 27.625 -64.5 2.435961491162398 13
0004 0004 6 1671181681144647 -6.5 -64.0 6.031612457966341 13
0004 0012 6 1671181681147175 -58.5625 -69.5 3.6876898140770815 13
0004 0011 7 1671181681176075 7.3125 -65.5 4.0128937411088375 13
0004 0009 7 1671181681177097 16.25 -64.0 2.650718801466388 13
0004 0004 7 1671181681178045 -9.75 -54.5 0.42337869745643697 13
0004 0015 7 1671181681178996 149.6875 -69.5 2.110757564130642 13
0004 0007 7 1671181681182603 -68.3125 -66.0 3.2581751934691017 13
0004 0006 7 1671181681184662 113.875 -71.0 4.123340357836604 13
0004 0015 8 1671181681216154 -81.375 -72.5 0.4663301595172349 13
0004 0009 8 1671181681217980 -42.3125 -61.5 3.3195344249845276 13
0004 0008 8 1671181681219818 133.4375 -71.5 0.8099418560036186 13
0004 0007 8 1671181681220767 -3.25 -65.0 3.1968159619536762 13
0004 0006 8 1671181681222213 52.0625 -71.5 2.8716120349219203 13
0004 0005 8 1671181681224609 -100.875 -72.5 4.853515212870168 13
0004 0014 8 1671181681225876 -9.75 -61.5 0.7976700097005334 13
0004 0010 8 1671181681227435 16.25 -61.5 6.215690152512618 13
0004 0004 8 1671181681229545 16.25 -63.0 6.2034183062095325 13
0004 0008 1 1671181681458024 6.5 -62.5 4.865787059173254 13
0004 0000 1 1671181681459426 29.25 -71.0 0.5706408530934585 13
0004 0009 1 1671181681461586 -9.75 -61.5 4.289010282928253 13
0004 0011 1 1671181681462520 27.625 -55.5 2.1353012567368124 13
0004 0007 1 1671181681463937 35.75 -59.5 2.5034566458293663 13
0004 0015 1 1671181681464910 3.25 -62.5 4.172427743048944 13
0004 0003 1 1671181681465978 100.875 -72.5 2.1598449493429825 13
0004 0005 1 1671181681470309 -26.0 -72.5 3.3870295796514958 13
0004 0014 1 1671181681471855 120.4375 -72.0 4.7860200582032 13
0004 0015 2 1671181681495853 -26.0 -64.0 5.915029918087033 13
0004 0011 2 1671181681497928 -3.25 -53.0 3.7551849687440497 13
0004 0014 2 1671181681498912 -270.125 -68.5 2.8716120349219203 13
0004 0007 2 1671181681499873 -3.25 -60.0 4.424000592262189 13
0004 0006 2 1671181681502183 -9.75 -62.0 1.4173982480063325 13
0004 0009 2 1671181681503134 -32.5 -64.0 2.7979809571034093 13
0004 0005 2 1671181681504071 -68.3125 -64.5 0.4356505437595221 13
0004 0001 2 1671181681505048 68.3125 -66.0 5.203262832508095 13
0004 0010 2 1671181681515225 71.5625 -68.0 3.9453985864418692 13
0004 0011 3 1671181681546340 353.9375 -69.0 2.8961557275280905 13
0004 0005 3 1671181681548622 -68.3125 -66.0 1.0492428589137786 13
0004 0004 3 1671181681549981 -13.0 -68.0 4.589670517353839 13
0004 0001 3 1671181681551170 -17.0625 -68.5 2.0371264863121317 13
0004 0015 4 1671181681577146 61.8125 -65.5 0.30679615757712825 13
0004 0006 4 1671181681579055 6.5 -65.0 5.93343768754166 13
0004 0007 4 1671181681581507 39.0 -67.5 5.344389064993574 13
0004 0006 5 1671181681608405 97.625 -63.0 1.8162332528565992 13
0004 0014 5 1671181681614395 139.9375 -71.0 1.141281706186917 13
0004 0015 5 1671181681615671 -211.5625 -70.5 5.663457068873787 13
0004 0014 6 1671181681636239 -32.5 -70.0 4.571262747899211 13
0004 0010 6 1671181681637399 13.0 -66.0 1.0921943209745766 13
0004 0015 6 1671181681638601 9.75 -67.5 2.5954954931025047 13
0004 0009 6 1671181681640754 3.25 -63.0 4.485359823777615 13
0004 0006 6 1671181681642185 -3.25 -61.0 4.571262747899211 13
0004 0001 7 1671181681666331 -142.375 -69.5 0.7669903939428205 13
0004 0007 7 1671181681667524 -35.75 -71.5 2.448233337465483 13
0004 0006 7 1671181681669367 35.75 -60.5 0.7976700097005334 13
0004 0011 7 1671181681670807 -30.875 -61.0 5.252350217720435 13
0004 0010 7 1671181681671683 175.75 -70.0 5.841398840268521 13
0004 0009 7 1671181681672897 55.3125 -65.0 0.6135923151542565 13
0004 0015 7 1671181681674217 -149.6875 -66.5 3.429981041712294 13
0004 0004 7 1671181681675165 -26.0 -66.0 3.761320891895592 13
0004 0009 8 1671181681695921 -9.75 -54.5 5.031456984264903 13
0004 0014 8 1671181681697404 29.25 -61.0 0.7853981633974483 13
0004 0004 8 1671181681698608 16.25 -63.5 1.9266798695843652 13
0004 0001 8 1671181681699782 10.5625 -70.0 6.160466844148735 13
0004 0006 8 1671181681701213 3.25 -56.5 6.056156150572511 13
0004 0007 8 1671181681702435 -81.375 -66.0 4.319689898685965 13
0004 0011 8 1671181681703423 13.8125 -59.5 2.2089323345553233 13
0004 0008 8 1671181681704399 -9.75 -70.5 4.424000592262189 13
0004 0010 8 1671181681705352 -130.1875 -66.0 4.945554060143307 13
0004 0005 8 1671181681709033 -13.0 -61.0 0.4908738521234052 13
0004 0009 1 1671181681926123 19.5 -59.0 1.7426021750380885 13
0004 0015 1 1671181681927551 -13.0 -64.0 4.28287435977671 13
0004 0007 1 1671181681928531 -42.3125 -62.0 1.4971652489763858 13
0004 0011 1 1671181681929742 0.0 -56.5 0.521553467881118 13
0004 0000 1 1671181681930667 -13.0 -73.5 4.577398671050753 13
0004 0008 1 1671181681931928 61.8125 -66.0 2.6568547246179306 13
0004 0014 1 1671181681935643 -65.0625 -68.5 5.50392306693368 13
0004 0004 1 1671181681938601 113.875 -69.0 2.3316507975861747 13
0004 0014 2 1671181681977390 -104.125 -66.5 3.160000423044421 13
0004 0010 2 1671181681978819 -32.5 -65.5 1.9266798695843652 13
0004 0011 2 1671181681979778 27.625 -53.0 2.098485717827557 13
0004 0009 2 1671181681980739 -13.0 -57.0 1.3744467859455345 13
0004 0006 2 1671181681982889 13.0 -66.0 0.6933593161243098 13
0004 0015 2 1671181681985009 6.5 -64.5 6.14819499784565 13
0004 0005 2 1671181681987572 -48.8125 -60.0 4.086524818927348 13
0004 0001 2 1671181681989395 10.5625 -66.0 1.1965050145508 13
0004 0007 2 1671181681990293 52.0625 -64.5 3.227495577711389 13
0004 0004 2 1671181681991327 159.5 -70.0 5.5284667595398505 13
0004 0005 3 1671181682016199 48.8125 -65.5 2.859340188618835 13
0004 0011 3 1671181682019542 24.375 -66.0 2.8102528034064944 13
0004 0015 4 1671181682046872 16.25 -65.0 0.39269908169872414 13
0004 0003 4 1671181682048449 -65.0625 -77.0 3.2029518851052186 13
0004 0006 4 1671181682050687 -78.0625 -71.5 0.30679615757712825 13
0004 0007 4 1671181682051649 22.75 -69.5 5.442563835418255 13
0004 0015 5 1671181682077203 133.4375 -70.5 5.105088062083414 13
0004 0006 5 1671181682079003 52.0625 -65.5 2.429825568010856 13
0004 0014 5 1671181682080458 126.9375 -69.5 1.4603497100671303 13
0004 0004 5 1671181682084662 -117.125 -70.5 1.3928545554001621 13
0004 0009 6 1671181682116758 -26.0 -67.0 4.792155981354743 13
0004 0006 6 1671181682118145 -3.25 -63.0 5.221670601962723 13
0004 0010 6 1671181682119946 6.5 -64.5 1.718058482431918 13
0004 0015 6 1671181682121976 22.75 -68.0 2.448233337465483 13
0004 0014 6 1671181682123815 0.0 -70.0 4.608078286808466 13
0004 0006 7 1671181682146197 9.75 -61.5 5.712544454086128 13
0004 0011 7 1671181682147387 -24.375 -61.0 5.00077736850719 13
0004 0004 7 1671181682152508 26.0 -64.0 0.9142525495798421 13
0004 0015 7 1671181682153498 -87.0625 -66.5 3.215223731408304 13
0004 0007 7 1671181682154662 -45.5625 -68.5 2.730485802436441 13
0004 0007 8 1671181682175814 9.75 -66.0 4.3074180523828804 13
0004 0011 8 1671181682176776 -65.875 -60.5 2.4605051837685683 13
0004 0004 8 1671181682177967 -78.0625 -67.0 1.1351457830353744 13
0004 0009 8 1671181682179367 -39.0 -54.0 4.270602513473625 13
0004 0005 8 1671181682180982 -13.0 -60.0 5.64504929941916 13
0004 0001 8 1671181682182468 -201.8125 -70.5 4.405592822807561 13
0004 0010 8 1671181682184822 19.5 -64.0 5.47937937432751 13
0004 0006 8 1671181682185917 -35.75 -59.0 5.375068680751287 13
0004 0014 8 1671181682186866 13.0 -59.5 1.1474176293384597 13
0004 0007 1 1671181682406083 81.375 -62.5 1.380582709097077 13
0004 0004 1 1671181682407061 81.375 -68.0 2.1782527187976104 13
0004 0000 1 1671181682408492 -100.875 -71.0 3.9392626632903265 13
0004 0015 1 1671181682409468 -42.3125 -64.0 4.252194744018997 13
0004 0011 1 1671181682411391 -13.8125 -57.0 0.21475731030398976 13
0004 0009 1 1671181682412793 26.0 -57.5 1.4480778637640452 13
0004 0003 1 1671181682414824 -152.9375 -74.0 5.031456984264903 13
0004 0008 1 1671181682415900 -29.25 -66.5 2.061670178918302 13
0004 0014 1 1671181682417375 39.0 -68.5 5.350524988145116 13
0004 0007 2 1671181682445845 71.5625 -65.0 3.172272269347506 13
0004 0015 2 1671181682446791 -149.6875 -64.0 0.20248546400090464 13
0004 0009 2 1671181682447737 3.25 -57.5 1.0062913968529805 13
0004 0006 2 1671181682448632 -3.25 -65.0 0.47860200582032003 13
0004 0001 2 1671181682449851 87.0625 -68.5 0.30066023442558565 13
0004 0004 2 1671181682451096 9.75 -69.5 5.675728915176872 13
0004 0011 2 1671181682452312 -3.25 -53.5 1.9082721001297376 13
0004 0005 2 1671181682453491 39.0 -60.0 3.5772431973493153 13
0004 0010 2 1671181682454966 113.875 -65.0 1.9082721001297376 13
0004 0014 2 1671181682456796 -185.5 -68.5 3.227495577711389 13
0004 0005 3 1671181682486967 91.125 -65.0 3.3318062712876126 13
0004 0011 3 1671181682487884 13.0 -66.0 2.7120780329818137 13
0004 0007 3 1671181682491320 -81.375 -71.5 5.019185137961818 13
0004 0009 4 1671181682526433 -26.0 -68.0 5.724816300389213 13
0004 0015 4 1671181682527890 -24.375 -66.0 0.4479223900626072 13
0004 0007 4 1671181682531692 -16.25 -69.0 5.595961914206819 13
0004 0014 5 1671181682556527 113.875 -70.5 1.4910293258248433 13
0004 0004 5 1671181682558299 130.1875 -70.0 1.4726215563702154 13
0004 0006 5 1671181682559519 -218.0625 -65.0 2.804116880254952 13
0004 0015 5 1671181682560493 145.625 -70.5 5.00077736850719 13
0004 0006 6 1671181682587614 -19.5 -63.5 5.062136600022616 13
0004 0015 6 1671181682589428 32.5 -67.5 2.356194490192345 13
0004 0014 6 1671181682590703 9.75 -70.5 4.620350133111551 13
0004 0010 6 1671181682593129 -42.3125 -65.5 1.932815792735908 13
0004 0009 6 1671181682594078 -29.25 -67.0 4.945554060143307 13
0004 0006 7 1671181682617196 6.5 -63.0 5.393476450205914 13
0004 0007 7 1671181682618249 91.125 -67.0 2.521864415283994 13
0004 0015 7 1671181682619243 -100.875 -67.5 3.153864499892878 13
0004 0009 7 1671181682620447 -91.125 -68.5 1.3437671701878218 13
0004 0011 7 1671181682624057 -111.4375 -61.5 4.853515212870168 13
0004 0004 7 1671181682625046 13.0 -62.5 0.6442719309119693 13
0004 0014 8 1671181682646482 32.5 -60.0 1.0983302441261191 13
0004 0006 8 1671181682647671 -6.5 -60.0 5.301437602932776 13
0004 0010 8 1671181682649132 45.5625 -65.5 5.473243451175968 13
0004 0008 8 1671181682650292 35.75 -70.5 3.104777114680538 13
0004 0011 8 1671181682651470 0.0 -61.0 2.3316507975861747 13
0004 0007 8 1671181682652652 58.5625 -66.5 4.190835512503572 13
0004 0004 8 1671181682654395 -3.25 -68.0 0.8160777791551611 13
0004 0009 8 1671181682655570 -13.0 -54.0 4.086524818927348 13
0004 0005 8 1671181682657254 0.0 -60.0 5.589825991055276 13
0004 0001 8 1671181682659482 -10.5625 -70.5 4.04357335686655 13
0004 0000 1 1671181682876576 -29.25 -71.0 3.9208548938356986 13
0004 0015 1 1671181682877595 -42.3125 -63.5 4.25833066717054 13
0004 0009 1 1671181682879364 6.5 -56.5 1.4358060174609601 13
0004 0007 1 1671181682881211 -45.5625 -62.0 1.564660403643354 13
0004 0008 1 1671181682882159 55.3125 -67.0 2.061670178918302 13
0004 0011 1 1671181682883332 27.625 -58.0 0.05522330836388308 13
0004 0014 1 1671181682890604 -58.5625 -68.5 5.534602682691394 13
0004 0004 1 1671181682891519 0.0 -67.5 2.337786720737717 13
0004 0009 2 1671181682916347 6.5 -58.0 0.8344855486097889 13
0004 0010 2 1671181682918444 -74.8125 -64.5 2.0493983326152168 13
0004 0005 2 1671181682919664 -84.625 -60.0 3.810408277107933 13
0004 0007 2 1671181682920602 117.125 -64.5 3.0925052683774528 13
0004 0011 2 1671181682922114 27.625 -53.5 1.8285050991596843 13
0004 0006 2 1671181682924374 9.75 -66.5 0.3988350048502667 13
0004 0014 2 1671181682925283 107.375 -67.5 2.9022916506796332 13
0004 0015 2 1671181682930769 65.0625 -64.0 6.062292073724054 13
0004 0001 2 1671181682934001 -76.4375 -68.5 0.4663301595172349 13
0004 0004 2 1671181682937766 71.5625 -69.5 5.577554144752192 13
0004 0011 3 1671181682966096 -128.5625 -67.0 2.730485802436441 13
0004 0005 3 1671181682968628 13.0 -66.5 3.3624858870453256 13
0004 0007 3 1671181682972173 107.375 -71.5 4.6878452877785195 13
0004 0007 4 1671181682996132 61.8125 -68.5 5.577554144752192 13
0004 0015 4 1671181683000519 -22.75 -66.5 0.42337869745643697 13
0004 0003 4 1671181683003113 413.375 -74.5 2.6568547246179306 13
0004 0015 5 1671181683025979 -87.875 -71.5 5.45483568172134 13
0004 0014 5 1671181683028264 26.0 -70.5 1.6014759425526093 13
0004 0006 5 1671181683029496 -6.5 -66.5 2.1353012567368124 13
0004 0002 5 1671181683032635 -227.8125 -71.5 0.6135923151542565 13
0004 0015 6 1671181683056629 -39.0 -68.0 2.442097414313941 13
0004 0009 6 1671181683058175 9.75 -68.0 4.718524903536232 13
0004 0010 6 1671181683060085 81.375 -65.0 1.6996507129772904 13
0004 0006 6 1671181683061021 -29.25 -64.5 5.013049214810275 13
0004 0014 6 1671181683062595 -39.0 -70.0 4.595806440505381 13
0004 0015 7 1671181683085808 -9.75 -68.0 3.074097498922825 13
0004 0004 7 1671181683086984 42.3125 -63.0 0.619728238305799 13
0004 0007 7 1671181683088919 -74.8125 -68.0 2.8286605728611223 13
0004 0011 7 1671181683089909 17.0625 -62.0 4.6878452877785195 13
0004 0006 7 1671181683091626 -29.25 -62.5 5.325981295538946 13
0004 0009 7 1671181683093369 -94.375 -67.0 1.9696313316451632 13
0004 0008 8 1671181683126296 26.0 -71.0 3.368621810196868 13
0004 0001 8 1671181683127244 41.5 -69.0 4.338097668140593 13
0004 0005 8 1671181683129301 13.0 -60.0 5.6941366846315 13
0004 0009 8 1671181683130248 -6.5 -54.5 3.988350048502667 13
0004 0006 8 1671181683131512 32.5 -60.0 5.135767677841127 13
0004 0004 8 1671181683132519 -19.5 -68.0 0.7179030087304801 13
0004 0014 8 1671181683133696 16.25 -60.0 1.1167380135807468 13
0004 0010 8 1671181683134673 -97.625 -65.5 5.620505606812989 13
0004 0011 8 1671181683136218 -10.5625 -61.5 2.3009711818284617 13
0004 0007 8 1671181683137834 58.5625 -66.0 4.2092432819582 13
0004 0009 1 1671181683346592 32.5 -56.5 1.3314953238847365 13
0004 0015 1 1671181683347507 -6.5 -64.0 4.184699589352029 13
0004 0007 1 1671181683348474 -39.0 -62.5 1.5278448647340985 13
0004 0008 1 1671181683350117 71.5625 -67.0 2.098485717827557 13
0004 0011 1 1671181683351291 27.625 -58.0 0.030679615757712823 13
0004 0014 1 1671181683352454 -19.5 -69.0 5.332117218690489 13
0004 0000 1 1671181683353656 -192.0 -70.5 4.129476280988146 13
0004 0004 1 1671181683354761 -61.8125 -68.0 2.3746022596469727 13
0004 0003 1 1671181683358060 -452.4375 -74.5 5.6143696836614465 13
0004 0011 2 1671181683385912 27.625 -53.5 1.8285050991596843 13
0004 0006 2 1671181683387118 -74.8125 -65.5 0.4540583132141498 13
0004 0009 2 1671181683388078 -3.25 -58.0 0.8528933180644165 13
0004 0005 2 1671181683389766 3.25 -60.5 3.736777199289422 13
0004 0015 2 1671181683390702 -55.3125 -64.5 6.2463697682703305 13
0004 0010 2 1671181683393819 -42.3125 -64.5 2.073942025221387 13
0004 0007 2 1671181683395377 -6.5 -64.5 3.3624858870453256 13
0004 0014 2 1671181683396912 185.5 -67.5 2.742757648739526 13
0004 0004 2 1671181683399046 -244.125 -70.0 6.068427996875596 13
0004 0001 2 1671181683400020 -93.5625 -67.5 0.6442719309119693 13
0004 0011 3 1671181683427734 19.5 -66.0 2.6445828783148455 13
0004 0005 3 1671181683429072 139.9375 -66.5 3.104777114680538 13
0004 0007 3 1671181683435418 -143.1875 -70.5 4.798291904506286 13
0004 0015 4 1671181683455850 22.75 -66.0 0.36815538909255385 13
0004 0007 4 1671181683459230 -16.25 -68.5 5.780039608753096 13
0004 0003 4 1671181683460467 113.875 -75.5 2.9022916506796332 13
0004 0006 5 1671181683487388 16.25 -65.0 2.030990563160589 13
0004 0004 5 1671181683488339 58.5625 -71.5 1.423534171157875 13
0004 0002 5 1671181683489559 -61.8125 -72.0 0.2270291566070749 13
0004 0015 5 1671181683490535 -143.1875 -70.0 5.534602682691394 13
0004 0014 5 1671181683493149 214.8125 -71.0 1.1535535524900022 13
0004 0006 6 1671181683516115 -35.75 -64.0 4.945554060143307 13
0004 0015 6 1671181683517061 24.375 -68.0 2.380738182798515 13
0004 0010 6 1671181683518747 -22.75 -65.0 1.8039614065535141 13
0004 0009 6 1671181683520165 -48.8125 -68.0 4.792155981354743 13
0004 0014 6 1671181683521371 -143.1875 -70.5 4.724660826687775 13
0004 0004 7 1671181683545830 65.0625 -64.0 0.5583690067903734 13
0004 0011 7 1671181683547270 -3.25 -61.5 4.681709364626977 13
0004 0006 7 1671181683548520 45.5625 -62.5 5.221670601962723 13
0004 0009 7 1671181683549452 -6.5 -67.5 1.6812429435226628 13
0004 0015 7 1671181683550813 42.3125 -68.0 2.8961557275280905 13
0004 0007 7 1671181683551723 224.5625 -68.5 2.1782527187976104 13
0004 0011 8 1671181683576406 79.75 -61.0 2.1905245651006955 13
0004 0014 8 1671181683577381 6.5 -59.5 1.1474176293384597 13
0004 0006 8 1671181683578331 -9.75 -60.5 5.227806525114265 13
0004 0009 8 1671181683580018 -13.0 -54.5 4.031301510563465 13
0004 0005 8 1671181683581438 -32.5 -60.5 5.755495916146925 13
0004 0001 8 1671181683582385 41.5 -69.5 4.356505437595221 13
0004 0004 8 1671181683584425 -16.25 -67.5 0.8406214717613314 13
0004 0007 8 1671181683586288 -120.4375 -65.5 4.4976316700806995 13
0004 0010 8 1671181683587462 13.0 -65.0 5.460971604872882 13
0004 0008 8 1671181683588497 -42.3125 -71.0 3.399301425954581 13
0004 0011 1 1671181683806144 0.0 -57.5 0.1043106935762236 13
0004 0014 1 1671181683807313 -133.4375 -69.0 5.608233760509904 13
0004 0009 1 1671181683808530 45.5625 -57.0 1.368310862793992 13
0004 0015 1 1671181683810209 0.0 -63.5 4.2092432819582 13
0004 0000 1 1671181683811407 -78.0625 -71.0 4.031301510563465 13
0004 0007 1 1671181683812555 29.25 -62.0 1.4726215563702154 13
0004 0008 1 1671181683814381 9.75 -67.0 2.061670178918302 13
0004 0004 1 1671181683815361 22.75 -68.5 2.337786720737717 13
0004 0003 1 1671181683816852 16.25 -75.5 4.878058905476339 13
0004 0011 2 1671181683846190 10.5625 -53.5 1.8714565612204823 13
0004 0009 2 1671181683848512 6.5 -58.0 0.8713010875190442 13
0004 0010 2 1671181683851015 6.5 -65.5 1.9266798695843652 13
0004 0015 2 1671181683852231 3.25 -64.0 6.2034183062095325 13
0004 0005 2 1671181683853198 -48.8125 -60.5 3.80427235395639 13
0004 0004 2 1671181683854670 -42.3125 -70.0 5.64504929941916 13
0004 0001 2 1671181683855705 121.25 -67.0 0.25770877236478773 13
0004 0007 2 1671181683856706 0.0 -65.0 3.3379421944391554 13
0004 0006 2 1671181683857619 -19.5 -66.5 0.4970097752749477 13
0004 0014 2 1671181683858585 22.75 -68.0 2.8532042654672924 13
0004 0005 3 1671181683886393 65.0625 -65.5 3.227495577711389 13
0004 0011 3 1671181683887922 -79.75 -66.0 2.8409324191642074 13
0004 0007 4 1671181683918232 -16.25 -69.0 5.589825991055276 13
0004 0015 4 1671181683919393 94.375 -66.0 0.28838838812250056 13
0004 0003 4 1671181683923523 -231.0625 -75.0 3.436116964863836 13
0004 0006 5 1671181683947221 -29.25 -65.5 2.116893487282185 13
0004 0002 5 1671181683952637 91.125 -71.0 0.006135923151542565 13
0004 0014 5 1671181683953995 -120.4375 -71.5 1.662835174068035 13
0004 0015 5 1671181683957792 68.3125 -72.5 5.197126909356553 13
0004 0004 5 1671181683960018 133.4375 -71.0 1.4051264017032472 13
0004 0010 6 1671181683997248 -39.0 -65.5 1.8223691760081417 13
0004 0015 6 1671181683998676 81.375 -67.5 2.2580197197676637 13
0004 0014 6 1671181683999599 -257.125 -70.5 5.037592907416445 13
0004 0006 6 1671181684001656 -39.0 -65.0 4.7307967498393175 13
0004 0009 6 1671181684002577 -81.375 -68.5 4.957825906446392 13
0004 0004 7 1671181684025917 -45.5625 -63.5 0.7117670855789375 13
0004 0009 7 1671181684027657 -84.625 -69.0 1.607611865704152 13
0004 0007 7 1671181684029645 -120.4375 -68.0 2.859340188618835 13
0004 0011 7 1671181684032037 -93.5625 -61.5 4.896466674930966 13
0004 0006 7 1671181684032957 22.75 -62.5 5.105088062083414 13
0004 0015 7 1671181684034093 -123.6875 -67.5 3.141592653589793 13
