0004 0006 1 1671090401835926 61.8125 -68.5 4.620350133111551 1
0004 0015 1 1671090401837101 143.1875 -67.0 4.921010367537137 1
0004 0012 1 1671090401838587 -52.0625 -65.0 5.295301679781233 1
0004 0004 1 1671090401841620 -201.8125 -67.5 4.319689898685965 1
0004 0008 1 1671090401843868 -201.8125 -71.0 4.675573441475434 1
0004 0011 1 1671090401849348 131.8125 -71.0 1.41126232485479 1
0004 0004 2 1671090401875800 29.25 -67.0 5.7616318392984684 1
0004 0015 2 1671090401877260 -58.5625 -65.0 1.0246991663076084 1
0004 0012 2 1671090401879968 -26.0 -64.0 5.313709449235861 1
0004 0014 2 1671090401881513 -29.25 -63.5 4.994641445355648 1
0004 0004 3 1671090401906114 -35.75 -57.5 4.608078286808466 1
0004 0015 3 1671090401910319 13.0 -62.5 5.424156065963627 1
0004 0006 3 1671090401911541 -32.5 -57.5 2.184388641949153 1
0004 0014 3 1671090401913089 -78.0625 -67.5 3.497476196379262 1
0004 0011 3 1671090401917768 -81.375 -68.0 0.5522330836388308 1
0004 0007 3 1671090401919343 68.3125 -67.0 1.521708941582556 1
0004 0012 3 1671090401920859 52.0625 -67.0 5.792311455056181 1
0004 0013 4 1671090401966820 -9.75 -56.0 0.2270291566070749 1
0004 0005 4 1671090401967888 52.0625 -61.5 0.607456392002714 1
0004 0004 4 1671090401969062 -13.0 -53.5 4.822835597112456 1
0004 0006 4 1671090401970022 0.0 -55.0 1.6014759425526093 1
0004 0012 4 1671090401970975 -16.25 -69.5 0.6504078540635119 1
0004 0008 4 1671090401972391 -52.0625 -65.0 4.528311285838413 1
0004 0014 4 1671090401973423 -3.25 -65.5 5.497787143782138 1
0004 0011 4 1671090401974327 -13.8125 -65.5 4.215379205109742 1
0004 0009 4 1671090401975262 -42.3125 -58.0 5.780039608753096 1
0004 0015 4 1671090401976224 32.5 -64.0 2.5832236467994196 1
0004 0002 4 1671090401977289 -97.625 -75.5 2.1353012567368124 1
0004 0013 5 1671090402006164 -19.5 -61.0 2.6875343403756435 1
0004 0014 5 1671090402007582 -65.0625 -60.5 3.5158839658338894 1
0004 0007 5 1671090402009022 0.0 -56.0 0.30066023442558565 1
0004 0005 5 1671090402010242 0.0 -59.0 0.3374757733348411 1
0004 0015 5 1671090402011476 13.0 -55.0 5.8659425328746915 1
0004 0011 5 1671090402012659 -3.25 -54.0 4.847379289718626 1
0004 0004 5 1671090402013852 -35.75 -60.5 3.067961575771282 1
0004 0012 5 1671090402014930 35.75 -65.0 0.3313398501832985 1
0004 0008 5 1671090402016105 29.25 -67.5 0.48473792897186263 1
0004 0006 5 1671090402017238 100.875 -66.0 4.430136515413731 1
0004 0003 5 1671090402018189 -26.0 -69.0 2.184388641949153 1
0004 0010 5 1671090402024283 -133.4375 -71.5 1.945087639038993 1
0004 0000 6 1671090402046181 -61.8125 -70.0 1.8530487917658545 1
0004 0007 6 1671090402047132 22.75 -58.0 2.6813984172241008 1
0004 0009 6 1671090402048095 -19.5 -61.5 5.730952223540755 1
0004 0013 6 1671090402049238 0.0 -56.0 4.71238898038469 1
0004 0003 6 1671090402050166 -81.375 -71.0 4.7860200582032 1
0004 0005 6 1671090402051866 -3.25 -58.5 2.043262409463674 1
0004 0006 6 1671090402053549 16.25 -61.0 0.6565437772150544 1
0004 0004 6 1671090402054571 -16.25 -68.5 5.957981380147831 1
0004 0011 6 1671090402055859 173.3125 -71.5 0.9633399347921826 1
0004 0015 6 1671090402056804 -3.25 -68.5 5.418020142812084 1
0004 0008 6 1671090402057768 3.25 -67.5 5.902758071783947 1
0004 0014 6 1671090402058959 -26.0 -69.5 4.356505437595221 1
0004 0015 7 1671090402086635 -214.8125 -64.5 2.5402721847386216 1
0004 0004 7 1671090402087967 42.3125 -66.5 2.3930100291016 1
0004 0007 7 1671090402089982 13.0 -67.0 2.3009711818284617 1
0004 0014 7 1671090402090946 -42.3125 -65.5 2.030990563160589 1
0004 0007 8 1671090402116648 45.5625 -68.5 1.3008157081270237 1
0004 0015 8 1671090402120004 39.0 -71.0 0.6688156235181395 1
0004 0015 1 1671090402336834 -114.6875 -68.0 5.448699758569798 1
0004 0004 1 1671090402338448 9.75 -68.5 3.9269908169872414 1
0004 0012 1 1671090402339741 -48.8125 -65.0 5.332117218690489 1
0004 0011 1 1671090402343088 24.375 -71.0 1.4910293258248433 1
0004 0006 1 1671090402344717 42.3125 -68.5 4.798291904506286 1
0004 0009 1 1671090402346766 91.125 -69.0 2.84706834231575 1
0004 0008 1 1671090402351629 58.5625 -72.0 4.129476280988146 1
0004 0012 2 1671090402375951 110.625 -64.5 5.117359908386499 1
0004 0014 2 1671090402377608 -55.3125 -62.5 5.019185137961818 1
0004 0015 2 1671090402378783 -133.4375 -64.5 1.2885438618239387 1
0004 0004 2 1671090402379960 -126.9375 -67.0 6.14819499784565 1
0004 0014 3 1671090402416149 94.375 -69.0 3.429981041712294 1
0004 0006 3 1671090402417923 71.5625 -57.5 2.0064468705544187 1
0004 0015 3 1671090402418839 -22.75 -63.0 5.47937937432751 1
0004 0007 3 1671090402420056 29.25 -67.5 1.3499030933393643 1
0004 0004 3 1671090402421699 -26.0 -57.5 4.516039439535327 1
0004 0012 3 1671090402422722 -55.3125 -67.0 5.773903685601553 1
0004 0011 3 1671090402426695 55.3125 -69.5 0.3988350048502667 1
0004 0011 4 1671090402465890 -30.875 -65.5 4.252194744018997 1
0004 0015 4 1671090402466808 -19.5 -64.5 2.6445828783148455 1
0004 0009 4 1671090402468392 -16.25 -56.5 5.957981380147831 1
0004 0004 4 1671090402469326 -22.75 -54.0 4.743068596142402 1
0004 0014 4 1671090402470532 -100.875 -65.5 5.6941366846315 1
0004 0008 4 1671090402472218 -26.0 -66.0 4.381049130201391 1
0004 0006 4 1671090402473166 9.75 -55.5 1.521708941582556 1
0004 0013 4 1671090402474114 9.75 -56.0 0.1718058482431918 1
0004 0005 4 1671090402475451 13.0 -61.0 0.5706408530934585 1
0004 0012 4 1671090402476402 74.8125 -68.0 0.6258641614573416 1
0004 0014 5 1671090402505959 26.0 -60.5 3.380893656499953 1
0004 0012 5 1671090402506939 -175.75 -65.5 0.5706408530934585 1
0004 0013 5 1671090402508912 -26.0 -60.5 2.650718801466388 1
0004 0005 5 1671090402510346 -52.0625 -59.5 0.32520392703175593 1
0004 0004 5 1671090402511534 -32.5 -60.5 3.08636934522591 1
0004 0011 5 1671090402512972 0.0 -54.0 4.822835597112456 1
0004 0007 5 1671090402514846 -9.75 -56.0 0.2761165418194154 1
0004 0008 5 1671090402516633 35.75 -68.0 0.4663301595172349 1
0004 0015 5 1671090402518150 -52.0625 -55.5 5.970253226450915 1
0004 0006 5 1671090402519353 19.5 -67.0 4.466952054322987 1
0004 0010 5 1671090402520275 -299.4375 -71.0 2.141437179888355 1
0004 0003 5 1671090402521731 113.875 -69.5 1.9941750242513334 1
0004 0005 6 1671090402556610 -6.5 -59.0 1.9634954084936207 1
0004 0009 6 1671090402557504 -52.0625 -60.5 6.17273869045182 1
0004 0011 6 1671090402558930 83.0 -71.0 0.8528933180644165 1
0004 0014 6 1671090402559894 -58.5625 -69.0 4.552854978444583 1
0004 0004 6 1671090402561070 52.0625 -69.0 5.902758071783947 1
0004 0006 6 1671090402562214 13.0 -61.0 0.6135923151542565 1
0004 0007 6 1671090402563406 19.5 -58.0 2.662990647769473 1
0004 0013 6 1671090402564355 -35.75 -56.0 4.73693267299086 1
0004 0000 6 1671090402565430 6.5 -70.0 1.7241944055834606 1
0004 0008 6 1671090402567473 -39.0 -67.0 5.589825991055276 1
0004 0015 6 1671090402568433 -9.75 -68.5 5.473243451175968 1
0004 0003 6 1671090402569399 -13.0 -70.5 4.700117134081604 1
0004 0007 7 1671090402597771 -52.0625 -67.0 2.435961491162398 1
0004 0015 7 1671090402601439 9.75 -64.0 2.227340104009951 1
0004 0014 7 1671090402603016 52.0625 -64.5 1.8960002538266525 1
0004 0004 7 1671090402603936 -32.5 -67.5 2.5832236467994196 1
0004 0015 8 1671090402626136 -94.375 -70.5 0.8651651643675016 1
0004 0007 8 1671090402627315 -143.1875 -69.0 1.6812429435226628 1
0004 0009 1 1671090402846369 -3.25 -67.0 2.730485802436441 1
0004 0008 1 1671090402848437 -16.25 -70.0 4.387185053352934 1
0004 0006 1 1671090402849390 152.9375 -69.5 4.718524903536232 1
0004 0011 1 1671090402851785 -7.3125 -73.0 1.509437095279471 1
0004 0004 1 1671090402853559 3.25 -68.0 3.9453985864418692 1
0004 0012 1 1671090402855021 16.25 -66.0 5.264622064023521 1
0004 0015 1 1671090402856704 81.375 -68.0 5.160311370447297 1
0004 0014 2 1671090402887472 0.0 -62.5 4.9394181369917645 1
0004 0004 2 1671090402888427 61.8125 -66.5 5.878214379177777 1
0004 0012 2 1671090402890761 65.0625 -63.5 5.21553467881118 1
0004 0015 2 1671090402892147 22.75 -65.0 1.1106020904292042 1
0004 0015 3 1671090402915931 -26.0 -63.0 5.448699758569798 1
0004 0006 3 1671090402917404 -6.5 -57.5 2.0493983326152168 1
0004 0011 3 1671090402918340 59.375 -70.0 0.3620194659410113 1
0004 0012 3 1671090402921130 -35.75 -67.0 5.6941366846315 1
0004 0007 3 1671090402922645 48.8125 -68.0 1.3192234775816514 1
0004 0004 3 1671090402923832 -9.75 -57.5 4.503767593232243 1
0004 0014 3 1671090402927597 162.75 -67.5 3.0372819600135696 1
0004 0004 4 1671090402965854 6.5 -54.0 4.675573441475434 1
0004 0012 4 1671090402966835 68.3125 -69.5 0.6320000846088841 1
0004 0013 4 1671090402968265 -16.25 -56.5 0.14112623248547898 1
0004 0011 4 1671090402970357 -27.625 -66.0 4.276738436625168 1
0004 0006 4 1671090402971373 0.0 -55.5 1.5155730184310134 1
0004 0005 4 1671090402972314 -39.0 -61.0 0.6565437772150544 1
0004 0009 4 1671090402973968 3.25 -56.0 5.939573610693203 1
0004 0015 4 1671090402974932 45.5625 -64.0 2.60776733940559 1
0004 0014 4 1671090402975911 -78.0625 -65.5 5.675728915176872 1
0004 0008 4 1671090402977228 -42.3125 -65.0 4.417864669110647 1
0004 0002 4 1671090402984317 -45.5625 -75.0 1.9205439464328227 1
0004 0011 5 1671090403006194 -21.125 -54.0 4.884194828627882 1
0004 0004 5 1671090403007170 9.75 -60.0 2.9820586516496865 1
0004 0005 5 1671090403008362 -9.75 -60.0 0.30679615757712825 1
0004 0015 5 1671090403009520 -13.8125 -55.0 5.9088939949354895 1
0004 0008 5 1671090403010466 0.0 -67.5 0.5154175447295755 1
0004 0014 5 1671090403011403 -9.75 -60.5 3.448388811166921 1
0004 0006 5 1671090403012599 -182.25 -65.5 4.81056375080937 1
0004 0007 5 1671090403014043 3.25 -56.5 0.2270291566070749 1
0004 0013 5 1671090403015241 0.0 -60.5 2.6200391857086753 1
0004 0012 5 1671090403017954 -13.0 -66.0 0.380427235395639 1
0004 0003 5 1671090403019373 -117.125 -68.5 2.386874105950058 1
0004 0010 5 1671090403024972 -175.75 -71.5 1.8100973297050567 1
0004 0011 6 1671090403045970 128.5625 -70.5 0.7731263170943632 1
0004 0003 6 1671090403047149 -58.5625 -70.0 4.884194828627882 1
0004 0015 6 1671090403048307 10.5625 -69.0 5.436427912266712 1
0004 0009 6 1671090403049268 9.75 -60.0 6.074563920027139 1
0004 0008 6 1671090403050473 -16.25 -66.5 6.086835766330224 1
0004 0004 6 1671090403051948 81.375 -67.5 5.7616318392984684 1
0004 0005 6 1671090403053151 -3.25 -59.0 1.9880391010997909 1
0004 0013 6 1671090403054085 -9.75 -55.5 4.7307967498393175 1
0004 0007 6 1671090403055065 26.0 -58.0 2.6016314162540475 1
0004 0014 6 1671090403056002 -143.1875 -70.0 4.675573441475434 1
0004 0000 6 1671090403057303 94.375 -70.0 1.6996507129772904 1
0004 0006 6 1671090403059359 13.0 -61.0 0.619728238305799 1
0004 0007 7 1671090403086627 45.5625 -66.5 2.4727770300716534 1
0004 0014 7 1671090403087918 65.0625 -65.5 1.9082721001297376 1
0004 0015 7 1671090403088839 162.75 -64.0 1.8223691760081417 1
0004 0004 7 1671090403090740 107.375 -67.5 2.110757564130642 1
0004 0015 8 1671090403118128 48.8125 -71.0 0.7117670855789375 1
0004 0007 8 1671090403119947 110.625 -69.0 1.4787574795217582 1
0004 0011 1 1671090403336616 -3.25 -71.0 0.2638446955163303 1
0004 0014 1 1671090403338208 -68.3125 -67.0 1.3192234775816514 1
0004 0004 1 1671090403339992 -6.5 -65.5 2.4605051837685683 1
0004 0012 1 1671090403341183 -61.8125 -66.5 3.877903431774901 1
0004 0008 1 1671090403342247 -61.8125 -70.5 5.098952138931871 1
0004 0014 2 1671090403367563 100.875 -69.5 3.2459033471660166 1
0004 0015 2 1671090403368511 113.875 -67.5 6.234097921967246 1
0004 0011 2 1671090403374393 -21.125 -68.0 4.387185053352934 1
0004 0004 2 1671090403380623 -143.1875 -72.0 0.06135923151542565 1
0004 0001 3 1671090403406158 -194.4375 -71.0 3.356349963893783 1
0004 0006 3 1671090403407093 42.3125 -60.5 1.4603497100671303 1
0004 0015 3 1671090403408775 39.0 -62.0 5.332117218690489 1
0004 0010 3 1671090403409677 6.5 -67.5 4.718524903536232 1
0004 0007 3 1671090403410598 3.25 -63.5 0.8958447801252144 1
0004 0011 3 1671090403413625 -41.5 -67.5 4.8351074434155406 1
0004 0009 3 1671090403415244 13.0 -64.0 1.2885438618239387 1
0004 0014 3 1671090403416451 87.875 -67.0 2.7979809571034093 1
0004 0004 3 1671090403422073 81.375 -68.5 4.184699589352029 1
0004 0008 3 1671090403426627 38.1875 -70.0 1.761009944492716 1
0004 0009 4 1671090403456086 19.5 -55.5 4.546719055293041 1
0004 0014 4 1671090403457247 13.0 -58.0 4.681709364626977 1
0004 0012 4 1671090403458183 -104.125 -69.5 6.277049384028044 1
0004 0006 4 1671090403459866 -6.5 -64.5 5.6143696836614465 1
0004 0011 4 1671090403460982 -7.3125 -62.0 0.5583690067903734 1
0004 0004 4 1671090403462439 -9.75 -58.5 3.9699422790480394 1
0004 0008 4 1671090403463403 29.25 -64.0 2.5157284921324514 1
0004 0005 4 1671090403464691 0.0 -64.5 0.8283496254582462 1
0004 0010 4 1671090403465656 -9.75 -63.0 5.332117218690489 1
0004 0013 4 1671090403466861 58.5625 -69.0 4.399456899656019 1
0004 0007 4 1671090403467812 13.0 -64.5 3.215223731408304 1
0004 0000 4 1671090403470781 -32.5 -72.5 3.749049045592507 1
0004 0003 4 1671090403471775 -185.5 -74.5 3.9085830475326135 1
0004 0014 5 1671090403496850 -84.625 -67.5 3.706097583531709 1
0004 0005 5 1671090403498180 -19.5 -57.0 6.019340611663256 1
0004 0015 5 1671090403499127 19.5 -56.5 1.000155473701438 1
0004 0009 5 1671090403500260 16.25 -59.5 0.46019423636569234 1
0004 0011 5 1671090403501192 45.5625 -55.5 2.0371264863121317 1
0004 0007 5 1671090403506018 -84.625 -68.5 4.3503695144436785 1
0004 0013 5 1671090403506968 139.9375 -70.0 2.2212041808584084 1
0004 0004 5 1671090403508587 -71.5625 -65.5 5.184855063053467 1
0004 0000 5 1671090403511387 -35.75 -71.5 4.2092432819582 1
0004 0001 5 1671090403521031 211.5625 -71.0 0.6810874698212247 1
0004 0015 6 1671090403545904 19.5 -62.0 4.822835597112456 1
0004 0008 6 1671090403547078 -3.25 -61.5 3.9269908169872414 1
0004 0001 6 1671090403547998 128.5625 -70.0 3.2336315008629315 1
0004 0010 6 1671090403550363 -19.5 -70.0 5.356660911296659 1
0004 0011 6 1671090403551492 -13.8125 -62.5 2.816388726558037 1
0004 0004 6 1671090403552697 55.3125 -70.0 6.080699843178682 1
0004 0006 6 1671090403553647 16.25 -62.5 2.2886993355253766 1
0004 0009 6 1671090403555454 -19.5 -66.0 2.454369260617026 1
0004 0007 6 1671090403556564 -29.25 -61.5 5.031456984264903 1
0004 0005 6 1671090403558023 42.3125 -62.0 6.19728238305799 1
0004 0000 6 1671090403559356 94.375 -69.5 6.068427996875596 1
0004 0004 7 1671090403597255 87.875 -71.0 1.0185632431560658 1
0004 0005 7 1671090403600285 32.5 -68.5 3.2459033471660166 1
0004 0014 8 1671090403628574 84.625 -66.5 0.5583690067903734 1
0004 0007 8 1671090403630899 218.0625 -71.0 1.9819031779482483 1
0004 0006 1 1671090403847918 71.5625 -63.0 0.3865631585471816 1
0004 0015 1 1671090403849250 -68.3125 -68.5 3.5465635815916023 1
0004 0004 1 1671090403850156 -35.75 -65.5 4.693981210930062 1
0004 0014 1 1671090403851162 97.625 -67.0 0.8283496254582462 1
0004 0014 2 1671090403876679 -3.25 -69.5 4.878058905476339 1
0004 0015 2 1671090403882090 -16.25 -70.5 3.497476196379262 1
0004 0015 3 1671090403905819 32.5 -65.5 1.4051264017032472 1
0004 0007 3 1671090403909964 52.0625 -67.0 2.730485802436441 1
0004 0006 3 1671090403911153 55.3125 -65.5 0.8283496254582462 1
0004 0004 4 1671090403936158 -22.75 -54.5 4.356505437595221 1
0004 0005 4 1671090403937377 6.5 -65.0 5.730952223540755 1
0004 0008 4 1671090403938313 61.8125 -66.5 2.478912953223196 1
0004 0009 4 1671090403939245 -6.5 -60.0 3.055689729468197 1
0004 0015 4 1671090403940427 -74.8125 -65.5 4.031301510563465 1
0004 0007 4 1671090403942568 -61.8125 -68.0 4.01902966426038 1
0004 0006 4 1671090403943756 9.75 -57.5 0.3436116964863836 1
0004 0014 4 1671090403946457 -55.3125 -61.5 4.4976316700806995 1
0004 0006 5 1671090403966832 3.25 -64.0 0.2270291566070749 1
0004 0005 5 1671090403967939 -22.75 -65.5 4.215379205109742 1
0004 0007 5 1671090403969372 16.25 -60.5 5.608233760509904 1
0004 0001 5 1671090403970318 -13.8125 -69.5 1.055378782065321 1
0004 0015 5 1671090403971536 -48.8125 -66.0 0.9756117810952678 1
0004 0008 6 1671090403996199 -52.0625 -63.0 1.6812429435226628 1
0004 0005 6 1671090403997386 -22.75 -61.0 4.798291904506286 1
0004 0009 6 1671090403998844 9.75 -61.5 0.14726215563702155 1
0004 0014 6 1671090403999781 22.75 -67.0 6.037748381117884 1
0004 0007 6 1671090404000705 55.3125 -64.5 6.264777537724958 1
0004 0006 6 1671090404001895 -32.5 -69.0 2.1966604882522383 1
0004 0010 6 1671090404004476 -152.9375 -73.0 1.7978254834019713 1
0004 0015 6 1671090404005978 -104.125 -70.5 4.816699673960914 1
0004 0004 6 1671090404008380 -139.9375 -71.0 6.050020227420969 1
0004 0015 7 1671090404035890 52.0625 -64.5 5.540738605842936 1
0004 0004 7 1671090404036837 -13.0 -66.0 0.19634954084936207 1
0004 0007 7 1671090404040728 0.0 -62.5 0.4111068511533518 1
0004 0001 7 1671090404043649 21.125 -73.0 1.5707963267948966 1
0004 0007 8 1671090404067991 29.25 -69.0 1.4173982480063325 1
0004 0015 8 1671090404069048 0.0 -66.0 4.933282213840222 1
0004 0004 8 1671090404069989 74.8125 -71.5 0.5767767762450011 1
0004 0006 1 1671090404286960 65.0625 -67.0 6.050020227420969 1
0004 0004 1 1671090404288550 26.0 -60.5 2.509592568980909 1
0004 0004 2 1671090404316844 48.8125 -68.0 0.12885438618239387 1
0004 0007 2 1671090404318690 61.8125 -69.5 5.957981380147831 1
0004 0015 3 1671090404346649 87.875 -67.5 1.6198837120072371 1
0004 0009 3 1671090404347939 -13.0 -65.0 2.9820586516496865 1
0004 0004 3 1671090404357897 -19.5 -70.0 1.086058397823034 1
0004 0006 3 1671090404363834 -65.0625 -69.0 5.006913291658733 1
0004 0005 4 1671090404386822 -35.75 -61.5 4.767612288748572 1
0004 0006 4 1671090404387858 -39.0 -63.5 5.700272607783043 1
0004 0004 4 1671090404388891 9.75 -54.5 2.227340104009951 1
0004 0015 4 1671090404389812 -61.8125 -68.5 3.5956509668039427 1
0004 0008 4 1671090404391044 55.3125 -70.0 0.6994952392758523 1
0004 0014 4 1671090404392009 -71.5625 -64.0 4.700117134081604 1
0004 0009 4 1671090404393255 -87.875 -62.5 2.4850488763747385 1
0004 0005 5 1671090404415913 -26.0 -61.0 3.3440781175906977 1
0004 0015 5 1671090404416916 -19.5 -61.5 0.9019807032767571 1
0004 0001 5 1671090404421797 114.6875 -68.5 0.04295146206079795 1
0004 0006 5 1671090404423017 29.25 -70.0 4.706253057233147 1
0004 0007 5 1671090404424011 107.375 -68.5 1.2640001692177683 1
0004 0008 5 1671090404424931 -136.6875 -69.5 3.736777199289422 1
0004 0000 5 1671090404428333 -175.75 -71.0 3.184544115650591 1
0004 0004 6 1671090404456357 -26.0 -71.0 5.1725832167503825 1
0004 0008 6 1671090404458112 9.75 -61.0 1.2640001692177683 1
0004 0014 6 1671090404459078 48.8125 -66.5 5.221670601962723 1
0004 0009 6 1671090404460286 -6.5 -60.5 5.982525072754001 1
0004 0007 6 1671090404461239 68.3125 -71.0 1.7978254834019713 1
0004 0005 6 1671090404462399 -9.75 -57.5 3.423845118560751 1
0004 0006 6 1671090404464615 45.5625 -71.0 6.056156150572511 1
0004 0007 7 1671090404487295 -81.375 -66.0 5.737088146692298 1
0004 0015 7 1671090404488483 48.8125 -64.0 4.693981210930062 1
0004 0004 7 1671090404490779 16.25 -68.0 0.1595340019401067 1
0004 0015 8 1671090404518668 -24.375 -70.0 5.037592907416445 1
0004 0007 8 1671090404520445 182.25 -71.5 2.282563412373834 1
0004 0006 1 1671090404735809 -42.3125 -67.0 5.9088939949354895 1
0004 0004 1 1671090404738972 22.75 -61.5 2.5586799541932495 1
0004 0004 2 1671090404777491 -29.25 -68.5 0.1718058482431918 1
0004 0007 2 1671090404779936 -61.8125 -69.5 6.2034183062095325 1
0004 0009 3 1671090404806549 6.5 -65.5 3.2581751934691017 1
0004 0015 3 1671090404809300 240.875 -69.0 1.6566992509164924 1
0004 0004 3 1671090404810233 16.25 -66.5 0.5829126993965437 1
0004 0006 3 1671090404815136 -319.0 -70.5 3.2765829629237295 1
0004 0015 4 1671090404837150 -87.875 -68.5 3.816544200259475 1
0004 0005 4 1671090404838140 -16.25 -62.5 4.908738521234052 1
0004 0009 4 1671090404839161 29.25 -63.5 2.141437179888355 1
0004 0004 4 1671090404840152 16.25 -54.5 1.607611865704152 1
0004 0014 4 1671090404841598 32.5 -64.5 4.006757817957295 1
0004 0006 4 1671090404842575 -45.5625 -65.5 4.399456899656019 1
0004 0008 4 1671090404844488 -110.625 -68.0 0.4049709280018093 1
0004 0015 5 1671090404875790 121.25 -61.5 0.2454369260617026 1
0004 0007 5 1671090404877237 -97.625 -67.0 0.42337869745643697 1
0004 0001 5 1671090404879544 -10.5625 -69.0 0.21475731030398976 1
0004 0005 5 1671090404880523 3.25 -60.5 3.117048960983623 1
0004 0000 5 1671090404881715 -143.1875 -71.5 2.988194574801229 1
0004 0008 5 1671090404883797 97.625 -68.0 3.6324665057131984 1
0004 0009 6 1671090404916328 3.25 -61.5 5.884350302329319 1
0004 0005 6 1671090404917491 -9.75 -58.5 3.2643111166206444 1
0004 0007 6 1671090404918761 0.0 -70.5 1.1228739367322893 1
0004 0008 6 1671090404920165 3.25 -60.5 1.3314953238847365 1
0004 0014 6 1671090404921584 -32.5 -67.5 5.049864753719531 1
0004 0006 6 1671090404922803 58.5625 -71.0 5.583690067903734 1
0004 0007 7 1671090404947998 68.3125 -65.5 5.21553467881118 1
0004 0015 7 1671090404949032 -42.3125 -66.5 4.405592822807561 1
0004 0004 7 1671090404950209 -22.75 -69.0 0.3620194659410113 1
0004 0007 8 1671090404978821 -16.25 -71.0 2.1782527187976104 1
0004 0015 8 1671090404982426 -81.375 -71.5 4.71238898038469 1
0004 0004 1 1671090405196797 45.5625 -61.5 2.399145952253143 1
0004 0006 1 1671090405198969 -42.3125 -67.5 5.626641529964532 1
0004 0004 2 1671090405229174 -244.125 -68.5 0.4970097752749477 1
0004 0007 2 1671090405231202 39.0 -71.0 5.859806609723149 1
0004 0009 3 1671090405257341 94.375 -65.0 3.0127382674073995 1
0004 0008 3 1671090405259464 -117.125 -69.5 0.619728238305799 1
0004 0004 3 1671090405260396 19.5 -65.5 0.32520392703175593 1
0004 0006 3 1671090405263102 -113.875 -69.0 2.2212041808584084 1
0004 0015 3 1671090405264485 -68.3125 -68.5 2.024854640009046 1
0004 0006 4 1671090405286273 -113.875 -66.5 3.6263305825616556 1
0004 0008 4 1671090405289500 9.75 -66.0 0.1902136176978195 1
0004 0004 4 1671090405290462 -6.5 -54.5 1.4971652489763858 1
0004 0005 4 1671090405291427 -13.0 -63.0 4.865787059173254 1
0004 0014 4 1671090405292376 19.5 -65.0 3.9269908169872414 1
0004 0009 4 1671090405293470 45.5625 -64.5 1.9512235621905356 1
0004 0015 4 1671090405295126 0.0 -68.0 3.9576704327449543 1
0004 0000 4 1671090405306761 -58.5625 -75.5 2.767301341345697 1
0004 0007 5 1671090405337985 -81.375 -67.0 0.4970097752749477 1
0004 0005 5 1671090405339206 -87.875 -61.0 3.2520392703175593 1
0004 0015 5 1671090405341653 9.75 -62.5 0.3436116964863836 1
0004 0000 5 1671090405342975 -110.625 -71.0 3.117048960983623 1
0004 0008 5 1671090405343925 -107.375 -69.0 3.9269908169872414 1
0004 0001 5 1671090405344872 52.0625 -69.0 0.0674951546669682 1
0004 0014 6 1671090405367904 29.25 -67.0 4.9394181369917645 1
0004 0008 6 1671090405369959 -32.5 -60.5 1.3744467859455345 1
0004 0009 6 1671090405370994 -39.0 -62.5 5.945709533844745 1
0004 0007 6 1671090405371890 -130.1875 -70.0 1.1351457830353744 1
0004 0005 6 1671090405373092 16.25 -58.5 3.1906800388021335 1
0004 0004 7 1671090405397023 136.6875 -68.0 6.227961998815704 1
0004 0007 7 1671090405402103 45.5625 -66.0 5.258486140871978 1
0004 0015 7 1671090405403222 94.375 -66.5 4.154019973594316 1
0004 0015 8 1671090405428856 -65.0625 -71.0 4.865787059173254 1
0004 0004 1 1671090405647673 -6.5 -62.0 2.5464081078901644 1
0004 0006 1 1671090405648628 -81.375 -68.0 5.4671075280244255 1
0004 0004 2 1671090405677279 -107.375 -69.5 0.34974761963792617 1
0004 0007 2 1671090405681574 -16.25 -70.5 5.994796919057086 1
0004 0015 3 1671090405706085 104.125 -68.5 1.88986433067511 1
0004 0006 3 1671090405708410 117.125 -69.5 1.718058482431918 1
0004 0009 3 1671090405709997 -61.8125 -66.5 3.147728576741336 1
0004 0004 3 1671090405713224 48.8125 -65.5 0.22089323345553233 1
0004 0008 3 1671090405714187 26.0 -69.5 0.4356505437595221 1
0004 0006 4 1671090405742137 0.0 -66.0 3.2581751934691017 1
0004 0004 4 1671090405743032 9.75 -54.0 1.4419419406125027 1
0004 0015 4 1671090405743982 -152.9375 -67.0 4.154019973594316 1
0004 0009 4 1671090405744957 -9.75 -64.0 2.116893487282185 1
0004 0014 4 1671090405746165 -65.0625 -65.5 3.9576704327449543 1
0004 0005 4 1671090405747667 26.0 -62.5 4.884194828627882 1
0004 0007 4 1671090405752049 -74.8125 -72.0 0.7731263170943632 1
0004 0008 4 1671090405752967 22.75 -66.5 0.1902136176978195 1
0004 0005 5 1671090405776669 19.5 -61.0 3.074097498922825 1
0004 0015 5 1671090405779129 -3.25 -62.0 0.4172427743048944 1
0004 0000 5 1671090405780069 -130.1875 -71.0 3.098641191528995 1
0004 0007 5 1671090405782248 -26.0 -67.5 0.3988350048502667 1
0004 0001 5 1671090405784129 13.8125 -70.5 0.2454369260617026 1
0004 0008 5 1671090405785107 -48.8125 -69.5 3.8533597391687304 1
0004 0004 5 1671090405786184 29.25 -71.5 1.6566992509164924 1
0004 0008 6 1671090405807552 -3.25 -61.0 1.2701360923693108 1
0004 0005 6 1671090405809099 3.25 -58.5 3.160000423044421 1
0004 0014 6 1671090405810277 -22.75 -68.0 5.062136600022616 1
0004 0007 6 1671090405812620 -19.5 -69.5 0.9265243958829272 1
0004 0009 6 1671090405813583 19.5 -62.5 5.841398840268521 1
0004 0015 7 1671090405846193 -74.8125 -66.0 4.509903516383785 1
0004 0004 7 1671090405847381 -3.25 -68.5 0.28225246497095796 1
0004 0007 7 1671090405849895 -32.5 -65.0 5.375068680751287 1
0004 0015 8 1671090405876833 16.25 -71.5 4.724660826687775 1
0004 0007 8 1671090405878411 -26.0 -70.5 1.9880391010997909 1
0004 0004 1 1671090406096149 22.75 -61.5 2.5280003384355365 1
0004 0006 1 1671090406099520 0.0 -67.5 5.45483568172134 1
0004 0004 2 1671090406127391 -42.3125 -69.0 0.2086213871524472 1
0004 0009 3 1671090406156604 -110.625 -65.5 3.2765829629237295 1
0004 0006 3 1671090406158004 113.875 -68.0 1.8346410223112268 1
0004 0004 3 1671090406158954 -68.3125 -65.5 0.3620194659410113 1
0004 0008 3 1671090406160116 -39.0 -70.5 0.4049709280018093 1
0004 0015 3 1671090406161078 100.875 -70.0 1.932815792735908 1
0004 0005 4 1671090406186331 0.0 -62.5 5.013049214810275 1
0004 0004 4 1671090406187284 13.0 -53.5 1.4603497100671303 1
0004 0009 4 1671090406188243 0.0 -64.5 2.2212041808584084 1
0004 0006 4 1671090406189212 -13.0 -66.0 3.2520392703175593 1
0004 0015 4 1671090406190117 -61.8125 -68.0 4.000621894805752 1
0004 0007 4 1671090406191068 16.25 -71.5 0.7915340865489908 1
0004 0014 4 1671090406192485 -22.75 -65.0 3.9392626632903265 1
0004 0008 4 1671090406193987 9.75 -66.5 0.2454369260617026 1
0004 0000 4 1671090406197549 -107.375 -76.0 2.6323110320117604 1
0004 0005 5 1671090406225787 65.0625 -60.5 2.8961557275280905 1
0004 0001 5 1671090406230568 62.625 -71.0 6.234097921967246 1
0004 0007 5 1671090406231506 78.0625 -67.5 0.2270291566070749 1
0004 0015 5 1671090406232864 41.5 -62.5 0.36815538909255385 1
0004 0008 5 1671090406234435 -32.5 -68.5 3.7429131224409646 1
0004 0007 6 1671090406257681 0.0 -70.5 0.8467573949128739 1
0004 0014 6 1671090406258979 -218.0625 -67.5 5.264622064023521 1
0004 0009 6 1671090406260407 35.75 -63.0 5.71868037723767 1
0004 0005 6 1671090406261810 -35.75 -58.5 3.1661363461959633 1
0004 0008 6 1671090406262758 -13.0 -61.0 1.2578642460662257 1
0004 0004 7 1671090406296641 -130.1875 -69.0 0.2761165418194154 1
0004 0015 7 1671090406298504 -84.625 -66.5 4.466952054322987 1
0004 0007 7 1671090406300036 13.0 -66.5 5.350524988145116 1
0004 0015 8 1671090406327485 71.5625 -71.0 4.485359823777615 1
0004 0007 8 1671090406329526 -6.5 -70.5 1.9941750242513334 1
0004 0006 1 1671090406547330 -13.0 -67.5 5.5100589900852235 1
0004 0004 1 1671090406548760 6.5 -61.0 2.60776733940559 1
0004 0004 2 1671090406577975 -22.75 -69.5 0.4111068511533518 1
0004 0004 3 1671090406605854 -81.375 -64.5 0.30066023442558565 1
0004 0015 3 1671090406607882 -263.625 -69.0 2.172116795646068 1
0004 0009 3 1671090406609675 65.0625 -66.5 3.098641191528995 1
0004 0006 3 1671090406611122 -113.875 -67.0 1.88986433067511 1
0004 0008 3 1671090406612255 -35.75 -70.0 0.5276893910326605 1
0004 0014 4 1671090406635835 -35.75 -64.5 3.9208548938356986 1
0004 0015 4 1671090406636784 -52.0625 -67.5 3.9392626632903265 1
0004 0004 4 1671090406637928 -3.25 -53.5 1.3499030933393643 1
0004 0006 4 1671090406638881 -19.5 -66.0 3.055689729468197 1
0004 0005 4 1671090406639860 -42.3125 -62.5 5.0682725231741586 1
0004 0009 4 1671090406640806 -3.25 -64.0 2.1966604882522383 1
0004 0008 4 1671090406641772 65.0625 -66.0 0.14726215563702155 1
0004 0000 4 1671090406643021 -234.3125 -77.0 2.9145634969827183 1
0004 0007 4 1671090406645103 22.75 -71.0 0.619728238305799 1
0004 0007 5 1671090406676346 65.0625 -68.0 0.1349903093339364 1
0004 0005 5 1671090406677921 26.0 -60.5 2.9145634969827183 1
0004 0015 5 1671090406679774 107.375 -62.0 0.21475731030398976 1
0004 0008 5 1671090406681189 -84.625 -68.0 3.933126740138784 1
0004 0001 5 1671090406682574 34.9375 -70.0 6.019340611663256 1
0004 0000 5 1671090406684150 -576.125 -72.0 3.6017868899554855 1
0004 0008 6 1671090406716359 32.5 -60.5 1.1474176293384597 1
0004 0005 6 1671090406717919 -6.5 -58.5 3.11091303783208 1
0004 0014 6 1671090406718826 -9.75 -68.0 5.019185137961818 1
0004 0006 6 1671090406720034 126.9375 -72.0 5.129631754689584 1
0004 0009 6 1671090406721502 -16.25 -63.5 5.810719224510809 1
0004 0007 6 1671090406722468 61.8125 -69.5 0.7363107781851077 1
0004 0015 7 1671090406747485 -19.5 -66.0 4.399456899656019 1
0004 0007 7 1671090406748707 71.5625 -65.5 5.154175447295755 1
0004 0004 7 1671090406751872 29.25 -70.0 0.20248546400090464 1
0004 0007 8 1671090406778864 -52.0625 -70.5 2.018718716857504 1
0004 0015 8 1671090406780435 42.3125 -71.0 4.669437518323892 1
