0004 0015 1 1671181860346221 -107.375 -67.5 3.098641191528995 13
0004 0014 1 1671181860348020 -3.25 -62.5 5.921165841238575 13
0004 0006 1 1671181860349834 68.3125 -65.0 5.565282298449106 13
0004 0004 1 1671181860352155 -185.5 -72.0 5.982525072754001 13
0004 0014 2 1671181860376609 -22.75 -59.5 1.6751070203711202 13
0004 0015 2 1671181860379954 -136.6875 -69.5 5.00077736850719 13
0004 0012 3 1671181860417474 9.75 -64.0 6.105243535784852 13
0004 0014 3 1671181860418470 -172.5 -68.0 3.442252888015379 13
0004 0011 3 1671181860419612 104.125 -65.5 0.5890486225480862 13
0004 0006 3 1671181860420786 32.5 -60.5 2.2027964114037806 13
0004 0004 3 1671181860421734 26.0 -58.5 1.9512235621905356 13
0004 0002 3 1671181860423928 -32.5 -67.5 3.56497135104623 13
0004 0010 3 1671181860425726 -71.5625 -68.0 3.6201946594101133 13
0004 0001 3 1671181860435807 93.5625 -68.5 1.8653206380689396 13
0004 0007 4 1671181860466694 58.5625 -68.5 6.117515382087937 13
0004 0004 4 1671181860468776 -35.75 -59.5 2.8838838812250054 13
0004 0009 4 1671181860469868 26.0 -56.5 5.203262832508095 13
0004 0012 4 1671181860471368 -48.8125 -63.5 5.0682725231741586 13
0004 0006 4 1671181860472429 -3.25 -58.5 1.6382914814618648 13
0004 0010 4 1671181860473633 -58.5625 -67.5 4.061981126321178 13
0004 0005 4 1671181860474540 26.0 -60.0 1.2517283229146832 13
0004 0014 4 1671181860476023 3.25 -56.5 2.650718801466388 13
0004 0015 4 1671181860477327 26.0 -59.5 0.5460971604872883 13
0004 0013 4 1671181860478529 6.5 -58.0 6.178874613603362 13
0004 0008 4 1671181860482083 -218.0625 -72.5 4.000621894805752 13
0004 0002 4 1671181860484362 94.375 -71.0 1.1351457830353744 13
0004 0015 5 1671181860506874 22.75 -62.0 0.6381360077604268 13
0004 0005 5 1671181860507940 42.3125 -59.0 6.14819499784565 13
0004 0014 5 1671181860508902 3.25 -57.5 4.466952054322987 13
0004 0004 5 1671181860510106 -39.0 -60.5 4.387185053352934 13
0004 0007 5 1671181860511321 16.25 -59.0 0.5338253141842031 13
0004 0011 5 1671181860512477 10.5625 -55.0 5.902758071783947 13
0004 0013 5 1671181860513839 6.5 -62.5 4.6448938257177215 13
0004 0012 5 1671181860514789 13.0 -62.5 1.4051264017032472 13
0004 0010 5 1671181860515753 81.375 -66.0 3.1784081924990484 13
0004 0009 5 1671181860519925 -87.875 -68.5 3.3318062712876126 13
0004 0006 5 1671181860520862 -48.8125 -66.5 0.5276893910326605 13
0004 0001 5 1671181860521953 -159.5 -67.5 5.927301764390117 13
0004 0003 5 1671181860524941 22.75 -71.0 1.1228739367322893 13
0004 0015 6 1671181860556294 -22.75 -59.0 5.062136600022616 13
0004 0003 6 1671181860557234 273.375 -76.5 4.7860200582032 13
0004 0004 6 1671181860558162 0.0 -68.0 2.675262494072558 13
0004 0013 6 1671181860559141 6.5 -58.5 0.3988350048502667 13
0004 0007 6 1671181860560346 -16.25 -58.5 3.988350048502667 13
0004 0010 6 1671181860562017 -48.8125 -70.0 5.6941366846315 13
0004 0009 6 1671181860562950 19.5 -58.5 1.5401167110371838 13
0004 0011 6 1671181860564093 -30.875 -61.5 3.215223731408304 13
0004 0005 6 1671181860565000 58.5625 -62.0 1.9082721001297376 13
0004 0006 6 1671181860566331 -3.25 -65.0 3.436116964863836 13
0004 0014 6 1671181860568377 52.0625 -65.5 0.28225246497095796 13
0004 0000 6 1671181860569966 -237.5625 -75.0 3.5956509668039427 13
0004 0005 7 1671181860596390 123.6875 -64.5 3.3747577333484107 13
0004 0004 7 1671181860598192 -74.8125 -70.0 2.1782527187976104 13
0004 0007 7 1671181860599142 201.8125 -69.0 1.5585244804918115 13
0004 0015 7 1671181860600584 35.75 -63.5 4.06811704947272 13
0004 0014 7 1671181860601519 22.75 -59.5 4.71238898038469 13
0004 0010 7 1671181860603364 130.1875 -70.0 2.0800779483729293 13
0004 0002 7 1671181860604674 -348.25 -71.0 2.9391071895888885 13
0004 0014 8 1671181860626112 -52.0625 -62.5 3.834951969714103 13
0004 0015 8 1671181860627895 19.5 -70.0 2.073942025221387 13
0004 0005 8 1671181860631070 166.0 -71.0 1.2210487071569704 13
0004 0013 8 1671181860632090 133.4375 -72.0 5.915029918087033 13
0004 0014 1 1671181860847635 133.4375 -63.0 5.700272607783043 13
0004 0015 1 1671181860848597 -26.0 -67.5 2.9943304979527716 13
0004 0004 1 1671181860850055 45.5625 -72.5 5.546874528994478 13
0004 0006 1 1671181860850963 -29.25 -65.5 5.8045833013592665 13
0004 0014 2 1671181860875854 -6.5 -59.5 1.6505633277649499 13
0004 0015 2 1671181860886167 110.625 -70.5 4.76147636559703 13
0004 0010 3 1671181860915980 29.25 -68.0 3.5465635815916023 13
0004 0014 3 1671181860917735 -84.625 -69.0 3.2520392703175593 13
0004 0006 3 1671181860918684 -61.8125 -60.0 2.380738182798515 13
0004 0011 3 1671181860920863 -24.375 -66.5 0.8283496254582462 13
0004 0004 3 1671181860922521 32.5 -59.0 1.9573594853420782 13
0004 0012 3 1671181860923583 26.0 -64.0 6.019340611663256 13
0004 0001 3 1671181860924773 323.0625 -69.0 1.3499030933393643 13
0004 0002 3 1671181860926433 -253.875 -68.5 4.1417481272912315 13
0004 0002 4 1671181860965894 -110.625 -71.5 1.5830681730979816 13
0004 0005 4 1671181860967337 6.5 -60.0 1.3621749396424494 13
0004 0004 4 1671181860968314 16.25 -59.5 2.7979809571034093 13
0004 0014 4 1671181860969246 -3.25 -57.0 2.662990647769473 13
0004 0006 4 1671181860971611 48.8125 -59.0 1.5953400194010667 13
0004 0015 4 1671181860972500 32.5 -60.0 0.5767767762450011 13
0004 0008 4 1671181860973658 13.0 -72.5 3.6140587362585705 13
0004 0007 4 1671181860974623 61.8125 -68.0 6.178874613603362 13
0004 0009 4 1671181860975526 -22.75 -57.0 5.368932757599744 13
0004 0013 4 1671181860976418 26.0 -58.0 6.2034183062095325 13
0004 0012 4 1671181860978215 0.0 -63.5 5.062136600022616 13
0004 0010 4 1671181860980065 -107.375 -67.5 4.129476280988146 13
0004 0003 4 1671181860988125 -84.625 -75.5 1.6505633277649499 13
0004 0012 5 1671181861015852 71.5625 -62.5 1.380582709097077 13
0004 0009 5 1671181861016845 146.4375 -70.5 3.3318062712876126 13
0004 0014 5 1671181861017751 -29.25 -57.5 4.546719055293041 13
0004 0006 5 1671181861019238 -84.625 -66.5 0.4540583132141498 13
0004 0011 5 1671181861020677 7.3125 -55.0 5.884350302329319 13
0004 0001 5 1671181861022135 -38.1875 -69.0 5.822991070813893 13
0004 0013 5 1671181861023085 -55.3125 -62.0 4.6878452877785195 13
0004 0015 5 1671181861024854 -52.0625 -62.5 0.7363107781851077 13
0004 0004 5 1671181861025800 -9.75 -60.5 4.3074180523828804 13
0004 0010 5 1671181861026706 55.3125 -65.5 3.2765829629237295 13
0004 0003 5 1671181861029043 -35.75 -71.0 1.2701360923693108 13
0004 0007 5 1671181861029991 -3.25 -58.5 0.5031456984264903 13
0004 0005 5 1671181861030913 -16.25 -59.5 6.178874613603362 13
0004 0010 6 1671181861066134 -136.6875 -70.5 5.737088146692298 13
0004 0015 6 1671181861067063 9.75 -59.0 5.013049214810275 13
0004 0004 6 1671181861068000 55.3125 -67.5 2.552544031041707 13
0004 0007 6 1671181861068965 -35.75 -58.5 3.9453985864418692 13
0004 0005 6 1671181861069899 9.75 -62.0 1.9573594853420782 13
0004 0013 6 1671181861070804 3.25 -58.5 0.4479223900626072 13
0004 0014 6 1671181861071714 39.0 -65.5 0.23930100291016002 13
0004 0011 6 1671181861073440 -34.9375 -61.5 3.117048960983623 13
0004 0009 6 1671181861074627 19.5 -58.5 1.4848934026733007 13
0004 0006 6 1671181861076729 -35.75 -65.0 3.454524734318464 13
0004 0000 6 1671181861080140 -123.6875 -76.0 3.5956509668039427 13
0004 0003 6 1671181861082318 -179.0 -76.0 5.688000761479957 13
0004 0014 7 1671181861106420 -9.75 -59.5 4.767612288748572 13
0004 0002 7 1671181861107391 309.1875 -71.5 1.8653206380689396 13
0004 0015 7 1671181861108604 -32.5 -63.5 4.2031073588066565 13
0004 0010 7 1671181861110484 9.75 -69.5 2.356194490192345 13
0004 0007 7 1671181861111452 104.125 -69.5 1.5401167110371838 13
0004 0005 7 1671181861112628 -26.0 -63.5 3.650874275167826 13
0004 0004 7 1671181861116198 -74.8125 -70.5 2.4175537217077703 13
0004 0014 8 1671181861146143 -13.0 -61.5 3.7551849687440497 13
0004 0013 8 1671181861147362 -29.25 -73.5 6.135923151542564 13
0004 0015 8 1671181861149653 0.0 -69.0 2.012582793705961 13
0004 0005 8 1671181861153162 65.0625 -71.5 1.3314953238847365 13
0004 0014 1 1671181861367615 0.0 -63.5 5.822991070813893 13
0004 0006 1 1671181861368556 -61.8125 -65.0 0.1902136176978195 13
0004 0015 1 1671181861369929 19.5 -67.0 2.816388726558037 13
0004 0014 2 1671181861406556 65.0625 -60.0 1.5585244804918115 13
0004 0011 2 1671181861409717 -194.4375 -70.5 1.4787574795217582 13
0004 0015 2 1671181861416712 -243.3125 -69.0 4.798291904506286 13
0004 0012 3 1671181861436146 9.75 -66.5 1.141281706186917 13
0004 0006 3 1671181861437564 32.5 -60.0 1.5830681730979816 13
0004 0011 3 1671181861438960 -107.375 -63.0 5.8045833013592665 13
0004 0010 3 1671181861444104 -22.75 -69.0 2.8777479580734626 13
0004 0004 3 1671181861445291 84.625 -61.0 1.6996507129772904 13
0004 0001 3 1671181861450961 -41.5 -68.5 2.380738182798515 13
0004 0002 3 1671181861456383 -104.125 -68.0 4.184699589352029 13
0004 0015 3 1671181861464340 -136.6875 -71.5 2.0371264863121317 13
0004 0012 4 1671181861486862 -29.25 -64.0 5.915029918087033 13
0004 0002 4 1671181861488169 -71.5625 -69.5 1.736466251886546 13
0004 0007 4 1671181861489149 -32.5 -65.5 4.147884050442774 13
0004 0013 4 1671181861490097 -13.0 -63.5 6.1850105367549055 13
0004 0015 4 1671181861491356 13.0 -63.0 0.803805932852076 13
0004 0004 4 1671181861493024 26.0 -59.5 1.662835174068035 13
0004 0014 4 1671181861493930 -13.0 -57.5 2.2334760271614935 13
0004 0006 4 1671181861494867 -22.75 -61.0 0.07976700097005335 13
0004 0009 4 1671181861495828 -6.5 -52.5 4.264466590322082 13
0004 0005 4 1671181861496923 -16.25 -62.0 0.6135923151542565 13
0004 0011 4 1671181861497870 13.0 -70.0 1.9819031779482483 13
0004 0010 4 1671181861498960 42.3125 -62.5 1.1596894756415448 13
0004 0003 4 1671181861500039 94.375 -74.0 1.607611865704152 13
0004 0005 5 1671181861527781 0.0 -59.0 5.4671075280244255 13
0004 0004 5 1671181861529355 -16.25 -61.0 4.454680208019902 13
0004 0014 5 1671181861530504 -52.0625 -58.0 4.528311285838413 13
0004 0011 5 1671181861531488 -3.25 -52.5 4.264466590322082 13
0004 0009 5 1671181861532466 -3.25 -61.0 1.736466251886546 13
0004 0007 5 1671181861533701 -78.0625 -66.0 4.0558452031696355 13
0004 0010 5 1671181861534648 -26.0 -65.0 0.3436116964863836 13
0004 0001 5 1671181861537110 -79.75 -70.0 0.2270291566070749 13
0004 0013 5 1671181861538755 -152.9375 -69.0 2.8838838812250054 13
0004 0015 5 1671181861539701 26.0 -62.5 0.8528933180644165 13
0004 0002 5 1671181861558180 13.0 -72.5 3.8288160465625602 13
0004 0003 5 1671181861559161 -179.0 -71.5 1.1965050145508 13
0004 0006 5 1671181861561596 94.375 -70.5 3.80427235395639 13
0004 0014 6 1671181861586433 -68.3125 -70.0 6.019340611663256 13
0004 0005 6 1671181861588059 -6.5 -66.5 0.2699806186678728 13
0004 0009 6 1671181861589049 -9.75 -54.0 5.927301764390117 13
0004 0010 6 1671181861589942 29.25 -60.0 2.4175537217077703 13
0004 0004 6 1671181861591157 -19.5 -63.0 2.2764274892222915 13
0004 0006 6 1671181861592321 -16.25 -67.0 0.0 13
0004 0011 6 1671181861594212 -7.3125 -63.5 0.1902136176978195 13
0004 0002 6 1671181861595136 -13.0 -72.5 4.540583132141498 13
0004 0008 6 1671181861598271 35.75 -66.0 4.516039439535327 13
0004 0015 6 1671181861599726 -22.75 -60.5 4.608078286808466 13
0004 0007 6 1671181861601073 42.3125 -66.5 0.21475731030398976 13
0004 0000 6 1671181861602587 94.375 -76.0 1.227184630308513 13
0004 0003 6 1671181861603553 78.0625 -73.0 3.816544200259475 13
0004 0014 7 1671181861626387 -61.8125 -62.0 4.080388895775806 13
0004 0004 7 1671181861628455 42.3125 -67.0 1.8162332528565992 13
0004 0015 7 1671181861631367 3.25 -66.5 4.0128937411088375 13
0004 0005 7 1671181861632844 45.5625 -67.5 3.5036121195308043 13
0004 0011 7 1671181861634983 -166.8125 -71.5 3.4177091954092087 13
0004 0015 8 1671181861656305 26.0 -70.0 0.9387962421860124 13
0004 0014 8 1671181861657284 -68.3125 -67.0 3.5342917352885173 13
0004 0007 8 1671181861658459 9.75 -66.5 3.7551849687440497 13
0004 0004 8 1671181861661752 -65.0625 -69.5 4.430136515413731 13
0004 0009 1 1671181861876152 -45.5625 -58.5 4.4362724385652745 13
0004 0004 1 1671181861877975 -22.75 -67.5 5.767767762450011 13
0004 0006 1 1671181861879222 -71.5625 -63.5 5.203262832508095 13
0004 0007 1 1671181861880189 84.625 -67.5 1.846912868614312 13
0004 0014 1 1671181861882805 -146.4375 -71.5 5.1725832167503825 13
0004 0010 1 1671181861887048 74.8125 -69.5 2.773437264497239 13
0004 0015 1 1671181861887995 -35.75 -69.5 2.3439226438892597 13
0004 0009 2 1671181861916795 -45.5625 -66.5 2.834796496012665 13
0004 0014 2 1671181861917889 -65.0625 -69.5 0.4970097752749477 13
0004 0006 2 1671181861920236 9.75 -68.0 1.0615147052168636 13
0004 0006 3 1671181861956378 0.0 -59.5 1.4296700943094176 13
0004 0007 3 1671181861958187 81.375 -70.5 3.172272269347506 13
0004 0011 3 1671181861959388 59.375 -65.0 5.976389149602458 13
0004 0009 3 1671181861960888 71.5625 -64.5 0.2945243112740431 13
0004 0015 3 1671181861961821 39.0 -69.0 2.761165418194154 13
0004 0001 3 1671181861962883 48.8125 -68.0 1.2701360923693108 13
0004 0004 3 1671181861963831 29.25 -61.0 4.387185053352934 13
0004 0011 4 1671181861996325 -3.25 -57.5 6.258641614573416 13
0004 0005 4 1671181861997262 -35.75 -67.0 6.14819499784565 13
0004 0015 4 1671181861998706 -52.0625 -66.0 5.6573211457222445 13
0004 0006 4 1671181861999653 -16.25 -55.5 5.283029833478148 13
0004 0009 4 1671181862000571 -22.75 -56.0 3.6447383520162835 13
0004 0004 4 1671181862002214 -74.8125 -63.0 2.736621725587984 13
0004 0010 4 1671181862003164 -35.75 -68.5 4.0128937411088375 13
0004 0007 4 1671181862004772 -117.125 -70.0 4.147884050442774 13
0004 0002 4 1671181862005979 26.0 -73.5 1.9757672547967058 13
0004 0001 4 1671181862007125 69.125 -69.0 0.6258641614573416 13
0004 0014 4 1671181862008356 19.5 -63.0 0.7669903939428205 13
0004 0011 5 1671181862036652 -10.5625 -55.0 4.270602513473625 13
0004 0015 5 1671181862037630 -35.75 -66.0 0.4970097752749477 13
0004 0009 5 1671181862038834 16.25 -62.5 2.2764274892222915 13
0004 0014 5 1671181862041328 -3.25 -62.5 3.5281558121369745 13
0004 0004 5 1671181862042574 9.75 -63.5 4.522175362686871 13
0004 0007 5 1671181862044051 26.0 -60.5 5.246214294568893 13
0004 0005 5 1671181862044958 -78.0625 -63.0 5.724816300389213 13
0004 0001 5 1671181862046501 55.3125 -68.0 2.748893571891069 13
0004 0006 5 1671181862047479 -94.375 -69.5 4.049709280018092 13
0004 0004 6 1671181862075802 -16.25 -69.5 1.8837284075235674 13
0004 0005 6 1671181862077035 22.75 -64.5 1.1719613219446299 13
0004 0014 6 1671181862077970 -19.5 -71.5 5.313709449235861 13
0004 0007 6 1671181862079150 39.0 -64.0 2.313243028131547 13
0004 0009 6 1671181862080565 -29.25 -56.5 0.2454369260617026 13
0004 0006 6 1671181862081558 55.3125 -67.0 0.23316507975861744 13
0004 0008 6 1671181862082504 -22.75 -69.5 1.4603497100671303 13
0004 0011 6 1671181862083676 10.5625 -58.0 1.2026409377023426 13
0004 0015 6 1671181862084594 3.25 -64.0 3.9515345095934116 13
0004 0000 6 1671181862086651 -91.125 -74.0 4.424000592262189 13
0004 0007 7 1671181862117217 0.0 -66.5 4.583534594202296 13
0004 0014 7 1671181862119615 -78.0625 -66.0 4.718524903536232 13
0004 0005 7 1671181862121285 -100.875 -67.0 1.9082721001297376 13
0004 0015 7 1671181862122318 123.6875 -67.5 3.6570101983193686 13
0004 0011 7 1671181862123278 90.3125 -63.5 4.503767593232243 13
0004 0009 7 1671181862124511 -276.625 -70.0 4.638757902566179 13
0004 0014 8 1671181862158118 -3.25 -69.0 3.9147189706841563 13
0004 0015 8 1671181862159196 139.125 -70.0 0.8897088569736719 13
0004 0007 8 1671181862160657 42.3125 -68.0 5.743224069843841 13
0004 0006 1 1671181862376584 22.75 -62.5 0.2086213871524472 13
0004 0010 1 1671181862378159 26.0 -65.0 2.2886993355253766 13
0004 0015 1 1671181862379049 22.75 -69.5 2.1966604882522383 13
0004 0004 1 1671181862380016 182.25 -71.5 1.846912868614312 13
0004 0009 1 1671181862381515 -9.75 -64.0 3.693825737228624 13
0004 0004 2 1671181862406140 -3.25 -67.0 1.2087768608538851 13
0004 0014 2 1671181862407304 -91.125 -67.5 0.859029241215959 13
0004 0002 2 1671181862410067 -61.8125 -69.0 0.36815538909255385 13
0004 0006 2 1671181862411568 16.25 -69.0 1.509437095279471 13
0004 0004 3 1671181862436308 42.3125 -61.5 6.178874613603362 13
0004 0011 3 1671181862437895 -41.5 -63.5 3.859495662320273 13
0004 0006 3 1671181862439353 -29.25 -62.5 5.988660995905543 13
0004 0001 3 1671181862442425 -48.8125 -68.0 2.423689644859313 13
0004 0008 3 1671181862443360 -29.25 -70.0 0.6504078540635119 13
0004 0007 3 1671181862444286 -55.3125 -67.0 1.4971652489763858 13
0004 0009 3 1671181862446012 42.3125 -67.5 0.4049709280018093 13
0004 0015 3 1671181862448967 -29.25 -67.5 2.6261751088602177 13
0004 0010 3 1671181862451065 -120.4375 -69.0 5.982525072754001 13
0004 0006 4 1671181862475848 -29.25 -55.5 3.902447124381071 13
0004 0014 4 1671181862476824 -16.25 -59.5 1.380582709097077 13
0004 0011 4 1671181862478010 3.25 -58.0 4.878058905476339 13
0004 0015 4 1671181862478943 9.75 -66.0 5.93343768754166 13
0004 0003 4 1671181862480613 87.875 -74.5 6.166602767300278 13
0004 0002 4 1671181862481550 45.5625 -69.5 5.0682725231741586 13
0004 0009 4 1671181862482510 -9.75 -55.0 1.9082721001297376 13
0004 0001 4 1671181862483658 -55.3125 -70.5 1.7855536370988863 13
0004 0008 4 1671181862484861 48.8125 -67.0 2.2334760271614935 13
0004 0005 4 1671181862486139 -52.0625 -63.0 4.01902966426038 13
0004 0004 4 1671181862487070 -6.5 -63.5 5.565282298449106 13
0004 0010 4 1671181862489696 68.3125 -72.0 2.8102528034064944 13
0004 0004 5 1671181862515891 -3.25 -63.0 1.9512235621905356 13
0004 0007 5 1671181862516815 -52.0625 -63.5 4.9394181369917645 13
0004 0009 5 1671181862517776 -3.25 -64.0 1.2455923997631406 13
0004 0015 5 1671181862518780 -19.5 -65.0 0.859029241215959 13
0004 0006 5 1671181862519959 -55.3125 -68.5 3.3011266555298997 13
0004 0011 5 1671181862521413 -7.3125 -54.5 2.742757648739526 13
0004 0005 5 1671181862522617 -6.5 -60.0 3.3624858870453256 13
0004 0014 5 1671181862523538 6.5 -60.0 4.215379205109742 13
0004 0001 5 1671181862524512 -7.3125 -66.5 5.798447378207723 13
0004 0003 5 1671181862526000 -16.25 -71.0 5.988660995905543 13
0004 0015 6 1671181862555923 16.25 -64.0 4.301282129231338 13
0004 0005 6 1671181862557070 -3.25 -68.0 5.565282298449106 13
0004 0011 6 1671181862558257 24.375 -62.0 0.07976700097005335 13
0004 0004 6 1671181862559433 32.5 -67.0 0.5276893910326605 13
0004 0006 6 1671181862560382 32.5 -68.0 5.540738605842936 13
0004 0009 6 1671181862562096 -45.5625 -54.0 5.638913376267617 13
0004 0007 6 1671181862564451 16.25 -65.5 2.3071071049800045 13
0004 0014 6 1671181862565999 -81.375 -69.0 5.8475347634200645 13
0004 0003 6 1671181862566936 -94.375 -73.0 4.0558452031696355 13
0004 0008 6 1671181862568363 6.5 -67.5 6.17273869045182 13
0004 0002 6 1671181862571908 179.0 -75.0 3.1906800388021335 13
0004 0007 7 1671181862596140 0.0 -64.0 5.037592907416445 13
0004 0011 7 1671181862597076 17.0625 -64.5 4.252194744018997 13
0004 0009 7 1671181862599616 -55.3125 -67.0 3.663146121470911 13
0004 0014 7 1671181862601174 -6.5 -63.5 4.822835597112456 13
0004 0010 7 1671181862602110 48.8125 -69.5 1.9819031779482483 13
0004 0015 7 1671181862603052 0.0 -67.5 4.031301510563465 13
0004 0005 7 1671181862605018 -257.125 -69.5 4.95168998329485 13
0004 0007 8 1671181862628387 110.625 -69.0 5.957981380147831 13
0004 0014 8 1671181862629604 -29.25 -66.5 4.178563666200486 13
0004 0005 8 1671181862632028 0.0 -72.5 2.6998061866787286 13
0004 0015 8 1671181862633041 107.375 -71.0 1.1474176293384597 13
0004 0004 1 1671181862846145 -74.8125 -68.0 2.9636508821950587 13
0004 0015 1 1671181862847093 81.375 -70.0 2.2089323345553233 13
0004 0006 1 1671181862853009 -9.75 -64.5 0.1043106935762236 13
0004 0010 1 1671181862855067 -104.125 -65.0 2.6813984172241008 13
0004 0014 2 1671181862887142 -87.875 -67.5 1.1290098598838318 13
0004 0006 2 1671181862889238 -3.25 -67.0 1.521708941582556 13
0004 0004 2 1671181862890442 -9.75 -68.0 1.4787574795217582 13
0004 0002 2 1671181862892841 -81.375 -69.0 1.086058397823034 13
0004 0015 3 1671181862916122 35.75 -67.5 2.386874105950058 13
0004 0011 3 1671181862917083 -62.625 -63.0 3.6447383520162835 13
0004 0008 3 1671181862918077 273.375 -69.5 0.09203884727313846 13
0004 0006 3 1671181862919237 29.25 -63.0 5.681864838328415 13
0004 0009 3 1671181862920667 58.5625 -65.0 0.6994952392758523 13
0004 0004 3 1671181862921887 16.25 -60.0 5.706408530934585 13
0004 0001 3 1671181862923102 30.875 -66.5 1.846912868614312 13
0004 0010 3 1671181862926034 68.3125 -69.0 5.620505606812989 13
0004 0007 3 1671181862932322 45.5625 -66.5 1.41126232485479 13
0004 0002 3 1671181862939350 -16.25 -70.5 1.282407938672396 13
0004 0005 3 1671181862947377 -87.875 -70.5 1.9757672547967058 13
0004 0005 4 1671181862976209 -45.5625 -63.0 3.9760782021995817 13
0004 0001 4 1671181862977170 21.125 -70.0 1.4480778637640452 13
0004 0009 4 1671181862978133 -29.25 -55.5 1.7978254834019713 13
0004 0011 4 1671181862979307 -27.625 -58.0 4.963961829597935 13
0004 0014 4 1671181862980481 35.75 -59.5 1.4603497100671303 13
0004 0004 4 1671181862981954 32.5 -64.5 5.240078371417351 13
0004 0003 4 1671181862983147 -55.3125 -75.0 0.2086213871524472 13
0004 0002 4 1671181862984082 -13.0 -68.0 5.2339424482658075 13
0004 0006 4 1671181862986175 -29.25 -56.5 3.890175278077986 13
0004 0008 4 1671181862988331 -30.875 -67.5 2.3009711818284617 13
0004 0015 4 1671181862989504 13.0 -66.0 5.964117303299373 13
0004 0003 5 1671181863016422 -139.9375 -71.0 5.786175531904639 13
0004 0014 5 1671181863017326 -6.5 -59.5 4.454680208019902 13
0004 0015 5 1671181863018288 55.3125 -64.0 0.760854470791278 13
0004 0011 5 1671181863019460 -7.3125 -55.0 2.552544031041707 13
0004 0006 5 1671181863020908 -120.4375 -69.0 3.2888548092268146 13
0004 0004 5 1671181863021837 9.75 -62.0 1.718058482431918 13
0004 0005 5 1671181863023283 3.25 -60.0 3.129320807286708 13
0004 0009 5 1671181863024219 16.25 -65.5 1.0492428589137786 13
0004 0007 5 1671181863025540 -9.75 -63.0 4.921010367537137 13
0004 0001 5 1671181863028123 -246.5625 -65.5 5.6143696836614465 13
0004 0010 5 1671181863030930 -231.0625 -72.5 2.12916533358527 13
0004 0006 6 1671181863056657 -120.4375 -68.5 5.675728915176872 13
0004 0009 6 1671181863057943 -6.5 -54.0 5.473243451175968 13
0004 0005 6 1671181863060962 -107.375 -68.0 5.632777453116074 13
0004 0014 6 1671181863062181 91.125 -68.0 5.798447378207723 13
0004 0015 6 1671181863063901 -13.0 -64.0 4.362641360746763 13
0004 0003 6 1671181863065474 -16.25 -71.0 3.9392626632903265 13
0004 0008 6 1671181863066422 -6.5 -66.5 5.93343768754166 13
0004 0011 6 1671181863069547 -41.5 -62.5 0.04295146206079795 13
0004 0007 6 1671181863070739 42.3125 -65.5 2.2764274892222915 13
0004 0002 6 1671181863071805 -78.0625 -73.5 3.730641276137879 13
0004 0004 6 1671181863072737 3.25 -67.5 0.39269908169872414 13
0004 0000 6 1671181863076075 -126.9375 -77.0 2.067806102069844 13
0004 0014 7 1671181863095968 29.25 -63.0 4.871922982324796 13
0004 0015 7 1671181863097995 152.9375 -68.5 3.761320891895592 13
0004 0010 7 1671181863098960 -250.625 -70.5 2.4605051837685683 13
0004 0009 7 1671181863099893 -117.125 -67.0 3.54042765844006 13
0004 0011 7 1671181863102270 121.25 -64.0 4.086524818927348 13
0004 0007 7 1671181863103221 48.8125 -64.5 4.95168998329485 13
0004 0005 7 1671181863104780 94.375 -71.0 4.71238898038469 13
0004 0005 8 1671181863127966 26.0 -72.5 2.662990647769473 13
0004 0007 8 1671181863129002 22.75 -69.0 6.062292073724054 13
0004 0014 8 1671181863129995 -97.625 -66.0 4.301282129231338 13
0004 0015 8 1671181863131141 22.75 -71.5 1.3437671701878218 13
0004 0006 1 1671181863346326 65.0625 -64.5 6.1420590746941075 13
0004 0009 1 1671181863347474 -78.0625 -68.5 3.06182565261974 13
0004 0015 1 1671181863348689 3.25 -69.5 2.3316507975861747 13
0004 0010 1 1671181863350945 48.8125 -65.5 2.411417798556228 13
0004 0004 1 1671181863351939 -126.9375 -70.0 2.7979809571034093 13
0004 0014 2 1671181863376049 -74.8125 -67.0 1.1106020904292042 13
0004 0004 2 1671181863379465 -152.9375 -67.0 1.5707963267948966 13
0004 0006 2 1671181863380440 6.5 -66.5 1.3621749396424494 13
0004 0002 2 1671181863382215 39.0 -67.5 0.7240389318820226 13
0004 0009 3 1671181863407249 55.3125 -65.0 0.8774370106705868 13
0004 0010 3 1671181863408241 81.375 -69.0 5.663457068873787 13
0004 0011 3 1671181863409429 -34.9375 -63.0 3.650874275167826 13
0004 0007 3 1671181863410888 84.625 -66.0 1.2885438618239387 13
0004 0004 3 1671181863412289 -22.75 -60.5 5.890486225480862 13
0004 0006 3 1671181863413963 -26.0 -63.5 5.859806609723149 13
0004 0005 3 1671181863415257 -325.5 -70.0 2.5034566458293663 13
0004 0015 3 1671181863417366 -39.0 -67.5 2.4605051837685683 13
0004 0008 3 1671181863418495 -35.75 -68.5 0.5338253141842031 13
0004 0001 3 1671181863419584 -10.5625 -67.5 2.1046216409791 13
0004 0002 3 1671181863424227 -123.6875 -70.0 1.533980787885641 13
0004 0015 4 1671181863455819 6.5 -66.0 5.964117303299373 13
0004 0006 4 1671181863457929 -39.0 -56.5 3.9576704327449543 13
0004 0008 4 1671181863459076 55.3125 -68.0 2.2334760271614935 13
0004 0004 4 1671181863460038 19.5 -64.0 5.3627968344482015 13
0004 0001 4 1671181863461184 -34.9375 -69.0 1.662835174068035 13
0004 0011 4 1671181863462411 -13.8125 -58.0 4.865787059173254 13
0004 0014 4 1671181863463669 0.0 -59.5 1.5278448647340985 13
0004 0002 4 1671181863464838 -45.5625 -69.0 5.399612373357457 13
0004 0009 4 1671181863466369 -26.0 -55.5 1.8346410223112268 13
0004 0003 4 1671181863467348 74.8125 -74.0 0.11044661672776616 13
0004 0005 4 1671181863469887 -22.75 -63.0 4.074252972624263 13
0004 0001 5 1671181863495877 -13.8125 -67.5 5.688000761479957 13
0004 0007 5 1671181863496814 -13.0 -63.0 4.970097752749477 13
0004 0003 5 1671181863499983 139.9375 -70.5 5.485515297479052 13
0004 0005 5 1671181863502290 -9.75 -60.0 3.2397674240144743 13
0004 0011 5 1671181863503478 27.625 -54.5 2.564815877344792 13
0004 0014 5 1671181863504949 26.0 -59.5 4.3933209765044765 13
0004 0006 5 1671181863506243 -133.4375 -69.5 3.393165502803038 13
0004 0009 5 1671181863507207 -78.0625 -66.0 1.3867186322486196 13
0004 0004 5 1671181863508406 -9.75 -63.0 1.8407769454627694 13
0004 0015 5 1671181863509483 -52.0625 -64.5 0.944932165337555 13
0004 0005 6 1671181863535880 -6.5 -67.5 5.534602682691394 13
0004 0014 6 1671181863537158 -42.3125 -68.0 6.050020227420969 13
0004 0006 6 1671181863538845 -97.625 -68.5 5.7616318392984684 13
0004 0015 6 1671181863539821 -35.75 -64.0 4.3933209765044765 13
0004 0002 6 1671181863541014 39.0 -73.0 3.3747577333484107 13
0004 0009 6 1671181863541947 -19.5 -54.0 5.485515297479052 13
0004 0011 6 1671181863543361 26.0 -61.5 6.277049384028044 13
0004 0004 6 1671181863544324 -13.0 -67.5 0.47860200582032003 13
0004 0003 6 1671181863545686 250.625 -73.5 3.5281558121369745 13
0004 0008 6 1671181863546902 42.3125 -67.5 5.822991070813893 13
0004 0007 6 1671181863549721 -84.625 -65.5 2.478912953223196 13
0004 0011 7 1671181863576670 65.875 -64.0 4.154019973594316 13
0004 0014 7 1671181863578247 97.625 -63.0 4.914874444385594 13
0004 0015 7 1671181863580746 -19.5 -68.5 3.9085830475326135 13
0004 0007 7 1671181863581670 -42.3125 -64.5 5.117359908386499 13
0004 0009 7 1671181863583875 61.8125 -67.5 3.56497135104623 13
0004 0005 7 1671181863587836 -325.5 -70.0 4.681709364626977 13
0004 0014 8 1671181863615894 3.25 -66.5 4.246058820867455 13
0004 0007 8 1671181863617031 -39.0 -69.0 6.105243535784852 13
0004 0015 8 1671181863619782 149.6875 -73.5 1.1106020904292042 13
0004 0005 8 1671181863621585 -35.75 -72.5 2.5709518004963345 13
0004 0004 1 1671181863838890 65.0625 -69.0 2.6568547246179306 13
0004 0015 1 1671181863839865 19.5 -71.0 2.1966604882522383 13
0004 0010 1 1671181863840987 29.25 -65.5 2.521864415283994 13
0004 0006 1 1671181863841978 -19.5 -65.0 6.191146459906448 13
0004 0009 1 1671181863843069 3.25 -68.5 3.08636934522591 13
0004 0002 2 1671181863865935 68.3125 -68.5 0.8835729338221293 13
0004 0014 2 1671181863868230 -39.0 -66.0 0.9878836273983529 13
0004 0006 2 1671181863870101 -123.6875 -67.0 1.6689710972195777 13
0004 0004 2 1671181863871318 45.5625 -66.5 1.1351457830353744 13
0004 0006 3 1671181863895909 0.0 -63.5 5.767767762450011 13
0004 0010 3 1671181863897578 -185.5 -70.0 6.025476534814799 13
0004 0007 3 1671181863899479 52.0625 -67.0 1.368310862793992 13
0004 0009 3 1671181863900915 0.0 -64.5 0.9817477042468103 13
0004 0002 3 1671181863901858 -42.3125 -69.5 1.4971652489763858 13
0004 0001 3 1671181863903118 -55.3125 -67.5 2.1230294104337273 13
0004 0004 3 1671181863905214 13.0 -60.0 5.810719224510809 13
0004 0011 3 1671181863908480 -65.875 -63.0 3.693825737228624 13
0004 0015 3 1671181863910011 128.5625 -68.0 2.270291566070749 13
0004 0005 3 1671181863911442 172.5 -71.5 1.902136176978195 13
0004 0006 4 1671181863936125 -3.25 -56.5 3.8963112012295285 13
0004 0001 4 1671181863937061 59.375 -69.5 1.6137477888556946 13
0004 0005 4 1671181863938447 -6.5 -62.5 4.0558452031696355 13
0004 0014 4 1671181863939662 0.0 -59.0 1.5278448647340985 13
0004 0002 4 1671181863942269 9.75 -69.0 5.368932757599744 13
0004 0011 4 1671181863943486 -27.625 -58.5 4.95168998329485 13
0004 0015 4 1671181863944675 26.0 -66.0 5.976389149602458 13
0004 0008 4 1671181863945737 -81.375 -69.0 2.509592568980909 13
0004 0004 4 1671181863947822 -26.0 -65.0 5.497787143782138 13
0004 0009 4 1671181863948754 -3.25 -55.5 1.8285050991596843 13
0004 0003 4 1671181863950291 61.8125 -74.0 0.1718058482431918 13
0004 0009 5 1671181863976256 13.0 -67.0 1.3928545554001621 13
0004 0007 5 1671181863977462 -39.0 -63.5 5.013049214810275 13
0004 0006 5 1671181863980097 -195.25 -68.5 3.442252888015379 13
0004 0004 5 1671181863981015 16.25 -62.5 1.7671458676442586 13
0004 0005 5 1671181863981922 9.75 -60.0 3.2213596545598464 13
0004 0011 5 1671181863983593 27.625 -55.0 2.60776733940559 13
0004 0001 5 1671181863984551 3.25 -66.0 5.43029198911517 13
0004 0015 5 1671181863985515 48.8125 -64.5 0.8099418560036186 13
0004 0003 5 1671181863987077 74.8125 -72.0 5.792311455056181 13
0004 0014 5 1671181863989192 -32.5 -59.5 4.509903516383785 13
0004 0003 6 1671181864015918 78.0625 -73.5 3.454524734318464 13
0004 0009 6 1671181864016865 -22.75 -54.0 5.516194913236766 13
0004 0005 6 1671181864017816 -32.5 -67.5 5.602097837358362 13
0004 0004 6 1671181864019261 -19.5 -67.0 0.5890486225480862 13
0004 0014 6 1671181864020466 3.25 -67.0 6.062292073724054 13
0004 0007 6 1671181864021430 6.5 -65.5 2.3746022596469727 13
0004 0008 6 1671181864022322 9.75 -67.5 5.884350302329319 13
0004 0015 6 1671181864023250 0.0 -64.0 4.325825821837508 13
0004 0011 6 1671181864024697 -17.0625 -62.0 0.02454369260617026 13
0004 0006 6 1671181864025920 -136.6875 -70.0 5.743224069843841 13
0004 0002 6 1671181864028199 58.5625 -74.0 3.356349963893783 13
0004 0009 7 1671181864055847 97.625 -66.5 3.411573272257666 13
0004 0010 7 1671181864056825 55.3125 -70.5 1.8223691760081417 13
0004 0007 7 1671181864058031 -45.5625 -64.5 5.062136600022616 13
0004 0011 7 1671181864059687 -65.875 -64.0 4.331961744989051 13
0004 0015 7 1671181864061371 74.8125 -68.5 3.767456815047135 13
0004 0014 7 1671181864063044 -19.5 -63.5 4.970097752749477 13
0004 0005 7 1671181864065756 78.0625 -70.5 4.405592822807561 13
0004 0014 8 1671181864096621 9.75 -67.0 4.196971435655114 13
0004 0005 8 1671181864099070 -81.375 -74.5 2.6998061866787286 13
0004 0015 8 1671181864099989 -34.9375 -71.5 1.4542137869155878 13
0004 0007 8 1671181864101194 -6.5 -70.0 6.031612457966341 13
0004 0010 1 1671181864316606 91.125 -65.0 2.4911847995262812 13
0004 0015 1 1671181864317512 -52.0625 -70.0 2.3316507975861747 13
0004 0006 1 1671181864318745 -42.3125 -65.0 6.154330920997192 13
0004 0009 1 1671181864319944 0.0 -68.5 2.9391071895888885 13
0004 0004 1 1671181864321082 -22.75 -68.5 2.773437264497239 13
0004 0014 2 1671181864345867 -39.0 -67.5 0.9817477042468103 13
0004 0006 2 1671181864347284 100.875 -67.5 1.3069516312785663 13
0004 0004 2 1671181864349541 52.0625 -66.5 1.1903690913992575 13
0004 0002 2 1671181864353757 3.25 -70.0 0.7301748550335652 13
0004 0009 3 1671181864375922 -84.625 -64.5 1.0676506283684062 13
0004 0015 3 1671181864376842 -136.6875 -67.5 2.7120780329818137 13
0004 0004 3 1671181864379962 -13.0 -60.0 5.822991070813893 13
0004 0006 3 1671181864381352 -78.0625 -63.0 5.786175531904639 13
0004 0011 3 1671181864382283 -30.875 -62.5 3.6324665057131984 13
0004 0005 3 1671181864389821 205.0625 -71.0 2.073942025221387 13
0004 0001 3 1671181864391393 55.3125 -67.5 1.945087639038993 13
0004 0007 3 1671181864392360 39.0 -67.5 1.2578642460662257 13
0004 0002 3 1671181864400865 -240.875 -71.0 1.6996507129772904 13
0004 0006 4 1671181864425854 -32.5 -56.5 3.9760782021995817 13
0004 0011 4 1671181864426800 -21.125 -59.0 4.871922982324796 13
0004 0005 4 1671181864428259 13.0 -63.5 3.9453985864418692 13
0004 0008 4 1671181864430194 45.5625 -68.5 2.061670178918302 13
0004 0004 4 1671181864431141 -6.5 -65.0 5.5284667595398505 13
0004 0002 4 1671181864432066 32.5 -69.0 5.154175447295755 13
0004 0015 4 1671181864432969 -6.5 -66.5 5.994796919057086 13
0004 0001 4 1671181864433932 -3.25 -68.0 1.6566992509164924 13
0004 0014 4 1671181864435722 32.5 -59.5 1.4848934026733007 13
0004 0003 4 1671181864436671 9.75 -73.5 0.17794177139473438 13
0004 0009 4 1671181864437620 -13.0 -55.5 1.7916895602504288 13
0004 0005 5 1671181864466420 26.0 -59.0 3.2213596545598464 13
0004 0007 5 1671181864467356 -94.375 -63.0 5.013049214810275 13
0004 0014 5 1671181864468335 -55.3125 -60.0 4.528311285838413 13
0004 0004 5 1671181864469553 97.625 -61.5 1.6689710972195777 13
0004 0015 5 1671181864471051 -6.5 -64.0 0.8713010875190442 13
0004 0011 5 1671181864471982 -3.25 -55.0 2.6323110320117604 13
0004 0001 5 1671181864472947 114.6875 -66.0 5.4671075280244255 13
0004 0003 5 1671181864475245 26.0 -72.5 5.884350302329319 13
0004 0006 5 1671181864476223 19.5 -67.0 3.3011266555298997 13
0004 0009 5 1671181864477952 -84.625 -66.0 1.3130875544301088 13
0004 0004 6 1671181864506323 -42.3125 -68.5 0.7669903939428205 13
0004 0006 6 1671181864507486 61.8125 -69.5 5.448699758569798 13
0004 0011 6 1671181864508432 41.5 -62.0 6.258641614573416 13
0004 0007 6 1671181864509594 6.5 -65.5 2.3193789512830896 13
0004 0008 6 1671181864511762 -32.5 -67.5 6.019340611663256 13
0004 0009 6 1671181864512737 -6.5 -54.0 5.5284667595398505 13
0004 0015 6 1671181864514606 35.75 -64.0 4.325825821837508 13
0004 0005 6 1671181864515497 -3.25 -68.0 5.553010452146021 13
0004 0014 6 1671181864516917 -29.25 -68.0 6.007068765360171 13
0004 0003 6 1671181864519200 -104.125 -72.5 4.0128937411088375 13
0004 0002 6 1671181864520183 211.5625 -73.5 3.117048960983623 13
0004 0007 7 1671181864546169 -97.625 -64.5 5.135767677841127 13
0004 0009 7 1671181864547343 19.5 -67.0 3.56497135104623 13
0004 0014 7 1671181864549613 6.5 -63.5 5.006913291658733 13
0004 0011 7 1671181864552847 10.5625 -64.0 4.227651051412827 13
0004 0015 7 1671181864554464 -162.75 -68.0 4.2031073588066565 13
0004 0010 7 1671181864563308 81.375 -71.0 2.012582793705961 13
0004 0005 7 1671181864565462 39.0 -71.0 4.356505437595221 13
0004 0015 8 1671181864586595 48.8125 -72.5 1.2578642460662257 13
0004 0014 8 1671181864587997 16.25 -66.5 4.190835512503572 13
0004 0005 8 1671181864589161 -48.8125 -73.0 2.5954954931025047 13
0004 0007 8 1671181864593647 100.875 -70.5 5.724816300389213 13
0004 0004 1 1671181864806841 -78.0625 -68.5 2.7979809571034093 13
0004 0006 1 1671181864807877 -13.0 -65.0 6.074563920027139 13
0004 0009 1 1671181864808779 0.0 -68.5 2.84706834231575 13
0004 0015 1 1671181864810273 182.25 -70.0 2.043262409463674 13
0004 0010 1 1671181864811219 -16.25 -65.5 2.5280003384355365 13
0004 0014 2 1671181864836424 -58.5625 -68.0 1.1044661672776617 13
0004 0006 2 1671181864837957 78.0625 -67.0 1.3008157081270237 13
0004 0004 2 1671181864838950 22.75 -66.5 1.1965050145508 13
0004 0002 2 1671181864844107 -68.3125 -69.0 0.859029241215959 13
0004 0004 3 1671181864866081 -42.3125 -60.5 5.792311455056181 13
0004 0011 3 1671181864867011 -13.8125 -63.0 3.479068426924634 13
0004 0001 3 1671181864868258 -52.0625 -68.0 2.098485717827557 13
0004 0007 3 1671181864869433 -19.5 -65.5 1.3928545554001621 13
0004 0015 3 1671181864870677 -26.0 -67.5 2.5954954931025047 13
0004 0006 3 1671181864871838 -6.5 -63.0 5.6941366846315 13
0004 0005 3 1671181864873524 -52.0625 -70.5 1.9880391010997909 13
0004 0010 3 1671181864875366 -58.5625 -70.5 5.835262917116979 13
0004 0009 3 1671181864879914 35.75 -65.0 1.055378782065321 13
0004 0015 4 1671181864906388 -9.75 -65.5 6.043884304269426 13
0004 0009 4 1671181864907332 0.0 -55.5 1.7732817907958012 13
0004 0014 4 1671181864909349 6.5 -59.0 1.5462526341887264 13
0004 0011 4 1671181864910382 -13.8125 -59.0 4.853515212870168 13
0004 0004 4 1671181864911318 26.0 -65.5 5.418020142812084 13
0004 0005 4 1671181864912264 0.0 -63.0 4.000621894805752 13
0004 0006 4 1671181864913220 -42.3125 -56.5 3.9822141253511245 13
0004 0001 4 1671181864914125 22.75 -69.0 1.6014759425526093 13
0004 0008 4 1671181864915119 -159.5 -69.0 2.509592568980909 13
0004 0002 4 1671181864916054 -16.25 -69.0 5.270757987175063 13
0004 0003 4 1671181864918562 -169.25 -74.0 0.4908738521234052 13
0004 0015 5 1671181864946101 29.25 -63.5 0.8344855486097889 13
0004 0007 5 1671181864947039 -55.3125 -63.5 5.056000676871073 13
0004 0011 5 1671181864948933 -27.625 -55.0 2.662990647769473 13
0004 0003 5 1671181864950113 126.9375 -72.0 5.651185222570702 13
0004 0005 5 1671181864951088 -6.5 -59.5 3.2704470397721868 13
0004 0014 5 1671181864952011 -55.3125 -59.5 4.565126824747668 13
0004 0009 5 1671181864955179 61.8125 -67.0 1.4971652489763858 13
0004 0004 5 1671181864956155 29.25 -62.0 1.7241944055834606 13
0004 0001 5 1671181864957598 -79.75 -66.5 5.810719224510809 13
0004 0006 5 1671181864958920 55.3125 -68.5 3.2581751934691017 13
0004 0004 6 1671181864986184 71.5625 -68.0 0.5031456984264903 13
0004 0011 6 1671181864987357 38.1875 -62.5 6.19728238305799 13
0004 0009 6 1671181864988303 -19.5 -54.0 5.553010452146021 13
0004 0015 6 1671181864989321 39.0 -64.0 4.264466590322082 13
0004 0014 6 1671181864990953 107.375 -68.0 5.8475347634200645 13
0004 0006 6 1671181864994003 -6.5 -69.5 5.589825991055276 13
0004 0007 6 1671181864996879 -9.75 -66.0 2.356194490192345 13
0004 0002 6 1671181864997850 -120.4375 -73.5 3.522019888985432 13
0004 0005 6 1671181864998800 74.8125 -67.0 5.45483568172134 13
0004 0008 6 1671181864999818 -16.25 -67.0 5.878214379177777 13
0004 0003 6 1671181865000879 0.0 -72.0 3.9085830475326135 13
0004 0011 7 1671181865028396 -13.8125 -63.5 4.246058820867455 13
0004 0014 7 1671181865029641 9.75 -63.5 4.9823695990525625 13
0004 0007 7 1671181865030551 -61.8125 -65.0 5.098952138931871 13
0004 0015 7 1671181865031628 146.4375 -69.0 3.6692820446224537 13
0004 0010 7 1671181865033446 279.9375 -70.0 1.6382914814618648 13
0004 0009 7 1671181865034662 -110.625 -67.5 3.767456815047135 13
0004 0005 7 1671181865037787 -120.4375 -72.0 4.614214209960009 13
0004 0014 8 1671181865058333 -156.1875 -66.0 4.473087977474529 13
0004 0015 8 1671181865059506 133.4375 -73.5 1.0921943209745766 13
0004 0007 8 1671181865063030 -120.4375 -69.0 6.178874613603362 13
0004 0005 8 1671181865064010 -65.0625 -72.5 2.675262494072558 13
0004 0006 1 1671181865278199 -55.3125 -65.0 6.191146459906448 13
0004 0004 1 1671181865279402 97.625 -68.5 2.448233337465483 13
0004 0010 1 1671181865280380 45.5625 -65.5 2.509592568980909 13
0004 0015 1 1671181865282064 -52.0625 -69.5 2.325514874434632 13
0004 0002 2 1671181865307473 39.0 -69.0 0.8283496254582462 13
0004 0004 2 1671181865309311 13.0 -66.5 1.2885438618239387 13
0004 0006 2 1671181865313087 94.375 -67.0 1.4848934026733007 13
0004 0014 2 1671181865314093 58.5625 -67.5 0.8651651643675016 13
