0004 0012 1 1671182006325980 35.75 -68.0 0.8283496254582462 13
0004 0015 1 1671182006327210 32.5 -67.5 6.062292073724054 13
0004 0013 1 1671182006328398 -29.25 -62.5 5.473243451175968 13
0004 0005 1 1671182006329363 13.0 -63.5 5.798447378207723 13
0004 0014 1 1671182006332917 71.5625 -63.5 5.6143696836614465 13
0004 0002 1 1671182006334965 273.375 -72.0 3.6324665057131984 13
0004 0013 2 1671182006366404 -42.3125 -67.5 4.479223900626073 13
0004 0015 2 1671182006369293 -13.0 -68.0 2.012582793705961 13
0004 0005 2 1671182006370472 -39.0 -67.0 2.061670178918302 13
0004 0004 3 1671182006396214 3.25 -63.5 3.773592738198677 13
0004 0013 3 1671182006398785 -91.125 -67.5 0.8897088569736719 13
0004 0015 3 1671182006399859 19.5 -64.0 0.8713010875190442 13
0004 0012 3 1671182006400825 -48.8125 -64.5 3.8840393549264434 13
0004 0014 3 1671182006401746 -74.8125 -64.5 3.448388811166921 13
0004 0006 3 1671182006403040 -110.625 -70.5 2.6568547246179306 13
0004 0015 4 1671182006426362 -13.0 -63.0 1.3314953238847365 13
0004 0013 4 1671182006427537 71.5625 -72.0 0.9265243958829272 13
0004 0004 4 1671182006428528 39.0 -60.0 6.252505691421874 13
0004 0012 4 1671182006429700 -9.75 -62.5 3.2643111166206444 13
0004 0002 4 1671182006430880 22.75 -73.5 4.460816131171445 13
0004 0010 4 1671182006431858 9.75 -71.0 1.662835174068035 13
0004 0014 4 1671182006433071 -16.25 -54.5 4.73693267299086 13
0004 0007 4 1671182006436465 26.0 -69.0 6.050020227420969 13
0004 0004 5 1671182006465886 6.5 -60.5 2.36846633649543 13
0004 0006 5 1671182006467304 -16.25 -65.0 5.129631754689584 13
0004 0009 5 1671182006469827 -32.5 -63.5 1.945087639038993 13
0004 0005 5 1671182006471135 -104.125 -68.0 2.890019804376548 13
0004 0010 5 1671182006472097 -133.4375 -71.0 6.227961998815704 13
0004 0014 5 1671182006475680 45.5625 -58.0 0.6810874698212247 13
0004 0013 5 1671182006476883 -19.5 -60.0 3.2704470397721868 13
0004 0015 5 1671182006479090 -45.5625 -72.0 2.9513790358919736 13
0004 0011 6 1671182006505787 90.3125 -62.0 2.5954954931025047 13
0004 0014 6 1671182006507218 -39.0 -63.5 5.411884219660542 13
0004 0006 6 1671182006508135 -6.5 -61.5 4.669437518323892 13
0004 0004 6 1671182006509114 -13.0 -59.0 5.086680292628786 13
0004 0005 6 1671182006510081 55.3125 -66.0 0.3190680038802134 13
0004 0015 6 1671182006511043 26.0 -65.0 1.8960002538266525 13
0004 0001 6 1671182006512530 -159.5 -71.0 5.589825991055276 13
0004 0012 6 1671182006516011 -3.25 -72.5 5.829126993965437 13
0004 0001 7 1671182006545893 -9.75 -69.5 2.030990563160589 13
0004 0009 7 1671182006546844 -71.5625 -61.5 1.4971652489763858 13
0004 0014 7 1671182006549944 52.0625 -58.5 5.117359908386499 13
0004 0004 7 1671182006551546 -84.625 -67.5 3.5711072741977725 13
0004 0006 7 1671182006553484 -52.0625 -66.5 0.8528933180644165 13
0004 0010 7 1671182006554418 104.125 -70.0 5.583690067903734 13
0004 0005 7 1671182006555861 -16.25 -67.0 3.2336315008629315 13
0004 0013 7 1671182006557715 32.5 -61.5 0.7547185476397354 13
0004 0011 7 1671182006558928 -42.3125 -61.0 3.184544115650591 13
0004 0007 7 1671182006559979 -22.75 -61.0 3.5342917352885173 13
0004 0015 7 1671182006561167 -42.3125 -60.0 3.9147189706841563 13
0004 0002 7 1671182006564934 -6.5 -72.5 5.0253210611133605 13
0004 0013 8 1671182006606110 -9.75 -58.5 1.1596894756415448 13
0004 0001 8 1671182006607104 45.5625 -69.0 0.6749515466696822 13
0004 0005 8 1671182006609003 -29.25 -58.5 2.9943304979527716 13
0004 0011 8 1671182006609919 -7.3125 -56.0 1.5462526341887264 13
0004 0015 8 1671182006611078 3.25 -58.5 1.5462526341887264 13
0004 0014 8 1671182006612527 -26.0 -60.0 3.8533597391687304 13
0004 0007 8 1671182006613688 22.75 -58.0 2.018718716857504 13
0004 0010 8 1671182006614709 149.6875 -73.0 4.3503695144436785 13
0004 0006 8 1671182006616126 195.25 -72.5 4.92714629068868 13
0004 0004 8 1671182006617300 -94.375 -64.5 4.196971435655114 13
0004 0013 1 1671182006837758 -52.0625 -62.5 5.522330836388308 13
0004 0012 1 1671182006839076 -107.375 -68.5 1.1228739367322893 13
0004 0015 1 1671182006840020 9.75 -68.0 6.111379458936394 13
0004 0002 1 1671182006842627 -45.5625 -70.5 4.215379205109742 13
0004 0014 1 1671182006844230 26.0 -63.5 5.755495916146925 13
0004 0005 1 1671182006845122 13.0 -63.5 5.902758071783947 13
0004 0005 2 1671182006877193 205.0625 -67.0 1.9144080232812801 13
0004 0013 2 1671182006878581 -32.5 -68.0 4.516039439535327 13
0004 0015 2 1671182006880252 123.6875 -68.0 1.7855536370988863 13
0004 0015 3 1671182006907287 -22.75 -63.5 0.9019807032767571 13
0004 0004 3 1671182006909128 -39.0 -64.0 3.77972866135022 13
0004 0006 3 1671182006910137 113.875 -69.0 2.1598449493429825 13
0004 0013 3 1671182006912399 -3.25 -67.5 0.7976700097005334 13
0004 0012 3 1671182006913322 35.75 -66.0 3.7122335066832517 13
0004 0014 3 1671182006914230 -130.1875 -64.5 3.650874275167826 13
0004 0014 4 1671182006935840 -9.75 -54.5 4.73693267299086 13
0004 0013 4 1671182006936851 26.0 -73.0 0.8528933180644165 13
0004 0015 4 1671182006938305 19.5 -63.0 1.3008157081270237 13
0004 0007 4 1671182006942287 -22.75 -68.0 6.14819499784565 13
0004 0012 4 1671182006943447 3.25 -62.5 3.184544115650591 13
0004 0004 4 1671182006944398 -35.75 -59.5 0.1718058482431918 13
0004 0010 4 1671182006945461 -35.75 -71.5 1.7794177139473437 13
0004 0002 4 1671182006950490 26.0 -75.0 4.540583132141498 13
0004 0014 5 1671182006975854 -13.0 -57.5 0.760854470791278 13
0004 0004 5 1671182006977552 55.3125 -62.0 2.2212041808584084 13
0004 0013 5 1671182006979836 -48.8125 -59.5 3.2949907323783574 13
0004 0009 5 1671182006981139 -3.25 -64.5 1.4419419406125027 13
0004 0005 5 1671182006982150 16.25 -67.5 2.6813984172241008 13
0004 0006 5 1671182006983353 -42.3125 -65.5 5.092816215780329 13
0004 0002 5 1671182006988135 -68.3125 -74.0 5.5714182216006485 13
0004 0015 5 1671182006989365 -104.125 -72.5 2.8532042654672924 13
0004 0010 5 1671182006992682 -9.75 -70.0 6.080699843178682 13
0004 0014 6 1671182007015910 -26.0 -63.5 5.411884219660542 13
0004 0004 6 1671182007017094 -9.75 -59.0 5.013049214810275 13
0004 0001 6 1671182007019972 -30.875 -71.0 5.356660911296659 13
0004 0006 6 1671182007021923 9.75 -61.5 4.608078286808466 13
0004 0005 6 1671182007023630 -55.3125 -65.5 0.36815538909255385 13
0004 0011 6 1671182007024690 68.3125 -62.0 2.5402721847386216 13
0004 0015 6 1671182007025666 -16.25 -64.0 1.9389517158874505 13
0004 0011 7 1671182007056077 21.125 -61.0 3.031146036862027 13
0004 0014 7 1671182007057210 -42.3125 -59.0 5.246214294568893 13
0004 0007 7 1671182007058191 52.0625 -60.5 3.393165502803038 13
0004 0015 7 1671182007060381 -19.5 -59.0 3.8840393549264434 13
0004 0008 7 1671182007061344 26.0 -71.0 0.07976700097005335 13
0004 0001 7 1671182007062774 58.5625 -69.5 1.846912868614312 13
0004 0009 7 1671182007064560 29.25 -64.5 0.6688156235181395 13
0004 0006 7 1671182007065511 -39.0 -67.5 0.6994952392758523 13
0004 0013 7 1671182007066457 6.5 -62.0 0.760854470791278 13
0004 0005 7 1671182007067891 45.5625 -66.5 2.9759227284981438 13
0004 0002 7 1671182007069521 -247.375 -72.5 5.209398755659637 13
0004 0004 7 1671182007070976 -61.8125 -68.5 3.5158839658338894 13
0004 0010 7 1671182007073419 9.75 -68.5 5.632777453116074 13
0004 0013 8 1671182007106106 42.3125 -58.0 1.086058397823034 13
0004 0015 8 1671182007108202 7.3125 -58.0 1.552388557340269 13
0004 0006 8 1671182007109198 -113.875 -72.0 5.2768939103266055 13
0004 0005 8 1671182007110175 42.3125 -58.5 2.84706834231575 13
0004 0004 8 1671182007111390 -13.0 -65.0 3.9453985864418692 13
0004 0001 8 1671182007112309 -17.0625 -68.5 0.5338253141842031 13
0004 0007 8 1671182007113574 26.0 -58.0 1.9880391010997909 13
0004 0011 8 1671182007114802 13.8125 -56.0 1.4787574795217582 13
0004 0014 8 1671182007115824 -26.0 -59.5 3.822680123411018 13
0004 0010 8 1671182007117129 -65.0625 -72.5 4.215379205109742 13
0004 0005 1 1671182007326141 -16.25 -63.5 5.93343768754166 13
0004 0012 1 1671182007328441 156.1875 -69.5 0.6565437772150544 13
0004 0013 1 1671182007330305 -45.5625 -62.5 5.546874528994478 13
0004 0014 1 1671182007331268 -16.25 -64.0 5.780039608753096 13
0004 0015 1 1671182007334459 55.3125 -68.0 6.074563920027139 13
0004 0002 1 1671182007343743 -81.375 -73.0 4.184699589352029 13
0004 0013 2 1671182007366932 -22.75 -68.0 4.485359823777615 13
0004 0005 2 1671182007368483 -55.3125 -67.0 2.061670178918302 13
0004 0015 2 1671182007370900 0.0 -68.0 2.000310947402876 13
0004 0004 3 1671182007397232 -45.5625 -64.0 3.9638063558964967 13
0004 0006 3 1671182007399594 -100.875 -69.5 2.5586799541932495 13
0004 0014 3 1671182007402298 42.3125 -64.0 3.436116964863836 13
0004 0015 3 1671182007403204 234.3125 -64.0 0.705631162427395 13
0004 0012 3 1671182007404421 -16.25 -65.5 3.749049045592507 13
0004 0013 3 1671182007405756 -104.125 -68.0 0.9081166264282996 13
0004 0007 4 1671182007425845 -9.75 -68.5 6.191146459906448 13
0004 0013 4 1671182007427051 -61.8125 -71.5 0.9203884727313847 13
0004 0014 4 1671182007429825 -9.75 -54.5 4.7307967498393175 13
0004 0010 4 1671182007430756 0.0 -71.5 1.7732817907958012 13
0004 0004 4 1671182007431990 16.25 -59.5 0.23930100291016002 13
0004 0012 4 1671182007433178 -16.25 -63.0 3.2397674240144743 13
0004 0015 4 1671182007434452 19.5 -62.5 1.282407938672396 13
0004 0005 5 1671182007455863 19.5 -67.5 2.60776733940559 13
0004 0013 5 1671182007456811 -9.75 -59.5 3.2581751934691017 13
0004 0009 5 1671182007459007 -74.8125 -68.0 0.4172427743048944 13
0004 0014 5 1671182007460479 6.5 -57.5 0.7117670855789375 13
0004 0010 5 1671182007461457 -48.8125 -70.0 6.19728238305799 13
0004 0004 5 1671182007462604 -48.8125 -61.5 2.435961491162398 13
0004 0006 5 1671182007463541 -110.625 -65.0 5.1725832167503825 13
0004 0002 5 1671182007466033 -107.375 -73.5 6.1850105367549055 13
0004 0015 5 1671182007467849 -133.4375 -72.0 2.9513790358919736 13
0004 0015 6 1671182007496650 -13.0 -65.0 1.9573594853420782 13
0004 0006 6 1671182007499233 -16.25 -61.5 4.601942363656923 13
0004 0011 6 1671182007500661 30.875 -62.0 2.5770877236478773 13
0004 0004 6 1671182007501536 -3.25 -59.0 4.988505522204105 13
0004 0014 6 1671182007502969 26.0 -63.5 5.289165756629691 13
0004 0005 6 1671182007506152 -3.25 -66.0 0.380427235395639 13
0004 0013 7 1671182007536544 26.0 -62.0 0.6381360077604268 13
0004 0007 7 1671182007537468 32.5 -60.5 3.2765829629237295 13
0004 0014 7 1671182007539598 0.0 -58.5 5.178719139901925 13
0004 0005 7 1671182007543729 26.0 -65.0 2.8961557275280905 13
0004 0010 7 1671182007545521 -19.5 -67.5 5.700272607783043 13
0004 0004 7 1671182007546487 123.6875 -67.0 3.436116964863836 13
0004 0011 7 1671182007547417 34.9375 -60.5 2.82252464970958 13
0004 0015 7 1671182007548391 39.0 -59.5 3.7981364308048478 13
0004 0006 7 1671182007550167 -55.3125 -67.0 0.619728238305799 13
0004 0009 7 1671182007551752 162.75 -65.0 5.595961914206819 13
0004 0008 7 1671182007553068 -104.125 -71.5 6.135923151542564 13
0004 0001 7 1671182007554059 -52.0625 -70.5 2.110757564130642 13
0004 0015 8 1671182007605876 -3.25 -58.5 1.5401167110371838 13
0004 0013 8 1671182007607294 42.3125 -58.5 1.0369710126106935 13
0004 0005 8 1671182007609607 22.75 -58.0 2.693670263527186 13
0004 0011 8 1671182007611470 17.0625 -55.5 1.3499030933393643 13
0004 0007 8 1671182007612432 0.0 -58.5 1.88986433067511 13
0004 0014 8 1671182007613401 42.3125 -60.0 3.6754179677739964 13
0004 0001 8 1671182007614717 100.875 -68.5 0.3129320807286708 13
0004 0010 8 1671182007616049 -74.8125 -73.0 4.172427743048944 13
0004 0004 8 1671182007617012 -42.3125 -64.5 3.877903431774901 13
0004 0006 8 1671182007617950 152.9375 -73.0 4.828971520263998 13
0004 0014 1 1671182007836596 48.8125 -64.0 5.6941366846315 13
0004 0013 1 1671182007838168 19.5 -62.5 5.43029198911517 13
0004 0015 1 1671182007839342 -6.5 -68.0 6.191146459906448 13
0004 0005 1 1671182007841017 -9.75 -63.5 5.939573610693203 13
0004 0012 1 1671182007843260 -52.0625 -69.5 1.055378782065321 13
0004 0002 1 1671182007851714 -61.8125 -73.5 4.540583132141498 13
0004 0013 2 1671182007877915 -22.75 -68.0 4.411728745959104 13
0004 0015 2 1671182007879296 201.8125 -69.5 1.6935147898257479 13
0004 0005 2 1671182007880206 -55.3125 -69.0 2.227340104009951 13
0004 0014 3 1671182007907143 -45.5625 -64.0 3.6447383520162835 13
0004 0004 3 1671182007908958 48.8125 -63.5 4.025165587411922 13
0004 0006 3 1671182007910190 48.8125 -68.5 2.6691265709210157 13
0004 0012 3 1671182007911123 -13.0 -64.5 4.0128937411088375 13
0004 0015 3 1671182007912723 -22.75 -63.5 0.9572040116406401 13
0004 0013 3 1671182007914058 -19.5 -68.0 0.7915340865489908 13
0004 0015 4 1671182007946295 39.0 -63.0 1.227184630308513 13
0004 0004 4 1671182007947854 -22.75 -59.5 0.4908738521234052 13
0004 0012 4 1671182007949002 13.0 -62.5 3.393165502803038 13
0004 0014 4 1671182007949951 -9.75 -54.5 4.767612288748572 13
0004 0007 4 1671182007951708 -9.75 -69.0 0.04295146206079795 13
0004 0013 4 1671182007952831 162.75 -72.5 0.6749515466696822 13
0004 0002 4 1671182007953768 97.625 -76.0 4.632621979414636 13
0004 0010 4 1671182007954686 9.75 -72.0 1.8837284075235674 13
0004 0005 5 1671182007976753 -205.0625 -67.5 2.9268353432858034 13
0004 0014 5 1671182007977702 42.3125 -57.5 0.6688156235181395 13
0004 0004 5 1671182007980210 9.75 -62.0 2.2948352586769194 13
0004 0006 5 1671182007982328 -45.5625 -65.0 4.933282213840222 13
0004 0013 5 1671182007983319 -9.75 -59.5 3.2090878082567613 13
0004 0010 5 1671182007984384 65.0625 -71.5 5.927301764390117 13
0004 0009 5 1671182007985363 -65.0625 -67.0 0.5031456984264903 13
0004 0011 6 1671182008005834 3.25 -62.0 2.509592568980909 13
0004 0005 6 1671182008006770 -13.0 -66.0 0.35588354278946877 13
0004 0004 6 1671182008007945 13.0 -59.5 4.896466674930966 13
0004 0015 6 1671182008008821 48.8125 -64.0 1.7794177139473437 13
0004 0014 6 1671182008011188 16.25 -63.5 5.227806525114265 13
0004 0006 6 1671182008012123 3.25 -61.5 4.417864669110647 13
0004 0001 6 1671182008017348 -17.0625 -71.5 5.497787143782138 13
0004 0006 7 1671182008045881 32.5 -65.0 0.2945243112740431 13
0004 0007 7 1671182008046815 3.25 -61.0 3.018874190558942 13
0004 0015 7 1671182008048485 22.75 -59.5 3.822680123411018 13
0004 0005 7 1671182008049423 19.5 -67.5 2.4175537217077703 13
0004 0013 7 1671182008050443 13.0 -62.0 0.5031456984264903 13
0004 0014 7 1671182008051830 -13.0 -58.0 5.148039524144211 13
0004 0009 7 1671182008052779 -32.5 -64.0 5.64504929941916 13
0004 0011 7 1671182008054206 13.8125 -60.0 2.564815877344792 13
0004 0010 7 1671182008055540 -107.375 -69.0 5.5100589900852235 13
0004 0004 7 1671182008057594 -182.25 -66.0 4.1172044346850605 13
0004 0008 7 1671182008060318 -16.25 -71.0 5.890486225480862 13
0004 0001 8 1671182008105935 21.125 -67.5 0.18407769454627693 13
0004 0007 8 1671182008107975 0.0 -58.5 1.5953400194010667 13
0004 0015 8 1671182008108924 9.75 -58.5 1.5155730184310134 13
0004 0014 8 1671182008110144 -3.25 -59.5 3.7122335066832517 13
0004 0005 8 1671182008111601 13.0 -58.0 2.4727770300716534 13
0004 0011 8 1671182008112872 7.3125 -55.0 1.1351457830353744 13
0004 0013 8 1671182008114076 19.5 -59.0 0.9572040116406401 13
0004 0006 8 1671182008115014 -97.625 -73.0 5.197126909356553 13
0004 0004 8 1671182008116587 -26.0 -65.0 3.663146121470911 13
0004 0010 8 1671182008117536 48.8125 -74.5 3.9269908169872414 13
0004 0012 8 1671182008120441 250.625 -73.5 0.6872233929727672 13
0004 0005 1 1671182008335921 -22.75 -63.5 6.062292073724054 13
0004 0012 1 1671182008337323 19.5 -70.5 1.1106020904292042 13
0004 0015 1 1671182008339845 -45.5625 -68.0 0.018407769454627694 13
0004 0014 1 1671182008341019 -9.75 -63.5 5.8045833013592665 13
0004 0013 1 1671182008343465 39.0 -62.0 5.497787143782138 13
0004 0002 1 1671182008347018 -286.4375 -73.0 4.9394181369917645 13
0004 0013 2 1671182008367544 -110.625 -68.5 4.325825821837508 13
0004 0012 2 1671182008368424 250.625 -71.5 1.4542137869155878 13
0004 0015 2 1671182008370971 48.8125 -67.5 1.9573594853420782 13
0004 0005 2 1671182008373263 -52.0625 -69.0 1.8407769454627694 13
0004 0013 3 1671182008395836 -68.3125 -68.0 0.7853981633974483 13
0004 0015 3 1671182008397364 -16.25 -63.5 0.9572040116406401 13
0004 0004 3 1671182008399393 -39.0 -62.5 4.411728745959104 13
0004 0006 3 1671182008400598 -22.75 -68.5 3.2888548092268146 13
0004 0012 3 1671182008401996 0.0 -65.0 4.1601558967458585 13
0004 0014 3 1671182008403205 -48.8125 -64.0 3.5465635815916023 13
0004 0015 4 1671182008426202 13.0 -63.0 1.2455923997631406 13
0004 0002 4 1671182008428330 -120.4375 -73.5 5.117359908386499 13
0004 0004 4 1671182008429503 -26.0 -59.0 0.7424467013366504 13
0004 0014 4 1671182008430437 -9.75 -55.0 4.693981210930062 13
0004 0007 4 1671182008431447 74.8125 -68.0 0.11658253987930872 13
0004 0012 4 1671182008432674 13.0 -62.0 3.552699504743145 13
0004 0013 4 1671182008434879 9.75 -71.5 0.9019807032767571 13
0004 0009 5 1671182008456114 45.5625 -62.5 1.2333205534600555 13
0004 0005 5 1671182008457290 -97.625 -69.5 3.0495538063166547 13
0004 0004 5 1671182008458209 9.75 -63.0 2.0923497946760143 13
0004 0013 5 1671182008459656 16.25 -59.5 3.1661363461959633 13
0004 0006 5 1671182008460888 -84.625 -64.5 4.651029748869264 13
0004 0014 5 1671182008462347 -16.25 -58.0 0.6504078540635119 13
0004 0010 5 1671182008463537 -65.0625 -69.0 5.988660995905543 13
0004 0011 5 1671182008464524 69.125 -70.0 0.8099418560036186 13
0004 0006 6 1671182008495877 3.25 -61.5 4.061981126321178 13
0004 0009 6 1671182008496815 45.5625 -67.5 1.7978254834019713 13
0004 0011 6 1671182008499006 48.8125 -60.0 2.2580197197676637 13
0004 0014 6 1671182008499957 -78.0625 -64.5 5.460971604872882 13
0004 0012 6 1671182008501118 48.8125 -71.5 5.184855063053467 13
0004 0004 6 1671182008502035 -3.25 -60.0 4.743068596142402 13
0004 0010 6 1671182008504368 -133.4375 -72.0 5.424156065963627 13
0004 0005 6 1671182008505274 84.625 -67.0 0.18407769454627693 13
0004 0015 6 1671182008506888 42.3125 -64.0 1.9205439464328227 13
0004 0013 6 1671182008509147 0.0 -72.5 2.8409324191642074 13
0004 0015 7 1671182008535902 -16.25 -59.0 3.6447383520162835 13
0004 0009 7 1671182008536809 -39.0 -57.5 5.994796919057086 13
0004 0004 7 1671182008537956 -61.8125 -67.0 4.25833066717054 13
0004 0014 7 1671182008538934 -35.75 -58.5 4.988505522204105 13
0004 0011 7 1671182008540092 34.9375 -59.0 2.030990563160589 13
0004 0007 7 1671182008542447 87.875 -61.0 2.3316507975861747 13
0004 0005 7 1671182008544330 -139.9375 -69.5 1.736466251886546 13
0004 0013 7 1671182008545545 -6.5 -62.5 0.6872233929727672 13
0004 0010 7 1671182008546537 -29.25 -67.0 4.6448938257177215 13
0004 0006 7 1671182008547713 29.25 -64.5 6.19728238305799 13
0004 0008 7 1671182008549539 6.5 -69.5 5.332117218690489 13
0004 0012 8 1671182008596410 97.625 -69.5 5.976389149602458 13
0004 0011 8 1671182008598857 7.3125 -54.0 0.4049709280018093 13
0004 0004 8 1671182008600091 -45.5625 -63.0 3.736777199289422 13
0004 0013 8 1671182008601039 32.5 -62.5 1.337631247036279 13
0004 0014 8 1671182008601945 -26.0 -61.0 3.1231848841351653 13
0004 0009 8 1671182008602868 113.875 -67.0 1.932815792735908 13
0004 0007 8 1671182008603787 19.5 -59.0 0.5522330836388308 13
0004 0005 8 1671182008606099 45.5625 -60.0 2.1353012567368124 13
0004 0015 8 1671182008609604 0.0 -59.0 1.4787574795217582 13
0004 0001 8 1671182008610557 21.125 -67.5 0.2638446955163303 13
0004 0002 1 1671182008826366 -32.5 -71.5 4.2092432819582 13
0004 0005 1 1671182008828675 65.0625 -67.0 5.21553467881118 13
0004 0011 1 1671182008829990 21.125 -69.0 0.15339807878856412 13
0004 0015 1 1671182008830937 -16.25 -71.0 4.626486056263094 13
0004 0007 1 1671182008832272 6.5 -69.0 0.9756117810952678 13
0004 0014 1 1671182008833195 -182.25 -68.5 4.816699673960914 13
0004 0015 2 1671182008857523 39.0 -66.0 1.2885438618239387 13
0004 0011 2 1671182008858456 30.875 -70.5 2.6445828783148455 13
0004 0007 2 1671182008860427 -65.0625 -64.0 4.626486056263094 13
0004 0006 3 1671182008886592 -74.8125 -62.5 3.074097498922825 13
0004 0009 3 1671182008888439 -58.5625 -68.0 6.043884304269426 13
0004 0014 3 1671182008889403 61.8125 -66.0 2.0493983326152168 13
0004 0015 3 1671182008891089 -48.8125 -66.5 1.3744467859455345 13
0004 0004 3 1671182008893696 35.75 -71.5 2.8961557275280905 13
0004 0014 4 1671182008915842 13.0 -62.5 2.9391071895888885 13
0004 0015 4 1671182008918603 22.75 -65.5 1.141281706186917 13
0004 0004 4 1671182008919879 68.3125 -61.5 0.3436116964863836 13
0004 0002 4 1671182008921734 -139.9375 -71.5 3.5036121195308043 13
0004 0009 5 1671182008946618 -3.25 -67.5 3.3747577333484107 13
0004 0010 5 1671182008947893 6.5 -67.0 2.043262409463674 13
0004 0001 5 1671182008948872 -34.9375 -69.0 5.2339424482658075 13
0004 0004 5 1671182008949848 -6.5 -63.5 4.583534594202296 13
0004 0014 5 1671182008951066 6.5 -62.5 5.074408446325701 13
0004 0005 5 1671182008952883 149.6875 -71.0 3.5465635815916023 13
0004 0006 5 1671182008953863 237.5625 -65.5 5.706408530934585 13
0004 0007 5 1671182008957626 42.3125 -72.5 2.773437264497239 13
0004 0007 6 1671182008986327 42.3125 -71.5 0.7853981633974483 13
0004 0004 6 1671182008988382 6.5 -55.5 2.0493983326152168 13
0004 0011 6 1671182008989712 -10.5625 -62.5 2.337786720737717 13
0004 0002 6 1671182008991218 374.3125 -74.0 2.466641106920111 13
0004 0006 6 1671182008992324 -35.75 -68.0 3.3318062712876126 13
0004 0001 6 1671182008993695 -173.3125 -71.0 4.485359823777615 13
0004 0010 6 1671182008994644 -107.375 -68.5 5.620505606812989 13
0004 0015 6 1671182008995759 55.3125 -67.0 2.7979809571034093 13
0004 0015 7 1671182009015849 -16.25 -60.0 2.730485802436441 13
0004 0007 7 1671182009016799 13.0 -57.0 2.9759227284981438 13
0004 0009 7 1671182009017733 -13.0 -60.5 1.4051264017032472 13
0004 0014 7 1671182009018923 -42.3125 -62.0 3.5833791205008576 13
0004 0011 7 1671182009020105 0.0 -60.5 1.6198837120072371 13
0004 0010 7 1671182009022077 -185.5 -65.5 5.565282298449106 13
0004 0006 7 1671182009023778 29.25 -64.0 1.521708941582556 13
0004 0008 7 1671182009025958 22.75 -64.0 2.9943304979527716 13
0004 0000 7 1671182009026865 74.8125 -70.5 4.718524903536232 13
0004 0005 7 1671182009027827 6.5 -65.0 2.5034566458293663 13
0004 0001 8 1671182009055907 -41.5 -65.5 5.178719139901925 13
0004 0005 8 1671182009057921 13.0 -66.5 5.203262832508095 13
0004 0000 8 1671182009058872 -13.0 -74.5 3.6386024288647407 13
0004 0003 8 1671182009059783 208.3125 -75.0 0.1043106935762236 13
0004 0004 8 1671182009060756 3.25 -65.0 0.20248546400090464 13
0004 0015 8 1671182009061925 -6.5 -61.5 0.7363107781851077 13
0004 0010 8 1671182009062876 -55.3125 -70.5 3.792000507653305 13
0004 0014 8 1671182009063866 26.0 -66.0 2.730485802436441 13
0004 0009 8 1671182009066234 19.5 -62.5 5.368932757599744 13
0004 0007 8 1671182009067694 -16.25 -56.5 2.5280003384355365 13
0004 0011 8 1671182009068909 7.3125 -53.0 2.061670178918302 13
0004 0005 1 1671182009287511 -29.25 -62.0 4.503767593232243 13
0004 0006 1 1671182009288690 139.9375 -72.5 2.988194574801229 13
0004 0014 1 1671182009289641 221.3125 -71.5 4.28287435977671 13
0004 0015 2 1671182009318579 19.5 -65.0 1.4419419406125027 13
0004 0007 2 1671182009319730 65.0625 -67.5 5.338253141842031 13
0004 0014 3 1671182009348003 52.0625 -67.0 2.012582793705961 13
0004 0004 3 1671182009350184 -22.75 -63.5 3.7122335066832517 13
0004 0015 3 1671182009351489 52.0625 -65.5 1.3499030933393643 13
0004 0006 3 1671182009352453 74.8125 -66.0 4.381049130201391 13
0004 0014 4 1671182009376270 -3.25 -62.5 3.129320807286708 13
0004 0004 4 1671182009378611 19.5 -62.5 0.21475731030398976 13
0004 0009 4 1671182009379587 6.5 -62.0 1.576932249946439 13
0004 0010 4 1671182009380566 39.0 -71.0 1.6444274046134073 13
0004 0015 4 1671182009382038 16.25 -65.5 1.227184630308513 13
0004 0002 4 1671182009386441 -48.8125 -75.0 5.283029833478148 13
0004 0014 5 1671182009406205 52.0625 -62.5 5.381204603902829 13
0004 0009 5 1671182009408045 42.3125 -57.5 1.086058397823034 13
0004 0006 5 1671182009409207 19.5 -63.0 2.9206994201342606 13
0004 0005 5 1671182009410371 -26.0 -66.0 1.5155730184310134 13
0004 0011 5 1671182009411304 30.875 -65.5 4.061981126321178 13
0004 0004 5 1671182009412295 9.75 -65.0 1.3314953238847365 13
0004 0004 6 1671182009456069 -3.25 -63.5 4.460816131171445 13
0004 0006 6 1671182009457007 29.25 -62.5 2.6691265709210157 13
0004 0015 6 1671182009457924 -16.25 -65.0 3.0372819600135696 13
0004 0011 6 1671182009459112 27.625 -59.0 0.3313398501832985 13
0004 0001 6 1671182009460584 65.875 -69.0 5.810719224510809 13
0004 0005 6 1671182009461775 42.3125 -71.5 4.448544284868359 13
0004 0010 6 1671182009462980 198.5625 -71.0 2.736621725587984 13
0004 0007 6 1671182009464171 32.5 -68.0 4.724660826687775 13
0004 0011 7 1671182009495863 27.625 -60.0 0.2270291566070749 13
0004 0006 7 1671182009497293 45.5625 -63.5 5.64504929941916 13
0004 0015 7 1671182009499355 -3.25 -62.0 2.730485802436441 13
0004 0009 7 1671182009500288 -6.5 -55.0 5.688000761479957 13
0004 0007 7 1671182009501510 -19.5 -59.5 2.693670263527186 13
0004 0008 7 1671182009502955 52.0625 -64.0 1.227184630308513 13
0004 0005 7 1671182009503918 22.75 -65.0 0.7179030087304801 13
0004 0014 7 1671182009505010 -42.3125 -60.5 3.9699422790480394 13
0004 0010 7 1671182009507339 -59.375 -66.5 3.663146121470911 13
0004 0000 7 1671182009513762 55.3125 -71.5 2.2886993355253766 13
0004 0007 8 1671182009545891 13.0 -60.0 2.3316507975861747 13
0004 0009 8 1671182009546869 -16.25 -59.5 4.196971435655114 13
0004 0005 8 1671182009548568 16.25 -60.5 2.012582793705961 13
0004 0001 8 1671182009550013 -24.375 -62.5 1.6566992509164924 13
0004 0011 8 1671182009551242 3.25 -52.0 0.6320000846088841 13
0004 0015 8 1671182009552175 19.5 -60.0 0.9756117810952678 13
0004 0004 8 1671182009553365 9.75 -65.0 4.184699589352029 13
0004 0014 8 1671182009555706 -19.5 -64.5 2.9084275738311756 13
0004 0010 8 1671182009556976 0.0 -68.5 2.086213871524472 13
0004 0003 8 1671182009558805 0.0 -75.0 4.595806440505381 13
0004 0005 1 1671182009777165 13.0 -64.0 5.105088062083414 13
0004 0011 1 1671182009779033 -69.125 -68.0 2.423689644859313 13
0004 0006 1 1671182009779984 100.875 -71.0 3.0250101137104846 13
0004 0007 1 1671182009780935 -188.75 -71.0 3.0802334220743677 13
0004 0015 2 1671182009807638 -16.25 -64.5 1.7426021750380885 13
0004 0007 2 1671182009809397 -16.25 -69.0 5.460971604872882 13
0004 0006 3 1671182009837266 -74.8125 -65.0 4.681709364626977 13
0004 0004 3 1671182009838255 -3.25 -61.0 4.749204519293945 13
0004 0015 3 1671182009839160 -16.25 -65.0 1.4480778637640452 13
0004 0014 3 1671182009840666 -221.3125 -67.0 2.7550294950426117 13
0004 0010 3 1671182009843343 139.9375 -71.0 6.264777537724958 13
0004 0010 4 1671182009866377 22.75 -69.5 1.6566992509164924 13
0004 0015 4 1671182009867580 22.75 -65.0 1.2087768608538851 13
0004 0002 4 1671182009868530 6.5 -70.0 0.9756117810952678 13
0004 0004 4 1671182009869467 13.0 -65.0 0.8344855486097889 13
0004 0009 4 1671182009870401 -13.0 -60.5 1.6812429435226628 13
0004 0014 4 1671182009872116 39.0 -62.0 3.098641191528995 13
0004 0005 5 1671182009906158 13.0 -67.5 0.9203884727313847 13
0004 0014 5 1671182009907081 -123.6875 -62.0 5.71868037723767 13
0004 0006 5 1671182009908014 26.0 -62.0 2.742757648739526 13
0004 0004 5 1671182009909969 -13.0 -65.5 0.2454369260617026 13
0004 0011 5 1671182009911387 -34.9375 -67.0 4.3503695144436785 13
0004 0009 5 1671182009912316 0.0 -57.5 0.7301748550335652 13
0004 0007 5 1671182009915438 97.625 -70.5 0.07976700097005335 13
0004 0004 6 1671182009935868 52.0625 -64.5 2.5832236467994196 13
0004 0001 6 1671182009936783 -7.3125 -71.0 4.816699673960914 13
0004 0005 6 1671182009938726 19.5 -74.0 3.902447124381071 13
0004 0015 6 1671182009939871 22.75 -63.5 2.82252464970958 13
0004 0011 6 1671182009941093 21.125 -59.5 6.2034183062095325 13
0004 0006 6 1671182009942372 3.25 -63.0 2.399145952253143 13
0004 0010 6 1671182009943364 39.0 -67.5 2.804116880254952 13
0004 0007 6 1671182009944330 -39.0 -67.5 4.767612288748572 13
0004 0006 7 1671182009965883 -13.0 -63.0 5.375068680751287 13
0004 0014 7 1671182009966833 -16.25 -59.5 3.988350048502667 13
0004 0007 7 1671182009967769 13.0 -59.0 2.6323110320117604 13
0004 0011 7 1671182009968940 -10.5625 -60.5 6.135923151542564 13
0004 0009 7 1671182009971038 -29.25 -55.0 5.540738605842936 13
0004 0015 7 1671182009972984 -6.5 -61.5 2.779573187648782 13
0004 0000 7 1671182009974333 29.25 -70.5 1.4971652489763858 13
0004 0008 7 1671182009975339 120.4375 -64.5 0.662679700366597 13
0004 0005 7 1671182009976770 -42.3125 -64.0 0.5276893910326605 13
0004 0010 7 1671182009977974 -172.5 -68.0 4.147884050442774 13
0004 0001 8 1671182010015880 41.5 -63.0 0.803805932852076 13
0004 0010 8 1671182010016800 29.25 -68.5 2.141437179888355 13
0004 0005 8 1671182010019311 -45.5625 -60.5 1.6935147898257479 13
0004 0015 8 1671182010020286 35.75 -60.0 1.0492428589137786 13
0004 0007 8 1671182010021262 13.0 -60.0 2.2089323345553233 13
0004 0009 8 1671182010022183 -22.75 -59.5 3.834951969714103 13
0004 0011 8 1671182010023894 10.5625 -52.0 0.380427235395639 13
0004 0014 8 1671182010025425 3.25 -64.0 2.8532042654672924 13
0004 0004 8 1671182010026330 -13.0 -64.0 3.5588354278946874 13
0004 0003 8 1671182010037130 9.75 -74.5 3.5833791205008576 13
0004 0011 1 1671182010261229 -24.375 -67.5 2.36846633649543 13
0004 0005 1 1671182010262819 29.25 -65.0 5.3627968344482015 13
0004 0007 1 1671182010265990 172.5 -71.5 2.6813984172241008 13
0004 0006 1 1671182010270969 -100.875 -71.5 3.454524734318464 13
0004 0015 2 1671182010298998 68.3125 -65.0 1.6996507129772904 13
0004 0007 2 1671182010299936 -65.0625 -69.5 5.8659425328746915 13
0004 0010 3 1671182010326471 374.3125 -70.0 5.884350302329319 13
0004 0014 3 1671182010327432 13.0 -67.0 2.1537090261914402 13
0004 0004 3 1671182010329387 -42.3125 -60.5 5.062136600022616 13
0004 0006 3 1671182010330534 -35.75 -63.5 4.957825906446392 13
0004 0015 3 1671182010332476 78.0625 -65.5 1.2333205534600555 13
0004 0014 4 1671182010356223 -32.5 -62.5 3.1906800388021335 13
0004 0009 4 1671182010357700 9.75 -60.0 1.8039614065535141 13
0004 0010 4 1671182010358888 61.8125 -70.5 1.6198837120072371 13
0004 0015 4 1671182010361446 9.75 -64.5 1.2026409377023426 13
0004 0004 4 1671182010362396 13.0 -65.0 0.9081166264282996 13
0004 0002 4 1671182010364538 13.0 -71.0 0.944932165337555 13
0004 0005 5 1671182010386487 65.0625 -66.5 0.6442719309119693 13
0004 0009 5 1671182010387407 39.0 -57.5 0.5092816215780329 13
0004 0006 5 1671182010389912 0.0 -62.0 2.693670263527186 13
0004 0004 5 1671182010391529 42.3125 -66.0 6.050020227420969 13
0004 0007 5 1671182010392466 156.1875 -71.5 6.080699843178682 13
0004 0014 5 1671182010393385 -19.5 -62.0 5.6143696836614465 13
0004 0011 5 1671182010395324 -3.25 -66.5 4.295146206079795 13
0004 0001 6 1671182010416290 -110.625 -71.0 4.632621979414636 13
0004 0006 6 1671182010418332 29.25 -62.5 2.350058567040802 13
0004 0015 6 1671182010420479 45.5625 -64.0 2.767301341345697 13
0004 0011 6 1671182010421395 -10.5625 -59.0 6.111379458936394 13
0004 0004 6 1671182010423021 -19.5 -63.5 2.380738182798515 13
0004 0005 6 1671182010424243 156.1875 -73.5 3.2765829629237295 13
0004 0010 6 1671182010425430 87.875 -67.0 2.7120780329818137 13
0004 0007 6 1671182010426352 48.8125 -68.0 4.546719055293041 13
0004 0005 7 1671182010456553 26.0 -65.0 0.28225246497095796 13
0004 0014 7 1671182010457803 -81.375 -59.5 4.1172044346850605 13
0004 0007 7 1671182010458979 -48.8125 -59.0 2.6323110320117604 13
0004 0008 7 1671182010460154 94.375 -64.5 0.5951845456996288 13
0004 0010 7 1671182010461584 -172.5 -67.0 4.295146206079795 13
0004 0006 7 1671182010463564 58.5625 -63.5 5.240078371417351 13
0004 0009 7 1671182010464838 -16.25 -55.0 5.4671075280244255 13
0004 0000 7 1671182010467377 97.625 -72.0 1.380582709097077 13
0004 0011 7 1671182010468920 48.8125 -62.0 5.957981380147831 13
0004 0015 7 1671182010469867 32.5 -61.5 2.742757648739526 13
0004 0015 8 1671182010496657 39.0 -60.0 1.0246991663076084 13
0004 0011 8 1671182010497971 24.375 -52.0 0.3190680038802134 13
0004 0001 8 1671182010499115 24.375 -62.5 0.8344855486097889 13
0004 0007 8 1671182010500307 -22.75 -60.5 2.2457478734645786 13
0004 0005 8 1671182010501541 19.5 -60.5 1.5830681730979816 13
0004 0014 8 1671182010503342 35.75 -64.0 2.816388726558037 13
0004 0010 8 1671182010504931 -146.4375 -69.0 2.36846633649543 13
0004 0009 8 1671182010505959 0.0 -59.0 3.7551849687440497 13
0004 0004 8 1671182010508047 29.25 -64.0 3.448388811166921 13
0004 0003 8 1671182010516022 -104.125 -75.0 3.859495662320273 13
0004 0005 1 1671182010726158 -39.0 -65.0 5.368932757599744 13
0004 0011 1 1671182010729556 -52.0625 -67.0 2.466641106920111 13
0004 0007 1 1671182010731448 0.0 -71.0 2.8838838812250054 13
0004 0006 1 1671182010732686 -35.75 -72.5 3.215223731408304 13
0004 0015 2 1671182010757788 -48.8125 -64.0 1.7978254834019713 13
0004 0007 2 1671182010759333 -6.5 -69.5 5.497787143782138 13
0004 0004 3 1671182010786068 9.75 -61.0 4.963961829597935 13
0004 0015 3 1671182010787002 -35.75 -65.0 1.3499030933393643 13
0004 0006 3 1671182010788166 -39.0 -64.5 4.878058905476339 13
0004 0010 3 1671182010789073 195.25 -70.0 5.810719224510809 13
0004 0014 3 1671182010790274 6.5 -66.0 2.1782527187976104 13
0004 0002 4 1671182010815885 29.25 -71.0 0.8958447801252144 13
0004 0014 4 1671182010817089 45.5625 -62.0 3.055689729468197 13
0004 0004 4 1671182010818973 32.5 -65.0 0.8099418560036186 13
0004 0015 4 1671182010820616 58.5625 -64.5 1.1167380135807468 13
0004 0009 4 1671182010821535 16.25 -60.0 1.7978254834019713 13
0004 0010 4 1671182010822924 52.0625 -71.0 1.7241944055834606 13
0004 0004 5 1671182010846427 -104.125 -66.5 6.270913460876501 13
0004 0005 5 1671182010847943 6.5 -68.0 0.7117670855789375 13
0004 0006 5 1671182010848895 -52.0625 -62.0 2.816388726558037 13
0004 0014 5 1671182010850353 -55.3125 -61.5 5.675728915176872 13
0004 0011 5 1671182010851342 -121.25 -67.0 4.325825821837508 13
0004 0009 5 1671182010852513 6.5 -57.0 0.5460971604872883 13
0004 0007 5 1671182010861225 162.75 -73.0 6.013204688511713 13
0004 0010 6 1671182010895847 16.25 -67.0 2.8838838812250054 13
0004 0001 6 1671182010896767 52.0625 -71.5 4.718524903536232 13
0004 0007 6 1671182010897940 -61.8125 -69.0 4.6448938257177215 13
0004 0006 6 1671182010899427 -3.25 -63.0 2.435961491162398 13
0004 0011 6 1671182010900839 0.0 -59.0 6.12365130523948 13
0004 0005 6 1671182010902316 -16.25 -72.0 3.6876898140770815 13
0004 0015 6 1671182010904851 -3.25 -64.0 2.8838838812250054 13
0004 0004 6 1671182010906180 0.0 -64.5 2.405281875404685 13
0004 0011 7 1671182010935893 55.3125 -61.5 5.988660995905543 13
0004 0014 7 1671182010936826 -22.75 -60.0 3.988350048502667 13
0004 0008 7 1671182010938541 26.0 -65.0 0.6994952392758523 13
0004 0009 7 1671182010940287 -19.5 -54.5 5.473243451175968 13
0004 0007 7 1671182010941747 -6.5 -59.0 2.5770877236478773 13
0004 0010 7 1671182010943135 -16.25 -67.5 3.9576704327449543 13
0004 0006 7 1671182010944458 -104.125 -64.0 5.460971604872882 13
0004 0000 7 1671182010945393 208.3125 -71.0 1.239456476611598 13
0004 0005 7 1671182010946595 -45.5625 -65.0 0.4111068511533518 13
0004 0015 7 1671182010947980 39.0 -62.0 2.693670263527186 13
0004 0009 8 1671182010976482 -42.3125 -59.0 3.8410878928656453 13
0004 0011 8 1671182010977696 3.25 -52.0 0.36815538909255385 13
0004 0010 8 1671182010978901 35.75 -68.5 2.000310947402876 13
0004 0004 8 1671182010979861 3.25 -64.0 3.56497135104623 13
0004 0003 8 1671182010980799 -156.1875 -76.0 3.859495662320273 13
0004 0001 8 1671182010982978 24.375 -63.0 0.8958447801252144 13
0004 0015 8 1671182010984788 -9.75 -60.0 1.1044661672776617 13
0004 0014 8 1671182010986081 3.25 -64.0 2.84706834231575 13
0004 0007 8 1671182010987075 -22.75 -60.0 2.227340104009951 13
0004 0005 8 1671182010988293 -6.5 -61.0 1.662835174068035 13
0004 0007 1 1671182011205836 130.1875 -72.5 2.6139032625571326 13
0004 0006 1 1671182011209618 39.0 -71.0 3.129320807286708 13
0004 0005 1 1671182011213245 68.3125 -64.5 5.129631754689584 13
0004 0011 1 1671182011214293 -48.8125 -67.5 2.4605051837685683 13
0004 0015 2 1671182011236849 -104.125 -64.5 1.8530487917658545 13
0004 0007 2 1671182011238410 -195.25 -69.5 5.957981380147831 13
0004 0004 3 1671182011268316 0.0 -61.0 4.859651136021712 13
0004 0006 3 1671182011269229 -143.1875 -65.0 5.0253210611133605 13
0004 0010 3 1671182011270446 120.4375 -70.0 6.252505691421874 13
0004 0014 3 1671182011271749 97.625 -65.5 2.116893487282185 13
0004 0015 3 1671182011273250 58.5625 -65.5 1.2762720155208536 13
0004 0002 4 1671182011296167 19.5 -71.5 0.8406214717613314 13
0004 0014 4 1671182011297356 6.5 -62.0 3.172272269347506 13
0004 0015 4 1671182011298814 -9.75 -65.0 1.2701360923693108 13
0004 0004 4 1671182011299766 -65.0625 -65.0 0.9326603190344698 13
0004 0009 4 1671182011301407 16.25 -60.0 1.7426021750380885 13
0004 0010 4 1671182011306698 32.5 -72.0 1.6996507129772904 13
0004 0004 5 1671182011336465 26.0 -65.0 0.01227184630308513 13
0004 0007 5 1671182011337445 -166.0 -71.0 0.21475731030398976 13
0004 0011 5 1671182011338364 -30.875 -67.5 4.246058820867455 13
0004 0005 5 1671182011340065 -19.5 -67.0 0.7853981633974483 13
0004 0009 5 1671182011341450 -3.25 -57.0 0.5460971604872883 13
0004 0006 5 1671182011342899 78.0625 -61.5 2.6691265709210157 13
0004 0014 5 1671182011343834 -61.8125 -62.0 5.675728915176872 13
