0004 0009 1 1671182210586205 149.6875 -61.5 3.3440781175906977 14
0004 0007 1 1671182210587338 19.5 -64.0 5.037592907416445 14
0004 0015 1 1671182210588781 22.75 -68.5 4.657165672020807 14
0004 0001 1 1671182210589686 -62.625 -69.0 1.1719613219446299 14
0004 0008 1 1671182210591184 -35.75 -68.5 5.135767677841127 14
0004 0006 1 1671182210592118 -19.5 -60.0 1.6996507129772904 14
0004 0002 1 1671182210593326 55.3125 -72.0 0.6994952392758523 14
0004 0004 1 1671182210594304 -42.3125 -56.0 4.804427827657828 14
0004 0012 1 1671182210595636 120.4375 -71.0 0.03681553890925539 14
0004 0014 1 1671182210596852 13.0 -65.5 5.264622064023521 14
0004 0011 1 1671182210597797 10.5625 -61.0 5.460971604872882 14
0004 0008 2 1671182210625837 91.125 -67.5 0.0859029241215959 14
0004 0006 2 1671182210627052 -3.25 -57.5 4.71238898038469 14
0004 0004 2 1671182210628932 -123.6875 -64.0 1.6014759425526093 14
0004 0014 2 1671182210632978 -71.5625 -67.0 5.921165841238575 14
0004 0010 2 1671182210634868 58.5625 -67.0 4.289010282928253 14
0004 0009 2 1671182210635803 -104.125 -68.0 5.945709533844745 14
0004 0005 2 1671182210637248 -6.5 -69.0 2.282563412373834 14
0004 0001 2 1671182210638425 133.4375 -69.5 3.0495538063166547 14
0004 0002 2 1671182210645786 -198.5625 -70.0 0.760854470791278 14
0004 0009 3 1671182210667795 -26.0 -54.5 0.6013204688511713 14
0004 0005 3 1671182210669197 -84.625 -68.5 0.5951845456996288 14
0004 0008 3 1671182210670189 -74.8125 -68.5 5.485515297479052 14
0004 0015 3 1671182210671134 -13.0 -58.0 4.3503695144436785 14
0004 0007 3 1671182210672073 149.6875 -69.0 2.5770877236478773 14
0004 0011 3 1671182210673133 -38.1875 -67.5 5.724816300389213 14
0004 0004 3 1671182210674097 -65.0625 -63.0 3.2765829629237295 14
0004 0000 4 1671182210696479 94.375 -73.5 5.810719224510809 14
0004 0007 4 1671182210698577 -9.75 -70.5 3.2029518851052186 14
0004 0014 4 1671182210699542 -13.0 -63.5 4.816699673960914 14
0004 0001 4 1671182210700520 104.125 -69.5 1.6689710972195777 14
0004 0005 4 1671182210701438 9.75 -62.5 2.1475731030398975 14
0004 0015 4 1671182210702344 26.0 -63.5 0.32520392703175593 14
0004 0011 4 1671182210703302 -3.25 -56.0 6.105243535784852 14
0004 0002 4 1671182210704370 -182.25 -74.0 5.227806525114265 14
0004 0004 4 1671182210705783 -22.75 -70.5 5.595961914206819 14
0004 0015 5 1671182210727280 -35.75 -66.0 5.00077736850719 14
0004 0009 5 1671182210729549 -45.5625 -62.0 4.558990901596125 14
0004 0005 5 1671182210731136 0.0 -71.0 1.1044661672776617 14
0004 0011 6 1671182210757194 100.875 -70.0 0.6135923151542565 14
0004 0005 6 1671182210759450 42.3125 -65.5 5.473243451175968 14
0004 0015 6 1671182210760386 -65.0625 -67.0 4.405592822807561 14
0004 0006 7 1671182210788973 32.5 -66.0 0.619728238305799 14
0004 0001 7 1671182210789935 -41.5 -70.0 2.718213956133356 14
0004 0015 7 1671182210791210 126.9375 -68.5 1.5707963267948966 14
0004 0014 7 1671182210792715 270.125 -72.0 5.921165841238575 14
0004 0004 8 1671182210816617 19.5 -69.5 1.3989904785517047 14
0004 0006 8 1671182210817569 81.375 -70.0 0.9019807032767571 14
0004 0014 8 1671182210818986 42.3125 -65.0 1.2455923997631406 14
0004 0015 8 1671182210820176 100.875 -69.5 2.1966604882522383 14
0004 0002 8 1671182210821185 65.0625 -71.5 1.2026409377023426 14
0004 0007 1 1671182211036925 -58.5625 -64.5 5.1725832167503825 14
0004 0004 1 1671182211039115 0.0 -56.0 4.755340442445488 14
0004 0006 1 1671182211040336 42.3125 -60.0 1.6382914814618648 14
0004 0014 1 1671182211041254 22.75 -65.5 5.2339424482658075 14
0004 0011 1 1671182211043747 52.0625 -61.0 5.411884219660542 14
0004 0009 1 1671182211044935 13.0 -60.5 3.5036121195308043 14
0004 0015 1 1671182211046480 -65.0625 -68.5 4.700117134081604 14
0004 0002 1 1671182211047788 35.75 -72.5 0.5890486225480862 14
0004 0008 1 1671182211048662 -9.75 -70.5 5.006913291658733 14
0004 0001 1 1671182211050585 13.8125 -71.0 1.2517283229146832 14
0004 0012 1 1671182211055808 -6.5 -71.5 0.47860200582032003 14
0004 0006 2 1671182211077538 -3.25 -57.5 4.76147636559703 14
0004 0004 2 1671182211078769 6.5 -63.5 1.423534171157875 14
0004 0005 2 1671182211083229 -149.6875 -68.0 2.454369260617026 14
0004 0007 2 1671182211086194 113.875 -71.5 0.7485826244881929 14
0004 0009 2 1671182211087142 -61.8125 -67.5 5.755495916146925 14
0004 0001 2 1671182211089078 274.1875 -70.0 2.9084275738311756 14
0004 0008 2 1671182211090167 -32.5 -67.5 0.4970097752749477 14
0004 0010 2 1671182211092090 139.9375 -68.0 4.04357335686655 14
0004 0014 2 1671182211093520 -65.0625 -67.5 5.988660995905543 14
0004 0015 3 1671182211126607 -19.5 -58.0 4.356505437595221 14
0004 0005 3 1671182211127572 -39.0 -69.0 0.5460971604872883 14
0004 0004 3 1671182211130773 -84.625 -63.5 3.32567034813607 14
0004 0011 3 1671182211131735 76.4375 -67.0 5.71868037723767 14
0004 0009 3 1671182211132680 3.25 -54.5 0.5583690067903734 14
0004 0008 3 1671182211134056 123.6875 -68.0 5.307573526084319 14
0004 0007 3 1671182211135076 -22.75 -69.5 2.9145634969827183 14
0004 0011 4 1671182211167244 7.3125 -56.0 6.0991076126333095 14
0004 0001 4 1671182211168180 -30.875 -69.5 1.8162332528565992 14
0004 0007 4 1671182211169400 -166.0 -71.0 3.497476196379262 14
0004 0005 4 1671182211171465 3.25 -62.5 2.1659808724945253 14
0004 0015 4 1671182211172441 42.3125 -62.5 0.22089323345553233 14
0004 0014 4 1671182211173386 0.0 -63.5 4.7860200582032 14
0004 0000 4 1671182211177958 152.9375 -72.5 5.767767762450011 14
0004 0004 4 1671182211179585 -6.5 -70.5 5.595961914206819 14
0004 0015 5 1671182211206628 71.5625 -66.0 4.853515212870168 14
0004 0005 5 1671182211207621 78.0625 -70.5 1.0676506283684062 14
0004 0009 5 1671182211209394 -39.0 -62.0 4.552854978444583 14
0004 0015 6 1671182211236763 -13.8125 -67.5 4.295146206079795 14
0004 0005 6 1671182211239446 -22.75 -65.5 5.577554144752192 14
0004 0011 6 1671182211240779 52.0625 -71.5 0.5890486225480862 14
0004 0015 7 1671182211267675 9.75 -68.0 1.6873788666742053 14
0004 0006 7 1671182211268983 61.8125 -66.0 0.6381360077604268 14
0004 0001 7 1671182211270452 -90.3125 -68.5 2.7979809571034093 14
0004 0014 7 1671182211272197 208.3125 -72.5 0.006135923151542565 14
0004 0015 8 1671182211297740 -6.5 -69.5 2.3930100291016 14
0004 0006 8 1671182211299942 -78.0625 -70.0 1.1658253987930873 14
0004 0014 8 1671182211301341 68.3125 -65.0 1.239456476611598 14
0004 0002 8 1671182211302477 -81.375 -72.0 1.41126232485479 14
0004 0004 8 1671182211304037 -39.0 -70.0 1.5462526341887264 14
0004 0001 1 1671182211526477 24.375 -71.0 1.0799224746714913 14
0004 0004 1 1671182211527966 -13.0 -56.0 4.7860200582032 14
0004 0006 1 1671182211528889 -13.0 -60.0 1.7241944055834606 14
0004 0009 1 1671182211529809 -16.25 -62.0 3.5342917352885173 14
0004 0015 1 1671182211531548 29.25 -69.0 4.638757902566179 14
0004 0007 1 1671182211533446 -107.375 -65.0 5.2768939103266055 14
0004 0014 1 1671182211534578 -126.9375 -65.5 5.491651220630596 14
0004 0002 1 1671182211535532 -68.3125 -71.0 0.9387962421860124 14
0004 0008 1 1671182211536465 -13.0 -70.0 5.129631754689584 14
0004 0011 1 1671182211538387 -6.5 -61.0 5.565282298449106 14
0004 0012 1 1671182211539791 74.8125 -71.5 0.35588354278946877 14
0004 0014 2 1671182211566432 26.0 -67.5 5.749359992995383 14
0004 0009 2 1671182211567381 -16.25 -67.5 5.724816300389213 14
0004 0005 2 1671182211570076 166.0 -68.5 1.9819031779482483 14
0004 0010 2 1671182211570981 68.3125 -68.0 4.239922897715912 14
0004 0006 2 1671182211571958 -3.25 -57.5 4.73693267299086 14
0004 0001 2 1671182211573142 0.0 -70.0 3.141592653589793 14
0004 0004 2 1671182211574096 42.3125 -63.5 1.3314953238847365 14
0004 0008 2 1671182211574987 78.0625 -67.0 0.17794177139473438 14
0004 0002 2 1671182211585047 68.3125 -71.0 0.380427235395639 14
0004 0007 2 1671182211587909 117.125 -71.0 0.9633399347921826 14
0004 0015 3 1671182211616052 -9.75 -58.5 4.319689898685965 14
0004 0004 3 1671182211617496 -3.25 -63.5 3.1231848841351653 14
0004 0005 3 1671182211618509 -152.9375 -69.5 0.8222137023067037 14
0004 0011 3 1671182211622500 -145.625 -67.5 6.062292073724054 14
0004 0008 3 1671182211623447 -87.875 -68.5 5.792311455056181 14
0004 0009 3 1671182211624705 22.75 -55.0 0.5276893910326605 14
0004 0007 3 1671182211625684 -13.0 -69.0 2.791845033951867 14
0004 0005 4 1671182211662039 -9.75 -62.0 2.1475731030398975 14
0004 0015 4 1671182211663227 -3.25 -63.0 0.28838838812250056 14
0004 0002 4 1671182211665025 -13.0 -73.5 5.043728830567988 14
0004 0007 4 1671182211666288 -35.75 -72.0 3.356349963893783 14
0004 0001 4 1671182211667999 -13.8125 -69.0 1.846912868614312 14
0004 0011 4 1671182211668917 17.0625 -55.5 6.080699843178682 14
0004 0004 4 1671182211670972 39.0 -71.0 5.522330836388308 14
0004 0000 4 1671182211672220 81.375 -72.0 5.755495916146925 14
0004 0014 4 1671182211674119 -29.25 -63.5 4.853515212870168 14
0004 0009 5 1671182211697293 -48.8125 -62.5 4.595806440505381 14
0004 0005 5 1671182211698696 97.625 -70.0 1.0185632431560658 14
0004 0015 5 1671182211699658 -24.375 -66.5 5.031456984264903 14
0004 0005 6 1671182211727646 58.5625 -66.0 5.540738605842936 14
0004 0011 6 1671182211729175 135.0625 -71.0 0.47860200582032003 14
0004 0015 6 1671182211730150 -32.5 -67.0 4.368777283898306 14
0004 0001 7 1671182211757530 -45.5625 -69.5 2.7857091108003242 14
0004 0015 7 1671182211758476 55.3125 -67.0 1.5401167110371838 14
0004 0006 7 1671182211760359 29.25 -66.0 0.607456392002714 14
0004 0014 7 1671182211761676 -13.0 -70.5 0.17794177139473438 14
0004 0004 8 1671182211785775 9.75 -69.5 1.4910293258248433 14
0004 0015 8 1671182211786711 29.25 -69.5 2.3439226438892597 14
0004 0014 8 1671182211789490 84.625 -65.0 1.1965050145508 14
0004 0006 8 1671182211790424 -13.0 -70.0 0.9265243958829272 14
0004 0002 8 1671182211792313 -26.0 -72.0 1.2210487071569704 14
0004 0012 1 1671182212005840 58.5625 -72.0 0.3129320807286708 14
0004 0004 1 1671182212007948 6.5 -56.0 4.755340442445488 14
0004 0014 1 1671182212008928 -133.4375 -65.5 5.50392306693368 14
0004 0006 1 1671182212009861 19.5 -60.0 1.576932249946439 14
0004 0015 1 1671182212010795 -30.875 -69.0 4.595806440505381 14
0004 0011 1 1671182212011769 13.8125 -61.0 5.5100589900852235 14
0004 0001 1 1671182212012958 41.5 -70.0 1.1044661672776617 14
0004 0002 1 1671182212014238 -97.625 -70.0 0.8467573949128739 14
0004 0007 1 1671182212015159 -3.25 -64.5 5.049864753719531 14
0004 0008 1 1671182212016120 -6.5 -69.0 4.9823695990525625 14
0004 0009 1 1671182212017084 22.75 -61.5 3.522019888985432 14
0004 0014 2 1671182212055852 152.9375 -67.0 5.50392306693368 14
0004 0006 2 1671182212056815 48.8125 -57.5 4.6878452877785195 14
0004 0009 2 1671182212058234 -52.0625 -67.5 5.915029918087033 14
0004 0010 2 1671182212059678 19.5 -67.0 4.3074180523828804 14
0004 0005 2 1671182212061804 32.5 -69.0 2.1966604882522383 14
0004 0004 2 1671182212063263 -26.0 -64.0 1.3867186322486196 14
0004 0008 2 1671182212064452 -32.5 -68.0 0.4049709280018093 14
0004 0001 2 1671182212071623 -305.9375 -69.5 3.7122335066832517 14
0004 0007 2 1671182212079240 -201.8125 -71.5 1.282407938672396 14
0004 0008 3 1671182212106099 91.125 -67.5 5.4671075280244255 14
0004 0011 3 1671182212107043 -13.8125 -68.5 5.822991070813893 14
0004 0015 3 1671182212108003 -6.5 -58.5 4.319689898685965 14
0004 0009 3 1671182212108934 0.0 -54.5 0.5951845456996288 14
0004 0005 3 1671182212110639 179.0 -68.5 0.23316507975861744 14
0004 0004 3 1671182212111630 -78.0625 -63.0 3.3747577333484107 14
0004 0007 3 1671182212115262 172.5 -68.5 2.4605051837685683 14
0004 0001 4 1671182212156104 -3.25 -69.5 1.846912868614312 14
0004 0011 4 1671182212158113 -7.3125 -56.0 6.117515382087937 14
0004 0014 4 1671182212159694 0.0 -63.5 4.792155981354743 14
0004 0015 4 1671182212160915 -39.0 -63.0 0.36815538909255385 14
0004 0005 4 1671182212161864 42.3125 -63.0 2.116893487282185 14
0004 0007 4 1671182212163168 -113.875 -71.5 3.380893656499953 14
0004 0004 4 1671182212164232 117.125 -71.5 5.540738605842936 14
0004 0000 4 1671182212165405 19.5 -72.0 5.7616318392984684 14
0004 0015 5 1671182212187978 69.125 -66.0 4.878058905476339 14
0004 0009 5 1671182212189054 -29.25 -61.5 4.638757902566179 14
0004 0005 5 1671182212191999 -39.0 -70.5 1.012427320004523 14
0004 0011 6 1671182212217593 -52.0625 -70.5 0.7547185476397354 14
0004 0005 6 1671182212220639 -32.5 -66.0 5.638913376267617 14
0004 0015 6 1671182212221699 22.75 -66.5 4.270602513473625 14
0004 0015 7 1671182212246108 -16.25 -68.0 1.705786636128833 14
0004 0001 7 1671182212247070 30.875 -69.0 2.724349879284899 14
0004 0006 7 1671182212249369 94.375 -66.5 0.5645049299419159 14
0004 0006 8 1671182212275870 19.5 -69.5 1.0676506283684062 14
0004 0015 8 1671182212277049 139.9375 -69.5 2.098485717827557 14
0004 0002 8 1671182212278481 65.0625 -72.0 1.2026409377023426 14
0004 0004 8 1671182212279417 94.375 -70.0 1.2885438618239387 14
0004 0014 8 1671182212281101 -16.25 -65.5 1.3437671701878218 14
0004 0011 1 1671182212496681 -3.25 -60.5 5.516194913236766 14
0004 0007 1 1671182212498297 26.0 -64.5 5.00077736850719 14
0004 0015 1 1671182212499230 -52.0625 -68.5 4.675573441475434 14
0004 0004 1 1671182212500205 -13.0 -56.0 4.743068596142402 14
0004 0014 1 1671182212501183 -22.75 -65.5 5.344389064993574 14
0004 0006 1 1671182212502418 52.0625 -60.5 1.552388557340269 14
0004 0002 1 1671182212503369 91.125 -70.5 0.6442719309119693 14
0004 0009 1 1671182212504937 -26.0 -62.0 3.6263305825616556 14
0004 0001 1 1671182212507044 -74.8125 -70.5 1.368310862793992 14
0004 0008 1 1671182212508402 -13.0 -69.0 5.117359908386499 14
0004 0012 1 1671182212519369 -26.0 -72.5 0.44178646691106466 14
0004 0005 2 1671182212546115 201.8125 -68.0 2.1230294104337273 14
0004 0006 2 1671182212547331 -6.5 -58.0 4.773748211900116 14
0004 0014 2 1671182212548510 -201.8125 -66.5 5.988660995905543 14
0004 0004 2 1671182212549939 -9.75 -64.5 1.1965050145508 14
0004 0008 2 1671182212551485 -32.5 -67.5 0.39269908169872414 14
0004 0010 2 1671182212553199 -126.9375 -68.5 4.534447208989955 14
0004 0009 2 1671182212554816 -172.5 -67.5 6.000932842208628 14
0004 0001 2 1671182212556683 59.375 -70.0 3.0802334220743677 14
0004 0002 2 1671182212561744 65.0625 -70.0 0.4172427743048944 14
0004 0015 3 1671182212586490 6.5 -58.0 4.295146206079795 14
0004 0009 3 1671182212588291 6.5 -54.5 0.6135923151542565 14
0004 0005 3 1671182212589215 61.8125 -69.0 0.4724660826687775 14
0004 0004 3 1671182212590926 16.25 -62.5 3.129320807286708 14
0004 0008 3 1671182212592204 -133.4375 -68.0 5.700272607783043 14
0004 0011 3 1671182212595226 -187.125 -68.0 5.9088939949354895 14
0004 0007 3 1671182212598208 -156.1875 -70.5 3.147728576741336 14
0004 0004 4 1671182212626158 19.5 -70.5 5.6573211457222445 14
0004 0011 4 1671182212627117 -3.25 -56.0 6.0991076126333095 14
0004 0007 4 1671182212629389 -156.1875 -71.5 3.552699504743145 14
0004 0015 4 1671182212631186 -68.3125 -62.5 0.36815538909255385 14
0004 0000 4 1671182212632419 -188.75 -72.0 0.11044661672776616 14
0004 0005 4 1671182212633695 26.0 -63.0 2.0800779483729293 14
0004 0014 4 1671182212635079 -6.5 -63.5 4.8351074434155406 14
0004 0001 4 1671182212636271 142.375 -68.5 1.7548740213411735 14
0004 0002 4 1671182212640790 -6.5 -73.5 5.080544369477243 14
0004 0009 5 1671182212666604 42.3125 -62.0 4.558990901596125 14
0004 0005 5 1671182212667543 -58.5625 -69.5 1.2087768608538851 14
0004 0015 5 1671182212670080 -35.75 -67.0 5.031456984264903 14
0004 0011 6 1671182212696421 83.0 -71.0 0.7547185476397354 14
0004 0015 6 1671182212697952 -45.5625 -67.0 4.3933209765044765 14
0004 0005 6 1671182212699127 -39.0 -66.0 5.632777453116074 14
0004 0001 7 1671182212726146 65.875 -69.0 2.435961491162398 14
0004 0006 7 1671182212728996 -3.25 -66.0 0.6135923151542565 14
0004 0015 7 1671182212730201 -100.875 -68.0 1.8653206380689396 14
0004 0014 7 1671182212733128 35.75 -72.0 6.252505691421874 14
0004 0002 8 1671182212757725 -107.375 -71.5 1.4419419406125027 14
0004 0004 8 1671182212759017 -123.6875 -70.5 1.564660403643354 14
0004 0014 8 1671182212759993 29.25 -65.0 1.2640001692177683 14
0004 0006 8 1671182212761183 -6.5 -70.5 1.0799224746714913 14
0004 0015 8 1671182212763341 -62.625 -70.0 2.478912953223196 14
0004 0015 1 1671182212975817 -3.25 -67.5 4.595806440505381 14
0004 0006 1 1671182212977235 13.0 -60.5 1.6382914814618648 14
0004 0004 1 1671182212978170 -6.5 -56.0 4.706253057233147 14
0004 0007 1 1671182212979391 -58.5625 -65.0 5.178719139901925 14
0004 0002 1 1671182212980400 -32.5 -70.0 0.7301748550335652 14
0004 0014 1 1671182212981860 -39.0 -65.5 5.338253141842031 14
0004 0008 1 1671182212982822 45.5625 -68.5 5.013049214810275 14
0004 0001 1 1671182212983743 -169.25 -70.5 1.5462526341887264 14
0004 0009 1 1671182212984677 -42.3125 -61.5 3.6140587362585705 14
0004 0012 1 1671182212987974 -13.0 -71.0 0.3988350048502667 14
0004 0011 1 1671182212989321 -29.25 -60.5 5.5284667595398505 14
0004 0009 2 1671182213016275 -55.3125 -67.0 5.927301764390117 14
0004 0004 2 1671182213018127 3.25 -63.5 1.2885438618239387 14
0004 0006 2 1671182213019079 -22.75 -57.5 4.767612288748572 14
0004 0014 2 1671182213020552 -78.0625 -67.5 5.853670686571607 14
0004 0010 2 1671182213023974 -74.8125 -67.5 4.565126824747668 14
0004 0001 2 1671182213024935 -13.0 -68.0 3.08636934522591 14
0004 0005 2 1671182213025902 52.0625 -68.5 2.2212041808584084 14
0004 0008 2 1671182213028548 6.5 -68.0 0.1595340019401067 14
0004 0002 2 1671182213029923 113.875 -70.0 0.4970097752749477 14
0004 0011 3 1671182213057211 -175.75 -68.0 5.902758071783947 14
0004 0015 3 1671182213058141 16.25 -58.5 4.295146206079795 14
0004 0004 3 1671182213059572 65.0625 -63.0 3.067961575771282 14
0004 0008 3 1671182213060493 -113.875 -68.0 5.4671075280244255 14
0004 0009 3 1671182213061919 -6.5 -54.5 0.607456392002714 14
0004 0005 3 1671182213062832 120.4375 -68.5 0.4356505437595221 14
0004 0007 3 1671182213069889 42.3125 -70.0 2.761165418194154 14
0004 0005 4 1671182213095914 13.0 -63.0 2.116893487282185 14
0004 0004 4 1671182213097627 -16.25 -70.5 5.651185222570702 14
0004 0015 4 1671182213101207 71.5625 -63.0 0.1902136176978195 14
0004 0007 4 1671182213102214 -42.3125 -72.5 3.3747577333484107 14
0004 0011 4 1671182213103160 -7.3125 -56.0 6.0991076126333095 14
0004 0014 4 1671182213104126 -55.3125 -63.0 4.896466674930966 14
0004 0001 4 1671182213106471 55.3125 -70.0 1.8162332528565992 14
0004 0000 4 1671182213111459 -74.8125 -72.5 6.056156150572511 14
0004 0009 5 1671182213135813 3.25 -62.5 4.577398671050753 14
0004 0015 5 1671182213136747 9.75 -66.5 4.92714629068868 14
0004 0005 5 1671182213138439 126.9375 -69.5 0.9940195505498954 14
0004 0015 6 1671182213166138 17.0625 -67.5 4.276738436625168 14
0004 0011 6 1671182213167042 17.0625 -71.0 0.6749515466696822 14
0004 0005 6 1671182213169014 32.5 -65.5 5.540738605842936 14
0004 0006 7 1671182213197671 113.875 -66.0 0.5829126993965437 14
0004 0001 7 1671182213198604 -131.8125 -70.0 3.0127382674073995 14
0004 0015 7 1671182213200020 52.0625 -68.5 1.5892040962495242 14
0004 0014 7 1671182213202265 42.3125 -72.0 0.1595340019401067 14
0004 0006 8 1671182213225871 107.375 -70.0 0.9019807032767571 14
0004 0015 8 1671182213227298 45.5625 -70.0 2.3071071049800045 14
0004 0002 8 1671182213229839 84.625 -72.0 1.0799224746714913 14
0004 0014 8 1671182213231144 42.3125 -64.5 1.2701360923693108 14
0004 0004 8 1671182213232347 9.75 -71.0 1.4051264017032472 14
0004 0012 1 1671182213446279 65.0625 -72.0 0.3313398501832985 14
0004 0009 1 1671182213447919 3.25 -61.0 3.5281558121369745 14
0004 0004 1 1671182213449694 -39.0 -56.0 4.8351074434155406 14
0004 0011 1 1671182213451131 -7.3125 -61.0 5.540738605842936 14
0004 0006 1 1671182213452364 6.5 -60.0 1.6505633277649499 14
0004 0007 1 1671182213453311 0.0 -65.0 4.945554060143307 14
0004 0014 1 1671182213454249 3.25 -65.5 5.258486140871978 14
0004 0008 1 1671182213455820 -13.0 -69.5 5.1725832167503825 14
0004 0002 1 1671182213457490 -48.8125 -72.0 0.7179030087304801 14
0004 0015 1 1671182213459303 -22.75 -69.0 4.6448938257177215 14
0004 0001 1 1671182213461327 55.3125 -70.5 1.1965050145508 14
0004 0014 2 1671182213499641 42.3125 -68.0 5.712544454086128 14
0004 0005 2 1671182213501243 185.5 -68.0 2.0800779483729293 14
0004 0006 2 1671182213502815 -61.8125 -57.5 4.847379289718626 14
0004 0010 2 1671182213503807 -48.8125 -68.0 4.552854978444583 14
0004 0004 2 1671182213504742 110.625 -64.0 1.214912784005428 14
0004 0002 2 1671182213506456 149.6875 -70.5 0.5583690067903734 14
0004 0008 2 1671182213511451 65.0625 -68.0 0.20248546400090464 14
0004 0009 2 1671182213512599 26.0 -69.0 5.755495916146925 14
0004 0001 2 1671182213517243 -125.3125 -70.5 3.172272269347506 14
0004 0007 2 1671182213522921 0.0 -71.5 0.9203884727313847 14
0004 0005 3 1671182213546875 149.6875 -69.5 0.28225246497095796 14
0004 0007 3 1671182213555219 296.1875 -69.5 2.5402721847386216 14
0004 0004 3 1671182213556763 94.375 -62.5 3.0372819600135696 14
0004 0009 3 1671182213558003 0.0 -54.5 0.5706408530934585 14
0004 0015 3 1671182213558955 22.75 -58.5 4.25833066717054 14
0004 0008 3 1671182213562223 -270.125 -68.5 5.902758071783947 14
0004 0011 3 1671182213563154 -121.25 -68.0 5.835262917116979 14
0004 0014 4 1671182213586323 -71.5625 -63.5 4.9394181369917645 14
0004 0011 4 1671182213587895 -21.125 -56.0 6.1420590746941075 14
0004 0015 4 1671182213589295 -32.5 -62.5 0.3436116964863836 14
0004 0007 4 1671182213590432 257.125 -72.0 2.8102528034064944 14
0004 0005 4 1671182213591390 0.0 -63.0 2.1230294104337273 14
0004 0000 4 1671182213592753 -120.4375 -73.5 6.031612457966341 14
0004 0001 4 1671182213594220 -10.5625 -69.5 1.8960002538266525 14
0004 0004 4 1671182213596670 -84.625 -71.0 5.706408530934585 14
0004 0002 4 1671182213597990 -162.75 -75.0 5.2339424482658075 14
0004 0009 5 1671182213626397 -42.3125 -62.5 4.608078286808466 14
0004 0015 5 1671182213629329 -26.0 -66.5 5.00077736850719 14
0004 0005 5 1671182213630607 26.0 -70.0 0.9940195505498954 14
0004 0005 6 1671182213657916 71.5625 -65.0 5.442563835418255 14
0004 0015 6 1671182213659004 22.75 -66.0 4.28287435977671 14
0004 0011 6 1671182213660826 45.5625 -72.0 0.6688156235181395 14
0004 0015 7 1671182213688541 130.1875 -68.0 1.5707963267948966 14
0004 0006 7 1671182213689492 97.625 -66.0 0.5767767762450011 14
0004 0001 7 1671182213690848 -32.5 -69.0 2.8654761117703775 14
0004 0014 7 1671182213693950 104.125 -71.0 6.086835766330224 14
0004 0015 8 1671182213716368 -35.75 -70.0 2.4175537217077703 14
0004 0006 8 1671182213717602 74.8125 -70.0 0.8344855486097889 14
0004 0002 8 1671182213718582 35.75 -73.0 1.1780972450961724 14
0004 0004 8 1671182213719771 48.8125 -70.0 1.3621749396424494 14
0004 0014 8 1671182213721684 32.5 -65.0 1.2885438618239387 14
0004 0001 1 1671182213935819 159.5 -71.0 1.0615147052168636 14
0004 0002 1 1671182213936784 -91.125 -71.5 0.8406214717613314 14
0004 0009 1 1671182213937688 -19.5 -61.5 3.6017868899554855 14
0004 0006 1 1671182213938836 -13.0 -59.5 1.736466251886546 14
0004 0008 1 1671182213939813 100.875 -70.0 4.970097752749477 14
0004 0014 1 1671182213940959 -22.75 -65.5 5.283029833478148 14
0004 0011 1 1671182213942241 0.0 -61.0 5.546874528994478 14
0004 0007 1 1671182213943508 68.3125 -65.0 5.006913291658733 14
0004 0004 1 1671182213945249 16.25 -55.5 4.871922982324796 14
0004 0015 1 1671182213947106 -114.6875 -70.0 4.792155981354743 14
0004 0012 1 1671182213948421 94.375 -72.0 0.32520392703175593 14
0004 0006 2 1671182213976660 3.25 -57.5 4.7860200582032 14
0004 0010 2 1671182213977610 -61.8125 -67.5 4.479223900626073 14
0004 0007 2 1671182213978518 22.75 -69.5 0.9081166264282996 14
0004 0005 2 1671182213980729 39.0 -68.0 2.2886993355253766 14
0004 0004 2 1671182213981704 -9.75 -64.0 1.5155730184310134 14
0004 0009 2 1671182213982614 -136.6875 -67.5 5.976389149602458 14
0004 0014 2 1671182213984910 179.0 -67.0 5.5100589900852235 14
0004 0008 2 1671182213987569 -84.625 -67.5 0.36815538909255385 14
0004 0004 3 1671182214026177 74.8125 -63.0 3.0802334220743677 14
0004 0008 3 1671182214027937 -126.9375 -67.5 5.6941366846315 14
0004 0015 3 1671182214029137 -3.25 -58.0 4.313553975534423 14
0004 0011 3 1671182214030056 -59.375 -67.5 6.007068765360171 14
0004 0009 3 1671182214031486 13.0 -55.0 0.5338253141842031 14
0004 0007 3 1671182214032439 166.0 -69.5 2.478912953223196 14
0004 0005 3 1671182214034026 -78.0625 -68.5 0.8222137023067037 14
0004 0011 4 1671182214056387 3.25 -56.0 6.111379458936394 14
0004 0000 4 1671182214057312 -214.8125 -72.5 6.2463697682703305 14
0004 0015 4 1671182214059485 139.9375 -62.5 0.09817477042468103 14
0004 0005 4 1671182214061568 9.75 -63.0 2.1905245651006955 14
0004 0007 4 1671182214063159 58.5625 -71.5 3.104777114680538 14
0004 0001 4 1671182214064529 -76.4375 -68.5 1.8714565612204823 14
0004 0004 4 1671182214065493 -61.8125 -71.5 5.64504929941916 14
0004 0014 4 1671182214066681 -52.0625 -64.0 4.884194828627882 14
0004 0015 5 1671182214108387 -87.875 -65.5 5.1725832167503825 14
0004 0009 5 1671182214109914 -29.25 -62.5 4.528311285838413 14
0004 0005 5 1671182214114493 -39.0 -69.5 1.0983302441261191 14
0004 0011 6 1671182214136344 3.25 -70.0 0.6381360077604268 14
0004 0015 6 1671182214138329 -29.25 -66.5 4.344233591292136 14
0004 0005 6 1671182214139562 -16.25 -65.0 5.50392306693368 14
0004 0015 7 1671182214166879 128.5625 -68.0 1.4787574795217582 14
0004 0006 7 1671182214167942 26.0 -65.0 0.8099418560036186 14
0004 0001 7 1671182214170238 -73.1875 -70.0 2.8961557275280905 14
0004 0014 7 1671182214171798 152.9375 -72.0 6.129787228391022 14
0004 0004 8 1671182214195840 -9.75 -70.0 1.3314953238847365 14
0004 0002 8 1671182214197020 68.3125 -73.0 0.8222137023067037 14
0004 0006 8 1671182214199276 32.5 -71.5 0.8958447801252144 14
0004 0014 8 1671182214200449 9.75 -65.0 1.3314953238847365 14
0004 0015 8 1671182214202122 -52.0625 -69.0 2.448233337465483 14
0004 0001 1 1671182214415880 55.3125 -73.0 1.0185632431560658 14
0004 0007 1 1671182214417080 13.0 -64.5 5.166447293598839 14
0004 0004 1 1671182214418509 -6.5 -55.0 4.921010367537137 14
0004 0015 1 1671182214421161 104.125 -69.5 4.479223900626073 14
0004 0011 1 1671182214422078 55.3125 -61.0 5.516194913236766 14
0004 0006 1 1671182214423013 19.5 -59.5 1.705786636128833 14
0004 0009 1 1671182214424174 -42.3125 -61.5 3.663146121470911 14
0004 0014 1 1671182214425110 -58.5625 -65.5 5.405748296509 14
0004 0012 1 1671182214427812 19.5 -72.0 0.3436116964863836 14
0004 0002 1 1671182214429312 -26.0 -73.0 0.8835729338221293 14
0004 0005 2 1671182214457478 -123.6875 -67.5 2.4850488763747385 14
0004 0006 2 1671182214458440 -35.75 -57.5 4.8351074434155406 14
0004 0007 2 1671182214459477 192.0 -70.0 0.8897088569736719 14
0004 0004 2 1671182214461840 -78.0625 -63.5 1.748738098189631 14
0004 0001 2 1671182214463518 24.375 -70.0 2.8409324191642074 14
0004 0014 2 1671182214465913 58.5625 -68.0 5.66959299202533 14
0004 0009 2 1671182214466849 39.0 -67.0 5.878214379177777 14
0004 0010 2 1671182214467942 -205.0625 -68.0 4.663301595172349 14
0004 0008 2 1671182214482855 120.4375 -68.5 0.21475731030398976 14
0004 0007 3 1671182214506662 3.25 -69.0 2.773437264497239 14
0004 0004 3 1671182214507970 117.125 -62.5 3.055689729468197 14
0004 0009 3 1671182214509411 -6.5 -55.0 0.6135923151542565 14
0004 0015 3 1671182214510843 26.0 -59.0 4.270602513473625 14
0004 0011 3 1671182214512779 -41.5 -67.0 6.037748381117884 14
0004 0008 3 1671182214516238 -97.625 -69.0 5.485515297479052 14
0004 0005 3 1671182214523467 22.75 -69.0 0.6749515466696822 14
0004 0015 4 1671182214556221 26.0 -63.0 0.23930100291016002 14
0004 0000 4 1671182214557439 -16.25 -74.5 5.773903685601553 14
0004 0004 4 1671182214558373 -6.5 -71.5 5.8659425328746915 14
0004 0011 4 1671182214559349 -7.3125 -55.5 5.7616318392984684 14
0004 0014 4 1671182214560300 -35.75 -63.5 4.902602598082509 14
0004 0001 4 1671182214561730 -34.9375 -68.5 1.9696313316451632 14
0004 0005 4 1671182214563090 35.75 -63.0 2.1966604882522383 14
0004 0007 4 1671182214564312 -198.5625 -71.5 3.3747577333484107 14
0004 0009 4 1671182214565871 -19.5 -67.5 3.3072625786814425 14
0004 0009 5 1671182214596929 3.25 -62.5 4.4976316700806995 14
0004 0015 5 1671182214598264 -211.5625 -65.5 5.338253141842031 14
0004 0001 5 1671182214603954 179.0 -71.5 1.4787574795217582 14
0004 0005 5 1671182214605515 55.3125 -69.5 0.9265243958829272 14
0004 0005 6 1671182214626536 6.5 -64.5 5.295301679781233 14
0004 0015 6 1671182214628860 0.0 -67.0 4.313553975534423 14
0004 0011 6 1671182214630250 83.0 -71.5 0.5338253141842031 14
0004 0006 7 1671182214656364 9.75 -65.5 0.7424467013366504 14
0004 0001 7 1671182214658422 114.6875 -70.0 2.5280003384355365 14
0004 0015 7 1671182214660020 -29.25 -68.0 1.8223691760081417 14
0004 0014 7 1671182214661567 84.625 -72.0 6.14819499784565 14
0004 0006 8 1671182214685838 -71.5625 -72.0 0.9694758579437253 14
0004 0002 8 1671182214686819 -48.8125 -74.0 1.0983302441261191 14
0004 0014 8 1671182214690036 -26.0 -65.0 1.3560390164909069 14
0004 0015 8 1671182214691068 -6.5 -69.5 2.405281875404685 14
0004 0004 8 1671182214692502 68.3125 -70.5 1.1106020904292042 14
0004 0009 1 1671182214906125 -13.0 -61.0 3.5833791205008576 14
0004 0011 1 1671182214909124 -41.5 -60.5 5.755495916146925 14
0004 0006 1 1671182214910312 -9.75 -59.0 1.7426021750380885 14
0004 0004 1 1671182214911784 -16.25 -54.5 4.994641445355648 14
0004 0014 1 1671182214912749 -94.375 -65.5 5.393476450205914 14
0004 0012 1 1671182214914079 -42.3125 -72.0 0.4540583132141498 14
0004 0015 1 1671182214915023 3.25 -68.0 4.589670517353839 14
0004 0007 1 1671182214915976 -58.5625 -64.5 5.393476450205914 14
0004 0002 1 1671182214922027 -61.8125 -72.5 0.859029241215959 14
0004 0009 2 1671182214945860 42.3125 -67.0 6.086835766330224 14
0004 0005 2 1671182214947322 -71.5625 -67.0 2.423689644859313 14
0004 0006 2 1671182214948979 19.5 -57.5 4.81056375080937 14
0004 0004 2 1671182214951396 6.5 -63.5 1.6751070203711202 14
0004 0014 2 1671182214952675 -52.0625 -68.0 5.9518454569962875 14
0004 0001 2 1671182214954104 -249.8125 -70.5 3.1784081924990484 14
0004 0007 2 1671182214958065 84.625 -68.0 1.1965050145508 14
0004 0008 2 1671182214960737 48.8125 -69.0 0.1595340019401067 14
0004 0010 2 1671182214961787 -94.375 -69.0 4.565126824747668 14
0004 0009 3 1671182214986232 -29.25 -55.0 0.6565437772150544 14
0004 0007 3 1671182214987666 -130.1875 -68.5 2.9759227284981438 14
0004 0008 3 1671182214988642 -94.375 -71.0 5.448699758569798 14
0004 0005 3 1671182214990091 -26.0 -69.0 0.8160777791551611 14
0004 0004 3 1671182214991082 19.5 -62.5 3.2029518851052186 14
0004 0015 3 1671182214992972 0.0 -58.5 4.344233591292136 14
0004 0011 3 1671182214993953 180.625 -67.5 5.841398840268521 14
0004 0014 4 1671182215015829 -32.5 -63.5 4.878058905476339 14
0004 0011 4 1671182215017069 10.5625 -56.0 6.111379458936394 14
0004 0005 4 1671182215018261 3.25 -62.0 2.2396119503130363 14
0004 0015 4 1671182215019478 29.25 -62.5 0.25157284921324513 14
0004 0001 4 1671182215020879 -10.5625 -68.5 1.7855536370988863 14
0004 0007 4 1671182215027099 133.4375 -71.5 2.9759227284981438 14
0004 0000 4 1671182215028005 78.0625 -73.0 5.632777453116074 14
0004 0004 4 1671182215029246 6.5 -71.5 5.755495916146925 14
0004 0015 5 1671182215056391 -6.5 -66.0 4.890330751779424 14
0004 0005 5 1671182215059063 87.875 -71.5 0.9694758579437253 14
0004 0009 5 1671182215060238 -35.75 -62.5 4.491495746929157 14
0004 0011 6 1671182215085782 73.1875 -70.5 0.7547185476397354 14
0004 0005 6 1671182215087002 26.0 -65.0 5.2339424482658075 14
0004 0015 6 1671182215088685 -22.75 -67.0 4.28287435977671 14
0004 0006 7 1671182215116348 35.75 -65.5 0.5951845456996288 14
0004 0015 7 1671182215117904 100.875 -68.0 1.576932249946439 14
0004 0001 7 1671182215118838 166.8125 -69.5 2.5832236467994196 14
0004 0014 7 1671182215124114 35.75 -70.0 6.178874613603362 14
0004 0014 8 1671182215146508 42.3125 -65.5 1.2640001692177683 14
0004 0015 8 1671182215148066 39.0 -69.5 2.3316507975861747 14
0004 0006 8 1671182215149045 136.6875 -71.0 0.8344855486097889 14
0004 0004 8 1671182215150986 58.5625 -70.5 1.1535535524900022 14
0004 0002 8 1671182215153173 113.875 -73.0 0.8099418560036186 14
0004 0007 1 1671182215366934 9.75 -64.5 5.209398755659637 14
0004 0014 1 1671182215367998 19.5 -65.5 5.197126909356553 14
0004 0001 1 1671182215369230 -152.9375 -71.0 1.4971652489763858 14
0004 0011 1 1671182215370163 27.625 -60.5 5.559146375297564 14
0004 0006 1 1671182215371082 -9.75 -59.0 1.761009944492716 14
0004 0009 1 1671182215372256 0.0 -61.5 3.5588354278946874 14
0004 0004 1 1671182215373194 -13.0 -55.0 4.914874444385594 14
0004 0015 1 1671182215374242 39.0 -69.0 4.589670517353839 14
0004 0008 1 1671182215376081 -48.8125 -70.5 5.148039524144211 14
0004 0002 1 1671182215379053 188.75 -72.5 0.6258641614573416 14
0004 0012 1 1671182215380680 -84.625 -71.0 0.4908738521234052 14
0004 0006 2 1671182215405911 35.75 -57.5 4.779884135051658 14
0004 0009 2 1671182215406832 -142.375 -67.0 6.22182607566416 14
0004 0014 2 1671182215407965 32.5 -67.0 5.71868037723767 14
0004 0005 2 1671182215409668 -113.875 -67.5 2.6998061866787286 14
0004 0004 2 1671182215412908 13.0 -63.5 1.4848934026733007 14
0004 0008 2 1671182215414746 16.25 -69.0 5.859806609723149 14
0004 0010 2 1671182215415841 -107.375 -67.0 4.565126824747668 14
0004 0007 2 1671182215416804 81.375 -69.5 1.1658253987930873 14
0004 0002 2 1671182215417769 16.25 -70.5 0.5829126993965437 14
0004 0011 3 1671182215446336 -87.875 -67.0 5.93343768754166 14
0004 0009 3 1671182215447522 9.75 -55.0 0.5951845456996288 14
0004 0004 3 1671182215455883 6.5 -62.5 3.2827188860752723 14
0004 0015 3 1671182215456860 26.0 -58.5 4.301282129231338 14
0004 0007 3 1671182215458080 68.3125 -69.0 2.736621725587984 14
0004 0005 3 1671182215459997 -152.9375 -68.0 0.8713010875190442 14
0004 0008 3 1671182215461214 -107.375 -69.0 5.583690067903734 14
0004 0004 4 1671182215485868 149.6875 -73.0 5.540738605842936 14
0004 0014 4 1671182215486829 9.75 -63.0 4.816699673960914 14
0004 0001 4 1671182215487992 -172.5 -68.0 2.36846633649543 14
0004 0005 4 1671182215488910 -6.5 -63.0 2.2396119503130363 14
0004 0015 4 1671182215489841 6.5 -63.0 0.2638446955163303 14
0004 0007 4 1671182215491277 -113.875 -73.0 3.472932503773092 14
0004 0011 4 1671182215492702 -3.25 -56.0 6.12365130523948 14
0004 0002 4 1671182215493925 104.125 -74.5 4.884194828627882 14
0004 0000 4 1671182215496209 247.375 -74.0 5.626641529964532 14
0004 0009 5 1671182215516850 6.5 -62.5 4.503767593232243 14
0004 0005 5 1671182215518438 -16.25 -70.5 0.8344855486097889 14
0004 0015 5 1671182215520025 -6.5 -65.0 4.957825906446392 14
0004 0005 6 1671182215548727 13.0 -64.5 5.289165756629691 14
0004 0015 6 1671182215550513 -48.8125 -67.0 4.362641360746763 14
0004 0006 7 1671182215576132 19.5 -67.0 0.4970097752749477 14
0004 0014 7 1671182215577919 55.3125 -71.5 0.04295146206079795 14
0004 0001 7 1671182215580607 -13.8125 -69.5 2.552544031041707 14
0004 0015 7 1671182215581542 149.6875 -68.0 1.4910293258248433 14
