0004 0015 1 1671182231456453 26.0 -68.5 4.651029748869264 14
0004 0007 1 1671182231457359 -16.25 -64.5 5.1725832167503825 14
0004 0001 1 1671182231458578 -121.25 -71.5 1.5585244804918115 14
0004 0006 1 1671182231459794 -19.5 -59.0 1.7548740213411735 14
0004 0004 1 1671182231460753 0.0 -56.5 4.73693267299086 14
0004 0008 1 1671182231462440 3.25 -68.5 5.289165756629691 14
0004 0009 1 1671182231463602 22.75 -61.0 3.429981041712294 14
0004 0011 1 1671182231464934 17.0625 -61.5 5.3198453723874035 14
0004 0014 1 1671182231465813 -126.9375 -65.5 5.405748296509 14
0004 0002 1 1671182231471463 -6.5 -68.5 1.1719613219446299 14
0004 0012 1 1671182231473067 13.0 -73.0 0.42337869745643697 14
0004 0009 2 1671182231496877 -48.8125 -67.0 5.442563835418255 14
0004 0005 2 1671182231497927 97.625 -68.5 2.2150682577068657 14
0004 0004 2 1671182231499398 -3.25 -64.0 1.2210487071569704 14
0004 0006 2 1671182231500858 9.75 -57.5 4.945554060143307 14
0004 0010 2 1671182231503577 -97.625 -67.0 4.454680208019902 14
0004 0002 2 1671182231504544 -133.4375 -70.0 1.0185632431560658 14
0004 0014 2 1671182231508770 -26.0 -68.0 5.890486225480862 14
0004 0008 2 1671182231512977 -97.625 -66.5 0.44178646691106466 14
0004 0007 2 1671182231515993 -130.1875 -71.0 1.012427320004523 14
0004 0001 2 1671182231522616 -27.625 -70.0 3.6324665057131984 14
0004 0009 3 1671182231546107 3.25 -55.0 0.6258641614573416 14
0004 0007 3 1671182231547090 -97.625 -69.5 2.6323110320117604 14
0004 0008 3 1671182231548253 -87.875 -66.5 5.859806609723149 14
0004 0015 3 1671182231551258 -29.25 -58.0 4.3503695144436785 14
0004 0005 3 1671182231552237 -19.5 -68.5 0.5645049299419159 14
0004 0004 3 1671182231553878 3.25 -62.5 3.3870295796514958 14
0004 0011 3 1671182231554856 45.5625 -67.0 5.6573211457222445 14
0004 0015 4 1671182231585841 -7.3125 -62.5 0.28225246497095796 14
0004 0001 4 1671182231587003 -30.875 -69.5 2.3316507975861747 14
0004 0000 4 1671182231589861 130.1875 -72.5 6.000932842208628 14
0004 0005 4 1671182231590796 58.5625 -63.5 2.1537090261914402 14
0004 0014 4 1671182231591717 -35.75 -64.0 4.871922982324796 14
0004 0011 4 1671182231592947 -17.0625 -56.5 6.037748381117884 14
0004 0002 4 1671182231594935 65.0625 -74.0 5.381204603902829 14
0004 0004 4 1671182231596777 -94.375 -72.5 6.056156150572511 14
0004 0005 5 1671182231627363 120.4375 -70.0 0.5767767762450011 14
0004 0009 5 1671182231628879 -16.25 -62.0 4.601942363656923 14
0004 0015 5 1671182231629813 26.0 -65.5 4.902602598082509 14
0004 0001 5 1671182231631413 -3.25 -70.5 1.705786636128833 14
0004 0015 6 1671182231655924 -45.5625 -66.5 4.405592822807561 14
0004 0005 6 1671182231658273 22.75 -65.5 5.332117218690489 14
0004 0006 7 1671182231687716 65.0625 -66.0 0.21475731030398976 14
0004 0015 7 1671182231689006 104.125 -68.0 1.6382914814618648 14
0004 0001 7 1671182231693335 180.625 -70.0 2.2150682577068657 14
0004 0014 7 1671182231695402 -113.875 -71.5 0.1902136176978195 14
0004 0015 8 1671182231715979 -26.0 -69.5 2.429825568010856 14
0004 0014 8 1671182231716871 113.875 -65.0 1.0737865515199487 14
0004 0006 8 1671182231718740 6.5 -69.5 1.1351457830353744 14
0004 0002 8 1671182231719710 218.0625 -72.5 0.8160777791551611 14
0004 0004 8 1671182231721129 130.1875 -71.0 0.7669903939428205 14
0004 0006 1 1671182231936064 -13.0 -59.5 1.7794177139473437 14
0004 0011 1 1671182231937027 -73.1875 -61.5 5.405748296509 14
0004 0007 1 1671182231938301 9.75 -65.0 5.227806525114265 14
0004 0002 1 1671182231940035 32.5 -70.0 1.1719613219446299 14
0004 0014 1 1671182231941477 35.75 -66.0 5.166447293598839 14
0004 0012 1 1671182231944021 48.8125 -70.5 0.32520392703175593 14
0004 0004 1 1671182231944982 -6.5 -56.0 4.773748211900116 14
0004 0001 1 1671182231946159 156.1875 -72.0 1.3314953238847365 14
0004 0009 1 1671182231947121 -32.5 -60.5 3.466796580621549 14
0004 0015 1 1671182231948436 -6.5 -69.5 4.614214209960009 14
0004 0008 1 1671182231950519 71.5625 -68.5 5.197126909356553 14
0004 0004 2 1671182231986501 -16.25 -63.5 1.282407938672396 14
0004 0009 2 1671182231988021 -139.9375 -67.5 5.546874528994478 14
0004 0006 2 1671182231989409 -22.75 -57.5 5.006913291658733 14
0004 0014 2 1671182231990851 68.3125 -68.0 5.6573211457222445 14
0004 0008 2 1671182231992206 13.0 -66.5 0.2454369260617026 14
0004 0005 2 1671182231994878 -13.0 -69.0 2.448233337465483 14
0004 0010 2 1671182231998773 -55.3125 -69.0 4.1601558967458585 14
0004 0007 2 1671182232008954 -45.5625 -71.0 1.184233168247715 14
0004 0002 2 1671182232009906 26.0 -68.0 0.8897088569736719 14
0004 0009 3 1671182232036090 -9.75 -55.0 0.6565437772150544 14
0004 0008 3 1671182232037850 -188.75 -66.0 5.945709533844745 14
0004 0015 3 1671182232039334 -35.75 -58.0 4.362641360746763 14
0004 0004 3 1671182232040549 13.0 -62.0 3.393165502803038 14
0004 0011 3 1671182232043317 -48.8125 -68.0 5.798447378207723 14
0004 0007 3 1671182232044322 9.75 -70.0 2.3746022596469727 14
0004 0005 3 1671182232047163 45.5625 -67.5 0.662679700366597 14
0004 0014 4 1671182232086348 -52.0625 -63.0 4.878058905476339 14
0004 0004 4 1671182232087356 139.9375 -71.5 5.915029918087033 14
0004 0015 4 1671182232088821 0.0 -63.0 0.28838838812250056 14
0004 0000 4 1671182232089974 -195.25 -73.0 0.28838838812250056 14
0004 0001 4 1671182232091120 52.0625 -69.5 2.116893487282185 14
0004 0011 4 1671182232092368 -3.25 -56.5 6.013204688511713 14
0004 0005 4 1671182232093532 6.5 -63.0 2.2027964114037806 14
0004 0002 4 1671182232096978 -26.0 -73.5 5.559146375297564 14
0004 0009 5 1671182232126386 -32.5 -62.0 4.4976316700806995 14
0004 0001 5 1671182232128201 -163.5625 -70.5 1.6873788666742053 14
0004 0015 5 1671182232129416 16.25 -67.0 5.00077736850719 14
0004 0005 5 1671182232132297 87.875 -71.0 0.6872233929727672 14
0004 0015 6 1671182232158955 9.75 -67.0 4.289010282928253 14
0004 0005 6 1671182232160513 0.0 -65.5 5.338253141842031 14
0004 0014 7 1671182232186309 -16.25 -71.0 0.07363107781851078 14
0004 0015 7 1671182232187542 -39.0 -67.5 1.8039614065535141 14
0004 0006 7 1671182232190056 -81.375 -65.5 0.4663301595172349 14
0004 0001 7 1671182232191642 -135.0625 -70.0 2.675262494072558 14
0004 0004 8 1671182232216473 91.125 -71.0 0.9142525495798421 14
0004 0014 8 1671182232218016 -13.0 -65.5 1.3069516312785663 14
0004 0006 8 1671182232219237 117.125 -69.0 0.9878836273983529 14
0004 0002 8 1671182232220458 -29.25 -72.5 1.0983302441261191 14
0004 0015 8 1671182232221915 26.0 -68.5 2.380738182798515 14
0004 0012 1 1671182232435910 71.5625 -71.5 0.1902136176978195 14
0004 0004 1 1671182232437167 3.25 -56.0 4.749204519293945 14
0004 0014 1 1671182232438102 -3.25 -66.5 5.295301679781233 14
0004 0007 1 1671182232439550 -61.8125 -64.5 5.283029833478148 14
0004 0006 1 1671182232440470 -26.0 -59.5 1.7794177139473437 14
0004 0009 1 1671182232441374 -22.75 -61.0 3.522019888985432 14
0004 0011 1 1671182232442562 -30.875 -61.5 5.387340527054372 14
0004 0001 1 1671182232445407 6.5 -70.5 1.41126232485479 14
0004 0015 1 1671182232447925 7.3125 -69.0 4.626486056263094 14
0004 0002 1 1671182232449062 6.5 -69.5 1.0676506283684062 14
0004 0008 1 1671182232450069 13.0 -68.0 5.313709449235861 14
0004 0009 2 1671182232475847 19.5 -66.5 5.381204603902829 14
0004 0004 2 1671182232476755 45.5625 -65.0 1.184233168247715 14
0004 0005 2 1671182232477931 -35.75 -68.5 2.4850488763747385 14
0004 0001 2 1671182232479361 -97.625 -69.0 3.454524734318464 14
0004 0014 2 1671182232480310 -39.0 -67.5 5.8475347634200645 14
0004 0006 2 1671182232482497 0.0 -57.5 4.95168998329485 14
0004 0008 2 1671182232483762 -58.5625 -68.0 0.35588354278946877 14
0004 0007 2 1671182232485336 -117.125 -69.0 1.2210487071569704 14
0004 0010 2 1671182232487817 74.8125 -68.5 4.123340357836604 14
0004 0002 2 1671182232492570 55.3125 -68.0 0.7792622402459057 14
0004 0011 3 1671182232516128 93.5625 -68.0 5.522330836388308 14
0004 0004 3 1671182232517515 42.3125 -63.0 3.3011266555298997 14
0004 0005 3 1671182232518721 97.625 -68.0 0.46019423636569234 14
0004 0008 3 1671182232519671 45.5625 -67.0 5.706408530934585 14
0004 0009 3 1671182232520602 3.25 -55.0 0.619728238305799 14
0004 0015 3 1671182232523986 26.0 -58.0 4.252194744018997 14
0004 0007 3 1671182232525082 328.75 -69.5 2.012582793705961 14
0004 0004 4 1671182232555875 -6.5 -71.5 6.013204688511713 14
0004 0011 4 1671182232556864 3.25 -56.5 5.994796919057086 14
0004 0015 4 1671182232557754 -3.25 -63.0 0.2945243112740431 14
0004 0005 4 1671182232558704 3.25 -63.0 2.2212041808584084 14
0004 0002 4 1671182232559898 74.8125 -74.0 5.553010452146021 14
0004 0014 4 1671182232561857 -13.0 -63.5 4.871922982324796 14
0004 0000 4 1671182232562793 68.3125 -72.0 6.22182607566416 14
0004 0001 4 1671182232565386 24.375 -69.0 2.086213871524472 14
0004 0009 5 1671182232606651 -29.25 -62.0 4.583534594202296 14
0004 0005 5 1671182232608258 107.375 -69.5 0.6013204688511713 14
0004 0001 5 1671182232610040 -59.375 -72.0 1.4051264017032472 14
0004 0015 5 1671182232611256 9.75 -65.5 4.9823695990525625 14
0004 0015 6 1671182232635902 84.625 -67.0 4.2092432819582 14
0004 0005 6 1671182232636881 26.0 -65.0 5.313709449235861 14
0004 0014 7 1671182232667485 -139.9375 -70.0 0.1595340019401067 14
0004 0001 7 1671182232668671 48.8125 -69.5 2.6323110320117604 14
0004 0015 7 1671182232669832 -45.5625 -69.0 1.7548740213411735 14
0004 0006 7 1671182232671051 32.5 -66.5 0.2086213871524472 14
0004 0014 8 1671182232696087 35.75 -65.5 1.2762720155208536 14
0004 0004 8 1671182232697264 48.8125 -70.5 0.8958447801252144 14
0004 0015 8 1671182232698199 -55.3125 -70.0 2.448233337465483 14
0004 0002 8 1671182232700139 13.0 -71.5 1.086058397823034 14
0004 0006 8 1671182232701839 48.8125 -69.5 1.1780972450961724 14
0004 0009 1 1671182232917546 -29.25 -61.0 3.5158839658338894 14
0004 0007 1 1671182232918917 6.5 -64.5 5.21553467881118 14
0004 0004 1 1671182232920092 -45.5625 -56.0 4.779884135051658 14
0004 0001 1 1671182232921036 -10.5625 -70.0 1.41126232485479 14
0004 0006 1 1671182232923421 -22.75 -59.5 1.7241944055834606 14
0004 0014 1 1671182232925968 -16.25 -66.0 5.295301679781233 14
0004 0008 1 1671182232926974 -68.3125 -67.5 5.405748296509 14
0004 0011 1 1671182232927922 -16.25 -61.5 5.387340527054372 14
0004 0015 1 1671182232930692 97.625 -68.5 4.430136515413731 14
0004 0002 1 1671182232932137 94.375 -69.5 0.8528933180644165 14
0004 0012 1 1671182232934341 -68.3125 -72.0 0.4908738521234052 14
0004 0009 2 1671182232955908 61.8125 -67.0 5.5714182216006485 14
0004 0002 2 1671182232957072 -39.0 -69.5 0.705631162427395 14
0004 0001 2 1671182232957976 -3.25 -70.0 3.3624858870453256 14
0004 0006 2 1671182232959125 -42.3125 -57.5 5.037592907416445 14
0004 0008 2 1671182232960782 84.625 -67.5 0.01227184630308513 14
0004 0014 2 1671182232962426 -139.9375 -67.5 6.086835766330224 14
0004 0004 2 1671182232963373 -16.25 -64.5 1.1903690913992575 14
0004 0005 2 1671182232970438 91.125 -69.0 2.448233337465483 14
0004 0010 2 1671182232971698 201.8125 -68.0 4.025165587411922 14
0004 0007 2 1671182232984919 -91.125 -71.0 0.9633399347921826 14
0004 0011 3 1671182233005850 117.9375 -68.0 5.50392306693368 14
0004 0008 3 1671182233008374 78.0625 -66.5 5.5284667595398505 14
0004 0005 3 1671182233009341 84.625 -67.5 0.5092816215780329 14
0004 0004 3 1671182233010531 65.0625 -62.5 3.2643111166206444 14
0004 0009 3 1671182233013370 -3.25 -55.0 0.6442719309119693 14
0004 0015 3 1671182233014601 -16.25 -58.5 4.3074180523828804 14
0004 0007 3 1671182233015963 39.0 -70.0 2.2641556429192065 14
0004 0014 4 1671182233037527 3.25 -63.5 4.804427827657828 14
0004 0005 4 1671182233038490 -9.75 -63.5 2.2396119503130363 14
0004 0011 4 1671182233039735 -10.5625 -56.5 6.019340611663256 14
0004 0004 4 1671182233040715 87.875 -72.0 5.970253226450915 14
0004 0015 4 1671182233042725 -16.25 -63.0 0.3313398501832985 14
0004 0000 4 1671182233044322 58.5625 -72.5 0.07976700097005335 14
0004 0001 4 1671182233049866 -79.75 -70.0 2.2948352586769194 14
0004 0002 4 1671182233052247 -9.75 -73.0 5.559146375297564 14
0004 0001 5 1671182233077364 -136.6875 -71.5 1.7426021750380885 14
0004 0015 5 1671182233079360 -16.25 -66.0 4.890330751779424 14
0004 0009 5 1671182233080311 -45.5625 -62.0 4.614214209960009 14
0004 0005 5 1671182233081248 29.25 -70.0 0.7731263170943632 14
0004 0015 6 1671182233106352 22.75 -67.0 4.276738436625168 14
0004 0005 6 1671182233107899 32.5 -66.0 5.313709449235861 14
0004 0001 7 1671182233138333 13.8125 -69.0 2.5464081078901644 14
0004 0006 7 1671182233139495 3.25 -66.5 0.3374757733348411 14
0004 0015 7 1671182233140414 19.5 -68.0 1.7303303287350031 14
0004 0015 8 1671182233166625 -19.5 -69.5 2.454369260617026 14
0004 0004 8 1671182233167917 52.0625 -70.0 0.944932165337555 14
0004 0014 8 1671182233169689 97.625 -65.5 1.1780972450961724 14
0004 0006 8 1671182233170637 3.25 -69.0 1.2210487071569704 14
0004 0002 8 1671182233172219 55.3125 -72.5 0.859029241215959 14
0004 0011 1 1671182233386387 38.1875 -61.5 5.301437602932776 14
0004 0007 1 1671182233388253 0.0 -64.5 5.221670601962723 14
0004 0004 1 1671182233389191 -13.0 -56.5 4.71238898038469 14
0004 0008 1 1671182233390200 91.125 -69.0 5.178719139901925 14
0004 0015 1 1671182233391119 -170.0625 -68.5 4.92714629068868 14
0004 0014 1 1671182233392291 -16.25 -65.5 5.283029833478148 14
0004 0006 1 1671182233393255 19.5 -59.5 1.6566992509164924 14
0004 0009 1 1671182233394612 3.25 -61.0 3.497476196379262 14
0004 0001 1 1671182233396721 139.125 -70.5 1.2578642460662257 14
0004 0002 1 1671182233397658 65.0625 -69.5 1.0492428589137786 14
0004 0012 1 1671182233399129 -9.75 -71.5 0.4172427743048944 14
0004 0002 2 1671182233426204 -6.5 -70.0 0.8774370106705868 14
0004 0009 2 1671182233427441 52.0625 -66.0 5.608233760509904 14
0004 0006 2 1671182233428370 0.0 -58.0 4.957825906446392 14
0004 0008 2 1671182233432703 -81.375 -68.0 0.23930100291016002 14
0004 0014 2 1671182233433866 130.1875 -68.0 5.767767762450011 14
0004 0004 2 1671182233438430 -6.5 -65.5 1.1106020904292042 14
0004 0005 2 1671182233439340 -152.9375 -68.0 2.718213956133356 14
0004 0010 2 1671182233443457 159.5 -68.0 4.04357335686655 14
0004 0001 2 1671182233448621 21.125 -70.0 3.448388811166921 14
0004 0007 2 1671182233450249 78.0625 -71.0 1.1290098598838318 14
0004 0015 3 1671182233476096 13.0 -58.0 4.3074180523828804 14
0004 0007 3 1671182233476989 22.75 -68.0 2.3071071049800045 14
0004 0011 3 1671182233477865 -59.375 -68.5 5.681864838328415 14
0004 0004 3 1671182233479022 6.5 -62.5 3.356349963893783 14
0004 0008 3 1671182233480454 -87.875 -66.0 5.816855147662351 14
0004 0009 3 1671182233481656 22.75 -55.0 0.662679700366597 14
0004 0005 3 1671182233482608 45.5625 -67.5 0.5092816215780329 14
0004 0014 4 1671182233505916 16.25 -64.0 4.7860200582032 14
0004 0015 4 1671182233506849 42.3125 -62.5 0.25770877236478773 14
0004 0011 4 1671182233508802 -13.8125 -56.5 6.050020227420969 14
0004 0001 4 1671182233511778 38.1875 -68.5 2.141437179888355 14
0004 0005 4 1671182233512742 29.25 -64.0 2.110757564130642 14
0004 0000 4 1671182233514457 78.0625 -73.0 6.160466844148735 14
0004 0002 4 1671182233517495 35.75 -73.0 5.5714182216006485 14
0004 0009 5 1671182233547165 -45.5625 -62.5 4.73693267299086 14
0004 0015 5 1671182233548909 -19.5 -66.0 5.00077736850719 14
0004 0005 5 1671182233552246 -29.25 -70.0 0.7731263170943632 14
0004 0001 5 1671182233553320 100.875 -72.0 1.533980787885641 14
0004 0015 6 1671182233577678 16.25 -67.0 4.246058820867455 14
0004 0005 6 1671182233579228 -107.375 -65.5 5.516194913236766 14
0004 0015 7 1671182233605807 -208.3125 -67.0 2.0923497946760143 14
0004 0014 7 1671182233608534 68.3125 -71.0 0.018407769454627694 14
0004 0006 7 1671182233609767 39.0 -65.5 0.2945243112740431 14
0004 0001 7 1671182233612262 -135.0625 -69.5 2.6323110320117604 14
0004 0015 8 1671182233638544 -81.375 -69.5 2.5280003384355365 14
0004 0004 8 1671182233639465 136.6875 -71.0 0.7240389318820226 14
0004 0014 8 1671182233640439 -6.5 -65.0 1.3069516312785663 14
0004 0002 8 1671182233641493 182.25 -73.0 0.9265243958829272 14
0004 0006 8 1671182233643239 87.875 -69.0 1.1351457830353744 14
0004 0009 1 1671182233855868 -3.25 -61.0 3.54042765844006 14
0004 0012 1 1671182233856818 -32.5 -71.0 0.4111068511533518 14
0004 0001 1 1671182233857977 9.75 -70.5 1.3437671701878218 14
0004 0014 1 1671182233858884 -19.5 -65.5 5.240078371417351 14
0004 0004 1 1671182233860102 19.5 -56.5 4.693981210930062 14
0004 0002 1 1671182233861517 -87.875 -69.0 1.0983302441261191 14
0004 0011 1 1671182233863213 -27.625 -61.5 5.387340527054372 14
0004 0008 1 1671182233864161 32.5 -67.5 5.240078371417351 14
0004 0015 1 1671182233866571 -84.625 -68.0 4.773748211900116 14
0004 0006 1 1671182233867534 13.0 -59.5 1.6873788666742053 14
0004 0007 1 1671182233869095 -68.3125 -64.0 5.2339424482658075 14
0004 0004 2 1671182233896218 48.8125 -65.0 1.1167380135807468 14
0004 0014 2 1671182233897662 13.0 -67.5 5.915029918087033 14
0004 0006 2 1671182233898809 9.75 -58.0 4.9394181369917645 14
0004 0001 2 1671182233900044 52.0625 -69.5 3.2459033471660166 14
0004 0009 2 1671182233900962 -22.75 -66.5 5.5284667595398505 14
0004 0005 2 1671182233903161 123.6875 -67.5 2.3439226438892597 14
0004 0008 2 1671182233904479 117.125 -67.5 0.14112623248547898 14
0004 0010 2 1671182233911443 188.75 -68.0 3.877903431774901 14
0004 0002 2 1671182233914584 -35.75 -69.5 0.9203884727313847 14
0004 0007 2 1671182233917656 -52.0625 -70.5 1.1228739367322893 14
0004 0004 3 1671182233947947 -29.25 -62.5 3.485204350076177 14
0004 0009 3 1671182233949066 29.25 -55.0 0.619728238305799 14
0004 0015 3 1671182233950240 -32.5 -58.0 4.3503695144436785 14
0004 0005 3 1671182233951192 107.375 -67.5 0.3620194659410113 14
0004 0008 3 1671182233954751 -87.875 -66.0 5.749359992995383 14
0004 0011 3 1671182233955783 -45.5625 -68.0 5.620505606812989 14
0004 0007 3 1671182233956719 29.25 -70.0 2.4605051837685683 14
0004 0004 4 1671182233985840 -45.5625 -72.0 6.14819499784565 14
0004 0015 4 1671182233987538 16.25 -63.0 0.28225246497095796 14
0004 0000 4 1671182233990271 -22.75 -72.5 0.09203884727313846 14
0004 0005 4 1671182233992357 42.3125 -63.5 2.141437179888355 14
0004 0011 4 1671182233993316 -7.3125 -56.5 6.031612457966341 14
0004 0002 4 1671182233994640 29.25 -74.5 5.595961914206819 14
0004 0001 4 1671182233995981 48.8125 -70.0 2.1537090261914402 14
0004 0014 4 1671182233997931 -22.75 -63.0 4.81056375080937 14
0004 0001 5 1671182234027204 253.875 -70.5 1.2885438618239387 14
0004 0009 5 1671182234028376 -3.25 -62.5 4.6448938257177215 14
0004 0015 5 1671182234029594 68.3125 -66.5 4.963961829597935 14
0004 0005 5 1671182234032543 -117.125 -69.5 0.8406214717613314 14
0004 0005 6 1671182234056396 -6.5 -65.0 5.325981295538946 14
0004 0015 6 1671182234059610 -26.0 -66.5 4.387185053352934 14
0004 0015 7 1671182234086389 185.5 -68.5 1.4173982480063325 14
0004 0001 7 1671182234090254 -145.625 -70.5 2.650718801466388 14
0004 0006 7 1671182234092912 55.3125 -67.0 0.23930100291016002 14
0004 0014 7 1671182234101358 -32.5 -71.5 0.0674951546669682 14
0004 0006 8 1671182234127854 39.0 -69.5 1.1228739367322893 14
0004 0014 8 1671182234132065 87.875 -65.0 1.1719613219446299 14
0004 0004 8 1671182234133014 55.3125 -70.5 0.8651651643675016 14
0004 0015 8 1671182234134089 -32.5 -69.5 2.5034566458293663 14
0004 0002 8 1671182234135169 39.0 -72.5 1.0185632431560658 14
0004 0008 1 1671182234347079 94.375 -68.5 5.209398755659637 14
0004 0001 1 1671182234348053 -13.8125 -70.5 1.5401167110371838 14
0004 0012 1 1671182234349299 45.5625 -71.0 0.380427235395639 14
0004 0002 1 1671182234350294 58.5625 -70.0 1.1167380135807468 14
0004 0014 1 1671182234351986 -32.5 -66.5 5.295301679781233 14
0004 0015 1 1671182234353443 -55.3125 -69.5 4.743068596142402 14
0004 0007 1 1671182234354719 22.75 -64.0 5.246214294568893 14
0004 0011 1 1671182234357948 -45.5625 -61.5 5.424156065963627 14
0004 0006 1 1671182234358883 -13.0 -59.0 1.7548740213411735 14
0004 0004 1 1671182234360364 -9.75 -56.0 4.76147636559703 14
0004 0009 1 1671182234361641 -16.25 -60.5 3.436116964863836 14
0004 0004 2 1671182234385994 52.0625 -64.0 1.1474176293384597 14
0004 0009 2 1671182234387455 -130.1875 -67.0 5.6941366846315 14
0004 0014 2 1671182234388402 -9.75 -67.5 5.853670686571607 14
0004 0006 2 1671182234390616 45.5625 -57.5 4.847379289718626 14
0004 0005 2 1671182234393220 16.25 -67.5 2.4605051837685683 14
0004 0008 2 1671182234394802 -19.5 -67.0 0.3436116964863836 14
0004 0002 2 1671182234395766 -9.75 -69.0 0.8897088569736719 14
0004 0001 2 1671182234402760 -288.0625 -72.0 3.8717675086233583 14
0004 0010 2 1671182234404852 52.0625 -67.5 4.154019973594316 14
0004 0007 2 1671182234417269 -113.875 -70.5 1.3560390164909069 14
0004 0004 3 1671182234435872 74.8125 -62.5 3.2827188860752723 14
0004 0011 3 1671182234437314 117.9375 -68.5 5.50392306693368 14
0004 0015 3 1671182234438527 -16.25 -58.0 4.301282129231338 14
0004 0007 3 1671182234439465 52.0625 -69.5 2.350058567040802 14
0004 0008 3 1671182234440611 -39.0 -66.5 5.706408530934585 14
0004 0005 3 1671182234441549 -250.625 -69.0 0.7976700097005334 14
0004 0009 3 1671182234442790 0.0 -55.0 0.6381360077604268 14
0004 0004 4 1671182234466111 0.0 -72.0 6.007068765360171 14
0004 0015 4 1671182234474956 13.0 -63.0 0.2699806186678728 14
0004 0011 4 1671182234476794 -34.9375 -57.0 5.651185222570702 14
0004 0005 4 1671182234477700 58.5625 -63.0 2.1353012567368124 14
0004 0014 4 1671182234478678 -55.3125 -64.0 4.878058905476339 14
0004 0002 4 1671182234482613 -58.5625 -72.5 5.620505606812989 14
0004 0001 4 1671182234483545 59.375 -70.0 2.1659808724945253 14
0004 0000 4 1671182234484851 149.6875 -72.0 6.000932842208628 14
0004 0015 5 1671182234516879 3.25 -66.0 4.908738521234052 14
0004 0005 5 1671182234517903 -136.6875 -70.0 0.8651651643675016 14
0004 0009 5 1671182234518808 -65.0625 -61.5 4.528311285838413 14
0004 0001 5 1671182234520476 100.875 -70.0 1.423534171157875 14
0004 0015 6 1671182234546610 -74.8125 -66.5 4.479223900626073 14
0004 0005 6 1671182234550906 -13.0 -65.5 5.325981295538946 14
0004 0001 7 1671182234577270 142.375 -69.5 2.098485717827557 14
0004 0015 7 1671182234578712 -71.5625 -68.5 1.9144080232812801 14
0004 0006 7 1671182234580398 13.0 -66.5 0.3190680038802134 14
0004 0014 7 1671182234582343 113.875 -71.5 6.007068765360171 14
0004 0014 8 1671182234607721 -91.125 -65.0 1.4726215563702154 14
0004 0015 8 1671182234610215 -52.0625 -69.0 2.466641106920111 14
0004 0004 8 1671182234611518 39.0 -71.5 0.7179030087304801 14
0004 0006 8 1671182234613076 48.8125 -70.0 1.043106935762236 14
0004 0002 8 1671182234614057 35.75 -72.5 1.086058397823034 14
0004 0001 1 1671182234825993 59.375 -71.0 1.4848934026733007 14
0004 0004 1 1671182234826897 -39.0 -56.0 4.798291904506286 14
0004 0007 1 1671182234827805 -32.5 -64.5 5.252350217720435 14
0004 0008 1 1671182234828964 -68.3125 -68.5 5.3627968344482015 14
0004 0002 1 1671182234829958 32.5 -69.0 1.0615147052168636 14
0004 0006 1 1671182234831135 22.75 -59.0 1.6812429435226628 14
0004 0012 1 1671182234832324 13.0 -71.5 0.4663301595172349 14
0004 0014 1 1671182234833530 55.3125 -66.0 5.221670601962723 14
0004 0015 1 1671182234834745 65.875 -69.5 4.528311285838413 14
0004 0011 1 1671182234835692 59.375 -61.0 5.258486140871978 14
0004 0009 1 1671182234836669 -29.25 -60.5 3.5158839658338894 14
0004 0014 2 1671182234868962 19.5 -68.0 5.982525072754001 14
0004 0004 2 1671182234870138 -61.8125 -64.0 1.2885438618239387 14
0004 0008 2 1671182234872434 110.625 -66.5 6.2463697682703305 14
0004 0006 2 1671182234874276 -6.5 -58.0 4.970097752749477 14
0004 0009 2 1671182234876943 -149.6875 -67.0 5.792311455056181 14
0004 0001 2 1671182234878126 90.3125 -69.5 3.2397674240144743 14
0004 0010 2 1671182234881014 81.375 -68.0 4.031301510563465 14
0004 0005 2 1671182234881965 -136.6875 -68.0 2.448233337465483 14
0004 0002 2 1671182234883552 45.5625 -69.5 0.7179030087304801 14
0004 0007 2 1671182234884885 52.0625 -71.0 1.1351457830353744 14
0004 0004 3 1671182234916852 0.0 -62.5 3.3870295796514958 14
0004 0008 3 1671182234918368 0.0 -66.0 5.798447378207723 14
0004 0015 3 1671182234919247 16.25 -58.0 4.295146206079795 14
0004 0009 3 1671182234920491 -6.5 -55.0 0.6381360077604268 14
0004 0011 3 1671182234921397 -194.4375 -67.5 6.025476534814799 14
0004 0005 3 1671182234922995 16.25 -68.5 0.5767767762450011 14
0004 0007 3 1671182234923948 68.3125 -69.0 2.3071071049800045 14
0004 0001 4 1671182234955797 59.375 -69.5 2.086213871524472 14
0004 0002 4 1671182234956764 -149.6875 -74.0 5.780039608753096 14
0004 0011 4 1671182234959590 30.875 -56.5 5.964117303299373 14
0004 0015 4 1671182234961311 -26.0 -63.0 0.3313398501832985 14
0004 0005 4 1671182234963624 32.5 -63.5 2.184388641949153 14
0004 0014 4 1671182234965425 -16.25 -63.5 4.804427827657828 14
0004 0004 4 1671182234966361 -58.5625 -71.5 6.111379458936394 14
0004 0000 4 1671182234967339 149.6875 -72.5 6.0991076126333095 14
0004 0005 5 1671182234996154 42.3125 -69.5 0.48473792897186263 14
0004 0009 5 1671182234997571 -19.5 -62.0 4.528311285838413 14
0004 0015 5 1671182234998508 39.0 -66.0 4.890330751779424 14
0004 0001 5 1671182235002618 -13.8125 -70.5 1.521708941582556 14
0004 0015 6 1671182235028210 74.8125 -67.0 4.227651051412827 14
0004 0005 6 1671182235030587 -3.25 -65.5 5.307573526084319 14
0004 0006 7 1671182235055861 78.0625 -67.0 0.21475731030398976 14
0004 0001 7 1671182235059278 135.0625 -69.0 2.110757564130642 14
0004 0015 7 1671182235060438 -120.4375 -68.0 2.0064468705544187 14
0004 0014 7 1671182235062862 42.3125 -70.5 6.1420590746941075 14
0004 0014 8 1671182235087424 71.5625 -65.5 1.1780972450961724 14
0004 0015 8 1671182235088345 -58.5625 -69.5 2.552544031041707 14
0004 0004 8 1671182235089323 97.625 -71.5 0.8528933180644165 14
0004 0002 8 1671182235090488 58.5625 -71.5 0.9387962421860124 14
0004 0006 8 1671182235092902 -55.3125 -69.5 1.3192234775816514 14
0004 0002 1 1671182235305801 26.0 -70.0 1.030835089459151 14
0004 0007 1 1671182235306751 19.5 -64.5 5.190990986205009 14
0004 0014 1 1671182235308450 -39.0 -66.0 5.197126909356553 14
0004 0011 1 1671182235309862 21.125 -61.5 5.307573526084319 14
0004 0009 1 1671182235311065 -9.75 -60.5 3.5158839658338894 14
0004 0004 1 1671182235311971 -22.75 -56.0 4.755340442445488 14
0004 0006 1 1671182235313160 3.25 -59.0 1.7119225592803755 14
0004 0015 1 1671182235316753 -19.5 -69.5 4.693981210930062 14
0004 0008 1 1671182235317915 32.5 -67.5 5.240078371417351 14
0004 0001 1 1671182235318834 65.875 -70.0 1.4419419406125027 14
0004 0012 1 1671182235320279 107.375 -72.5 0.2086213871524472 14
0004 0010 2 1671182235356946 84.625 -67.5 4.104932588381976 14
0004 0002 2 1671182235358029 -78.0625 -70.0 0.8651651643675016 14
0004 0006 2 1671182235359017 9.75 -57.5 4.97623367590102 14
0004 0008 2 1671182235360677 -39.0 -67.5 0.3374757733348411 14
0004 0014 2 1671182235362574 -55.3125 -67.5 6.025476534814799 14
0004 0004 2 1671182235363847 84.625 -64.0 1.0737865515199487 14
0004 0009 2 1671182235364924 22.75 -66.5 5.4671075280244255 14
0004 0005 2 1671182235365905 162.75 -68.0 2.1782527187976104 14
0004 0001 2 1671182235374707 -149.6875 -70.0 3.749049045592507 14
0004 0007 3 1671182235395954 97.625 -69.5 2.12916533358527 14
0004 0009 3 1671182235397141 6.5 -55.0 0.6381360077604268 14
0004 0015 3 1671182235398557 26.0 -58.5 4.252194744018997 14
0004 0004 3 1671182235400456 -107.375 -62.0 3.5465635815916023 14
0004 0011 3 1671182235404235 27.625 -67.5 5.64504929941916 14
0004 0005 3 1671182235405170 -6.5 -68.5 0.6504078540635119 14
0004 0008 3 1671182235406867 -39.0 -65.5 5.71868037723767 14
0004 0014 4 1671182235445900 19.5 -63.5 4.816699673960914 14
0004 0005 4 1671182235446852 32.5 -63.5 2.184388641949153 14
0004 0011 4 1671182235450138 -24.375 -56.5 6.037748381117884 14
0004 0015 4 1671182235451483 9.75 -63.0 0.28838838812250056 14
0004 0004 4 1671182235455656 -39.0 -71.0 6.135923151542564 14
0004 0002 4 1671182235456906 -192.0 -73.0 5.767767762450011 14
0004 0000 4 1671182235458384 -52.0625 -72.5 6.240233845118788 14
0004 0001 4 1671182235459640 27.625 -69.5 2.086213871524472 14
0004 0015 5 1671182235486856 -114.6875 -66.0 5.0682725231741586 14
0004 0005 5 1671182235487933 68.3125 -69.0 0.5031456984264903 14
0004 0009 5 1671182235488897 -68.3125 -62.5 4.675573441475434 14
0004 0001 5 1671182235490821 -93.5625 -69.5 1.6382914814618648 14
0004 0015 6 1671182235518845 19.5 -66.5 4.3074180523828804 14
0004 0005 6 1671182235520436 71.5625 -66.0 5.289165756629691 14
0004 0006 7 1671182235546167 9.75 -66.5 0.28225246497095796 14
0004 0001 7 1671182235547583 35.75 -69.0 2.478912953223196 14
0004 0014 7 1671182235548517 32.5 -71.5 6.092971689481767 14
0004 0015 7 1671182235552387 52.0625 -68.0 1.662835174068035 14
0004 0002 8 1671182235575968 19.5 -72.0 1.1106020904292042 14
0004 0004 8 1671182235577640 87.875 -72.0 0.8344855486097889 14
0004 0006 8 1671182235579682 32.5 -70.0 1.1044661672776617 14
0004 0015 8 1671182235580599 3.25 -69.0 2.3746022596469727 14
0004 0014 8 1671182235581818 13.0 -66.0 1.2701360923693108 14
0004 0011 1 1671182235796146 -9.75 -61.0 5.375068680751287 14
0004 0009 1 1671182235797947 -6.5 -61.5 3.5465635815916023 14
0004 0001 1 1671182235798897 76.4375 -70.5 1.4051264017032472 14
0004 0002 1 1671182235800073 32.5 -69.5 1.0737865515199487 14
0004 0006 1 1671182235801005 -3.25 -59.5 1.736466251886546 14
0004 0012 1 1671182235802255 244.125 -72.0 6.227961998815704 14
0004 0004 1 1671182235803204 -52.0625 -56.5 4.804427827657828 14
0004 0007 1 1671182235804254 -65.0625 -64.5 5.3198453723874035 14
0004 0014 1 1671182235805459 32.5 -66.0 5.221670601962723 14
0004 0008 1 1671182235806421 -71.5625 -67.5 5.418020142812084 14
0004 0015 1 1671182235807498 52.0625 -69.0 4.558990901596125 14
0004 0014 2 1671182235835869 -55.3125 -67.5 5.93343768754166 14
0004 0006 2 1671182235837893 -32.5 -58.0 5.006913291658733 14
0004 0002 2 1671182235840937 78.0625 -69.5 0.6933593161243098 14
0004 0010 2 1671182235841916 45.5625 -67.5 4.2092432819582 14
0004 0009 2 1671182235842866 -133.4375 -67.0 5.829126993965437 14
0004 0004 2 1671182235844559 19.5 -64.0 1.0799224746714913 14
0004 0008 2 1671182235846785 -35.75 -67.5 0.2638446955163303 14
0004 0005 2 1671182235848616 -58.5625 -68.0 2.552544031041707 14
0004 0007 2 1671182235857334 9.75 -70.5 1.030835089459151 14
0004 0001 2 1671182235862149 -143.1875 -69.5 3.5711072741977725 14
0004 0015 3 1671182235895874 9.75 -58.0 4.295146206079795 14
0004 0008 3 1671182235897985 -6.5 -66.0 5.706408530934585 14
0004 0007 3 1671182235899178 48.8125 -71.0 2.2212041808584084 14
0004 0004 3 1671182235900380 13.0 -62.5 3.356349963893783 14
0004 0009 3 1671182235901330 26.0 -55.0 0.6504078540635119 14
0004 0011 3 1671182235905951 17.0625 -68.0 5.553010452146021 14
0004 0005 3 1671182235907849 81.375 -67.5 0.4479223900626072 14
0004 0015 4 1671182235935843 -3.25 -63.0 0.3129320807286708 14
0004 0001 4 1671182235936822 -59.375 -69.5 2.2948352586769194 14
0004 0014 4 1671182235939676 0.0 -63.5 4.816699673960914 14
0004 0004 4 1671182235940903 22.75 -72.0 5.939573610693203 14
0004 0002 4 1671182235942097 -107.375 -74.0 5.810719224510809 14
0004 0011 4 1671182235943476 0.0 -56.5 6.013204688511713 14
0004 0000 4 1671182235944671 -42.3125 -72.0 6.191146459906448 14
0004 0005 4 1671182235946270 9.75 -63.0 2.184388641949153 14
0004 0015 5 1671182235976303 -32.5 -66.0 4.970097752749477 14
0004 0009 5 1671182235978401 -58.5625 -62.5 4.663301595172349 14
0004 0005 5 1671182235979353 -39.0 -70.0 0.7792622402459057 14
0004 0001 5 1671182235982738 24.375 -71.5 1.3867186322486196 14
0004 0015 6 1671182236008840 -29.25 -67.5 4.356505437595221 14
0004 0005 6 1671182236009817 13.0 -65.5 5.332117218690489 14
0004 0015 7 1671182236035869 -19.5 -68.0 1.9205439464328227 14
0004 0006 7 1671182236037571 39.0 -67.0 0.3129320807286708 14
0004 0014 7 1671182236039850 -6.5 -71.5 6.270913460876501 14
0004 0001 7 1671182236041185 170.0625 -68.5 2.086213871524472 14
0004 0002 8 1671182236065792 45.5625 -72.0 1.0492428589137786 14
0004 0006 8 1671182236068033 -42.3125 -69.0 1.1903690913992575 14
0004 0015 8 1671182236068994 22.75 -69.5 2.350058567040802 14
0004 0004 8 1671182236069986 39.0 -71.0 0.8713010875190442 14
0004 0014 8 1671182236071700 39.0 -65.5 1.2578642460662257 14
0004 0002 1 1671182236285834 91.125 -69.5 1.0185632431560658 14
0004 0015 1 1671182236287233 9.75 -68.5 4.669437518323892 14
0004 0009 1 1671182236288365 6.5 -61.0 3.5036121195308043 14
0004 0012 1 1671182236289345 -107.375 -71.0 0.5522330836388308 14
0004 0006 1 1671182236290563 -13.0 -59.5 1.7548740213411735 14
0004 0004 1 1671182236291793 -9.75 -56.5 4.73693267299086 14
0004 0005 1 1671182236292761 -58.5625 -74.0 4.3933209765044765 14
0004 0001 1 1671182236293691 -3.25 -71.0 1.5707963267948966 14
0004 0011 1 1671182236296025 -34.9375 -61.5 5.424156065963627 14
0004 0007 1 1671182236296947 -42.3125 -64.5 5.289165756629691 14
0004 0014 1 1671182236298140 -55.3125 -66.0 5.246214294568893 14
0004 0008 1 1671182236299920 -26.0 -67.5 5.3627968344482015 14
0004 0010 2 1671182236325876 42.3125 -67.5 4.239922897715912 14
0004 0002 2 1671182236326843 87.875 -69.0 0.7853981633974483 14
0004 0009 2 1671182236328543 9.75 -66.0 5.712544454086128 14
0004 0006 2 1671182236329919 -35.75 -57.5 5.031456984264903 14
0004 0004 2 1671182236331320 -42.3125 -65.0 1.1535535524900022 14
0004 0014 2 1671182236332510 -91.125 -67.5 5.878214379177777 14
0004 0008 2 1671182236334084 68.3125 -66.5 0.15339807878856412 14
0004 0005 2 1671182236335320 -136.6875 -68.5 2.442097414313941 14
0004 0001 2 1671182236337611 -197.6875 -71.0 3.847223816017188 14
0004 0007 2 1671182236341487 -117.125 -70.5 1.1780972450961724 14
0004 0007 3 1671182236367224 29.25 -70.0 2.411417798556228 14
0004 0015 3 1671182236375161 -29.25 -58.0 4.368777283898306 14
0004 0009 3 1671182236376362 -26.0 -55.0 0.7301748550335652 14
0004 0004 3 1671182236379148 -16.25 -63.0 3.3624858870453256 14
0004 0008 3 1671182236381016 -68.3125 -66.0 5.792311455056181 14
0004 0011 3 1671182236383187 -142.375 -67.5 5.724816300389213 14
0004 0005 3 1671182236384079 -71.5625 -67.5 0.6504078540635119 14
0004 0002 3 1671182236385879 58.5625 -72.5 5.473243451175968 14
0004 0005 4 1671182236406394 35.75 -63.5 2.184388641949153 14
0004 0000 4 1671182236407557 61.8125 -72.5 6.240233845118788 14
0004 0014 4 1671182236410518 -84.625 -64.0 4.92714629068868 14
0004 0015 4 1671182236411494 -26.0 -63.0 0.3313398501832985 14
0004 0011 4 1671182236412450 0.0 -56.5 6.025476534814799 14
0004 0004 4 1671182236413421 -253.875 -71.0 0.19634954084936207 14
0004 0002 4 1671182236415816 -192.0 -72.5 5.884350302329319 14
0004 0001 4 1671182236416774 -3.25 -69.5 2.184388641949153 14
0004 0005 5 1671182236435859 16.25 -70.5 0.7424467013366504 14
0004 0009 5 1671182236438582 -91.125 -62.5 4.718524903536232 14
0004 0015 5 1671182236439840 3.25 -66.0 4.95168998329485 14
0004 0001 5 1671182236443051 135.0625 -71.0 1.423534171157875 14
