0004 0005 1 1671183806717568 -45.5625 -68.0 4.97623367590102 15
0004 0011 1 1671183806719678 -97.625 -69.5 2.2027964114037806 15
0004 0007 1 1671183806722073 42.3125 -70.0 2.9206994201342606 15
0004 0007 2 1671183806746583 -198.5625 -69.5 2.988194574801229 15
0004 0011 2 1671183806747516 201.8125 -67.5 2.1230294104337273 15
0004 0009 2 1671183806748477 78.0625 -66.5 0.8958447801252144 15
0004 0014 2 1671183806751538 270.125 -68.5 1.4358060174609601 15
0004 0004 3 1671183806786130 179.0 -66.5 1.718058482431918 15
0004 0014 3 1671183806789026 126.9375 -67.5 5.602097837358362 15
0004 0015 3 1671183806789901 58.5625 -66.5 2.098485717827557 15
0004 0010 3 1671183806790839 -221.3125 -68.5 0.1043106935762236 15
0004 0010 4 1671183806815833 61.8125 -69.5 0.5767767762450011 15
0004 0004 4 1671183806817456 0.0 -63.0 5.540738605842936 15
0004 0014 4 1671183806818647 22.75 -62.0 0.5829126993965437 15
0004 0015 4 1671183806819667 -55.3125 -62.0 3.3195344249845276 15
0004 0009 4 1671183806820629 16.25 -65.0 0.7976700097005334 15
0004 0002 4 1671183806824636 48.8125 -69.5 6.178874613603362 15
0004 0009 5 1671183806845802 16.25 -57.5 2.0800779483729293 15
0004 0011 5 1671183806847233 -55.3125 -66.5 5.45483568172134 15
0004 0004 5 1671183806848194 9.75 -63.5 0.9572040116406401 15
0004 0007 5 1671183806849416 94.375 -70.5 0.2454369260617026 15
0004 0010 5 1671183806851088 -104.125 -68.0 4.626486056263094 15
0004 0002 5 1671183806853869 52.0625 -70.0 0.6749515466696822 15
0004 0005 5 1671183806856057 374.3125 -72.0 2.2457478734645786 15
0004 0010 6 1671183806875899 104.125 -66.0 1.1290098598838318 15
0004 0002 6 1671183806876879 110.625 -72.0 6.086835766330224 15
0004 0014 6 1671183806879360 97.625 -70.0 6.19728238305799 15
0004 0015 6 1671183806880817 45.5625 -69.5 6.068427996875596 15
0004 0004 6 1671183806881737 -45.5625 -63.5 3.1231848841351653 15
0004 0007 6 1671183806882674 -16.25 -68.5 5.957981380147831 15
0004 0011 6 1671183806883935 52.0625 -62.5 0.8713010875190442 15
0004 0005 6 1671183806885424 -91.125 -71.5 4.23378697456437 15
0004 0006 6 1671183806886362 -104.125 -72.0 4.362641360746763 15
0004 0010 7 1671183806905913 39.0 -64.0 1.533980787885641 15
0004 0011 7 1671183806907965 -38.1875 -60.5 5.5100589900852235 15
0004 0007 7 1671183806908916 52.0625 -63.5 1.227184630308513 15
0004 0009 7 1671183806910102 13.0 -54.5 5.418020142812084 15
0004 0015 7 1671183806911050 22.75 -66.5 6.037748381117884 15
0004 0000 7 1671183806912258 -211.5625 -72.0 2.442097414313941 15
0004 0014 7 1671183806913204 35.75 -64.0 1.6812429435226628 15
0004 0008 7 1671183806914578 91.125 -68.0 5.559146375297564 15
0004 0004 7 1671183806915471 32.5 -68.0 0.25770877236478773 15
0004 0005 7 1671183806916376 9.75 -65.0 0.34974761963792617 15
0004 0009 8 1671183806947279 3.25 -61.5 4.190835512503572 15
0004 0004 8 1671183806948255 3.25 -61.0 5.8475347634200645 15
0004 0015 8 1671183806949144 -3.25 -60.5 5.332117218690489 15
0004 0011 8 1671183806950583 -3.25 -54.5 0.0859029241215959 15
0004 0001 8 1671183806952192 30.875 -70.0 2.2150682577068657 15
0004 0007 8 1671183806953142 87.875 -72.5 0.6135923151542565 15
0004 0005 8 1671183806954106 117.125 -65.5 1.1596894756415448 15
0004 0010 8 1671183806962889 -94.375 -74.5 0.8344855486097889 15
0004 0005 1 1671183807190408 -146.4375 -68.0 5.227806525114265 15
0004 0007 1 1671183807191982 -55.3125 -70.0 2.9268353432858034 15
0004 0002 1 1671183807192978 -139.9375 -73.0 4.215379205109742 15
0004 0011 2 1671183807215860 205.0625 -69.0 1.9205439464328227 15
0004 0009 2 1671183807216793 -94.375 -68.0 1.0737865515199487 15
0004 0014 2 1671183807218934 123.6875 -69.0 1.7978254834019713 15
0004 0010 2 1671183807222662 214.8125 -72.0 6.013204688511713 15
0004 0007 2 1671183807225405 179.0 -70.0 2.6875343403756435 15
0004 0004 3 1671183807257810 -3.25 -64.5 1.9573594853420782 15
0004 0010 3 1671183807259364 250.625 -68.0 5.589825991055276 15
0004 0015 3 1671183807260777 39.0 -66.5 2.2150682577068657 15
0004 0014 3 1671183807262113 -247.375 -68.0 6.086835766330224 15
0004 0004 4 1671183807287303 39.0 -63.5 5.47937937432751 15
0004 0010 4 1671183807288734 61.8125 -69.5 0.8467573949128739 15
0004 0015 4 1671183807289709 -35.75 -62.0 3.313398501832985 15
0004 0014 4 1671183807291606 16.25 -62.0 0.6258641614573416 15
0004 0002 4 1671183807292783 -68.3125 -70.5 6.277049384028044 15
0004 0009 4 1671183807296566 52.0625 -65.5 0.5951845456996288 15
0004 0006 4 1671183807298607 19.5 -76.0 3.6570101983193686 15
0004 0007 5 1671183807325862 -126.9375 -70.5 0.6381360077604268 15
0004 0011 5 1671183807328675 -121.25 -66.0 5.436427912266712 15
0004 0009 5 1671183807330248 42.3125 -57.5 1.9573594853420782 15
0004 0002 5 1671183807331213 61.8125 -69.0 0.6810874698212247 15
0004 0005 5 1671183807333652 -175.75 -71.5 2.834796496012665 15
0004 0004 5 1671183807334999 68.3125 -63.5 0.8958447801252144 15
0004 0010 5 1671183807335961 -42.3125 -68.0 4.503767593232243 15
0004 0010 6 1671183807356586 3.25 -67.0 1.239456476611598 15
0004 0004 6 1671183807358189 3.25 -63.5 3.117048960983623 15
0004 0007 6 1671183807359084 -68.3125 -68.5 6.074563920027139 15
0004 0002 6 1671183807360036 -42.3125 -74.0 0.12885438618239387 15
0004 0014 6 1671183807361015 -130.1875 -71.0 0.07976700097005335 15
0004 0011 6 1671183807361976 22.75 -62.5 0.9326603190344698 15
0004 0005 6 1671183807365370 -32.5 -72.0 4.086524818927348 15
0004 0015 6 1671183807366304 48.8125 -70.0 6.056156150572511 15
0004 0014 7 1671183807396158 48.8125 -64.5 1.7241944055834606 15
0004 0007 7 1671183807397335 -45.5625 -63.5 1.3130875544301088 15
0004 0011 7 1671183807399458 17.0625 -60.0 5.436427912266712 15
0004 0009 7 1671183807400379 -45.5625 -55.0 5.424156065963627 15
0004 0005 7 1671183807401582 -6.5 -65.5 0.5092816215780329 15
0004 0010 7 1671183807402502 13.0 -63.5 1.6689710972195777 15
0004 0015 7 1671183807403421 -81.375 -65.5 6.17273869045182 15
0004 0008 7 1671183807404341 -42.3125 -69.5 6.000932842208628 15
0004 0004 7 1671183807405306 39.0 -67.5 0.19634954084936207 15
0004 0011 8 1671183807447218 -13.8125 -54.5 0.1043106935762236 15
0004 0015 8 1671183807448137 -35.75 -60.0 5.399612373357457 15
0004 0001 8 1671183807449142 100.875 -71.0 2.411417798556228 15
0004 0004 8 1671183807450331 16.25 -61.0 5.939573610693203 15
0004 0005 8 1671183807451296 42.3125 -65.0 1.1965050145508 15
0004 0009 8 1671183807452245 -35.75 -62.0 4.252194744018997 15
0004 0010 8 1671183807453776 224.5625 -75.5 0.3190680038802134 15
0004 0005 1 1671183807676962 -19.5 -66.5 4.700117134081604 15
0004 0007 1 1671183807678879 -48.8125 -69.5 2.6384469551633027 15
0004 0001 1 1671183807687792 61.8125 -75.5 5.982525072754001 15
0004 0007 2 1671183807716078 283.1875 -67.5 1.533980787885641 15
0004 0009 2 1671183807720385 -35.75 -68.5 5.915029918087033 15
0004 0014 2 1671183807721987 -87.875 -70.0 1.8775924843720249 15
0004 0004 3 1671183807746868 -55.3125 -68.5 0.4356505437595221 15
0004 0014 3 1671183807748213 84.625 -67.5 5.681864838328415 15
0004 0015 3 1671183807750458 45.5625 -65.5 2.061670178918302 15
0004 0010 3 1671183807751898 0.0 -70.0 0.11658253987930872 15
0004 0015 4 1671183807776081 -42.3125 -62.0 3.3870295796514958 15
0004 0004 4 1671183807778134 -32.5 -68.5 4.847379289718626 15
0004 0010 4 1671183807779125 26.0 -68.0 0.9878836273983529 15
0004 0014 4 1671183807780341 3.25 -62.0 0.6258641614573416 15
0004 0002 4 1671183807781760 3.25 -68.0 3.706097583531709 15
0004 0011 5 1671183807806343 -83.0 -69.0 5.491651220630596 15
0004 0002 5 1671183807807338 48.8125 -68.0 1.8223691760081417 15
0004 0009 5 1671183807808513 -42.3125 -63.5 1.0615147052168636 15
0004 0008 5 1671183807809475 29.25 -61.0 3.5833791205008576 15
0004 0004 5 1671183807810878 94.375 -66.0 5.8475347634200645 15
0004 0007 5 1671183807815509 65.0625 -69.0 0.8406214717613314 15
0004 0010 5 1671183807818508 13.0 -70.5 3.859495662320273 15
0004 0005 5 1671183807823888 185.5 -71.0 3.3011266555298997 15
0004 0004 6 1671183807846846 32.5 -61.5 3.067961575771282 15
0004 0014 6 1671183807848161 16.25 -72.0 6.031612457966341 15
0004 0015 6 1671183807849664 22.75 -70.0 5.540738605842936 15
0004 0011 6 1671183807851826 59.375 -67.0 1.3069516312785663 15
0004 0005 6 1671183807852789 -84.625 -71.0 4.571262747899211 15
0004 0006 6 1671183807854367 -208.3125 -74.0 5.031456984264903 15
0004 0015 7 1671183807875930 -13.8125 -65.5 0.2761165418194154 15
0004 0011 7 1671183807877086 -7.3125 -57.5 5.4671075280244255 15
0004 0002 7 1671183807878084 -130.1875 -67.0 1.325359400733194 15
0004 0004 7 1671183807879784 45.5625 -65.0 1.086058397823034 15
0004 0012 7 1671183807880717 19.5 -70.5 2.730485802436441 15
0004 0007 7 1671183807881669 48.8125 -65.0 1.6137477888556946 15
0004 0010 7 1671183807882671 -3.25 -65.5 2.141437179888355 15
0004 0003 7 1671183807883640 -81.375 -67.5 5.681864838328415 15
0004 0009 7 1671183807884586 -6.5 -59.0 4.4976316700806995 15
0004 0008 7 1671183807886087 3.25 -57.0 5.037592907416445 15
0004 0000 7 1671183807888781 104.125 -68.5 3.393165502803038 15
0004 0014 7 1671183807890151 55.3125 -65.5 1.5033011721279284 15
0004 0005 7 1671183807893008 55.3125 -65.0 1.086058397823034 15
0004 0004 8 1671183807927279 19.5 -64.0 2.055534255766759 15
0004 0008 8 1671183807928258 -32.5 -64.0 3.184544115650591 15
0004 0005 8 1671183807929236 48.8125 -69.0 1.2640001692177683 15
0004 0009 8 1671183807930962 -104.125 -72.0 3.834951969714103 15
0004 0007 8 1671183807931956 -16.25 -70.0 2.3930100291016 15
0004 0000 8 1671183807933529 -39.0 -70.5 0.9633399347921826 15
0004 0014 8 1671183807934719 -35.75 -71.0 6.080699843178682 15
0004 0011 8 1671183807936724 0.0 -57.0 0.6258641614573416 15
0004 0015 8 1671183807938797 -13.0 -60.5 5.240078371417351 15
0004 0012 8 1671183807940758 -231.0625 -75.5 1.239456476611598 15
0004 0001 1 1671183808155817 24.375 -71.0 0.662679700366597 15
0004 0004 1 1671183808157250 -61.8125 -68.0 2.736621725587984 15
0004 0005 1 1671183808158190 113.875 -71.5 2.8532042654672924 15
0004 0006 1 1671183808159155 -58.5625 -69.0 4.2031073588066565 15
0004 0011 1 1671183808160086 79.75 -68.5 0.5399612373357456 15
0004 0008 1 1671183808161785 3.25 -65.0 2.030990563160589 15
0004 0007 1 1671183808163460 58.5625 -62.0 1.7119225592803755 15
0004 0007 2 1671183808187476 13.0 -59.0 1.0737865515199487 15
0004 0008 2 1671183808188411 13.0 -65.0 1.6566992509164924 15
0004 0007 3 1671183808216829 -68.3125 -64.5 1.1780972450961724 15
0004 0015 3 1671183808218131 13.0 -65.0 2.141437179888355 15
0004 0014 3 1671183808219692 -91.125 -67.5 5.822991070813893 15
0004 0006 4 1671183808245895 -13.0 -57.0 3.7429131224409646 15
0004 0010 4 1671183808246816 87.875 -66.5 5.45483568172134 15
0004 0015 4 1671183808248515 -35.75 -62.0 3.153864499892878 15
0004 0014 4 1671183808252997 58.5625 -62.5 6.209554229361076 15
0004 0008 4 1671183808254288 29.25 -69.5 3.1906800388021335 15
0004 0015 5 1671183808276620 -26.0 -70.5 1.761009944492716 15
0004 0008 5 1671183808278349 -65.0625 -59.5 5.786175531904639 15
0004 0010 5 1671183808279267 -3.25 -67.5 1.9941750242513334 15
0004 0002 5 1671183808281657 -55.3125 -68.5 0.4970097752749477 15
0004 0007 5 1671183808282861 -159.5 -70.0 5.957981380147831 15
0004 0006 5 1671183808284166 -52.0625 -64.5 4.356505437595221 15
0004 0015 6 1671183808316313 32.5 -67.0 0.6320000846088841 15
0004 0001 6 1671183808318140 87.0625 -68.0 2.9391071895888885 15
0004 0006 6 1671183808319119 120.4375 -72.0 5.829126993965437 15
0004 0007 6 1671183808320012 -16.25 -69.0 3.2520392703175593 15
0004 0004 6 1671183808322428 35.75 -61.5 1.0185632431560658 15
0004 0008 6 1671183808323374 -9.75 -58.5 5.221670601962723 15
0004 0014 6 1671183808325818 149.6875 -71.0 0.05522330836388308 15
0004 0003 7 1671183808356160 -52.0625 -69.5 2.3193789512830896 15
0004 0001 7 1671183808357992 163.5625 -70.5 4.767612288748572 15
0004 0005 7 1671183808358930 -172.5 -68.5 2.6568547246179306 15
0004 0006 7 1671183808359882 -104.125 -70.5 1.1351457830353744 15
0004 0004 7 1671183808360829 -39.0 -61.5 4.651029748869264 15
0004 0009 7 1671183808361806 71.5625 -68.0 0.18407769454627693 15
0004 0015 7 1671183808362753 16.25 -67.5 0.8528933180644165 15
0004 0007 7 1671183808364847 35.75 -61.5 1.1106020904292042 15
0004 0002 7 1671183808366180 185.5 -72.0 4.522175362686871 15
0004 0014 7 1671183808367170 74.8125 -65.5 1.8100973297050567 15
0004 0008 7 1671183808368883 -13.0 -59.5 1.533980787885641 15
0004 0008 8 1671183808395829 -6.5 -59.5 2.1782527187976104 15
0004 0007 8 1671183808397234 -16.25 -65.0 2.890019804376548 15
0004 0005 8 1671183808398698 -29.25 -71.5 1.8100973297050567 15
0004 0001 8 1671183808400378 29.25 -72.5 2.3439226438892597 15
0004 0015 8 1671183808401565 16.25 -62.5 4.9394181369917645 15
0004 0003 8 1671183808402518 13.0 -69.0 2.227340104009951 15
0004 0005 1 1671183808626607 214.8125 -72.0 0.9326603190344698 15
0004 0007 2 1671183808650053 0.0 -70.0 2.859340188618835 15
0004 0015 3 1671183808676306 61.8125 -65.0 1.8100973297050567 15
0004 0004 3 1671183808678101 48.8125 -62.0 1.7119225592803755 15
0004 0014 3 1671183808679634 -55.3125 -68.5 5.270757987175063 15
0004 0004 4 1671183808706799 55.3125 -65.5 2.435961491162398 15
0004 0014 4 1671183808708401 -87.875 -64.5 6.013204688511713 15
0004 0015 4 1671183808709315 0.0 -63.5 3.3318062712876126 15
0004 0007 4 1671183808711817 55.3125 -71.5 2.1353012567368124 15
0004 0004 5 1671183808748321 84.625 -66.0 1.0737865515199487 15
0004 0003 6 1671183808776101 -71.5625 -70.5 6.277049384028044 15
0004 0015 6 1671183808778647 -3.25 -66.5 0.9019807032767571 15
0004 0014 6 1671183808781492 -6.5 -68.0 0.607456392002714 15
0004 0014 7 1671183808815860 -68.3125 -64.0 2.086213871524472 15
0004 0001 7 1671183808817045 -45.5625 -67.0 5.681864838328415 15
0004 0007 7 1671183808818011 107.375 -69.0 3.3440781175906977 15
0004 0003 7 1671183808821258 29.25 -67.5 6.1850105367549055 15
0004 0005 7 1671183808822437 52.0625 -68.5 5.988660995905543 15
0004 0015 7 1671183808824955 -87.875 -70.5 1.4603497100671303 15
0004 0005 8 1671183808845860 39.0 -67.0 4.933282213840222 15
0004 0015 8 1671183808847035 29.25 -65.5 4.657165672020807 15
0004 0001 8 1671183808848960 104.125 -75.5 2.227340104009951 15
0004 0004 8 1671183808852155 -26.0 -67.5 3.4054373491061236 15
0004 0007 8 1671183808853093 -65.0625 -69.0 0.030679615757712823 15
0004 0007 2 1671183809087417 -130.1875 -67.5 1.2455923997631406 15
0004 0004 3 1671183809116385 58.5625 -61.5 1.141281706186917 15
0004 0015 3 1671183809118651 22.75 -66.0 2.018718716857504 15
0004 0014 3 1671183809120513 -224.5625 -69.0 5.589825991055276 15
0004 0015 4 1671183809146876 32.5 -63.5 3.4054373491061236 15
0004 0004 4 1671183809148691 26.0 -64.0 2.0064468705544187 15
0004 0014 4 1671183809149724 -22.75 -64.0 5.902758071783947 15
0004 0007 4 1671183809151171 6.5 -72.5 2.3439226438892597 15
0004 0004 5 1671183809181419 159.5 -68.0 0.3988350048502667 15
0004 0003 6 1671183809208906 -61.8125 -71.5 0.030679615757712823 15
0004 0014 6 1671183809210451 -81.375 -67.0 0.6688156235181395 15
0004 0015 6 1671183809211382 -32.5 -68.0 1.000155473701438 15
0004 0000 6 1671183809213590 58.5625 -74.5 2.748893571891069 15
0004 0014 7 1671183809238059 26.0 -63.5 2.043262409463674 15
0004 0003 7 1671183809239351 3.25 -66.5 6.1420590746941075 15
0004 0001 7 1671183809240314 -156.1875 -67.5 5.632777453116074 15
0004 0015 7 1671183809242587 -152.9375 -69.0 1.4971652489763858 15
0004 0005 7 1671183809243860 3.25 -68.0 5.651185222570702 15
0004 0007 7 1671183809245421 -3.25 -69.0 3.6140587362585705 15
0004 0015 8 1671183809267576 -35.75 -65.5 4.804427827657828 15
0004 0005 8 1671183809268557 -58.5625 -66.5 4.614214209960009 15
0004 0004 8 1671183809271122 -29.25 -67.5 3.429981041712294 15
0004 0007 8 1671183809272059 -87.875 -70.0 5.258486140871978 15
0004 0001 8 1671183809279005 22.75 -74.0 2.0800779483729293 15
0004 0007 2 1671183809517559 -32.5 -67.5 0.8283496254582462 15
0004 0004 3 1671183809547228 84.625 -63.0 0.8406214717613314 15
0004 0015 3 1671183809548459 100.875 -65.5 1.9512235621905356 15
0004 0014 3 1671183809549922 -149.6875 -69.0 5.405748296509 15
0004 0015 4 1671183809576783 -3.25 -63.5 3.485204350076177 15
0004 0014 4 1671183809578343 3.25 -64.5 5.915029918087033 15
0004 0004 4 1671183809579308 22.75 -65.0 1.662835174068035 15
0004 0004 5 1671183809607889 117.125 -68.5 0.14112623248547898 15
0004 0003 6 1671183809638155 35.75 -71.5 6.062292073724054 15
0004 0014 6 1671183809639328 6.5 -67.5 0.5460971604872883 15
0004 0015 6 1671183809640814 27.625 -67.5 0.8897088569736719 15
0004 0000 6 1671183809643235 52.0625 -75.5 2.5034566458293663 15
0004 0014 7 1671183809665794 61.8125 -63.5 1.9512235621905356 15
0004 0001 7 1671183809669557 -65.875 -69.0 5.602097837358362 15
0004 0003 7 1671183809671106 -84.625 -68.5 6.252505691421874 15
0004 0005 7 1671183809676322 -179.0 -68.5 6.000932842208628 15
0004 0015 7 1671183809678739 -35.75 -71.5 1.2333205534600555 15
0004 0007 7 1671183809679691 97.625 -70.0 3.4913402732277192 15
0004 0004 8 1671183809706321 9.75 -68.5 3.6386024288647407 15
0004 0005 8 1671183809707827 -81.375 -67.0 4.583534594202296 15
0004 0015 8 1671183809709041 -6.5 -65.5 4.871922982324796 15
0004 0007 8 1671183809710810 -113.875 -70.0 4.945554060143307 15
0004 0001 8 1671183809713273 -135.0625 -75.0 2.1598449493429825 15
0004 0007 2 1671183809967470 -110.625 -66.5 0.9940195505498954 15
0004 0004 3 1671183809996036 -42.3125 -63.5 1.0062913968529805 15
0004 0015 3 1671183809997467 48.8125 -66.0 2.055534255766759 15
0004 0014 3 1671183809999510 -198.5625 -69.0 5.620505606812989 15
0004 0007 4 1671183810026556 22.75 -72.5 2.067806102069844 15
0004 0015 4 1671183810028115 -45.5625 -63.5 3.497476196379262 15
0004 0014 4 1671183810029276 -13.0 -64.5 5.957981380147831 15
0004 0004 4 1671183810030636 16.25 -64.5 1.7241944055834606 15
0004 0004 5 1671183810058808 6.5 -69.5 0.37429131224409645 15
0004 0015 6 1671183810086238 -16.25 -68.5 0.8897088569736719 15
0004 0003 6 1671183810087702 -133.4375 -71.0 6.240233845118788 15
0004 0004 6 1671183810088636 -61.8125 -71.0 4.503767593232243 15
0004 0014 6 1671183810089809 6.5 -66.5 0.662679700366597 15
0004 0003 7 1671183810125871 13.0 -70.5 5.945709533844745 15
0004 0005 7 1671183810127048 -45.5625 -67.0 5.93343768754166 15
0004 0014 7 1671183810128960 42.3125 -63.0 1.8960002538266525 15
0004 0007 7 1671183810130974 29.25 -70.5 3.5465635815916023 15
0004 0001 7 1671183810133028 55.3125 -68.0 5.553010452146021 15
0004 0015 7 1671183810135239 -65.0625 -72.0 1.214912784005428 15
0004 0004 8 1671183810156640 -19.5 -68.5 3.8717675086233583 15
0004 0007 8 1671183810158260 -74.8125 -70.5 4.9394181369917645 15
0004 0015 8 1671183810162871 29.25 -66.0 4.878058905476339 15
0004 0005 8 1671183810163750 -29.25 -67.0 4.479223900626073 15
0004 0001 8 1671183810164827 121.25 -75.0 2.1537090261914402 15
0004 0007 2 1671183810396684 0.0 -67.0 0.7669903939428205 15
0004 0015 3 1671183810426607 -91.125 -66.0 2.2396119503130363 15
0004 0014 3 1671183810428652 -117.125 -70.5 5.264622064023521 15
0004 0004 3 1671183810429700 13.0 -63.0 1.0062913968529805 15
0004 0004 4 1671183810455877 26.0 -65.0 1.9389517158874505 15
0004 0014 4 1671183810456798 -48.8125 -64.0 5.957981380147831 15
0004 0015 4 1671183810461265 -26.0 -63.5 3.423845118560751 15
0004 0007 4 1671183810462545 58.5625 -71.5 1.9819031779482483 15
0004 0004 5 1671183810497450 -16.25 -68.5 0.5399612373357456 15
0004 0004 6 1671183810532791 -52.0625 -71.0 4.466952054322987 15
0004 0015 6 1671183810534589 97.625 -68.5 0.6442719309119693 15
0004 0014 6 1671183810535906 55.3125 -66.5 0.5583690067903734 15
0004 0003 6 1671183810537989 61.8125 -72.0 5.970253226450915 15
0004 0014 7 1671183810565832 -65.0625 -63.0 2.086213871524472 15
0004 0007 7 1671183810567891 -143.1875 -70.0 3.9760782021995817 15
0004 0005 7 1671183810569125 -126.9375 -68.5 6.050020227420969 15
0004 0003 7 1671183810570105 -91.125 -69.0 0.0 15
0004 0001 7 1671183810571758 -3.25 -68.5 5.681864838328415 15
0004 0015 8 1671183810597502 -52.0625 -67.0 5.092816215780329 15
0004 0005 8 1671183810598439 58.5625 -67.0 4.374913207049849 15
0004 0007 8 1671183810600327 -244.125 -69.5 5.227806525114265 15
0004 0004 8 1671183810601630 -32.5 -69.0 3.9515345095934116 15
0004 0001 8 1671183810603205 -45.5625 -73.0 2.073942025221387 15
0004 0007 2 1671183810837198 65.0625 -67.5 0.8283496254582462 15
0004 0014 3 1671183810867179 -166.0 -69.5 5.2339424482658075 15
0004 0004 3 1671183810868354 16.25 -63.5 1.0185632431560658 15
0004 0015 3 1671183810870057 110.625 -65.5 2.012582793705961 15
0004 0004 4 1671183810897429 32.5 -65.0 1.9573594853420782 15
0004 0014 4 1671183810898334 -26.0 -65.0 5.890486225480862 15
0004 0015 4 1671183810899547 3.25 -63.5 3.399301425954581 15
0004 0007 4 1671183810900938 22.75 -73.0 2.2580197197676637 15
0004 0004 5 1671183810929187 -55.3125 -70.0 0.5460971604872883 15
0004 0003 6 1671183810956843 -19.5 -71.0 6.264777537724958 15
0004 0014 6 1671183810957876 6.5 -66.0 0.6994952392758523 15
0004 0004 6 1671183810959666 -84.625 -70.5 4.767612288748572 15
0004 0015 6 1671183810961082 187.125 -68.5 0.6872233929727672 15
0004 0005 7 1671183810987003 87.875 -68.0 5.755495916146925 15
0004 0001 7 1671183810988319 -87.0625 -69.0 5.822991070813893 15
0004 0014 7 1671183810990849 3.25 -64.0 2.073942025221387 15
0004 0003 7 1671183810992213 -58.5625 -69.5 6.227961998815704 15
0004 0007 7 1671183810994063 78.0625 -70.0 3.552699504743145 15
0004 0015 7 1671183810995009 -159.5 -71.5 1.3989904785517047 15
0004 0001 8 1671183811015979 145.625 -74.0 1.9205439464328227 15
0004 0007 8 1671183811017670 -52.0625 -70.5 4.9394181369917645 15
0004 0005 8 1671183811019698 39.0 -67.5 4.368777283898306 15
0004 0004 8 1671183811020660 3.25 -68.5 3.9392626632903265 15
0004 0015 8 1671183811021581 -45.5625 -67.0 5.049864753719531 15
0004 0007 2 1671183811277151 -9.75 -66.5 0.8897088569736719 15
0004 0015 2 1671183811278116 97.625 -70.5 2.6261751088602177 15
0004 0004 3 1671183811306335 -16.25 -63.0 1.0369710126106935 15
0004 0015 3 1671183811308137 81.375 -66.5 1.9819031779482483 15
0004 0014 3 1671183811317020 195.25 -70.5 4.693981210930062 15
0004 0014 4 1671183811336886 -26.0 -65.0 5.878214379177777 15
0004 0015 4 1671183811338433 3.25 -63.5 3.411573272257666 15
0004 0004 4 1671183811339980 -22.75 -65.0 2.0493983326152168 15
0004 0007 4 1671183811340903 22.75 -72.0 2.1230294104337273 15
0004 0004 5 1671183811367669 198.5625 -69.0 0.1595340019401067 15
0004 0003 6 1671183811395819 -39.0 -71.0 0.006135923151542565 15
0004 0015 6 1671183811398086 42.3125 -68.0 0.8467573949128739 15
0004 0014 6 1671183811399032 19.5 -66.5 0.7363107781851077 15
0004 0004 6 1671183811400479 -48.8125 -70.0 4.822835597112456 15
0004 0014 7 1671183811427104 35.75 -63.5 1.9266798695843652 15
0004 0005 7 1671183811428057 -218.0625 -70.0 6.22182607566416 15
0004 0001 7 1671183811430257 -45.5625 -68.5 5.6143696836614465 15
0004 0003 7 1671183811435497 -42.3125 -69.0 6.209554229361076 15
0004 0015 7 1671183811440842 58.5625 -72.0 1.5155730184310134 15
0004 0007 7 1671183811446797 -61.8125 -72.5 3.730641276137879 15
0004 0001 8 1671183811475933 16.25 -74.0 2.012582793705961 15
0004 0007 8 1671183811477609 -100.875 -71.0 5.221670601962723 15
0004 0015 8 1671183811478783 -19.5 -67.0 4.988505522204105 15
0004 0004 8 1671183811479735 -65.0625 -68.5 4.1172044346850605 15
0004 0005 8 1671183811481663 81.375 -68.5 4.368777283898306 15
0004 0007 2 1671183811718739 16.25 -70.0 0.8528933180644165 15
