0004 0005 1 1671184132395948 -19.5 -67.5 5.577554144752192 16
0004 0006 1 1671184132396898 -9.75 -67.0 3.6201946594101133 16
0004 0001 1 1671184132398075 -277.4375 -69.0 4.884194828627882 16
0004 0007 1 1671184132399574 29.25 -56.0 4.080388895775806 16
0004 0015 1 1671184132400960 -39.0 -61.5 5.436427912266712 16
0004 0008 1 1671184132401908 -3.25 -66.5 1.0983302441261191 16
0004 0014 1 1671184132405394 -35.75 -70.5 5.209398755659637 16
0004 0003 1 1671184132407064 110.625 -74.5 4.718524903536232 16
0004 0014 2 1671184132437461 -110.625 -69.5 3.485204350076177 16
0004 0006 2 1671184132439275 3.25 -64.0 0.8958447801252144 16
0004 0007 2 1671184132440199 39.0 -65.0 6.129787228391022 16
0004 0008 2 1671184132443177 239.25 -67.5 6.013204688511713 16
0004 0015 2 1671184132444137 45.5625 -70.0 4.755340442445488 16
0004 0005 2 1671184132446701 -45.5625 -69.0 3.043417883165112 16
0004 0001 2 1671184132450900 -34.9375 -68.0 3.5036121195308043 16
0004 0015 3 1671184132480234 -22.75 -70.0 5.3198453723874035 16
0004 0015 4 1671184132507643 13.0 -69.0 6.074563920027139 16
0004 0006 5 1671184132537250 6.5 -63.0 3.9944859716542096 16
0004 0004 5 1671184132541265 -58.5625 -67.5 2.1598449493429825 16
0004 0007 5 1671184132542586 208.3125 -70.5 1.6137477888556946 16
0004 0004 6 1671184132568952 35.75 -67.0 0.1595340019401067 16
0004 0006 6 1671184132570258 -126.9375 -68.0 3.5956509668039427 16
0004 0007 7 1671184132596091 -120.4375 -67.5 2.552544031041707 16
0004 0015 7 1671184132597078 19.5 -64.0 3.0495538063166547 16
0004 0001 7 1671184132600108 10.5625 -66.5 4.04357335686655 16
0004 0006 7 1671184132601710 -22.75 -62.0 2.325514874434632 16
0004 0004 7 1671184132602660 13.0 -61.5 4.1172044346850605 16
0004 0010 7 1671184132605465 -71.5625 -71.5 1.239456476611598 16
0004 0015 8 1671184132626547 0.0 -65.0 2.411417798556228 16
0004 0002 8 1671184132628952 -42.3125 -68.5 3.724505352986337 16
0004 0005 8 1671184132630410 6.5 -71.0 2.0493983326152168 16
0004 0006 1 1671184132845726 -107.375 -66.5 3.8533597391687304 16
0004 0001 1 1671184132846687 -17.0625 -69.0 4.693981210930062 16
0004 0005 1 1671184132847848 -13.0 -68.0 5.5100589900852235 16
0004 0008 1 1671184132849491 -16.25 -65.5 0.8160777791551611 16
0004 0014 1 1671184132850953 136.6875 -71.0 4.804427827657828 16
0004 0007 1 1671184132852158 6.5 -56.5 4.0987966652304335 16
0004 0015 1 1671184132853346 -22.75 -61.0 5.436427912266712 16
0004 0003 1 1671184132856840 -16.25 -75.0 4.614214209960009 16
0004 0006 2 1671184132875891 22.75 -62.5 0.9326603190344698 16
0004 0014 2 1671184132876826 39.0 -67.5 3.411573272257666 16
0004 0001 2 1671184132878016 -136.6875 -67.0 3.423845118560751 16
0004 0008 2 1671184132879688 -52.0625 -68.0 0.14112623248547898 16
0004 0007 2 1671184132881344 -3.25 -66.5 5.970253226450915 16
0004 0015 2 1671184132882522 -133.4375 -70.5 5.203262832508095 16
0004 0005 2 1671184132884734 123.6875 -70.0 2.9391071895888885 16
0004 0015 4 1671184132939587 6.5 -69.0 6.050020227420969 16
0004 0006 5 1671184132966201 -84.625 -63.5 4.09266074207889 16
0004 0004 5 1671184132968273 16.25 -66.5 1.902136176978195 16
0004 0007 5 1671184132970092 22.75 -71.0 1.8223691760081417 16
0004 0006 6 1671184132996886 -42.3125 -68.0 3.423845118560751 16
0004 0004 6 1671184132999085 58.5625 -67.0 0.03681553890925539 16
0004 0004 7 1671184133026375 -87.875 -61.0 4.270602513473625 16
0004 0001 7 1671184133028414 -65.875 -65.5 4.037437433715008 16
0004 0007 7 1671184133029710 192.0 -66.0 2.0923497946760143 16
0004 0006 7 1671184133030672 3.25 -62.0 2.350058567040802 16
0004 0015 7 1671184133031890 -16.25 -63.5 3.098641191528995 16
0004 0010 7 1671184133034769 -3.25 -72.5 1.1044661672776617 16
0004 0002 8 1671184133057156 -100.875 -68.0 3.7981364308048478 16
0004 0015 8 1671184133058585 29.25 -65.0 2.36846633649543 16
0004 0005 8 1671184133060824 58.5625 -70.5 2.110757564130642 16
0004 0006 1 1671184133276940 58.5625 -66.0 3.6201946594101133 16
0004 0015 1 1671184133278030 -3.25 -61.5 5.375068680751287 16
0004 0007 1 1671184133278982 -3.25 -56.0 4.154019973594316 16
0004 0014 1 1671184133279976 26.0 -70.0 5.074408446325701 16
0004 0005 1 1671184133281719 26.0 -67.5 5.473243451175968 16
0004 0008 1 1671184133282996 16.25 -65.5 0.7179030087304801 16
0004 0001 1 1671184133284198 -121.25 -69.0 4.779884135051658 16
0004 0007 2 1671184133315804 29.25 -66.0 6.037748381117884 16
0004 0008 2 1671184133317518 29.25 -67.5 0.1043106935762236 16
0004 0001 2 1671184133318482 -114.6875 -67.0 3.509748042682347 16
0004 0014 2 1671184133321486 -100.875 -68.5 3.6386024288647407 16
0004 0005 2 1671184133322420 9.75 -69.5 2.890019804376548 16
0004 0006 2 1671184133323855 -42.3125 -63.0 1.0369710126106935 16
0004 0015 3 1671184133360667 -131.8125 -73.0 5.295301679781233 16
0004 0015 4 1671184133386794 71.5625 -69.5 5.9518454569962875 16
0004 0007 5 1671184133417532 3.25 -72.5 1.846912868614312 16
0004 0004 5 1671184133418469 -13.0 -67.0 1.945087639038993 16
0004 0006 5 1671184133419474 6.5 -64.0 4.0128937411088375 16
0004 0006 6 1671184133446852 61.8125 -68.0 3.2827188860752723 16
0004 0004 6 1671184133448625 13.0 -67.5 0.0674951546669682 16
0004 0007 7 1671184133476523 -117.125 -67.5 2.5770877236478773 16
0004 0010 7 1671184133477840 42.3125 -72.0 1.2333205534600555 16
0004 0006 7 1671184133479044 -16.25 -62.0 2.350058567040802 16
0004 0015 7 1671184133480430 42.3125 -64.5 2.9697868053466014 16
0004 0001 7 1671184133481364 -83.0 -67.0 4.09266074207889 16
0004 0004 7 1671184133482240 -42.3125 -61.5 4.246058820867455 16
0004 0005 8 1671184133506570 65.0625 -70.0 1.932815792735908 16
0004 0002 8 1671184133508134 -175.75 -69.0 3.9515345095934116 16
0004 0015 8 1671184133510826 -35.75 -65.5 2.466641106920111 16
0004 0014 1 1671184133725866 65.0625 -70.0 5.056000676871073 16
0004 0008 1 1671184133727255 35.75 -66.0 0.6994952392758523 16
0004 0005 1 1671184133730111 -26.0 -68.0 5.491651220630596 16
0004 0001 1 1671184133731613 -26.0 -70.0 4.773748211900116 16
0004 0007 1 1671184133732606 -6.5 -56.0 4.1601558967458585 16
0004 0015 1 1671184133733511 42.3125 -61.5 5.350524988145116 16
0004 0006 1 1671184133735425 -22.75 -66.5 3.761320891895592 16
0004 0014 2 1671184133767489 -9.75 -68.0 3.485204350076177 16
0004 0006 2 1671184133769105 3.25 -63.5 1.0246991663076084 16
0004 0001 2 1671184133770566 93.5625 -67.0 3.0495538063166547 16
0004 0008 2 1671184133773211 130.1875 -68.0 6.215690152512618 16
0004 0007 2 1671184133775906 -32.5 -65.5 6.19728238305799 16
0004 0005 2 1671184133778197 61.8125 -69.0 2.8409324191642074 16
0004 0015 2 1671184133779831 -347.4375 -70.0 5.559146375297564 16
0004 0015 3 1671184133815064 -120.4375 -72.0 5.098952138931871 16
0004 0015 4 1671184133839328 -16.25 -69.5 6.105243535784852 16
0004 0006 5 1671184133867159 -16.25 -63.5 3.9944859716542096 16
0004 0007 5 1671184133868622 -55.3125 -70.0 2.073942025221387 16
0004 0004 5 1671184133871131 84.625 -67.0 1.8714565612204823 16
0004 0004 6 1671184133896379 -22.75 -67.5 0.15339807878856412 16
0004 0006 6 1671184133898717 58.5625 -68.0 3.2520392703175593 16
0004 0007 7 1671184133936200 -19.5 -67.5 2.3930100291016 16
0004 0004 7 1671184133937601 9.75 -62.0 4.178563666200486 16
0004 0006 7 1671184133939433 -6.5 -62.0 2.270291566070749 16
0004 0015 7 1671184133940408 9.75 -64.0 2.9697868053466014 16
0004 0001 7 1671184133943096 -83.0 -67.0 4.135612204139688 16
0004 0002 8 1671184133967513 -42.3125 -68.5 3.706097583531709 16
0004 0015 8 1671184133968418 29.25 -65.5 2.350058567040802 16
0004 0005 8 1671184133969863 22.75 -70.5 1.9880391010997909 16
0004 0001 1 1671184134186822 -55.3125 -68.5 4.6878452877785195 16
0004 0007 1 1671184134188368 -16.25 -56.5 4.09266074207889 16
0004 0006 1 1671184134189661 -71.5625 -65.5 3.810408277107933 16
0004 0014 1 1671184134190583 -42.3125 -71.0 5.246214294568893 16
0004 0008 1 1671184134192154 48.8125 -66.0 1.012427320004523 16
0004 0005 1 1671184134194955 -68.3125 -68.0 5.565282298449106 16
0004 0015 1 1671184134195886 -19.5 -61.5 5.436427912266712 16
0004 0007 2 1671184134216615 192.0 -65.5 5.890486225480862 16
0004 0008 2 1671184134218174 84.625 -67.5 6.209554229361076 16
0004 0001 2 1671184134219065 73.1875 -68.5 3.32567034813607 16
0004 0014 2 1671184134220237 32.5 -68.0 3.4177091954092087 16
0004 0006 2 1671184134221626 6.5 -64.0 0.9326603190344698 16
0004 0005 2 1671184134224917 -68.3125 -69.5 3.031146036862027 16
0004 0015 3 1671184134249453 -16.25 -71.0 5.203262832508095 16
0004 0015 4 1671184134278583 -58.5625 -69.0 6.2463697682703305 16
0004 0007 5 1671184134308251 -68.3125 -71.5 1.9144080232812801 16
0004 0006 5 1671184134309498 -13.0 -63.5 4.06811704947272 16
0004 0004 5 1671184134310845 6.5 -67.5 1.8960002538266525 16
0004 0006 6 1671184134336173 -123.6875 -68.0 3.5895150436524004 16
0004 0004 6 1671184134338227 35.75 -67.0 0.03681553890925539 16
0004 0015 7 1671184134365806 -45.5625 -64.5 3.08636934522591 16
0004 0010 7 1671184134367807 283.1875 -72.0 1.1965050145508 16
0004 0006 7 1671184134368755 26.0 -62.0 2.350058567040802 16
0004 0001 7 1671184134369969 24.375 -66.5 3.9760782021995817 16
0004 0004 7 1671184134370920 29.25 -61.5 4.154019973594316 16
0004 0007 7 1671184134372113 -52.0625 -67.5 2.3439226438892597 16
0004 0005 8 1671184134396090 26.0 -70.5 1.9573594853420782 16
0004 0002 8 1671184134398375 45.5625 -68.0 3.5588354278946874 16
0004 0015 8 1671184134400144 9.75 -65.0 2.399145952253143 16
0004 0014 1 1671184134616085 3.25 -70.5 5.283029833478148 16
0004 0015 1 1671184134617275 -13.0 -62.0 5.45483568172134 16
0004 0006 1 1671184134618411 -100.875 -66.5 3.859495662320273 16
0004 0007 1 1671184134621283 -9.75 -56.5 4.074252972624263 16
0004 0005 1 1671184134622448 16.25 -67.5 5.589825991055276 16
0004 0008 1 1671184134623637 19.5 -66.0 1.1903690913992575 16
0004 0001 1 1671184134625463 -65.875 -68.5 4.669437518323892 16
0004 0003 1 1671184134627872 -149.6875 -75.0 5.037592907416445 16
0004 0014 2 1671184134655892 104.125 -67.5 3.32567034813607 16
0004 0006 2 1671184134656855 13.0 -63.0 0.9572040116406401 16
0004 0007 2 1671184134659068 -123.6875 -66.0 0.09203884727313846 16
0004 0005 2 1671184134662231 42.3125 -68.5 2.9084275738311756 16
0004 0008 2 1671184134666123 -126.9375 -70.0 0.3620194659410113 16
0004 0001 2 1671184134670460 -42.3125 -68.5 3.2643111166206444 16
0004 0015 3 1671184134700133 -169.25 -71.5 5.1725832167503825 16
0004 0015 4 1671184134727800 130.1875 -69.0 5.884350302329319 16
0004 0007 5 1671184134756084 -29.25 -73.0 2.018718716857504 16
0004 0004 5 1671184134756992 120.4375 -67.0 1.859184714917397 16
0004 0006 5 1671184134759743 -110.625 -63.0 4.1601558967458585 16
0004 0006 6 1671184134786900 -123.6875 -67.5 3.6447383520162835 16
0004 0004 6 1671184134788247 26.0 -67.0 0.0674951546669682 16
0004 0015 6 1671184134789451 104.125 -72.5 0.9572040116406401 16
0004 0007 7 1671184134816437 97.625 -68.0 2.2764274892222915 16
0004 0006 7 1671184134817656 45.5625 -62.0 2.270291566070749 16
0004 0001 7 1671184134818811 0.0 -66.5 4.025165587411922 16
0004 0004 7 1671184134820000 0.0 -62.0 4.154019973594316 16
0004 0015 7 1671184134820907 3.25 -64.0 3.018874190558942 16
0004 0010 7 1671184134823450 -117.125 -71.5 2.055534255766759 16
0004 0015 8 1671184134845797 6.5 -65.0 2.423689644859313 16
0004 0002 8 1671184134847796 0.0 -68.5 3.663146121470911 16
0004 0005 8 1671184134848991 -13.0 -70.5 1.9389517158874505 16
0004 0001 1 1671184135066305 -13.8125 -69.5 4.405592822807561 16
0004 0015 1 1671184135067451 -26.0 -61.0 5.43029198911517 16
0004 0006 1 1671184135068414 16.25 -66.0 3.6324665057131984 16
0004 0008 1 1671184135069860 26.0 -67.5 1.1228739367322893 16
0004 0005 1 1671184135070853 -162.75 -67.5 5.608233760509904 16
0004 0007 1 1671184135072521 -6.5 -56.0 4.0987966652304335 16
0004 0014 1 1671184135076352 13.0 -69.5 5.123495831538041 16
0004 0007 2 1671184135106837 -13.0 -65.5 6.22182607566416 16
0004 0006 2 1671184135109585 35.75 -63.5 0.9694758579437253 16
0004 0001 2 1671184135110548 270.9375 -67.0 2.816388726558037 16
0004 0015 2 1671184135112970 -260.375 -69.0 5.258486140871978 16
0004 0008 2 1671184135114581 13.0 -69.5 0.09817477042468103 16
0004 0014 2 1671184135118409 -52.0625 -67.0 3.356349963893783 16
0004 0005 2 1671184135121007 -143.1875 -68.0 3.2581751934691017 16
0004 0015 4 1671184135176611 -3.25 -69.5 6.17273869045182 16
0004 0006 5 1671184135206348 -19.5 -63.5 4.031301510563465 16
0004 0007 5 1671184135208167 -325.5 -71.5 2.662990647769473 16
0004 0004 5 1671184135210216 26.0 -67.0 1.9266798695843652 16
0004 0006 6 1671184135236153 -104.125 -68.0 3.663146121470911 16
0004 0004 6 1671184135237978 58.5625 -67.0 0.04295146206079795 16
0004 0015 6 1671184135239170 -289.6875 -73.5 1.4051264017032472 16
0004 0006 7 1671184135267536 -3.25 -61.5 2.380738182798515 16
0004 0007 7 1671184135269111 61.8125 -67.5 2.282563412373834 16
0004 0015 7 1671184135270300 32.5 -64.0 2.9206994201342606 16
0004 0004 7 1671184135271247 6.5 -61.5 4.190835512503572 16
0004 0001 7 1671184135272992 117.9375 -68.0 3.9085830475326135 16
0004 0010 7 1671184135274096 -52.0625 -72.0 1.859184714917397 16
0004 0002 8 1671184135297186 -9.75 -68.5 3.6447383520162835 16
0004 0005 8 1671184135299217 78.0625 -70.5 1.9266798695843652 16
0004 0015 8 1671184135300134 13.0 -66.0 2.442097414313941 16
0004 0007 1 1671184135516628 0.0 -56.5 4.061981126321178 16
0004 0014 1 1671184135519049 -182.25 -70.5 5.368932757599744 16
0004 0015 1 1671184135520308 -45.5625 -61.5 5.460971604872882 16
0004 0005 1 1671184135521186 48.8125 -67.0 5.381204603902829 16
0004 0006 1 1671184135522266 32.5 -66.0 3.6692820446224537 16
0004 0001 1 1671184135523650 24.375 -68.5 3.8410878928656453 16
0004 0008 1 1671184135526910 32.5 -67.0 1.0369710126106935 16
0004 0014 2 1671184135549247 -68.3125 -67.5 3.6140587362585705 16
0004 0001 2 1671184135551875 93.5625 -67.5 3.172272269347506 16
0004 0006 2 1671184135552924 -13.0 -63.0 0.9326603190344698 16
0004 0007 2 1671184135554148 -65.0625 -66.0 6.191146459906448 16
0004 0005 2 1671184135555082 -81.375 -69.5 3.0250101137104846 16
0004 0015 2 1671184135568164 172.5 -71.5 4.651029748869264 16
0004 0015 3 1671184135600509 -166.0 -71.0 5.602097837358362 16
0004 0015 4 1671184135635849 -35.75 -68.5 6.129787228391022 16
0004 0006 5 1671184135656709 -81.375 -63.5 4.1172044346850605 16
0004 0004 5 1671184135658016 169.25 -67.0 1.6198837120072371 16
0004 0007 5 1671184135660304 -224.5625 -71.0 2.2886993355253766 16
0004 0004 6 1671184135686102 78.0625 -66.5 6.252505691421874 16
0004 0015 6 1671184135687021 -19.5 -73.5 1.1167380135807468 16
0004 0006 6 1671184135690683 74.8125 -68.0 3.368621810196868 16
0004 0004 7 1671184135716214 9.75 -61.5 4.135612204139688 16
0004 0007 7 1671184135718016 -3.25 -67.0 2.2396119503130363 16
0004 0015 7 1671184135719179 -58.5625 -64.5 3.1354567304382504 16
0004 0006 7 1671184135720351 -6.5 -62.0 2.399145952253143 16
0004 0001 7 1671184135724389 -76.4375 -67.0 4.215379205109742 16
0004 0015 8 1671184135748285 41.5 -65.5 2.356194490192345 16
0004 0005 8 1671184135749221 -91.125 -70.0 2.1230294104337273 16
0004 0002 8 1671184135750765 0.0 -69.0 3.650874275167826 16
0004 0005 1 1671184135966129 -39.0 -67.0 5.602097837358362 16
0004 0015 1 1671184135967330 -13.0 -61.5 5.405748296509 16
0004 0001 1 1671184135968235 -111.4375 -68.0 4.577398671050753 16
0004 0006 1 1671184135969227 -74.8125 -66.5 3.822680123411018 16
0004 0007 1 1671184135970162 -35.75 -56.5 4.135612204139688 16
0004 0008 1 1671184135972928 52.0625 -66.5 1.030835089459151 16
0004 0014 1 1671184135981018 -133.4375 -70.5 5.295301679781233 16
0004 0006 2 1671184136006490 45.5625 -62.5 0.8774370106705868 16
0004 0007 2 1671184136008023 -68.3125 -64.5 6.1850105367549055 16
0004 0014 2 1671184136008931 65.0625 -68.5 3.4177091954092087 16
0004 0001 2 1671184136009864 131.8125 -68.0 3.117048960983623 16
0004 0005 2 1671184136011563 -195.25 -69.5 3.3747577333484107 16
0004 0015 2 1671184136012540 -107.375 -70.0 5.086680292628786 16
0004 0015 3 1671184136039844 -194.4375 -72.0 5.4671075280244255 16
0004 0015 4 1671184136068256 -9.75 -69.0 6.019340611663256 16
0004 0007 5 1671184136096839 146.4375 -72.0 1.6689710972195777 16
0004 0004 5 1671184136098682 110.625 -67.0 1.8162332528565992 16
0004 0006 5 1671184136100893 9.75 -63.5 4.000621894805752 16
0004 0015 6 1671184136125886 52.0625 -73.0 1.000155473701438 16
0004 0004 6 1671184136127303 68.3125 -67.0 6.264777537724958 16
0004 0006 6 1671184136130040 -68.3125 -68.0 3.497476196379262 16
0004 0006 7 1671184136155921 -29.25 -62.5 2.423689644859313 16
0004 0004 7 1671184136157579 29.25 -62.0 4.09266074207889 16
0004 0007 7 1671184136159054 -78.0625 -66.5 2.386874105950058 16
0004 0001 7 1671184136160187 -188.75 -67.5 4.276738436625168 16
0004 0015 7 1671184136161316 -42.3125 -64.5 3.0925052683774528 16
0004 0010 7 1671184136171996 84.625 -72.5 1.1535535524900022 16
0004 0002 8 1671184136197457 52.0625 -68.0 3.5833791205008576 16
0004 0015 8 1671184136199304 -45.5625 -65.5 2.442097414313941 16
0004 0005 8 1671184136200525 133.4375 -71.0 1.8100973297050567 16
0004 0005 1 1671184136416176 -3.25 -67.0 5.43029198911517 16
0004 0007 1 1671184136417635 -19.5 -56.5 4.123340357836604 16
0004 0006 1 1671184136418599 22.75 -66.0 3.693825737228624 16
0004 0001 1 1671184136420282 34.9375 -69.0 4.319689898685965 16
0004 0008 1 1671184136421741 -42.3125 -66.0 0.8099418560036186 16
0004 0015 1 1671184136422659 -13.0 -61.5 5.411884219660542 16
0004 0014 1 1671184136424742 58.5625 -70.0 5.037592907416445 16
0004 0014 2 1671184136456137 -224.5625 -67.5 3.706097583531709 16
0004 0005 2 1671184136457099 32.5 -70.5 2.8961557275280905 16
0004 0007 2 1671184136458985 -71.5625 -66.0 6.2034183062095325 16
0004 0006 2 1671184136460415 3.25 -63.0 0.9756117810952678 16
0004 0001 2 1671184136462683 -45.5625 -69.0 3.399301425954581 16
0004 0008 2 1671184136464441 -94.375 -69.0 0.2638446955163303 16
0004 0015 2 1671184136467580 -81.375 -70.0 5.178719139901925 16
0004 0015 3 1671184136488564 296.1875 -71.5 4.798291904506286 16
0004 0015 4 1671184136528146 -42.3125 -69.0 6.092971689481767 16
0004 0004 5 1671184136557213 -55.3125 -67.5 2.172116795646068 16
0004 0006 5 1671184136559999 -3.25 -63.5 3.9944859716542096 16
0004 0007 5 1671184136561962 159.5 -70.5 1.5830681730979816 16
0004 0006 6 1671184136588097 -48.8125 -68.0 3.5342917352885173 16
0004 0004 6 1671184136589855 58.5625 -67.5 0.0 16
0004 0015 6 1671184136590803 29.25 -73.5 1.0246991663076084 16
0004 0007 7 1671184136617926 -87.875 -66.5 2.466641106920111 16
0004 0004 7 1671184136618887 -13.0 -61.5 4.2092432819582 16
0004 0006 7 1671184136620093 -32.5 -62.0 2.405281875404685 16
0004 0015 7 1671184136621523 35.75 -64.0 3.018874190558942 16
0004 0001 7 1671184136623734 -45.5625 -67.0 4.154019973594316 16
0004 0010 7 1671184136629865 94.375 -71.5 0.9081166264282996 16
0004 0015 8 1671184136656592 24.375 -65.0 2.36846633649543 16
0004 0005 8 1671184136659432 32.5 -71.0 1.9819031779482483 16
0004 0002 8 1671184136660636 3.25 -69.0 3.6754179677739964 16
0004 0007 1 1671184136875805 6.5 -56.5 4.1172044346850605 16
0004 0014 1 1671184136876714 -13.0 -70.5 5.1725832167503825 16
0004 0015 1 1671184136877916 16.25 -61.0 5.375068680751287 16
0004 0005 1 1671184136879634 143.1875 -68.0 5.307573526084319 16
0004 0006 1 1671184136882045 -45.5625 -66.0 3.816544200259475 16
0004 0001 1 1671184136884069 -21.125 -69.0 4.246058820867455 16
0004 0008 1 1671184136886306 71.5625 -65.5 0.9203884727313847 16
0004 0005 2 1671184136906673 -110.625 -68.5 2.988194574801229 16
0004 0007 2 1671184136907966 52.0625 -65.5 6.14819499784565 16
0004 0008 2 1671184136909141 -130.1875 -67.5 0.21475731030398976 16
0004 0006 2 1671184136910552 3.25 -63.0 0.9817477042468103 16
0004 0014 2 1671184136911700 61.8125 -67.0 3.3379421944391554 16
0004 0015 2 1671184136913706 87.875 -70.5 4.865787059173254 16
0004 0001 2 1671184136916624 -104.125 -68.0 3.3502140407422405 16
0004 0015 3 1671184136955795 -136.6875 -70.5 5.332117218690489 16
0004 0015 4 1671184136987461 -24.375 -69.5 6.0991076126333095 16
0004 0004 5 1671184137017493 260.375 -66.5 1.4542137869155878 16
0004 0007 5 1671184137019549 -234.3125 -71.0 2.227340104009951 16
0004 0006 5 1671184137020498 -68.3125 -64.0 4.049709280018092 16
0004 0006 6 1671184137045824 -9.75 -68.0 3.429981041712294 16
0004 0004 6 1671184137047499 26.0 -67.5 6.277049384028044 16
0004 0015 6 1671184137051269 65.0625 -73.5 0.9694758579437253 16
0004 0015 7 1671184137077244 45.5625 -64.0 2.9943304979527716 16
0004 0004 7 1671184137078208 -65.0625 -61.5 4.319689898685965 16
0004 0007 7 1671184137080985 -16.25 -67.0 2.497320722677824 16
0004 0006 7 1671184137082219 61.8125 -61.5 2.350058567040802 16
0004 0001 7 1671184137083295 -45.5625 -67.5 4.006757817957295 16
0004 0002 8 1671184137106176 -61.8125 -68.0 3.6692820446224537 16
0004 0015 8 1671184137109365 13.0 -65.5 2.454369260617026 16
0004 0005 8 1671184137110512 9.75 -71.5 2.061670178918302 16
0004 0006 1 1671184137325797 22.75 -67.0 3.730641276137879 16
0004 0014 1 1671184137327003 -52.0625 -70.0 5.227806525114265 16
0004 0008 1 1671184137327951 65.0625 -66.0 0.9940195505498954 16
0004 0015 1 1671184137329886 -3.25 -61.0 5.405748296509 16
0004 0001 1 1671184137330866 -149.6875 -69.0 4.6878452877785195 16
0004 0007 1 1671184137332792 -22.75 -56.0 4.154019973594316 16
0004 0005 1 1671184137333745 35.75 -68.0 5.565282298449106 16
0004 0007 2 1671184137356104 -120.4375 -65.0 0.09817477042468103 16
0004 0008 2 1671184137357588 74.8125 -69.5 6.227961998815704 16
0004 0006 2 1671184137358526 -52.0625 -63.0 1.0369710126106935 16
0004 0001 2 1671184137361158 -52.0625 -68.0 3.497476196379262 16
0004 0005 2 1671184137362110 65.0625 -68.5 2.890019804376548 16
0004 0014 2 1671184137363075 -97.625 -68.5 3.5772431973493153 16
0004 0015 2 1671184137369099 -68.3125 -71.0 4.902602598082509 16
