0004 0004 3 1671184359436549 13.0 -64.5 1.8837284075235674 16
0004 0007 3 1671184359439008 16.25 -68.0 5.982525072754001 16
0004 0015 4 1671184359467221 -9.75 -73.5 3.988350048502667 16
0004 0006 4 1671184359468996 -29.25 -67.0 0.34974761963792617 16
0004 0004 4 1671184359469932 29.25 -64.0 3.08636934522591 16
0004 0007 4 1671184359470869 -22.75 -69.0 2.356194490192345 16
0004 0014 5 1671184359498592 -61.8125 -70.0 4.7307967498393175 16
0004 0015 6 1671184359526754 -136.6875 -73.0 5.252350217720435 16
0004 0006 6 1671184359528610 -32.5 -59.5 5.712544454086128 16
0004 0014 6 1671184359529911 9.75 -66.5 3.356349963893783 16
0004 0004 6 1671184359530861 -3.25 -64.5 1.043106935762236 16
0004 0003 6 1671184359532465 110.625 -73.0 0.607456392002714 16
0004 0015 7 1671184359555789 0.0 -70.5 2.5464081078901644 16
0004 0003 7 1671184359558576 -130.1875 -69.0 4.4362724385652745 16
0004 0001 7 1671184359559847 27.625 -69.5 5.080544369477243 16
0004 0007 7 1671184359561036 169.25 -72.0 3.000466421104314 16
0004 0007 8 1671184359588909 58.5625 -69.5 3.6386024288647407 16
0004 0003 8 1671184359591389 -9.75 -71.0 2.5464081078901644 16
0004 0014 8 1671184359592341 -16.25 -72.0 0.9756117810952678 16
0004 0007 3 1671184359866650 -71.5625 -70.5 0.030679615757712823 16
0004 0004 3 1671184359869075 19.5 -64.5 1.8775924843720249 16
0004 0004 4 1671184359896301 9.75 -64.0 3.129320807286708 16
0004 0015 4 1671184359897820 240.875 -72.5 3.2213596545598464 16
0004 0007 4 1671184359899040 32.5 -70.5 2.1905245651006955 16
0004 0006 4 1671184359899977 -22.75 -67.0 0.19634954084936207 16
0004 0014 5 1671184359925878 35.75 -69.5 4.693981210930062 16
0004 0006 6 1671184359956350 0.0 -59.5 5.583690067903734 16
0004 0014 6 1671184359957486 19.5 -66.0 3.454524734318464 16
0004 0004 6 1671184359960338 16.25 -64.5 1.0369710126106935 16
0004 0003 6 1671184359965184 68.3125 -73.0 0.7669903939428205 16
0004 0001 7 1671184359998013 -10.5625 -71.0 5.098952138931871 16
0004 0015 7 1671184359999346 -104.125 -69.0 2.6691265709210157 16
0004 0003 7 1671184360006080 6.5 -71.5 4.215379205109742 16
0004 0003 8 1671184360045878 -61.8125 -71.0 2.6323110320117604 16
0004 0014 8 1671184360047537 126.9375 -72.0 0.8713010875190442 16
0004 0007 8 1671184360048784 -100.875 -71.0 3.7981364308048478 16
0004 0007 3 1671184360336497 -211.5625 -69.0 0.2270291566070749 16
0004 0004 3 1671184360339202 -32.5 -65.0 2.012582793705961 16
0004 0007 4 1671184360367232 55.3125 -70.5 2.2027964114037806 16
0004 0006 4 1671184360370127 -16.25 -67.0 0.09817477042468103 16
0004 0004 4 1671184360371344 3.25 -64.0 3.055689729468197 16
0004 0014 5 1671184360396631 13.0 -69.5 4.528311285838413 16
0004 0006 6 1671184360426352 -3.25 -60.0 5.553010452146021 16
0004 0004 6 1671184360429072 42.3125 -65.0 0.9203884727313847 16
0004 0014 6 1671184360430914 -48.8125 -66.5 3.54042765844006 16
0004 0003 6 1671184360432733 159.5 -73.0 0.6013204688511713 16
0004 0003 7 1671184360456315 -13.0 -71.0 4.319689898685965 16
0004 0001 7 1671184360460122 -24.375 -70.0 5.0682725231741586 16
0004 0015 7 1671184360461056 87.875 -69.5 2.3071071049800045 16
0004 0014 8 1671184360486819 182.25 -72.0 0.5890486225480862 16
0004 0003 8 1671184360488125 -48.8125 -71.0 2.552544031041707 16
0004 0007 8 1671184360489702 -68.3125 -69.5 3.706097583531709 16
0004 0007 3 1671184360757164 -35.75 -67.5 6.264777537724958 16
0004 0004 3 1671184360758156 35.75 -65.5 1.846912868614312 16
0004 0006 4 1671184360787204 22.75 -66.5 0.07976700097005335 16
0004 0015 4 1671184360788140 -195.25 -75.0 4.06811704947272 16
0004 0004 4 1671184360789131 -3.25 -64.0 3.1231848841351653 16
0004 0007 4 1671184360790114 -117.125 -70.0 2.6139032625571326 16
0004 0014 5 1671184360820114 -152.9375 -70.0 4.792155981354743 16
0004 0003 6 1671184360846552 -32.5 -75.0 0.6320000846088841 16
0004 0006 6 1671184360848961 -32.5 -59.5 5.589825991055276 16
0004 0004 6 1671184360851952 16.25 -64.5 0.9878836273983529 16
0004 0014 6 1671184360852988 -58.5625 -66.0 3.5956509668039427 16
0004 0015 7 1671184360878018 6.5 -69.5 2.5893595699509624 16
0004 0003 7 1671184360882565 208.3125 -70.5 4.123340357836604 16
0004 0001 7 1671184360883895 166.8125 -70.5 4.921010367537137 16
0004 0014 8 1671184360917824 91.125 -71.5 0.7485826244881929 16
0004 0003 8 1671184360919856 126.9375 -71.0 2.3623304133438876 16
0004 0007 8 1671184360921161 -107.375 -69.5 3.6079228131070282 16
0004 0004 3 1671184361197449 61.8125 -65.5 1.8960002538266525 16
0004 0007 3 1671184361199012 188.75 -68.0 6.068427996875596 16
0004 0004 4 1671184361226193 29.25 -64.0 3.098641191528995 16
0004 0007 4 1671184361228270 149.6875 -71.0 2.3071071049800045 16
0004 0006 4 1671184361229203 9.75 -67.0 0.17794177139473438 16
0004 0015 4 1671184361234022 6.5 -72.5 3.6876898140770815 16
0004 0014 5 1671184361260285 -19.5 -70.5 4.663301595172349 16
0004 0006 6 1671184361286130 16.25 -59.5 5.577554144752192 16
0004 0015 6 1671184361287571 -3.25 -72.5 5.2339424482658075 16
0004 0004 6 1671184361288733 -6.5 -64.5 1.0369710126106935 16
0004 0003 6 1671184361291206 -32.5 -74.5 0.6258641614573416 16
0004 0014 6 1671184361293008 -52.0625 -65.5 3.5956509668039427 16
0004 0015 7 1671184361316573 42.3125 -69.5 2.399145952253143 16
0004 0003 7 1671184361318419 3.25 -70.5 4.289010282928253 16
0004 0001 7 1671184361320934 10.5625 -70.5 5.2339424482658075 16
0004 0003 8 1671184361347202 117.125 -71.0 2.429825568010856 16
0004 0007 8 1671184361348975 32.5 -69.5 3.56497135104623 16
0004 0014 8 1671184361349953 -87.875 -73.0 1.141281706186917 16
0004 0004 3 1671184361628819 -42.3125 -65.0 1.9696313316451632 16
0004 0007 3 1671184361630409 -48.8125 -69.0 6.1850105367549055 16
0004 0007 4 1671184361656172 -6.5 -70.0 2.454369260617026 16
0004 0006 4 1671184361658430 -13.0 -66.5 0.22089323345553233 16
0004 0004 4 1671184361660697 26.0 -64.0 3.129320807286708 16
0004 0015 4 1671184361663400 -87.875 -73.0 3.785864584501762 16
0004 0014 5 1671184361689747 84.625 -71.0 4.681709364626977 16
0004 0003 6 1671184361715884 126.9375 -75.0 0.6258641614573416 16
0004 0015 6 1671184361717283 -139.9375 -72.0 5.5284667595398505 16
0004 0006 6 1671184361718486 13.0 -59.5 5.638913376267617 16
0004 0014 6 1671184361720668 -48.8125 -67.0 3.56497135104623 16
0004 0004 6 1671184361722370 65.0625 -64.5 0.9817477042468103 16
0004 0015 7 1671184361756954 117.125 -68.5 2.3071071049800045 16
0004 0001 7 1671184361758802 -38.1875 -70.5 5.356660911296659 16
0004 0003 7 1671184361765421 3.25 -70.0 4.319689898685965 16
0004 0003 8 1671184361797575 120.4375 -71.5 2.350058567040802 16
0004 0014 8 1671184361801332 26.0 -73.5 0.9326603190344698 16
0004 0007 8 1671184361802484 110.625 -69.5 3.6017868899554855 16
0004 0004 2 1671184362048749 -74.8125 -70.0 0.6258641614573416 16
0004 0004 3 1671184362076341 -52.0625 -64.0 2.0064468705544187 16
0004 0007 3 1671184362079263 -100.875 -69.0 0.1043106935762236 16
0004 0004 4 1671184362105794 -3.25 -63.5 3.147728576741336 16
0004 0007 4 1671184362108082 81.375 -70.0 2.2334760271614935 16
0004 0006 4 1671184362110511 -39.0 -67.0 0.25770877236478773 16
0004 0015 4 1671184362111486 -22.75 -73.5 3.6201946594101133 16
0004 0006 5 1671184362136999 94.375 -70.5 2.5341362615870793 16
0004 0014 5 1671184362139653 -113.875 -70.0 4.773748211900116 16
0004 0014 6 1671184362166181 -29.25 -66.0 3.472932503773092 16
0004 0003 6 1671184362167334 224.5625 -73.0 0.6994952392758523 16
0004 0004 6 1671184362169572 -22.75 -64.5 1.0921943209745766 16
0004 0006 6 1671184362170745 0.0 -60.0 5.602097837358362 16
0004 0015 7 1671184362197709 84.625 -69.0 2.411417798556228 16
0004 0001 7 1671184362200284 205.0625 -70.5 4.988505522204105 16
0004 0003 7 1671184362201872 45.5625 -70.0 4.3074180523828804 16
0004 0014 8 1671184362225853 -65.0625 -72.5 1.0921943209745766 16
0004 0003 8 1671184362227884 -13.0 -72.5 2.5341362615870793 16
0004 0007 8 1671184362229331 91.125 -69.0 3.399301425954581 16
0004 0015 8 1671184362232573 87.875 -72.5 5.50392306693368 16
0004 0007 3 1671184362516773 35.75 -69.0 6.12365130523948 16
0004 0004 3 1671184362519806 22.75 -65.0 1.945087639038993 16
0004 0015 4 1671184362546403 136.6875 -72.5 3.5036121195308043 16
0004 0004 4 1671184362547962 13.0 -63.5 3.08636934522591 16
0004 0006 4 1671184362549111 78.0625 -67.0 0.14726215563702155 16
0004 0007 4 1671184362550318 139.9375 -70.5 2.1046216409791 16
0004 0014 5 1671184362579465 214.8125 -70.0 4.509903516383785 16
0004 0003 6 1671184362605858 48.8125 -74.5 0.6872233929727672 16
0004 0004 6 1671184362607888 84.625 -65.0 0.9019807032767571 16
0004 0014 6 1671184362609048 -91.125 -66.0 3.6079228131070282 16
0004 0006 6 1671184362610506 0.0 -59.5 5.595961914206819 16
0004 0003 7 1671184362640205 -120.4375 -70.5 4.558990901596125 16
0004 0001 7 1671184362641405 -74.8125 -70.5 5.080544369477243 16
0004 0015 7 1671184362643302 123.6875 -69.0 2.1966604882522383 16
0004 0015 8 1671184362666339 65.0625 -74.0 5.749359992995383 16
0004 0007 8 1671184362667531 -94.375 -69.5 3.859495662320273 16
0004 0014 8 1671184362670835 29.25 -72.0 0.7669903939428205 16
0004 0003 8 1671184362671774 55.3125 -72.0 2.466641106920111 16
0004 0007 3 1671184362957898 192.0 -70.0 5.872078456026235 16
0004 0004 3 1671184362958960 -84.625 -65.0 2.1598449493429825 16
0004 0004 4 1671184362996267 -65.0625 -63.5 3.1906800388021335 16
0004 0006 4 1671184362997232 55.3125 -67.5 0.14726215563702155 16
0004 0007 4 1671184363001222 -100.875 -72.0 2.5832236467994196 16
0004 0015 4 1671184363002172 146.4375 -74.0 3.6570101983193686 16
0004 0014 5 1671184363032846 -104.125 -69.0 5.148039524144211 16
0004 0014 6 1671184363056614 -16.25 -66.5 3.485204350076177 16
0004 0003 6 1671184363057525 117.125 -73.5 0.6504078540635119 16
0004 0006 6 1671184363058473 -16.25 -59.5 5.5714182216006485 16
0004 0004 6 1671184363064200 -35.75 -64.5 1.0185632431560658 16
0004 0015 7 1671184363087325 -61.8125 -69.0 2.5770877236478773 16
0004 0001 7 1671184363088754 -84.625 -72.0 4.988505522204105 16
0004 0003 7 1671184363090893 -162.75 -70.5 4.4976316700806995 16
0004 0014 8 1671184363116337 97.625 -71.5 0.6933593161243098 16
0004 0007 8 1671184363120244 -26.0 -69.5 3.6324665057131984 16
0004 0003 8 1671184363122368 61.8125 -70.5 2.5341362615870793 16
0004 0004 3 1671184363396873 -55.3125 -65.0 2.061670178918302 16
0004 0007 3 1671184363398676 -149.6875 -69.0 0.4172427743048944 16
0004 0007 4 1671184363426635 16.25 -72.0 2.337786720737717 16
0004 0004 4 1671184363428634 3.25 -64.0 3.08636934522591 16
0004 0006 4 1671184363429687 55.3125 -67.0 0.1043106935762236 16
0004 0015 4 1671184363431470 81.375 -73.0 3.6999616603801666 16
0004 0014 5 1671184363457488 -182.25 -71.0 4.933282213840222 16
0004 0004 6 1671184363486081 19.5 -64.5 0.9387962421860124 16
0004 0006 6 1671184363487258 -16.25 -60.0 5.534602682691394 16
0004 0003 6 1671184363488197 68.3125 -75.0 0.6994952392758523 16
0004 0014 6 1671184363491552 -55.3125 -66.5 3.5158839658338894 16
0004 0015 7 1671184363527259 198.5625 -69.0 2.110757564130642 16
0004 0003 7 1671184363531455 -13.0 -68.5 4.338097668140593 16
0004 0001 7 1671184363533030 -166.8125 -72.5 5.368932757599744 16
0004 0007 8 1671184363555817 -78.0625 -69.5 3.792000507653305 16
0004 0003 8 1671184363557505 -32.5 -70.5 2.6384469551633027 16
0004 0014 8 1671184363560200 107.375 -71.0 0.5583690067903734 16
0004 0004 2 1671184363808677 -253.875 -70.5 1.3499030933393643 16
0004 0004 3 1671184363836382 -48.8125 -66.0 1.9512235621905356 16
0004 0007 3 1671184363839954 -78.0625 -69.0 0.36815538909255385 16
0004 0004 4 1671184363866341 84.625 -63.5 2.9820586516496865 16
0004 0007 4 1671184363868146 52.0625 -71.5 2.2212041808584084 16
0004 0006 4 1671184363869079 -16.25 -66.5 0.12885438618239387 16
0004 0015 4 1671184363872900 -113.875 -74.5 3.9085830475326135 16
0004 0014 5 1671184363895910 26.0 -69.5 4.847379289718626 16
0004 0004 6 1671184363926175 45.5625 -65.0 0.8958447801252144 16
0004 0006 6 1671184363927123 6.5 -59.5 5.546874528994478 16
0004 0003 6 1671184363929454 -107.375 -74.0 0.9326603190344698 16
0004 0014 6 1671184363931180 6.5 -66.5 3.4606606574700063 16
0004 0015 7 1671184363957162 192.0 -68.5 2.2396119503130363 16
0004 0003 7 1671184363958414 195.25 -71.0 4.104932588381976 16
0004 0001 7 1671184363960970 41.5 -71.5 4.865787059173254 16
0004 0015 8 1671184363998794 -13.0 -71.5 6.000932842208628 16
0004 0007 8 1671184363999817 65.0625 -69.0 3.6140587362585705 16
0004 0003 8 1671184364001506 -42.3125 -71.0 2.5770877236478773 16
0004 0014 8 1671184364002439 68.3125 -71.0 0.7424467013366504 16
0004 0004 3 1671184364287267 16.25 -64.5 1.88986433067511 16
0004 0007 3 1671184364291025 45.5625 -69.5 0.030679615757712823 16
0004 0004 4 1671184364316121 -3.25 -63.5 3.117048960983623 16
0004 0007 4 1671184364318391 -6.5 -71.0 2.411417798556228 16
0004 0006 4 1671184364319699 22.75 -66.5 0.1227184630308513 16
0004 0015 4 1671184364320858 24.375 -74.0 3.834951969714103 16
0004 0014 5 1671184364346097 110.625 -70.0 4.675573441475434 16
