0004 0004 1 1671198676997936 45.5625 -71.5 0.5951845456996288 17
0004 0015 2 1671198677028365 -179.0 -68.0 0.006135923151542565 17
0004 0004 3 1671198677057217 -22.75 -61.5 2.12916533358527 17
0004 0006 3 1671198677068623 -78.0625 -71.5 1.4173982480063325 17
0004 0015 4 1671198677096369 94.375 -67.5 3.018874190558942 17
0004 0014 4 1671198677099054 -120.4375 -67.5 5.00077736850719 17
0004 0004 4 1671198677100011 0.0 -62.5 3.215223731408304 17
0004 0006 6 1671198677159486 32.5 -63.0 2.988194574801229 17
0004 0015 6 1671198677161350 -87.875 -69.0 1.0185632431560658 17
0004 0006 7 1671198677186072 -39.0 -71.5 1.3499030933393643 17
0004 0015 7 1671198677187246 -91.125 -66.0 4.890330751779424 17
0004 0005 7 1671198677190654 61.8125 -70.0 5.743224069843841 17
0004 0001 7 1671198677195337 -208.3125 -69.0 0.1595340019401067 17
0004 0003 7 1671198677206330 -175.75 -71.0 5.700272607783043 17
0004 0015 8 1671198677228026 -29.25 -66.5 4.614214209960009 17
0004 0005 8 1671198677230008 35.75 -70.0 5.135767677841127 17
0004 0007 8 1671198677231158 123.6875 -71.0 1.0983302441261191 17
0004 0003 8 1671198677232123 -61.8125 -73.5 5.706408530934585 17
0004 0004 1 1671198677449215 61.8125 -69.5 0.44178646691106466 17
0004 0015 2 1671198677478839 -45.5625 -68.5 6.050020227420969 17
0004 0004 3 1671198677508877 13.0 -62.0 2.061670178918302 17
0004 0006 3 1671198677510881 61.8125 -67.5 1.4542137869155878 17
0004 0004 4 1671198677538255 -13.0 -62.5 3.2520392703175593 17
0004 0014 4 1671198677539220 -26.0 -69.0 4.914874444385594 17
0004 0015 4 1671198677541020 -74.8125 -68.0 3.3318062712876126 17
0004 0014 6 1671198677585867 81.375 -75.5 0.4908738521234052 17
0004 0015 6 1671198677589094 29.25 -69.0 0.7669903939428205 17
0004 0006 6 1671198677590270 32.5 -63.5 3.08636934522591 17
0004 0015 7 1671198677625822 91.125 -66.0 4.583534594202296 17
0004 0001 7 1671198677633433 139.125 -71.0 5.896622148632405 17
0004 0006 7 1671198677634397 61.8125 -71.0 1.41126232485479 17
0004 0005 7 1671198677638732 74.8125 -69.5 5.663457068873787 17
0004 0003 7 1671198677640097 240.875 -72.0 4.988505522204105 17
0004 0003 8 1671198677666749 39.0 -74.5 5.859806609723149 17
0004 0005 8 1671198677668936 -3.25 -70.5 5.098952138931871 17
0004 0015 8 1671198677669870 -94.375 -67.0 4.700117134081604 17
0004 0007 8 1671198677671034 -32.5 -71.5 1.214912784005428 17
0004 0004 1 1671198677886408 -16.25 -71.0 0.5154175447295755 17
0004 0015 2 1671198677918840 139.9375 -67.5 5.8045833013592665 17
0004 0004 3 1671198677948609 52.0625 -61.5 1.9205439464328227 17
0004 0014 4 1671198677975952 29.25 -69.5 4.816699673960914 17
0004 0015 4 1671198677977087 107.375 -67.0 3.031146036862027 17
0004 0004 4 1671198677978772 19.5 -62.5 3.141592653589793 17
0004 0015 6 1671198678038111 257.125 -69.0 0.4049709280018093 17
0004 0004 6 1671198678040137 -32.5 -72.0 2.9391071895888885 17
0004 0006 6 1671198678041412 16.25 -64.0 3.11091303783208 17
0004 0005 7 1671198678076275 100.875 -70.0 6.000932842208628 17
0004 0001 7 1671198678078386 21.125 -69.5 6.12365130523948 17
0004 0015 7 1671198678080556 19.5 -66.0 4.681709364626977 17
0004 0003 7 1671198678087678 -185.5 -72.5 5.5284667595398505 17
0004 0015 8 1671198678116383 -29.25 -66.5 4.626486056263094 17
0004 0005 8 1671198678117887 -61.8125 -72.0 5.45483568172134 17
0004 0003 8 1671198678119690 9.75 -74.0 0.11658253987930872 17
0004 0007 8 1671198678121153 16.25 -70.5 1.3744467859455345 17
0004 0004 1 1671198678338880 -32.5 -69.5 0.8958447801252144 17
0004 0005 1 1671198678339831 91.125 -73.5 1.043106935762236 17
0004 0007 2 1671198678366313 71.5625 -66.5 1.2946797849754812 17
0004 0015 2 1671198678368127 65.0625 -65.5 5.724816300389213 17
0004 0004 2 1671198678369912 9.75 -64.0 5.043728830567988 17
0004 0004 3 1671198678396408 -231.0625 -71.0 3.368621810196868 17
0004 0006 3 1671198678397541 -52.0625 -62.5 2.1598449493429825 17
0004 0006 4 1671198678426105 -3.25 -61.5 2.7120780329818137 17
0004 0014 4 1671198678428404 -156.1875 -67.5 5.540738605842936 17
0004 0015 4 1671198678429723 45.5625 -67.0 2.804116880254952 17
0004 0010 4 1671198678431155 32.5 -68.0 4.522175362686871 17
0004 0004 5 1671198678457406 6.5 -60.0 1.6014759425526093 17
0004 0008 5 1671198678458301 -29.25 -62.0 4.325825821837508 17
0004 0010 5 1671198678459729 -130.1875 -67.0 5.964117303299373 17
0004 0009 5 1671198678463233 169.25 -70.5 4.822835597112456 17
0004 0007 5 1671198678468337 -78.0625 -68.5 3.6570101983193686 17
0004 0015 6 1671198678496140 9.75 -65.5 1.3499030933393643 17
0004 0002 6 1671198678497931 -42.3125 -71.5 3.7429131224409646 17
0004 0010 6 1671198678499363 139.9375 -70.5 2.4175537217077703 17
0004 0007 6 1671198678500310 -19.5 -67.5 0.9817477042468103 17
0004 0008 6 1671198678501244 -13.0 -61.5 2.4605051837685683 17
0004 0004 6 1671198678502206 -9.75 -55.5 2.2396119503130363 17
0004 0001 6 1671198678503978 107.375 -73.0 0.22089323345553233 17
0004 0015 7 1671198678526867 -143.1875 -64.5 5.031456984264903 17
0004 0004 7 1671198678527917 -48.8125 -69.0 3.055689729468197 17
0004 0005 7 1671198678529137 149.6875 -66.0 3.104777114680538 17
0004 0003 7 1671198678530062 65.0625 -63.5 1.4787574795217582 17
0004 0008 7 1671198678531223 58.5625 -62.0 1.6444274046134073 17
0004 0007 7 1671198678533010 97.625 -65.0 1.3744467859455345 17
0004 0011 7 1671198678533969 -3.25 -70.5 4.9823695990525625 17
0004 0009 7 1671198678534937 -58.5625 -65.0 5.859806609723149 17
0004 0002 7 1671198678535974 -35.75 -71.0 5.111223985234957 17
0004 0014 8 1671198678565911 -35.75 -70.0 0.5092816215780329 17
0004 0005 8 1671198678566821 126.9375 -66.0 2.227340104009951 17
0004 0011 8 1671198678567707 7.3125 -70.0 5.092816215780329 17
0004 0003 8 1671198678568859 -19.5 -60.0 0.8835729338221293 17
0004 0001 8 1671198678569804 -65.875 -72.5 5.755495916146925 17
0004 0006 8 1671198678570938 -91.125 -73.0 0.11658253987930872 17
0004 0004 8 1671198678572325 -6.5 -66.0 2.675262494072558 17
0004 0007 8 1671198678573972 -29.25 -67.0 5.546874528994478 17
0004 0015 8 1671198678574878 -29.25 -68.0 5.160311370447297 17
0004 0009 8 1671198678577515 84.625 -69.0 0.8713010875190442 17
0004 0005 1 1671198678797370 16.25 -66.5 0.1595340019401067 17
0004 0008 1 1671198678798361 9.75 -65.0 0.4540583132141498 17
0004 0004 1 1671198678800318 -65.0625 -71.0 5.246214294568893 17
0004 0001 1 1671198678801379 38.1875 -70.5 0.5276893910326605 17
0004 0015 1 1671198678802764 -3.25 -71.5 5.252350217720435 17
0004 0015 2 1671198678828066 16.25 -67.0 6.215690152512618 17
0004 0004 3 1671198678876705 -136.6875 -63.5 0.23930100291016002 17
0004 0002 4 1671198678913132 16.25 -68.5 0.8099418560036186 17
0004 0004 4 1671198678915825 -19.5 -64.5 1.1903690913992575 17
0004 0015 4 1671198678917432 9.75 -65.5 2.767301341345697 17
0004 0007 4 1671198678921517 61.8125 -68.0 5.902758071783947 17
0004 0014 4 1671198678923134 -97.625 -68.5 6.080699843178682 17
0004 0008 5 1671198678946612 42.3125 -60.5 5.019185137961818 17
0004 0009 5 1671198678947913 -29.25 -60.0 4.534447208989955 17
0004 0005 5 1671198678951413 -48.8125 -71.0 5.411884219660542 17
0004 0002 5 1671198678952978 39.0 -67.0 5.700272607783043 17
0004 0006 5 1671198678958622 26.0 -71.0 2.9391071895888885 17
0004 0004 6 1671198678995916 -6.5 -58.5 5.64504929941916 17
0004 0005 6 1671198678997147 0.0 -72.5 0.09203884727313846 17
0004 0014 6 1671198678998081 0.0 -72.5 5.853670686571607 17
0004 0009 6 1671198678999059 0.0 -67.5 1.4910293258248433 17
0004 0002 6 1671198679001472 -61.8125 -64.0 3.6263305825616556 17
0004 0011 6 1671198679002417 24.375 -65.5 2.478912953223196 17
0004 0008 6 1671198679004073 -6.5 -58.5 5.037592907416445 17
0004 0015 6 1671198679005006 -6.5 -64.5 0.9572040116406401 17
0004 0007 6 1671198679007308 110.625 -73.5 1.8714565612204823 17
0004 0000 7 1671198679036079 -58.5625 -64.0 1.41126232485479 17
0004 0001 7 1671198679037053 83.0 -66.0 4.792155981354743 17
0004 0009 7 1671198679038284 -22.75 -58.5 4.09266074207889 17
0004 0002 7 1671198679039222 -6.5 -66.5 0.17794177139473438 17
0004 0010 7 1671198679040954 84.625 -69.0 2.5770877236478773 17
0004 0015 7 1671198679042126 19.5 -65.5 4.178563666200486 17
0004 0008 7 1671198679043060 -29.25 -53.0 3.8533597391687304 17
0004 0004 7 1671198679044052 26.0 -63.5 2.6323110320117604 17
0004 0007 7 1671198679046247 84.625 -65.0 2.3746022596469727 17
0004 0003 7 1671198679047287 266.875 -70.5 1.509437095279471 17
0004 0006 7 1671198679048446 -9.75 -66.0 5.939573610693203 17
0004 0005 7 1671198679049882 -29.25 -69.0 6.240233845118788 17
0004 0004 8 1671198679075833 48.8125 -61.0 0.4295146206079795 17
0004 0003 8 1671198679078117 16.25 -71.0 1.521708941582556 17
0004 0011 8 1671198679079632 -17.0625 -57.0 4.381049130201391 17
0004 0015 8 1671198679080566 -22.75 -65.5 4.608078286808466 17
0004 0008 8 1671198679081543 -16.25 -65.0 0.34974761963792617 17
0004 0009 8 1671198679082520 -19.5 -61.5 5.270757987175063 17
0004 0005 8 1671198679084259 -6.5 -65.5 0.8099418560036186 17
0004 0014 8 1671198679085208 -6.5 -69.5 0.2086213871524472 17
0004 0007 8 1671198679086457 123.6875 -65.5 0.30679615757712825 17
0004 0001 8 1671198679088865 35.75 -70.5 2.6016314162540475 17
0004 0010 8 1671198679090426 -94.375 -69.0 3.9760782021995817 17
0004 0007 1 1671198679306125 -143.1875 -70.0 2.6568547246179306 17
0004 0005 1 1671198679309330 35.75 -65.0 4.2031073588066565 17
0004 0015 1 1671198679314638 188.75 -71.5 5.43029198911517 17
0004 0015 2 1671198679335826 19.5 -67.0 0.5276893910326605 17
0004 0004 3 1671198679367952 -19.5 -61.0 4.700117134081604 17
0004 0010 3 1671198679369882 -185.5 -67.5 4.632621979414636 17
0004 0015 3 1671198679370844 68.3125 -70.5 2.4175537217077703 17
0004 0002 4 1671198679396087 -156.1875 -67.0 3.2520392703175593 17
0004 0014 4 1671198679397048 78.0625 -68.0 5.841398840268521 17
0004 0015 4 1671198679398024 22.75 -65.5 2.5464081078901644 17
0004 0008 4 1671198679400989 100.875 -65.5 0.6013204688511713 17
0004 0004 4 1671198679402747 35.75 -62.0 4.104932588381976 17
0004 0005 4 1671198679403911 42.3125 -66.5 6.129787228391022 17
0004 0009 5 1671198679427518 6.5 -58.0 4.700117134081604 17
0004 0006 5 1671198679428531 -55.3125 -68.5 1.1596894756415448 17
0004 0010 5 1671198679429958 -13.0 -66.5 1.9819031779482483 17
0004 0004 5 1671198679430966 -42.3125 -69.0 2.767301341345697 17
0004 0005 5 1671198679431876 -22.75 -67.0 4.227651051412827 17
0004 0002 6 1671198679466727 48.8125 -68.5 5.896622148632405 17
0004 0004 6 1671198679467645 -3.25 -63.5 4.28287435977671 17
0004 0014 6 1671198679469088 -166.0 -72.0 5.841398840268521 17
0004 0010 6 1671198679471167 100.875 -66.0 0.7915340865489908 17
0004 0009 6 1671198679472129 -22.75 -62.0 1.9144080232812801 17
0004 0005 6 1671198679473521 -35.75 -68.5 0.5092816215780329 17
0004 0008 6 1671198679474749 -3.25 -61.0 4.28287435977671 17
0004 0011 6 1671198679476590 -24.375 -62.5 1.8223691760081417 17
0004 0015 6 1671198679477551 19.5 -65.0 0.760854470791278 17
0004 0015 7 1671198679505834 -39.0 -64.0 4.540583132141498 17
0004 0007 7 1671198679507070 -152.9375 -69.0 5.049864753719531 17
0004 0008 7 1671198679508271 6.5 -56.0 3.5281558121369745 17
0004 0009 7 1671198679509191 -6.5 -55.5 4.4976316700806995 17
0004 0005 7 1671198679510653 -13.0 -62.0 4.06811704947272 17
0004 0002 7 1671198679512105 -146.4375 -70.5 5.00077736850719 17
0004 0000 7 1671198679513535 -32.5 -65.0 5.755495916146925 17
0004 0010 7 1671198679514470 169.25 -67.0 1.8100973297050567 17
0004 0004 7 1671198679516284 58.5625 -62.5 0.14726215563702155 17
0004 0010 8 1671198679545899 -26.0 -67.0 3.0802334220743677 17
0004 0005 8 1671198679546820 3.25 -56.5 5.767767762450011 17
0004 0007 8 1671198679547773 -29.25 -67.5 3.5036121195308043 17
0004 0011 8 1671198679549171 -30.875 -58.5 4.074252972624263 17
0004 0001 8 1671198679551069 -121.25 -70.0 4.460816131171445 17
0004 0006 8 1671198679552504 -55.3125 -70.5 5.66959299202533 17
0004 0004 8 1671198679554029 -6.5 -61.0 5.0682725231741586 17
0004 0008 8 1671198679555913 -84.625 -67.5 5.608233760509904 17
0004 0009 8 1671198679556862 -42.3125 -60.5 4.221515128261284 17
0004 0015 8 1671198679558095 -65.0625 -66.0 4.693981210930062 17
0004 0014 8 1671198679559455 91.125 -67.5 0.018407769454627694 17
0004 0003 8 1671198679561412 71.5625 -75.0 5.841398840268521 17
0004 0015 1 1671198679777179 19.5 -71.0 6.000932842208628 17
0004 0005 1 1671198679778387 -32.5 -65.5 3.816544200259475 17
0004 0007 1 1671198679784990 61.8125 -70.5 1.5401167110371838 17
0004 0015 2 1671198679807217 -19.5 -66.0 0.8099418560036186 17
0004 0010 3 1671198679837135 22.75 -69.5 4.473087977474529 17
0004 0004 3 1671198679840042 -78.0625 -66.5 5.154175447295755 17
0004 0004 4 1671198679866322 6.5 -63.5 3.9515345095934116 17
0004 0015 4 1671198679867243 -87.875 -65.0 2.761165418194154 17
0004 0008 4 1671198679869595 -58.5625 -67.5 0.6933593161243098 17
0004 0014 4 1671198679871153 16.25 -66.5 6.062292073724054 17
0004 0005 4 1671198679872930 -45.5625 -67.5 6.191146459906448 17
0004 0002 4 1671198679873868 104.125 -66.5 2.9391071895888885 17
0004 0009 5 1671198679896616 -13.0 -59.0 4.154019973594316 17
0004 0005 5 1671198679898194 84.625 -67.0 3.706097583531709 17
0004 0004 5 1671198679900883 3.25 -59.5 2.5709518004963345 17
0004 0010 5 1671198679902413 84.625 -69.0 1.9819031779482483 17
0004 0006 5 1671198679903391 -13.0 -72.5 5.4671075280244255 17
0004 0000 5 1671198679907115 -65.0625 -69.5 5.798447378207723 17
0004 0002 6 1671198679937468 68.3125 -68.0 5.853670686571607 17
0004 0008 6 1671198679938683 -3.25 -60.5 4.037437433715008 17
0004 0014 6 1671198679940123 0.0 -71.0 5.4671075280244255 17
0004 0009 6 1671198679941089 -6.5 -62.0 1.6382914814618648 17
0004 0005 6 1671198679943742 -52.0625 -69.0 0.2270291566070749 17
0004 0011 6 1671198679944674 59.375 -62.5 1.576932249946439 17
0004 0015 6 1671198679945648 -22.75 -66.0 0.7547185476397354 17
0004 0010 6 1671198679947208 16.25 -67.5 0.6565437772150544 17
0004 0008 7 1671198679977702 19.5 -56.0 3.32567034813607 17
0004 0000 7 1671198679979035 3.25 -65.0 5.681864838328415 17
0004 0015 7 1671198679979954 6.5 -65.0 4.460816131171445 17
0004 0007 7 1671198679980880 -55.3125 -67.5 5.270757987175063 17
0004 0004 7 1671198679982505 35.75 -63.0 6.056156150572511 17
0004 0009 7 1671198679983408 -9.75 -56.0 4.301282129231338 17
0004 0010 7 1671198679984331 29.25 -68.0 1.846912868614312 17
0004 0005 7 1671198679985269 29.25 -62.0 3.902447124381071 17
0004 0002 7 1671198679990050 -192.0 -71.0 4.71238898038469 17
0004 0008 8 1671198680015932 -19.5 -66.5 5.638913376267617 17
0004 0006 8 1671198680017107 -3.25 -71.0 4.2092432819582 17
0004 0010 8 1671198680018553 3.25 -67.0 2.8532042654672924 17
0004 0011 8 1671198680019965 -30.875 -58.5 3.9576704327449543 17
0004 0009 8 1671198680021124 -3.25 -61.0 4.006757817957295 17
0004 0007 8 1671198680022106 -26.0 -69.0 3.2029518851052186 17
0004 0004 8 1671198680023295 -22.75 -64.5 5.405748296509 17
0004 0005 8 1671198680024260 19.5 -57.0 5.730952223540755 17
0004 0001 8 1671198680026338 -6.5 -70.5 3.9392626632903265 17
0004 0015 8 1671198680027684 -13.0 -66.0 4.71238898038469 17
0004 0014 8 1671198680029353 32.5 -67.5 0.05522330836388308 17
0004 0003 8 1671198680033315 172.5 -76.5 6.037748381117884 17
0004 0005 1 1671198680247393 19.5 -65.0 3.368621810196868 17
0004 0007 1 1671198680249267 -6.5 -73.0 1.6812429435226628 17
0004 0015 1 1671198680251077 0.0 -72.0 6.031612457966341 17
0004 0015 2 1671198680277433 -19.5 -66.0 0.7853981633974483 17
0004 0004 3 1671198680307806 -91.125 -69.5 5.283029833478148 17
0004 0010 3 1671198680310019 126.9375 -70.0 4.215379205109742 17
0004 0015 3 1671198680310994 -16.25 -71.5 2.9820586516496865 17
0004 0004 4 1671198680335873 -19.5 -66.0 3.933126740138784 17
0004 0015 4 1671198680337044 16.25 -64.0 2.6139032625571326 17
0004 0008 4 1671198680338986 32.5 -66.5 0.705631162427395 17
0004 0014 4 1671198680340443 -6.5 -66.0 6.056156150572511 17
0004 0002 4 1671198680343765 3.25 -66.5 2.767301341345697 17
0004 0005 4 1671198680344716 22.75 -68.0 6.074563920027139 17
0004 0009 5 1671198680367116 3.25 -59.5 4.000621894805752 17
0004 0002 5 1671198680368057 208.3125 -72.5 1.8653206380689396 17
0004 0010 5 1671198680369004 -123.6875 -69.5 2.3746022596469727 17
0004 0000 5 1671198680369951 -22.75 -70.5 5.8045833013592665 17
0004 0004 5 1671198680371138 -3.25 -59.0 2.4727770300716534 17
0004 0005 5 1671198680372120 52.0625 -67.0 3.8840393549264434 17
0004 0006 5 1671198680373084 159.5 -72.0 4.675573441475434 17
0004 0009 6 1671198680395829 22.75 -63.0 1.607611865704152 17
0004 0002 6 1671198680396766 -9.75 -68.0 0.0674951546669682 17
0004 0008 6 1671198680398410 3.25 -59.0 4.111068511533518 17
0004 0015 6 1671198680400109 16.25 -66.0 0.7363107781851077 17
0004 0011 6 1671198680401295 13.8125 -63.0 1.6321555583103222 17
0004 0014 6 1671198680402695 6.5 -70.0 5.522330836388308 17
0004 0004 6 1671198680404004 -26.0 -67.0 4.06811704947272 17
0004 0005 6 1671198680404967 -3.25 -69.5 0.11658253987930872 17
0004 0010 6 1671198680406160 -52.0625 -68.0 0.7424467013366504 17
0004 0005 7 1671198680436182 0.0 -61.5 3.822680123411018 17
0004 0010 7 1671198680437136 71.5625 -67.0 1.8714565612204823 17
0004 0008 7 1671198680438352 6.5 -55.0 3.2581751934691017 17
0004 0009 7 1671198680439245 -35.75 -56.5 4.184699589352029 17
0004 0015 7 1671198680440208 -55.3125 -64.5 4.601942363656923 17
0004 0004 7 1671198680443065 9.75 -63.0 5.9088939949354895 17
0004 0007 7 1671198680444131 -97.625 -68.0 5.013049214810275 17
0004 0000 7 1671198680445960 -13.0 -64.5 5.724816300389213 17
0004 0002 7 1671198680446940 -61.8125 -70.5 4.669437518323892 17
0004 0015 8 1671198680486847 -13.0 -66.0 4.7860200582032 17
0004 0010 8 1671198680488420 48.8125 -67.5 2.84706834231575 17
0004 0005 8 1671198680489370 13.0 -57.5 5.773903685601553 17
0004 0004 8 1671198680490575 -16.25 -67.0 5.602097837358362 17
0004 0007 8 1671198680491514 -52.0625 -67.0 2.4605051837685683 17
0004 0009 8 1671198680493192 6.5 -60.5 4.252194744018997 17
0004 0008 8 1671198680494142 -71.5625 -66.5 5.786175531904639 17
0004 0011 8 1671198680495102 -34.9375 -58.5 3.902447124381071 17
0004 0014 8 1671198680496445 9.75 -68.0 0.0 17
0004 0006 8 1671198680497751 19.5 -72.0 3.749049045592507 17
0004 0001 8 1671198680498954 135.0625 -70.5 4.3933209765044765 17
0004 0003 8 1671198680500331 -205.0625 -73.5 0.23316507975861744 17
0004 0015 1 1671198680716572 19.5 -72.0 6.068427996875596 17
0004 0005 1 1671198680721460 9.75 -65.5 2.9943304979527716 17
0004 0007 1 1671198680722772 -195.25 -73.0 1.761009944492716 17
0004 0015 2 1671198680747456 -22.75 -66.5 0.8099418560036186 17
0004 0010 3 1671198680776528 26.0 -68.0 4.491495746929157 17
0004 0015 3 1671198680780230 374.3125 -70.0 2.337786720737717 17
0004 0004 3 1671198680785020 26.0 -69.0 4.957825906446392 17
0004 0002 4 1671198680821959 -68.3125 -66.0 2.350058567040802 17
0004 0005 4 1671198680824029 13.0 -69.0 6.19728238305799 17
0004 0014 4 1671198680826349 -32.5 -66.5 6.154330920997192 17
0004 0008 4 1671198680828176 16.25 -64.0 0.803805932852076 17
0004 0015 4 1671198680829109 19.5 -64.5 2.6261751088602177 17
0004 0004 4 1671198680830189 55.3125 -69.0 3.5956509668039427 17
0004 0000 5 1671198680855848 -32.5 -70.5 6.209554229361076 17
0004 0004 5 1671198680856813 -19.5 -58.5 2.5464081078901644 17
0004 0010 5 1671198680858712 -32.5 -68.5 1.9205439464328227 17
0004 0009 5 1671198680861538 3.25 -59.5 3.9760782021995817 17
0004 0005 5 1671198680865177 -35.75 -67.0 4.080388895775806 17
0004 0002 5 1671198680866172 13.0 -71.5 2.2948352586769194 17
0004 0002 6 1671198680886337 -35.75 -67.0 0.4908738521234052 17
0004 0015 6 1671198680887298 65.0625 -66.0 0.6565437772150544 17
0004 0009 6 1671198680888202 3.25 -63.5 1.1658253987930873 17
0004 0008 6 1671198680889450 3.25 -58.0 4.172427743048944 17
0004 0005 6 1671198680890956 58.5625 -70.5 6.215690152512618 17
0004 0004 6 1671198680892159 -29.25 -63.0 4.147884050442774 17
0004 0010 6 1671198680893644 45.5625 -68.0 0.7792622402459057 17
0004 0011 6 1671198680894575 45.5625 -63.5 1.564660403643354 17
0004 0014 6 1671198680896804 -48.8125 -70.5 5.589825991055276 17
0004 0010 7 1671198680926503 -42.3125 -68.0 2.1046216409791 17
0004 0000 7 1671198680927681 -52.0625 -64.0 6.117515382087937 17
0004 0004 7 1671198680928643 -16.25 -64.5 5.93343768754166 17
0004 0005 7 1671198680929878 19.5 -61.5 3.792000507653305 17
0004 0008 7 1671198680930824 9.75 -54.0 3.3747577333484107 17
0004 0002 7 1671198680932277 -107.375 -69.0 4.865787059173254 17
0004 0009 7 1671198680933479 -26.0 -57.5 3.6079228131070282 17
0004 0015 7 1671198680934652 39.0 -65.5 4.270602513473625 17
0004 0007 7 1671198680935886 71.5625 -69.0 4.424000592262189 17
0004 0012 7 1671198680938336 -136.6875 -72.0 4.325825821837508 17
0004 0006 8 1671198680966707 -16.25 -72.5 3.9760782021995817 17
0004 0009 8 1671198680967641 -26.0 -61.5 4.0987966652304335 17
0004 0007 8 1671198680969059 22.75 -65.5 2.018718716857504 17
0004 0004 8 1671198680969982 -55.3125 -71.0 5.8475347634200645 17
0004 0005 8 1671198680971653 13.0 -57.5 5.872078456026235 17
0004 0010 8 1671198680972786 -6.5 -67.5 2.816388726558037 17
0004 0011 8 1671198680973743 0.0 -59.0 3.749049045592507 17
0004 0008 8 1671198680975575 -29.25 -67.5 5.872078456026235 17
0004 0001 8 1671198680978088 -38.1875 -70.0 5.4671075280244255 17
0004 0015 8 1671198680979066 -52.0625 -66.0 4.828971520263998 17
0004 0014 8 1671198680981601 -13.0 -68.0 6.277049384028044 17
0004 0003 8 1671198680982894 61.8125 -74.0 0.09203884727313846 17
0004 0005 1 1671198681198602 22.75 -65.0 2.7550294950426117 17
0004 0015 1 1671198681199564 42.3125 -70.0 5.780039608753096 17
0004 0015 2 1671198681235848 -3.25 -65.0 0.7301748550335652 17
0004 0008 4 1671198681306863 29.25 -63.5 0.6994952392758523 17
0004 0002 4 1671198681308437 152.9375 -66.0 1.9082721001297376 17
0004 0005 4 1671198681309755 -22.75 -69.5 6.2463697682703305 17
0004 0014 4 1671198681310747 -120.4375 -66.0 6.215690152512618 17
0004 0015 4 1671198681311906 -26.0 -65.0 2.6875343403756435 17
0004 0004 5 1671198681335932 -35.75 -58.0 2.6016314162540475 17
0004 0002 5 1671198681337648 -224.5625 -72.5 2.804116880254952 17
0004 0009 5 1671198681339911 9.75 -60.5 3.8963112012295285 17
0004 0010 5 1671198681342176 188.75 -68.5 1.6198837120072371 17
0004 0005 5 1671198681343114 143.1875 -67.0 3.8963112012295285 17
0004 0000 5 1671198681344628 42.3125 -70.5 0.14726215563702155 17
0004 0008 6 1671198681375866 -6.5 -57.5 4.319689898685965 17
0004 0015 6 1671198681377511 -52.0625 -66.0 0.8160777791551611 17
0004 0011 6 1671198681379371 13.8125 -64.0 1.607611865704152 17
0004 0010 6 1671198681380333 -6.5 -69.5 0.9142525495798421 17
0004 0014 6 1671198681382956 -65.0625 -71.0 5.638913376267617 17
0004 0004 6 1671198681383903 -19.5 -61.5 4.227651051412827 17
0004 0009 6 1671198681385075 -3.25 -64.0 1.2087768608538851 17
0004 0002 6 1671198681386157 55.3125 -66.5 0.6258641614573416 17
0004 0005 6 1671198681388246 58.5625 -70.5 0.09203884727313846 17
0004 0005 7 1671198681416917 45.5625 -61.5 3.77972866135022 17
0004 0002 7 1671198681417985 55.3125 -70.0 4.804427827657828 17
0004 0008 7 1671198681418934 -19.5 -54.0 3.479068426924634 17
0004 0004 7 1671198681420167 -58.5625 -65.0 5.994796919057086 17
0004 0000 7 1671198681421144 -3.25 -64.0 6.2463697682703305 17
0004 0010 7 1671198681422080 -9.75 -67.0 2.018718716857504 17
0004 0015 7 1671198681423044 13.0 -65.5 4.25833066717054 17
0004 0009 7 1671198681424393 -32.5 -58.0 3.6079228131070282 17
0004 0012 7 1671198681425868 -218.0625 -70.0 4.227651051412827 17
0004 0007 7 1671198681428305 -22.75 -70.5 4.503767593232243 17
0004 0011 8 1671198681456782 0.0 -59.5 3.724505352986337 17
0004 0007 8 1671198681457809 -13.0 -66.0 1.8775924843720249 17
0004 0005 8 1671198681458746 -26.0 -57.5 5.970253226450915 17
0004 0015 8 1671198681459722 -71.5625 -66.0 4.884194828627882 17
0004 0009 8 1671198681461181 -13.0 -61.5 4.1601558967458585 17
0004 0006 8 1671198681462122 -224.5625 -73.0 4.06811704947272 17
0004 0014 8 1671198681463495 52.0625 -68.5 6.209554229361076 17
0004 0001 8 1671198681464723 -65.875 -69.5 5.64504929941916 17
0004 0008 8 1671198681466518 -32.5 -67.0 5.890486225480862 17
0004 0010 8 1671198681469351 -65.0625 -67.5 2.9636508821950587 17
0004 0003 8 1671198681470432 -130.1875 -73.5 0.5890486225480862 17
0004 0005 1 1671198681689297 -16.25 -65.0 2.8532042654672924 17
0004 0015 1 1671198681690217 -42.3125 -71.0 6.007068765360171 17
0004 0015 2 1671198681718559 19.5 -66.0 0.6504078540635119 17
0004 0010 3 1671198681760351 -19.5 -68.0 4.491495746929157 17
0004 0015 3 1671198681761668 -58.5625 -71.5 2.60776733940559 17
0004 0015 4 1671198681786966 16.25 -64.0 2.662990647769473 17
0004 0002 4 1671198681788529 42.3125 -66.0 2.061670178918302 17
0004 0014 4 1671198681793155 6.5 -66.5 6.031612457966341 17
0004 0008 4 1671198681794132 3.25 -63.5 0.760854470791278 17
0004 0005 4 1671198681795442 -87.875 -69.5 0.03681553890925539 17
0004 0002 5 1671198681816098 -152.9375 -71.0 2.8102528034064944 17
0004 0004 5 1671198681817555 26.0 -58.0 2.5402721847386216 17
0004 0005 5 1671198681819642 -100.875 -65.5 4.270602513473625 17
0004 0010 5 1671198681821188 146.4375 -68.0 1.552388557340269 17
0004 0009 5 1671198681822603 -35.75 -61.0 3.9269908169872414 17
0004 0000 5 1671198681823907 -123.6875 -70.5 0.3865631585471816 17
0004 0014 6 1671198681845883 -123.6875 -70.5 5.632777453116074 17
0004 0010 6 1671198681847058 117.125 -69.5 0.6994952392758523 17
0004 0008 6 1671198681848021 -3.25 -58.0 4.319689898685965 17
0004 0002 6 1671198681850442 22.75 -67.0 0.6994952392758523 17
0004 0015 6 1671198681852709 16.25 -65.5 0.7117670855789375 17
0004 0009 6 1671198681853899 16.25 -64.0 1.1658253987930873 17
0004 0011 6 1671198681855059 45.5625 -64.5 1.576932249946439 17
0004 0004 6 1671198681855950 -13.0 -60.5 4.2092432819582 17
0004 0005 6 1671198681858592 35.75 -70.0 0.0859029241215959 17
0004 0002 7 1671198681886232 68.3125 -70.0 4.651029748869264 17
0004 0008 7 1671198681888042 6.5 -54.0 3.429981041712294 17
0004 0015 7 1671198681889035 130.1875 -65.0 4.1417481272912315 17
0004 0005 7 1671198681889997 13.0 -61.0 3.8288160465625602 17
0004 0009 7 1671198681891455 -32.5 -57.5 3.5588354278946874 17
0004 0010 7 1671198681892391 -26.0 -67.0 1.945087639038993 17
0004 0004 7 1671198681893750 39.0 -64.5 5.6941366846315 17
0004 0000 7 1671198681894699 -74.8125 -64.0 6.258641614573416 17
0004 0007 7 1671198681896332 -19.5 -70.5 4.289010282928253 17
0004 0008 8 1671198681946440 -6.5 -66.5 5.884350302329319 17
0004 0014 8 1671198681948549 100.875 -68.0 6.105243535784852 17
0004 0001 8 1671198681949481 -7.3125 -69.0 5.460971604872882 17
0004 0011 8 1671198681950668 -24.375 -59.0 3.810408277107933 17
0004 0010 8 1671198681951632 58.5625 -68.0 2.761165418194154 17
0004 0015 8 1671198681952590 0.0 -65.5 4.73693267299086 17
0004 0009 8 1671198681954114 -35.75 -61.0 4.154019973594316 17
0004 0005 8 1671198681955105 -13.0 -57.5 5.945709533844745 17
0004 0003 8 1671198681956171 -152.9375 -73.5 0.5276893910326605 17
0004 0007 8 1671198681957094 35.75 -65.5 1.8346410223112268 17
0004 0006 8 1671198681958200 -87.875 -73.5 4.0128937411088375 17
