0004 0007 1 1671199645406128 120.4375 -71.0 0.5031456984264903 19
0004 0000 1 1671199645407092 61.8125 -68.0 2.36846633649543 19
0004 0001 1 1671199645408082 -65.875 -70.0 3.3011266555298997 19
0004 0005 1 1671199645408992 32.5 -63.0 0.34974761963792617 19
0004 0008 1 1671199645410678 -13.0 -64.5 3.5711072741977725 19
0004 0011 1 1671199645411851 17.0625 -66.5 6.1420590746941075 19
0004 0009 1 1671199645412801 -78.0625 -69.5 2.9513790358919736 19
0004 0005 2 1671199645436680 -19.5 -62.5 1.0492428589137786 19
0004 0001 2 1671199645438267 65.875 -64.0 2.6016314162540475 19
0004 0011 2 1671199645440081 -93.5625 -63.0 4.491495746929157 19
0004 0006 3 1671199645467318 -35.75 -66.0 3.0802334220743677 19
0004 0011 3 1671199645468685 0.0 -60.5 0.12885438618239387 19
0004 0004 3 1671199645469865 48.8125 -57.5 2.761165418194154 19
0004 0005 3 1671199645470817 52.0625 -69.0 2.313243028131547 19
0004 0008 3 1671199645471795 -71.5625 -65.5 5.737088146692298 19
0004 0001 3 1671199645473348 -3.25 -61.5 3.9760782021995817 19
0004 0002 4 1671199645505850 -71.5625 -72.0 0.9633399347921826 19
0004 0007 4 1671199645507255 58.5625 -66.0 0.36815538909255385 19
0004 0001 4 1671199645508213 -13.8125 -61.0 3.718369429834794 19
0004 0008 4 1671199645509657 26.0 -62.5 1.9512235621905356 19
0004 0009 4 1671199645512715 -16.25 -59.5 1.718058482431918 19
0004 0005 4 1671199645513695 45.5625 -60.5 3.9699422790480394 19
0004 0010 4 1671199645514626 3.25 -59.5 5.442563835418255 19
0004 0003 4 1671199645516062 61.8125 -75.0 4.479223900626073 19
0004 0011 4 1671199645516977 10.5625 -61.0 6.166602767300278 19
0004 0015 4 1671199645519256 -45.5625 -72.5 4.73693267299086 19
0004 0004 4 1671199645520148 -52.0625 -68.0 2.9697868053466014 19
0004 0008 5 1671199645545943 -29.25 -69.0 2.1230294104337273 19
0004 0007 5 1671199645546893 19.5 -63.0 0.5276893910326605 19
0004 0015 5 1671199645548252 68.3125 -71.5 2.675262494072558 19
0004 0005 5 1671199645550459 -3.25 -70.0 1.8223691760081417 19
0004 0009 5 1671199645551439 -39.0 -64.0 3.472932503773092 19
0004 0010 5 1671199645553160 32.5 -63.0 2.9759227284981438 19
0004 0006 5 1671199645554352 -94.375 -67.0 0.8222137023067037 19
0004 0004 5 1671199645555287 29.25 -56.5 0.02454369260617026 19
0004 0009 6 1671199645585887 16.25 -64.5 1.055378782065321 19
0004 0011 6 1671199645586834 -3.25 -59.0 2.724349879284899 19
0004 0004 6 1671199645587813 32.5 -66.5 1.3130875544301088 19
0004 0010 6 1671199645590731 35.75 -60.5 2.5586799541932495 19
0004 0005 6 1671199645592145 22.75 -64.5 0.48473792897186263 19
0004 0001 6 1671199645593450 -121.25 -68.5 0.8528933180644165 19
0004 0000 6 1671199645594370 -19.5 -68.0 0.1227184630308513 19
0004 0006 6 1671199645596923 78.0625 -68.0 5.442563835418255 19
0004 0005 7 1671199645636133 -3.25 -63.0 2.724349879284899 19
0004 0011 7 1671199645638788 59.375 -66.5 1.9082721001297376 19
0004 0009 7 1671199645640843 -16.25 -61.0 2.000310947402876 19
0004 0010 7 1671199645642884 179.0 -70.0 4.749204519293945 19
0004 0007 7 1671199645646886 84.625 -70.5 0.030679615757712823 19
0004 0007 8 1671199645675881 -19.5 -69.0 1.5401167110371838 19
0004 0008 8 1671199645680286 -68.3125 -68.5 5.522330836388308 19
0004 0004 8 1671199645681265 19.5 -67.0 1.3621749396424494 19
0004 0011 8 1671199645682183 21.125 -62.5 3.9453985864418692 19
0004 0001 8 1671199645683273 45.5625 -71.0 0.380427235395639 19
0004 0000 1 1671199645896182 65.0625 -67.5 2.3009711818284617 19
0004 0009 1 1671199645897670 -42.3125 -69.5 2.9575149590435164 19
0004 0011 1 1671199645898615 -69.125 -66.0 0.07363107781851078 19
0004 0001 1 1671199645899833 -128.5625 -69.5 3.429981041712294 19
0004 0005 1 1671199645901264 42.3125 -63.0 0.28225246497095796 19
0004 0008 1 1671199645902453 -65.0625 -64.0 3.6324665057131984 19
0004 0007 1 1671199645908148 188.75 -73.0 0.5460971604872883 19
0004 0001 2 1671199645937220 -30.875 -64.0 2.736621725587984 19
0004 0011 2 1671199645938182 -45.5625 -61.5 4.522175362686871 19
0004 0005 2 1671199645940351 71.5625 -62.0 0.9019807032767571 19
0004 0008 3 1671199645966972 48.8125 -65.0 5.47937937432751 19
0004 0002 3 1671199645968552 468.6875 -72.0 1.5892040962495242 19
0004 0004 3 1671199645969555 13.0 -57.5 2.767301341345697 19
0004 0011 3 1671199645970488 38.1875 -61.5 0.06135923151542565 19
0004 0006 3 1671199645971426 152.9375 -65.5 2.9084275738311756 19
0004 0001 3 1671199645972397 13.8125 -61.5 3.9085830475326135 19
0004 0005 3 1671199645973676 169.25 -69.0 2.086213871524472 19
0004 0010 4 1671199646006078 -16.25 -59.0 5.583690067903734 19
0004 0008 4 1671199646007894 -3.25 -62.5 1.9512235621905356 19
0004 0009 4 1671199646009070 -13.0 -59.0 1.7303303287350031 19
0004 0002 4 1671199646010024 -84.625 -71.0 0.8099418560036186 19
0004 0007 4 1671199646012109 123.6875 -66.0 0.17794177139473438 19
0004 0005 4 1671199646013000 -13.0 -60.5 4.104932588381976 19
0004 0001 4 1671199646013932 30.875 -61.5 3.650874275167826 19
0004 0011 4 1671199646014850 21.125 -60.5 6.1850105367549055 19
0004 0015 4 1671199646015926 -61.8125 -72.5 4.853515212870168 19
0004 0004 4 1671199646016877 107.375 -68.0 2.7120780329818137 19
0004 0003 4 1671199646019471 -35.75 -74.0 4.663301595172349 19
0004 0008 5 1671199646047320 68.3125 -68.0 1.8837284075235674 19
0004 0009 5 1671199646048326 -42.3125 -63.5 3.5711072741977725 19
0004 0010 5 1671199646049289 -45.5625 -63.5 3.055689729468197 19
0004 0015 5 1671199646050222 -32.5 -71.0 3.0066023442558567 19
0004 0004 5 1671199646051907 13.0 -56.5 0.0 19
0004 0007 5 1671199646053127 -6.5 -63.0 0.5645049299419159 19
0004 0005 5 1671199646054352 -74.8125 -69.0 1.8775924843720249 19
0004 0006 5 1671199646056652 110.625 -67.5 0.4479223900626072 19
0004 0001 6 1671199646085925 -79.75 -68.5 0.8160777791551611 19
0004 0011 6 1671199646086883 -3.25 -59.0 2.730485802436441 19
0004 0010 6 1671199646089457 -3.25 -60.5 2.650718801466388 19
0004 0009 6 1671199646090351 58.5625 -64.5 0.9572040116406401 19
0004 0005 6 1671199646091331 32.5 -65.0 0.44178646691106466 19
0004 0000 6 1671199646092292 -6.5 -67.5 0.1043106935762236 19
0004 0004 6 1671199646093712 78.0625 -66.5 1.1965050145508 19
0004 0006 6 1671199646097511 -71.5625 -68.0 5.71868037723767 19
0004 0005 7 1671199646127519 65.0625 -63.5 2.6445828783148455 19
0004 0010 7 1671199646128697 -218.0625 -69.0 5.338253141842031 19
0004 0009 7 1671199646131755 -16.25 -61.0 2.0064468705544187 19
0004 0007 7 1671199646134518 166.0 -70.5 0.05522330836388308 19
0004 0011 7 1671199646135974 87.0625 -66.0 1.7794177139473437 19
0004 0004 7 1671199646147405 97.625 -71.5 0.944932165337555 19
0004 0015 7 1671199646162477 -52.0625 -72.0 3.466796580621549 19
0004 0001 8 1671199646185948 -38.1875 -70.0 0.4540583132141498 19
0004 0011 8 1671199646187190 -3.25 -63.0 3.9944859716542096 19
0004 0007 8 1671199646191841 9.75 -69.5 1.5401167110371838 19
0004 0008 8 1671199646193475 -13.0 -69.5 5.491651220630596 19
0004 0004 8 1671199646194396 55.3125 -68.0 1.3069516312785663 19
0004 0008 1 1671199646408762 6.5 -64.5 3.5036121195308043 19
0004 0000 1 1671199646409688 52.0625 -68.0 2.270291566070749 19
0004 0005 1 1671199646411459 -42.3125 -63.5 0.44178646691106466 19
0004 0011 1 1671199646412733 -27.625 -66.0 6.209554229361076 19
0004 0009 1 1671199646414191 -136.6875 -69.5 2.8286605728611223 19
0004 0001 1 1671199646416342 -79.75 -70.0 3.2029518851052186 19
0004 0007 1 1671199646417279 -130.1875 -72.5 0.7424467013366504 19
0004 0011 2 1671199646437762 -27.625 -62.0 4.485359823777615 19
0004 0001 2 1671199646438695 34.9375 -64.5 2.718213956133356 19
0004 0005 2 1671199646439870 9.75 -62.0 1.0246991663076084 19
0004 0001 3 1671199646467242 -10.5625 -61.5 3.933126740138784 19
0004 0006 3 1671199646468632 -6.5 -66.0 3.074097498922825 19
0004 0004 3 1671199646469568 -29.25 -57.5 2.8716120349219203 19
0004 0011 3 1671199646470557 79.75 -61.0 0.006135923151542565 19
0004 0008 3 1671199646472401 87.875 -65.0 5.405748296509 19
0004 0005 3 1671199646473339 107.375 -67.0 2.2457478734645786 19
0004 0010 4 1671199646506165 -35.75 -59.5 5.559146375297564 19
0004 0001 4 1671199646507934 -13.8125 -61.0 3.693825737228624 19
0004 0002 4 1671199646509378 3.25 -71.0 0.8099418560036186 19
0004 0005 4 1671199646510528 -42.3125 -60.5 4.154019973594316 19
0004 0011 4 1671199646511516 24.375 -60.5 6.129787228391022 19
0004 0004 4 1671199646512468 52.0625 -68.0 2.8286605728611223 19
0004 0008 4 1671199646513499 6.5 -62.0 1.9757672547967058 19
0004 0009 4 1671199646514389 3.25 -60.0 1.6566992509164924 19
0004 0007 4 1671199646516019 84.625 -65.5 0.2086213871524472 19
0004 0003 4 1671199646516929 -91.125 -75.5 4.595806440505381 19
0004 0015 4 1671199646520223 -48.8125 -72.0 4.792155981354743 19
0004 0007 5 1671199646545896 -29.25 -63.0 0.607456392002714 19
0004 0004 5 1671199646547057 -13.0 -56.5 0.07363107781851078 19
0004 0015 5 1671199646547948 3.25 -71.0 2.8654761117703775 19
0004 0010 5 1671199646548842 -68.3125 -63.5 3.2029518851052186 19
0004 0006 5 1671199646550048 -55.3125 -66.5 0.7547185476397354 19
0004 0008 5 1671199646551719 58.5625 -69.0 2.055534255766759 19
0004 0011 5 1671199646553162 225.375 -70.0 5.013049214810275 19
0004 0009 5 1671199646554153 -58.5625 -65.0 3.5036121195308043 19
0004 0005 5 1671199646557033 26.0 -70.0 1.6996507129772904 19
0004 0004 6 1671199646585906 133.4375 -66.0 1.1719613219446299 19
0004 0006 6 1671199646587580 -32.5 -68.5 5.66959299202533 19
0004 0009 6 1671199646588794 19.5 -65.5 1.0185632431560658 19
0004 0010 6 1671199646589769 3.25 -60.5 2.6445828783148455 19
0004 0000 6 1671199646590766 -58.5625 -67.5 0.28225246497095796 19
0004 0007 6 1671199646592409 260.375 -73.5 3.5711072741977725 19
0004 0011 6 1671199646593887 -10.5625 -59.0 2.730485802436441 19
0004 0001 6 1671199646596079 -48.8125 -70.0 0.7485826244881929 19
0004 0005 6 1671199646598305 6.5 -65.5 0.5276893910326605 19
0004 0005 7 1671199646645865 -35.75 -62.5 2.724349879284899 19
0004 0011 7 1671199646647038 -76.4375 -66.5 2.098485717827557 19
0004 0009 7 1671199646649858 39.0 -62.0 1.8100973297050567 19
0004 0010 7 1671199646650806 32.5 -70.0 4.76147636559703 19
0004 0007 7 1671199646662550 133.4375 -72.0 0.0674951546669682 19
0004 0004 7 1671199646675707 452.4375 -72.0 0.4908738521234052 19
0004 0008 8 1671199646707365 -16.25 -69.0 5.442563835418255 19
0004 0011 8 1671199646708441 -93.5625 -62.0 4.111068511533518 19
0004 0004 8 1671199646709374 6.5 -68.0 1.3499030933393643 19
0004 0000 8 1671199646711697 91.125 -71.5 2.442097414313941 19
0004 0007 8 1671199646712664 68.3125 -68.5 1.4726215563702154 19
0004 0001 8 1671199646713882 111.4375 -71.0 0.4049709280018093 19
0004 0011 1 1671199646926750 -38.1875 -65.5 0.07976700097005335 19
0004 0009 1 1671199646928396 -136.6875 -71.0 2.9084275738311756 19
0004 0005 1 1671199646929374 78.0625 -63.5 0.20248546400090464 19
0004 0008 1 1671199646930562 3.25 -64.0 3.552699504743145 19
0004 0001 1 1671199646932883 145.625 -70.0 3.147728576741336 19
0004 0000 1 1671199646933816 -22.75 -68.0 2.442097414313941 19
0004 0011 2 1671199646965833 7.3125 -62.0 4.485359823777615 19
0004 0005 2 1671199646967820 6.5 -61.5 0.9756117810952678 19
0004 0001 2 1671199646968996 -27.625 -65.0 2.6813984172241008 19
0004 0006 3 1671199646996595 -146.4375 -65.5 3.393165502803038 19
0004 0005 3 1671199647004872 100.875 -67.5 2.282563412373834 19
0004 0008 3 1671199647006899 32.5 -64.5 5.675728915176872 19
0004 0004 3 1671199647008760 -16.25 -57.0 2.8838838812250054 19
0004 0001 3 1671199647009687 0.0 -61.5 3.988350048502667 19
0004 0011 3 1671199647011060 -7.3125 -62.0 0.06135923151542565 19
0004 0015 4 1671199647036412 -45.5625 -72.5 4.620350133111551 19
0004 0007 4 1671199647037648 104.125 -65.5 0.2454369260617026 19
0004 0009 4 1671199647039071 0.0 -61.0 1.6198837120072371 19
0004 0008 4 1671199647040534 29.25 -62.0 1.9512235621905356 19
0004 0011 4 1671199647041934 48.8125 -61.0 6.135923151542564 19
0004 0004 4 1671199647043123 6.5 -68.5 2.8838838812250054 19
0004 0010 4 1671199647044414 -42.3125 -60.0 5.534602682691394 19
0004 0001 4 1671199647045913 13.8125 -61.0 3.6692820446224537 19
0004 0002 4 1671199647046866 58.5625 -72.5 0.6135923151542565 19
0004 0005 4 1671199647048084 -42.3125 -60.5 4.104932588381976 19
0004 0003 4 1671199647050964 107.375 -75.0 4.546719055293041 19
0004 0009 5 1671199647076644 32.5 -66.0 3.2888548092268146 19
0004 0010 5 1671199647078727 48.8125 -63.0 2.8838838812250054 19
0004 0004 5 1671199647079817 -9.75 -56.5 0.07363107781851078 19
0004 0011 5 1671199647080766 -73.1875 -69.0 5.344389064993574 19
0004 0005 5 1671199647082027 58.5625 -70.5 1.7548740213411735 19
0004 0008 5 1671199647083330 97.625 -68.0 1.932815792735908 19
0004 0006 5 1671199647084863 71.5625 -66.0 0.5767767762450011 19
0004 0007 5 1671199647086099 39.0 -63.5 0.4663301595172349 19
0004 0015 5 1671199647089003 29.25 -71.5 2.718213956133356 19
0004 0010 6 1671199647115870 19.5 -60.5 2.5464081078901644 19
0004 0006 6 1671199647117557 3.25 -68.0 5.589825991055276 19
0004 0001 6 1671199647118690 -48.8125 -69.0 0.4540583132141498 19
0004 0007 6 1671199647119854 26.0 -72.5 4.129476280988146 19
0004 0000 6 1671199647120774 -9.75 -67.0 0.03681553890925539 19
0004 0005 6 1671199647122194 -6.5 -65.5 0.46019423636569234 19
0004 0011 6 1671199647123619 0.0 -59.0 2.6998061866787286 19
0004 0004 6 1671199647124930 32.5 -66.5 1.4419419406125027 19
0004 0009 6 1671199647125910 -65.0625 -67.0 1.0799224746714913 19
0004 0005 7 1671199647157276 6.5 -62.5 2.7550294950426117 19
0004 0011 7 1671199647158197 21.125 -65.5 1.9880391010997909 19
0004 0009 7 1671199647159699 22.75 -62.5 1.88986433067511 19
0004 0010 7 1671199647161173 -42.3125 -69.0 4.693981210930062 19
0004 0015 7 1671199647162776 -52.0625 -69.5 3.5895150436524004 19
0004 0004 7 1671199647169259 -61.8125 -70.5 1.0676506283684062 19
0004 0007 7 1671199647170635 52.0625 -72.0 0.23316507975861744 19
0004 0008 8 1671199647195842 26.0 -69.5 5.442563835418255 19
0004 0004 8 1671199647199493 3.25 -67.5 1.3621749396424494 19
0004 0011 8 1671199647200427 24.375 -61.5 3.9760782021995817 19
0004 0001 8 1671199647201502 34.9375 -70.5 0.34974761963792617 19
0004 0007 8 1671199647202466 6.5 -68.0 1.4910293258248433 19
0004 0000 8 1671199647203532 -35.75 -71.5 2.454369260617026 19
0004 0007 1 1671199647416639 -16.25 -73.0 0.6810874698212247 19
0004 0011 1 1671199647418183 -73.1875 -65.0 0.0674951546669682 19
0004 0008 1 1671199647420120 -52.0625 -64.5 3.7429131224409646 19
0004 0001 1 1671199647421293 -83.0 -70.0 3.442252888015379 19
0004 0000 1 1671199647422386 84.625 -68.5 2.141437179888355 19
0004 0005 1 1671199647423364 -3.25 -63.0 0.2761165418194154 19
0004 0009 1 1671199647424881 126.9375 -71.0 2.6261751088602177 19
0004 0011 2 1671199647457192 -21.125 -62.0 4.4362724385652745 19
0004 0005 2 1671199647458379 0.0 -62.0 0.9756117810952678 19
0004 0001 2 1671199647459316 45.5625 -64.0 2.60776733940559 19
0004 0011 3 1671199647486182 65.875 -62.0 0.006135923151542565 19
0004 0004 3 1671199647487172 -13.0 -57.0 2.8532042654672924 19
0004 0005 3 1671199647488110 123.6875 -66.5 2.0923497946760143 19
0004 0008 3 1671199647489240 -13.0 -64.5 5.786175531904639 19
0004 0001 3 1671199647490496 -3.25 -62.0 3.988350048502667 19
0004 0002 3 1671199647493119 -55.3125 -72.5 2.675262494072558 19
0004 0006 3 1671199647495530 -91.125 -66.5 3.2704470397721868 19
0004 0004 4 1671199647525818 -74.8125 -68.0 3.055689729468197 19
0004 0005 4 1671199647527248 3.25 -60.5 4.080388895775806 19
0004 0001 4 1671199647528664 59.375 -61.0 3.6017868899554855 19
0004 0010 4 1671199647529865 -13.0 -59.5 5.45483568172134 19
0004 0009 4 1671199647530753 3.25 -61.0 1.6382914814618648 19
0004 0007 4 1671199647532002 45.5625 -65.5 0.3129320807286708 19
0004 0008 4 1671199647532906 13.0 -61.5 2.0064468705544187 19
0004 0011 4 1671199647534122 27.625 -61.0 6.2034183062095325 19
0004 0002 4 1671199647535458 97.625 -72.0 0.7301748550335652 19
0004 0015 4 1671199647536901 29.25 -73.0 4.669437518323892 19
0004 0003 4 1671199647538335 84.625 -75.5 4.356505437595221 19
0004 0004 5 1671199647566915 0.0 -56.0 0.0674951546669682 19
0004 0008 5 1671199647568430 -13.0 -67.0 2.086213871524472 19
0004 0010 5 1671199647570028 -74.8125 -63.0 2.988194574801229 19
0004 0009 5 1671199647572083 -19.5 -66.0 3.4606606574700063 19
0004 0006 5 1671199647573292 -26.0 -67.0 0.6994952392758523 19
0004 0007 5 1671199647574481 149.6875 -63.5 0.2761165418194154 19
0004 0005 5 1671199647577669 -61.8125 -69.5 1.8039614065535141 19
0004 0006 6 1671199647607393 -152.9375 -68.5 5.6573211457222445 19
0004 0009 6 1671199647608592 22.75 -66.5 0.9694758579437253 19
0004 0010 6 1671199647609779 -3.25 -60.5 2.552544031041707 19
0004 0005 6 1671199647611214 26.0 -65.0 0.5092816215780329 19
0004 0000 6 1671199647614435 26.0 -68.0 6.264777537724958 19
0004 0001 6 1671199647615498 201.8125 -68.5 0.4049709280018093 19
0004 0004 6 1671199647616713 -3.25 -66.5 1.4419419406125027 19
0004 0011 6 1671199647617688 7.3125 -59.0 2.7120780329818137 19
0004 0007 6 1671199647620561 -32.5 -73.0 4.270602513473625 19
0004 0011 7 1671199647645881 10.5625 -65.5 1.9512235621905356 19
0004 0010 7 1671199647647117 -117.125 -71.0 4.779884135051658 19
0004 0005 7 1671199647649069 22.75 -63.0 2.761165418194154 19
0004 0009 7 1671199647649990 58.5625 -62.5 1.8407769454627694 19
0004 0004 7 1671199647668284 55.3125 -73.0 1.1351457830353744 19
0004 0007 7 1671199647674874 -156.1875 -72.5 0.30679615757712825 19
0004 0015 7 1671199647680780 -139.9375 -72.0 3.6079228131070282 19
0004 0007 8 1671199647708382 29.25 -68.5 1.4787574795217582 19
0004 0011 8 1671199647710461 -10.5625 -62.0 4.037437433715008 19
0004 0004 8 1671199647712403 52.0625 -68.0 1.282407938672396 19
0004 0001 8 1671199647713390 -13.8125 -70.5 0.4356505437595221 19
0004 0008 8 1671199647714339 -42.3125 -68.5 5.5284667595398505 19
0004 0000 8 1671199647715686 97.625 -71.0 2.478912953223196 19
0004 0001 1 1671199647926902 -143.1875 -71.5 3.393165502803038 19
0004 0005 1 1671199647928729 -9.75 -63.5 0.30066023442558565 19
0004 0000 1 1671199647929824 139.9375 -68.0 2.110757564130642 19
0004 0009 1 1671199647931276 -123.6875 -70.0 2.9636508821950587 19
0004 0008 1 1671199647932324 -29.25 -64.5 3.5465635815916023 19
0004 0011 1 1671199647933242 -17.0625 -66.0 0.030679615757712823 19
0004 0007 1 1671199647940506 -123.6875 -72.5 0.7976700097005334 19
0004 0001 2 1671199647966761 -117.9375 -64.5 2.7979809571034093 19
0004 0011 2 1671199647968090 -62.625 -62.0 4.546719055293041 19
0004 0005 2 1671199647968998 48.8125 -62.0 0.9878836273983529 19
0004 0006 3 1671199647996580 -84.625 -66.0 3.0495538063166547 19
0004 0008 3 1671199647998096 3.25 -64.5 5.583690067903734 19
0004 0011 3 1671199647999088 45.5625 -61.5 0.030679615757712823 19
0004 0004 3 1671199648000519 29.25 -57.5 2.804116880254952 19
0004 0005 3 1671199648002378 13.0 -67.0 2.3193789512830896 19
0004 0001 3 1671199648003553 -59.375 -61.0 4.049709280018092 19
0004 0002 4 1671199648035950 244.125 -71.5 0.4356505437595221 19
0004 0004 4 1671199648036896 -13.0 -68.5 2.9575149590435164 19
0004 0011 4 1671199648037887 -38.1875 -61.0 0.006135923151542565 19
0004 0005 4 1671199648039361 -35.75 -60.5 4.129476280988146 19
0004 0009 4 1671199648040295 35.75 -60.0 1.5830681730979816 19
0004 0008 4 1671199648041710 39.0 -62.0 1.9205439464328227 19
0004 0001 4 1671199648043944 -48.8125 -61.0 3.785864584501762 19
0004 0007 4 1671199648045035 -3.25 -66.0 0.3374757733348411 19
0004 0010 4 1671199648047273 16.25 -59.5 5.45483568172134 19
0004 0015 4 1671199648053639 3.25 -74.0 4.534447208989955 19
0004 0015 5 1671199648076333 84.625 -71.0 2.6261751088602177 19
0004 0009 5 1671199648077891 -6.5 -64.5 3.4913402732277192 19
0004 0008 5 1671199648078827 16.25 -69.0 1.9757672547967058 19
0004 0006 5 1671199648079822 19.5 -67.5 0.6381360077604268 19
0004 0010 5 1671199648080785 -84.625 -63.5 3.0066023442558567 19
0004 0004 5 1671199648082960 26.0 -56.0 0.006135923151542565 19
0004 0007 5 1671199648083939 13.0 -63.5 0.5154175447295755 19
0004 0005 5 1671199648086128 -139.9375 -70.0 2.116893487282185 19
0004 0006 6 1671199648106659 -35.75 -68.5 5.626641529964532 19
0004 0009 6 1671199648108176 19.5 -65.5 1.0062913968529805 19
0004 0011 6 1671199648109376 10.5625 -59.0 2.705942109830271 19
0004 0005 6 1671199648110613 87.875 -65.0 0.4356505437595221 19
0004 0010 6 1671199648111774 -26.0 -60.5 2.6139032625571326 19
0004 0001 6 1671199648112822 -166.8125 -70.0 1.0737865515199487 19
0004 0000 6 1671199648115874 -3.25 -67.5 0.0859029241215959 19
0004 0004 6 1671199648118291 61.8125 -66.0 1.3437671701878218 19
0004 0009 7 1671199648146714 -45.5625 -61.5 1.9941750242513334 19
0004 0005 7 1671199648149113 -16.25 -63.0 2.779573187648782 19
0004 0011 7 1671199648150358 -145.625 -66.5 2.1659808724945253 19
0004 0010 7 1671199648152027 -81.375 -70.0 4.7307967498393175 19
0004 0004 7 1671199648153817 -58.5625 -70.5 1.3314953238847365 19
0004 0007 7 1671199648154767 97.625 -72.0 6.117515382087937 19
0004 0001 8 1671199648186144 -13.0 -70.0 0.607456392002714 19
0004 0000 8 1671199648187094 -68.3125 -71.0 2.730485802436441 19
0004 0011 8 1671199648188268 -30.875 -62.0 4.080388895775806 19
0004 0008 8 1671199648189967 -13.0 -68.0 5.497787143782138 19
0004 0004 8 1671199648194117 -39.0 -68.0 1.4296700943094176 19
0004 0007 8 1671199648195949 65.0625 -69.0 1.4480778637640452 19
0004 0009 1 1671199648405869 6.5 -69.0 2.84706834231575 19
0004 0005 1 1671199648408426 58.5625 -62.5 0.23930100291016002 19
0004 0008 1 1671199648409332 -84.625 -64.5 3.6570101983193686 19
0004 0011 1 1671199648410560 24.375 -65.5 6.258641614573416 19
0004 0007 1 1671199648412630 13.0 -72.0 0.521553467881118 19
0004 0000 1 1671199648415198 -71.5625 -67.5 2.4175537217077703 19
0004 0001 1 1671199648416373 34.9375 -69.0 3.1906800388021335 19
0004 0001 2 1671199648437890 -38.1875 -63.5 2.724349879284899 19
0004 0005 2 1671199648439250 6.5 -62.0 1.0369710126106935 19
0004 0011 2 1671199648440410 -21.125 -62.5 4.417864669110647 19
0004 0001 3 1671199648466427 -38.1875 -62.0 4.049709280018092 19
0004 0006 3 1671199648467631 61.8125 -66.5 2.9084275738311756 19
0004 0011 3 1671199648469710 -21.125 -61.5 0.14112623248547898 19
0004 0004 3 1671199648471272 26.0 -57.0 2.7857091108003242 19
0004 0008 3 1671199648472221 -32.5 -64.5 5.595961914206819 19
0004 0005 3 1671199648475011 143.1875 -67.5 2.1598449493429825 19
0004 0011 4 1671199648517935 0.0 -60.5 6.215690152512618 19
0004 0001 4 1671199648519127 -83.0 -61.5 3.8533597391687304 19
0004 0010 4 1671199648520041 0.0 -59.5 5.559146375297564 19
0004 0009 4 1671199648521049 -13.0 -59.5 1.7303303287350031 19
0004 0005 4 1671199648521986 -42.3125 -60.5 4.123340357836604 19
0004 0008 4 1671199648522947 9.75 -62.5 1.9573594853420782 19
0004 0015 4 1671199648524053 78.0625 -73.5 4.620350133111551 19
0004 0004 4 1671199648525271 -26.0 -68.0 2.9206994201342606 19
0004 0007 4 1671199648526250 84.625 -65.5 0.30679615757712825 19
0004 0002 4 1671199648527630 182.25 -71.5 0.5522330836388308 19
0004 0003 4 1671199648534663 104.125 -73.5 4.681709364626977 19
0004 0004 5 1671199648556538 -22.75 -56.5 0.0859029241215959 19
0004 0009 5 1671199648557714 42.3125 -64.0 3.479068426924634 19
0004 0007 5 1671199648559746 39.0 -63.5 0.4663301595172349 19
0004 0010 5 1671199648561549 -29.25 -63.0 3.117048960983623 19
0004 0005 5 1671199648562752 84.625 -69.5 1.7119225592803755 19
0004 0006 5 1671199648563689 48.8125 -66.0 0.4970097752749477 19
0004 0015 5 1671199648564992 -78.0625 -71.0 3.1231848841351653 19
0004 0008 5 1671199648566139 -130.1875 -68.5 2.2089323345553233 19
0004 0010 6 1671199648596294 -6.5 -60.5 2.6384469551633027 19
0004 0004 6 1671199648597218 -26.0 -66.5 1.4296700943094176 19
0004 0006 6 1671199648598167 -9.75 -68.0 5.638913376267617 19
0004 0011 6 1671199648599154 -7.3125 -59.0 2.724349879284899 19
0004 0000 6 1671199648601277 -9.75 -67.0 0.12885438618239387 19
0004 0009 6 1671199648603837 13.0 -64.5 1.0062913968529805 19
0004 0005 6 1671199648605601 13.0 -65.0 0.4724660826687775 19
0004 0001 6 1671199648607398 17.0625 -69.0 0.7424467013366504 19
0004 0011 7 1671199648636513 7.3125 -66.0 1.9819031779482483 19
0004 0009 7 1671199648637420 26.0 -61.0 1.9389517158874505 19
0004 0005 7 1671199648638398 39.0 -62.5 2.650718801466388 19
0004 0004 7 1671199648639346 -22.75 -72.0 1.2762720155208536 19
0004 0015 7 1671199648641754 -32.5 -71.5 3.479068426924634 19
0004 0010 7 1671199648644996 -107.375 -69.5 5.019185137961818 19
0004 0007 7 1671199648646473 -42.3125 -71.0 0.21475731030398976 19
0004 0004 8 1671199648666538 -13.0 -66.0 1.423534171157875 19
0004 0000 8 1671199648667757 65.0625 -71.0 2.3746022596469727 19
0004 0007 8 1671199648668723 39.0 -68.0 1.4848934026733007 19
0004 0011 8 1671199648669655 -27.625 -62.0 4.09266074207889 19
0004 0001 8 1671199648670814 38.1875 -70.0 0.47860200582032003 19
0004 0008 8 1671199648671777 45.5625 -68.0 5.424156065963627 19
0004 0005 1 1671199648888061 -48.8125 -63.0 0.3436116964863836 19
0004 0011 1 1671199648889051 62.625 -65.0 6.17273869045182 19
0004 0008 1 1671199648890013 -42.3125 -65.0 3.6017868899554855 19
0004 0000 1 1671199648891190 91.125 -68.5 2.350058567040802 19
0004 0009 1 1671199648893583 32.5 -69.0 2.9206994201342606 19
0004 0001 1 1671199648896665 52.0625 -70.5 3.184544115650591 19
0004 0007 1 1671199648908782 -133.4375 -72.0 0.7117670855789375 19
0004 0011 2 1671199648936084 7.3125 -62.0 4.381049130201391 19
0004 0005 2 1671199648937575 32.5 -62.0 0.9940195505498954 19
0004 0001 2 1671199648939868 3.25 -64.5 2.6875343403756435 19
0004 0008 3 1671199648966617 6.5 -64.5 5.6573211457222445 19
0004 0006 3 1671199648968253 52.0625 -65.5 3.055689729468197 19
0004 0004 3 1671199648969128 -3.25 -57.5 2.816388726558037 19
0004 0005 3 1671199648972553 97.625 -67.5 2.110757564130642 19
0004 0011 3 1671199648974657 -48.8125 -61.5 0.16566992509164924 19
0004 0001 3 1671199648976585 -139.125 -61.5 4.227651051412827 19
0004 0002 4 1671199649006331 208.3125 -72.5 0.5583690067903734 19
0004 0010 4 1671199649008209 -22.75 -59.0 5.595961914206819 19
0004 0009 4 1671199649009185 -3.25 -59.0 1.6996507129772904 19
0004 0001 4 1671199649010145 -3.25 -61.0 3.736777199289422 19
0004 0005 4 1671199649011055 -26.0 -60.5 4.1172044346850605 19
0004 0011 4 1671199649012001 17.0625 -60.5 6.209554229361076 19
0004 0007 4 1671199649012938 -61.8125 -65.5 0.4172427743048944 19
0004 0004 4 1671199649014511 26.0 -68.5 2.84706834231575 19
0004 0008 4 1671199649015472 3.25 -62.0 1.9573594853420782 19
0004 0015 4 1671199649018896 -117.125 -70.5 4.822835597112456 19
0004 0003 4 1671199649019834 -48.8125 -74.5 4.614214209960009 19
0004 0004 5 1671199649045925 19.5 -56.5 0.01227184630308513 19
0004 0009 5 1671199649047585 -104.125 -63.0 3.736777199289422 19
0004 0010 5 1671199649048757 9.75 -63.0 2.9391071895888885 19
0004 0007 5 1671199649050193 -65.0625 -63.5 0.6565437772150544 19
0004 0005 5 1671199649051896 -32.5 -69.5 1.88986433067511 19
0004 0006 5 1671199649053944 6.5 -67.0 0.7424467013366504 19
0004 0015 5 1671199649055006 9.75 -70.5 2.736621725587984 19
0004 0008 5 1671199649056453 -45.5625 -68.5 2.073942025221387 19
0004 0011 6 1671199649085881 -13.8125 -58.5 2.748893571891069 19
0004 0005 6 1671199649087330 26.0 -65.0 0.4908738521234052 19
0004 0009 6 1671199649089031 -26.0 -64.0 1.012427320004523 19
0004 0010 6 1671199649090219 29.25 -60.5 2.5893595699509624 19
0004 0000 6 1671199649092243 3.25 -68.0 0.1349903093339364 19
0004 0006 6 1671199649094371 -32.5 -69.0 5.64504929941916 19
0004 0004 6 1671199649098056 -22.75 -67.0 1.4051264017032472 19
0004 0001 6 1671199649099017 -41.5 -69.5 0.8528933180644165 19
0004 0011 7 1671199649146339 -17.0625 -66.0 1.9082721001297376 19
0004 0005 7 1671199649148213 -65.0625 -63.5 2.8532042654672924 19
0004 0009 7 1671199649149146 48.8125 -61.0 1.88986433067511 19
0004 0007 7 1671199649151739 146.4375 -70.0 0.07976700097005335 19
0004 0010 7 1671199649152956 -117.125 -68.0 4.890330751779424 19
0004 0004 7 1671199649161867 48.8125 -71.5 0.9081166264282996 19
0004 0015 7 1671199649164474 -211.5625 -73.0 3.8717675086233583 19
0004 0000 8 1671199649186599 -182.25 -71.0 2.6998061866787286 19
0004 0008 8 1671199649190289 -74.8125 -68.5 5.565282298449106 19
0004 0001 8 1671199649191222 -79.75 -71.0 0.5276893910326605 19
0004 0007 8 1671199649193494 126.9375 -68.0 1.2578642460662257 19
0004 0011 8 1671199649194694 -24.375 -62.0 4.06811704947272 19
0004 0004 8 1671199649197231 -3.25 -66.5 1.3130875544301088 19
0004 0005 1 1671199649416147 -26.0 -63.5 0.3129320807286708 19
0004 0011 1 1671199649419081 -87.0625 -65.5 0.0859029241215959 19
0004 0000 1 1671199649420030 -45.5625 -68.0 2.3930100291016 19
0004 0008 1 1671199649420962 -6.5 -63.5 3.5342917352885173 19
0004 0009 1 1671199649423412 -58.5625 -69.5 2.767301341345697 19
0004 0001 1 1671199649428164 -10.5625 -70.0 3.117048960983623 19
0004 0007 1 1671199649432343 -52.0625 -72.0 0.6994952392758523 19
0004 0011 2 1671199649455762 -21.125 -62.5 4.448544284868359 19
0004 0001 2 1671199649458058 128.5625 -64.5 2.429825568010856 19
0004 0005 2 1671199649460695 22.75 -62.0 1.000155473701438 19
0004 0011 3 1671199649486381 -83.0 -61.0 0.23930100291016002 19
0004 0004 3 1671199649487301 26.0 -57.0 2.773437264497239 19
0004 0001 3 1671199649488515 -24.375 -61.5 3.9944859716542096 19
0004 0005 3 1671199649492227 91.125 -68.5 2.1230294104337273 19
0004 0008 3 1671199649494068 152.9375 -64.0 5.381204603902829 19
0004 0006 3 1671199649495048 -26.0 -65.5 3.141592653589793 19
0004 0001 4 1671199649536157 13.8125 -61.0 3.650874275167826 19
0004 0005 4 1671199649537124 -32.5 -60.5 4.147884050442774 19
0004 0009 4 1671199649538366 13.0 -60.5 1.576932249946439 19
0004 0007 4 1671199649539347 94.375 -65.5 0.21475731030398976 19
0004 0010 4 1671199649540276 0.0 -59.5 5.497787143782138 19
0004 0011 4 1671199649541242 -24.375 -61.0 6.277049384028044 19
0004 0008 4 1671199649542203 3.25 -62.0 2.000310947402876 19
0004 0004 4 1671199649546318 -45.5625 -69.0 3.031146036862027 19
0004 0015 4 1671199649550651 -130.1875 -74.5 4.743068596142402 19
0004 0002 4 1671199649551675 188.75 -72.0 0.44178646691106466 19
0004 0003 4 1671199649552642 -253.875 -73.5 4.822835597112456 19
0004 0015 5 1671199649576239 97.625 -71.0 2.718213956133356 19
0004 0010 5 1671199649577189 94.375 -62.5 2.8716120349219203 19
0004 0004 5 1671199649578135 9.75 -56.5 0.05522330836388308 19
0004 0007 5 1671199649579298 -9.75 -63.0 0.5338253141842031 19
0004 0005 5 1671199649580520 32.5 -69.5 1.8285050991596843 19
0004 0009 5 1671199649583874 16.25 -65.0 3.454524734318464 19
0004 0006 5 1671199649584852 -3.25 -66.5 0.6381360077604268 19
0004 0008 5 1671199649587268 -126.9375 -69.5 2.1905245651006955 19
0004 0011 6 1671199649616113 0.0 -59.0 2.6998061866787286 19
0004 0001 6 1671199649617039 52.0625 -68.5 0.619728238305799 19
0004 0009 6 1671199649618268 0.0 -65.5 1.000155473701438 19
0004 0010 6 1671199649619731 -29.25 -60.5 2.6875343403756435 19
0004 0004 6 1671199649621386 13.0 -66.5 1.3744467859455345 19
0004 0005 6 1671199649622552 35.75 -65.5 0.5154175447295755 19
0004 0006 6 1671199649624622 3.25 -67.5 5.681864838328415 19
0004 0000 6 1671199649625560 -9.75 -68.0 0.1349903093339364 19
0004 0007 6 1671199649627640 -234.3125 -73.0 4.424000592262189 19
0004 0005 7 1671199649655961 87.875 -63.0 2.5832236467994196 19
0004 0009 7 1671199649658005 -45.5625 -62.0 1.932815792735908 19
0004 0015 7 1671199649662994 93.5625 -70.0 3.227495577711389 19
0004 0010 7 1671199649664343 -188.75 -69.0 5.062136600022616 19
0004 0011 7 1671199649665588 94.375 -66.0 1.9144080232812801 19
0004 0004 7 1671199649671722 -113.875 -70.0 1.184233168247715 19
0004 0007 7 1671199649673521 -9.75 -71.0 0.2638446955163303 19
0004 0001 8 1671199649695894 -24.375 -70.0 0.4970097752749477 19
0004 0000 8 1671199649696814 26.0 -71.0 2.399145952253143 19
0004 0011 8 1671199649697990 -52.0625 -62.0 4.111068511533518 19
0004 0007 8 1671199649702894 91.125 -68.5 1.380582709097077 19
0004 0004 8 1671199649703812 6.5 -67.5 1.3069516312785663 19
0004 0008 8 1671199649704777 -29.25 -68.5 5.473243451175968 19
0004 0000 1 1671199649926633 -91.125 -68.0 2.5770877236478773 19
0004 0009 1 1671199649927539 -71.5625 -70.0 2.8716120349219203 19
0004 0008 1 1671199649929593 9.75 -65.0 3.5158839658338894 19
0004 0001 1 1671199649930798 24.375 -69.5 3.3318062712876126 19
0004 0005 1 1671199649931762 13.0 -63.0 0.2454369260617026 19
0004 0007 1 1671199649932759 227.8125 -72.5 0.34974761963792617 19
0004 0011 1 1671199649933909 0.0 -66.0 0.018407769454627694 19
0004 0005 2 1671199649957254 -16.25 -63.0 1.0185632431560658 19
0004 0001 2 1671199649958458 29.25 -64.0 2.6139032625571326 19
0004 0011 2 1671199649960165 -10.5625 -62.5 4.473087977474529 19
0004 0006 3 1671199649985906 -87.875 -65.5 3.153864499892878 19
0004 0008 3 1671199649987535 -29.25 -65.5 5.663457068873787 19
0004 0005 3 1671199649990072 16.25 -68.0 2.2948352586769194 19
0004 0011 3 1671199649991430 76.4375 -61.5 0.07976700097005335 19
0004 0004 3 1671199649992618 -6.5 -57.5 2.84706834231575 19
0004 0001 3 1671199649993666 -24.375 -61.5 4.000621894805752 19
0004 0002 3 1671199649997730 52.0625 -73.0 2.3071071049800045 19
0004 0001 4 1671199650036142 -55.3125 -61.0 3.767456815047135 19
0004 0002 4 1671199650037305 22.75 -72.0 0.7915340865489908 19
0004 0007 4 1671199650038298 -16.25 -66.0 0.46019423636569234 19
0004 0005 4 1671199650039972 -32.5 -60.5 4.147884050442774 19
0004 0008 4 1671199650040919 -3.25 -61.5 2.0064468705544187 19
0004 0010 4 1671199650042586 -3.25 -59.5 5.460971604872882 19
0004 0009 4 1671199650044431 -9.75 -61.0 1.6321555583103222 19
0004 0011 4 1671199650046042 27.625 -62.0 6.1850105367549055 19
0004 0004 4 1671199650047036 52.0625 -69.0 2.988194574801229 19
0004 0003 4 1671199650050831 -91.125 -74.0 4.552854978444583 19
0004 0015 4 1671199650052423 35.75 -73.0 4.6878452877785195 19
0004 0007 5 1671199650076340 52.0625 -63.0 0.4049709280018093 19
0004 0015 5 1671199650077915 -231.0625 -70.5 3.147728576741336 19
0004 0004 5 1671199650079116 3.25 -56.5 0.07363107781851078 19
0004 0006 5 1671199650080341 166.0 -67.0 0.3129320807286708 19
0004 0010 5 1671199650081331 16.25 -63.0 2.9513790358919736 19
0004 0009 5 1671199650083360 -68.3125 -66.0 3.4913402732277192 19
0004 0005 5 1671199650085908 188.75 -69.5 1.5892040962495242 19
0004 0008 5 1671199650087774 19.5 -68.5 2.000310947402876 19
0004 0005 6 1671199650115849 52.0625 -65.5 0.4479223900626072 19
0004 0006 6 1671199650116829 -55.3125 -69.0 5.651185222570702 19
0004 0009 6 1671199650118471 35.75 -67.0 0.9387962421860124 19
0004 0010 6 1671199650119927 -3.25 -60.5 2.5893595699509624 19
0004 0004 6 1671199650121076 29.25 -65.5 1.423534171157875 19
0004 0011 6 1671199650122805 -41.5 -59.0 2.742757648739526 19
0004 0001 6 1671199650126519 17.0625 -70.0 0.32520392703175593 19
0004 0000 6 1671199650127667 16.25 -67.5 0.07976700097005335 19
0004 0009 7 1671199650156639 -58.5625 -63.0 1.9696313316451632 19
0004 0005 7 1671199650157916 42.3125 -62.5 2.6691265709210157 19
0004 0011 7 1671199650159359 149.6875 -66.5 1.8285050991596843 19
0004 0010 7 1671199650163476 -130.1875 -69.5 4.908738521234052 19
0004 0007 7 1671199650166180 130.1875 -72.0 0.14726215563702155 19
0004 0015 7 1671199650170563 26.0 -71.5 3.4177091954092087 19
0004 0007 8 1671199650205804 42.3125 -68.0 1.5707963267948966 19
0004 0004 8 1671199650207420 113.875 -67.5 1.2210487071569704 19
0004 0011 8 1671199650209472 24.375 -62.0 4.037437433715008 19
0004 0000 8 1671199650210465 32.5 -70.5 2.2886993355253766 19
0004 0008 8 1671199650211398 19.5 -68.5 5.5100589900852235 19
0004 0001 8 1671199650212304 -52.0625 -71.0 0.4908738521234052 19
