0004 0011 1 1671199761366913 17.0625 -64.5 3.6876898140770815 20
0004 0007 1 1671199761367964 13.0 -70.5 4.822835597112456 20
0004 0006 1 1671199761368901 133.4375 -68.5 4.061981126321178 20
0004 0009 1 1671199761369863 -39.0 -57.0 4.779884135051658 20
0004 0005 1 1671199761370798 -13.0 -62.0 1.4787574795217582 20
0004 0010 1 1671199761372015 58.5625 -66.0 2.9084275738311756 20
0004 0004 1 1671199761372982 32.5 -70.5 1.5707963267948966 20
0004 0015 1 1671199761374810 -91.125 -73.0 5.497787143782138 20
0004 0011 2 1671199761396501 34.9375 -63.5 2.2764274892222915 20
0004 0004 2 1671199761398878 -104.125 -71.0 2.1353012567368124 20
0004 0008 2 1671199761401202 -113.875 -70.0 1.8837284075235674 20
0004 0005 2 1671199761406368 156.1875 -68.0 1.9205439464328227 20
0004 0009 2 1671199761409861 32.5 -68.0 3.6447383520162835 20
0004 0001 2 1671199761419439 -48.8125 -70.0 4.381049130201391 20
0004 0008 3 1671199761445858 -6.5 -64.5 5.240078371417351 20
0004 0007 3 1671199761446838 -6.5 -64.5 1.000155473701438 20
0004 0005 3 1671199761447776 26.0 -65.0 0.7179030087304801 20
0004 0009 3 1671199761450225 -68.3125 -61.0 4.878058905476339 20
0004 0006 3 1671199761451189 19.5 -68.0 4.154019973594316 20
0004 0011 3 1671199761452093 24.375 -59.5 0.859029241215959 20
0004 0000 3 1671199761453270 -94.375 -67.5 2.9206994201342606 20
0004 0004 3 1671199761458006 214.8125 -69.5 0.9940195505498954 20
0004 0009 4 1671199761486715 9.75 -63.0 3.5956509668039427 20
0004 0000 4 1671199761487681 -61.8125 -68.5 1.8039614065535141 20
0004 0010 4 1671199761488886 -94.375 -66.5 3.0127382674073995 20
0004 0011 4 1671199761490821 10.5625 -53.5 3.6570101983193686 20
0004 0005 4 1671199761492252 0.0 -51.5 0.12885438618239387 20
0004 0007 4 1671199761494327 3.25 -64.5 3.2336315008629315 20
0004 0001 4 1671199761495644 3.25 -61.5 0.28225246497095796 20
0004 0002 4 1671199761498248 94.375 -70.0 5.632777453116074 20
0004 0003 4 1671199761500530 -39.0 -72.5 1.2087768608538851 20
0004 0006 5 1671199761526136 9.75 -62.0 0.09817477042468103 20
0004 0009 5 1671199761527086 -26.0 -59.5 2.9145634969827183 20
0004 0010 5 1671199761528513 -13.0 -62.5 1.239456476611598 20
0004 0001 5 1671199761529987 97.625 -63.0 1.9205439464328227 20
0004 0005 5 1671199761531648 -42.3125 -65.5 4.675573441475434 20
0004 0004 5 1671199761533121 100.875 -62.0 5.620505606812989 20
0004 0002 5 1671199761535254 -211.5625 -69.5 2.6016314162540475 20
0004 0008 5 1671199761536444 244.125 -67.0 2.1230294104337273 20
0004 0012 6 1671199761565938 -195.25 -74.5 5.056000676871073 20
0004 0005 6 1671199761566903 -26.0 -65.0 6.019340611663256 20
0004 0011 6 1671199761568105 34.9375 -63.0 2.9268353432858034 20
0004 0010 6 1671199761569536 45.5625 -67.0 1.030835089459151 20
0004 0004 6 1671199761570443 -29.25 -55.0 0.0674951546669682 20
0004 0008 6 1671199761571660 9.75 -65.5 5.724816300389213 20
0004 0001 6 1671199761572637 83.0 -71.5 0.9203884727313847 20
0004 0014 6 1671199761575204 -78.0625 -72.0 5.111223985234957 20
0004 0002 6 1671199761577263 -52.0625 -74.0 5.098952138931871 20
0004 0005 7 1671199761607790 -55.3125 -65.0 5.712544454086128 20
0004 0000 7 1671199761608895 -13.0 -69.5 1.9880391010997909 20
0004 0010 7 1671199761610083 9.75 -65.0 4.362641360746763 20
0004 0004 7 1671199761611262 65.0625 -64.5 1.8285050991596843 20
0004 0006 7 1671199761612426 -74.8125 -70.0 5.123495831538041 20
0004 0006 8 1671199761635860 9.75 -69.5 5.5284667595398505 20
0004 0007 8 1671199761639040 58.5625 -65.5 1.9819031779482483 20
0004 0009 8 1671199761640004 3.25 -65.0 3.5281558121369745 20
0004 0004 8 1671199761640914 -29.25 -63.0 1.8837284075235674 20
0004 0014 8 1671199761641834 22.75 -72.5 3.356349963893783 20
0004 0015 8 1671199761648653 -110.625 -76.0 0.4295146206079795 20
0004 0005 1 1671199761866590 0.0 -62.5 1.509437095279471 20
0004 0009 1 1671199761867869 16.25 -58.0 4.700117134081604 20
0004 0010 1 1671199761870910 -13.0 -65.5 2.9759227284981438 20
0004 0011 1 1671199761871900 13.8125 -64.0 3.6754179677739964 20
0004 0007 1 1671199761875269 152.9375 -69.5 4.3933209765044765 20
0004 0004 1 1671199761876471 71.5625 -71.0 1.3989904785517047 20
0004 0006 1 1671199761877408 26.0 -69.0 4.743068596142402 20
0004 0015 1 1671199761886471 -74.8125 -74.5 5.7616318392984684 20
0004 0013 1 1671199761889431 -13.0 -75.5 5.706408530934585 20
0004 0011 2 1671199761916121 -3.25 -63.5 2.405281875404685 20
0004 0008 2 1671199761917101 185.5 -68.5 1.8530487917658545 20
0004 0005 2 1671199761919345 -136.6875 -70.0 2.3193789512830896 20
0004 0004 2 1671199761920295 117.125 -70.5 2.012582793705961 20
0004 0008 3 1671199761956281 97.625 -65.5 5.006913291658733 20
0004 0007 3 1671199761958845 104.125 -64.0 0.9510680884890975 20
0004 0005 3 1671199761959937 -35.75 -64.0 0.9265243958829272 20
0004 0011 3 1671199761960884 -55.3125 -59.5 0.9510680884890975 20
0004 0009 3 1671199761962834 -29.25 -62.5 4.7860200582032 20
0004 0000 3 1671199761967453 16.25 -67.5 2.6813984172241008 20
0004 0006 3 1671199761977165 3.25 -69.5 4.2031073588066565 20
0004 0004 3 1671199761981886 110.625 -68.0 1.239456476611598 20
0004 0009 4 1671199762007766 3.25 -63.5 3.5711072741977725 20
0004 0005 4 1671199762009101 -13.0 -51.5 0.16566992509164924 20
0004 0003 4 1671199762010731 84.625 -71.5 1.055378782065321 20
0004 0011 4 1671199762011932 -10.5625 -54.0 3.6692820446224537 20
0004 0001 4 1671199762012936 -17.0625 -61.0 0.2270291566070749 20
0004 0002 4 1671199762013974 -19.5 -70.0 5.755495916146925 20
0004 0013 4 1671199762014954 104.125 -75.5 1.4910293258248433 20
0004 0000 4 1671199762015918 104.125 -69.0 1.5585244804918115 20
0004 0007 4 1671199762017123 -16.25 -64.5 3.313398501832985 20
0004 0010 4 1671199762018072 -26.0 -66.5 2.791845033951867 20
0004 0004 5 1671199762046871 -35.75 -62.0 5.8659425328746915 20
0004 0002 5 1671199762048220 29.25 -68.0 2.141437179888355 20
0004 0009 5 1671199762049155 -29.25 -60.5 2.9022916506796332 20
0004 0006 5 1671199762050091 -32.5 -62.0 0.2086213871524472 20
0004 0008 5 1671199762051304 -6.5 -67.0 2.337786720737717 20
0004 0005 5 1671199762052242 9.75 -65.5 4.626486056263094 20
0004 0010 5 1671199762053801 45.5625 -63.0 1.1228739367322893 20
0004 0001 5 1671199762054990 48.8125 -63.5 2.030990563160589 20
0004 0008 6 1671199762076690 -13.0 -65.0 5.841398840268521 20
0004 0011 6 1671199762078034 83.0 -63.0 2.890019804376548 20
0004 0002 6 1671199762079827 -276.625 -72.5 5.583690067903734 20
0004 0005 6 1671199762080804 9.75 -65.5 5.964117303299373 20
0004 0004 6 1671199762082021 -3.25 -55.0 0.02454369260617026 20
0004 0010 6 1671199762083385 52.0625 -67.5 0.9081166264282996 20
0004 0001 6 1671199762086735 152.9375 -71.0 0.7731263170943632 20
0004 0014 6 1671199762089331 -6.5 -71.5 4.908738521234052 20
0004 0012 6 1671199762090283 -104.125 -76.5 4.7860200582032 20
0004 0005 7 1671199762116667 -6.5 -66.5 5.632777453116074 20
0004 0004 7 1671199762119570 9.75 -64.0 1.932815792735908 20
0004 0010 7 1671199762121767 9.75 -64.5 4.399456899656019 20
0004 0006 7 1671199762122846 9.75 -70.0 4.638757902566179 20
0004 0000 7 1671199762124251 78.0625 -71.0 1.9389517158874505 20
0004 0009 8 1671199762146585 48.8125 -65.5 3.393165502803038 20
0004 0004 8 1671199762147903 -3.25 -63.0 1.9082721001297376 20
0004 0015 8 1671199762148881 -19.5 -73.5 0.3190680038802134 20
0004 0007 8 1671199762149848 -45.5625 -65.5 2.0923497946760143 20
0004 0006 8 1671199762150770 84.625 -69.0 5.5100589900852235 20
0004 0014 8 1671199762153894 244.125 -72.5 2.9636508821950587 20
0004 0011 1 1671199762367353 0.0 -64.5 3.6570101983193686 20
0004 0009 1 1671199762368531 9.75 -59.5 4.491495746929157 20
0004 0005 1 1671199762370603 -68.3125 -63.0 1.5892040962495242 20
0004 0010 1 1671199762371595 19.5 -65.5 2.9206994201342606 20
0004 0007 1 1671199762372745 -205.0625 -71.0 5.154175447295755 20
0004 0004 1 1671199762373753 162.75 -71.0 1.1596894756415448 20
0004 0006 1 1671199762374929 45.5625 -69.0 4.227651051412827 20
0004 0015 1 1671199762376176 263.625 -74.0 5.037592907416445 20
0004 0004 2 1671199762396687 -136.6875 -70.5 2.1230294104337273 20
0004 0008 2 1671199762397634 32.5 -64.0 2.454369260617026 20
0004 0011 2 1671199762399931 -52.0625 -63.0 2.448233337465483 20
0004 0005 2 1671199762401463 -104.125 -69.5 2.141437179888355 20
0004 0004 3 1671199762425894 -3.25 -69.5 0.8222137023067037 20
0004 0006 3 1671199762428018 55.3125 -71.5 4.190835512503572 20
0004 0011 3 1671199762429701 69.125 -59.0 0.8160777791551611 20
0004 0009 3 1671199762431754 -74.8125 -63.0 4.675573441475434 20
0004 0008 3 1671199762432995 0.0 -60.0 5.595961914206819 20
0004 0007 3 1671199762433977 -6.5 -65.5 0.9387962421860124 20
0004 0000 3 1671199762436518 71.5625 -66.0 2.60776733940559 20
0004 0005 3 1671199762437455 136.6875 -65.5 0.4724660826687775 20
0004 0010 4 1671199762465884 16.25 -65.5 2.7979809571034093 20
0004 0001 4 1671199762467298 -90.3125 -71.0 0.7485826244881929 20
0004 0011 4 1671199762468484 -21.125 -53.5 3.8840393549264434 20
0004 0003 4 1671199762469409 -71.5625 -70.0 1.4726215563702154 20
0004 0005 4 1671199762470627 13.0 -52.5 6.19728238305799 20
0004 0009 4 1671199762472367 -39.0 -66.0 3.1906800388021335 20
0004 0000 4 1671199762473628 9.75 -69.0 1.6321555583103222 20
0004 0007 4 1671199762474909 13.0 -63.5 3.1661363461959633 20
0004 0004 4 1671199762476087 97.625 -71.5 5.577554144752192 20
0004 0002 4 1671199762477322 81.375 -69.5 6.19728238305799 20
0004 0005 5 1671199762505827 -22.75 -65.0 4.663301595172349 20
0004 0008 5 1671199762506987 16.25 -57.5 2.5280003384355365 20
0004 0009 5 1671199762508149 29.25 -62.0 2.227340104009951 20
0004 0010 5 1671199762509307 6.5 -62.0 1.2640001692177683 20
0004 0006 5 1671199762512424 16.25 -68.5 5.252350217720435 20
0004 0002 5 1671199762514562 -16.25 -62.5 2.9329712664373457 20
0004 0004 5 1671199762517230 19.5 -62.0 4.693981210930062 20
0004 0008 6 1671199762545882 -6.5 -57.5 5.872078456026235 20
0004 0004 6 1671199762547057 -22.75 -55.0 5.258486140871978 20
0004 0009 6 1671199762548491 -91.125 -70.0 3.442252888015379 20
0004 0011 6 1671199762549735 30.875 -62.5 3.0495538063166547 20
0004 0002 6 1671199762550714 -22.75 -65.0 5.577554144752192 20
0004 0005 6 1671199762551637 -13.0 -64.5 6.111379458936394 20
0004 0010 6 1671199762553339 55.3125 -68.0 0.9756117810952678 20
0004 0014 6 1671199762557244 78.0625 -73.0 5.338253141842031 20
0004 0001 6 1671199762558377 107.375 -73.5 1.7119225592803755 20
0004 0012 6 1671199762562725 -52.0625 -75.0 4.589670517353839 20
0004 0004 7 1671199762587204 19.5 -66.0 1.3744467859455345 20
0004 0010 7 1671199762588139 -29.25 -66.0 4.608078286808466 20
0004 0000 7 1671199762591187 22.75 -66.0 3.650874275167826 20
0004 0005 7 1671199762592109 -3.25 -65.5 6.135923151542564 20
0004 0014 8 1671199762616097 -123.6875 -71.0 3.522019888985432 20
0004 0008 8 1671199762618604 -3.25 -61.5 3.411573272257666 20
0004 0007 8 1671199762619669 -9.75 -67.0 2.030990563160589 20
0004 0004 8 1671199762620636 39.0 -64.0 0.859029241215959 20
0004 0009 8 1671199762621840 -65.0625 -70.5 3.2704470397721868 20
0004 0011 8 1671199762622915 87.0625 -69.5 4.25833066717054 20
0004 0006 1 1671199762836335 -107.375 -68.5 1.1596894756415448 20
0004 0010 1 1671199762837306 0.0 -64.5 2.399145952253143 20
0004 0011 1 1671199762838302 45.5625 -66.0 3.3624858870453256 20
0004 0004 1 1671199762839268 71.5625 -70.0 1.1228739367322893 20
0004 0005 1 1671199762841182 -26.0 -65.0 1.7978254834019713 20
0004 0009 1 1671199762842186 -19.5 -61.5 4.460816131171445 20
0004 0000 1 1671199762845366 39.0 -72.0 0.09817477042468103 20
0004 0015 1 1671199762855651 169.25 -74.5 5.399612373357457 20
0004 0008 2 1671199762886685 -16.25 -60.0 5.6941366846315 20
0004 0011 2 1671199762891464 -27.625 -63.0 2.2641556429192065 20
0004 0004 2 1671199762893759 -81.375 -70.0 3.1906800388021335 20
0004 0005 2 1671199762898235 29.25 -69.0 1.9696313316451632 20
0004 0008 3 1671199762928286 9.75 -60.5 4.9394181369917645 20
0004 0011 3 1671199762929234 42.3125 -62.5 0.1043106935762236 20
0004 0009 3 1671199762930438 -52.0625 -63.0 4.246058820867455 20
0004 0005 3 1671199762931387 13.0 -66.0 2.945243112740431 20
0004 0004 3 1671199762935082 113.875 -67.5 5.221670601962723 20
0004 0010 3 1671199762936242 39.0 -69.0 6.19728238305799 20
0004 0002 3 1671199762938902 110.625 -68.0 3.4913402732277192 20
0004 0000 3 1671199762943453 -139.9375 -68.5 1.423534171157875 20
0004 0006 3 1671199762945276 -3.25 -67.5 0.7547185476397354 20
0004 0011 4 1671199762966723 24.375 -56.5 4.491495746929157 20
0004 0005 4 1671199762968593 6.5 -58.0 1.8407769454627694 20
0004 0007 4 1671199762970507 74.8125 -65.5 0.9756117810952678 20
0004 0006 4 1671199762971443 26.0 -68.0 0.23930100291016002 20
0004 0014 4 1671199762972408 -16.25 -71.5 2.5034566458293663 20
0004 0008 4 1671199762973386 -22.75 -63.0 4.945554060143307 20
0004 0010 4 1671199762975594 -78.0625 -69.0 3.749049045592507 20
0004 0004 4 1671199762978375 35.75 -71.0 1.5953400194010667 20
0004 0000 4 1671199762979311 13.0 -67.5 0.3436116964863836 20
0004 0009 4 1671199762980501 -3.25 -67.5 2.552544031041707 20
0004 0001 4 1671199762981438 -205.0625 -70.0 4.215379205109742 20
0004 0003 4 1671199762982970 -58.5625 -68.5 3.8840393549264434 20
0004 0002 5 1671199763018174 -22.75 -61.5 3.2888548092268146 20
0004 0005 5 1671199763022094 -39.0 -65.5 5.602097837358362 20
0004 0008 5 1671199763023052 0.0 -57.5 0.02454369260617026 20
0004 0004 5 1671199763024996 19.5 -56.5 4.4976316700806995 20
0004 0011 5 1671199763027597 -48.8125 -69.0 0.1227184630308513 20
0004 0008 6 1671199763047368 -29.25 -60.5 4.755340442445488 20
0004 0014 6 1671199763048432 81.375 -70.5 0.23316507975861744 20
0004 0006 6 1671199763049648 0.0 -64.0 0.06135923151542565 20
0004 0002 6 1671199763050875 -100.875 -65.5 5.816855147662351 20
0004 0004 6 1671199763052318 -9.75 -60.5 4.4362724385652745 20
0004 0010 6 1671199763053368 -19.5 -67.0 2.3439226438892597 20
0004 0001 6 1671199763054613 -185.5 -74.0 3.2704470397721868 20
0004 0011 6 1671199763055558 -48.8125 -64.5 2.7979809571034093 20
0004 0005 6 1671199763056920 29.25 -71.5 2.773437264497239 20
0004 0008 7 1671199763089067 -16.25 -62.5 3.718369429834794 20
0004 0009 7 1671199763090017 -42.3125 -65.5 3.792000507653305 20
0004 0005 7 1671199763092963 -120.4375 -70.0 2.055534255766759 20
0004 0011 7 1671199763093925 55.3125 -69.5 1.8653206380689396 20
0004 0009 8 1671199763116148 55.3125 -65.0 3.4054373491061236 20
0004 0010 8 1671199763117053 13.0 -65.0 3.9453985864418692 20
0004 0005 8 1671199763117991 81.375 -67.5 5.964117303299373 20
0004 0008 8 1671199763118909 35.75 -56.0 1.1167380135807468 20
0004 0014 8 1671199763120837 42.3125 -66.5 2.84706834231575 20
0004 0004 8 1671199763122590 19.5 -65.5 3.423845118560751 20
0004 0004 1 1671199763346405 39.0 -65.5 5.7616318392984684 20
0004 0009 1 1671199763347974 9.75 -57.5 1.5401167110371838 20
0004 0006 1 1671199763349437 -26.0 -67.0 4.301282129231338 20
0004 0005 1 1671199763350869 -55.3125 -62.5 5.632777453116074 20
0004 0010 1 1671199763352204 39.0 -64.5 1.705786636128833 20
0004 0008 1 1671199763354381 68.3125 -63.5 1.7855536370988863 20
0004 0011 1 1671199763355963 -48.8125 -63.5 3.859495662320273 20
0004 0003 1 1671199763357798 -224.5625 -72.0 1.3008157081270237 20
0004 0002 1 1671199763359384 -100.875 -72.0 6.154330920997192 20
0004 0000 1 1671199763360562 208.3125 -71.0 0.8713010875190442 20
0004 0015 1 1671199763362287 -52.0625 -74.0 5.902758071783947 20
0004 0010 2 1671199763387516 -78.0625 -68.0 2.718213956133356 20
0004 0003 2 1671199763388767 -107.375 -71.0 5.792311455056181 20
0004 0011 2 1671199763390474 10.5625 -67.0 2.411417798556228 20
0004 0008 2 1671199763391597 -61.8125 -61.5 0.07363107781851078 20
0004 0009 2 1671199763392869 6.5 -62.5 1.1044661672776617 20
0004 0000 2 1671199763396608 -182.25 -70.0 5.411884219660542 20
0004 0014 2 1671199763403692 -270.125 -68.5 5.270757987175063 20
0004 0008 3 1671199763426607 -6.5 -64.5 1.1351457830353744 20
0004 0003 3 1671199763428199 -91.125 -71.0 4.871922982324796 20
0004 0011 3 1671199763429130 -41.5 -63.5 3.4913402732277192 20
0004 0005 3 1671199763433175 3.25 -65.5 0.6504078540635119 20
0004 0000 3 1671199763437058 -42.3125 -69.5 0.6688156235181395 20
0004 0004 3 1671199763438521 -68.3125 -69.0 1.718058482431918 20
0004 0014 4 1671199763466597 -35.75 -70.5 4.252194744018997 20
0004 0011 4 1671199763467599 17.0625 -69.5 3.1784081924990484 20
0004 0007 4 1671199763468552 78.0625 -66.0 5.976389149602458 20
0004 0005 4 1671199763469473 16.25 -54.5 0.32520392703175593 20
0004 0004 4 1671199763471161 58.5625 -70.0 4.503767593232243 20
0004 0013 4 1671199763481880 -166.0 -75.5 3.0127382674073995 20
0004 0004 5 1671199763506620 0.0 -64.0 3.32567034813607 20
0004 0002 5 1671199763507547 -19.5 -62.5 0.1718058482431918 20
0004 0005 5 1671199763511659 299.4375 -70.5 1.88986433067511 20
0004 0010 5 1671199763512621 -68.3125 -63.0 4.595806440505381 20
0004 0004 6 1671199763536734 9.75 -64.0 1.8162332528565992 20
0004 0012 6 1671199763539312 -16.25 -69.0 0.18407769454627693 20
0004 0010 6 1671199763540306 35.75 -66.0 0.4295146206079795 20
0004 0006 6 1671199763541255 -6.5 -62.5 4.8351074434155406 20
0004 0014 6 1671199763542833 74.8125 -67.0 0.5645049299419159 20
0004 0011 7 1671199763565834 -87.0625 -69.0 4.1417481272912315 20
0004 0009 7 1671199763566741 -78.0625 -67.0 6.191146459906448 20
0004 0008 7 1671199763567687 3.25 -64.0 3.2949907323783574 20
0004 0004 7 1671199763570929 126.9375 -70.0 4.049709280018092 20
0004 0009 8 1671199763596157 -35.75 -65.0 0.19634954084936207 20
0004 0004 8 1671199763597376 130.1875 -69.5 0.9326603190344698 20
0004 0008 8 1671199763598833 -19.5 -58.5 4.878058905476339 20
0004 0012 8 1671199763600053 -45.5625 -66.5 4.006757817957295 20
0004 0010 8 1671199763601555 -32.5 -70.5 5.3198453723874035 20
0004 0014 8 1671199763605775 -58.5625 -66.5 3.9822141253511245 20
0004 0011 8 1671199763609323 -7.3125 -70.5 1.5953400194010667 20
0004 0005 8 1671199763611845 126.9375 -72.0 2.043262409463674 20
0004 0009 1 1671199763828952 -42.3125 -61.5 4.755340442445488 20
0004 0005 1 1671199763830185 -13.0 -60.5 5.258486140871978 20
0004 0007 1 1671199763831151 -9.75 -72.0 4.135612204139688 20
0004 0006 1 1671199763832126 0.0 -64.0 0.4540583132141498 20
0004 0008 1 1671199763833532 3.25 -59.5 4.583534594202296 20
0004 0012 1 1671199763834492 0.0 -66.0 2.2641556429192065 20
0004 0011 1 1671199763837565 -48.8125 -68.5 4.706253057233147 20
0004 0004 1 1671199763838499 -6.5 -70.0 3.693825737228624 20
0004 0014 2 1671199763865885 19.5 -63.5 5.700272607783043 20
0004 0009 2 1671199763867330 -81.375 -65.5 5.50392306693368 20
0004 0011 2 1671199763870517 205.0625 -68.0 5.135767677841127 20
0004 0006 2 1671199763871439 162.75 -68.0 6.050020227420969 20
0004 0012 2 1671199763874032 -120.4375 -71.5 1.7119225592803755 20
0004 0007 3 1671199763896213 -55.3125 -67.0 1.9389517158874505 20
0004 0005 3 1671199763898721 55.3125 -60.5 5.8045833013592665 20
0004 0014 3 1671199763903435 -32.5 -67.0 4.558990901596125 20
0004 0000 3 1671199763904444 -52.0625 -67.0 2.2027964114037806 20
0004 0011 3 1671199763906115 -231.0625 -67.5 1.7794177139473437 20
0004 0012 3 1671199763908804 -81.375 -69.5 4.577398671050753 20
0004 0000 4 1671199763937556 -110.625 -71.0 0.09203884727313846 20
0004 0007 4 1671199763938549 16.25 -72.0 0.23316507975861744 20
0004 0005 4 1671199763939526 3.25 -61.0 0.17794177139473438 20
0004 0014 4 1671199763940733 -13.0 -70.0 3.9515345095934116 20
0004 0002 5 1671199763966215 -16.25 -67.0 1.5033011721279284 20
0004 0006 5 1671199763967436 61.8125 -65.0 1.576932249946439 20
0004 0010 5 1671199763969959 -39.0 -68.0 1.4603497100671303 20
0004 0012 5 1671199763971521 -29.25 -67.0 5.1725832167503825 20
0004 0005 6 1671199763996556 100.875 -72.5 2.890019804376548 20
0004 0004 6 1671199763998158 13.0 -66.0 0.7853981633974483 20
0004 0006 6 1671199763999153 45.5625 -61.5 2.172116795646068 20
0004 0014 6 1671199764001753 -3.25 -65.0 1.1535535524900022 20
0004 0014 7 1671199764026880 175.75 -67.0 0.859029241215959 20
0004 0006 7 1671199764028483 -117.125 -68.0 3.7981364308048478 20
0004 0007 7 1671199764029463 117.125 -67.0 4.7307967498393175 20
0004 0009 7 1671199764030412 -16.25 -70.0 2.3623304133438876 20
0004 0008 7 1671199764031391 -152.9375 -66.5 0.006135923151542565 20
0004 0004 7 1671199764032354 68.3125 -68.0 6.092971689481767 20
0004 0005 7 1671199764034156 26.0 -68.5 2.2457478734645786 20
0004 0011 8 1671199764055858 -87.0625 -67.5 2.9206994201342606 20
0004 0009 8 1671199764056827 -214.8125 -71.0 3.031146036862027 20
0004 0012 8 1671199764057746 120.4375 -71.0 2.4605051837685683 20
0004 0005 8 1671199764058696 -84.625 -71.0 5.8045833013592665 20
0004 0004 8 1671199764061740 52.0625 -70.5 1.4848934026733007 20
0004 0008 8 1671199764062714 16.25 -60.5 0.5460971604872883 20
0004 0015 8 1671199764063676 -6.5 -67.0 1.1780972450961724 20
0004 0002 8 1671199764064645 -84.625 -72.5 0.7669903939428205 20
0004 0007 8 1671199764066049 -48.8125 -68.5 4.681709364626977 20
0004 0014 8 1671199764067369 -68.3125 -67.0 4.669437518323892 20
0004 0002 1 1671199764285972 133.4375 -71.5 0.8099418560036186 20
0004 0005 1 1671199764286904 6.5 -63.0 5.583690067903734 20
0004 0009 1 1671199764288319 -13.0 -65.0 5.620505606812989 20
0004 0006 1 1671199764289214 -22.75 -63.0 6.062292073724054 20
0004 0004 1 1671199764290178 35.75 -72.0 4.871922982324796 20
0004 0012 1 1671199764291098 39.0 -64.5 2.84706834231575 20
0004 0007 1 1671199764292587 -13.0 -65.5 3.0925052683774528 20
0004 0008 1 1671199764293988 -3.25 -58.0 5.013049214810275 20
0004 0012 2 1671199764326369 91.125 -66.5 1.9696313316451632 20
0004 0014 2 1671199764327317 -61.8125 -62.5 6.000932842208628 20
0004 0006 2 1671199764328722 52.0625 -66.5 5.019185137961818 20
0004 0009 2 1671199764331526 65.0625 -66.0 6.178874613603362 20
0004 0011 2 1671199764334821 -3.25 -68.0 0.5276893910326605 20
0004 0007 3 1671199764365904 71.5625 -68.5 2.3009711818284617 20
0004 0005 3 1671199764366881 13.0 -62.5 5.074408446325701 20
0004 0014 3 1671199764368088 -68.3125 -67.0 5.031456984264903 20
0004 0011 3 1671199764375392 -3.25 -68.5 1.8714565612204823 20
0004 0000 3 1671199764381133 13.0 -68.5 0.9572040116406401 20
0004 0004 4 1671199764416697 182.25 -73.0 3.9576704327449543 20
0004 0014 4 1671199764417718 13.0 -69.0 3.9269908169872414 20
0004 0001 4 1671199764418893 -187.125 -70.5 3.215223731408304 20
0004 0005 4 1671199764422084 16.25 -63.0 6.2463697682703305 20
0004 0012 5 1671199764457127 -45.5625 -70.0 5.098952138931871 20
0004 0010 5 1671199764458076 107.375 -69.5 0.7669903939428205 20
0004 0006 5 1671199764459290 39.0 -66.5 1.325359400733194 20
0004 0002 5 1671199764460242 -113.875 -69.5 0.5890486225480862 20
0004 0006 6 1671199764489218 6.5 -62.0 2.12916533358527 20
0004 0014 6 1671199764490649 45.5625 -66.5 1.1903690913992575 20
0004 0001 6 1671199764491665 7.3125 -71.0 1.2455923997631406 20
0004 0004 6 1671199764492559 35.75 -66.0 0.9203884727313847 20
0004 0005 6 1671199764493668 136.6875 -73.5 2.6200391857086753 20
0004 0014 7 1671199764517838 120.4375 -67.5 0.8467573949128739 20
0004 0005 7 1671199764519733 179.0 -70.0 2.012582793705961 20
0004 0006 7 1671199764520684 68.3125 -69.5 3.153864499892878 20
0004 0004 7 1671199764522099 -19.5 -68.0 0.07976700097005335 20
0004 0008 7 1671199764524070 -29.25 -66.5 6.007068765360171 20
0004 0007 7 1671199764527224 -159.5 -69.0 5.092816215780329 20
0004 0005 8 1671199764556152 -84.625 -71.0 5.602097837358362 20
0004 0010 8 1671199764557357 -169.25 -72.0 5.773903685601553 20
0004 0015 8 1671199764559773 113.875 -69.0 0.8283496254582462 20
0004 0008 8 1671199764560721 26.0 -60.5 0.5583690067903734 20
0004 0014 8 1671199764561713 -35.75 -66.5 4.552854978444583 20
0004 0004 8 1671199764562906 -65.0625 -71.0 1.576932249946439 20
0004 0012 8 1671199764564549 -71.5625 -71.0 2.423689644859313 20
0004 0011 8 1671199764565778 -7.3125 -67.5 2.761165418194154 20
0004 0002 8 1671199764567528 52.0625 -73.5 0.4479223900626072 20
0004 0007 8 1671199764568932 -19.5 -67.5 4.571262747899211 20
0004 0009 8 1671199764571059 -13.0 -72.0 3.227495577711389 20
0004 0008 1 1671199764785809 -3.25 -58.0 4.9394181369917645 20
0004 0005 1 1671199764788793 3.25 -62.5 5.485515297479052 20
0004 0009 1 1671199764791254 19.5 -64.5 5.491651220630596 20
0004 0007 1 1671199764792463 -71.5625 -66.5 3.06182565261974 20
0004 0006 1 1671199764793408 0.0 -62.5 5.921165841238575 20
0004 0012 1 1671199764794601 -6.5 -65.0 2.6261751088602177 20
0004 0002 1 1671199764797326 139.9375 -71.5 0.47860200582032003 20
0004 0009 2 1671199764826096 130.1875 -66.0 5.841398840268521 20
0004 0011 2 1671199764827028 48.8125 -67.5 0.380427235395639 20
0004 0012 2 1671199764830471 -87.875 -68.0 2.061670178918302 20
0004 0006 2 1671199764831467 -113.875 -66.5 5.056000676871073 20
0004 0014 2 1671199764832668 3.25 -62.5 5.835262917116979 20
0004 0000 2 1671199764836096 -286.4375 -73.0 1.043106935762236 20
0004 0000 3 1671199764856692 39.0 -67.0 1.1780972450961724 20
0004 0011 3 1671199764857637 48.8125 -69.0 1.7426021750380885 20
0004 0005 3 1671199764858809 0.0 -62.5 5.270757987175063 20
0004 0007 3 1671199764861836 35.75 -69.5 2.313243028131547 20
0004 0014 3 1671199764863668 -104.125 -69.0 4.963961829597935 20
0004 0001 4 1671199764887289 -76.4375 -72.0 3.06182565261974 20
0004 0005 4 1671199764888221 9.75 -62.5 0.006135923151542565 20
0004 0014 4 1671199764891732 -156.1875 -70.5 4.252194744018997 20
0004 0004 4 1671199764893209 13.0 -73.0 4.037437433715008 20
0004 0006 5 1671199764916841 -139.9375 -67.0 1.6566992509164924 20
0004 0002 5 1671199764917906 -26.0 -69.5 0.7301748550335652 20
0004 0012 5 1671199764919678 26.0 -69.5 4.963961829597935 20
0004 0010 5 1671199764920641 32.5 -68.5 1.043106935762236 20
0004 0014 6 1671199764946466 39.0 -66.0 1.227184630308513 20
0004 0006 6 1671199764948014 52.0625 -62.0 2.116893487282185 20
0004 0004 6 1671199764948947 6.5 -66.0 1.0185632431560658 20
0004 0001 6 1671199764953326 10.5625 -71.0 1.3499030933393643 20
0004 0005 6 1671199764954295 195.25 -73.5 2.675262494072558 20
0004 0014 7 1671199764976694 172.5 -68.0 0.7731263170943632 20
0004 0007 7 1671199764977985 -32.5 -68.0 4.957825906446392 20
0004 0005 7 1671199764979205 -13.0 -69.5 2.2396119503130363 20
0004 0006 7 1671199764980427 55.3125 -70.0 3.06182565261974 20
0004 0009 7 1671199764981882 0.0 -71.5 2.5954954931025047 20
0004 0004 7 1671199764982937 -58.5625 -67.5 0.006135923151542565 20
0004 0008 7 1671199764984367 32.5 -66.0 5.737088146692298 20
0004 0004 8 1671199765006658 -3.25 -71.5 1.368310862793992 20
0004 0010 8 1671199765007593 39.0 -70.5 5.540738605842936 20
0004 0008 8 1671199765009982 19.5 -60.5 0.5460971604872883 20
0004 0009 8 1671199765011585 16.25 -70.5 3.06182565261974 20
0004 0011 8 1671199765014720 -69.125 -67.5 2.767301341345697 20
0004 0015 8 1671199765016188 68.3125 -68.5 0.7792622402459057 20
0004 0007 8 1671199765017140 45.5625 -68.5 4.430136515413731 20
0004 0012 8 1671199765018317 185.5 -70.0 2.1353012567368124 20
0004 0014 8 1671199765020175 -39.0 -67.0 4.516039439535327 20
0004 0005 8 1671199765021097 -172.5 -71.0 5.792311455056181 20
0004 0002 8 1671199765025892 -100.875 -75.0 0.7301748550335652 20
0004 0005 1 1671199765243193 -68.3125 -63.0 5.559146375297564 20
0004 0009 1 1671199765245745 9.75 -64.5 5.448699758569798 20
0004 0007 1 1671199765246641 -26.0 -67.5 3.098641191528995 20
0004 0008 1 1671199765249511 -16.25 -58.5 4.970097752749477 20
0004 0002 1 1671199765251453 45.5625 -71.0 0.6320000846088841 20
0004 0012 1 1671199765253879 29.25 -66.5 2.6261751088602177 20
0004 0006 1 1671199765255299 -100.875 -62.5 6.105243535784852 20
0004 0004 1 1671199765257041 -244.125 -73.0 5.098952138931871 20
0004 0006 2 1671199765276361 -26.0 -67.0 5.013049214810275 20
0004 0012 2 1671199765277279 19.5 -67.0 1.718058482431918 20
0004 0014 2 1671199765281415 -55.3125 -62.0 5.915029918087033 20
0004 0009 2 1671199765282391 -29.25 -65.5 6.135923151542564 20
0004 0011 2 1671199765287441 -41.5 -68.0 0.5092816215780329 20
0004 0005 3 1671199765305872 42.3125 -62.0 5.270757987175063 20
0004 0014 3 1671199765307534 -257.125 -67.5 5.197126909356553 20
0004 0007 3 1671199765308935 -231.0625 -68.0 2.6200391857086753 20
0004 0000 3 1671199765310420 -45.5625 -66.5 1.141281706186917 20
0004 0011 3 1671199765315439 76.4375 -68.5 1.6382914814618648 20
0004 0005 4 1671199765336306 -3.25 -63.0 0.04908738521234052 20
0004 0014 4 1671199765337754 -94.375 -70.0 4.147884050442774 20
0004 0004 4 1671199765340981 78.0625 -71.5 3.877903431774901 20
0004 0001 4 1671199765341885 30.875 -71.5 2.816388726558037 20
0004 0006 5 1671199765367211 13.0 -67.0 1.3437671701878218 20
0004 0010 5 1671199765368188 -13.0 -68.0 1.1106020904292042 20
0004 0002 5 1671199765369140 -13.0 -68.0 0.8774370106705868 20
0004 0012 5 1671199765371653 -211.5625 -70.0 5.356660911296659 20
0004 0004 6 1671199765398325 29.25 -65.5 0.9940195505498954 20
0004 0006 6 1671199765399514 13.0 -62.0 2.0800779483729293 20
0004 0001 6 1671199765400833 -121.25 -71.5 1.533980787885641 20
0004 0014 6 1671199765401780 16.25 -66.0 1.2455923997631406 20
0004 0005 6 1671199765402863 -52.0625 -73.0 3.098641191528995 20
0004 0005 7 1671199765427302 -32.5 -69.5 2.2886993355253766 20
0004 0006 7 1671199765428480 -52.0625 -70.5 3.2090878082567613 20
0004 0008 7 1671199765429382 -22.75 -67.5 5.810719224510809 20
0004 0004 7 1671199765430842 -22.75 -68.0 0.03681553890925539 20
0004 0014 7 1671199765432216 120.4375 -68.0 0.9265243958829272 20
0004 0009 7 1671199765434096 13.0 -72.5 2.4605051837685683 20
0004 0007 7 1671199765435049 -58.5625 -69.0 4.957825906446392 20
0004 0011 8 1671199765465843 -97.625 -67.0 2.859340188618835 20
0004 0007 8 1671199765467248 -130.1875 -68.5 4.743068596142402 20
0004 0015 8 1671199765468196 35.75 -68.5 0.859029241215959 20
0004 0010 8 1671199765469101 68.3125 -70.5 5.522330836388308 20
0004 0004 8 1671199765470291 84.625 -71.5 1.1474176293384597 20
0004 0012 8 1671199765471480 136.6875 -69.5 2.0800779483729293 20
0004 0008 8 1671199765472638 6.5 -60.5 0.5951845456996288 20
0004 0002 8 1671199765474982 -3.25 -75.0 0.2699806186678728 20
0004 0005 8 1671199765476160 -87.875 -71.0 5.688000761479957 20
0004 0009 8 1671199765477123 -26.0 -71.0 3.0372819600135696 20
0004 0014 8 1671199765479264 26.0 -67.0 4.460816131171445 20
0004 0006 1 1671199765695851 13.0 -62.0 5.853670686571607 20
0004 0005 1 1671199765696788 -97.625 -62.5 5.6143696836614465 20
0004 0002 1 1671199765697769 -91.125 -70.5 0.8897088569736719 20
0004 0008 1 1671199765699607 -45.5625 -58.5 5.006913291658733 20
0004 0012 1 1671199765701046 0.0 -65.5 2.5586799541932495 20
0004 0009 1 1671199765703455 -32.5 -63.5 5.47937937432751 20
0004 0007 1 1671199765705290 -94.375 -67.5 3.0372819600135696 20
0004 0012 2 1671199765737250 -97.625 -69.0 1.9941750242513334 20
0004 0009 2 1671199765738483 68.3125 -66.0 5.896622148632405 20
0004 0011 2 1671199765739643 -34.9375 -68.0 0.4049709280018093 20
0004 0014 2 1671199765740821 42.3125 -62.0 5.700272607783043 20
0004 0006 2 1671199765741757 -84.625 -67.0 5.056000676871073 20
0004 0000 3 1671199765776330 -48.8125 -69.0 1.1106020904292042 20
0004 0014 3 1671199765777505 -13.0 -68.5 4.8351074434155406 20
0004 0011 3 1671199765779303 -59.375 -68.5 1.748738098189631 20
0004 0005 3 1671199765780267 -84.625 -62.0 5.411884219660542 20
0004 0007 3 1671199765781190 107.375 -68.5 2.1966604882522383 20
0004 0014 4 1671199765806822 -39.0 -69.0 4.1601558967458585 20
0004 0005 4 1671199765808581 55.3125 -62.5 0.02454369260617026 20
0004 0004 4 1671199765812780 -32.5 -72.5 4.006757817957295 20
0004 0001 4 1671199765814367 -152.9375 -72.0 3.3440781175906977 20
0004 0010 5 1671199765856961 55.3125 -68.0 1.0246991663076084 20
0004 0012 5 1671199765858037 -39.0 -70.0 5.166447293598839 20
0004 0002 5 1671199765859189 104.125 -68.0 0.803805932852076 20
0004 0006 5 1671199765861044 9.75 -67.5 1.4848934026733007 20
0004 0001 6 1671199765885823 111.4375 -71.0 1.3130875544301088 20
0004 0014 6 1671199765887852 81.375 -66.0 1.1719613219446299 20
0004 0005 6 1671199765889075 -120.4375 -74.0 2.9759227284981438 20
0004 0006 6 1671199765890269 52.0625 -62.0 2.0493983326152168 20
0004 0004 6 1671199765891416 35.75 -65.5 0.9817477042468103 20
0004 0014 7 1671199765916126 74.8125 -67.5 1.0799224746714913 20
0004 0007 7 1671199765918438 -35.75 -68.5 4.859651136021712 20
0004 0008 7 1671199765919473 55.3125 -65.5 5.602097837358362 20
0004 0004 7 1671199765920692 35.75 -67.5 6.111379458936394 20
0004 0005 7 1671199765921644 149.6875 -69.5 2.2518837966161214 20
0004 0006 7 1671199765922579 -97.625 -70.5 3.1906800388021335 20
0004 0009 7 1671199765924844 -97.625 -71.5 2.405281875404685 20
0004 0015 8 1671199765946029 9.75 -68.5 0.7792622402459057 20
0004 0008 8 1671199765947264 55.3125 -60.5 0.47860200582032003 20
0004 0007 8 1671199765948187 -58.5625 -69.0 4.620350133111551 20
0004 0004 8 1671199765950620 29.25 -72.0 1.4787574795217582 20
0004 0014 8 1671199765951782 39.0 -67.5 4.381049130201391 20
0004 0005 8 1671199765953229 104.125 -71.5 5.264622064023521 20
0004 0011 8 1671199765954430 69.125 -68.5 2.521864415283994 20
0004 0002 8 1671199765955976 -3.25 -74.5 0.32520392703175593 20
0004 0012 8 1671199765957417 9.75 -71.0 2.1782527187976104 20
0004 0009 8 1671199765959149 -6.5 -71.0 3.0127382674073995 20
0004 0009 1 1671199766176151 39.0 -63.5 5.344389064993574 20
0004 0008 1 1671199766177055 -16.25 -58.0 4.871922982324796 20
0004 0007 1 1671199766179625 16.25 -67.0 2.9575149590435164 20
0004 0002 1 1671199766180579 -185.5 -71.5 0.7915340865489908 20
0004 0012 1 1671199766182301 22.75 -66.0 2.5893595699509624 20
0004 0005 1 1671199766186034 9.75 -62.5 5.405748296509 20
0004 0006 1 1671199766186972 48.8125 -62.5 5.792311455056181 20
0004 0004 1 1671199766187993 94.375 -73.0 4.28287435977671 20
0004 0012 2 1671199766217332 -26.0 -69.0 1.7978254834019713 20
0004 0009 2 1671199766218252 -55.3125 -65.0 6.007068765360171 20
0004 0006 2 1671199766220210 -156.1875 -68.0 5.135767677841127 20
0004 0014 2 1671199766221230 -35.75 -62.0 5.8475347634200645 20
0004 0011 2 1671199766229141 21.125 -68.0 0.2270291566070749 20
0004 0007 3 1671199766257764 22.75 -68.5 2.1598449493429825 20
0004 0005 3 1671199766258657 35.75 -61.5 5.246214294568893 20
0004 0000 3 1671199766259847 -29.25 -70.0 1.337631247036279 20
0004 0014 3 1671199766261369 -55.3125 -68.5 4.804427827657828 20
0004 0011 3 1671199766262582 -34.9375 -69.0 1.8162332528565992 20
0004 0001 4 1671199766288398 41.5 -72.5 3.117048960983623 20
0004 0014 4 1671199766289390 -22.75 -70.0 4.0128937411088375 20
0004 0005 4 1671199766290874 -6.5 -62.0 0.04295146206079795 20
0004 0004 4 1671199766291839 -16.25 -72.0 4.01902966426038 20
0004 0002 5 1671199766315825 -26.0 -69.0 0.9265243958829272 20
0004 0006 5 1671199766318635 65.0625 -66.5 1.368310862793992 20
0004 0010 5 1671199766320616 32.5 -68.0 1.2455923997631406 20
0004 0012 5 1671199766321609 -130.1875 -69.0 5.3627968344482015 20
0004 0006 6 1671199766346750 6.5 -62.0 2.1353012567368124 20
0004 0004 6 1671199766348511 42.3125 -65.0 0.9817477042468103 20
0004 0005 6 1671199766350154 208.3125 -73.0 2.5832236467994196 20
0004 0001 6 1671199766351126 -65.875 -72.0 1.6321555583103222 20
0004 0014 6 1671199766352075 13.0 -66.0 1.2210487071569704 20
0004 0005 7 1671199766376146 136.6875 -69.0 2.067806102069844 20
0004 0014 7 1671199766378257 58.5625 -67.5 1.086058397823034 20
0004 0009 7 1671199766379518 -380.8125 -71.5 2.816388726558037 20
0004 0007 7 1671199766380454 42.3125 -68.0 4.6878452877785195 20
0004 0008 7 1671199766382494 -146.4375 -66.0 5.822991070813893 20
0004 0004 7 1671199766386058 -97.625 -67.0 6.22182607566416 20
