0004 0000 1 1671200650386218 22.75 -67.5 4.111068511533518 21
0004 0013 1 1671200650387407 -9.75 -61.5 1.9573594853420782 21
0004 0014 1 1671200650388331 -48.8125 -64.5 4.000621894805752 21
0004 0009 1 1671200650389532 -6.5 -60.0 2.2396119503130363 21
0004 0008 1 1671200650390496 13.0 -64.0 1.3989904785517047 21
0004 0011 1 1671200650391685 73.1875 -64.5 0.3620194659410113 21
0004 0005 1 1671200650392890 9.75 -67.5 2.3193789512830896 21
0004 0007 1 1671200650394125 16.25 -62.5 1.8775924843720249 21
0004 0003 1 1671200650395291 19.5 -59.5 0.7731263170943632 21
0004 0015 1 1671200650398329 -32.5 -69.5 3.2888548092268146 21
0004 0005 2 1671200650436675 16.25 -62.5 0.8651651643675016 21
0004 0001 2 1671200650437980 13.0 -63.5 1.6751070203711202 21
0004 0003 2 1671200650439245 -16.25 -57.0 3.761320891895592 21
0004 0011 2 1671200650440192 55.3125 -58.0 5.295301679781233 21
0004 0013 2 1671200650442498 6.5 -61.5 4.000621894805752 21
0004 0006 2 1671200650445095 35.75 -67.0 5.957981380147831 21
0004 0010 2 1671200650446029 -87.875 -63.0 5.50392306693368 21
0004 0000 2 1671200650449434 -22.75 -67.5 1.7426021750380885 21
0004 0002 2 1671200650453065 71.5625 -68.5 1.1535535524900022 21
0004 0014 3 1671200650476943 58.5625 -68.0 0.19634954084936207 21
0004 0013 3 1671200650486236 -130.1875 -68.5 0.23930100291016002 21
0004 0007 3 1671200650487526 -48.8125 -69.5 0.8713010875190442 21
0004 0007 4 1671200650526276 55.3125 -64.0 1.3928545554001621 21
0004 0014 4 1671200650530059 87.875 -69.0 5.71868037723767 21
0004 0010 4 1671200650531050 110.625 -71.0 0.34974761963792617 21
0004 0004 5 1671200650557631 16.25 -68.5 5.553010452146021 21
0004 0007 5 1671200650559460 78.0625 -68.0 6.234097921967246 21
0004 0002 5 1671200650561024 -123.6875 -67.5 4.031301510563465 21
0004 0004 6 1671200650586605 26.0 -65.5 0.607456392002714 21
0004 0003 6 1671200650589513 -29.25 -68.5 5.043728830567988 21
0004 0002 7 1671200650616050 0.0 -58.5 5.190990986205009 21
0004 0014 7 1671200650617003 -55.3125 -59.0 6.227961998815704 21
0004 0010 7 1671200650618218 52.0625 -66.0 2.9391071895888885 21
0004 0007 7 1671200650619422 -42.3125 -63.0 1.1106020904292042 21
0004 0004 7 1671200650621347 -13.0 -61.0 1.5155730184310134 21
0004 0001 7 1671200650622551 30.875 -65.5 1.932815792735908 21
0004 0006 7 1671200650623487 -16.25 -67.0 3.859495662320273 21
0004 0015 7 1671200650624438 -195.25 -71.5 0.23316507975861744 21
0004 0012 7 1671200650627832 -6.5 -60.5 0.1227184630308513 21
0004 0011 7 1671200650629048 -235.9375 -69.0 4.166291819897402 21
0004 0004 8 1671200650666365 -9.75 -53.5 3.11091303783208 21
0004 0009 8 1671200650667884 26.0 -61.0 5.810719224510809 21
0004 0005 8 1671200650669034 35.75 -66.0 5.166447293598839 21
0004 0013 8 1671200650670283 -120.4375 -67.0 3.730641276137879 21
0004 0010 8 1671200650671467 -9.75 -59.5 2.890019804376548 21
0004 0007 8 1671200650673073 71.5625 -69.5 2.6998061866787286 21
0004 0006 8 1671200650673996 -74.8125 -70.0 5.074408446325701 21
0004 0003 8 1671200650675343 -35.75 -65.5 2.8716120349219203 21
0004 0008 8 1671200650676321 58.5625 -67.5 2.350058567040802 21
0004 0012 8 1671200650678009 81.375 -68.0 0.9817477042468103 21
0004 0001 8 1671200650680449 100.875 -66.5 3.2029518851052186 21
0004 0002 8 1671200650681387 26.0 -61.5 3.509748042682347 21
0004 0000 1 1671200650895938 -48.8125 -67.5 4.147884050442774 21
0004 0007 1 1671200650899477 -9.75 -62.5 1.859184714917397 21
0004 0009 1 1671200650900453 3.25 -59.0 2.2027964114037806 21
0004 0013 1 1671200650902722 39.0 -61.0 1.9266798695843652 21
0004 0008 1 1671200650903627 -39.0 -64.0 1.3130875544301088 21
0004 0003 1 1671200650904565 35.75 -59.0 0.7363107781851077 21
0004 0014 1 1671200650905641 3.25 -64.0 4.000621894805752 21
0004 0011 1 1671200650906603 17.0625 -64.0 0.30066023442558565 21
0004 0015 1 1671200650908728 -97.625 -70.0 3.522019888985432 21
0004 0005 1 1671200650910886 139.9375 -66.0 1.9941750242513334 21
0004 0013 2 1671200650936119 35.75 -61.0 3.9944859716542096 21
0004 0000 2 1671200650937100 -65.0625 -68.0 1.6198837120072371 21
0004 0005 2 1671200650938824 -6.5 -62.0 0.7424467013366504 21
0004 0003 2 1671200650940020 -39.0 -57.0 3.6140587362585705 21
0004 0010 2 1671200650940941 -26.0 -64.0 5.270757987175063 21
0004 0011 2 1671200650942099 -24.375 -57.5 5.307573526084319 21
0004 0001 2 1671200650943232 39.0 -63.0 1.6260196351587797 21
0004 0002 2 1671200650947440 -16.25 -69.0 0.8528933180644165 21
0004 0006 2 1671200650948392 -179.0 -66.5 6.105243535784852 21
0004 0013 3 1671200650976710 283.1875 -69.5 5.872078456026235 21
0004 0007 3 1671200650978313 39.0 -71.0 0.7363107781851077 21
0004 0014 3 1671200650982039 32.5 -69.0 0.3190680038802134 21
0004 0010 4 1671200651007148 -19.5 -71.5 0.7179030087304801 21
0004 0014 4 1671200651010164 29.25 -70.5 5.8659425328746915 21
0004 0007 4 1671200651011141 -3.25 -64.0 1.6505633277649499 21
0004 0002 5 1671200651038306 -182.25 -68.0 4.417864669110647 21
0004 0004 5 1671200651040173 71.5625 -67.0 5.872078456026235 21
0004 0007 5 1671200651041124 42.3125 -68.5 0.28225246497095796 21
0004 0004 6 1671200651067895 26.0 -63.5 1.1596894756415448 21
0004 0003 6 1671200651069457 -3.25 -68.5 4.9823695990525625 21
0004 0001 7 1671200651096707 41.5 -64.5 1.8039614065535141 21
0004 0004 7 1671200651098330 13.0 -59.5 1.282407938672396 21
0004 0002 7 1671200651099932 -19.5 -59.0 5.031456984264903 21
0004 0014 7 1671200651101147 9.75 -59.0 6.12365130523948 21
0004 0006 7 1671200651102128 71.5625 -67.0 3.3440781175906977 21
0004 0012 7 1671200651103261 9.75 -61.5 6.160466844148735 21
0004 0007 7 1671200651104930 19.5 -64.0 0.9756117810952678 21
0004 0015 7 1671200651107407 -68.3125 -71.5 0.36815538909255385 21
0004 0011 7 1671200651109950 -38.1875 -67.5 3.6876898140770815 21
0004 0010 7 1671200651112216 -58.5625 -66.5 2.8532042654672924 21
0004 0003 8 1671200651147833 22.75 -65.0 2.564815877344792 21
0004 0004 8 1671200651148896 13.0 -53.0 2.6813984172241008 21
0004 0007 8 1671200651150058 9.75 -69.5 2.5832236467994196 21
0004 0002 8 1671200651151333 -45.5625 -62.0 3.227495577711389 21
0004 0013 8 1671200651153142 9.75 -66.0 3.552699504743145 21
0004 0010 8 1671200651154104 9.75 -61.0 2.662990647769473 21
0004 0001 8 1671200651155348 34.9375 -66.0 3.0127382674073995 21
0004 0005 8 1671200651156398 16.25 -65.5 4.9394181369917645 21
0004 0012 8 1671200651157602 42.3125 -69.0 0.9756117810952678 21
0004 0009 8 1671200651158988 -3.25 -60.5 5.6941366846315 21
0004 0008 8 1671200651160165 -71.5625 -66.5 2.2518837966161214 21
0004 0006 8 1671200651162281 -58.5625 -68.5 4.614214209960009 21
0004 0002 1 1671200651376567 -39.0 -68.0 3.9392626632903265 21
0004 0000 1 1671200651377901 -22.75 -68.0 3.877903431774901 21
0004 0009 1 1671200651379102 16.25 -58.5 1.4664856332186729 21
0004 0014 1 1671200651380079 -6.5 -63.5 3.9576704327449543 21
0004 0013 1 1671200651381257 -26.0 -60.0 2.116893487282185 21
0004 0015 1 1671200651382207 -156.1875 -70.0 3.5833791205008576 21
0004 0005 1 1671200651383128 104.125 -67.5 1.2701360923693108 21
0004 0003 1 1671200651384448 -16.25 -58.0 0.662679700366597 21
0004 0011 1 1671200651385394 -3.25 -62.0 5.516194913236766 21
0004 0007 1 1671200651386330 9.75 -62.5 1.6505633277649499 21
0004 0008 1 1671200651387393 26.0 -63.5 0.9940195505498954 21
0004 0006 2 1671200651415903 139.9375 -66.0 5.755495916146925 21
0004 0003 2 1671200651417306 19.5 -56.5 3.5281558121369745 21
0004 0001 2 1671200651418253 65.875 -63.0 1.7978254834019713 21
0004 0000 2 1671200651419711 97.625 -65.0 1.1535535524900022 21
0004 0011 2 1671200651420684 17.0625 -55.5 4.28287435977671 21
0004 0013 2 1671200651421575 16.25 -63.5 3.6263305825616556 21
0004 0005 2 1671200651422512 39.0 -63.0 0.04908738521234052 21
0004 0010 2 1671200651425380 -146.4375 -65.5 4.632621979414636 21
0004 0002 2 1671200651427889 16.25 -69.0 1.5462526341887264 21
0004 0013 3 1671200651456372 107.375 -68.0 0.7485826244881929 21
0004 0014 3 1671200651460762 120.4375 -70.0 0.4172427743048944 21
0004 0007 3 1671200651468786 -97.625 -71.0 2.5157284921324514 21
0004 0004 3 1671200651478512 123.6875 -69.0 0.6688156235181395 21
0004 0007 4 1671200651505909 -39.0 -66.5 3.9085830475326135 21
0004 0004 5 1671200651536369 39.0 -65.0 0.705631162427395 21
0004 0007 5 1671200651539010 -35.75 -67.0 1.6812429435226628 21
0004 0002 5 1671200651540259 -3.25 -70.0 4.1601558967458585 21
0004 0003 6 1671200651568115 -61.8125 -67.5 4.828971520263998 21
0004 0004 6 1671200651570422 -16.25 -59.5 1.88986433067511 21
0004 0007 6 1671200651571759 -32.5 -70.0 0.4479223900626072 21
0004 0006 7 1671200651595748 -3.25 -58.5 1.184233168247715 21
0004 0002 7 1671200651598969 26.0 -59.0 4.896466674930966 21
0004 0014 7 1671200651600382 26.0 -58.0 5.915029918087033 21
0004 0001 7 1671200651601697 -52.0625 -66.0 2.521864415283994 21
0004 0010 7 1671200651603814 26.0 -61.0 0.5706408530934585 21
0004 0004 7 1671200651605456 -13.0 -64.0 0.09203884727313846 21
0004 0011 7 1671200651606376 -107.375 -66.0 0.619728238305799 21
0004 0015 7 1671200651607492 -68.3125 -69.0 0.3129320807286708 21
0004 0007 7 1671200651616942 -231.0625 -70.5 2.8961557275280905 21
0004 0002 8 1671200651646974 -6.5 -60.5 2.1046216409791 21
0004 0007 8 1671200651650795 6.5 -64.0 0.0 21
0004 0003 8 1671200651651750 22.75 -67.0 1.3008157081270237 21
0004 0008 8 1671200651653479 -29.25 -62.0 6.234097921967246 21
0004 0001 8 1671200651654453 13.8125 -65.5 3.865631585471816 21
0004 0013 8 1671200651655628 -71.5625 -64.5 2.4850488763747385 21
0004 0005 8 1671200651656818 -19.5 -65.0 2.4175537217077703 21
0004 0004 8 1671200651658037 -29.25 -58.0 0.39269908169872414 21
0004 0006 8 1671200651660134 -22.75 -62.5 0.32520392703175593 21
0004 0009 8 1671200651661322 6.5 -61.0 0.46019423636569234 21
0004 0011 8 1671200651663007 13.8125 -65.0 3.6386024288647407 21
0004 0009 1 1671200651877017 -55.3125 -65.5 5.080544369477243 21
0004 0011 1 1671200651877960 21.125 -63.5 3.9147189706841563 21
0004 0001 1 1671200651878920 21.125 -68.0 5.301437602932776 21
0004 0013 1 1671200651880152 -19.5 -67.5 4.3074180523828804 21
0004 0008 1 1671200651881839 -55.3125 -59.5 2.748893571891069 21
0004 0003 1 1671200651882777 -32.5 -65.5 2.399145952253143 21
0004 0014 1 1671200651883936 -32.5 -61.5 3.9208548938356986 21
0004 0000 1 1671200651885270 6.5 -63.5 1.8100973297050567 21
0004 0002 1 1671200651887032 -3.25 -68.0 3.4913402732277192 21
0004 0005 1 1671200651891090 -162.75 -68.5 5.203262832508095 21
0004 0015 1 1671200651892025 -52.0625 -70.0 3.6570101983193686 21
0004 0001 2 1671200651916283 59.375 -65.0 2.5464081078901644 21
0004 0006 2 1671200651917646 -110.625 -65.0 5.00077736850719 21
0004 0004 2 1671200651919330 -94.375 -64.0 6.050020227420969 21
0004 0007 2 1671200651920809 -16.25 -59.5 4.7307967498393175 21
0004 0005 2 1671200651924018 -172.5 -65.5 4.822835597112456 21
0004 0003 2 1671200651925026 -26.0 -64.5 5.534602682691394 21
0004 0014 2 1671200651928267 -22.75 -67.5 3.429981041712294 21
0004 0011 2 1671200651929200 -93.5625 -68.0 0.2761165418194154 21
0004 0009 3 1671200651957660 42.3125 -62.5 0.760854470791278 21
0004 0001 3 1671200651961213 -13.8125 -63.5 5.123495831538041 21
0004 0007 4 1671200651986062 16.25 -64.0 0.18407769454627693 21
0004 0001 4 1671200651987507 -13.8125 -65.0 2.9636508821950587 21
0004 0015 4 1671200651988994 45.5625 -72.0 5.798447378207723 21
0004 0009 4 1671200651993479 104.125 -68.0 1.0492428589137786 21
0004 0004 5 1671200652017189 -9.75 -64.5 2.5954954931025047 21
0004 0004 6 1671200652045894 26.0 -61.5 1.2578642460662257 21
0004 0008 6 1671200652049066 -65.0625 -66.5 4.405592822807561 21
0004 0006 6 1671200652050823 -3.25 -64.5 4.135612204139688 21
0004 0009 7 1671200652076100 29.25 -57.0 2.0493983326152168 21
0004 0014 7 1671200652078127 -32.5 -59.5 6.111379458936394 21
0004 0004 7 1671200652079968 84.625 -61.0 2.043262409463674 21
0004 0006 7 1671200652080907 48.8125 -62.0 2.405281875404685 21
0004 0001 7 1671200652081880 -17.0625 -62.5 3.6447383520162835 21
0004 0008 7 1671200652082944 -52.0625 -63.5 6.264777537724958 21
0004 0015 8 1671200652105856 32.5 -68.0 0.22089323345553233 21
0004 0005 8 1671200652107049 -61.8125 -68.0 2.8654761117703775 21
0004 0001 8 1671200652107965 17.0625 -60.0 0.1718058482431918 21
0004 0004 8 1671200652110356 6.5 -57.0 0.9326603190344698 21
0004 0008 8 1671200652112070 78.0625 -69.5 2.816388726558037 21
0004 0002 8 1671200652113725 0.0 -71.0 0.9572040116406401 21
0004 0003 8 1671200652115027 -231.0625 -75.5 0.30679615757712825 21
0004 0009 8 1671200652116032 45.5625 -62.5 4.884194828627882 21
0004 0005 1 1671200652335800 39.0 -68.5 1.509437095279471 21
0004 0015 1 1671200652338124 149.6875 -64.0 1.4419419406125027 21
0004 0008 1 1671200652339082 -9.75 -62.0 4.608078286808466 21
0004 0014 1 1671200652340017 -3.25 -61.5 1.8100973297050567 21
0004 0007 1 1671200652342689 -3.25 -69.5 0.1718058482431918 21
0004 0004 1 1671200652343699 179.0 -71.0 4.430136515413731 21
0004 0001 1 1671200652345001 104.125 -70.0 3.117048960983623 21
0004 0013 1 1671200652351330 123.6875 -71.0 4.430136515413731 21
0004 0000 1 1671200652352251 -152.9375 -68.0 3.902447124381071 21
0004 0015 2 1671200652376147 -71.5625 -57.0 5.675728915176872 21
0004 0014 2 1671200652378160 45.5625 -62.0 0.5522330836388308 21
0004 0005 2 1671200652379295 104.125 -69.0 1.3560390164909069 21
0004 0001 2 1671200652380226 21.125 -63.5 1.3621749396424494 21
0004 0004 2 1671200652381673 81.375 -70.0 2.8838838812250054 21
0004 0015 3 1671200652406154 -6.5 -64.0 4.135612204139688 21
0004 0004 3 1671200652409180 -29.25 -64.5 1.7426021750380885 21
0004 0014 3 1671200652416705 247.375 -71.0 3.6999616603801666 21
0004 0007 4 1671200652447313 55.3125 -70.5 2.7120780329818137 21
0004 0004 4 1671200652449091 81.375 -64.5 0.46019423636569234 21
0004 0014 4 1671200652450053 29.25 -65.5 0.4540583132141498 21
0004 0015 5 1671200652476809 -123.6875 -68.0 0.02454369260617026 21
0004 0004 5 1671200652479008 39.0 -66.5 0.15339807878856412 21
0004 0006 5 1671200652480496 45.5625 -69.0 0.8344855486097889 21
0004 0005 6 1671200652506556 42.3125 -73.5 6.215690152512618 21
0004 0004 6 1671200652507506 -39.0 -65.0 3.3440781175906977 21
0004 0014 6 1671200652510777 -179.0 -70.0 3.2213596545598464 21
0004 0015 6 1671200652517223 -110.625 -71.0 5.105088062083414 21
0004 0004 7 1671200652537171 -35.75 -59.0 0.1902136176978195 21
0004 0014 7 1671200652538404 26.0 -61.0 2.8716120349219203 21
0004 0009 7 1671200652539552 55.3125 -64.5 4.779884135051658 21
0004 0008 7 1671200652540528 16.25 -58.0 0.9878836273983529 21
0004 0001 7 1671200652542043 13.8125 -70.0 1.8775924843720249 21
0004 0015 7 1671200652543018 16.25 -65.0 6.19728238305799 21
0004 0007 8 1671200652566135 -9.75 -62.0 6.013204688511713 21
0004 0008 8 1671200652567324 -3.25 -54.5 5.111223985234957 21
0004 0014 8 1671200652569934 -16.25 -59.5 3.2397674240144743 21
0004 0009 8 1671200652571199 52.0625 -67.5 1.8530487917658545 21
0004 0010 8 1671200652572329 -13.0 -59.0 4.92714629068868 21
0004 0004 8 1671200652573351 -16.25 -64.0 5.209398755659637 21
0004 0005 8 1671200652575530 179.0 -70.5 0.1718058482431918 21
0004 0015 8 1671200652576462 26.0 -61.5 0.2638446955163303 21
0004 0006 8 1671200652577541 19.5 -67.5 0.19634954084936207 21
0004 0015 1 1671200652786119 39.0 -64.0 2.5586799541932495 21
0004 0010 1 1671200652789033 -19.5 -64.5 5.706408530934585 21
0004 0008 1 1671200652790250 -9.75 -54.5 5.608233760509904 21
0004 0004 1 1671200652791229 -13.0 -58.0 2.521864415283994 21
0004 0007 1 1671200652792237 26.0 -63.0 0.944932165337555 21
0004 0000 1 1671200652793187 -39.0 -62.0 5.970253226450915 21
0004 0009 1 1671200652794177 19.5 -62.0 1.1658253987930873 21
0004 0013 1 1671200652795199 74.8125 -70.5 2.380738182798515 21
0004 0014 1 1671200652796135 -120.4375 -66.5 4.651029748869264 21
0004 0011 2 1671200652835857 -87.0625 -68.0 2.1046216409791 21
0004 0006 2 1671200652837517 52.0625 -67.5 0.944932165337555 21
0004 0008 2 1671200652838704 19.5 -55.0 1.8285050991596843 21
0004 0014 2 1671200652842365 -19.5 -64.5 0.380427235395639 21
0004 0009 2 1671200652843544 139.9375 -64.0 0.705631162427395 21
0004 0003 3 1671200652866873 -3.25 -69.0 3.141592653589793 21
0004 0000 3 1671200652869314 -29.25 -65.5 1.2762720155208536 21
0004 0008 3 1671200652870589 71.5625 -64.0 2.110757564130642 21
0004 0005 3 1671200652872271 -94.375 -70.0 3.2336315008629315 21
0004 0011 3 1671200652873896 104.125 -66.0 4.1172044346850605 21
0004 0011 4 1671200652897592 -17.0625 -64.5 0.04295146206079795 21
0004 0008 4 1671200652898528 26.0 -64.0 0.16566992509164924 21
0004 0015 4 1671200652899476 120.4375 -73.0 0.11658253987930872 21
0004 0007 4 1671200652900425 -13.0 -58.0 4.945554060143307 21
0004 0010 4 1671200652901403 -42.3125 -66.5 5.086680292628786 21
0004 0009 4 1671200652902636 29.25 -58.5 4.945554060143307 21
0004 0005 4 1671200652903979 32.5 -65.5 2.325514874434632 21
0004 0003 4 1671200652904917 -91.125 -67.0 2.3930100291016 21
0004 0005 5 1671200652935891 -52.0625 -67.5 2.227340104009951 21
0004 0008 5 1671200652937092 13.0 -56.5 1.2455923997631406 21
0004 0010 5 1671200652938070 -13.0 -65.5 0.7731263170943632 21
0004 0002 5 1671200652939534 -195.25 -68.5 3.074097498922825 21
0004 0003 5 1671200652942151 -97.625 -67.5 4.509903516383785 21
0004 0004 5 1671200652945527 55.3125 -67.5 0.859029241215959 21
0004 0015 5 1671200652947567 -71.5625 -73.0 2.2886993355253766 21
0004 0003 6 1671200652975832 19.5 -74.0 4.577398671050753 21
0004 0002 6 1671200652978795 9.75 -68.0 1.227184630308513 21
0004 0009 6 1671200652979757 6.5 -58.0 6.166602767300278 21
0004 0007 6 1671200652980978 -74.8125 -65.0 6.0991076126333095 21
0004 0004 6 1671200652982151 9.75 -56.0 2.3439226438892597 21
0004 0014 6 1671200652983089 61.8125 -70.5 1.3867186322486196 21
0004 0008 6 1671200652984037 35.75 -67.0 0.8406214717613314 21
0004 0011 6 1671200652985339 -27.625 -62.5 4.847379289718626 21
0004 0006 6 1671200652993313 45.5625 -76.0 3.77972866135022 21
0004 0003 7 1671200653025864 -22.75 -69.0 1.7241944055834606 21
0004 0014 7 1671200653027025 -16.25 -73.0 5.798447378207723 21
0004 0004 7 1671200653027960 16.25 -72.0 3.730641276137879 21
0004 0005 7 1671200653029833 -71.5625 -65.5 5.878214379177777 21
0004 0010 7 1671200653031263 35.75 -61.5 2.0371264863121317 21
0004 0009 7 1671200653032765 55.3125 -62.0 3.8840393549264434 21
0004 0007 7 1671200653034838 -149.6875 -71.0 5.5100589900852235 21
0004 0004 8 1671200653055821 -19.5 -59.5 4.859651136021712 21
0004 0014 8 1671200653057266 -3.25 -70.5 3.117048960983623 21
0004 0009 8 1671200653058498 -22.75 -58.0 3.2949907323783574 21
0004 0006 8 1671200653059510 45.5625 -67.0 2.0800779483729293 21
0004 0008 8 1671200653060471 19.5 -65.0 1.6382914814618648 21
0004 0007 8 1671200653063159 -19.5 -63.5 5.105088062083414 21
0004 0015 8 1671200653070601 198.5625 -72.5 0.39269908169872414 21
0004 0007 1 1671200653285868 13.0 -62.5 1.1965050145508 21
0004 0009 1 1671200653287356 -42.3125 -57.0 5.00077736850719 21
0004 0015 1 1671200653288332 104.125 -68.0 4.620350133111551 21
0004 0005 1 1671200653292284 16.25 -59.5 1.2455923997631406 21
0004 0013 1 1671200653293461 39.0 -65.0 2.4911847995262812 21
0004 0011 1 1671200653294365 -198.5625 -71.5 1.8837284075235674 21
0004 0008 1 1671200653296194 104.125 -69.5 5.540738605842936 21
0004 0010 1 1671200653297353 39.0 -70.0 1.1596894756415448 21
0004 0008 2 1671200653325826 -42.3125 -68.0 1.6751070203711202 21
0004 0011 2 1671200653326983 76.4375 -64.5 1.41126232485479 21
0004 0010 2 1671200653328188 -71.5625 -70.5 5.399612373357457 21
0004 0007 2 1671200653329137 6.5 -66.5 2.84706834231575 21
0004 0009 2 1671200653330824 -65.0625 -59.5 5.632777453116074 21
0004 0004 2 1671200653333816 123.6875 -69.5 4.663301595172349 21
0004 0002 2 1671200653336679 -45.5625 -71.0 3.411573272257666 21
0004 0000 3 1671200653366318 -68.3125 -67.0 3.067961575771282 21
0004 0008 3 1671200653367494 104.125 -65.5 3.2704470397721868 21
0004 0009 3 1671200653370892 6.5 -60.5 3.3624858870453256 21
0004 0011 3 1671200653372532 -59.375 -66.0 4.006757817957295 21
0004 0003 3 1671200653377521 3.25 -71.0 4.1601558967458585 21
0004 0003 4 1671200653396703 -3.25 -63.5 0.09817477042468103 21
0004 0000 4 1671200653398290 -6.5 -64.0 6.086835766330224 21
0004 0001 4 1671200653399181 -27.625 -60.0 5.663457068873787 21
0004 0005 4 1671200653400116 3.25 -54.0 2.761165418194154 21
0004 0009 4 1671200653401067 -65.0625 -63.0 0.11044661672776616 21
0004 0006 4 1671200653402059 87.875 -67.5 3.2520392703175593 21
0004 0011 4 1671200653403244 24.375 -59.0 0.521553467881118 21
0004 0007 4 1671200653404338 9.75 -57.5 0.14112623248547898 21
0004 0013 4 1671200653405318 94.375 -70.0 3.2827188860752723 21
0004 0010 4 1671200653406522 120.4375 -68.0 5.773903685601553 21
0004 0003 5 1671200653426805 -146.4375 -69.0 4.865787059173254 21
0004 0008 5 1671200653429918 -110.625 -65.0 4.154019973594316 21
0004 0005 5 1671200653430855 107.375 -63.5 5.037592907416445 21
0004 0002 5 1671200653433826 166.0 -70.5 2.8777479580734626 21
0004 0009 5 1671200653435128 -26.0 -60.0 5.816855147662351 21
0004 0010 5 1671200653436074 9.75 -60.5 2.36846633649543 21
0004 0001 5 1671200653439634 10.5625 -67.0 1.5278448647340985 21
0004 0013 5 1671200653440614 -45.5625 -68.5 1.552388557340269 21
0004 0007 6 1671200653465913 -16.25 -63.0 5.21553467881118 21
0004 0001 6 1671200653466917 -21.125 -63.0 0.0 21
0004 0000 6 1671200653468410 -6.5 -67.5 1.2762720155208536 21
0004 0006 6 1671200653469389 3.25 -69.5 5.375068680751287 21
0004 0002 6 1671200653470540 58.5625 -69.5 0.7485826244881929 21
0004 0011 6 1671200653471470 -13.8125 -62.5 6.037748381117884 21
0004 0003 6 1671200653473146 -22.75 -67.0 0.12885438618239387 21
0004 0010 6 1671200653474108 -71.5625 -67.0 4.841243366567084 21
0004 0004 6 1671200653475297 6.5 -55.5 2.5954954931025047 21
0004 0009 7 1671200653506180 9.75 -62.5 3.5158839658338894 21
0004 0005 7 1671200653507671 -22.75 -70.0 5.056000676871073 21
0004 0004 7 1671200653509710 -48.8125 -65.0 6.129787228391022 21
0004 0001 7 1671200653511318 -38.1875 -68.0 0.018407769454627694 21
0004 0010 7 1671200653512252 52.0625 -63.0 3.098641191528995 21
0004 0000 7 1671200653513145 120.4375 -68.5 5.3627968344482015 21
0004 0013 7 1671200653519238 -97.625 -67.5 5.5100589900852235 21
0004 0003 7 1671200653521987 -283.1875 -68.5 1.1780972450961724 21
0004 0007 7 1671200653526709 -156.1875 -71.0 3.031146036862027 21
0004 0009 8 1671200653555883 32.5 -60.0 2.890019804376548 21
0004 0004 8 1671200653556862 -58.5625 -64.0 4.908738521234052 21
0004 0012 8 1671200653560295 52.0625 -76.0 0.05522330836388308 21
0004 0013 8 1671200653561273 -250.625 -74.5 4.828971520263998 21
0004 0007 8 1671200653562450 -126.9375 -64.0 4.190835512503572 21
0004 0015 8 1671200653567110 -110.625 -73.5 5.424156065963627 21
0004 0011 1 1671200653776041 21.125 -66.5 1.6751070203711202 21
0004 0015 1 1671200653777801 -263.625 -69.0 5.47937937432751 21
0004 0005 1 1671200653779015 26.0 -59.5 1.705786636128833 21
0004 0009 1 1671200653780896 -6.5 -57.5 4.988505522204105 21
0004 0007 1 1671200653781975 -9.75 -63.5 1.0369710126106935 21
0004 0013 1 1671200653782869 -100.875 -68.5 2.2150682577068657 21
0004 0003 1 1671200653784727 -84.625 -72.5 3.6815538909255388 21
0004 0010 1 1671200653786242 -19.5 -71.5 1.1535535524900022 21
0004 0001 2 1671200653816415 -55.3125 -69.0 5.418020142812084 21
0004 0008 2 1671200653817604 78.0625 -68.0 0.6872233929727672 21
0004 0011 2 1671200653818549 -13.8125 -62.0 1.1474176293384597 21
0004 0009 2 1671200653820420 61.8125 -60.0 5.178719139901925 21
0004 0007 2 1671200653821341 19.5 -67.5 2.184388641949153 21
0004 0004 2 1671200653822746 -91.125 -67.5 5.816855147662351 21
0004 0003 3 1671200653846115 -71.5625 -69.0 4.779884135051658 21
0004 0009 3 1671200653847049 -61.8125 -60.5 3.6201946594101133 21
0004 0011 3 1671200653848703 17.0625 -64.5 3.9147189706841563 21
0004 0000 3 1671200653851259 292.9375 -68.5 2.7979809571034093 21
0004 0008 3 1671200653856042 -6.5 -67.0 3.215223731408304 21
0004 0001 3 1671200653859338 -117.9375 -71.0 5.307573526084319 21
0004 0006 4 1671200653885822 -133.4375 -72.0 3.5956509668039427 21
0004 0003 4 1671200653886788 42.3125 -61.0 0.5031456984264903 21
0004 0013 4 1671200653888671 -22.75 -69.5 3.472932503773092 21
0004 0009 4 1671200653889620 16.25 -64.0 0.006135923151542565 21
0004 0010 4 1671200653890569 22.75 -70.0 5.663457068873787 21
0004 0000 4 1671200653891732 84.625 -64.5 6.025476534814799 21
0004 0014 4 1671200653892948 6.5 -72.0 0.35588354278946877 21
0004 0001 4 1671200653893881 -27.625 -57.0 0.3374757733348411 21
0004 0011 4 1671200653894827 38.1875 -60.0 0.25157284921324513 21
0004 0005 4 1671200653898147 9.75 -55.5 3.129320807286708 21
0004 0007 4 1671200653899125 -3.25 -58.0 0.37429131224409645 21
0004 0001 5 1671200653926210 27.625 -65.0 1.7548740213411735 21
0004 0000 5 1671200653927149 -273.375 -69.0 5.135767677841127 21
0004 0005 5 1671200653929133 -6.5 -65.5 5.105088062083414 21
0004 0009 5 1671200653930563 6.5 -60.5 5.522330836388308 21
0004 0010 5 1671200653931524 9.75 -62.0 1.8775924843720249 21
0004 0003 5 1671200653935283 58.5625 -70.0 4.663301595172349 21
0004 0008 5 1671200653936261 -100.875 -67.0 4.111068511533518 21
0004 0013 5 1671200653937336 6.5 -70.0 1.2885438618239387 21
0004 0011 6 1671200653966331 30.875 -63.5 5.2768939103266055 21
0004 0006 6 1671200653967894 -126.9375 -73.0 5.405748296509 21
0004 0003 6 1671200653968901 13.0 -67.5 0.22089323345553233 21
0004 0010 6 1671200653970078 -29.25 -68.0 4.313553975534423 21
0004 0007 6 1671200653971028 3.25 -63.5 5.080544369477243 21
0004 0001 6 1671200653971948 -30.875 -62.0 0.18407769454627693 21
0004 0004 6 1671200653972910 -9.75 -54.0 2.2764274892222915 21
0004 0000 6 1671200653973877 39.0 -68.0 1.1167380135807468 21
0004 0002 6 1671200653976129 13.0 -72.5 0.9940195505498954 21
0004 0013 6 1671200653983122 -257.125 -75.5 3.9269908169872414 21
0004 0013 7 1671200654008853 74.8125 -69.5 4.994641445355648 21
0004 0003 7 1671200654009905 35.75 -70.5 0.5154175447295755 21
0004 0010 7 1671200654010881 6.5 -62.5 2.4727770300716534 21
0004 0009 7 1671200654012071 -16.25 -62.0 3.380893656499953 21
0004 0004 7 1671200654013082 45.5625 -64.0 5.4671075280244255 21
0004 0000 7 1671200654014526 -3.25 -68.0 5.3198453723874035 21
0004 0007 7 1671200654015493 -91.125 -71.0 2.6384469551633027 21
0004 0001 7 1671200654016950 -125.3125 -67.5 0.17794177139473438 21
0004 0007 8 1671200654046089 -26.0 -64.0 4.086524818927348 21
0004 0009 8 1671200654048424 -13.0 -60.5 2.945243112740431 21
0004 0013 8 1671200654049760 -139.9375 -75.0 4.319689898685965 21
0004 0004 8 1671200654050949 19.5 -65.0 4.362641360746763 21
0004 0015 8 1671200654052262 100.875 -75.0 4.669437518323892 21
0004 0015 1 1671200654266164 61.8125 -70.5 4.76147636559703 21
0004 0013 1 1671200654268285 117.125 -70.5 1.6996507129772904 21
0004 0007 1 1671200654269517 -3.25 -63.0 0.944932165337555 21
0004 0011 1 1671200654270721 114.6875 -66.5 1.2578642460662257 21
0004 0005 1 1671200654271671 29.25 -60.0 1.6014759425526093 21
0004 0009 1 1671200654273852 -16.25 -56.5 5.062136600022616 21
0004 0011 2 1671200654306091 170.0625 -64.5 0.7301748550335652 21
0004 0001 2 1671200654307533 145.625 -68.0 5.184855063053467 21
0004 0007 2 1671200654309776 208.3125 -66.5 1.8837284075235674 21
0004 0008 2 1671200654311320 -78.0625 -67.5 1.5278448647340985 21
0004 0009 2 1671200654312266 -9.75 -60.0 5.3627968344482015 21
0004 0004 2 1671200654314347 -65.0625 -68.5 5.387340527054372 21
0004 0011 3 1671200654336143 17.0625 -67.0 3.5833791205008576 21
0004 0009 3 1671200654338465 -48.8125 -59.5 3.736777199289422 21
0004 0008 3 1671200654340306 84.625 -66.5 3.0250101137104846 21
0004 0000 3 1671200654341625 -94.375 -68.0 3.356349963893783 21
0004 0003 3 1671200654342521 -201.8125 -70.5 4.792155981354743 21
0004 0001 3 1671200654352440 -59.375 -69.5 5.160311370447297 21
0004 0007 4 1671200654375897 22.75 -58.0 0.28225246497095796 21
0004 0000 4 1671200654377344 35.75 -63.0 0.2945243112740431 21
0004 0011 4 1671200654378515 45.5625 -60.5 0.0674951546669682 21
0004 0003 4 1671200654379934 32.5 -60.5 0.5092816215780329 21
0004 0005 4 1671200654380836 0.0 -55.0 3.031146036862027 21
0004 0010 4 1671200654381762 26.0 -69.5 5.50392306693368 21
0004 0009 4 1671200654382711 45.5625 -63.0 6.1850105367549055 21
0004 0001 4 1671200654383627 -3.25 -57.0 0.34974761963792617 21
0004 0006 4 1671200654386830 32.5 -73.0 3.509748042682347 21
0004 0013 4 1671200654387780 -55.3125 -73.5 3.3624858870453256 21
0004 0009 5 1671200654416138 -13.0 -60.0 5.448699758569798 21
0004 0003 5 1671200654417106 -133.4375 -68.5 4.706253057233147 21
0004 0000 5 1671200654418990 -22.75 -69.0 4.896466674930966 21
0004 0008 5 1671200654420208 -39.0 -66.5 3.5465635815916023 21
0004 0005 5 1671200654421684 -113.875 -64.0 5.240078371417351 21
0004 0010 5 1671200654422675 87.875 -61.5 1.533980787885641 21
0004 0002 5 1671200654424536 -48.8125 -72.0 2.834796496012665 21
0004 0001 5 1671200654426092 7.3125 -64.5 1.6935147898257479 21
0004 0002 6 1671200654456696 42.3125 -73.0 0.9756117810952678 21
0004 0004 6 1671200654457987 13.0 -54.0 2.141437179888355 21
0004 0010 6 1671200654458964 16.25 -68.0 4.3074180523828804 21
0004 0006 6 1671200654460692 61.8125 -73.0 5.221670601962723 21
0004 0000 6 1671200654461642 26.0 -67.5 1.3560390164909069 21
0004 0003 6 1671200654462960 0.0 -67.0 0.3129320807286708 21
0004 0007 6 1671200654463915 48.8125 -63.0 4.9823695990525625 21
0004 0001 6 1671200654464876 -45.5625 -62.0 0.06135923151542565 21
0004 0011 6 1671200654466208 41.5 -64.5 5.209398755659637 21
0004 0000 7 1671200654496109 117.125 -67.5 5.387340527054372 21
0004 0010 7 1671200654497284 42.3125 -63.5 2.478912953223196 21
0004 0004 7 1671200654499299 45.5625 -64.5 5.325981295538946 21
0004 0007 7 1671200654501153 133.4375 -71.0 2.0800779483729293 21
0004 0009 7 1671200654502795 -35.75 -61.0 3.3440781175906977 21
0004 0001 7 1671200654504236 17.0625 -68.0 6.1420590746941075 21
0004 0003 7 1671200654506872 35.75 -69.5 0.5583690067903734 21
0004 0013 7 1671200654508317 68.3125 -70.0 4.957825906446392 21
0004 0004 8 1671200654538583 -3.25 -65.0 4.09266074207889 21
0004 0007 8 1671200654539552 -52.0625 -65.0 4.104932588381976 21
0004 0009 8 1671200654540711 13.0 -60.0 2.9206994201342606 21
0004 0015 8 1671200654542834 -244.125 -74.0 4.933282213840222 21
0004 0003 1 1671200654762673 -26.0 -73.0 3.1661363461959633 21
0004 0009 1 1671200654763750 -35.75 -56.5 5.043728830567988 21
0004 0013 1 1671200654764754 22.75 -71.0 1.9880391010997909 21
0004 0011 1 1671200654766616 10.5625 -67.0 1.4296700943094176 21
0004 0007 1 1671200654768230 22.75 -63.5 0.9265243958829272 21
0004 0005 1 1671200654769181 26.0 -60.0 1.6014759425526093 21
0004 0015 1 1671200654770527 -123.6875 -70.0 4.9823695990525625 21
0004 0009 2 1671200654796411 -32.5 -59.5 5.473243451175968 21
0004 0001 2 1671200654797952 -13.8125 -68.0 5.111223985234957 21
0004 0004 2 1671200654799440 9.75 -69.0 5.209398755659637 21
0004 0007 2 1671200654801101 133.4375 -66.5 1.9144080232812801 21
0004 0011 2 1671200654803070 -114.6875 -64.5 1.0737865515199487 21
0004 0008 2 1671200654803989 -81.375 -67.0 1.4480778637640452 21
0004 0009 3 1671200654826191 22.75 -59.0 3.6324665057131984 21
0004 0011 3 1671200654827350 -13.8125 -66.5 3.485204350076177 21
0004 0000 3 1671200654829337 32.5 -67.5 3.356349963893783 21
0004 0003 3 1671200654830798 39.0 -67.0 4.614214209960009 21
0004 0008 3 1671200654831746 13.0 -66.0 3.522019888985432 21
0004 0007 4 1671200654856090 13.0 -58.0 0.28838838812250056 21
0004 0001 4 1671200654857018 0.0 -57.0 0.3129320807286708 21
0004 0011 4 1671200654857926 27.625 -60.0 0.09817477042468103 21
0004 0010 4 1671200654858917 81.375 -69.5 5.47937937432751 21
0004 0000 4 1671200654859896 55.3125 -63.5 0.3129320807286708 21
0004 0003 4 1671200654860804 -16.25 -60.5 0.5706408530934585 21
0004 0009 4 1671200654861737 -6.5 -63.0 6.1420590746941075 21
0004 0005 4 1671200654863157 42.3125 -55.0 2.9636508821950587 21
0004 0013 4 1671200654866613 19.5 -73.5 3.184544115650591 21
0004 0006 4 1671200654867554 -224.5625 -72.5 3.6754179677739964 21
0004 0001 5 1671200654896223 27.625 -65.0 1.8100973297050567 21
0004 0010 5 1671200654897412 61.8125 -62.0 1.5892040962495242 21
0004 0003 5 1671200654900604 -68.3125 -68.5 4.743068596142402 21
0004 0005 5 1671200654901853 -39.0 -65.0 5.141903600992669 21
0004 0009 5 1671200654902774 -55.3125 -60.0 5.473243451175968 21
0004 0008 5 1671200654908318 22.75 -66.5 3.8533597391687304 21
0004 0000 5 1671200654910558 68.3125 -68.0 4.700117134081604 21
0004 0002 5 1671200654914976 -133.4375 -69.5 3.1231848841351653 21
0004 0003 6 1671200654935842 -39.0 -67.0 0.2699806186678728 21
0004 0011 6 1671200654937270 27.625 -64.0 5.190990986205009 21
0004 0007 6 1671200654938971 -6.5 -63.5 5.080544369477243 21
0004 0001 6 1671200654940613 -24.375 -61.5 0.03681553890925539 21
0004 0004 6 1671200654941532 0.0 -53.5 2.098485717827557 21
0004 0006 6 1671200654942459 52.0625 -73.5 5.123495831538041 21
0004 0000 6 1671200654946299 29.25 -68.5 1.4051264017032472 21
0004 0010 6 1671200654949040 39.0 -68.0 4.295146206079795 21
0004 0002 6 1671200654950032 6.5 -73.0 0.9572040116406401 21
0004 0007 7 1671200654976594 71.5625 -71.0 2.1046216409791 21
0004 0001 7 1671200654977497 -17.0625 -67.5 6.1420590746941075 21
0004 0003 7 1671200654979851 169.25 -69.5 0.3374757733348411 21
0004 0013 7 1671200654981324 -120.4375 -69.5 5.098952138931871 21
0004 0010 7 1671200654982469 65.0625 -63.0 2.4727770300716534 21
0004 0009 7 1671200654983418 -29.25 -62.0 3.2765829629237295 21
0004 0004 7 1671200654984611 -113.875 -64.5 5.546874528994478 21
0004 0000 7 1671200654987848 -87.875 -68.0 5.730952223540755 21
0004 0004 8 1671200655006735 -19.5 -65.0 4.135612204139688 21
0004 0007 8 1671200655007673 -100.875 -65.0 4.190835512503572 21
0004 0015 8 1671200655010443 -120.4375 -73.0 4.71238898038469 21
0004 0009 8 1671200655011461 -13.0 -60.0 2.9391071895888885 21
0004 0005 1 1671200655227331 45.5625 -60.0 1.521708941582556 21
0004 0011 1 1671200655228448 111.4375 -67.0 1.337631247036279 21
0004 0009 1 1671200655229635 -19.5 -57.0 5.0682725231741586 21
0004 0007 1 1671200655231140 -13.0 -63.5 0.9387962421860124 21
0004 0015 1 1671200655232218 -159.5 -70.0 5.098952138931871 21
0004 0013 1 1671200655234767 19.5 -71.5 1.8162332528565992 21
0004 0007 2 1671200655275831 -16.25 -66.5 2.2334760271614935 21
0004 0011 2 1671200655277473 21.125 -65.0 0.8897088569736719 21
0004 0008 2 1671200655278691 -39.0 -67.5 1.5033011721279284 21
0004 0009 2 1671200655280378 -29.25 -60.0 5.460971604872882 21
0004 0001 2 1671200655282303 -166.8125 -68.5 5.332117218690489 21
0004 0004 2 1671200655283835 -192.0 -69.0 5.638913376267617 21
0004 0009 3 1671200655306898 71.5625 -59.5 3.56497135104623 21
0004 0008 3 1671200655307928 0.0 -66.5 3.5281558121369745 21
0004 0011 3 1671200655309745 -83.0 -67.0 3.7122335066832517 21
0004 0000 3 1671200655310670 227.8125 -68.0 3.11091303783208 21
0004 0001 3 1671200655312550 13.8125 -69.0 5.0253210611133605 21
0004 0003 3 1671200655314088 -104.125 -68.0 4.743068596142402 21
0004 0001 4 1671200655335900 0.0 -57.0 0.3129320807286708 21
0004 0005 4 1671200655337097 35.75 -55.0 2.9575149590435164 21
0004 0013 4 1671200655338061 -120.4375 -73.0 3.3624858870453256 21
0004 0006 4 1671200655338980 -42.3125 -72.5 3.54042765844006 21
0004 0010 4 1671200655341160 -22.75 -69.5 5.50392306693368 21
0004 0000 4 1671200655344601 -3.25 -63.0 0.3865631585471816 21
0004 0007 4 1671200655346075 -35.75 -58.0 0.3620194659410113 21
0004 0009 4 1671200655347459 6.5 -63.5 6.12365130523948 21
0004 0003 4 1671200655349460 48.8125 -61.0 0.4663301595172349 21
0004 0011 4 1671200655350406 21.125 -60.5 0.14726215563702155 21
0004 0003 5 1671200655375805 -45.5625 -67.0 4.620350133111551 21
0004 0000 5 1671200655377505 -35.75 -69.0 4.902602598082509 21
0004 0009 5 1671200655379290 9.75 -60.5 5.3198453723874035 21
0004 0005 5 1671200655380260 78.0625 -66.0 4.804427827657828 21
0004 0010 5 1671200655381238 -48.8125 -62.0 1.6321555583103222 21
0004 0001 5 1671200655382693 -9.75 -65.0 1.7794177139473437 21
0004 0008 5 1671200655384780 -74.8125 -66.5 3.472932503773092 21
0004 0002 5 1671200655386185 -55.3125 -72.5 2.4727770300716534 21
