0004 0006 1 1671200678535942 -100.875 -65.5 4.1417481272912315 21
0004 0007 1 1671200678537060 -13.0 -64.5 1.5462526341887264 21
0004 0008 1 1671200678538504 -19.5 -64.0 5.663457068873787 21
0004 0013 1 1671200678540214 35.75 -59.5 1.0615147052168636 21
0004 0009 1 1671200678541219 26.0 -59.5 0.04908738521234052 21
0004 0002 1 1671200678542155 -6.5 -65.0 2.337786720737717 21
0004 0003 1 1671200678543097 84.625 -69.0 3.9453985864418692 21
0004 0012 1 1671200678544569 87.875 -71.0 5.890486225480862 21
0004 0004 1 1671200678545662 -81.375 -68.0 4.509903516383785 21
0004 0015 1 1671200678546622 -24.375 -68.5 2.7979809571034093 21
0004 0005 1 1671200678547828 58.5625 -65.0 0.03681553890925539 21
0004 0000 1 1671200678549045 55.3125 -68.5 2.478912953223196 21
0004 0000 2 1671200678576379 -130.1875 -69.0 0.006135923151542565 21
0004 0007 2 1671200678578997 -48.8125 -64.0 4.154019973594316 21
0004 0003 2 1671200678580329 107.375 -67.5 0.4295146206079795 21
0004 0015 2 1671200678581474 -74.8125 -67.5 1.1044661672776617 21
0004 0005 2 1671200678582916 0.0 -59.5 4.485359823777615 21
0004 0001 2 1671200678584137 34.9375 -64.5 5.988660995905543 21
0004 0011 2 1671200678585052 21.125 -59.5 3.4913402732277192 21
0004 0013 2 1671200678586228 48.8125 -63.0 2.3623304133438876 21
0004 0006 2 1671200678587929 -22.75 -65.5 5.8659425328746915 21
0004 0010 2 1671200678588872 0.0 -65.5 3.5465635815916023 21
0004 0013 3 1671200678618404 19.5 -66.5 1.214912784005428 21
0004 0004 3 1671200678620960 -3.25 -68.5 5.436427912266712 21
0004 0015 3 1671200678624523 -35.75 -69.5 5.141903600992669 21
0004 0012 4 1671200678647741 35.75 -65.5 1.9082721001297376 21
0004 0015 4 1671200678648702 -13.0 -67.5 4.933282213840222 21
0004 0007 4 1671200678649667 35.75 -59.5 1.9757672547967058 21
0004 0014 4 1671200678651715 -55.3125 -71.5 2.9513790358919736 21
0004 0007 5 1671200678678858 35.75 -68.5 1.3008157081270237 21
0004 0014 5 1671200678680243 -19.5 -68.5 2.012582793705961 21
0004 0009 6 1671200678706537 -32.5 -67.5 4.865787059173254 21
0004 0004 6 1671200678709280 9.75 -58.5 2.429825568010856 21
0004 0001 7 1671200678736179 87.0625 -67.0 1.6689710972195777 21
0004 0013 7 1671200678737156 9.75 -66.0 0.5276893910326605 21
0004 0011 7 1671200678738105 -45.5625 -65.5 2.1537090261914402 21
0004 0010 7 1671200678739294 104.125 -67.5 1.423534171157875 21
0004 0007 7 1671200678741181 71.5625 -64.5 0.25157284921324513 21
0004 0015 7 1671200678742130 -58.5625 -68.0 6.19728238305799 21
0004 0006 7 1671200678743026 -52.0625 -69.0 4.037437433715008 21
0004 0002 7 1671200678744174 19.5 -64.5 3.77972866135022 21
0004 0012 7 1671200678745757 9.75 -56.5 4.878058905476339 21
0004 0014 7 1671200678747880 65.0625 -62.0 4.669437518323892 21
0004 0008 7 1671200678752756 117.125 -71.0 5.700272607783043 21
0004 0005 8 1671200678777378 22.75 -63.0 3.5465635815916023 21
0004 0013 8 1671200678778386 123.6875 -64.5 3.06182565261974 21
0004 0010 8 1671200678779358 9.75 -59.5 1.9512235621905356 21
0004 0007 8 1671200678780296 84.625 -68.0 1.1965050145508 21
0004 0006 8 1671200678781526 13.0 -64.0 0.0 21
0004 0009 8 1671200678782686 -6.5 -59.5 4.921010367537137 21
0004 0004 8 1671200678784287 3.25 -61.0 0.03681553890925539 21
0004 0002 8 1671200678785212 35.75 -64.0 0.6258641614573416 21
0004 0012 8 1671200678786273 -9.75 -65.0 4.252194744018997 21
0004 0014 8 1671200678787854 13.0 -67.5 1.239456476611598 21
0004 0008 8 1671200678789441 9.75 -64.5 1.6812429435226628 21
0004 0001 8 1671200678790392 -34.9375 -66.0 1.5462526341887264 21
0004 0008 1 1671200679005840 -39.0 -63.5 5.522330836388308 21
0004 0000 1 1671200679007046 -166.0 -68.5 2.521864415283994 21
0004 0003 1 1671200679008977 257.125 -70.0 3.792000507653305 21
0004 0009 1 1671200679009955 -52.0625 -59.5 0.01227184630308513 21
0004 0005 1 1671200679011172 -9.75 -64.5 6.227961998815704 21
0004 0012 1 1671200679012167 -52.0625 -71.5 5.957981380147831 21
0004 0004 1 1671200679013327 -3.25 -68.5 4.430136515413731 21
0004 0013 1 1671200679015129 45.5625 -60.0 0.9817477042468103 21
0004 0006 1 1671200679016078 32.5 -65.5 3.8288160465625602 21
0004 0007 1 1671200679017497 -35.75 -65.0 1.7978254834019713 21
0004 0002 1 1671200679018647 -32.5 -65.5 2.3623304133438876 21
0004 0015 1 1671200679019725 -78.0625 -68.0 2.9759227284981438 21
0004 0007 2 1671200679045901 16.25 -66.0 3.9822141253511245 21
0004 0005 2 1671200679047050 22.75 -59.5 4.295146206079795 21
0004 0015 2 1671200679048255 55.3125 -67.0 0.9387962421860124 21
0004 0013 2 1671200679049400 -13.0 -63.0 2.356194490192345 21
0004 0001 2 1671200679051116 21.125 -65.0 5.982525072754001 21
0004 0003 2 1671200679052492 9.75 -67.0 0.42337869745643697 21
0004 0011 2 1671200679053439 17.0625 -59.5 3.3072625786814425 21
0004 0000 2 1671200679055308 -143.1875 -67.5 6.129787228391022 21
0004 0006 2 1671200679056785 126.9375 -66.0 5.356660911296659 21
0004 0010 2 1671200679059095 26.0 -66.0 3.1661363461959633 21
0004 0013 3 1671200679086876 -68.3125 -67.0 1.705786636128833 21
0004 0015 3 1671200679087909 -3.25 -68.0 5.203262832508095 21
0004 0004 3 1671200679092237 -143.1875 -69.5 5.399612373357457 21
0004 0012 4 1671200679117698 45.5625 -65.5 1.7671458676442586 21
0004 0015 4 1671200679118704 -120.4375 -67.0 5.197126909356553 21
0004 0007 4 1671200679120332 16.25 -60.0 2.36846633649543 21
0004 0014 4 1671200679123930 48.8125 -70.0 2.84706834231575 21
0004 0007 5 1671200679148082 81.375 -69.0 1.662835174068035 21
0004 0002 5 1671200679149151 -559.875 -70.5 6.227961998815704 21
0004 0014 5 1671200679150298 231.0625 -71.0 1.945087639038993 21
0004 0004 6 1671200679176130 -22.75 -58.0 2.724349879284899 21
0004 0009 6 1671200679178188 22.75 -68.0 4.779884135051658 21
0004 0004 7 1671200679206782 65.0625 -71.0 4.792155981354743 21
0004 0014 7 1671200679207816 -35.75 -61.5 4.792155981354743 21
0004 0002 7 1671200679208783 -55.3125 -64.5 3.6386024288647407 21
0004 0012 7 1671200679210266 -9.75 -58.0 4.430136515413731 21
0004 0011 7 1671200679211287 30.875 -66.0 1.5707963267948966 21
0004 0001 7 1671200679212262 24.375 -67.5 1.7978254834019713 21
0004 0006 7 1671200679213596 -104.125 -70.0 3.6386024288647407 21
0004 0007 7 1671200679215015 156.1875 -68.0 5.595961914206819 21
0004 0010 7 1671200679218537 -29.25 -66.5 1.184233168247715 21
0004 0015 7 1671200679221104 146.4375 -67.0 5.964117303299373 21
0004 0013 7 1671200679223368 97.625 -66.0 6.2463697682703305 21
0004 0004 8 1671200679256373 -6.5 -60.5 5.743224069843841 21
0004 0008 8 1671200679257891 6.5 -63.0 0.9019807032767571 21
0004 0005 8 1671200679258856 13.0 -63.0 3.000466421104314 21
0004 0006 8 1671200679260301 16.25 -64.0 5.540738605842936 21
0004 0002 8 1671200679261506 32.5 -63.5 0.3374757733348411 21
0004 0007 8 1671200679262429 35.75 -69.5 0.944932165337555 21
0004 0010 8 1671200679263459 -6.5 -61.5 1.2640001692177683 21
0004 0013 8 1671200679264423 6.5 -64.5 2.9022916506796332 21
0004 0001 8 1671200679267628 -38.1875 -67.0 1.6137477888556946 21
0004 0009 8 1671200679268887 -16.25 -61.0 3.9085830475326135 21
0004 0014 8 1671200679269895 61.8125 -67.5 1.1903690913992575 21
0004 0012 8 1671200679271481 -81.375 -68.5 3.1661363461959633 21
0004 0005 1 1671200679486116 -195.25 -67.5 5.227806525114265 21
0004 0006 1 1671200679487080 55.3125 -68.5 2.742757648739526 21
0004 0008 1 1671200679488029 48.8125 -64.0 4.3933209765044765 21
0004 0012 1 1671200679488950 -159.5 -68.5 5.424156065963627 21
0004 0007 1 1671200679489885 -16.25 -70.5 1.8714565612204823 21
0004 0009 1 1671200679490846 -6.5 -57.5 3.847223816017188 21
0004 0003 1 1671200679491800 78.0625 -69.5 3.6570101983193686 21
0004 0000 1 1671200679493233 179.0 -69.5 1.9266798695843652 21
0004 0013 1 1671200679494135 6.5 -57.5 0.018407769454627694 21
0004 0002 1 1671200679496835 55.3125 -64.0 2.110757564130642 21
0004 0015 1 1671200679498715 -136.6875 -71.0 3.0495538063166547 21
0004 0010 2 1671200679525856 -149.6875 -68.0 0.7853981633974483 21
0004 0009 2 1671200679527923 -117.125 -63.5 6.074563920027139 21
0004 0011 2 1671200679530069 -27.625 -57.5 1.7671458676442586 21
0004 0001 2 1671200679531313 13.8125 -63.0 0.9081166264282996 21
0004 0013 2 1671200679532955 6.5 -66.0 6.191146459906448 21
0004 0004 2 1671200679534149 35.75 -66.0 4.589670517353839 21
0004 0005 2 1671200679535396 9.75 -58.0 2.5341362615870793 21
0004 0000 2 1671200679537042 26.0 -69.0 5.878214379177777 21
0004 0003 2 1671200679538123 156.1875 -68.0 0.1349903093339364 21
0004 0015 2 1671200679540164 -55.3125 -67.5 0.4663301595172349 21
0004 0013 3 1671200679565877 185.5 -71.5 2.8102528034064944 21
0004 0015 3 1671200679569982 -159.5 -70.5 5.681864838328415 21
0004 0007 4 1671200679596101 -26.0 -59.0 0.4049709280018093 21
0004 0015 4 1671200679597967 -97.625 -67.5 5.651185222570702 21
0004 0014 4 1671200679600896 29.25 -70.0 3.3624858870453256 21
0004 0013 4 1671200679601873 9.75 -71.0 2.2457478734645786 21
0004 0004 5 1671200679626665 -3.25 -67.0 5.160311370447297 21
0004 0007 5 1671200679628479 0.0 -69.0 4.601942363656923 21
0004 0004 6 1671200679656795 -19.5 -59.0 3.8410878928656453 21
0004 0001 7 1671200679686347 55.3125 -65.0 1.9634954084936207 21
0004 0007 7 1671200679687325 -13.0 -67.5 5.681864838328415 21
0004 0014 7 1671200679688528 13.0 -61.0 4.657165672020807 21
0004 0008 7 1671200679690694 146.4375 -67.0 0.7669903939428205 21
0004 0015 7 1671200679693194 0.0 -66.5 6.209554229361076 21
0004 0012 7 1671200679694132 35.75 -70.5 0.39269908169872414 21
0004 0009 7 1671200679695317 -9.75 -61.5 4.73693267299086 21
0004 0011 7 1671200679696891 180.625 -65.5 1.8653206380689396 21
0004 0006 7 1671200679698800 -55.3125 -63.0 2.3071071049800045 21
0004 0010 7 1671200679700074 19.5 -64.0 4.491495746929157 21
0004 0008 8 1671200679726312 19.5 -59.0 2.1659808724945253 21
0004 0003 8 1671200679728184 -29.25 -67.5 4.227651051412827 21
0004 0009 8 1671200679729113 0.0 -60.0 2.6323110320117604 21
0004 0007 8 1671200679730850 26.0 -71.0 5.356660911296659 21
0004 0010 8 1671200679732066 -9.75 -61.5 3.663146121470911 21
0004 0000 8 1671200679733853 19.5 -64.5 4.031301510563465 21
0004 0001 8 1671200679735129 27.625 -64.5 2.4605051837685683 21
0004 0014 8 1671200679736107 35.75 -68.0 1.0983302441261191 21
0004 0002 8 1671200679737808 19.5 -64.0 3.3072625786814425 21
0004 0005 8 1671200679739624 -9.75 -69.5 4.460816131171445 21
0004 0013 8 1671200679740829 45.5625 -67.5 0.4172427743048944 21
0004 0004 8 1671200679741877 -3.25 -64.0 0.4908738521234052 21
0004 0006 8 1671200679743198 6.5 -69.5 0.760854470791278 21
0004 0012 1 1671200679955843 -136.6875 -69.0 1.761009944492716 21
0004 0009 1 1671200679957272 -29.25 -58.0 4.700117134081604 21
0004 0008 1 1671200679958404 39.0 -58.5 0.8713010875190442 21
0004 0002 1 1671200679959357 -74.8125 -71.0 3.000466421104314 21
0004 0004 1 1671200679960308 -39.0 -68.5 2.380738182798515 21
0004 0015 1 1671200679961561 -35.75 -63.0 4.0987966652304335 21
0004 0007 1 1671200679962784 195.25 -66.0 5.148039524144211 21
0004 0000 1 1671200679964243 -29.25 -68.5 6.277049384028044 21
0004 0009 2 1671200679985834 19.5 -60.5 1.5401167110371838 21
0004 0005 2 1671200679987252 -26.0 -55.0 4.76147636559703 21
0004 0000 2 1671200679988414 -9.75 -63.5 3.6201946594101133 21
0004 0015 2 1671200679990926 113.875 -64.5 1.748738098189631 21
0004 0007 2 1671200679991904 -6.5 -67.5 0.7240389318820226 21
0004 0004 2 1671200679993053 -45.5625 -65.5 2.84706834231575 21
0004 0003 2 1671200679994007 -52.0625 -67.0 3.706097583531709 21
0004 0014 2 1671200679995876 78.0625 -68.0 0.030679615757712823 21
0004 0001 2 1671200679996795 65.875 -65.5 5.976389149602458 21
0004 0006 2 1671200679999047 -26.0 -71.0 1.705786636128833 21
0004 0007 3 1671200680027499 -35.75 -63.5 2.988194574801229 21
0004 0015 3 1671200680028490 -179.0 -64.5 0.22089323345553233 21
0004 0005 3 1671200680029682 -52.0625 -67.5 5.620505606812989 21
0004 0001 3 1671200680034181 79.75 -69.5 4.04357335686655 21
0004 0015 4 1671200680056788 -3.25 -63.5 1.718058482431918 21
0004 0007 4 1671200680059188 -26.0 -56.0 1.6137477888556946 21
0004 0004 6 1671200680106117 16.25 -69.0 2.3930100291016 21
0004 0006 6 1671200680107379 -126.9375 -70.5 3.4054373491061236 21
0004 0001 6 1671200680108762 -27.625 -69.5 0.2086213871524472 21
0004 0009 6 1671200680110434 -68.3125 -68.5 4.601942363656923 21
0004 0014 7 1671200680136323 -52.0625 -60.0 5.859806609723149 21
0004 0001 7 1671200680137893 87.0625 -64.0 0.5829126993965437 21
0004 0009 7 1671200680139053 19.5 -62.0 0.28225246497095796 21
0004 0004 7 1671200680140033 26.0 -66.0 2.859340188618835 21
0004 0000 7 1671200680142332 -182.25 -70.0 4.9394181369917645 21
0004 0015 8 1671200680166334 16.25 -68.5 0.0 21
0004 0001 8 1671200680167537 -34.9375 -66.0 5.289165756629691 21
0004 0014 8 1671200680168444 -3.25 -67.5 3.6017868899554855 21
0004 0000 8 1671200680169646 0.0 -65.5 5.724816300389213 21
0004 0004 8 1671200680171099 -126.9375 -69.5 3.890175278077986 21
0004 0006 8 1671200680172559 39.0 -70.0 6.22182607566416 21
0004 0005 8 1671200680173479 -6.5 -61.0 5.6941366846315 21
0004 0008 8 1671200680174453 0.0 -62.0 4.681709364626977 21
0004 0012 8 1671200680178269 -208.3125 -74.5 5.9088939949354895 21
0004 0009 1 1671200680395823 -6.5 -60.0 4.215379205109742 21
0004 0000 1 1671200680397062 -113.875 -68.5 5.2768939103266055 21
0004 0015 1 1671200680398774 16.25 -67.5 6.062292073724054 21
0004 0004 1 1671200680400163 -19.5 -56.5 0.9019807032767571 21
0004 0005 1 1671200680401114 -22.75 -66.0 2.1537090261914402 21
0004 0011 1 1671200680402260 76.4375 -64.0 2.6445828783148455 21
0004 0008 1 1671200680403448 16.25 -57.5 4.246058820867455 21
0004 0006 1 1671200680404742 -156.1875 -69.0 4.000621894805752 21
0004 0014 1 1671200680406542 3.25 -67.0 5.013049214810275 21
0004 0010 1 1671200680408586 52.0625 -68.5 0.5092816215780329 21
0004 0009 2 1671200680442042 -13.0 -65.0 4.09266074207889 21
0004 0014 2 1671200680443730 32.5 -64.5 6.258641614573416 21
0004 0008 2 1671200680444662 -9.75 -64.0 2.270291566070749 21
0004 0011 2 1671200680446120 10.5625 -65.0 4.3074180523828804 21
0004 0015 2 1671200680447312 185.5 -66.0 2.067806102069844 21
0004 0005 3 1671200680476436 -107.375 -66.5 4.755340442445488 21
0004 0004 3 1671200680479092 -94.375 -65.0 3.890175278077986 21
0004 0005 4 1671200680506151 -91.125 -62.0 5.1725832167503825 21
0004 0009 4 1671200680507923 32.5 -62.0 1.5953400194010667 21
0004 0007 4 1671200680509100 -13.0 -59.5 4.221515128261284 21
0004 0004 4 1671200680510050 -29.25 -64.5 5.902758071783947 21
0004 0015 4 1671200680512117 -6.5 -67.0 2.6998061866787286 21
0004 0002 5 1671200680535902 367.8125 -67.5 2.552544031041707 21
0004 0008 5 1671200680537383 -19.5 -61.0 5.8659425328746915 21
0004 0015 5 1671200680538829 126.9375 -67.5 2.724349879284899 21
0004 0005 5 1671200680542245 22.75 -69.5 0.7547185476397354 21
0004 0004 5 1671200680543664 100.875 -69.5 1.6751070203711202 21
0004 0001 6 1671200680566714 173.3125 -72.0 5.829126993965437 21
0004 0008 6 1671200680569473 9.75 -65.0 1.5585244804918115 21
0004 0009 6 1671200680570424 39.0 -64.0 5.00077736850719 21
0004 0015 6 1671200680571979 16.25 -64.0 1.6751070203711202 21
0004 0004 6 1671200680573023 0.0 -68.0 6.2034183062095325 21
0004 0010 6 1671200680573977 65.0625 -71.0 0.35588354278946877 21
0004 0012 6 1671200680574939 -68.3125 -76.0 6.000932842208628 21
0004 0002 6 1671200680577347 39.0 -73.0 3.9392626632903265 21
0004 0006 6 1671200680578297 91.125 -72.0 1.0615147052168636 21
0004 0002 7 1671200680606873 156.1875 -71.0 0.3313398501832985 21
0004 0005 7 1671200680609070 -42.3125 -62.0 5.105088062083414 21
0004 0010 7 1671200680610002 55.3125 -65.0 5.368932757599744 21
0004 0014 7 1671200680611010 149.6875 -68.0 1.184233168247715 21
0004 0004 7 1671200680611970 6.5 -61.5 3.3502140407422405 21
0004 0011 7 1671200680613089 17.0625 -64.0 4.313553975534423 21
0004 0007 7 1671200680614028 240.875 -69.5 1.3499030933393643 21
0004 0000 7 1671200680615047 -55.3125 -70.5 4.95168998329485 21
0004 0004 8 1671200680636433 3.25 -56.5 2.5709518004963345 21
0004 0012 8 1671200680637908 -149.6875 -73.5 5.878214379177777 21
0004 0009 8 1671200680638850 0.0 -60.5 6.1420590746941075 21
0004 0015 8 1671200680640055 -9.75 -62.0 0.8467573949128739 21
0004 0007 8 1671200680640991 -9.75 -65.5 1.1106020904292042 21
0004 0008 8 1671200680642459 3.25 -56.0 2.2150682577068657 21
0004 0005 8 1671200680643611 126.9375 -70.0 0.9694758579437253 21
0004 0014 8 1671200680647623 -19.5 -72.5 1.3437671701878218 21
0004 0010 8 1671200680648828 -143.1875 -69.0 4.595806440505381 21
0004 0009 1 1671200680866088 3.25 -53.5 5.780039608753096 21
0004 0015 1 1671200680868379 0.0 -61.5 4.221515128261284 21
0004 0008 1 1671200680869703 29.25 -60.0 0.19634954084936207 21
0004 0005 1 1671200680870921 192.0 -64.0 1.8960002538266525 21
0004 0000 1 1671200680871883 3.25 -69.0 4.479223900626073 21
0004 0010 1 1671200680873202 -6.5 -69.5 0.7731263170943632 21
0004 0004 1 1671200680875710 -13.0 -65.5 3.3502140407422405 21
0004 0007 1 1671200680877639 13.0 -69.5 3.031146036862027 21
0004 0004 2 1671200680896168 188.75 -65.5 6.086835766330224 21
0004 0011 2 1671200680898688 -3.25 -63.5 0.9572040116406401 21
0004 0010 2 1671200680899983 -263.625 -68.5 5.602097837358362 21
0004 0007 2 1671200680901228 -91.125 -67.0 3.32567034813607 21
0004 0009 2 1671200680903431 -39.0 -58.0 5.66959299202533 21
0004 0008 2 1671200680904336 -26.0 -60.0 2.5280003384355365 21
0004 0005 3 1671200680926430 -3.25 -70.0 3.5588354278946874 21
0004 0007 3 1671200680928518 -123.6875 -69.0 4.95168998329485 21
0004 0009 3 1671200680930315 16.25 -56.5 2.270291566070749 21
0004 0008 3 1671200680931830 -9.75 -58.0 3.117048960983623 21
0004 0000 3 1671200680932753 -39.0 -66.5 1.043106935762236 21
0004 0011 3 1671200680935552 -65.875 -62.5 3.718369429834794 21
0004 0000 4 1671200680956636 -74.8125 -67.5 4.313553975534423 21
0004 0005 4 1671200680957571 -29.25 -59.0 3.0372819600135696 21
0004 0009 4 1671200680958505 -26.0 -57.0 5.006913291658733 21
0004 0011 4 1671200680959760 3.25 -56.0 0.23930100291016002 21
0004 0003 4 1671200680961203 -3.25 -69.0 5.338253141842031 21
0004 0008 4 1671200680962390 -9.75 -67.0 1.3867186322486196 21
0004 0007 4 1671200680963386 -29.25 -69.5 4.049709280018092 21
0004 0010 4 1671200680964518 -16.25 -66.5 4.7307967498393175 21
0004 0015 4 1671200680965523 -13.0 -70.5 0.8651651643675016 21
0004 0006 4 1671200680967834 -198.5625 -75.0 4.1417481272912315 21
0004 0009 5 1671200680995899 45.5625 -57.0 5.915029918087033 21
0004 0007 5 1671200680997931 -172.5 -71.0 2.2886993355253766 21
0004 0008 5 1671200680999354 0.0 -58.5 4.816699673960914 21
0004 0010 5 1671200681004544 29.25 -60.5 2.5832236467994196 21
0004 0015 5 1671200681006667 175.75 -70.5 2.478912953223196 21
0004 0005 5 1671200681008289 -13.0 -64.0 0.0 21
0004 0003 6 1671200681035856 -107.375 -74.0 6.074563920027139 21
0004 0010 6 1671200681037956 -6.5 -64.0 5.565282298449106 21
0004 0015 6 1671200681038906 -78.0625 -67.5 2.3746022596469727 21
0004 0004 6 1671200681040166 -6.5 -55.5 4.743068596142402 21
0004 0011 6 1671200681045153 21.125 -60.5 0.47860200582032003 21
0004 0001 6 1671200681046131 232.6875 -73.0 5.66959299202533 21
0004 0002 6 1671200681047774 26.0 -73.0 1.9205439464328227 21
0004 0006 6 1671200681049355 0.0 -63.5 0.803805932852076 21
0004 0007 6 1671200681050297 -55.3125 -67.5 4.06811704947272 21
0004 0012 6 1671200681052448 169.25 -76.5 5.160311370447297 21
0004 0005 7 1671200681076399 0.0 -67.0 4.908738521234052 21
0004 0009 7 1671200681077578 3.25 -61.5 4.356505437595221 21
0004 0006 7 1671200681079410 -94.375 -64.5 3.2949907323783574 21
0004 0010 7 1671200681081180 -6.5 -61.0 4.049709280018092 21
0004 0004 7 1671200681082133 52.0625 -62.0 1.0799224746714913 21
0004 0011 7 1671200681084759 -93.5625 -67.0 3.718369429834794 21
0004 0000 7 1671200681085753 -91.125 -68.5 0.6013204688511713 21
0004 0005 8 1671200681115832 78.0625 -71.0 3.104777114680538 21
0004 0007 8 1671200681117559 9.75 -66.5 1.9205439464328227 21
0004 0004 8 1671200681120719 9.75 -63.0 5.64504929941916 21
0004 0009 8 1671200681121667 -13.0 -61.5 3.834951969714103 21
0004 0015 8 1671200681122646 -55.3125 -65.5 0.5092816215780329 21
0004 0009 1 1671200681338334 -3.25 -58.0 4.325825821837508 21
0004 0005 1 1671200681339780 -6.5 -61.5 1.7303303287350031 21
0004 0011 1 1671200681340827 -7.3125 -66.5 1.6444274046134073 21
0004 0013 1 1671200681342482 -257.125 -72.0 1.9389517158874505 21
0004 0015 1 1671200681343683 78.0625 -70.5 1.7978254834019713 21
0004 0009 2 1671200681366118 19.5 -61.5 4.988505522204105 21
0004 0008 2 1671200681369955 -6.5 -70.5 0.19634954084936207 21
0004 0011 2 1671200681370829 17.0625 -61.0 1.0799224746714913 21
0004 0001 2 1671200681379591 -90.3125 -69.0 6.209554229361076 21
0004 0000 3 1671200681407476 -42.3125 -69.0 1.5401167110371838 21
0004 0015 3 1671200681408481 58.5625 -70.5 3.3870295796514958 21
0004 0009 3 1671200681409667 -35.75 -61.0 2.270291566070749 21
0004 0008 3 1671200681411496 -32.5 -64.0 1.8223691760081417 21
0004 0011 3 1671200681412729 -42.3125 -63.0 3.472932503773092 21
0004 0005 3 1671200681413667 52.0625 -66.5 4.0558452031696355 21
0004 0001 3 1671200681414698 -97.625 -70.0 3.442252888015379 21
0004 0005 4 1671200681445766 -13.0 -56.0 3.5833791205008576 21
0004 0009 4 1671200681446998 -6.5 -66.0 5.344389064993574 21
0004 0011 4 1671200681448002 10.5625 -57.0 0.07363107781851078 21
0004 0003 4 1671200681449209 65.0625 -69.0 5.411884219660542 21
0004 0001 4 1671200681450635 3.25 -56.5 5.66959299202533 21
0004 0010 4 1671200681451827 -94.375 -67.0 4.626486056263094 21
0004 0007 4 1671200681453005 -84.625 -69.0 4.362641360746763 21
0004 0008 4 1671200681454178 16.25 -71.0 1.368310862793992 21
0004 0000 4 1671200681456216 -29.25 -65.5 4.902602598082509 21
0004 0014 4 1671200681457279 -22.75 -71.5 4.871922982324796 21
0004 0015 4 1671200681458737 32.5 -70.0 5.0253210611133605 21
0004 0006 4 1671200681459775 -195.25 -73.0 3.706097583531709 21
0004 0001 5 1671200681486386 30.875 -67.5 2.350058567040802 21
0004 0015 5 1671200681489144 32.5 -68.5 1.3069516312785663 21
0004 0010 5 1671200681490050 -71.5625 -61.0 2.497320722677824 21
0004 0008 5 1671200681490986 39.0 -63.5 4.552854978444583 21
0004 0009 5 1671200681491919 26.0 -60.0 0.34974761963792617 21
0004 0005 5 1671200681492955 39.0 -63.0 0.05522330836388308 21
0004 0012 6 1671200681526138 -117.125 -75.0 5.620505606812989 21
0004 0001 6 1671200681527054 45.5625 -63.0 2.055534255766759 21
0004 0011 6 1671200681527985 3.25 -62.0 0.4356505437595221 21
0004 0004 6 1671200681529390 -39.0 -53.5 3.9208548938356986 21
0004 0007 6 1671200681530312 9.75 -66.0 4.301282129231338 21
0004 0006 6 1671200681531716 45.5625 -68.0 0.36815538909255385 21
0004 0000 6 1671200681532694 -19.5 -69.5 1.9144080232812801 21
0004 0010 6 1671200681534407 9.75 -70.0 4.693981210930062 21
0004 0002 6 1671200681547199 -13.0 -75.0 1.9880391010997909 21
0004 0011 7 1671200681566614 7.3125 -65.0 3.6017868899554855 21
0004 0007 7 1671200681567582 -26.0 -71.5 1.5707963267948966 21
0004 0004 7 1671200681569067 -13.0 -62.0 0.4111068511533518 21
0004 0010 7 1671200681571122 32.5 -62.5 3.5588354278946874 21
0004 0009 7 1671200681573344 29.25 -63.0 4.454680208019902 21
0004 0005 7 1671200681576319 -61.8125 -68.5 4.755340442445488 21
0004 0001 7 1671200681579895 -121.25 -69.0 2.6323110320117604 21
0004 0006 7 1671200681580845 -172.5 -69.5 3.104777114680538 21
0004 0009 8 1671200681607227 -35.75 -61.5 3.6079228131070282 21
0004 0015 8 1671200681608355 13.0 -65.0 6.050020227420969 21
0004 0004 8 1671200681609488 13.0 -63.5 5.399612373357457 21
0004 0007 8 1671200681610940 -55.3125 -68.0 2.2457478734645786 21
0004 0005 8 1671200681612254 68.3125 -71.0 3.104777114680538 21
0004 0015 1 1671200681826393 97.625 -69.0 1.7855536370988863 21
0004 0009 1 1671200681828218 9.75 -58.0 4.356505437595221 21
0004 0005 1 1671200681829766 45.5625 -61.5 1.5155730184310134 21
0004 0011 1 1671200681830739 3.25 -65.5 1.2762720155208536 21
0004 0013 1 1671200681840791 -270.125 -74.0 2.055534255766759 21
0004 0001 2 1671200681865849 -62.625 -70.5 6.2463697682703305 21
0004 0009 2 1671200681868198 -3.25 -60.5 5.0253210611133605 21
0004 0011 2 1671200681869130 24.375 -62.0 0.9326603190344698 21
0004 0008 2 1671200681878936 240.875 -69.5 0.14726215563702155 21
0004 0008 3 1671200681908025 29.25 -64.0 1.7671458676442586 21
0004 0011 3 1671200681909069 -3.25 -64.5 3.227495577711389 21
0004 0009 3 1671200681910275 42.3125 -61.0 2.2150682577068657 21
0004 0005 3 1671200681913441 -45.5625 -66.5 4.080388895775806 21
0004 0000 3 1671200681914645 3.25 -68.5 1.4419419406125027 21
0004 0001 3 1671200681920715 -326.3125 -70.5 3.822680123411018 21
0004 0015 3 1671200681924942 -6.5 -70.0 3.5833791205008576 21
0004 0015 4 1671200681955872 -65.0625 -68.5 4.97623367590102 21
0004 0011 4 1671200681956829 -17.0625 -57.5 0.018407769454627694 21
0004 0006 4 1671200681957992 -71.5625 -73.0 3.56497135104623 21
0004 0005 4 1671200681959463 -3.25 -56.5 3.5711072741977725 21
0004 0001 4 1671200681960394 -3.25 -56.5 5.798447378207723 21
0004 0007 4 1671200681962100 -58.5625 -69.5 4.381049130201391 21
0004 0008 4 1671200681963331 -58.5625 -70.0 1.5033011721279284 21
0004 0003 4 1671200681966009 32.5 -68.5 5.43029198911517 21
0004 0009 4 1671200681966930 39.0 -66.0 5.448699758569798 21
0004 0000 4 1671200681968601 -65.0625 -64.5 5.00077736850719 21
0004 0014 4 1671200681969959 -179.0 -71.0 5.006913291658733 21
0004 0010 4 1671200681970863 -45.5625 -67.5 4.381049130201391 21
0004 0008 5 1671200681996216 110.625 -64.0 4.841243366567084 21
0004 0005 5 1671200681997685 6.5 -63.5 0.16566992509164924 21
0004 0001 5 1671200681998677 -117.9375 -66.5 2.5586799541932495 21
0004 0009 5 1671200681999619 0.0 -60.0 0.3313398501832985 21
0004 0010 5 1671200682000601 -100.875 -61.5 2.4850488763747385 21
0004 0015 5 1671200682005704 22.75 -71.5 1.0615147052168636 21
0004 0007 6 1671200682036831 -42.3125 -66.5 4.264466590322082 21
0004 0011 6 1671200682038134 38.1875 -62.5 0.2761165418194154 21
0004 0004 6 1671200682039333 -9.75 -53.0 3.6263305825616556 21
0004 0006 6 1671200682040527 -94.375 -68.5 0.4540583132141498 21
0004 0010 6 1671200682041746 -65.0625 -71.0 4.773748211900116 21
0004 0001 6 1671200682043030 41.5 -62.0 1.9757672547967058 21
0004 0000 6 1671200682043923 107.375 -69.5 1.7548740213411735 21
0004 0003 6 1671200682047726 -94.375 -77.0 6.252505691421874 21
0004 0012 6 1671200682048804 -192.0 -76.5 5.246214294568893 21
0004 0014 6 1671200682054598 91.125 -73.0 2.718213956133356 21
0004 0002 6 1671200682056034 -179.0 -77.0 2.116893487282185 21
0004 0011 7 1671200682076185 16.25 -66.0 3.2459033471660166 21
0004 0009 7 1671200682077306 -58.5625 -62.5 4.466952054322987 21
0004 0006 7 1671200682078967 -113.875 -69.5 3.2704470397721868 21
0004 0004 7 1671200682080169 6.5 -62.0 0.2454369260617026 21
0004 0000 7 1671200682082965 169.25 -70.5 5.822991070813893 21
0004 0010 7 1671200682084154 -26.0 -63.5 3.5711072741977725 21
0004 0001 7 1671200682085328 48.8125 -68.5 2.350058567040802 21
0004 0005 7 1671200682086906 -182.25 -68.5 5.037592907416445 21
0004 0007 7 1671200682087830 113.875 -69.5 1.3130875544301088 21
0004 0004 8 1671200682116589 -3.25 -64.0 5.442563835418255 21
0004 0009 8 1671200682117866 -3.25 -61.5 3.6263305825616556 21
0004 0007 8 1671200682119656 -16.25 -68.5 2.36846633649543 21
0004 0015 8 1671200682121111 42.3125 -65.5 5.792311455056181 21
0004 0005 8 1671200682122855 68.3125 -71.5 3.0495538063166547 21
0004 0005 1 1671200682343210 -16.25 -62.0 1.576932249946439 21
0004 0009 1 1671200682344317 -13.0 -58.5 4.319689898685965 21
0004 0011 1 1671200682345504 13.8125 -66.5 1.239456476611598 21
0004 0015 1 1671200682347817 -48.8125 -69.5 1.945087639038993 21
0004 0013 1 1671200682350735 208.3125 -74.5 1.1474176293384597 21
0004 0008 2 1671200682378421 -179.0 -70.5 0.6872233929727672 21
0004 0001 2 1671200682380554 243.3125 -69.0 5.957981380147831 21
0004 0011 2 1671200682383028 45.5625 -62.0 0.9019807032767571 21
0004 0009 2 1671200682383991 -22.75 -60.0 5.013049214810275 21
0004 0011 3 1671200682406205 -76.4375 -63.5 3.3624858870453256 21
0004 0008 3 1671200682407635 48.8125 -64.5 1.7916895602504288 21
0004 0015 3 1671200682409378 -156.1875 -70.5 3.77972866135022 21
0004 0009 3 1671200682410338 -3.25 -61.0 2.337786720737717 21
0004 0005 3 1671200682414252 42.3125 -67.5 4.049709280018092 21
0004 0000 3 1671200682415827 -42.3125 -68.0 1.576932249946439 21
0004 0001 3 1671200682418714 -111.4375 -70.5 3.859495662320273 21
0004 0006 4 1671200682445855 -52.0625 -73.0 3.472932503773092 21
0004 0014 4 1671200682446818 -45.5625 -71.0 4.865787059173254 21
0004 0001 4 1671200682448511 -7.3125 -56.5 5.822991070813893 21
0004 0010 4 1671200682449417 -6.5 -67.5 4.387185053352934 21
0004 0015 4 1671200682450352 32.5 -68.5 4.73693267299086 21
0004 0007 4 1671200682451318 -65.0625 -70.0 4.424000592262189 21
0004 0008 4 1671200682453697 -201.8125 -72.0 1.7303303287350031 21
0004 0011 4 1671200682455079 3.25 -57.5 6.277049384028044 21
0004 0000 4 1671200682456855 -52.0625 -64.5 5.098952138931871 21
0004 0005 4 1671200682457832 -26.0 -56.5 3.6140587362585705 21
0004 0009 4 1671200682459178 16.25 -66.0 5.338253141842031 21
0004 0003 4 1671200682460173 -97.625 -68.0 5.626641529964532 21
0004 0009 5 1671200682487294 -19.5 -59.0 0.28838838812250056 21
0004 0010 5 1671200682489708 -22.75 -61.5 2.3623304133438876 21
0004 0001 5 1671200682490912 74.8125 -66.0 2.5770877236478773 21
0004 0008 5 1671200682491889 -42.3125 -64.5 4.706253057233147 21
0004 0005 5 1671200682492825 22.75 -63.5 0.17794177139473438 21
0004 0006 6 1671200682526125 -35.75 -68.0 0.30066023442558565 21
0004 0004 6 1671200682528231 -9.75 -53.0 3.5833791205008576 21
0004 0011 6 1671200682529420 17.0625 -62.0 0.25157284921324513 21
0004 0001 6 1671200682531430 27.625 -62.0 1.9757672547967058 21
0004 0007 6 1671200682532636 -13.0 -66.0 4.252194744018997 21
0004 0000 6 1671200682536387 58.5625 -68.5 2.12916533358527 21
0004 0003 6 1671200682539269 42.3125 -74.0 0.01227184630308513 21
0004 0014 6 1671200682541843 270.125 -73.5 2.1598449493429825 21
0004 0010 6 1671200682544591 -42.3125 -70.5 4.681709364626977 21
0004 0010 7 1671200682586174 -6.5 -62.5 3.6447383520162835 21
0004 0004 7 1671200682587350 9.75 -62.0 0.2761165418194154 21
0004 0009 7 1671200682588301 -29.25 -61.5 4.516039439535327 21
0004 0011 7 1671200682589276 100.875 -67.5 3.055689729468197 21
0004 0001 7 1671200682590775 -74.8125 -68.0 2.36846633649543 21
0004 0005 7 1671200682591968 198.5625 -68.5 4.663301595172349 21
0004 0007 7 1671200682593388 -146.4375 -70.0 1.718058482431918 21
0004 0000 7 1671200682596954 -52.0625 -69.0 0.1718058482431918 21
0004 0009 8 1671200682635864 -16.25 -61.0 3.663146121470911 21
0004 0015 8 1671200682637335 -35.75 -65.5 5.810719224510809 21
0004 0007 8 1671200682639399 42.3125 -67.5 2.2334760271614935 21
0004 0005 8 1671200682641417 374.3125 -71.5 2.5954954931025047 21
0004 0004 8 1671200682642352 -29.25 -64.0 5.497787143782138 21
0004 0015 1 1671200682856922 -19.5 -69.5 2.018718716857504 21
0004 0011 1 1671200682859080 62.625 -66.5 1.1965050145508 21
0004 0005 1 1671200682860012 -9.75 -62.0 1.509437095279471 21
0004 0009 1 1671200682861258 -6.5 -57.5 4.313553975534423 21
0004 0009 2 1671200682886560 -45.5625 -60.0 5.006913291658733 21
0004 0011 2 1671200682888142 -79.75 -62.0 1.000155473701438 21
0004 0001 2 1671200682891562 -208.3125 -69.0 0.22089323345553233 21
0004 0008 2 1671200682893348 -65.0625 -70.0 0.5583690067903734 21
0004 0009 3 1671200682916615 -16.25 -61.0 2.429825568010856 21
0004 0015 3 1671200682918977 -19.5 -69.0 3.3195344249845276 21
0004 0008 3 1671200682920281 35.75 -63.5 2.0800779483729293 21
0004 0000 3 1671200682921245 -100.875 -68.0 1.7303303287350031 21
0004 0011 3 1671200682922161 -7.3125 -64.0 3.2336315008629315 21
0004 0005 3 1671200682923525 -9.75 -67.5 4.006757817957295 21
0004 0003 4 1671200682955788 32.5 -68.0 5.387340527054372 21
0004 0008 4 1671200682956737 -58.5625 -71.0 1.4419419406125027 21
0004 0010 4 1671200682957713 -71.5625 -67.5 4.491495746929157 21
0004 0007 4 1671200682958706 -48.8125 -70.5 4.313553975534423 21
0004 0015 4 1671200682959638 -16.25 -69.0 4.798291904506286 21
0004 0006 4 1671200682961057 -159.5 -72.5 3.5342917352885173 21
0004 0014 4 1671200682962233 -65.0625 -71.0 4.8351074434155406 21
0004 0005 4 1671200682963181 -48.8125 -56.5 3.650874275167826 21
0004 0009 4 1671200682964386 -55.3125 -65.5 5.448699758569798 21
0004 0000 4 1671200682965363 35.75 -64.5 5.283029833478148 21
0004 0001 4 1671200682967174 -7.3125 -56.0 5.835262917116979 21
0004 0011 4 1671200682968318 -13.8125 -57.0 6.270913460876501 21
0004 0005 5 1671200682996824 -39.0 -64.5 0.21475731030398976 21
0004 0010 5 1671200682999849 6.5 -61.5 2.2948352586769194 21
0004 0009 5 1671200683004167 -13.0 -59.5 0.2761165418194154 21
0004 0008 5 1671200683005274 32.5 -64.5 4.552854978444583 21
0004 0001 5 1671200683006475 -17.0625 -66.5 2.6323110320117604 21
0004 0011 6 1671200683047135 30.875 -62.0 0.2945243112740431 21
0004 0004 6 1671200683048618 -6.5 -52.5 3.54042765844006 21
0004 0010 6 1671200683049823 -19.5 -69.5 4.681709364626977 21
0004 0003 6 1671200683051256 74.8125 -75.0 0.006135923151542565 21
0004 0006 6 1671200683052177 -16.25 -69.0 0.2761165418194154 21
0004 0000 6 1671200683053143 52.0625 -69.0 2.1966604882522383 21
0004 0007 6 1671200683054106 19.5 -66.0 4.178563666200486 21
0004 0001 6 1671200683055336 13.8125 -62.0 1.9573594853420782 21
0004 0014 6 1671200683057149 6.5 -73.5 2.6323110320117604 21
0004 0002 6 1671200683068211 273.375 -75.5 1.5401167110371838 21
0004 0001 7 1671200683096227 -7.3125 -67.5 2.6200391857086753 21
0004 0010 7 1671200683097941 13.0 -63.5 3.5588354278946874 21
0004 0004 7 1671200683099744 -26.0 -62.0 0.25770877236478773 21
0004 0007 7 1671200683100682 -16.25 -69.5 1.509437095279471 21
0004 0009 7 1671200683102878 26.0 -62.0 4.374913207049849 21
0004 0005 7 1671200683104182 -130.1875 -68.0 5.006913291658733 21
0004 0014 7 1671200683108508 218.0625 -71.5 4.3503695144436785 21
0004 0006 7 1671200683109995 -61.8125 -70.5 3.2765829629237295 21
0004 0011 7 1671200683111240 111.4375 -66.0 3.018874190558942 21
0004 0004 8 1671200683136255 -45.5625 -63.5 5.4671075280244255 21
0004 0015 8 1671200683137743 -55.3125 -65.0 5.792311455056181 21
0004 0005 8 1671200683140524 19.5 -71.0 3.1231848841351653 21
0004 0007 8 1671200683141904 48.8125 -67.5 2.337786720737717 21
0004 0009 8 1671200683142825 19.5 -61.0 3.693825737228624 21
0004 0009 1 1671200683356612 -13.0 -58.0 4.319689898685965 21
0004 0005 1 1671200683357579 55.3125 -61.5 1.4051264017032472 21
0004 0015 1 1671200683359903 87.875 -69.5 1.7916895602504288 21
0004 0011 1 1671200683362324 -48.8125 -65.0 1.3744467859455345 21
0004 0013 1 1671200683363367 0.0 -73.5 1.533980787885641 21
0004 0009 2 1671200683385895 -68.3125 -60.5 5.056000676871073 21
0004 0008 2 1671200683386801 19.5 -69.0 0.4970097752749477 21
0004 0001 2 1671200683388428 30.875 -70.0 6.154330920997192 21
0004 0011 2 1671200683389828 17.0625 -63.0 0.9326603190344698 21
0004 0008 3 1671200683416818 3.25 -64.5 2.116893487282185 21
0004 0011 3 1671200683418146 -13.8125 -64.0 3.2827188860752723 21
0004 0005 3 1671200683420001 65.0625 -67.5 4.049709280018092 21
0004 0001 3 1671200683423297 -125.3125 -69.5 3.718369429834794 21
0004 0015 3 1671200683424373 -78.0625 -68.0 3.393165502803038 21
0004 0000 3 1671200683425564 68.3125 -66.5 1.4848934026733007 21
0004 0009 3 1671200683426470 -26.0 -60.5 2.429825568010856 21
0004 0003 4 1671200683447322 -13.0 -68.0 5.491651220630596 21
0004 0005 4 1671200683448217 -35.75 -56.5 3.5711072741977725 21
0004 0000 4 1671200683449183 -26.0 -64.5 5.178719139901925 21
0004 0011 4 1671200683450128 19.5 -57.5 6.264777537724958 21
0004 0006 4 1671200683451632 -110.625 -72.5 3.5772431973493153 21
0004 0001 4 1671200683452571 0.0 -56.5 5.829126993965437 21
0004 0009 4 1671200683454390 -16.25 -65.5 5.338253141842031 21
0004 0015 4 1671200683456828 -29.25 -68.5 4.792155981354743 21
0004 0007 4 1671200683457795 -55.3125 -69.0 4.221515128261284 21
0004 0014 4 1671200683460646 0.0 -70.5 4.7307967498393175 21
0004 0010 4 1671200683461643 -58.5625 -67.0 4.466952054322987 21
0004 0008 4 1671200683463790 9.75 -71.0 1.41126232485479 21
0004 0001 5 1671200683486143 -114.6875 -66.0 2.60776733940559 21
0004 0010 5 1671200683488293 35.75 -61.0 2.2886993355253766 21
0004 0009 5 1671200683489526 -42.3125 -60.0 0.32520392703175593 21
0004 0005 5 1671200683490717 65.0625 -64.0 0.06135923151542565 21
0004 0008 5 1671200683491649 -6.5 -65.0 4.601942363656923 21
0004 0015 5 1671200683503901 159.5 -70.5 0.803805932852076 21
0004 0011 6 1671200683536621 -24.375 -62.5 0.37429131224409645 21
0004 0001 6 1671200683537990 -13.8125 -62.0 2.043262409463674 21
0004 0006 6 1671200683539154 68.3125 -68.0 0.1902136176978195 21
0004 0004 6 1671200683540356 13.0 -52.5 3.5465635815916023 21
0004 0014 6 1671200683541235 78.0625 -73.5 2.454369260617026 21
0004 0007 6 1671200683543121 -19.5 -67.0 4.252194744018997 21
0004 0010 6 1671200683544293 0.0 -70.5 4.651029748869264 21
0004 0000 6 1671200683545432 74.8125 -68.5 2.110757564130642 21
0004 0003 6 1671200683547712 -78.0625 -74.5 0.23930100291016002 21
0004 0002 6 1671200683549144 211.5625 -75.5 1.4542137869155878 21
