0004 0007 1 1671201569427637 0.0 -69.0 4.908738521234052 21
0004 0007 2 1671201569457561 -6.5 -65.5 0.48473792897186263 21
0004 0013 2 1671201569460601 -84.625 -69.5 4.994641445355648 21
0004 0001 2 1671201569463054 -38.1875 -69.0 3.3624858870453256 21
0004 0004 3 1671201569491609 -74.8125 -67.0 3.429981041712294 21
0004 0007 4 1671201569516346 13.0 -66.0 5.098952138931871 21
0004 0006 4 1671201569517254 13.0 -66.0 3.8963112012295285 21
0004 0004 4 1671201569520061 -6.5 -67.0 1.4173982480063325 21
0004 0009 5 1671201569546116 -6.5 -62.0 2.4605051837685683 21
0004 0007 5 1671201569548256 -58.5625 -70.0 1.4910293258248433 21
0004 0006 5 1671201569549190 -19.5 -68.5 5.424156065963627 21
0004 0004 5 1671201569550139 45.5625 -62.5 0.8099418560036186 21
0004 0002 5 1671201569551600 -100.875 -66.0 1.000155473701438 21
0004 0010 5 1671201569556171 -29.25 -68.5 4.583534594202296 21
0004 0006 6 1671201569585803 -48.8125 -64.0 2.816388726558037 21
0004 0014 6 1671201569586754 29.25 -68.0 6.068427996875596 21
0004 0012 6 1671201569587997 -6.5 -69.5 5.405748296509 21
0004 0007 6 1671201569588964 35.75 -62.0 0.380427235395639 21
0004 0000 6 1671201569589956 136.6875 -67.5 0.3129320807286708 21
0004 0002 6 1671201569590937 192.0 -69.0 2.141437179888355 21
0004 0001 6 1671201569591838 24.375 -68.5 1.7794177139473437 21
0004 0010 6 1671201569593779 26.0 -61.5 1.8960002538266525 21
0004 0008 6 1671201569595849 -58.5625 -67.0 3.693825737228624 21
0004 0011 6 1671201569597075 21.125 -69.5 1.3008157081270237 21
0004 0004 6 1671201569599411 39.0 -69.0 4.7307967498393175 21
0004 0004 7 1671201569626696 48.8125 -70.0 4.73693267299086 21
0004 0013 7 1671201569627687 9.75 -70.0 1.8100973297050567 21
0004 0008 7 1671201569628638 68.3125 -64.0 0.6872233929727672 21
0004 0007 7 1671201569630391 16.25 -67.0 4.289010282928253 21
0004 0012 7 1671201569631823 328.75 -68.5 5.049864753719531 21
0004 0011 7 1671201569633006 -7.3125 -62.5 2.2580197197676637 21
0004 0009 7 1671201569635484 -42.3125 -59.5 0.44178646691106466 21
0004 0005 7 1671201569636449 78.0625 -63.5 2.2764274892222915 21
0004 0000 7 1671201569638025 -120.4375 -65.5 3.479068426924634 21
0004 0009 8 1671201569666226 -35.75 -65.0 5.45483568172134 21
0004 0005 8 1671201569668482 35.75 -61.0 5.246214294568893 21
0004 0011 8 1671201569670294 -7.3125 -62.5 4.123340357836604 21
0004 0007 1 1671201569887905 133.4375 -69.0 4.693981210930062 21
0004 0007 2 1671201569916830 52.0625 -64.0 0.1595340019401067 21
0004 0013 2 1671201569917879 -81.375 -69.5 5.062136600022616 21
0004 0001 2 1671201569920572 -55.3125 -70.0 3.472932503773092 21
0004 0004 3 1671201569950000 6.5 -68.0 3.32567034813607 21
0004 0006 4 1671201569975858 -87.875 -66.5 3.9760782021995817 21
0004 0007 4 1671201569979373 -32.5 -66.0 5.006913291658733 21
0004 0004 4 1671201569981611 19.5 -67.5 1.2946797849754812 21
0004 0006 5 1671201570007218 -110.625 -67.0 5.485515297479052 21
0004 0009 5 1671201570008209 35.75 -63.5 1.9757672547967058 21
0004 0010 5 1671201570009142 81.375 -68.0 4.577398671050753 21
0004 0004 5 1671201570010060 -16.25 -63.0 0.8651651643675016 21
0004 0002 5 1671201570012626 3.25 -66.5 0.7424467013366504 21
0004 0007 5 1671201570013567 100.875 -69.5 0.9694758579437253 21
0004 0008 6 1671201570035884 -35.75 -69.0 3.442252888015379 21
0004 0012 6 1671201570037635 -133.4375 -68.0 5.700272607783043 21
0004 0010 6 1671201570038552 42.3125 -62.5 1.9082721001297376 21
0004 0004 6 1671201570039474 -120.4375 -70.0 4.620350133111551 21
0004 0001 6 1671201570040448 83.0 -68.0 1.509437095279471 21
0004 0007 6 1671201570041823 -22.75 -62.0 0.46019423636569234 21
0004 0006 6 1671201570043538 35.75 -64.5 2.7550294950426117 21
0004 0000 6 1671201570044513 3.25 -68.0 0.3436116964863836 21
0004 0011 6 1671201570046129 41.5 -70.0 1.6382914814618648 21
0004 0014 6 1671201570047081 87.875 -68.5 6.086835766330224 21
0004 0002 6 1671201570049448 87.875 -69.0 2.2948352586769194 21
0004 0000 7 1671201570075886 -166.0 -66.0 3.54042765844006 21
0004 0005 7 1671201570077346 -22.75 -63.0 2.5157284921324514 21
0004 0012 7 1671201570078553 -117.125 -70.0 5.743224069843841 21
0004 0009 7 1671201570081102 16.25 -60.0 0.2638446955163303 21
0004 0007 7 1671201570082040 -6.5 -66.5 4.430136515413731 21
0004 0004 7 1671201570083289 97.625 -70.0 4.853515212870168 21
0004 0011 7 1671201570084221 -9.75 -62.0 2.423689644859313 21
0004 0013 7 1671201570085114 -9.75 -70.5 1.8530487917658545 21
0004 0008 7 1671201570086121 -61.8125 -64.5 0.7669903939428205 21
0004 0009 8 1671201570115783 9.75 -67.5 5.221670601962723 21
0004 0005 8 1671201570118365 -6.5 -61.0 5.307573526084319 21
0004 0011 8 1671201570120777 3.25 -62.0 4.264466590322082 21
0004 0007 1 1671201570335795 61.8125 -72.5 5.424156065963627 21
0004 0007 2 1671201570366394 -16.25 -66.0 1.1167380135807468 21
0004 0011 2 1671201570372383 45.5625 -67.5 2.8102528034064944 21
0004 0001 2 1671201570375155 -62.625 -69.0 3.1661363461959633 21
0004 0004 3 1671201570397944 78.0625 -68.0 3.6815538909255388 21
0004 0007 3 1671201570410321 136.6875 -69.5 4.8351074434155406 21
0004 0014 4 1671201570437218 19.5 -70.0 6.1850105367549055 21
0004 0007 4 1671201570440238 104.125 -68.0 6.013204688511713 21
0004 0004 4 1671201570441185 42.3125 -64.5 1.2640001692177683 21
0004 0006 4 1671201570442106 -42.3125 -64.0 4.509903516383785 21
0004 0008 5 1671201570466308 -34.9375 -67.5 4.049709280018092 21
0004 0002 5 1671201570467499 19.5 -68.0 0.7792622402459057 21
0004 0004 5 1671201570468675 -29.25 -64.5 0.5645049299419159 21
0004 0009 5 1671201570469581 16.25 -63.5 0.8406214717613314 21
0004 0010 5 1671201570470799 58.5625 -71.5 3.6140587362585705 21
0004 0006 5 1671201570475540 -126.9375 -69.5 4.902602598082509 21
0004 0007 6 1671201570505874 35.75 -63.5 5.368932757599744 21
0004 0008 6 1671201570506852 26.0 -65.0 2.509592568980909 21
0004 0011 6 1671201570508508 52.0625 -68.5 6.007068765360171 21
0004 0010 6 1671201570509457 146.4375 -71.0 6.14819499784565 21
0004 0002 6 1671201570510394 -39.0 -71.0 2.9329712664373457 21
0004 0004 6 1671201570511344 26.0 -62.0 6.12365130523948 21
0004 0006 6 1671201570512535 55.3125 -64.0 0.5890486225480862 21
0004 0014 6 1671201570514926 55.3125 -66.5 6.258641614573416 21
0004 0001 6 1671201570515903 152.9375 -68.5 1.5585244804918115 21
0004 0000 6 1671201570518407 -6.5 -67.0 1.4787574795217582 21
0004 0008 7 1671201570557636 -55.3125 -60.5 5.074408446325701 21
0004 0013 7 1671201570558552 0.0 -67.0 1.5830681730979816 21
0004 0001 7 1671201570560054 59.375 -69.0 4.01902966426038 21
0004 0010 7 1671201570560960 126.9375 -72.0 1.0737865515199487 21
0004 0005 7 1671201570561868 100.875 -64.5 6.000932842208628 21
0004 0007 7 1671201570563203 214.8125 -70.0 0.36815538909255385 21
0004 0011 7 1671201570564971 27.625 -57.5 5.988660995905543 21
0004 0004 7 1671201570565950 -29.25 -72.0 4.651029748869264 21
0004 0000 7 1671201570567157 104.125 -68.0 2.3930100291016 21
0004 0002 7 1671201570568306 -32.5 -69.5 1.736466251886546 21
0004 0009 7 1671201570569240 -19.5 -60.0 3.785864584501762 21
0004 0006 7 1671201570570206 55.3125 -68.0 4.988505522204105 21
0004 0005 8 1671201570596095 -19.5 -62.0 4.430136515413731 21
0004 0007 8 1671201570598155 -45.5625 -70.0 4.473087977474529 21
0004 0011 8 1671201570599654 3.25 -61.5 2.9636508821950587 21
0004 0007 1 1671201570817521 -29.25 -63.5 1.761009944492716 21
0004 0007 2 1671201570847421 26.0 -59.0 2.172116795646068 21
0004 0004 3 1671201570878749 39.0 -70.0 1.4971652489763858 21
0004 0014 4 1671201570906161 -169.25 -70.5 2.3071071049800045 21
0004 0001 4 1671201570907078 79.75 -71.0 0.25770877236478773 21
0004 0006 4 1671201570908980 -260.375 -72.5 0.705631162427395 21
0004 0007 4 1671201570909870 -9.75 -67.5 4.841243366567084 21
0004 0004 4 1671201570912307 -6.5 -61.5 5.8475347634200645 21
0004 0004 5 1671201570937796 65.0625 -60.0 1.576932249946439 21
0004 0001 6 1671201570965831 -13.0 -63.0 4.638757902566179 21
0004 0009 6 1671201570967022 58.5625 -61.0 5.258486140871978 21
0004 0004 6 1671201570968934 -22.75 -60.0 2.282563412373834 21
0004 0014 6 1671201570970577 -6.5 -60.5 0.7731263170943632 21
0004 0008 6 1671201570972834 19.5 -63.0 3.2765829629237295 21
0004 0000 7 1671201570995856 -211.5625 -69.0 5.957981380147831 21
0004 0005 7 1671201570997868 22.75 -66.5 6.062292073724054 21
0004 0007 7 1671201570999045 26.0 -60.0 3.877903431774901 21
0004 0001 7 1671201570999917 7.3125 -66.0 4.215379205109742 21
0004 0014 7 1671201571002245 -45.5625 -67.5 2.1353012567368124 21
0004 0014 8 1671201571026590 84.625 -72.0 1.2701360923693108 21
0004 0015 8 1671201571027883 32.5 -69.5 2.6568547246179306 21
0004 0000 8 1671201571029287 29.25 -68.0 1.5033011721279284 21
0004 0007 8 1671201571030478 -22.75 -60.0 4.9823695990525625 21
0004 0001 1 1671201571246867 30.875 -64.0 3.3318062712876126 21
0004 0000 1 1671201571248611 146.4375 -71.0 3.1354567304382504 21
0004 0007 2 1671201571276043 -3.25 -64.0 4.9394181369917645 21
0004 0005 2 1671201571278315 -74.8125 -63.0 3.890175278077986 21
0004 0014 2 1671201571280662 107.375 -70.5 1.5401167110371838 21
0004 0015 2 1671201571284174 175.75 -70.0 0.5460971604872883 21
0004 0001 4 1671201571346030 -3.25 -67.5 3.227495577711389 21
0004 0010 4 1671201571347246 26.0 -72.0 2.405281875404685 21
0004 0006 4 1671201571350539 48.8125 -73.0 5.313709449235861 21
0004 0005 4 1671201571354117 -104.125 -74.5 0.5706408530934585 21
0004 0004 5 1671201571376837 39.0 -66.5 0.6381360077604268 21
0004 0009 5 1671201571377857 71.5625 -61.5 2.055534255766759 21
0004 0014 5 1671201571379033 35.75 -65.5 2.043262409463674 21
0004 0008 5 1671201571381874 6.5 -53.5 3.448388811166921 21
0004 0001 5 1671201571383800 100.875 -70.0 5.945709533844745 21
0004 0005 5 1671201571384765 149.6875 -67.0 0.5276893910326605 21
0004 0001 6 1671201571406161 -73.1875 -68.5 5.651185222570702 21
0004 0014 6 1671201571407609 13.0 -65.5 3.5465635815916023 21
0004 0015 6 1671201571408543 29.25 -72.5 5.589825991055276 21
0004 0005 6 1671201571409688 -9.75 -70.5 5.074408446325701 21
0004 0008 6 1671201571411106 9.75 -53.5 6.19728238305799 21
0004 0010 6 1671201571412044 120.4375 -71.5 0.30066023442558565 21
0004 0006 6 1671201571415742 26.0 -62.5 3.6324665057131984 21
0004 0009 7 1671201571447271 39.0 -58.0 2.9820586516496865 21
0004 0000 7 1671201571448445 65.0625 -68.5 5.565282298449106 21
0004 0008 7 1671201571449362 -6.5 -56.0 3.2704470397721868 21
0004 0015 7 1671201571450554 231.0625 -68.0 2.399145952253143 21
0004 0004 7 1671201571451530 -42.3125 -60.0 3.9699422790480394 21
0004 0007 7 1671201571458155 65.0625 -70.5 0.5460971604872883 21
0004 0011 8 1671201571486169 -10.5625 -63.5 1.5401167110371838 21
0004 0008 8 1671201571490031 -84.625 -65.0 4.614214209960009 21
0004 0001 8 1671201571490994 -55.3125 -67.5 5.448699758569798 21
0004 0009 8 1671201571491954 -13.0 -59.0 1.4419419406125027 21
0004 0007 8 1671201571492878 26.0 -60.5 2.9575149590435164 21
0004 0015 8 1671201571494985 26.0 -66.0 1.8530487917658545 21
0004 0010 8 1671201571495891 -35.75 -68.5 2.552544031041707 21
0004 0005 8 1671201571497661 68.3125 -72.0 6.050020227420969 21
0004 0008 1 1671201571716661 61.8125 -67.5 0.5460971604872883 21
0004 0007 1 1671201571717612 42.3125 -63.0 1.6751070203711202 21
0004 0010 1 1671201571719962 -91.125 -71.5 2.82252464970958 21
0004 0005 1 1671201571720869 -13.0 -65.0 1.7241944055834606 21
0004 0000 1 1671201571722543 45.5625 -68.5 4.074252972624263 21
0004 0003 1 1671201571731171 39.0 -72.5 0.7240389318820226 21
0004 0005 2 1671201571756485 -48.8125 -68.0 2.9697868053466014 21
0004 0011 2 1671201571757446 93.5625 -63.0 1.3314953238847365 21
0004 0008 2 1671201571758649 -13.0 -62.5 5.338253141842031 21
0004 0015 2 1671201571759838 42.3125 -64.0 2.1046216409791 21
0004 0010 2 1671201571761240 22.75 -63.5 2.7550294950426117 21
0004 0008 3 1671201571788223 19.5 -61.5 5.767767762450011 21
0004 0010 3 1671201571789499 -45.5625 -65.5 3.3870295796514958 21
0004 0007 3 1671201571790947 -192.0 -71.0 2.423689644859313 21
0004 0015 3 1671201571791865 -6.5 -65.5 1.705786636128833 21
0004 0011 3 1671201571797348 55.3125 -63.0 2.6445828783148455 21
0004 0006 3 1671201571799787 -227.8125 -70.5 5.184855063053467 21
0004 0004 4 1671201571826239 45.5625 -60.5 2.2150682577068657 21
0004 0008 4 1671201571828275 0.0 -53.5 2.405281875404685 21
0004 0013 4 1671201571829287 -65.0625 -72.0 1.4603497100671303 21
0004 0007 4 1671201571830746 -58.5625 -67.0 2.779573187648782 21
0004 0009 4 1671201571831677 -22.75 -55.0 4.908738521234052 21
0004 0005 4 1671201571835045 -91.125 -67.0 4.061981126321178 21
0004 0010 4 1671201571836895 -3.25 -60.5 1.9389517158874505 21
0004 0011 4 1671201571837843 30.875 -60.5 2.6691265709210157 21
0004 0015 4 1671201571839086 35.75 -70.5 4.7307967498393175 21
0004 0002 4 1671201571842303 120.4375 -74.5 2.442097414313941 21
0004 0007 5 1671201571866286 19.5 -62.0 1.4358060174609601 21
0004 0008 5 1671201571867235 29.25 -55.0 1.8407769454627694 21
0004 0004 5 1671201571870226 42.3125 -58.5 4.4362724385652745 21
0004 0011 5 1671201571871315 -48.8125 -69.0 1.043106935762236 21
0004 0005 5 1671201571872297 29.25 -68.5 4.086524818927348 21
0004 0009 5 1671201571873516 -45.5625 -56.0 2.9022916506796332 21
0004 0015 5 1671201571874593 45.5625 -66.5 1.509437095279471 21
0004 0000 6 1671201571895927 68.3125 -70.0 1.6444274046134073 21
0004 0009 6 1671201571896890 -52.0625 -59.5 3.3502140407422405 21
0004 0004 6 1671201571899668 -45.5625 -66.0 3.6447383520162835 21
0004 0005 6 1671201571901495 -13.0 -59.5 0.12885438618239387 21
0004 0011 6 1671201571904254 27.625 -65.0 1.2640001692177683 21
0004 0010 6 1671201571905214 -3.25 -64.0 1.8714565612204823 21
0004 0006 6 1671201571906149 -9.75 -65.5 2.2764274892222915 21
0004 0014 6 1671201571909791 -55.3125 -75.5 0.4724660826687775 21
0004 0005 7 1671201571936515 -16.25 -61.0 3.6140587362585705 21
0004 0008 7 1671201571937694 -74.8125 -62.0 6.074563920027139 21
0004 0007 7 1671201571938630 -35.75 -65.0 0.9081166264282996 21
0004 0011 7 1671201571939534 48.8125 -68.0 1.7794177139473437 21
0004 0009 7 1671201571940495 16.25 -58.0 3.429981041712294 21
0004 0010 7 1671201571942678 58.5625 -68.5 5.332117218690489 21
0004 0000 7 1671201571943899 78.0625 -69.5 3.3011266555298997 21
0004 0005 8 1671201571978229 -22.75 -64.5 5.3198453723874035 21
0004 0008 8 1671201571979176 6.5 -65.0 5.822991070813893 21
0004 0011 8 1671201571980392 10.5625 -59.0 3.730641276137879 21
0004 0010 8 1671201571982065 32.5 -73.0 5.884350302329319 21
0004 0007 8 1671201571984754 -87.875 -71.5 6.240233845118788 21
0004 0009 1 1671201572196440 0.0 -60.0 0.9510680884890975 21
0004 0005 1 1671201572198259 3.25 -64.5 4.368777283898306 21
0004 0008 1 1671201572199792 19.5 -67.0 2.055534255766759 21
0004 0015 1 1671201572200712 -81.375 -63.5 3.5833791205008576 21
0004 0000 1 1671201572201675 -6.5 -63.0 1.1965050145508 21
0004 0011 1 1671201572202652 -7.3125 -59.5 3.816544200259475 21
0004 0013 1 1671201572204367 52.0625 -68.5 0.30679615757712825 21
0004 0001 1 1671201572205567 -45.5625 -68.5 3.9515345095934116 21
0004 0015 2 1671201572225892 42.3125 -66.0 1.3989904785517047 21
0004 0008 2 1671201572227613 117.125 -70.0 1.1474176293384597 21
0004 0005 2 1671201572229016 29.25 -59.0 5.878214379177777 21
0004 0007 2 1671201572231186 26.0 -63.5 3.08636934522591 21
0004 0001 2 1671201572232118 90.3125 -64.5 3.393165502803038 21
0004 0011 2 1671201572233332 83.0 -61.0 1.6873788666742053 21
0004 0010 2 1671201572236292 -39.0 -69.5 6.154330920997192 21
0004 0004 3 1671201572265801 -3.25 -69.5 6.14819499784565 21
0004 0015 3 1671201572267458 42.3125 -69.0 1.6566992509164924 21
0004 0011 3 1671201572270627 -30.875 -60.0 3.436116964863836 21
0004 0001 3 1671201572271829 97.625 -62.5 1.6382914814618648 21
0004 0008 3 1671201572276325 -3.25 -69.0 1.8775924843720249 21
0004 0010 4 1671201572296861 -3.25 -62.0 2.3930100291016 21
0004 0001 4 1671201572298178 30.875 -60.5 0.7179030087304801 21
0004 0009 4 1671201572299710 -26.0 -59.0 4.031301510563465 21
0004 0008 4 1671201572300630 -65.0625 -68.0 2.718213956133356 21
0004 0011 4 1671201572301833 -135.0625 -68.0 2.399145952253143 21
0004 0005 4 1671201572303408 35.75 -65.5 0.23930100291016002 21
0004 0007 4 1671201572306781 -68.3125 -69.5 3.32567034813607 21
0004 0004 5 1671201572336423 -42.3125 -61.0 3.5281558121369745 21
0004 0005 5 1671201572337587 195.25 -70.0 6.0991076126333095 21
0004 0011 5 1671201572338491 27.625 -64.0 5.497787143782138 21
0004 0015 5 1671201572340203 19.5 -70.0 0.34974761963792617 21
0004 0006 5 1671201572342565 -345.0 -71.5 0.5645049299419159 21
0004 0009 5 1671201572343511 13.0 -60.0 0.5583690067903734 21
0004 0007 5 1671201572345316 -48.8125 -67.5 3.0372819600135696 21
0004 0008 5 1671201572346917 91.125 -68.0 5.240078371417351 21
0004 0015 6 1671201572375833 -149.6875 -70.5 0.4540583132141498 21
0004 0000 6 1671201572377236 -152.9375 -71.5 5.786175531904639 21
0004 0011 6 1671201572378182 21.125 -64.5 6.2463697682703305 21
0004 0007 6 1671201572379175 -9.75 -66.5 0.9572040116406401 21
0004 0006 6 1671201572380605 -16.25 -72.0 0.5031456984264903 21
0004 0005 6 1671201572381811 -19.5 -70.5 4.442408361716817 21
0004 0010 6 1671201572383211 -9.75 -60.0 1.7916895602504288 21
0004 0001 6 1671201572384741 -9.75 -65.0 2.2212041808584084 21
0004 0009 6 1671201572385919 32.5 -66.5 1.8530487917658545 21
0004 0004 6 1671201572387350 -16.25 -63.5 5.7616318392984684 21
0004 0014 6 1671201572389181 -110.625 -74.5 5.608233760509904 21
0004 0005 7 1671201572417288 -29.25 -59.5 3.6570101983193686 21
0004 0009 7 1671201572418434 16.25 -60.5 3.810408277107933 21
0004 0007 7 1671201572419382 6.5 -60.0 0.17794177139473438 21
0004 0010 7 1671201572421469 159.5 -70.5 5.270757987175063 21
0004 0011 7 1671201572422910 7.3125 -66.5 1.6260196351587797 21
0004 0008 8 1671201572447664 6.5 -66.5 5.798447378207723 21
0004 0011 8 1671201572448571 -38.1875 -58.5 3.988350048502667 21
0004 0010 8 1671201572449759 65.0625 -69.5 1.1719613219446299 21
0004 0001 8 1671201572450932 45.5625 -63.0 1.88986433067511 21
0004 0007 8 1671201572452862 -87.875 -71.5 1.5892040962495242 21
0004 0009 1 1671201572676763 -39.0 -61.0 0.46019423636569234 21
0004 0015 1 1671201572677834 0.0 -64.0 3.5158839658338894 21
0004 0005 1 1671201572680563 3.25 -65.0 4.632621979414636 21
0004 0000 1 1671201572681997 42.3125 -62.5 1.0983302441261191 21
0004 0001 1 1671201572682914 59.375 -67.5 4.724660826687775 21
0004 0011 1 1671201572683831 13.8125 -60.5 3.3502140407422405 21
0004 0008 1 1671201572685051 -139.9375 -66.0 2.2027964114037806 21
0004 0005 2 1671201572706088 45.5625 -60.0 6.086835766330224 21
0004 0007 2 1671201572707238 -104.125 -63.0 3.7981364308048478 21
0004 0010 2 1671201572708708 35.75 -69.5 5.565282298449106 21
0004 0011 2 1671201572709654 -7.3125 -60.5 1.2701360923693108 21
0004 0015 2 1671201572710604 -52.0625 -65.5 1.9266798695843652 21
0004 0001 2 1671201572712498 -48.8125 -64.0 3.6876898140770815 21
0004 0008 2 1671201572718671 -113.875 -69.5 1.2640001692177683 21
0004 0004 3 1671201572746701 68.3125 -68.0 0.5583690067903734 21
0004 0011 3 1671201572748030 -10.5625 -61.5 2.8777479580734626 21
0004 0001 3 1671201572748993 197.6875 -62.5 1.3928545554001621 21
0004 0008 3 1671201572750241 -201.8125 -68.0 2.356194490192345 21
0004 0015 3 1671201572752811 -65.0625 -69.0 1.6260196351587797 21
0004 0010 4 1671201572776628 78.0625 -62.0 2.2886993355253766 21
0004 0005 4 1671201572778216 -3.25 -66.0 0.19634954084936207 21
0004 0009 4 1671201572779406 -39.0 -59.5 4.04357335686655 21
0004 0007 4 1671201572780359 126.9375 -71.0 2.82252464970958 21
0004 0001 4 1671201572781502 69.125 -61.0 0.5829126993965437 21
0004 0011 4 1671201572783032 59.375 -67.0 1.7732817907958012 21
0004 0008 4 1671201572784008 39.0 -66.0 2.6813984172241008 21
0004 0004 5 1671201572816349 -22.75 -60.0 3.4054373491061236 21
0004 0015 5 1671201572817582 -22.75 -70.5 5.534602682691394 21
0004 0007 5 1671201572819056 9.75 -67.0 2.650718801466388 21
0004 0011 5 1671201572820216 -27.625 -68.0 5.062136600022616 21
0004 0008 5 1671201572821181 -126.9375 -67.0 5.755495916146925 21
0004 0009 5 1671201572822367 6.5 -60.0 0.23316507975861744 21
0004 0005 5 1671201572824930 29.25 -68.5 6.277049384028044 21
0004 0009 6 1671201572855882 65.0625 -66.5 1.325359400733194 21
0004 0004 6 1671201572857101 -39.0 -64.0 5.589825991055276 21
0004 0014 6 1671201572858774 29.25 -73.0 5.246214294568893 21
0004 0015 6 1671201572859766 110.625 -68.0 0.15339807878856412 21
0004 0006 6 1671201572860700 42.3125 -72.5 0.3313398501832985 21
0004 0010 6 1671201572861932 32.5 -60.0 1.7241944055834606 21
0004 0001 6 1671201572863146 52.0625 -65.5 2.227340104009951 21
0004 0011 6 1671201572864104 41.5 -64.0 6.092971689481767 21
0004 0000 6 1671201572866134 133.4375 -70.5 5.583690067903734 21
0004 0007 6 1671201572867410 55.3125 -65.5 0.7485826244881929 21
0004 0005 6 1671201572868843 -48.8125 -69.0 4.368777283898306 21
0004 0009 7 1671201572896207 -39.0 -61.0 3.6017868899554855 21
0004 0005 7 1671201572897640 -61.8125 -60.5 3.6079228131070282 21
0004 0011 7 1671201572899653 -125.3125 -66.0 1.3928545554001621 21
0004 0007 7 1671201572901241 -22.75 -61.0 0.2699806186678728 21
0004 0001 8 1671201572935843 -3.25 -62.5 1.9512235621905356 21
0004 0010 8 1671201572937516 113.875 -70.0 0.8774370106705868 21
0004 0008 8 1671201572938431 0.0 -65.0 5.792311455056181 21
0004 0011 8 1671201572940371 55.3125 -59.0 3.5956509668039427 21
0004 0007 8 1671201572943399 156.1875 -70.0 1.0492428589137786 21
0004 0000 1 1671201573156324 35.75 -61.0 1.1106020904292042 21
0004 0005 1 1671201573157217 -65.0625 -65.0 4.718524903536232 21
0004 0009 1 1671201573158191 9.75 -60.5 0.2761165418194154 21
0004 0008 1 1671201573159369 -29.25 -65.5 2.086213871524472 21
0004 0001 1 1671201573160317 -114.6875 -67.5 4.963961829597935 21
0004 0011 1 1671201573161789 117.9375 -61.5 2.9268353432858034 21
0004 0015 1 1671201573162960 19.5 -64.0 3.485204350076177 21
0004 0005 2 1671201573185836 -48.8125 -60.0 6.22182607566416 21
0004 0011 2 1671201573186963 0.0 -61.0 1.1596894756415448 21
0004 0007 2 1671201573187889 -87.875 -63.5 3.8410878928656453 21
0004 0008 2 1671201573189036 -152.9375 -69.5 2.030990563160589 21
0004 0015 2 1671201573190906 117.125 -66.5 1.6996507129772904 21
0004 0001 2 1671201573192333 -62.625 -63.5 3.785864584501762 21
0004 0010 2 1671201573195506 -9.75 -69.0 5.418020142812084 21
0004 0011 3 1671201573226797 52.0625 -61.5 2.4605051837685683 21
0004 0008 3 1671201573239425 84.625 -67.5 1.748738098189631 21
0004 0001 3 1671201573240356 73.1875 -63.0 1.5033011721279284 21
0004 0015 3 1671201573243063 -29.25 -68.5 1.4173982480063325 21
0004 0007 4 1671201573266354 -45.5625 -70.0 3.129320807286708 21
0004 0008 4 1671201573268434 6.5 -65.5 3.043417883165112 21
0004 0010 4 1671201573269369 61.8125 -63.0 2.2334760271614935 21
0004 0001 4 1671201573271728 30.875 -61.0 0.6442719309119693 21
0004 0009 4 1671201573272887 -6.5 -59.0 3.822680123411018 21
0004 0011 4 1671201573273978 -21.125 -66.0 1.761009944492716 21
0004 0005 4 1671201573274941 9.75 -65.5 0.1227184630308513 21
0004 0008 5 1671201573297073 78.0625 -66.5 5.706408530934585 21
0004 0005 5 1671201573301056 -42.3125 -70.0 0.21475731030398976 21
0004 0009 5 1671201573303819 6.5 -60.0 0.1595340019401067 21
0004 0007 5 1671201573304816 -65.0625 -68.0 2.8286605728611223 21
0004 0004 5 1671201573307025 19.5 -62.0 2.6998061866787286 21
0004 0010 6 1671201573335854 45.5625 -60.5 1.736466251886546 21
0004 0015 6 1671201573337242 52.0625 -68.5 0.2638446955163303 21
0004 0006 6 1671201573338220 182.25 -71.5 0.12885438618239387 21
0004 0005 6 1671201573339931 -22.75 -68.5 4.374913207049849 21
0004 0004 6 1671201573341108 13.0 -66.5 4.871922982324796 21
0004 0011 6 1671201573342068 3.25 -65.0 6.105243535784852 21
0004 0007 6 1671201573342990 22.75 -65.5 0.7853981633974483 21
0004 0001 6 1671201573345016 30.875 -65.5 2.2150682577068657 21
0004 0009 6 1671201573345964 -6.5 -66.0 1.533980787885641 21
0004 0000 6 1671201573347399 26.0 -69.5 6.019340611663256 21
0004 0014 6 1671201573348556 6.5 -73.0 5.3198453723874035 21
0004 0011 7 1671201573376648 -21.125 -66.5 1.282407938672396 21
0004 0007 7 1671201573377600 48.8125 -61.0 0.15339807878856412 21
0004 0005 7 1671201573378534 13.0 -61.0 3.509748042682347 21
0004 0009 7 1671201573379781 19.5 -61.5 3.3195344249845276 21
0004 0007 8 1671201573415798 52.0625 -69.0 1.1658253987930873 21
0004 0001 8 1671201573417211 48.8125 -62.5 1.88986433067511 21
0004 0008 8 1671201573418187 -19.5 -65.5 6.17273869045182 21
0004 0011 8 1671201573419360 -3.25 -60.0 3.3747577333484107 21
0004 0010 8 1671201573421502 91.125 -69.0 0.7976700097005334 21
0004 0005 1 1671201573636112 13.0 -64.5 4.571262747899211 21
0004 0009 1 1671201573637090 -13.0 -61.5 0.14112623248547898 21
0004 0011 1 1671201573638513 -3.25 -61.5 3.1354567304382504 21
0004 0001 1 1671201573640681 -90.3125 -67.5 4.994641445355648 21
0004 0000 1 1671201573641630 -9.75 -61.0 1.41126232485479 21
0004 0008 1 1671201573644224 32.5 -64.5 2.313243028131547 21
0004 0015 1 1671201573645539 -19.5 -63.0 3.393165502803038 21
0004 0008 2 1671201573675779 -22.75 -68.5 1.8530487917658545 21
0004 0001 2 1671201573676969 -76.4375 -63.0 3.810408277107933 21
0004 0015 2 1671201573678129 52.0625 -65.5 1.7855536370988863 21
0004 0005 2 1671201573679562 -71.5625 -60.5 0.03681553890925539 21
0004 0007 2 1671201573681041 104.125 -63.5 3.5711072741977725 21
0004 0011 2 1671201573682495 24.375 -61.0 1.141281706186917 21
0004 0010 2 1671201573683701 39.0 -69.0 5.473243451175968 21
0004 0001 3 1671201573717494 45.5625 -63.0 1.380582709097077 21
0004 0011 3 1671201573719545 55.3125 -61.0 2.4911847995262812 21
0004 0015 3 1671201573725583 61.8125 -70.0 1.1596894756415448 21
0004 0008 3 1671201573726548 -227.8125 -67.0 2.6139032625571326 21
0004 0006 3 1671201573730864 -231.0625 -72.5 1.8653206380689396 21
0004 0008 4 1671201573756385 9.75 -65.0 2.9943304979527716 21
0004 0001 4 1671201573757572 21.125 -60.5 0.6565437772150544 21
0004 0009 4 1671201573759612 -16.25 -59.5 3.730641276137879 21
0004 0010 4 1671201573760603 -16.25 -62.5 2.313243028131547 21
0004 0005 4 1671201573762304 -22.75 -65.5 0.2270291566070749 21
0004 0011 4 1671201573763268 -68.3125 -65.5 1.7978254834019713 21
0004 0007 4 1671201573765470 162.75 -71.0 2.773437264497239 21
0004 0011 5 1671201573788841 41.5 -69.5 4.804427827657828 21
0004 0009 5 1671201573789804 48.8125 -61.0 6.2463697682703305 21
0004 0004 5 1671201573791034 -45.5625 -62.5 2.442097414313941 21
0004 0005 5 1671201573792569 107.375 -69.5 6.086835766330224 21
0004 0008 5 1671201573794534 39.0 -65.5 5.853670686571607 21
0004 0007 5 1671201573795485 32.5 -67.5 2.552544031041707 21
0004 0015 5 1671201573797010 6.5 -70.5 5.117359908386499 21
0004 0015 6 1671201573825871 91.125 -67.0 0.20248546400090464 21
0004 0001 6 1671201573827853 -13.8125 -65.0 2.3009711818284617 21
0004 0004 6 1671201573828774 19.5 -67.5 4.945554060143307 21
0004 0011 6 1671201573830684 21.125 -64.5 6.068427996875596 21
0004 0010 6 1671201573831674 13.0 -60.0 1.748738098189631 21
0004 0006 6 1671201573833262 149.6875 -72.0 0.09817477042468103 21
0004 0009 6 1671201573834196 74.8125 -66.5 0.9878836273983529 21
0004 0000 6 1671201573835233 -55.3125 -70.0 6.234097921967246 21
0004 0007 6 1671201573836830 81.375 -65.5 0.7179030087304801 21
0004 0014 6 1671201573837806 35.75 -73.0 5.264622064023521 21
0004 0005 6 1671201573838713 -97.625 -69.0 4.479223900626073 21
0004 0009 7 1671201573866684 22.75 -62.5 3.2765829629237295 21
0004 0011 7 1671201573867959 76.4375 -65.0 1.1658253987930873 21
0004 0005 7 1671201573870802 -52.0625 -60.0 3.5833791205008576 21
0004 0007 7 1671201573871791 -6.5 -61.0 0.2270291566070749 21
0004 0010 8 1671201573906166 39.0 -70.5 0.9265243958829272 21
0004 0007 8 1671201573907956 35.75 -69.0 1.1167380135807468 21
0004 0001 8 1671201573909425 7.3125 -62.0 2.043262409463674 21
0004 0008 8 1671201573911520 74.8125 -65.0 6.037748381117884 21
0004 0011 8 1671201573913906 -34.9375 -59.5 3.7429131224409646 21
0004 0015 1 1671201574126897 13.0 -63.0 3.313398501832985 21
0004 0009 1 1671201574128654 3.25 -62.5 0.11044661672776616 21
0004 0008 1 1671201574129974 91.125 -64.0 2.2089323345553233 21
0004 0011 1 1671201574130935 30.875 -60.5 3.3011266555298997 21
0004 0000 1 1671201574131913 -6.5 -61.5 1.2701360923693108 21
0004 0001 1 1671201574134133 -45.5625 -67.5 4.816699673960914 21
0004 0005 1 1671201574135068 13.0 -65.0 4.577398671050753 21
0004 0007 2 1671201574166145 -52.0625 -63.5 3.8288160465625602 21
0004 0005 2 1671201574168438 0.0 -61.0 6.264777537724958 21
0004 0011 2 1671201574169745 38.1875 -61.0 1.1351457830353744 21
0004 0001 2 1671201574170675 24.375 -63.0 3.663146121470911 21
0004 0015 2 1671201574171890 16.25 -65.5 2.2212041808584084 21
0004 0010 2 1671201574174327 -6.5 -70.5 5.45483568172134 21
0004 0008 2 1671201574177514 -61.8125 -70.5 1.9205439464328227 21
0004 0008 3 1671201574206155 35.75 -68.0 1.8162332528565992 21
0004 0011 3 1671201574208450 27.625 -61.0 2.5280003384355365 21
0004 0001 3 1671201574212225 -3.25 -62.5 1.5462526341887264 21
0004 0005 4 1671201574235818 -19.5 -65.5 0.1227184630308513 21
0004 0008 4 1671201574237505 -84.625 -66.0 3.074097498922825 21
0004 0001 4 1671201574238437 38.1875 -61.0 0.607456392002714 21
0004 0009 4 1671201574240080 -13.0 -60.0 3.693825737228624 21
0004 0011 4 1671201574240999 38.1875 -66.5 1.6751070203711202 21
0004 0010 4 1671201574241961 3.25 -62.5 2.184388641949153 21
0004 0007 4 1671201574243125 97.625 -70.5 2.767301341345697 21
0004 0009 5 1671201574275994 -35.75 -62.0 0.09203884727313846 21
0004 0011 5 1671201574277691 -152.9375 -69.0 5.270757987175063 21
0004 0007 5 1671201574279529 65.0625 -68.0 2.5586799541932495 21
0004 0004 5 1671201574280464 29.25 -63.0 2.350058567040802 21
0004 0005 5 1671201574281416 296.1875 -69.5 6.025476534814799 21
0004 0008 5 1671201574282633 61.8125 -66.5 5.853670686571607 21
0004 0015 5 1671201574290046 97.625 -71.0 4.871922982324796 21
0004 0001 6 1671201574316074 45.5625 -65.0 2.227340104009951 21
0004 0004 6 1671201574317504 6.5 -67.0 4.896466674930966 21
0004 0007 6 1671201574318926 81.375 -65.0 0.6994952392758523 21
0004 0015 6 1671201574320398 -26.0 -67.0 0.5706408530934585 21
0004 0006 6 1671201574321364 -42.3125 -72.0 0.34974761963792617 21
0004 0005 6 1671201574322585 -26.0 -68.0 4.417864669110647 21
0004 0011 6 1671201574323548 87.0625 -64.0 6.025476534814799 21
0004 0010 6 1671201574324479 19.5 -60.0 1.6751070203711202 21
0004 0009 6 1671201574326632 0.0 -67.5 1.2701360923693108 21
0004 0000 6 1671201574327588 -65.0625 -71.0 6.111379458936394 21
0004 0014 6 1671201574328819 19.5 -73.0 5.313709449235861 21
0004 0007 7 1671201574357487 -45.5625 -61.0 0.2454369260617026 21
0004 0005 7 1671201574358423 -26.0 -61.5 3.54042765844006 21
0004 0009 7 1671201574361097 -55.3125 -62.0 3.472932503773092 21
0004 0011 7 1671201574362400 34.9375 -65.5 1.2640001692177683 21
0004 0008 8 1671201574395763 3.25 -65.5 6.1850105367549055 21
0004 0001 8 1671201574397762 38.1875 -62.5 1.9512235621905356 21
0004 0011 8 1671201574399518 -52.0625 -59.0 3.8410878928656453 21
0004 0007 8 1671201574400723 68.3125 -70.0 1.214912784005428 21
0004 0010 8 1671201574403171 100.875 -70.0 0.6320000846088841 21
