0004 0015 1 1671091207025925 32.5 -65.0 2.8102528034064944 2
0004 0005 1 1671091207027696 39.0 -61.0 2.5402721847386216 2
0004 0007 1 1671091207028635 -81.375 -65.5 0.7117670855789375 2
0004 0014 1 1671091207031130 6.5 -58.5 5.252350217720435 2
0004 0008 1 1671091207032278 -3.25 -59.5 1.1658253987930873 2
0004 0006 1 1671091207033514 19.5 -69.5 2.172116795646068 2
0004 0001 1 1671091207041727 3.25 -72.5 2.2886993355253766 2
0004 0015 2 1671091207065897 -9.75 -64.5 1.9573594853420782 2
0004 0006 2 1671091207067984 71.5625 -60.5 5.098952138931871 2
0004 0000 2 1671091207068921 250.625 -70.5 2.386874105950058 2
0004 0014 2 1671091207069925 13.0 -68.0 2.466641106920111 2
0004 0007 2 1671091207071683 39.0 -62.0 5.957981380147831 2
0004 0005 3 1671091207097467 74.8125 -70.0 2.3623304133438876 2
0004 0006 3 1671091207099015 -224.5625 -68.0 3.822680123411018 2
0004 0015 3 1671091207101138 6.5 -69.0 6.270913460876501 2
0004 0007 4 1671091207126350 6.5 -61.5 2.0064468705544187 2
0004 0015 4 1671091207127270 41.5 -67.5 1.8285050991596843 2
0004 0006 4 1671091207130337 -45.5625 -65.0 4.558990901596125 2
0004 0006 5 1671091207157190 -16.25 -59.0 4.7307967498393175 2
0004 0007 6 1671091207187195 -32.5 -70.5 4.0558452031696355 2
0004 0004 6 1671091207188664 -9.75 -62.0 2.9943304979527716 2
0004 0006 6 1671091207191162 -22.75 -69.5 4.97623367590102 2
0004 0004 7 1671091207215847 -29.25 -67.0 5.786175531904639 2
0004 0014 7 1671091207217490 13.0 -61.0 0.4479223900626072 2
0004 0008 7 1671091207218469 100.875 -69.5 3.2704470397721868 2
0004 0007 7 1671091207220370 -65.0625 -69.5 4.01902966426038 2
0004 0006 7 1671091207221575 29.25 -62.5 2.8838838812250054 2
0004 0008 8 1671091207247219 3.25 -60.5 3.736777199289422 2
0004 0007 8 1671091207248681 -16.25 -66.5 0.07976700097005335 2
0004 0004 8 1671091207250083 16.25 -58.0 4.663301595172349 2
0004 0014 8 1671091207251006 -55.3125 -66.0 3.6570101983193686 2
0004 0005 8 1671091207252040 3.25 -67.5 1.2026409377023426 2
0004 0006 8 1671091207252978 -58.5625 -68.0 5.209398755659637 2
0004 0010 8 1671091207260658 133.4375 -74.0 0.34974761963792617 2
0004 0007 1 1671091207477416 -9.75 -65.0 0.6933593161243098 2
0004 0001 1 1671091207478349 24.375 -73.0 2.6323110320117604 2
0004 0014 1 1671091207479746 -22.75 -58.5 5.325981295538946 2
0004 0008 1 1671091207480665 -3.25 -59.0 1.227184630308513 2
0004 0005 1 1671091207481631 26.0 -60.5 2.509592568980909 2
0004 0015 1 1671091207483231 55.3125 -64.5 2.816388726558037 2
0004 0006 1 1671091207484549 -16.25 -70.0 2.3930100291016 2
0004 0015 2 1671091207505852 -29.25 -64.0 1.945087639038993 2
0004 0014 2 1671091207516997 81.375 -68.5 2.411417798556228 2
0004 0006 2 1671091207517946 6.5 -60.0 5.221670601962723 2
0004 0000 2 1671091207518895 9.75 -70.0 2.9697868053466014 2
0004 0007 2 1671091207520599 -26.0 -62.0 6.037748381117884 2
0004 0015 3 1671091207556591 55.3125 -69.0 6.019340611663256 2
0004 0006 3 1671091207559500 22.75 -67.0 3.442252888015379 2
0004 0005 3 1671091207560495 -26.0 -70.5 2.4727770300716534 2
0004 0015 4 1671091207588126 6.5 -66.5 1.8775924843720249 2
0004 0006 4 1671091207589460 13.0 -65.0 4.509903516383785 2
0004 0007 4 1671091207590366 9.75 -61.5 1.9696313316451632 2
0004 0001 4 1671091207593338 24.375 -75.5 3.933126740138784 2
0004 0006 5 1671091207618312 9.75 -59.0 4.693981210930062 2
0004 0004 6 1671091207647142 -3.25 -62.0 3.018874190558942 2
0004 0007 6 1671091207648891 -136.6875 -71.0 4.086524818927348 2
0004 0006 6 1671091207650052 -74.8125 -69.0 4.963961829597935 2
0004 0004 7 1671091207676323 -149.6875 -66.5 5.890486225480862 2
0004 0006 7 1671091207678123 13.0 -62.0 2.9145634969827183 2
0004 0014 7 1671091207679656 -16.25 -61.5 0.4908738521234052 2
0004 0007 7 1671091207684070 29.25 -69.5 3.902447124381071 2
0004 0008 7 1671091207685937 -13.0 -67.5 3.4054373491061236 2
0004 0008 8 1671091207706121 6.5 -60.5 3.706097583531709 2
0004 0014 8 1671091207708477 -19.5 -65.5 3.650874275167826 2
0004 0004 8 1671091207709740 -16.25 -58.5 4.71238898038469 2
0004 0007 8 1671091207710679 32.5 -66.5 0.02454369260617026 2
0004 0006 8 1671091207711614 -3.25 -68.0 5.252350217720435 2
0004 0005 8 1671091207714606 -45.5625 -68.0 1.2701360923693108 2
0004 0010 8 1671091207716164 166.0 -75.5 0.2945243112740431 2
0004 0006 1 1671091207925797 -91.125 -70.5 2.2334760271614935 2
0004 0015 1 1671091207926970 74.8125 -64.5 2.773437264497239 2
0004 0007 1 1671091207927963 87.875 -65.0 0.5031456984264903 2
0004 0005 1 1671091207930173 16.25 -60.5 2.5464081078901644 2
0004 0014 1 1671091207931344 0.0 -58.5 5.289165756629691 2
0004 0008 1 1671091207932816 -13.0 -59.5 1.1965050145508 2
0004 0015 2 1671091207966424 26.0 -64.0 1.8653206380689396 2
0004 0006 2 1671091207967957 29.25 -60.0 5.129631754689584 2
0004 0014 2 1671091207968903 3.25 -68.0 2.4727770300716534 2
0004 0000 2 1671091207970569 9.75 -68.5 2.9391071895888885 2
0004 0007 2 1671091207971718 -13.0 -62.5 6.050020227420969 2
0004 0006 3 1671091207997260 -91.125 -69.0 3.5772431973493153 2
0004 0005 3 1671091208002486 13.0 -68.5 2.466641106920111 2
0004 0015 3 1671091208003692 -211.5625 -69.5 0.11044661672776616 2
0004 0006 4 1671091208026096 -3.25 -65.0 4.509903516383785 2
0004 0007 4 1671091208027867 -13.0 -61.5 2.030990563160589 2
0004 0015 4 1671091208031053 16.25 -67.5 1.8653206380689396 2
0004 0006 5 1671091208056827 -6.5 -59.0 4.73693267299086 2
0004 0006 6 1671091208087693 -58.5625 -68.5 5.062136600022616 2
0004 0004 6 1671091208089277 6.5 -62.0 2.988194574801229 2
0004 0007 6 1671091208090259 -152.9375 -71.5 4.0128937411088375 2
0004 0004 7 1671091208115828 -55.3125 -67.0 5.706408530934585 2
0004 0006 7 1671091208116761 -6.5 -62.0 2.9697868053466014 2
0004 0014 7 1671091208118206 3.25 -61.0 0.46019423636569234 2
0004 0007 7 1671091208119171 13.0 -68.0 3.9208548938356986 2
0004 0008 7 1671091208120886 22.75 -68.5 3.356349963893783 2
0004 0004 8 1671091208156551 -22.75 -58.0 4.675573441475434 2
0004 0005 8 1671091208157502 26.0 -67.0 1.1535535524900022 2
0004 0006 8 1671091208158408 -19.5 -68.5 5.252350217720435 2
0004 0007 8 1671091208159403 -52.0625 -67.0 0.1595340019401067 2
0004 0008 8 1671091208161789 -6.5 -60.5 3.7122335066832517 2
0004 0010 8 1671091208163915 58.5625 -73.5 0.8160777791551611 2
0004 0014 8 1671091208164977 -9.75 -65.5 3.706097583531709 2
0004 0005 1 1671091208386811 13.0 -60.5 2.5586799541932495 2
0004 0008 1 1671091208389881 -19.5 -59.0 1.1965050145508 2
0004 0014 1 1671091208390873 3.25 -58.5 5.264622064023521 2
0004 0007 1 1671091208391866 9.75 -65.0 0.619728238305799 2
0004 0006 1 1671091208394448 214.8125 -70.0 1.8223691760081417 2
0004 0015 1 1671091208395618 35.75 -65.0 2.8777479580734626 2
0004 0001 1 1671091208398483 104.125 -72.5 2.2641556429192065 2
0004 0007 2 1671091208426186 16.25 -62.0 6.074563920027139 2
0004 0014 2 1671091208428078 244.125 -68.5 2.0493983326152168 2
0004 0006 2 1671091208429040 -22.75 -60.0 5.184855063053467 2
0004 0015 2 1671091208430244 -100.875 -64.5 2.0923497946760143 2
0004 0000 2 1671091208431704 65.0625 -68.5 2.767301341345697 2
0004 0006 3 1671091208468609 32.5 -68.5 3.6263305825616556 2
0004 0005 3 1671091208469518 32.5 -70.0 2.411417798556228 2
0004 0015 3 1671091208472205 13.0 -69.0 6.19728238305799 2
0004 0015 4 1671091208496390 -39.0 -67.0 1.9880391010997909 2
0004 0007 4 1671091208500809 22.75 -61.5 1.9757672547967058 2
0004 0006 4 1671091208501762 -42.3125 -65.0 4.571262747899211 2
0004 0006 5 1671091208528586 -26.0 -59.0 4.7860200582032 2
0004 0004 6 1671091208555799 9.75 -62.5 2.9820586516496865 2
0004 0006 6 1671091208558100 -71.5625 -69.5 4.988505522204105 2
0004 0007 6 1671091208559888 -94.375 -71.5 4.049709280018092 2
0004 0004 7 1671091208586635 19.5 -67.0 5.608233760509904 2
0004 0007 7 1671091208589022 -113.875 -68.5 4.104932588381976 2
0004 0008 7 1671091208589924 -9.75 -68.5 3.32567034813607 2
0004 0006 7 1671091208592574 52.0625 -62.5 2.9268353432858034 2
0004 0014 7 1671091208593502 0.0 -60.5 0.46019423636569234 2
0004 0007 8 1671091208615845 42.3125 -66.5 0.07976700097005335 2
0004 0008 8 1671091208617085 55.3125 -60.5 3.5895150436524004 2
0004 0004 8 1671091208619377 3.25 -58.5 4.626486056263094 2
0004 0006 8 1671091208620556 58.5625 -68.5 5.184855063053467 2
0004 0005 8 1671091208622004 -100.875 -67.5 1.325359400733194 2
0004 0010 8 1671091208622923 -26.0 -73.5 1.0062913968529805 2
0004 0014 8 1671091208623917 -52.0625 -65.5 3.7122335066832517 2
0004 0007 1 1671091208846246 19.5 -65.5 0.5583690067903734 2
0004 0006 1 1671091208847156 -65.0625 -69.5 2.3193789512830896 2
0004 0014 1 1671091208848104 29.25 -58.5 5.240078371417351 2
0004 0015 1 1671091208850738 -26.0 -64.5 2.9084275738311756 2
0004 0005 1 1671091208854260 22.75 -60.5 2.5341362615870793 2
0004 0008 1 1671091208855799 0.0 -59.0 1.1719613219446299 2
0004 0001 1 1671091208860000 163.5625 -72.5 2.3009711818284617 2
0004 0014 2 1671091208886820 156.1875 -68.5 2.3009711818284617 2
0004 0007 2 1671091208888423 -42.3125 -62.5 6.12365130523948 2
0004 0015 2 1671091208890031 0.0 -64.5 1.9082721001297376 2
0004 0006 2 1671091208891225 16.25 -59.5 5.252350217720435 2
0004 0000 2 1671091208903289 234.3125 -69.0 2.5954954931025047 2
0004 0006 3 1671091208942196 133.4375 -67.0 3.454524734318464 2
0004 0005 3 1671091208943245 -87.875 -69.0 2.36846633649543 2
0004 0015 3 1671091208944420 -231.0625 -68.5 0.1902136176978195 2
0004 0006 4 1671091208966844 -3.25 -65.0 4.577398671050753 2
0004 0001 4 1671091208968391 -225.375 -75.5 3.9944859716542096 2
0004 0015 4 1671091208969321 9.75 -67.5 1.8223691760081417 2
0004 0007 4 1671091208970471 39.0 -61.0 1.9512235621905356 2
0004 0006 5 1671091208998041 -22.75 -59.5 4.798291904506286 2
0004 0007 6 1671091209025845 -91.125 -71.5 3.9822141253511245 2
0004 0006 6 1671091209026751 -13.0 -69.0 5.006913291658733 2
0004 0004 6 1671091209028437 -26.0 -62.5 3.0495538063166547 2
0004 0007 7 1671091209056181 55.3125 -67.5 3.8717675086233583 2
0004 0004 7 1671091209057570 -100.875 -67.0 5.798447378207723 2
0004 0014 7 1671091209060491 9.75 -61.5 0.4663301595172349 2
0004 0006 7 1671091209061458 -48.8125 -62.5 3.0802334220743677 2
0004 0008 7 1671091209063303 113.875 -67.5 3.2090878082567613 2
0004 0014 8 1671091209086850 6.5 -66.0 3.6386024288647407 2
0004 0007 8 1671091209087845 84.625 -66.5 0.0 2
0004 0006 8 1671091209088767 -84.625 -68.0 5.350524988145116 2
0004 0004 8 1671091209089684 3.25 -58.0 4.608078286808466 2
0004 0008 8 1671091209090676 -19.5 -59.5 3.6263305825616556 2
0004 0005 8 1671091209092347 -22.75 -67.0 1.0615147052168636 2
0004 0010 8 1671091209095156 58.5625 -73.5 1.0369710126106935 2
0004 0000 8 1671091209100127 -257.125 -75.5 4.933282213840222 2
0004 0015 1 1671091209315769 74.8125 -65.0 2.7979809571034093 2
0004 0007 1 1671091209317456 26.0 -66.0 0.4970097752749477 2
0004 0008 1 1671091209318431 -6.5 -59.0 1.1351457830353744 2
0004 0006 1 1671091209319384 55.3125 -69.5 2.2886993355253766 2
0004 0005 1 1671091209320392 -22.75 -61.0 2.6139032625571326 2
0004 0001 1 1671091209321581 -131.8125 -73.5 2.718213956133356 2
0004 0014 1 1671091209322769 -29.25 -59.0 5.295301679781233 2
0004 0000 2 1671091209357164 -29.25 -69.5 3.067961575771282 2
0004 0007 2 1671091209358384 48.8125 -62.0 5.939573610693203 2
0004 0006 2 1671091209359546 -48.8125 -59.5 5.258486140871978 2
0004 0014 2 1671091209360482 42.3125 -68.5 2.6016314162540475 2
0004 0015 2 1671091209362346 45.5625 -64.5 1.8407769454627694 2
0004 0015 3 1671091209387275 -65.0625 -69.5 0.030679615757712823 2
0004 0006 3 1671091209388694 -126.9375 -68.5 3.7429131224409646 2
0004 0005 3 1671091209389587 -143.1875 -69.0 2.411417798556228 2
0004 0015 4 1671091209423103 97.625 -68.0 1.7241944055834606 2
0004 0006 4 1671091209424209 19.5 -65.0 4.534447208989955 2
0004 0007 4 1671091209426517 -6.5 -61.0 1.9819031779482483 2
0004 0001 4 1671091209427494 24.375 -75.5 3.877903431774901 2
0004 0006 5 1671091209459204 9.75 -59.0 4.767612288748572 2
0004 0006 6 1671091209487157 55.3125 -69.5 4.878058905476339 2
0004 0007 6 1671091209488949 -32.5 -71.0 3.9269908169872414 2
0004 0004 6 1671091209489897 -26.0 -62.0 3.018874190558942 2
0004 0014 7 1671091209515856 45.5625 -61.0 0.4111068511533518 2
0004 0004 7 1671091209517045 6.5 -67.0 5.626641529964532 2
0004 0008 7 1671091209517954 -52.0625 -67.5 3.4606606574700063 2
0004 0006 7 1671091209520321 74.8125 -62.0 2.8532042654672924 2
0004 0007 7 1671091209521570 71.5625 -69.5 3.877903431774901 2
0004 0006 8 1671091209556150 -6.5 -67.5 5.209398755659637 2
0004 0014 8 1671091209557965 3.25 -65.5 3.650874275167826 2
0004 0008 8 1671091209561644 -91.125 -60.0 3.816544200259475 2
0004 0004 8 1671091209562703 3.25 -58.5 4.626486056263094 2
0004 0010 8 1671091209563908 -26.0 -74.0 1.0369710126106935 2
0004 0007 8 1671091209566715 16.25 -66.5 0.07976700097005335 2
0004 0005 8 1671091209567665 32.5 -66.5 1.1044661672776617 2
0004 0005 1 1671091209786078 42.3125 -60.5 2.5341362615870793 2
0004 0006 1 1671091209787808 -107.375 -68.5 2.411417798556228 2
0004 0014 1 1671091209789195 -19.5 -58.5 5.289165756629691 2
0004 0008 1 1671091209790371 29.25 -59.5 1.1290098598838318 2
0004 0007 1 1671091209791320 13.0 -65.0 0.662679700366597 2
0004 0001 1 1671091209792270 -208.3125 -72.5 2.736621725587984 2
0004 0015 1 1671091209793542 81.375 -65.0 2.730485802436441 2
0004 0014 2 1671091209816669 -58.5625 -68.5 2.705942109830271 2
0004 0015 2 1671091209817944 -61.8125 -64.0 2.043262409463674 2
0004 0006 2 1671091209821779 -6.5 -60.0 5.190990986205009 2
0004 0007 2 1671091209823892 -52.0625 -62.0 6.092971689481767 2
0004 0000 2 1671091209830629 -100.875 -70.0 2.9268353432858034 2
0004 0005 3 1671091209857417 139.9375 -69.5 2.313243028131547 2
0004 0015 3 1671091209859448 81.375 -69.0 5.957981380147831 2
0004 0006 3 1671091209860668 -61.8125 -68.5 3.6815538909255388 2
0004 0015 4 1671091209885840 -6.5 -67.5 1.8775924843720249 2
0004 0006 4 1671091209888166 -22.75 -65.0 4.571262747899211 2
0004 0001 4 1671091209889721 -187.125 -74.5 4.215379205109742 2
0004 0007 4 1671091209890640 45.5625 -61.5 1.945087639038993 2
0004 0006 5 1671091209916191 -22.75 -59.0 4.767612288748572 2
0004 0006 6 1671091209945772 -19.5 -69.0 4.908738521234052 2
0004 0007 6 1671091209947475 84.625 -71.5 3.7551849687440497 2
0004 0004 6 1671091209949232 -9.75 -62.0 2.9943304979527716 2
0004 0004 7 1671091209976141 -6.5 -67.5 5.66959299202533 2
0004 0014 7 1671091209978212 -9.75 -61.0 0.4724660826687775 2
0004 0006 7 1671091209979149 19.5 -62.5 2.859340188618835 2
0004 0007 7 1671091209981715 3.25 -69.0 4.031301510563465 2
0004 0008 7 1671091209982665 13.8125 -70.0 3.1968159619536762 2
0004 0004 8 1671091210007770 -9.75 -58.0 4.6878452877785195 2
0004 0008 8 1671091210009316 -32.5 -60.5 3.7429131224409646 2
0004 0005 8 1671091210010264 -9.75 -67.5 1.2455923997631406 2
0004 0014 8 1671091210011435 0.0 -65.5 3.6876898140770815 2
0004 0006 8 1671091210012998 -3.25 -68.0 5.240078371417351 2
0004 0010 8 1671091210014147 -107.375 -74.5 0.8344855486097889 2
0004 0007 8 1671091210015109 -13.0 -66.5 0.1349903093339364 2
0004 0007 1 1671091210226966 -39.0 -65.5 0.6994952392758523 2
0004 0006 1 1671091210228046 -107.375 -68.5 2.2948352586769194 2
0004 0014 1 1671091210229247 -3.25 -58.5 5.252350217720435 2
0004 0008 1 1671091210230183 35.75 -59.5 1.1596894756415448 2
0004 0015 1 1671091210231372 35.75 -65.5 2.8102528034064944 2
0004 0005 1 1671091210232592 42.3125 -60.5 2.5157284921324514 2
0004 0001 1 1671091210245997 -135.0625 -74.0 2.730485802436441 2
0004 0015 2 1671091210277247 71.5625 -64.0 1.7732817907958012 2
0004 0007 2 1671091210278746 13.0 -61.5 6.056156150572511 2
0004 0006 2 1671091210279668 32.5 -60.0 5.21553467881118 2
0004 0014 2 1671091210280590 214.8125 -68.0 2.356194490192345 2
0004 0000 2 1671091210281537 -123.6875 -68.5 2.7979809571034093 2
0004 0005 3 1671091210306182 -244.125 -68.5 2.6445828783148455 2
0004 0006 3 1671091210307630 -113.875 -68.0 3.650874275167826 2
0004 0015 3 1671091210309104 -52.0625 -69.5 6.264777537724958 2
0004 0007 4 1671091210336086 -6.5 -61.5 1.9819031779482483 2
0004 0015 4 1671091210338565 22.75 -67.0 1.8223691760081417 2
0004 0006 4 1671091210339882 -32.5 -65.0 4.516039439535327 2
0004 0001 4 1671091210342540 -41.5 -75.0 3.8288160465625602 2
0004 0006 5 1671091210365848 -35.75 -59.0 4.743068596142402 2
0004 0006 6 1671091210396364 -29.25 -69.0 4.902602598082509 2
0004 0007 6 1671091210398180 55.3125 -71.5 3.8288160465625602 2
0004 0004 6 1671091210399653 19.5 -62.0 2.9329712664373457 2
0004 0007 7 1671091210427192 -130.1875 -68.0 4.295146206079795 2
0004 0004 7 1671091210428142 61.8125 -67.0 5.626641529964532 2
0004 0014 7 1671091210429288 9.75 -61.5 0.44178646691106466 2
0004 0006 7 1671091210430482 52.0625 -62.0 2.890019804376548 2
0004 0014 8 1671091210456149 35.75 -66.0 3.6017868899554855 2
0004 0005 8 1671091210458848 -26.0 -67.5 1.214912784005428 2
0004 0004 8 1671091210460591 -35.75 -58.0 4.700117134081604 2
0004 0008 8 1671091210461496 19.5 -61.0 3.6876898140770815 2
0004 0006 8 1671091210462644 -26.0 -68.5 5.307573526084319 2
0004 0007 8 1671091210463877 6.5 -66.5 0.04295146206079795 2
0004 0010 8 1671091210465720 -3.25 -76.0 0.8160777791551611 2
0004 0008 1 1671091210676189 32.5 -59.5 1.1658253987930873 2
0004 0015 1 1671091210677989 58.5625 -65.0 2.773437264497239 2
0004 0005 1 1671091210678924 -13.0 -60.5 2.6445828783148455 2
0004 0007 1 1671091210680353 -3.25 -65.5 0.6504078540635119 2
0004 0014 1 1671091210681319 -68.3125 -58.5 5.3627968344482015 2
0004 0001 1 1671091210683699 -71.5625 -73.0 2.4727770300716534 2
0004 0006 1 1671091210684650 -87.875 -69.5 2.509592568980909 2
0004 0006 2 1671091210716929 -16.25 -60.5 5.21553467881118 2
0004 0007 2 1671091210718541 -29.25 -62.0 6.0991076126333095 2
0004 0015 2 1671091210721447 -3.25 -64.0 1.9205439464328227 2
0004 0000 2 1671091210725908 -68.3125 -68.5 2.9268353432858034 2
0004 0014 2 1671091210727739 -113.875 -68.5 2.84706834231575 2
0004 0015 3 1671091210760045 214.8125 -68.0 5.755495916146925 2
0004 0005 3 1671091210761235 159.5 -69.0 2.2027964114037806 2
0004 0006 3 1671091210762607 26.0 -67.5 3.454524734318464 2
0004 0007 4 1671091210788580 16.25 -61.5 1.945087639038993 2
0004 0006 4 1671091210789516 -6.5 -64.5 4.534447208989955 2
0004 0015 4 1671091210790481 29.25 -68.0 1.8775924843720249 2
0004 0006 5 1671091210816150 19.5 -59.5 4.6878452877785195 2
0004 0004 6 1671091210847768 -45.5625 -62.0 3.0127382674073995 2
0004 0006 6 1671091210848761 29.25 -68.5 4.896466674930966 2
0004 0007 6 1671091210849669 -123.6875 -72.0 4.031301510563465 2
0004 0004 7 1671091210876347 -104.125 -67.0 5.792311455056181 2
0004 0014 7 1671091210877864 -35.75 -61.0 0.5276893910326605 2
0004 0006 7 1671091210880171 -9.75 -63.0 2.9329712664373457 2
0004 0008 7 1671091210884608 -68.3125 -68.5 3.368621810196868 2
0004 0007 7 1671091210885530 39.0 -68.5 3.749049045592507 2
0004 0006 8 1671091210905880 0.0 -67.5 5.240078371417351 2
0004 0008 8 1671091210907085 -19.5 -60.5 3.730641276137879 2
0004 0014 8 1671091210908048 -9.75 -65.5 3.730641276137879 2
0004 0010 8 1671091210909284 -52.0625 -74.0 0.7179030087304801 2
0004 0007 8 1671091210910277 68.3125 -66.5 6.258641614573416 2
0004 0004 8 1671091210911975 -42.3125 -58.5 4.700117134081604 2
0004 0005 8 1671091210913647 -22.75 -67.5 1.3314953238847365 2
0004 0014 1 1671091211126687 -48.8125 -59.0 5.338253141842031 2
0004 0008 1 1671091211127620 16.25 -59.5 1.1535535524900022 2
0004 0005 1 1671091211128557 39.0 -60.5 2.5402721847386216 2
0004 0015 1 1671091211132258 -68.3125 -65.0 2.945243112740431 2
0004 0006 1 1671091211133672 -283.1875 -69.0 2.724349879284899 2
0004 0007 1 1671091211134791 -22.75 -65.0 0.662679700366597 2
0004 0001 1 1671091211135738 -55.3125 -73.0 2.767301341345697 2
0004 0014 2 1671091211168067 -3.25 -68.5 2.564815877344792 2
0004 0015 2 1671091211169628 113.875 -64.0 1.6935147898257479 2
0004 0006 2 1671091211170575 -6.5 -59.5 5.178719139901925 2
0004 0007 2 1671091211171979 -123.6875 -62.5 6.062292073724054 2
0004 0000 2 1671091211172896 19.5 -68.0 2.7979809571034093 2
0004 0006 3 1671091211197909 45.5625 -68.0 3.522019888985432 2
0004 0015 3 1671091211199712 -201.8125 -69.0 0.04908738521234052 2
0004 0005 3 1671091211200648 126.9375 -68.5 2.2518837966161214 2
0004 0001 4 1671091211228035 -125.3125 -73.5 3.9147189706841563 2
0004 0015 4 1671091211229321 3.25 -69.0 1.9082721001297376 2
0004 0006 4 1671091211230530 -45.5625 -65.5 4.608078286808466 2
0004 0007 4 1671091211231451 -19.5 -61.5 2.012582793705961 2
0004 0006 5 1671091211259182 45.5625 -59.0 4.681709364626977 2
0004 0007 6 1671091211286572 -123.6875 -71.0 4.049709280018092 2
0004 0004 6 1671091211289151 35.75 -62.0 2.8961557275280905 2
0004 0006 6 1671091211291363 -55.3125 -69.0 4.908738521234052 2
0004 0007 7 1671091211322978 65.0625 -69.0 3.9944859716542096 2
0004 0014 7 1671091211324436 -94.375 -61.0 0.6504078540635119 2
0004 0008 7 1671091211325867 55.3125 -69.0 3.3747577333484107 2
0004 0004 7 1671091211327541 -120.4375 -67.0 5.872078456026235 2
0004 0006 7 1671091211329212 -19.5 -62.5 2.9391071895888885 2
0004 0005 8 1671091211357596 22.75 -67.5 1.1658253987930873 2
0004 0008 8 1671091211358587 9.75 -60.5 3.6324665057131984 2
0004 0004 8 1671091211360973 0.0 -58.5 4.6448938257177215 2
0004 0006 8 1671091211362181 -61.8125 -67.5 5.3198453723874035 2
0004 0014 8 1671091211363457 -91.125 -65.5 3.761320891895592 2
0004 0007 8 1671091211364365 -13.0 -66.5 0.11658253987930872 2
0004 0010 8 1671091211371414 16.25 -74.0 0.9510680884890975 2
0004 0005 1 1671091211586696 81.375 -60.5 2.448233337465483 2
0004 0008 1 1671091211588270 45.5625 -59.0 1.086058397823034 2
0004 0015 1 1671091211589814 35.75 -65.0 2.82252464970958 2
0004 0007 1 1671091211590807 29.25 -65.0 0.521553467881118 2
0004 0014 1 1671091211592024 -3.25 -58.5 5.252350217720435 2
0004 0006 1 1671091211593403 -32.5 -69.0 2.36846633649543 2
0004 0014 2 1671091211625884 19.5 -67.5 2.5709518004963345 2
0004 0015 2 1671091211626802 -13.0 -64.5 1.902136176978195 2
0004 0007 2 1671091211629324 -9.75 -61.5 5.982525072754001 2
0004 0006 2 1671091211631071 3.25 -60.0 5.190990986205009 2
0004 0000 2 1671091211632290 113.875 -69.5 2.7979809571034093 2
0004 0006 3 1671091211666105 -29.25 -67.5 3.6140587362585705 2
0004 0005 3 1671091211668288 -312.4375 -69.5 2.7979809571034093 2
0004 0015 3 1671091211671418 91.125 -67.5 5.988660995905543 2
0004 0007 4 1671091211697462 52.0625 -61.5 1.9573594853420782 2
0004 0006 4 1671091211699008 -13.0 -65.0 4.565126824747668 2
0004 0001 4 1671091211699970 -166.8125 -75.0 4.178563666200486 2
0004 0015 4 1671091211700916 93.5625 -68.0 1.705786636128833 2
0004 0006 5 1671091211728612 9.75 -59.5 4.718524903536232 2
0004 0004 6 1671091211757232 6.5 -62.0 2.9329712664373457 2
0004 0006 6 1671091211758398 61.8125 -70.0 4.902602598082509 2
0004 0007 6 1671091211760926 133.4375 -71.0 3.749049045592507 2
0004 0004 7 1671091211787970 61.8125 -67.0 5.5284667595398505 2
0004 0007 7 1671091211789015 0.0 -68.5 3.9515345095934116 2
0004 0014 7 1671091211793225 19.5 -61.5 0.42337869745643697 2
0004 0006 7 1671091211794163 29.25 -62.5 2.945243112740431 2
0004 0008 7 1671091211795253 -71.5625 -68.5 3.448388811166921 2
0004 0008 8 1671091211816185 13.0 -60.0 3.6447383520162835 2
0004 0014 8 1671091211817989 -87.875 -65.5 3.7981364308048478 2
0004 0004 8 1671091211819200 0.0 -58.5 4.638757902566179 2
0004 0005 8 1671091211820114 117.125 -67.5 1.0185632431560658 2
0004 0006 8 1671091211821305 48.8125 -68.0 5.184855063053467 2
0004 0007 8 1671091211822285 -42.3125 -67.0 0.1227184630308513 2
0004 0010 8 1671091211828122 29.25 -74.0 0.9142525495798421 2
